,PERIODO,CODIGO_ENTIDAD,NOMBRE_ENTIDAD,CUENTA,NOMBRE_CUENTA,CUENTA_NIVEL_01,CUENTA_NIVEL_02,CUENTA_NIVEL_03,CUENTA_NIVEL_04,CUENTA_NIVEL_05,CUENTA_NIVEL_06,CUENTA_NIVEL_07,CUENTA_NIVEL_08,CUENTA_NIVEL_09,CUENTA_NIVEL_10,VIGENCIA_DEL_GASTO,SECCION_PRESUPUESTAL,PROGRAMATICO_MGA,BPIN,SECTOR,APROPIACION_INICIAL,APROPIACION_DEFINITIVA,VIGENCIA,TRIMESTRE,PRESUPUESTO_DEFINITIVO,PRESUPUESTO_INICIAL,TOTAL_RECAUDO,CPC,FUENTES_FINANCIACION,APLICA_DESTINACION_ESPECIFICA,TIPO_NORMA_DESTINACION,TIPO_NORMA,NUMERO_NORMA,TERCERO,POLITICA_PUBLICA,DETALLE_SECTORIAL,RECAUDO_VAC_SS,RECAUDO_VAC_CS,RECAUDO_VAN_SS,RECAUDO_VAN_CS,SITUACION_DE_FONDOS,TERCEROS,SECTORIAL,COMPROMISOS,OBLIGACIONES,PAGOS
1606,20221201,218552585,Pupiales,2.1.1.01.02.002,APORTES A LA SEGURIDAD SOCIAL EN SALUD,GASTOS,FUNCIONAMIENTO,GASTOS DE PERSONAL,PLANTA DE PERSONAL PERMANENTE,CONTRIBUCIONES INHERENTES A LA NOMINA,APORTES A LA SEGURIDAD SOCIAL EN SALUD,No Aplica,No Aplica,No Aplica,No Aplica,VIGENCIA ACTUAL,ENTIDADES TERRITORIALES - ADMINISTRACION CENTRAL,NO APLICA,0,NO DEFINIDO,62000000.0,63313521.0,2022,Cuarto Trimestre,,,,,,,,,,,,,,,,,,,,,,
5690,20230601,218552585,Pupiales,2.2.2.01,PRINCIPAL,GASTOS,SERVICIO DE LA DEUDA PUBLICA,SERVICIO DE LA DEUDA PUBLICA INTERNA,PRINCIPAL,No Aplica,No Aplica,No Aplica,No Aplica,No Aplica,No Aplica,VIGENCIA ACTUAL,ENTIDADES TERRITORIALES - ADMINISTRACION CENTRAL,NO DEFINIDO,,NO DEFINIDO,379197251.0,379197251.0,2023,Segundo Trimestre,,,,,,,,,,,,,,,,,,,,,,
9001,20210601,218552585,Pupiales,2.2.2.02.02.002.02.03,BANCA COMERCIAL,GASTOS,SERVICIO DE LA DEUDA PUBLICA,SERVICIO DE LA DEUDA PUBLICA INTERNA,INTERESES,PRESTAMOS,ENTIDADES FINANCIERAS,BANCA COMERCIAL,BANCA COMERCIAL,No Aplica,No Aplica,VIGENCIA ACTUAL,ENTIDADES TERRITORIALES - ADMINISTRACION CENTRAL,NO APLICA,0,NO DEFINIDO,38344686.0,38344686.0,2021,Segundo Trimestre,,,,,,,,,,,,,,,,,,,,,,
15378,20220301,218552585,Pupiales,2.2.2.01.02.002.02.03,BANCA COMERCIAL,GASTOS,SERVICIO DE LA DEUDA PUBLICA,SERVICIO DE LA DEUDA PUBLICA INTERNA,PRINCIPAL,PRESTAMOS,ENTIDADES FINANCIERAS,BANCA COMERCIAL,BANCA COMERCIAL,No Aplica,No Aplica,VIGENCIA ACTUAL,ENTIDADES TERRITORIALES - ADMINISTRACION CENTRAL,NO APLICA,0,NO DEFINIDO,520000100.0,520000100.0,2022,Primer Trimestre,,,,,,,,,,,,,,,,,,,,,,
34153,20210901,218552585,Pupiales,2.1.3.04,A ORGANIZACIONES NACIONALES,GASTOS,FUNCIONAMIENTO,TRANSFERENCIAS CORRIENTES,A ORGANIZACIONES NACIONALES,No Aplica,No Aplica,No Aplica,No Aplica,No Aplica,No Aplica,VIGENCIA ACTUAL,ENTIDADES TERRITORIALES - ADMINISTRACION CENTRAL,NO DEFINIDO,,NO DEFINIDO,1000.0,1000.0,2021,Tercer Trimestre,,,,,,,,,,,,,,,,,,,,,,
39467,20220601,218552585,Pupiales,2.1.1.01.01.001.10,VIATICOS DE LOS FUNCIONARIOS EN COMISION,GASTOS,FUNCIONAMIENTO,GASTOS DE PERSONAL,PLANTA DE PERSONAL PERMANENTE,FACTORES CONSTITUTIVOS DE SALARIO,FACTORES SALARIALES COMUNES,VIATICOS DE LOS FUNCIONARIOS EN COMISION,No Aplica,No Aplica,No Aplica,VIGENCIA ACTUAL,ENTIDADES TERRITORIALES - ADMINISTRACION CENTRAL,NO APLICA,0,NO DEFINIDO,10000000.0,8626849.0,2022,Segundo Trimestre,,,,,,,,,,,,,,,,,,,,,,
41981,20220601,218552585,Pupiales,2.1.1.01.01.001.08,PRESTACIONES SOCIALES,GASTOS,FUNCIONAMIENTO,GASTOS DE PERSONAL,PLANTA DE PERSONAL PERMANENTE,FACTORES CONSTITUTIVOS DE SALARIO,FACTORES SALARIALES COMUNES,PRESTACIONES SOCIALES,No Aplica,No Aplica,No Aplica,VIGENCIA ACTUAL,ENTIDADES TERRITORIALES - ADMINISTRACION CENTRAL,NO DEFINIDO,,NO DEFINIDO,57800000.0,38800000.0,2022,Segundo Trimestre,,,,,,,,,,,,,,,,,,,,,,
42653,20211201,218552585,Pupiales,2.1.1.01.02.002,APORTES A LA SEGURIDAD SOCIAL EN SALUD,GASTOS,FUNCIONAMIENTO,GASTOS DE PERSONAL,PLANTA DE PERSONAL PERMANENTE,CONTRIBUCIONES INHERENTES A LA NOMINA,APORTES A LA SEGURIDAD SOCIAL EN SALUD,No Aplica,No Aplica,No Aplica,No Aplica,VIGENCIA ACTUAL,ENTIDADES TERRITORIALES - ADMINISTRACION CENTRAL,NO APLICA,0,NO DEFINIDO,51293051.0,56669069.0,2021,Cuarto Trimestre,,,,,,,,,,,,,,,,,,,,,,
42868,20220901,218552585,Pupiales,2.1.1,GASTOS DE PERSONAL,GASTOS,FUNCIONAMIENTO,GASTOS DE PERSONAL,No Aplica,No Aplica,No Aplica,No Aplica,No Aplica,No Aplica,No Aplica,VIGENCIA ACTUAL,ENTIDADES TERRITORIALES - CONCEJO,NO DEFINIDO,,NO DEFINIDO,268089210.0,273577650.0,2022,Tercer Trimestre,,,,,,,,,,,,,,,,,,,,,,
46234,20210601,218552585,Pupiales,2.1.2.01.01.003,MAQUINARIA Y EQUIPO,GASTOS,FUNCIONAMIENTO,ADQUISICION DE BIENES Y SERVICIOS,ADQUISICION DE ACTIVOS NO FINANCIEROS,ACTIVOS FIJOS,MAQUINARIA Y EQUIPO,No Aplica,No Aplica,No Aplica,No Aplica,VIGENCIA ACTUAL,ENTIDADES TERRITORIALES - ADMINISTRACION CENTRAL,NO DEFINIDO,,NO DEFINIDO,25500000.0,23222392.0,2021,Segundo Trimestre,,,,,,,,,,,,,,,,,,,,,,
47886,20210301,218552585,Pupiales,2.1.1.01.01.001.01,SUELDO BASICO,GASTOS,FUNCIONAMIENTO,GASTOS DE PERSONAL,PLANTA DE PERSONAL PERMANENTE,FACTORES CONSTITUTIVOS DE SALARIO,FACTORES SALARIALES COMUNES,SUELDO BASICO,No Aplica,No Aplica,No Aplica,VIGENCIA ACTUAL,ENTIDADES TERRITORIALES - PERSONERIA,NO APLICA,0,NO DEFINIDO,131670450.0,131670450.0,2021,Primer Trimestre,,,,,,,,,,,,,,,,,,,,,,
48939,20220901,218552585,Pupiales,2.1.3.13.01,FALLOS NACIONALES,GASTOS,FUNCIONAMIENTO,TRANSFERENCIAS CORRIENTES,SENTENCIAS Y CONCILIACIONES,FALLOS NACIONALES,No Aplica,No Aplica,No Aplica,No Aplica,No Aplica,VIGENCIA ACTUAL,ENTIDADES TERRITORIALES - ADMINISTRACION CENTRAL,NO DEFINIDO,,NO DEFINIDO,0.0,14000000.0,2022,Tercer Trimestre,,,,,,,,,,,,,,,,,,,,,,
49064,20210601,218552585,Pupiales,2.1.2.01.01,ACTIVOS FIJOS,GASTOS,FUNCIONAMIENTO,ADQUISICION DE BIENES Y SERVICIOS,ADQUISICION DE ACTIVOS NO FINANCIEROS,ACTIVOS FIJOS,No Aplica,No Aplica,No Aplica,No Aplica,No Aplica,VIGENCIA ACTUAL,ENTIDADES TERRITORIALES - ADMINISTRACION CENTRAL,NO DEFINIDO,,NO DEFINIDO,40000000.0,23722392.0,2021,Segundo Trimestre,,,,,,,,,,,,,,,,,,,,,,
49972,20210901,218552585,Pupiales,2.1.1,GASTOS DE PERSONAL,GASTOS,FUNCIONAMIENTO,GASTOS DE PERSONAL,No Aplica,No Aplica,No Aplica,No Aplica,No Aplica,No Aplica,No Aplica,VIGENCIA ACTUAL,ENTIDADES TERRITORIALES - ADMINISTRACION CENTRAL,NO DEFINIDO,,NO DEFINIDO,900899093.0,839025093.0,2021,Tercer Trimestre,,,,,,,,,,,,,,,,,,,,,,
52331,20220601,218552585,Pupiales,2.1.1.01.01.001.08.02,PRIMA DE VACACIONES,GASTOS,FUNCIONAMIENTO,GASTOS DE PERSONAL,PLANTA DE PERSONAL PERMANENTE,FACTORES CONSTITUTIVOS DE SALARIO,FACTORES SALARIALES COMUNES,PRESTACIONES SOCIALES,PRIMA DE VACACIONES,No Aplica,No Aplica,VIGENCIA ACTUAL,ENTIDADES TERRITORIALES - ADMINISTRACION CENTRAL,NO APLICA,0,NO DEFINIDO,19500000.0,19500000.0,2022,Segundo Trimestre,,,,,,,,,,,,,,,,,,,,,,
54500,20220901,218552585,Pupiales,2.1,FUNCIONAMIENTO,GASTOS,FUNCIONAMIENTO,No Aplica,No Aplica,No Aplica,No Aplica,No Aplica,No Aplica,No Aplica,No Aplica,VIGENCIA ACTUAL,ENTIDADES TERRITORIALES - ADMINISTRACION CENTRAL,NO DEFINIDO,,NO DEFINIDO,1722239832.0,1947423475.0,2022,Tercer Trimestre,,,,,,,,,,,,,,,,,,,,,,
56999,20230301,218552585,Pupiales,2.1.1.01.02.002,APORTES A LA SEGURIDAD SOCIAL EN SALUD,GASTOS,FUNCIONAMIENTO,GASTOS DE PERSONAL,PLANTA DE PERSONAL PERMANENTE,CONTRIBUCIONES INHERENTES A LA NOMINA,APORTES A LA SEGURIDAD SOCIAL EN SALUD,No Aplica,No Aplica,No Aplica,No Aplica,VIGENCIA ACTUAL,ENTIDADES TERRITORIALES - ADMINISTRACION CENTRAL,NO APLICA,0,NO DEFINIDO,49000000.0,49000000.0,2023,Primer Trimestre,,,,,,,,,,,,,,,,,,,,,,
57183,20211201,218552585,Pupiales,2.1.1.01.03.004,BONIFICACION DE GESTION TERRITORIAL PARA ALCALDES,GASTOS,FUNCIONAMIENTO,GASTOS DE PERSONAL,PLANTA DE PERSONAL PERMANENTE,REMUNERACIONES NO CONSTITUTIVAS DE FACTOR SALARIAL,BONIFICACION DE GESTION TERRITORIAL PARA ALCALDES,No Aplica,No Aplica,No Aplica,No Aplica,VIGENCIA ACTUAL,ENTIDADES TERRITORIALES - ADMINISTRACION CENTRAL,NO APLICA,0,NO DEFINIDO,6768151.0,6559303.0,2021,Cuarto Trimestre,,,,,,,,,,,,,,,,,,,,,,
57651,20230601,218552585,Pupiales,2.2.2.01.02.002.02.03,BANCA COMERCIAL,GASTOS,SERVICIO DE LA DEUDA PUBLICA,SERVICIO DE LA DEUDA PUBLICA INTERNA,PRINCIPAL,PRESTAMOS,ENTIDADES FINANCIERAS,BANCA COMERCIAL,BANCA COMERCIAL,No Aplica,No Aplica,VIGENCIA ACTUAL,ENTIDADES TERRITORIALES - ADMINISTRACION CENTRAL,NO APLICA,0,NO DEFINIDO,379197251.0,379197251.0,2023,Segundo Trimestre,,,,,,,,,,,,,,,,,,,,,,
58463,20230601,218552585,Pupiales,2.1.2.02.02.006,"COMERCIO Y DISTRIBUCION; ALOJAMIENTO; SERVICIOS DE SUMINISTRO DE COMIDAS Y BEBIDAS; SERVICIOS DE TRANSPORTE; Y SERVICIOS DE DISTRIBUCION DE ELECTRICIDAD, GAS Y AGUA",GASTOS,FUNCIONAMIENTO,ADQUISICION DE BIENES Y SERVICIOS,ADQUISICIONES DIFERENTES DE ACTIVOS,ADQUISICION DE SERVICIOS,"COMERCIO Y DISTRIBUCION; ALOJAMIENTO; SERVICIOS DE SUMINISTRO DE COMIDAS Y BEBIDAS; SERVICIOS DE TRANSPORTE; Y SERVICIOS DE DISTRIBUCION DE ELECTRICIDAD, GAS Y AGUA",No Aplica,No Aplica,No Aplica,No Aplica,VIGENCIA ACTUAL,ENTIDADES TERRITORIALES - CONCEJO,NO APLICA,0,NO DEFINIDO,10000000.0,10000000.0,2023,Segundo Trimestre,,,,,,,,,,,,,,,,,,,,,,
59375,20220901,218552585,Pupiales,2.1.2.02.02,ADQUISICION DE SERVICIOS,GASTOS,FUNCIONAMIENTO,ADQUISICION DE BIENES Y SERVICIOS,ADQUISICIONES DIFERENTES DE ACTIVOS,ADQUISICION DE SERVICIOS,No Aplica,No Aplica,No Aplica,No Aplica,No Aplica,VIGENCIA ACTUAL,ENTIDADES TERRITORIALES - ADMINISTRACION CENTRAL,NO DEFINIDO,,NO DEFINIDO,595364916.0,692788645.0,2022,Tercer Trimestre,,,,,,,,,,,,,,,,,,,,,,
61273,20221201,218552585,Pupiales,2.2.2.02.02,PRESTAMOS,GASTOS,SERVICIO DE LA DEUDA PUBLICA,SERVICIO DE LA DEUDA PUBLICA INTERNA,INTERESES,PRESTAMOS,No Aplica,No Aplica,No Aplica,No Aplica,No Aplica,VIGENCIA ACTUAL,ENTIDADES TERRITORIALES - ADMINISTRACION CENTRAL,NO DEFINIDO,,NO DEFINIDO,96000000.0,125229824.0,2022,Cuarto Trimestre,,,,,,,,,,,,,,,,,,,,,,
64947,20221201,218552585,Pupiales,2.2.2.02.02.002.02.03,BANCA COMERCIAL,GASTOS,SERVICIO DE LA DEUDA PUBLICA,SERVICIO DE LA DEUDA PUBLICA INTERNA,INTERESES,PRESTAMOS,ENTIDADES FINANCIERAS,BANCA COMERCIAL,BANCA COMERCIAL,No Aplica,No Aplica,VIGENCIA ACTUAL,ENTIDADES TERRITORIALES - ADMINISTRACION CENTRAL,NO APLICA,0,NO DEFINIDO,96000000.0,125229824.0,2022,Cuarto Trimestre,,,,,,,,,,,,,,,,,,,,,,
66644,20230601,218552585,Pupiales,2.1.1.01.01.001.08.02,PRIMA DE VACACIONES,GASTOS,FUNCIONAMIENTO,GASTOS DE PERSONAL,PLANTA DE PERSONAL PERMANENTE,FACTORES CONSTITUTIVOS DE SALARIO,FACTORES SALARIALES COMUNES,PRESTACIONES SOCIALES,PRIMA DE VACACIONES,No Aplica,No Aplica,VIGENCIA ACTUAL,ENTIDADES TERRITORIALES - ADMINISTRACION CENTRAL,NO APLICA,0,NO DEFINIDO,20000000.0,27000000.0,2023,Segundo Trimestre,,,,,,,,,,,,,,,,,,,,,,
70024,20220601,218552585,Pupiales,2.1.2.02.02,ADQUISICION DE SERVICIOS,GASTOS,FUNCIONAMIENTO,ADQUISICION DE BIENES Y SERVICIOS,ADQUISICIONES DIFERENTES DE ACTIVOS,ADQUISICION DE SERVICIOS,No Aplica,No Aplica,No Aplica,No Aplica,No Aplica,VIGENCIA ACTUAL,ENTIDADES TERRITORIALES - ADMINISTRACION CENTRAL,NO DEFINIDO,,NO DEFINIDO,595364916.0,654436916.0,2022,Segundo Trimestre,,,,,,,,,,,,,,,,,,,,,,
71890,20211201,218552585,Pupiales,2.1.3.05.04,PARTICIPACIONES DISTINTAS DEL SGP,GASTOS,FUNCIONAMIENTO,TRANSFERENCIAS CORRIENTES,A ENTIDADES DEL GOBIERNO,PARTICIPACIONES DISTINTAS DEL SGP,No Aplica,No Aplica,No Aplica,No Aplica,No Aplica,VIGENCIA ACTUAL,ENTIDADES TERRITORIALES - ADMINISTRACION CENTRAL,NO DEFINIDO,,NO DEFINIDO,45000000.0,80012976.0,2021,Cuarto Trimestre,,,,,,,,,,,,,,,,,,,,,,
75488,20220901,218552585,Pupiales,2.1,FUNCIONAMIENTO,GASTOS,FUNCIONAMIENTO,No Aplica,No Aplica,No Aplica,No Aplica,No Aplica,No Aplica,No Aplica,No Aplica,VIGENCIA ACTUAL,ENTIDADES TERRITORIALES - CONCEJO,NO DEFINIDO,,NO DEFINIDO,268089210.0,273577650.0,2022,Tercer Trimestre,,,,,,,,,,,,,,,,,,,,,,
79149,20230601,218552585,Pupiales,2.1.3.14,APORTES AL FONPET,GASTOS,FUNCIONAMIENTO,TRANSFERENCIAS CORRIENTES,APORTES AL FONPET,No Aplica,No Aplica,No Aplica,No Aplica,No Aplica,No Aplica,VIGENCIA ACTUAL,ENTIDADES TERRITORIALES - ADMINISTRACION CENTRAL,NO DEFINIDO,,NO DEFINIDO,0.0,197028084.0,2023,Segundo Trimestre,,,,,,,,,,,,,,,,,,,,,,
80569,20220901,218552585,Pupiales,2.1.1.01.01.001,FACTORES SALARIALES COMUNES,GASTOS,FUNCIONAMIENTO,GASTOS DE PERSONAL,PLANTA DE PERSONAL PERMANENTE,FACTORES CONSTITUTIVOS DE SALARIO,FACTORES SALARIALES COMUNES,No Aplica,No Aplica,No Aplica,No Aplica,VIGENCIA ACTUAL,ENTIDADES TERRITORIALES - PERSONERIA,NO DEFINIDO,,NO DEFINIDO,136278900.0,150000000.0,2022,Tercer Trimestre,,,,,,,,,,,,,,,,,,,,,,
83693,20221201,218552585,Pupiales,2.1.3.14,APORTES AL FONPET,GASTOS,FUNCIONAMIENTO,TRANSFERENCIAS CORRIENTES,APORTES AL FONPET,No Aplica,No Aplica,No Aplica,No Aplica,No Aplica,No Aplica,VIGENCIA ACTUAL,ENTIDADES TERRITORIALES - ADMINISTRACION CENTRAL,NO DEFINIDO,,NO DEFINIDO,109245366.0,135334345.0,2022,Cuarto Trimestre,,,,,,,,,,,,,,,,,,,,,,
87808,20220901,218552585,Pupiales,2.1.1.01.02,CONTRIBUCIONES INHERENTES A LA NOMINA,GASTOS,FUNCIONAMIENTO,GASTOS DE PERSONAL,PLANTA DE PERSONAL PERMANENTE,CONTRIBUCIONES INHERENTES A LA NOMINA,No Aplica,No Aplica,No Aplica,No Aplica,No Aplica,VIGENCIA ACTUAL,ENTIDADES TERRITORIALES - ADMINISTRACION CENTRAL,NO DEFINIDO,,NO DEFINIDO,283228550.0,283228550.0,2022,Tercer Trimestre,,,,,,,,,,,,,,,,,,,,,,
88573,20221201,218552585,Pupiales,2.1.2.01.01.003,MAQUINARIA Y EQUIPO,GASTOS,FUNCIONAMIENTO,ADQUISICION DE BIENES Y SERVICIOS,ADQUISICION DE ACTIVOS NO FINANCIEROS,ACTIVOS FIJOS,MAQUINARIA Y EQUIPO,No Aplica,No Aplica,No Aplica,No Aplica,VIGENCIA ACTUAL,ENTIDADES TERRITORIALES - ADMINISTRACION CENTRAL,NO DEFINIDO,,NO DEFINIDO,15000000.0,0.0,2022,Cuarto Trimestre,,,,,,,,,,,,,,,,,,,,,,
91958,20221201,218552585,Pupiales,2.1.1.01.01.001.07,BONIFICACION POR SERVICIOS PRESTADOS,GASTOS,FUNCIONAMIENTO,GASTOS DE PERSONAL,PLANTA DE PERSONAL PERMANENTE,FACTORES CONSTITUTIVOS DE SALARIO,FACTORES SALARIALES COMUNES,BONIFICACION POR SERVICIOS PRESTADOS,No Aplica,No Aplica,No Aplica,VIGENCIA ACTUAL,ENTIDADES TERRITORIALES - ADMINISTRACION CENTRAL,NO APLICA,0,NO DEFINIDO,14000000.0,18396189.0,2022,Cuarto Trimestre,,,,,,,,,,,,,,,,,,,,,,
95445,20220301,218552585,Pupiales,2.2,SERVICIO DE LA DEUDA PUBLICA,GASTOS,SERVICIO DE LA DEUDA PUBLICA,No Aplica,No Aplica,No Aplica,No Aplica,No Aplica,No Aplica,No Aplica,No Aplica,VIGENCIA ACTUAL,ENTIDADES TERRITORIALES - ADMINISTRACION CENTRAL,NO DEFINIDO,,NO DEFINIDO,616000100.0,616000100.0,2022,Primer Trimestre,,,,,,,,,,,,,,,,,,,,,,
95617,20221201,218552585,Pupiales,2.1.1.01.01,FACTORES CONSTITUTIVOS DE SALARIO,GASTOS,FUNCIONAMIENTO,GASTOS DE PERSONAL,PLANTA DE PERSONAL PERMANENTE,FACTORES CONSTITUTIVOS DE SALARIO,No Aplica,No Aplica,No Aplica,No Aplica,No Aplica,VIGENCIA ACTUAL,ENTIDADES TERRITORIALES - CONCEJO,NO DEFINIDO,,NO DEFINIDO,54511560.0,60000000.0,2022,Cuarto Trimestre,,,,,,,,,,,,,,,,,,,,,,
98655,20211201,218552585,Pupiales,2.2.2.02,INTERESES,GASTOS,SERVICIO DE LA DEUDA PUBLICA,SERVICIO DE LA DEUDA PUBLICA INTERNA,INTERESES,No Aplica,No Aplica,No Aplica,No Aplica,No Aplica,No Aplica,VIGENCIA ACTUAL,ENTIDADES TERRITORIALES - ADMINISTRACION CENTRAL,NO DEFINIDO,,NO DEFINIDO,38344686.0,54738225.0,2021,Cuarto Trimestre,,,,,,,,,,,,,,,,,,,,,,
102295,20210301,218552585,Pupiales,2.2.2.01.02.002.02,BANCA COMERCIAL,GASTOS,SERVICIO DE LA DEUDA PUBLICA,SERVICIO DE LA DEUDA PUBLICA INTERNA,PRINCIPAL,PRESTAMOS,ENTIDADES FINANCIERAS,BANCA COMERCIAL,No Aplica,No Aplica,No Aplica,VIGENCIA ACTUAL,ENTIDADES TERRITORIALES - ADMINISTRACION CENTRAL,NO DEFINIDO,,NO DEFINIDO,123631944.0,123631944.0,2021,Primer Trimestre,,,,,,,,,,,,,,,,,,,,,,
103515,20211201,218552585,Pupiales,2.2.2.01.02.002.02.03,BANCA COMERCIAL,GASTOS,SERVICIO DE LA DEUDA PUBLICA,SERVICIO DE LA DEUDA PUBLICA INTERNA,PRINCIPAL,PRESTAMOS,ENTIDADES FINANCIERAS,BANCA COMERCIAL,BANCA COMERCIAL,No Aplica,No Aplica,VIGENCIA ACTUAL,ENTIDADES TERRITORIALES - ADMINISTRACION CENTRAL,NO APLICA,0,NO DEFINIDO,123631944.0,208474166.0,2021,Cuarto Trimestre,,,,,,,,,,,,,,,,,,,,,,
108255,20210901,218552585,Pupiales,2.1.1.01,PLANTA DE PERSONAL PERMANENTE,GASTOS,FUNCIONAMIENTO,GASTOS DE PERSONAL,PLANTA DE PERSONAL PERMANENTE,No Aplica,No Aplica,No Aplica,No Aplica,No Aplica,No Aplica,VIGENCIA ACTUAL,ENTIDADES TERRITORIALES - ADMINISTRACION CENTRAL,NO DEFINIDO,,NO DEFINIDO,900899093.0,839025093.0,2021,Tercer Trimestre,,,,,,,,,,,,,,,,,,,,,,
108528,20210901,218552585,Pupiales,2.1.2.02.02,ADQUISICION DE SERVICIOS,GASTOS,FUNCIONAMIENTO,ADQUISICION DE BIENES Y SERVICIOS,ADQUISICIONES DIFERENTES DE ACTIVOS,ADQUISICION DE SERVICIOS,No Aplica,No Aplica,No Aplica,No Aplica,No Aplica,VIGENCIA ACTUAL,ENTIDADES TERRITORIALES - ADMINISTRACION CENTRAL,NO DEFINIDO,,NO DEFINIDO,582608132.0,685631119.0,2021,Tercer Trimestre,,,,,,,,,,,,,,,,,,,,,,
111295,20210901,218552585,Pupiales,2.2,SERVICIO DE LA DEUDA PUBLICA,GASTOS,SERVICIO DE LA DEUDA PUBLICA,No Aplica,No Aplica,No Aplica,No Aplica,No Aplica,No Aplica,No Aplica,No Aplica,VIGENCIA ACTUAL,ENTIDADES TERRITORIALES - ADMINISTRACION CENTRAL,NO DEFINIDO,,NO DEFINIDO,161976630.0,161976630.0,2021,Tercer Trimestre,,,,,,,,,,,,,,,,,,,,,,
115563,20220301,218552585,Pupiales,2,GASTOS,GASTOS,No Aplica,No Aplica,No Aplica,No Aplica,No Aplica,No Aplica,No Aplica,No Aplica,No Aplica,VIGENCIA ACTUAL,ENTIDADES TERRITORIALES - PERSONERIA,NO DEFINIDO,,NO DEFINIDO,136278900.0,136278900.0,2022,Primer Trimestre,,,,,,,,,,,,,,,,,,,,,,
117260,20220901,218552585,Pupiales,2.1,FUNCIONAMIENTO,GASTOS,FUNCIONAMIENTO,No Aplica,No Aplica,No Aplica,No Aplica,No Aplica,No Aplica,No Aplica,No Aplica,VIGENCIA ACTUAL,ENTIDADES TERRITORIALES - PERSONERIA,NO DEFINIDO,,NO DEFINIDO,136278900.0,150000000.0,2022,Tercer Trimestre,,,,,,,,,,,,,,,,,,,,,,
119604,20230601,218552585,Pupiales,2.1.1.01.02,CONTRIBUCIONES INHERENTES A LA NOMINA,GASTOS,FUNCIONAMIENTO,GASTOS DE PERSONAL,PLANTA DE PERSONAL PERMANENTE,CONTRIBUCIONES INHERENTES A LA NOMINA,No Aplica,No Aplica,No Aplica,No Aplica,No Aplica,VIGENCIA ACTUAL,ENTIDADES TERRITORIALES - ADMINISTRACION CENTRAL,NO DEFINIDO,,NO DEFINIDO,205250000.0,267250000.0,2023,Segundo Trimestre,,,,,,,,,,,,,,,,,,,,,,
119685,20220901,218552585,Pupiales,2.1.2.02.01,MATERIALES Y SUMINISTROS,GASTOS,FUNCIONAMIENTO,ADQUISICION DE BIENES Y SERVICIOS,ADQUISICIONES DIFERENTES DE ACTIVOS,MATERIALES Y SUMINISTROS,No Aplica,No Aplica,No Aplica,No Aplica,No Aplica,VIGENCIA ACTUAL,ENTIDADES TERRITORIALES - ADMINISTRACION CENTRAL,NO DEFINIDO,,NO DEFINIDO,56000000.0,53928000.0,2022,Tercer Trimestre,,,,,,,,,,,,,,,,,,,,,,
120751,20220601,218552585,Pupiales,2.1.2.02.02.009,"SERVICIOS PARA LA COMUNIDAD, SOCIALES Y PERSONALES",GASTOS,FUNCIONAMIENTO,ADQUISICION DE BIENES Y SERVICIOS,ADQUISICIONES DIFERENTES DE ACTIVOS,ADQUISICION DE SERVICIOS,"SERVICIOS PARA LA COMUNIDAD, SOCIALES Y PERSONALES",No Aplica,No Aplica,No Aplica,No Aplica,VIGENCIA ACTUAL,ENTIDADES TERRITORIALES - ADMINISTRACION CENTRAL,NO APLICA,0,NO DEFINIDO,531000000.0,585319600.0,2022,Segundo Trimestre,,,,,,,,,,,,,,,,,,,,,,
123033,20210901,218552585,Pupiales,2.1.1.01.01,FACTORES CONSTITUTIVOS DE SALARIO,GASTOS,FUNCIONAMIENTO,GASTOS DE PERSONAL,PLANTA DE PERSONAL PERMANENTE,FACTORES CONSTITUTIVOS DE SALARIO,No Aplica,No Aplica,No Aplica,No Aplica,No Aplica,VIGENCIA ACTUAL,ENTIDADES TERRITORIALES - PERSONERIA,NO DEFINIDO,,NO DEFINIDO,131670450.0,131670450.0,2021,Tercer Trimestre,,,,,,,,,,,,,,,,,,,,,,
124558,20230601,218552585,Pupiales,2.1.1.01.01.001.01,SUELDO BASICO,GASTOS,FUNCIONAMIENTO,GASTOS DE PERSONAL,PLANTA DE PERSONAL PERMANENTE,FACTORES CONSTITUTIVOS DE SALARIO,FACTORES SALARIALES COMUNES,SUELDO BASICO,No Aplica,No Aplica,No Aplica,VIGENCIA ACTUAL,ENTIDADES TERRITORIALES - PERSONERIA,NO APLICA,0,NO DEFINIDO,165000000.0,165000000.0,2023,Segundo Trimestre,,,,,,,,,,,,,,,,,,,,,,
126557,20210901,218552585,Pupiales,2.1.2,ADQUISICION DE BIENES Y SERVICIOS,GASTOS,FUNCIONAMIENTO,ADQUISICION DE BIENES Y SERVICIOS,No Aplica,No Aplica,No Aplica,No Aplica,No Aplica,No Aplica,No Aplica,VIGENCIA ACTUAL,ENTIDADES TERRITORIALES - ADMINISTRACION CENTRAL,NO DEFINIDO,,NO DEFINIDO,648108132.0,751878511.0,2021,Tercer Trimestre,,,,,,,,,,,,,,,,,,,,,,
126675,20210901,218552585,Pupiales,2.1,FUNCIONAMIENTO,GASTOS,FUNCIONAMIENTO,No Aplica,No Aplica,No Aplica,No Aplica,No Aplica,No Aplica,No Aplica,No Aplica,VIGENCIA ACTUAL,ENTIDADES TERRITORIALES - CONCEJO,NO DEFINIDO,,NO DEFINIDO,249787522.0,249787522.0,2021,Tercer Trimestre,,,,,,,,,,,,,,,,,,,,,,
127387,20210901,218552585,Pupiales,2.2.2.01,PRINCIPAL,GASTOS,SERVICIO DE LA DEUDA PUBLICA,SERVICIO DE LA DEUDA PUBLICA INTERNA,PRINCIPAL,No Aplica,No Aplica,No Aplica,No Aplica,No Aplica,No Aplica,VIGENCIA ACTUAL,ENTIDADES TERRITORIALES - ADMINISTRACION CENTRAL,NO DEFINIDO,,NO DEFINIDO,123631944.0,123631944.0,2021,Tercer Trimestre,,,,,,,,,,,,,,,,,,,,,,
129944,20210901,218552585,Pupiales,2.2.2.02.02,PRESTAMOS,GASTOS,SERVICIO DE LA DEUDA PUBLICA,SERVICIO DE LA DEUDA PUBLICA INTERNA,INTERESES,PRESTAMOS,No Aplica,No Aplica,No Aplica,No Aplica,No Aplica,VIGENCIA ACTUAL,ENTIDADES TERRITORIALES - ADMINISTRACION CENTRAL,NO DEFINIDO,,NO DEFINIDO,38344686.0,38344686.0,2021,Tercer Trimestre,,,,,,,,,,,,,,,,,,,,,,
130271,20221201,218552585,Pupiales,2.1,FUNCIONAMIENTO,GASTOS,FUNCIONAMIENTO,No Aplica,No Aplica,No Aplica,No Aplica,No Aplica,No Aplica,No Aplica,No Aplica,VIGENCIA ACTUAL,ENTIDADES TERRITORIALES - PERSONERIA,NO DEFINIDO,,NO DEFINIDO,136278900.0,150000000.0,2022,Cuarto Trimestre,,,,,,,,,,,,,,,,,,,,,,
136545,20211201,218552585,Pupiales,2.1.1.01.01.001.06,PRIMA DE SERVICIO,GASTOS,FUNCIONAMIENTO,GASTOS DE PERSONAL,PLANTA DE PERSONAL PERMANENTE,FACTORES CONSTITUTIVOS DE SALARIO,FACTORES SALARIALES COMUNES,PRIMA DE SERVICIO,No Aplica,No Aplica,No Aplica,VIGENCIA ACTUAL,ENTIDADES TERRITORIALES - ADMINISTRACION CENTRAL,NO APLICA,0,NO DEFINIDO,31800000.0,21673510.0,2021,Cuarto Trimestre,,,,,,,,,,,,,,,,,,,,,,
141793,20230301,218552585,Pupiales,2.2.2.01,PRINCIPAL,GASTOS,SERVICIO DE LA DEUDA PUBLICA,SERVICIO DE LA DEUDA PUBLICA INTERNA,PRINCIPAL,No Aplica,No Aplica,No Aplica,No Aplica,No Aplica,No Aplica,VIGENCIA ACTUAL,ENTIDADES TERRITORIALES - ADMINISTRACION CENTRAL,NO DEFINIDO,,NO DEFINIDO,456000000.0,456000000.0,2023,Primer Trimestre,,,,,,,,,,,,,,,,,,,,,,
141852,20210601,218552585,Pupiales,2.1.1.01.02.008,APORTES A LA ESAP,GASTOS,FUNCIONAMIENTO,GASTOS DE PERSONAL,PLANTA DE PERSONAL PERMANENTE,CONTRIBUCIONES INHERENTES A LA NOMINA,APORTES A LA ESAP,No Aplica,No Aplica,No Aplica,No Aplica,VIGENCIA ACTUAL,ENTIDADES TERRITORIALES - ADMINISTRACION CENTRAL,NO APLICA,0,NO DEFINIDO,3581184.0,3581184.0,2021,Segundo Trimestre,,,,,,,,,,,,,,,,,,,,,,
142112,20230301,218552585,Pupiales,2.1.1.01.03.004,BONIFICACION DE GESTION TERRITORIAL PARA ALCALDES,GASTOS,FUNCIONAMIENTO,GASTOS DE PERSONAL,PLANTA DE PERSONAL PERMANENTE,REMUNERACIONES NO CONSTITUTIVAS DE FACTOR SALARIAL,BONIFICACION DE GESTION TERRITORIAL PARA ALCALDES,No Aplica,No Aplica,No Aplica,No Aplica,VIGENCIA ACTUAL,ENTIDADES TERRITORIALES - ADMINISTRACION CENTRAL,NO APLICA,0,NO DEFINIDO,7387285.0,7387285.0,2023,Primer Trimestre,,,,,,,,,,,,,,,,,,,,,,
142176,20221201,218552585,Pupiales,2.1.3.05.04.001.13,PARTICIPACION DE LA SOBRETASA AMBIENTAL,GASTOS,FUNCIONAMIENTO,TRANSFERENCIAS CORRIENTES,A ENTIDADES DEL GOBIERNO,PARTICIPACIONES DISTINTAS DEL SGP,PARTICIPACIONES DE IMPUESTOS,PARTICIPACION DE LA SOBRETASA AMBIENTAL,No Aplica,No Aplica,No Aplica,VIGENCIA ACTUAL,ENTIDADES TERRITORIALES - ADMINISTRACION CENTRAL,NO DEFINIDO,,NO DEFINIDO,45000000.0,65256049.0,2022,Cuarto Trimestre,,,,,,,,,,,,,,,,,,,,,,
144157,20221201,218552585,Pupiales,2,GASTOS,GASTOS,No Aplica,No Aplica,No Aplica,No Aplica,No Aplica,No Aplica,No Aplica,No Aplica,No Aplica,VIGENCIA ACTUAL,ENTIDADES TERRITORIALES - PERSONERIA,NO DEFINIDO,,NO DEFINIDO,136278900.0,150000000.0,2022,Cuarto Trimestre,,,,,,,,,,,,,,,,,,,,,,
145841,20221201,218552585,Pupiales,2.1.2,ADQUISICION DE BIENES Y SERVICIOS,GASTOS,FUNCIONAMIENTO,ADQUISICION DE BIENES Y SERVICIOS,No Aplica,No Aplica,No Aplica,No Aplica,No Aplica,No Aplica,No Aplica,VIGENCIA ACTUAL,ENTIDADES TERRITORIALES - ADMINISTRACION CENTRAL,NO DEFINIDO,,NO DEFINIDO,671364916.0,778791910.0,2022,Cuarto Trimestre,,,,,,,,,,,,,,,,,,,,,,
146116,20220601,218552585,Pupiales,2,GASTOS,GASTOS,No Aplica,No Aplica,No Aplica,No Aplica,No Aplica,No Aplica,No Aplica,No Aplica,No Aplica,VIGENCIA ACTUAL,ENTIDADES TERRITORIALES - CONCEJO,NO DEFINIDO,,NO DEFINIDO,268089210.0,273577650.0,2022,Segundo Trimestre,,,,,,,,,,,,,,,,,,,,,,
147535,20221201,218552585,Pupiales,2.1.1.01.02.005,APORTES GENERALES AL SISTEMA DE RIESGOS LABORALES,GASTOS,FUNCIONAMIENTO,GASTOS DE PERSONAL,PLANTA DE PERSONAL PERMANENTE,CONTRIBUCIONES INHERENTES A LA NOMINA,APORTES GENERALES AL SISTEMA DE RIESGOS LABORALES,No Aplica,No Aplica,No Aplica,No Aplica,VIGENCIA ACTUAL,ENTIDADES TERRITORIALES - ADMINISTRACION CENTRAL,NO APLICA,0,NO DEFINIDO,6650000.0,8067150.0,2022,Cuarto Trimestre,,,,,,,,,,,,,,,,,,,,,,
149738,20211201,218552585,Pupiales,2.1.1.01.01.001.08,PRESTACIONES SOCIALES,GASTOS,FUNCIONAMIENTO,GASTOS DE PERSONAL,PLANTA DE PERSONAL PERMANENTE,FACTORES CONSTITUTIVOS DE SALARIO,FACTORES SALARIALES COMUNES,PRESTACIONES SOCIALES,No Aplica,No Aplica,No Aplica,VIGENCIA ACTUAL,ENTIDADES TERRITORIALES - ADMINISTRACION CENTRAL,NO DEFINIDO,,NO DEFINIDO,75509512.0,74792413.0,2021,Cuarto Trimestre,,,,,,,,,,,,,,,,,,,,,,
154460,20211201,218552585,Pupiales,2.1.1.01.01.001,FACTORES SALARIALES COMUNES,GASTOS,FUNCIONAMIENTO,GASTOS DE PERSONAL,PLANTA DE PERSONAL PERMANENTE,FACTORES CONSTITUTIVOS DE SALARIO,FACTORES SALARIALES COMUNES,No Aplica,No Aplica,No Aplica,No Aplica,VIGENCIA ACTUAL,ENTIDADES TERRITORIALES - CONCEJO,NO DEFINIDO,,NO DEFINIDO,39598642.0,54511560.0,2021,Cuarto Trimestre,,,,,,,,,,,,,,,,,,,,,,
159164,20211201,218552585,Pupiales,2.1.3.14,APORTES AL FONPET,GASTOS,FUNCIONAMIENTO,TRANSFERENCIAS CORRIENTES,APORTES AL FONPET,No Aplica,No Aplica,No Aplica,No Aplica,No Aplica,No Aplica,VIGENCIA ACTUAL,ENTIDADES TERRITORIALES - ADMINISTRACION CENTRAL,NO DEFINIDO,,NO DEFINIDO,115729990.0,93251056.0,2021,Cuarto Trimestre,,,,,,,,,,,,,,,,,,,,,,
163616,20210601,218552585,Pupiales,2.1.1.01.02.007,APORTES AL SENA,GASTOS,FUNCIONAMIENTO,GASTOS DE PERSONAL,PLANTA DE PERSONAL PERMANENTE,CONTRIBUCIONES INHERENTES A LA NOMINA,APORTES AL SENA,No Aplica,No Aplica,No Aplica,No Aplica,VIGENCIA ACTUAL,ENTIDADES TERRITORIALES - ADMINISTRACION CENTRAL,NO APLICA,0,NO DEFINIDO,3581184.0,3081184.0,2021,Segundo Trimestre,,,,,,,,,,,,,,,,,,,,,,
165991,20230301,218552585,Pupiales,2.1.1.01.01.001.10,VIATICOS DE LOS FUNCIONARIOS EN COMISION,GASTOS,FUNCIONAMIENTO,GASTOS DE PERSONAL,PLANTA DE PERSONAL PERMANENTE,FACTORES CONSTITUTIVOS DE SALARIO,FACTORES SALARIALES COMUNES,VIATICOS DE LOS FUNCIONARIOS EN COMISION,No Aplica,No Aplica,No Aplica,VIGENCIA ACTUAL,ENTIDADES TERRITORIALES - ADMINISTRACION CENTRAL,NO APLICA,0,NO DEFINIDO,5000000.0,8000000.0,2023,Primer Trimestre,,,,,,,,,,,,,,,,,,,,,,
169522,20210301,218552585,Pupiales,2.1.1.01.03.001.01,VACACIONES,GASTOS,FUNCIONAMIENTO,GASTOS DE PERSONAL,PLANTA DE PERSONAL PERMANENTE,REMUNERACIONES NO CONSTITUTIVAS DE FACTOR SALARIAL,PRESTACIONES SOCIALES,VACACIONES,No Aplica,No Aplica,No Aplica,VIGENCIA ACTUAL,ENTIDADES TERRITORIALES - ADMINISTRACION CENTRAL,NO APLICA,0,NO DEFINIDO,13961722.0,13961722.0,2021,Primer Trimestre,,,,,,,,,,,,,,,,,,,,,,
172925,20220601,218552585,Pupiales,2.2.2.01,PRINCIPAL,GASTOS,SERVICIO DE LA DEUDA PUBLICA,SERVICIO DE LA DEUDA PUBLICA INTERNA,PRINCIPAL,No Aplica,No Aplica,No Aplica,No Aplica,No Aplica,No Aplica,VIGENCIA ACTUAL,ENTIDADES TERRITORIALES - ADMINISTRACION CENTRAL,NO DEFINIDO,,NO DEFINIDO,520000100.0,407000100.0,2022,Segundo Trimestre,,,,,,,,,,,,,,,,,,,,,,
173701,20210601,218552585,Pupiales,2.1.2.01.01.004,ACTIVOS FIJOS NO CLASIFICADOS COMO MAQUINARIA Y EQUIPO,GASTOS,FUNCIONAMIENTO,ADQUISICION DE BIENES Y SERVICIOS,ADQUISICION DE ACTIVOS NO FINANCIEROS,ACTIVOS FIJOS,ACTIVOS FIJOS NO CLASIFICADOS COMO MAQUINARIA Y EQUIPO,No Aplica,No Aplica,No Aplica,No Aplica,VIGENCIA ACTUAL,ENTIDADES TERRITORIALES - ADMINISTRACION CENTRAL,NO DEFINIDO,,NO DEFINIDO,14500000.0,500000.0,2021,Segundo Trimestre,,,,,,,,,,,,,,,,,,,,,,
173770,20220601,218552585,Pupiales,2.1.1.01.02.007,APORTES AL SENA,GASTOS,FUNCIONAMIENTO,GASTOS DE PERSONAL,PLANTA DE PERSONAL PERMANENTE,CONTRIBUCIONES INHERENTES A LA NOMINA,APORTES AL SENA,No Aplica,No Aplica,No Aplica,No Aplica,VIGENCIA ACTUAL,ENTIDADES TERRITORIALES - ADMINISTRACION CENTRAL,NO APLICA,0,NO DEFINIDO,2500000.0,2500000.0,2022,Segundo Trimestre,,,,,,,,,,,,,,,,,,,,,,
175409,20220301,218552585,Pupiales,2.1.3,TRANSFERENCIAS CORRIENTES,GASTOS,FUNCIONAMIENTO,TRANSFERENCIAS CORRIENTES,No Aplica,No Aplica,No Aplica,No Aplica,No Aplica,No Aplica,No Aplica,VIGENCIA ACTUAL,ENTIDADES TERRITORIALES - ADMINISTRACION CENTRAL,NO DEFINIDO,,NO DEFINIDO,1000.0,14001000.0,2022,Primer Trimestre,,,,,,,,,,,,,,,,,,,,,,
178597,20211201,218552585,Pupiales,2.2.2.02.02.002,ENTIDADES FINANCIERAS,GASTOS,SERVICIO DE LA DEUDA PUBLICA,SERVICIO DE LA DEUDA PUBLICA INTERNA,INTERESES,PRESTAMOS,ENTIDADES FINANCIERAS,No Aplica,No Aplica,No Aplica,No Aplica,VIGENCIA ACTUAL,ENTIDADES TERRITORIALES - ADMINISTRACION CENTRAL,NO DEFINIDO,,NO DEFINIDO,38344686.0,54738225.0,2021,Cuarto Trimestre,,,,,,,,,,,,,,,,,,,,,,
180425,20210601,218552585,Pupiales,2.1.1.01,PLANTA DE PERSONAL PERMANENTE,GASTOS,FUNCIONAMIENTO,GASTOS DE PERSONAL,PLANTA DE PERSONAL PERMANENTE,No Aplica,No Aplica,No Aplica,No Aplica,No Aplica,No Aplica,VIGENCIA ACTUAL,ENTIDADES TERRITORIALES - PERSONERIA,NO DEFINIDO,,NO DEFINIDO,131670450.0,131670450.0,2021,Segundo Trimestre,,,,,,,,,,,,,,,,,,,,,,
181994,20221201,218552585,Pupiales,2.1.3.05,A ENTIDADES DEL GOBIERNO,GASTOS,FUNCIONAMIENTO,TRANSFERENCIAS CORRIENTES,A ENTIDADES DEL GOBIERNO,No Aplica,No Aplica,No Aplica,No Aplica,No Aplica,No Aplica,VIGENCIA ACTUAL,ENTIDADES TERRITORIALES - ADMINISTRACION CENTRAL,NO DEFINIDO,,NO DEFINIDO,45000000.0,65256049.0,2022,Cuarto Trimestre,,,,,,,,,,,,,,,,,,,,,,
182478,20230301,218552585,Pupiales,2.2,SERVICIO DE LA DEUDA PUBLICA,GASTOS,SERVICIO DE LA DEUDA PUBLICA,No Aplica,No Aplica,No Aplica,No Aplica,No Aplica,No Aplica,No Aplica,No Aplica,VIGENCIA ACTUAL,ENTIDADES TERRITORIALES - ADMINISTRACION CENTRAL,NO DEFINIDO,,NO DEFINIDO,586000000.0,586000000.0,2023,Primer Trimestre,,,,,,,,,,,,,,,,,,,,,,
184023,20211201,218552585,Pupiales,2.1.1,GASTOS DE PERSONAL,GASTOS,FUNCIONAMIENTO,GASTOS DE PERSONAL,No Aplica,No Aplica,No Aplica,No Aplica,No Aplica,No Aplica,No Aplica,VIGENCIA ACTUAL,ENTIDADES TERRITORIALES - ADMINISTRACION CENTRAL,NO DEFINIDO,,NO DEFINIDO,900899093.0,924144168.0,2021,Cuarto Trimestre,,,,,,,,,,,,,,,,,,,,,,
191346,20230601,218552585,Pupiales,2.1.1,GASTOS DE PERSONAL,GASTOS,FUNCIONAMIENTO,GASTOS DE PERSONAL,No Aplica,No Aplica,No Aplica,No Aplica,No Aplica,No Aplica,No Aplica,VIGENCIA ACTUAL,ENTIDADES TERRITORIALES - CONCEJO,NO DEFINIDO,,NO DEFINIDO,206511000.0,206511000.0,2023,Segundo Trimestre,,,,,,,,,,,,,,,,,,,,,,
196003,20230301,218552585,Pupiales,2.1.2.02.02.010,VIATICOS DE LOS FUNCIONARIOS EN COMISION,GASTOS,FUNCIONAMIENTO,ADQUISICION DE BIENES Y SERVICIOS,ADQUISICIONES DIFERENTES DE ACTIVOS,ADQUISICION DE SERVICIOS,VIATICOS DE LOS FUNCIONARIOS EN COMISION,No Aplica,No Aplica,No Aplica,No Aplica,VIGENCIA ACTUAL,ENTIDADES TERRITORIALES - ADMINISTRACION CENTRAL,NO APLICA,0,NO DEFINIDO,3110900.0,3110900.0,2023,Primer Trimestre,,,,,,,,,,,,,,,,,,,,,,
196649,20210901,218552585,Pupiales,2.1.1.01.01.001.01,SUELDO BASICO,GASTOS,FUNCIONAMIENTO,GASTOS DE PERSONAL,PLANTA DE PERSONAL PERMANENTE,FACTORES CONSTITUTIVOS DE SALARIO,FACTORES SALARIALES COMUNES,SUELDO BASICO,No Aplica,No Aplica,No Aplica,VIGENCIA ACTUAL,ENTIDADES TERRITORIALES - ADMINISTRACION CENTRAL,NO APLICA,0,NO DEFINIDO,437620016.0,437620016.0,2021,Tercer Trimestre,,,,,,,,,,,,,,,,,,,,,,
197662,20210601,218552585,Pupiales,2.1.1.01.01.001,FACTORES SALARIALES COMUNES,GASTOS,FUNCIONAMIENTO,GASTOS DE PERSONAL,PLANTA DE PERSONAL PERMANENTE,FACTORES CONSTITUTIVOS DE SALARIO,FACTORES SALARIALES COMUNES,No Aplica,No Aplica,No Aplica,No Aplica,VIGENCIA ACTUAL,ENTIDADES TERRITORIALES - PERSONERIA,NO DEFINIDO,,NO DEFINIDO,131670450.0,131670450.0,2021,Segundo Trimestre,,,,,,,,,,,,,,,,,,,,,,
198080,20210301,218552585,Pupiales,2.1.1.01.03.006,HONORARIOS CONCEJALES,GASTOS,FUNCIONAMIENTO,GASTOS DE PERSONAL,PLANTA DE PERSONAL PERMANENTE,REMUNERACIONES NO CONSTITUTIVAS DE FACTOR SALARIAL,HONORARIOS CONCEJALES,No Aplica,No Aplica,No Aplica,No Aplica,VIGENCIA ACTUAL,ENTIDADES TERRITORIALES - CONCEJO,NO APLICA,0,NO DEFINIDO,210188880.0,210188880.0,2021,Primer Trimestre,,,,,,,,,,,,,,,,,,,,,,
205767,20230601,218552585,Pupiales,2.1.1.01.01.001.10,VIATICOS DE LOS FUNCIONARIOS EN COMISION,GASTOS,FUNCIONAMIENTO,GASTOS DE PERSONAL,PLANTA DE PERSONAL PERMANENTE,FACTORES CONSTITUTIVOS DE SALARIO,FACTORES SALARIALES COMUNES,VIATICOS DE LOS FUNCIONARIOS EN COMISION,No Aplica,No Aplica,No Aplica,VIGENCIA ACTUAL,ENTIDADES TERRITORIALES - ADMINISTRACION CENTRAL,NO APLICA,0,NO DEFINIDO,12000000.0,12000000.0,2023,Segundo Trimestre,,,,,,,,,,,,,,,,,,,,,,
206768,20221201,218552585,Pupiales,2,GASTOS,GASTOS,No Aplica,No Aplica,No Aplica,No Aplica,No Aplica,No Aplica,No Aplica,No Aplica,No Aplica,VIGENCIA ACTUAL,ENTIDADES TERRITORIALES - ADMINISTRACION CENTRAL,NO DEFINIDO,,NO DEFINIDO,22674407741.0,28883850148.0,2022,Cuarto Trimestre,,,,,,,,,,,,,,,,,,,,,,
207073,20230601,218552585,Pupiales,2.1.1.01,PLANTA DE PERSONAL PERMANENTE,GASTOS,FUNCIONAMIENTO,GASTOS DE PERSONAL,PLANTA DE PERSONAL PERMANENTE,No Aplica,No Aplica,No Aplica,No Aplica,No Aplica,No Aplica,CUENTAS POR PAGAR,ENTIDADES TERRITORIALES - ADMINISTRACION CENTRAL,NO DEFINIDO,,NO DEFINIDO,11427199.0,11427199.0,2023,Segundo Trimestre,,,,,,,,,,,,,,,,,,,,,,
207728,20220901,218552585,Pupiales,2,GASTOS,GASTOS,No Aplica,No Aplica,No Aplica,No Aplica,No Aplica,No Aplica,No Aplica,No Aplica,No Aplica,VIGENCIA ACTUAL,ENTIDADES TERRITORIALES - PERSONERIA,NO DEFINIDO,,NO DEFINIDO,136278900.0,150000000.0,2022,Tercer Trimestre,,,,,,,,,,,,,,,,,,,,,,
207895,20210301,218552585,Pupiales,2.1.1.01.02.001,APORTES A LA SEGURIDAD SOCIAL EN PENSIONES,GASTOS,FUNCIONAMIENTO,GASTOS DE PERSONAL,PLANTA DE PERSONAL PERMANENTE,CONTRIBUCIONES INHERENTES A LA NOMINA,APORTES A LA SEGURIDAD SOCIAL EN PENSIONES,No Aplica,No Aplica,No Aplica,No Aplica,VIGENCIA ACTUAL,ENTIDADES TERRITORIALES - ADMINISTRACION CENTRAL,NO APLICA,0,NO DEFINIDO,55166252.0,55166252.0,2021,Primer Trimestre,,,,,,,,,,,,,,,,,,,,,,
210106,20220901,218552585,Pupiales,2.1.1.01.03.006,HONORARIOS CONCEJALES,GASTOS,FUNCIONAMIENTO,GASTOS DE PERSONAL,PLANTA DE PERSONAL PERMANENTE,REMUNERACIONES NO CONSTITUTIVAS DE FACTOR SALARIAL,HONORARIOS CONCEJALES,No Aplica,No Aplica,No Aplica,No Aplica,VIGENCIA ACTUAL,ENTIDADES TERRITORIALES - CONCEJO,NO APLICA,0,NO DEFINIDO,213577650.0,213577650.0,2022,Tercer Trimestre,,,,,,,,,,,,,,,,,,,,,,
212584,20220601,218552585,Pupiales,2.1.1.01.03.001.03,BONIFICACION ESPECIAL DE RECREACION,GASTOS,FUNCIONAMIENTO,GASTOS DE PERSONAL,PLANTA DE PERSONAL PERMANENTE,REMUNERACIONES NO CONSTITUTIVAS DE FACTOR SALARIAL,PRESTACIONES SOCIALES,BONIFICACION ESPECIAL DE RECREACION,No Aplica,No Aplica,No Aplica,VIGENCIA ACTUAL,ENTIDADES TERRITORIALES - ADMINISTRACION CENTRAL,NO APLICA,0,NO DEFINIDO,3000000.0,3000000.0,2022,Segundo Trimestre,,,,,,,,,,,,,,,,,,,,,,
212696,20221201,218552585,Pupiales,2.1.1.01.01.001.04,SUBSIDIO DE ALIMENTACION,GASTOS,FUNCIONAMIENTO,GASTOS DE PERSONAL,PLANTA DE PERSONAL PERMANENTE,FACTORES CONSTITUTIVOS DE SALARIO,FACTORES SALARIALES COMUNES,SUBSIDIO DE ALIMENTACION,No Aplica,No Aplica,No Aplica,VIGENCIA ACTUAL,ENTIDADES TERRITORIALES - ADMINISTRACION CENTRAL,NO APLICA,0,NO DEFINIDO,9000000.0,10069489.0,2022,Cuarto Trimestre,,,,,,,,,,,,,,,,,,,,,,
219116,20211201,218552585,Pupiales,2.2.2.01.02.002,ENTIDADES FINANCIERAS,GASTOS,SERVICIO DE LA DEUDA PUBLICA,SERVICIO DE LA DEUDA PUBLICA INTERNA,PRINCIPAL,PRESTAMOS,ENTIDADES FINANCIERAS,No Aplica,No Aplica,No Aplica,No Aplica,VIGENCIA ACTUAL,ENTIDADES TERRITORIALES - ADMINISTRACION CENTRAL,NO DEFINIDO,,NO DEFINIDO,123631944.0,208474166.0,2021,Cuarto Trimestre,,,,,,,,,,,,,,,,,,,,,,
224384,20221201,218552585,Pupiales,2.1.1.01.03.001.03,BONIFICACION ESPECIAL DE RECREACION,GASTOS,FUNCIONAMIENTO,GASTOS DE PERSONAL,PLANTA DE PERSONAL PERMANENTE,REMUNERACIONES NO CONSTITUTIVAS DE FACTOR SALARIAL,PRESTACIONES SOCIALES,BONIFICACION ESPECIAL DE RECREACION,No Aplica,No Aplica,No Aplica,VIGENCIA ACTUAL,ENTIDADES TERRITORIALES - ADMINISTRACION CENTRAL,NO APLICA,0,NO DEFINIDO,3000000.0,3025819.0,2022,Cuarto Trimestre,,,,,,,,,,,,,,,,,,,,,,
225559,20220901,218552585,Pupiales,2.1.1.01.01.001,FACTORES SALARIALES COMUNES,GASTOS,FUNCIONAMIENTO,GASTOS DE PERSONAL,PLANTA DE PERSONAL PERMANENTE,FACTORES CONSTITUTIVOS DE SALARIO,FACTORES SALARIALES COMUNES,No Aplica,No Aplica,No Aplica,No Aplica,VIGENCIA ACTUAL,ENTIDADES TERRITORIALES - CONCEJO,NO DEFINIDO,,NO DEFINIDO,54511560.0,60000000.0,2022,Tercer Trimestre,,,,,,,,,,,,,,,,,,,,,,
228991,20220901,218552585,Pupiales,2.1.1.01.03.001.03,BONIFICACION ESPECIAL DE RECREACION,GASTOS,FUNCIONAMIENTO,GASTOS DE PERSONAL,PLANTA DE PERSONAL PERMANENTE,REMUNERACIONES NO CONSTITUTIVAS DE FACTOR SALARIAL,PRESTACIONES SOCIALES,BONIFICACION ESPECIAL DE RECREACION,No Aplica,No Aplica,No Aplica,VIGENCIA ACTUAL,ENTIDADES TERRITORIALES - ADMINISTRACION CENTRAL,NO APLICA,0,NO DEFINIDO,3000000.0,3000000.0,2022,Tercer Trimestre,,,,,,,,,,,,,,,,,,,,,,
235246,20211201,218552585,Pupiales,2.2,SERVICIO DE LA DEUDA PUBLICA,GASTOS,SERVICIO DE LA DEUDA PUBLICA,No Aplica,No Aplica,No Aplica,No Aplica,No Aplica,No Aplica,No Aplica,No Aplica,VIGENCIA ACTUAL,ENTIDADES TERRITORIALES - ADMINISTRACION CENTRAL,NO DEFINIDO,,NO DEFINIDO,161976630.0,263212391.0,2021,Cuarto Trimestre,,,,,,,,,,,,,,,,,,,,,,
237004,20220901,218552585,Pupiales,2.1.2.02,ADQUISICIONES DIFERENTES DE ACTIVOS,GASTOS,FUNCIONAMIENTO,ADQUISICION DE BIENES Y SERVICIOS,ADQUISICIONES DIFERENTES DE ACTIVOS,No Aplica,No Aplica,No Aplica,No Aplica,No Aplica,No Aplica,VIGENCIA ACTUAL,ENTIDADES TERRITORIALES - ADMINISTRACION CENTRAL,NO DEFINIDO,,NO DEFINIDO,651364916.0,746716645.0,2022,Tercer Trimestre,,,,,,,,,,,,,,,,,,,,,,
237720,20220901,218552585,Pupiales,2.2.2.01.02,PRESTAMOS,GASTOS,SERVICIO DE LA DEUDA PUBLICA,SERVICIO DE LA DEUDA PUBLICA INTERNA,PRINCIPAL,PRESTAMOS,No Aplica,No Aplica,No Aplica,No Aplica,No Aplica,VIGENCIA ACTUAL,ENTIDADES TERRITORIALES - ADMINISTRACION CENTRAL,NO DEFINIDO,,NO DEFINIDO,520000100.0,407000100.0,2022,Tercer Trimestre,,,,,,,,,,,,,,,,,,,,,,
241240,20210901,218552585,Pupiales,2.2.2.02,INTERESES,GASTOS,SERVICIO DE LA DEUDA PUBLICA,SERVICIO DE LA DEUDA PUBLICA INTERNA,INTERESES,No Aplica,No Aplica,No Aplica,No Aplica,No Aplica,No Aplica,VIGENCIA ACTUAL,ENTIDADES TERRITORIALES - ADMINISTRACION CENTRAL,NO DEFINIDO,,NO DEFINIDO,38344686.0,38344686.0,2021,Tercer Trimestre,,,,,,,,,,,,,,,,,,,,,,
241597,20210301,218552585,Pupiales,2.1.1.01.01.001,FACTORES SALARIALES COMUNES,GASTOS,FUNCIONAMIENTO,GASTOS DE PERSONAL,PLANTA DE PERSONAL PERMANENTE,FACTORES CONSTITUTIVOS DE SALARIO,FACTORES SALARIALES COMUNES,No Aplica,No Aplica,No Aplica,No Aplica,VIGENCIA ACTUAL,ENTIDADES TERRITORIALES - PERSONERIA,NO DEFINIDO,,NO DEFINIDO,131670450.0,131670450.0,2021,Primer Trimestre,,,,,,,,,,,,,,,,,,,,,,
242278,20210601,218552585,Pupiales,2.1.1.01.01,FACTORES CONSTITUTIVOS DE SALARIO,GASTOS,FUNCIONAMIENTO,GASTOS DE PERSONAL,PLANTA DE PERSONAL PERMANENTE,FACTORES CONSTITUTIVOS DE SALARIO,No Aplica,No Aplica,No Aplica,No Aplica,No Aplica,VIGENCIA ACTUAL,ENTIDADES TERRITORIALES - PERSONERIA,NO DEFINIDO,,NO DEFINIDO,131670450.0,131670450.0,2021,Segundo Trimestre,,,,,,,,,,,,,,,,,,,,,,
243264,20220301,218552585,Pupiales,2.2.2.01.02.002,ENTIDADES FINANCIERAS,GASTOS,SERVICIO DE LA DEUDA PUBLICA,SERVICIO DE LA DEUDA PUBLICA INTERNA,PRINCIPAL,PRESTAMOS,ENTIDADES FINANCIERAS,No Aplica,No Aplica,No Aplica,No Aplica,VIGENCIA ACTUAL,ENTIDADES TERRITORIALES - ADMINISTRACION CENTRAL,NO DEFINIDO,,NO DEFINIDO,520000100.0,520000100.0,2022,Primer Trimestre,,,,,,,,,,,,,,,,,,,,,,
252238,20220301,218552585,Pupiales,2.2.2.01,PRINCIPAL,GASTOS,SERVICIO DE LA DEUDA PUBLICA,SERVICIO DE LA DEUDA PUBLICA INTERNA,PRINCIPAL,No Aplica,No Aplica,No Aplica,No Aplica,No Aplica,No Aplica,VIGENCIA ACTUAL,ENTIDADES TERRITORIALES - ADMINISTRACION CENTRAL,NO DEFINIDO,,NO DEFINIDO,520000100.0,520000100.0,2022,Primer Trimestre,,,,,,,,,,,,,,,,,,,,,,
253318,20220601,218552585,Pupiales,2.1.1,GASTOS DE PERSONAL,GASTOS,FUNCIONAMIENTO,GASTOS DE PERSONAL,No Aplica,No Aplica,No Aplica,No Aplica,No Aplica,No Aplica,No Aplica,VIGENCIA ACTUAL,ENTIDADES TERRITORIALES - ADMINISTRACION CENTRAL,NO DEFINIDO,,NO DEFINIDO,896628550.0,986419000.0,2022,Segundo Trimestre,,,,,,,,,,,,,,,,,,,,,,
254333,20210301,218552585,Pupiales,2.1.2.01,ADQUISICION DE ACTIVOS NO FINANCIEROS,GASTOS,FUNCIONAMIENTO,ADQUISICION DE BIENES Y SERVICIOS,ADQUISICION DE ACTIVOS NO FINANCIEROS,No Aplica,No Aplica,No Aplica,No Aplica,No Aplica,No Aplica,VIGENCIA ACTUAL,ENTIDADES TERRITORIALES - ADMINISTRACION CENTRAL,NO DEFINIDO,,NO DEFINIDO,40000000.0,40000000.0,2021,Primer Trimestre,,,,,,,,,,,,,,,,,,,,,,
258808,20211201,218552585,Pupiales,2.1.1.01,PLANTA DE PERSONAL PERMANENTE,GASTOS,FUNCIONAMIENTO,GASTOS DE PERSONAL,PLANTA DE PERSONAL PERMANENTE,No Aplica,No Aplica,No Aplica,No Aplica,No Aplica,No Aplica,VIGENCIA ACTUAL,ENTIDADES TERRITORIALES - PERSONERIA,NO DEFINIDO,,NO DEFINIDO,131670450.0,136278900.0,2021,Cuarto Trimestre,,,,,,,,,,,,,,,,,,,,,,
267530,20220901,218552585,Pupiales,2.1.2.01.01,ACTIVOS FIJOS,GASTOS,FUNCIONAMIENTO,ADQUISICION DE BIENES Y SERVICIOS,ADQUISICION DE ACTIVOS NO FINANCIEROS,ACTIVOS FIJOS,No Aplica,No Aplica,No Aplica,No Aplica,No Aplica,VIGENCIA ACTUAL,ENTIDADES TERRITORIALES - ADMINISTRACION CENTRAL,NO DEFINIDO,,NO DEFINIDO,20000000.0,8445420.0,2022,Tercer Trimestre,,,,,,,,,,,,,,,,,,,,,,
269207,20220901,218552585,Pupiales,2.1.1.01.02.007,APORTES AL SENA,GASTOS,FUNCIONAMIENTO,GASTOS DE PERSONAL,PLANTA DE PERSONAL PERMANENTE,CONTRIBUCIONES INHERENTES A LA NOMINA,APORTES AL SENA,No Aplica,No Aplica,No Aplica,No Aplica,VIGENCIA ACTUAL,ENTIDADES TERRITORIALES - ADMINISTRACION CENTRAL,NO APLICA,0,NO DEFINIDO,2500000.0,2500000.0,2022,Tercer Trimestre,,,,,,,,,,,,,,,,,,,,,,
271570,20220301,218552585,Pupiales,2.1.1.01.01.001,FACTORES SALARIALES COMUNES,GASTOS,FUNCIONAMIENTO,GASTOS DE PERSONAL,PLANTA DE PERSONAL PERMANENTE,FACTORES CONSTITUTIVOS DE SALARIO,FACTORES SALARIALES COMUNES,No Aplica,No Aplica,No Aplica,No Aplica,VIGENCIA ACTUAL,ENTIDADES TERRITORIALES - ADMINISTRACION CENTRAL,NO DEFINIDO,,NO DEFINIDO,526650000.0,502650000.0,2022,Primer Trimestre,,,,,,,,,,,,,,,,,,,,,,
271713,20210301,218552585,Pupiales,2.1.1.01,PLANTA DE PERSONAL PERMANENTE,GASTOS,FUNCIONAMIENTO,GASTOS DE PERSONAL,PLANTA DE PERSONAL PERMANENTE,No Aplica,No Aplica,No Aplica,No Aplica,No Aplica,No Aplica,VIGENCIA ACTUAL,ENTIDADES TERRITORIALES - CONCEJO,NO DEFINIDO,,NO DEFINIDO,249787522.0,249787522.0,2021,Primer Trimestre,,,,,,,,,,,,,,,,,,,,,,
271838,20220301,218552585,Pupiales,2.1.1.01.02.002,APORTES A LA SEGURIDAD SOCIAL EN SALUD,GASTOS,FUNCIONAMIENTO,GASTOS DE PERSONAL,PLANTA DE PERSONAL PERMANENTE,CONTRIBUCIONES INHERENTES A LA NOMINA,APORTES A LA SEGURIDAD SOCIAL EN SALUD,No Aplica,No Aplica,No Aplica,No Aplica,VIGENCIA ACTUAL,ENTIDADES TERRITORIALES - ADMINISTRACION CENTRAL,NO APLICA,0,NO DEFINIDO,62000000.0,62000000.0,2022,Primer Trimestre,,,,,,,,,,,,,,,,,,,,,,
276423,20220901,218552585,Pupiales,2.1.3.13.01.001,SENTENCIAS,GASTOS,FUNCIONAMIENTO,TRANSFERENCIAS CORRIENTES,SENTENCIAS Y CONCILIACIONES,FALLOS NACIONALES,SENTENCIAS,No Aplica,No Aplica,No Aplica,No Aplica,VIGENCIA ACTUAL,ENTIDADES TERRITORIALES - ADMINISTRACION CENTRAL,NO APLICA,0,NO DEFINIDO,0.0,14000000.0,2022,Tercer Trimestre,,,,,,,,,,,,,,,,,,,,,,
277795,20220301,218552585,Pupiales,2.1.2.02.02.007,SERVICIOS FINANCIEROS Y SERVICIOS CONEXOS; SERVICIOS INMOBILIARIOS; Y SERVICIOS DE ARRENDAMIENTO Y LEASING,GASTOS,FUNCIONAMIENTO,ADQUISICION DE BIENES Y SERVICIOS,ADQUISICIONES DIFERENTES DE ACTIVOS,ADQUISICION DE SERVICIOS,SERVICIOS FINANCIEROS Y SERVICIOS CONEXOS; SERVICIOS INMOBILIARIOS; Y SERVICIOS DE ARRENDAMIENTO Y LEASING,No Aplica,No Aplica,No Aplica,No Aplica,VIGENCIA ACTUAL,ENTIDADES TERRITORIALES - ADMINISTRACION CENTRAL,NO APLICA,0,NO DEFINIDO,20001000.0,20001000.0,2022,Primer Trimestre,,,,,,,,,,,,,,,,,,,,,,
278223,20230301,218552585,Pupiales,2.1.4.02.02,ENTIDADES TERRITORIALES DISTINTAS DE PARTICIPACIONES Y COMPENSACIONES,GASTOS,FUNCIONAMIENTO,TRANSFERENCIAS DE CAPITAL,ENTIDADES DEL GOBIERNO GENERAL,ENTIDADES TERRITORIALES DISTINTAS DE PARTICIPACIONES Y COMPENSACIONES,No Aplica,No Aplica,No Aplica,No Aplica,No Aplica,VIGENCIA ACTUAL,ENTIDADES TERRITORIALES - PERSONERIA,NO APLICA,0,NO DEFINIDO,154500000.0,174000000.0,2023,Primer Trimestre,,,,,,,,,,,,,,,,,,,,,,
278612,20230301,218552585,Pupiales,2.2.2.02.02.002.02,BANCA COMERCIAL,GASTOS,SERVICIO DE LA DEUDA PUBLICA,SERVICIO DE LA DEUDA PUBLICA INTERNA,INTERESES,PRESTAMOS,ENTIDADES FINANCIERAS,BANCA COMERCIAL,No Aplica,No Aplica,No Aplica,VIGENCIA ACTUAL,ENTIDADES TERRITORIALES - ADMINISTRACION CENTRAL,NO DEFINIDO,,NO DEFINIDO,130000000.0,130000000.0,2023,Primer Trimestre,,,,,,,,,,,,,,,,,,,,,,
281661,20230601,218552585,Pupiales,2.2.2,SERVICIO DE LA DEUDA PUBLICA INTERNA,GASTOS,SERVICIO DE LA DEUDA PUBLICA,SERVICIO DE LA DEUDA PUBLICA INTERNA,No Aplica,No Aplica,No Aplica,No Aplica,No Aplica,No Aplica,No Aplica,VIGENCIA ACTUAL,ENTIDADES TERRITORIALES - ADMINISTRACION CENTRAL,NO DEFINIDO,,NO DEFINIDO,512738713.0,562205713.0,2023,Segundo Trimestre,,,,,,,,,,,,,,,,,,,,,,
283954,20220301,218552585,Pupiales,2.1.3.04,A ORGANIZACIONES NACIONALES,GASTOS,FUNCIONAMIENTO,TRANSFERENCIAS CORRIENTES,A ORGANIZACIONES NACIONALES,No Aplica,No Aplica,No Aplica,No Aplica,No Aplica,No Aplica,VIGENCIA ACTUAL,ENTIDADES TERRITORIALES - ADMINISTRACION CENTRAL,NO DEFINIDO,,NO DEFINIDO,1000.0,1000.0,2022,Primer Trimestre,,,,,,,,,,,,,,,,,,,,,,
284368,20211201,218552585,Pupiales,2.1.2.01.01.003.03.01,"MAQUINAS PARA OFICINA Y CONTABILIDAD, Y SUS PARTES Y ACCESORIOS",GASTOS,FUNCIONAMIENTO,ADQUISICION DE BIENES Y SERVICIOS,ADQUISICION DE ACTIVOS NO FINANCIEROS,ACTIVOS FIJOS,MAQUINARIA Y EQUIPO,"MAQUINARIA DE OFICINA, CONTABILIDAD E INFORMATICA","MAQUINAS PARA OFICINA Y CONTABILIDAD, Y SUS PARTES Y ACCESORIOS",No Aplica,No Aplica,VIGENCIA ACTUAL,ENTIDADES TERRITORIALES - ADMINISTRACION CENTRAL,NO APLICA,0,NO DEFINIDO,25500000.0,23200000.0,2021,Cuarto Trimestre,,,,,,,,,,,,,,,,,,,,,,
285305,20210301,218552585,Pupiales,2.1.1.01.01.001.08,PRESTACIONES SOCIALES,GASTOS,FUNCIONAMIENTO,GASTOS DE PERSONAL,PLANTA DE PERSONAL PERMANENTE,FACTORES CONSTITUTIVOS DE SALARIO,FACTORES SALARIALES COMUNES,PRESTACIONES SOCIALES,No Aplica,No Aplica,No Aplica,VIGENCIA ACTUAL,ENTIDADES TERRITORIALES - ADMINISTRACION CENTRAL,NO DEFINIDO,,NO DEFINIDO,75509512.0,45509512.0,2021,Primer Trimestre,,,,,,,,,,,,,,,,,,,,,,
286964,20210901,218552585,Pupiales,2.1.1.01.01,FACTORES CONSTITUTIVOS DE SALARIO,GASTOS,FUNCIONAMIENTO,GASTOS DE PERSONAL,PLANTA DE PERSONAL PERMANENTE,FACTORES CONSTITUTIVOS DE SALARIO,No Aplica,No Aplica,No Aplica,No Aplica,No Aplica,VIGENCIA ACTUAL,ENTIDADES TERRITORIALES - ADMINISTRACION CENTRAL,NO DEFINIDO,,NO DEFINIDO,615419528.0,552719528.0,2021,Tercer Trimestre,,,,,,,,,,,,,,,,,,,,,,
295504,20220601,218552585,Pupiales,2.1.2.02.02.006,"COMERCIO Y DISTRIBUCION; ALOJAMIENTO; SERVICIOS DE SUMINISTRO DE COMIDAS Y BEBIDAS; SERVICIOS DE TRANSPORTE; Y SERVICIOS DE DISTRIBUCION DE ELECTRICIDAD, GAS Y AGUA",GASTOS,FUNCIONAMIENTO,ADQUISICION DE BIENES Y SERVICIOS,ADQUISICIONES DIFERENTES DE ACTIVOS,ADQUISICION DE SERVICIOS,"COMERCIO Y DISTRIBUCION; ALOJAMIENTO; SERVICIOS DE SUMINISTRO DE COMIDAS Y BEBIDAS; SERVICIOS DE TRANSPORTE; Y SERVICIOS DE DISTRIBUCION DE ELECTRICIDAD, GAS Y AGUA",No Aplica,No Aplica,No Aplica,No Aplica,VIGENCIA ACTUAL,ENTIDADES TERRITORIALES - ADMINISTRACION CENTRAL,NO APLICA,0,NO DEFINIDO,44363916.0,52435916.0,2022,Segundo Trimestre,,,,,,,,,,,,,,,,,,,,,,
295889,20220301,218552585,Pupiales,2.1.1.01,PLANTA DE PERSONAL PERMANENTE,GASTOS,FUNCIONAMIENTO,GASTOS DE PERSONAL,PLANTA DE PERSONAL PERMANENTE,No Aplica,No Aplica,No Aplica,No Aplica,No Aplica,No Aplica,VIGENCIA ACTUAL,ENTIDADES TERRITORIALES - ADMINISTRACION CENTRAL,NO DEFINIDO,,NO DEFINIDO,896628550.0,872628550.0,2022,Primer Trimestre,,,,,,,,,,,,,,,,,,,,,,
296482,20210301,218552585,Pupiales,2.1.1.01.01.001.06,PRIMA DE SERVICIO,GASTOS,FUNCIONAMIENTO,GASTOS DE PERSONAL,PLANTA DE PERSONAL PERMANENTE,FACTORES CONSTITUTIVOS DE SALARIO,FACTORES SALARIALES COMUNES,PRIMA DE SERVICIO,No Aplica,No Aplica,No Aplica,VIGENCIA ACTUAL,ENTIDADES TERRITORIALES - ADMINISTRACION CENTRAL,NO APLICA,0,NO DEFINIDO,31800000.0,31800000.0,2021,Primer Trimestre,,,,,,,,,,,,,,,,,,,,,,
296718,20220901,218552585,Pupiales,2.2.2.02.02.002.02,BANCA COMERCIAL,GASTOS,SERVICIO DE LA DEUDA PUBLICA,SERVICIO DE LA DEUDA PUBLICA INTERNA,INTERESES,PRESTAMOS,ENTIDADES FINANCIERAS,BANCA COMERCIAL,No Aplica,No Aplica,No Aplica,VIGENCIA ACTUAL,ENTIDADES TERRITORIALES - ADMINISTRACION CENTRAL,NO DEFINIDO,,NO DEFINIDO,96000000.0,119000000.0,2022,Tercer Trimestre,,,,,,,,,,,,,,,,,,,,,,
299820,20210601,218552585,Pupiales,2.1.1.01.02.002,APORTES A LA SEGURIDAD SOCIAL EN SALUD,GASTOS,FUNCIONAMIENTO,GASTOS DE PERSONAL,PLANTA DE PERSONAL PERMANENTE,CONTRIBUCIONES INHERENTES A LA NOMINA,APORTES A LA SEGURIDAD SOCIAL EN SALUD,No Aplica,No Aplica,No Aplica,No Aplica,VIGENCIA ACTUAL,ENTIDADES TERRITORIALES - ADMINISTRACION CENTRAL,NO APLICA,0,NO DEFINIDO,51293051.0,51293051.0,2021,Segundo Trimestre,,,,,,,,,,,,,,,,,,,,,,
300039,20210301,218552585,Pupiales,2.1.1.01.02.002,APORTES A LA SEGURIDAD SOCIAL EN SALUD,GASTOS,FUNCIONAMIENTO,GASTOS DE PERSONAL,PLANTA DE PERSONAL PERMANENTE,CONTRIBUCIONES INHERENTES A LA NOMINA,APORTES A LA SEGURIDAD SOCIAL EN SALUD,No Aplica,No Aplica,No Aplica,No Aplica,VIGENCIA ACTUAL,ENTIDADES TERRITORIALES - ADMINISTRACION CENTRAL,NO APLICA,0,NO DEFINIDO,51293051.0,51293051.0,2021,Primer Trimestre,,,,,,,,,,,,,,,,,,,,,,
302508,20230601,218552585,Pupiales,2.1.1.01.03.001.01,VACACIONES,GASTOS,FUNCIONAMIENTO,GASTOS DE PERSONAL,PLANTA DE PERSONAL PERMANENTE,REMUNERACIONES NO CONSTITUTIVAS DE FACTOR SALARIAL,PRESTACIONES SOCIALES,VACACIONES,No Aplica,No Aplica,No Aplica,VIGENCIA ACTUAL,ENTIDADES TERRITORIALES - ADMINISTRACION CENTRAL,NO APLICA,0,NO DEFINIDO,17000000.0,27920437.0,2023,Segundo Trimestre,,,,,,,,,,,,,,,,,,,,,,
303852,20230301,218552585,Pupiales,2.1.4,TRANSFERENCIAS DE CAPITAL,GASTOS,FUNCIONAMIENTO,TRANSFERENCIAS DE CAPITAL,No Aplica,No Aplica,No Aplica,No Aplica,No Aplica,No Aplica,No Aplica,VIGENCIA ACTUAL,ENTIDADES TERRITORIALES - PERSONERIA,NO DEFINIDO,,NO DEFINIDO,154500000.0,174000000.0,2023,Primer Trimestre,,,,,,,,,,,,,,,,,,,,,,
306868,20221201,218552585,Pupiales,2.2.2.01.02.002.02.03,BANCA COMERCIAL,GASTOS,SERVICIO DE LA DEUDA PUBLICA,SERVICIO DE LA DEUDA PUBLICA INTERNA,PRINCIPAL,PRESTAMOS,ENTIDADES FINANCIERAS,BANCA COMERCIAL,BANCA COMERCIAL,No Aplica,No Aplica,VIGENCIA ACTUAL,ENTIDADES TERRITORIALES - ADMINISTRACION CENTRAL,NO APLICA,0,NO DEFINIDO,520000100.0,407585113.0,2022,Cuarto Trimestre,,,,,,,,,,,,,,,,,,,,,,
307853,20230301,218552585,Pupiales,2.1.1.01.02,CONTRIBUCIONES INHERENTES A LA NOMINA,GASTOS,FUNCIONAMIENTO,GASTOS DE PERSONAL,PLANTA DE PERSONAL PERMANENTE,CONTRIBUCIONES INHERENTES A LA NOMINA,No Aplica,No Aplica,No Aplica,No Aplica,No Aplica,VIGENCIA ACTUAL,ENTIDADES TERRITORIALES - ADMINISTRACION CENTRAL,NO DEFINIDO,,NO DEFINIDO,201300000.0,228801343.0,2023,Primer Trimestre,,,,,,,,,,,,,,,,,,,,,,
308672,20230601,218552585,Pupiales,2.1.1.01.02,CONTRIBUCIONES INHERENTES A LA NOMINA,GASTOS,FUNCIONAMIENTO,GASTOS DE PERSONAL,PLANTA DE PERSONAL PERMANENTE,CONTRIBUCIONES INHERENTES A LA NOMINA,No Aplica,No Aplica,No Aplica,No Aplica,No Aplica,CUENTAS POR PAGAR,ENTIDADES TERRITORIALES - ADMINISTRACION CENTRAL,NO DEFINIDO,,NO DEFINIDO,11427199.0,11427199.0,2023,Segundo Trimestre,,,,,,,,,,,,,,,,,,,,,,
315799,20230601,218552585,Pupiales,2.1.2,ADQUISICION DE BIENES Y SERVICIOS,GASTOS,FUNCIONAMIENTO,ADQUISICION DE BIENES Y SERVICIOS,No Aplica,No Aplica,No Aplica,No Aplica,No Aplica,No Aplica,No Aplica,CUENTAS POR PAGAR,ENTIDADES TERRITORIALES - ADMINISTRACION CENTRAL,NO DEFINIDO,,NO DEFINIDO,2200000.0,2200000.0,2023,Segundo Trimestre,,,,,,,,,,,,,,,,,,,,,,
317851,20220301,218552585,Pupiales,2.2.2,SERVICIO DE LA DEUDA PUBLICA INTERNA,GASTOS,SERVICIO DE LA DEUDA PUBLICA,SERVICIO DE LA DEUDA PUBLICA INTERNA,No Aplica,No Aplica,No Aplica,No Aplica,No Aplica,No Aplica,No Aplica,VIGENCIA ACTUAL,ENTIDADES TERRITORIALES - ADMINISTRACION CENTRAL,NO DEFINIDO,,NO DEFINIDO,616000100.0,616000100.0,2022,Primer Trimestre,,,,,,,,,,,,,,,,,,,,,,
318938,20230601,218552585,Pupiales,2.1.1,GASTOS DE PERSONAL,GASTOS,FUNCIONAMIENTO,GASTOS DE PERSONAL,No Aplica,No Aplica,No Aplica,No Aplica,No Aplica,No Aplica,No Aplica,VIGENCIA ACTUAL,ENTIDADES TERRITORIALES - PERSONERIA,NO DEFINIDO,,NO DEFINIDO,165000000.0,165000000.0,2023,Segundo Trimestre,,,,,,,,,,,,,,,,,,,,,,
319339,20211201,218552585,Pupiales,2.1.1.01.03.001.02,INDEMNIZACION POR VACACIONES,GASTOS,FUNCIONAMIENTO,GASTOS DE PERSONAL,PLANTA DE PERSONAL PERMANENTE,REMUNERACIONES NO CONSTITUTIVAS DE FACTOR SALARIAL,PRESTACIONES SOCIALES,INDEMNIZACION POR VACACIONES,No Aplica,No Aplica,No Aplica,VIGENCIA ACTUAL,ENTIDADES TERRITORIALES - ADMINISTRACION CENTRAL,NO APLICA,0,NO DEFINIDO,9500000.0,12736450.0,2021,Cuarto Trimestre,,,,,,,,,,,,,,,,,,,,,,
319790,20211201,218552585,Pupiales,2.1.1.01.03,REMUNERACIONES NO CONSTITUTIVAS DE FACTOR SALARIAL,GASTOS,FUNCIONAMIENTO,GASTOS DE PERSONAL,PLANTA DE PERSONAL PERMANENTE,REMUNERACIONES NO CONSTITUTIVAS DE FACTOR SALARIAL,No Aplica,No Aplica,No Aplica,No Aplica,No Aplica,VIGENCIA ACTUAL,ENTIDADES TERRITORIALES - ADMINISTRACION CENTRAL,NO DEFINIDO,,NO DEFINIDO,73747320.0,78552427.0,2021,Cuarto Trimestre,,,,,,,,,,,,,,,,,,,,,,
321373,20220901,218552585,Pupiales,2.1.3.05.04,PARTICIPACIONES DISTINTAS DEL SGP,GASTOS,FUNCIONAMIENTO,TRANSFERENCIAS CORRIENTES,A ENTIDADES DEL GOBIERNO,PARTICIPACIONES DISTINTAS DEL SGP,No Aplica,No Aplica,No Aplica,No Aplica,No Aplica,VIGENCIA ACTUAL,ENTIDADES TERRITORIALES - ADMINISTRACION CENTRAL,NO DEFINIDO,,NO DEFINIDO,45000000.0,58304214.0,2022,Tercer Trimestre,,,,,,,,,,,,,,,,,,,,,,
327546,20210901,218552585,Pupiales,2.1.1.01.01.001.08,PRESTACIONES SOCIALES,GASTOS,FUNCIONAMIENTO,GASTOS DE PERSONAL,PLANTA DE PERSONAL PERMANENTE,FACTORES CONSTITUTIVOS DE SALARIO,FACTORES SALARIALES COMUNES,PRESTACIONES SOCIALES,No Aplica,No Aplica,No Aplica,VIGENCIA ACTUAL,ENTIDADES TERRITORIALES - ADMINISTRACION CENTRAL,NO DEFINIDO,,NO DEFINIDO,75509512.0,40409512.0,2021,Tercer Trimestre,,,,,,,,,,,,,,,,,,,,,,
327548,20220601,218552585,Pupiales,2.1.2.01.01.003.03,"MAQUINARIA DE OFICINA, CONTABILIDAD E INFORMATICA",GASTOS,FUNCIONAMIENTO,ADQUISICION DE BIENES Y SERVICIOS,ADQUISICION DE ACTIVOS NO FINANCIEROS,ACTIVOS FIJOS,MAQUINARIA Y EQUIPO,"MAQUINARIA DE OFICINA, CONTABILIDAD E INFORMATICA",No Aplica,No Aplica,No Aplica,VIGENCIA ACTUAL,ENTIDADES TERRITORIALES - ADMINISTRACION CENTRAL,NO DEFINIDO,,NO DEFINIDO,15000000.0,15000000.0,2022,Segundo Trimestre,,,,,,,,,,,,,,,,,,,,,,
331602,20221201,218552585,Pupiales,2.1.1.01.03.001.01,VACACIONES,GASTOS,FUNCIONAMIENTO,GASTOS DE PERSONAL,PLANTA DE PERSONAL PERMANENTE,REMUNERACIONES NO CONSTITUTIVAS DE FACTOR SALARIAL,PRESTACIONES SOCIALES,VACACIONES,No Aplica,No Aplica,No Aplica,VIGENCIA ACTUAL,ENTIDADES TERRITORIALES - ADMINISTRACION CENTRAL,NO APLICA,0,NO DEFINIDO,23000000.0,30058110.0,2022,Cuarto Trimestre,,,,,,,,,,,,,,,,,,,,,,
331735,20220601,218552585,Pupiales,2.1.3,TRANSFERENCIAS CORRIENTES,GASTOS,FUNCIONAMIENTO,TRANSFERENCIAS CORRIENTES,No Aplica,No Aplica,No Aplica,No Aplica,No Aplica,No Aplica,No Aplica,VIGENCIA ACTUAL,ENTIDADES TERRITORIALES - ADMINISTRACION CENTRAL,NO DEFINIDO,,NO DEFINIDO,154246366.0,194335345.0,2022,Segundo Trimestre,,,,,,,,,,,,,,,,,,,,,,
332172,20220301,218552585,Pupiales,2.1.1.01.01.001,FACTORES SALARIALES COMUNES,GASTOS,FUNCIONAMIENTO,GASTOS DE PERSONAL,PLANTA DE PERSONAL PERMANENTE,FACTORES CONSTITUTIVOS DE SALARIO,FACTORES SALARIALES COMUNES,No Aplica,No Aplica,No Aplica,No Aplica,VIGENCIA ACTUAL,ENTIDADES TERRITORIALES - PERSONERIA,NO DEFINIDO,,NO DEFINIDO,136278900.0,136278900.0,2022,Primer Trimestre,,,,,,,,,,,,,,,,,,,,,,
335453,20220601,218552585,Pupiales,2.1.1.01.01.001,FACTORES SALARIALES COMUNES,GASTOS,FUNCIONAMIENTO,GASTOS DE PERSONAL,PLANTA DE PERSONAL PERMANENTE,FACTORES CONSTITUTIVOS DE SALARIO,FACTORES SALARIALES COMUNES,No Aplica,No Aplica,No Aplica,No Aplica,VIGENCIA ACTUAL,ENTIDADES TERRITORIALES - ADMINISTRACION CENTRAL,NO DEFINIDO,,NO DEFINIDO,526650000.0,616440450.0,2022,Segundo Trimestre,,,,,,,,,,,,,,,,,,,,,,
335636,20220901,218552585,Pupiales,2.2.2.02.02,PRESTAMOS,GASTOS,SERVICIO DE LA DEUDA PUBLICA,SERVICIO DE LA DEUDA PUBLICA INTERNA,INTERESES,PRESTAMOS,No Aplica,No Aplica,No Aplica,No Aplica,No Aplica,VIGENCIA ACTUAL,ENTIDADES TERRITORIALES - ADMINISTRACION CENTRAL,NO DEFINIDO,,NO DEFINIDO,96000000.0,119000000.0,2022,Tercer Trimestre,,,,,,,,,,,,,,,,,,,,,,
337926,20220901,218552585,Pupiales,2.1.1.01.02.006,APORTES AL ICBF,GASTOS,FUNCIONAMIENTO,GASTOS DE PERSONAL,PLANTA DE PERSONAL PERMANENTE,CONTRIBUCIONES INHERENTES A LA NOMINA,APORTES AL ICBF,No Aplica,No Aplica,No Aplica,No Aplica,VIGENCIA ACTUAL,ENTIDADES TERRITORIALES - ADMINISTRACION CENTRAL,NO APLICA,0,NO DEFINIDO,15000000.0,15000000.0,2022,Tercer Trimestre,,,,,,,,,,,,,,,,,,,,,,
338262,20230301,218552585,Pupiales,2.2.2.02,INTERESES,GASTOS,SERVICIO DE LA DEUDA PUBLICA,SERVICIO DE LA DEUDA PUBLICA INTERNA,INTERESES,No Aplica,No Aplica,No Aplica,No Aplica,No Aplica,No Aplica,VIGENCIA ACTUAL,ENTIDADES TERRITORIALES - ADMINISTRACION CENTRAL,NO DEFINIDO,,NO DEFINIDO,130000000.0,130000000.0,2023,Primer Trimestre,,,,,,,,,,,,,,,,,,,,,,
338863,20220601,218552585,Pupiales,2.2.2.01.02.002.02,BANCA COMERCIAL,GASTOS,SERVICIO DE LA DEUDA PUBLICA,SERVICIO DE LA DEUDA PUBLICA INTERNA,PRINCIPAL,PRESTAMOS,ENTIDADES FINANCIERAS,BANCA COMERCIAL,No Aplica,No Aplica,No Aplica,VIGENCIA ACTUAL,ENTIDADES TERRITORIALES - ADMINISTRACION CENTRAL,NO DEFINIDO,,NO DEFINIDO,520000100.0,407000100.0,2022,Segundo Trimestre,,,,,,,,,,,,,,,,,,,,,,
343237,20210601,218552585,Pupiales,2.1.1.01.03.006,HONORARIOS CONCEJALES,GASTOS,FUNCIONAMIENTO,GASTOS DE PERSONAL,PLANTA DE PERSONAL PERMANENTE,REMUNERACIONES NO CONSTITUTIVAS DE FACTOR SALARIAL,HONORARIOS CONCEJALES,No Aplica,No Aplica,No Aplica,No Aplica,VIGENCIA ACTUAL,ENTIDADES TERRITORIALES - CONCEJO,NO APLICA,0,NO DEFINIDO,210188880.0,169646730.0,2021,Segundo Trimestre,,,,,,,,,,,,,,,,,,,,,,
348711,20210301,218552585,Pupiales,2.1.1,GASTOS DE PERSONAL,GASTOS,FUNCIONAMIENTO,GASTOS DE PERSONAL,No Aplica,No Aplica,No Aplica,No Aplica,No Aplica,No Aplica,No Aplica,VIGENCIA ACTUAL,ENTIDADES TERRITORIALES - CONCEJO,NO DEFINIDO,,NO DEFINIDO,249787522.0,249787522.0,2021,Primer Trimestre,,,,,,,,,,,,,,,,,,,,,,
349577,20210901,218552585,Pupiales,2.2.2.01.02.002.02,BANCA COMERCIAL,GASTOS,SERVICIO DE LA DEUDA PUBLICA,SERVICIO DE LA DEUDA PUBLICA INTERNA,PRINCIPAL,PRESTAMOS,ENTIDADES FINANCIERAS,BANCA COMERCIAL,No Aplica,No Aplica,No Aplica,VIGENCIA ACTUAL,ENTIDADES TERRITORIALES - ADMINISTRACION CENTRAL,NO DEFINIDO,,NO DEFINIDO,123631944.0,123631944.0,2021,Tercer Trimestre,,,,,,,,,,,,,,,,,,,,,,
350804,20220901,218552585,Pupiales,2.1.1.01.01.001.08.01,PRIMA DE NAVIDAD,GASTOS,FUNCIONAMIENTO,GASTOS DE PERSONAL,PLANTA DE PERSONAL PERMANENTE,FACTORES CONSTITUTIVOS DE SALARIO,FACTORES SALARIALES COMUNES,PRESTACIONES SOCIALES,PRIMA DE NAVIDAD,No Aplica,No Aplica,VIGENCIA ACTUAL,ENTIDADES TERRITORIALES - ADMINISTRACION CENTRAL,NO APLICA,0,NO DEFINIDO,38300000.0,12129445.0,2022,Tercer Trimestre,,,,,,,,,,,,,,,,,,,,,,
355306,20230601,218552585,Pupiales,2.1.3,TRANSFERENCIAS CORRIENTES,GASTOS,FUNCIONAMIENTO,TRANSFERENCIAS CORRIENTES,No Aplica,No Aplica,No Aplica,No Aplica,No Aplica,No Aplica,No Aplica,VIGENCIA ACTUAL,ENTIDADES TERRITORIALES - ADMINISTRACION CENTRAL,NO DEFINIDO,,NO DEFINIDO,0.0,202301084.0,2023,Segundo Trimestre,,,,,,,,,,,,,,,,,,,,,,
355762,20210601,218552585,Pupiales,2.1.1.01.01.001,FACTORES SALARIALES COMUNES,GASTOS,FUNCIONAMIENTO,GASTOS DE PERSONAL,PLANTA DE PERSONAL PERMANENTE,FACTORES CONSTITUTIVOS DE SALARIO,FACTORES SALARIALES COMUNES,No Aplica,No Aplica,No Aplica,No Aplica,VIGENCIA ACTUAL,ENTIDADES TERRITORIALES - CONCEJO,NO DEFINIDO,,NO DEFINIDO,39598642.0,80140792.0,2021,Segundo Trimestre,,,,,,,,,,,,,,,,,,,,,,
356995,20220601,218552585,Pupiales,2,GASTOS,GASTOS,No Aplica,No Aplica,No Aplica,No Aplica,No Aplica,No Aplica,No Aplica,No Aplica,No Aplica,VIGENCIA ACTUAL,ENTIDADES TERRITORIALES - PERSONERIA,NO DEFINIDO,,NO DEFINIDO,136278900.0,150000000.0,2022,Segundo Trimestre,,,,,,,,,,,,,,,,,,,,,,
359798,20220301,218552585,Pupiales,2.1.2.02.02.009,"SERVICIOS PARA LA COMUNIDAD, SOCIALES Y PERSONALES",GASTOS,FUNCIONAMIENTO,ADQUISICION DE BIENES Y SERVICIOS,ADQUISICIONES DIFERENTES DE ACTIVOS,ADQUISICION DE SERVICIOS,"SERVICIOS PARA LA COMUNIDAD, SOCIALES Y PERSONALES",No Aplica,No Aplica,No Aplica,No Aplica,VIGENCIA ACTUAL,ENTIDADES TERRITORIALES - ADMINISTRACION CENTRAL,NO APLICA,0,NO DEFINIDO,531000000.0,541000000.0,2022,Primer Trimestre,,,,,,,,,,,,,,,,,,,,,,
361132,20210301,218552585,Pupiales,2.1.1.01.01,FACTORES CONSTITUTIVOS DE SALARIO,GASTOS,FUNCIONAMIENTO,GASTOS DE PERSONAL,PLANTA DE PERSONAL PERMANENTE,FACTORES CONSTITUTIVOS DE SALARIO,No Aplica,No Aplica,No Aplica,No Aplica,No Aplica,VIGENCIA ACTUAL,ENTIDADES TERRITORIALES - CONCEJO,NO DEFINIDO,,NO DEFINIDO,39598642.0,39598642.0,2021,Primer Trimestre,,,,,,,,,,,,,,,,,,,,,,
362560,20220301,218552585,Pupiales,2.1.3.04.02.002,DISTINTAS A MEMBRESIAS,GASTOS,FUNCIONAMIENTO,TRANSFERENCIAS CORRIENTES,A ORGANIZACIONES NACIONALES,FEDERACION NACIONAL DE MUNICIPIOS,DISTINTAS A MEMBRESIAS,No Aplica,No Aplica,No Aplica,No Aplica,VIGENCIA ACTUAL,ENTIDADES TERRITORIALES - ADMINISTRACION CENTRAL,NO APLICA,0,NO DEFINIDO,1000.0,1000.0,2022,Primer Trimestre,,,,,,,,,,,,,,,,,,,,,,
369998,20220301,218552585,Pupiales,2.1.1,GASTOS DE PERSONAL,GASTOS,FUNCIONAMIENTO,GASTOS DE PERSONAL,No Aplica,No Aplica,No Aplica,No Aplica,No Aplica,No Aplica,No Aplica,VIGENCIA ACTUAL,ENTIDADES TERRITORIALES - PERSONERIA,NO DEFINIDO,,NO DEFINIDO,136278900.0,136278900.0,2022,Primer Trimestre,,,,,,,,,,,,,,,,,,,,,,
370645,20230301,218552585,Pupiales,2.1.2.02,ADQUISICIONES DIFERENTES DE ACTIVOS,GASTOS,FUNCIONAMIENTO,ADQUISICION DE BIENES Y SERVICIOS,ADQUISICIONES DIFERENTES DE ACTIVOS,No Aplica,No Aplica,No Aplica,No Aplica,No Aplica,No Aplica,VIGENCIA ACTUAL,ENTIDADES TERRITORIALES - ADMINISTRACION CENTRAL,NO DEFINIDO,,NO DEFINIDO,408924050.0,519631108.0,2023,Primer Trimestre,,,,,,,,,,,,,,,,,,,,,,
374124,20211201,218552585,Pupiales,2.1.2.01.01.003,MAQUINARIA Y EQUIPO,GASTOS,FUNCIONAMIENTO,ADQUISICION DE BIENES Y SERVICIOS,ADQUISICION DE ACTIVOS NO FINANCIEROS,ACTIVOS FIJOS,MAQUINARIA Y EQUIPO,No Aplica,No Aplica,No Aplica,No Aplica,VIGENCIA ACTUAL,ENTIDADES TERRITORIALES - ADMINISTRACION CENTRAL,NO DEFINIDO,,NO DEFINIDO,25500000.0,23200000.0,2021,Cuarto Trimestre,,,,,,,,,,,,,,,,,,,,,,
374641,20230301,218552585,Pupiales,2.1,FUNCIONAMIENTO,GASTOS,FUNCIONAMIENTO,No Aplica,No Aplica,No Aplica,No Aplica,No Aplica,No Aplica,No Aplica,No Aplica,VIGENCIA ACTUAL,ENTIDADES TERRITORIALES - ADMINISTRACION CENTRAL,NO DEFINIDO,,NO DEFINIDO,1164824850.0,1336533251.0,2023,Primer Trimestre,,,,,,,,,,,,,,,,,,,,,,
380021,20210301,218552585,Pupiales,2.2.2.01.02,PRESTAMOS,GASTOS,SERVICIO DE LA DEUDA PUBLICA,SERVICIO DE LA DEUDA PUBLICA INTERNA,PRINCIPAL,PRESTAMOS,No Aplica,No Aplica,No Aplica,No Aplica,No Aplica,VIGENCIA ACTUAL,ENTIDADES TERRITORIALES - ADMINISTRACION CENTRAL,NO DEFINIDO,,NO DEFINIDO,123631944.0,123631944.0,2021,Primer Trimestre,,,,,,,,,,,,,,,,,,,,,,
380341,20220301,218552585,Pupiales,2.2.2.02.02.002.02,BANCA COMERCIAL,GASTOS,SERVICIO DE LA DEUDA PUBLICA,SERVICIO DE LA DEUDA PUBLICA INTERNA,INTERESES,PRESTAMOS,ENTIDADES FINANCIERAS,BANCA COMERCIAL,No Aplica,No Aplica,No Aplica,VIGENCIA ACTUAL,ENTIDADES TERRITORIALES - ADMINISTRACION CENTRAL,NO DEFINIDO,,NO DEFINIDO,96000000.0,96000000.0,2022,Primer Trimestre,,,,,,,,,,,,,,,,,,,,,,
380985,20220901,218552585,Pupiales,2.1.3.05.04.001.13.01,TRANSFERENCIA DE LA SOBRETASA AMBIENTAL A LAS CORPORACIONES AUTONOMAS REGIONALES,GASTOS,FUNCIONAMIENTO,TRANSFERENCIAS CORRIENTES,A ENTIDADES DEL GOBIERNO,PARTICIPACIONES DISTINTAS DEL SGP,PARTICIPACIONES DE IMPUESTOS,PARTICIPACION DE LA SOBRETASA AMBIENTAL,TRANSFERENCIA DE LA SOBRETASA AMBIENTAL A LAS CORPORACIONES AUTONOMAS REGIONALES,No Aplica,No Aplica,VIGENCIA ACTUAL,ENTIDADES TERRITORIALES - ADMINISTRACION CENTRAL,NO APLICA,0,NO DEFINIDO,45000000.0,58304214.0,2022,Tercer Trimestre,,,,,,,,,,,,,,,,,,,,,,
381527,20211201,218552585,Pupiales,2.1.2,ADQUISICION DE BIENES Y SERVICIOS,GASTOS,FUNCIONAMIENTO,ADQUISICION DE BIENES Y SERVICIOS,No Aplica,No Aplica,No Aplica,No Aplica,No Aplica,No Aplica,No Aplica,VIGENCIA ACTUAL,ENTIDADES TERRITORIALES - ADMINISTRACION CENTRAL,NO DEFINIDO,,NO DEFINIDO,648108132.0,804671366.0,2021,Cuarto Trimestre,,,,,,,,,,,,,,,,,,,,,,
382789,20211201,218552585,Pupiales,2.1.1.01.02.009,APORTES A ESCUELAS INDUSTRIALES E INSTITUTOS TECNICOS,GASTOS,FUNCIONAMIENTO,GASTOS DE PERSONAL,PLANTA DE PERSONAL PERMANENTE,CONTRIBUCIONES INHERENTES A LA NOMINA,APORTES A ESCUELAS INDUSTRIALES E INSTITUTOS TECNICOS,No Aplica,No Aplica,No Aplica,No Aplica,VIGENCIA ACTUAL,ENTIDADES TERRITORIALES - ADMINISTRACION CENTRAL,NO APLICA,0,NO DEFINIDO,7162369.0,3969748.0,2021,Cuarto Trimestre,,,,,,,,,,,,,,,,,,,,,,
387839,20220901,218552585,Pupiales,2.1.1,GASTOS DE PERSONAL,GASTOS,FUNCIONAMIENTO,GASTOS DE PERSONAL,No Aplica,No Aplica,No Aplica,No Aplica,No Aplica,No Aplica,No Aplica,VIGENCIA ACTUAL,ENTIDADES TERRITORIALES - ADMINISTRACION CENTRAL,NO DEFINIDO,,NO DEFINIDO,896628550.0,984621851.0,2022,Tercer Trimestre,,,,,,,,,,,,,,,,,,,,,,
387964,20230301,218552585,Pupiales,2.1.2.02.01.003,"OTROS BIENES TRANSPORTABLES EXCEPTO PRODUCTOS METALICOS, MAQUINARIA Y EQUIPO",GASTOS,FUNCIONAMIENTO,ADQUISICION DE BIENES Y SERVICIOS,ADQUISICIONES DIFERENTES DE ACTIVOS,MATERIALES Y SUMINISTROS,"OTROS BIENES TRANSPORTABLES EXCEPTO PRODUCTOS METALICOS, MAQUINARIA Y EQUIPO",No Aplica,No Aplica,No Aplica,No Aplica,VIGENCIA ACTUAL,ENTIDADES TERRITORIALES - ADMINISTRACION CENTRAL,NO APLICA,0,NO DEFINIDO,15000000.0,25500000.0,2023,Primer Trimestre,,,,,,,,,,,,,,,,,,,,,,
388377,20210601,218552585,Pupiales,2.1.1.01.02.009,APORTES A ESCUELAS INDUSTRIALES E INSTITUTOS TECNICOS,GASTOS,FUNCIONAMIENTO,GASTOS DE PERSONAL,PLANTA DE PERSONAL PERMANENTE,CONTRIBUCIONES INHERENTES A LA NOMINA,APORTES A ESCUELAS INDUSTRIALES E INSTITUTOS TECNICOS,No Aplica,No Aplica,No Aplica,No Aplica,VIGENCIA ACTUAL,ENTIDADES TERRITORIALES - ADMINISTRACION CENTRAL,NO APLICA,0,NO DEFINIDO,7162369.0,7162369.0,2021,Segundo Trimestre,,,,,,,,,,,,,,,,,,,,,,
389439,20230601,218552585,Pupiales,2.1.2.02.02.007,SERVICIOS FINANCIEROS Y SERVICIOS CONEXOS; SERVICIOS INMOBILIARIOS; Y SERVICIOS DE ARRENDAMIENTO Y LEASING,GASTOS,FUNCIONAMIENTO,ADQUISICION DE BIENES Y SERVICIOS,ADQUISICIONES DIFERENTES DE ACTIVOS,ADQUISICION DE SERVICIOS,SERVICIOS FINANCIEROS Y SERVICIOS CONEXOS; SERVICIOS INMOBILIARIOS; Y SERVICIOS DE ARRENDAMIENTO Y LEASING,No Aplica,No Aplica,No Aplica,No Aplica,VIGENCIA ACTUAL,ENTIDADES TERRITORIALES - ADMINISTRACION CENTRAL,NO APLICA,0,NO DEFINIDO,25000000.0,27950000.0,2023,Segundo Trimestre,,,,,,,,,,,,,,,,,,,,,,
390245,20210301,218552585,Pupiales,2.2,SERVICIO DE LA DEUDA PUBLICA,GASTOS,SERVICIO DE LA DEUDA PUBLICA,No Aplica,No Aplica,No Aplica,No Aplica,No Aplica,No Aplica,No Aplica,No Aplica,VIGENCIA ACTUAL,ENTIDADES TERRITORIALES - ADMINISTRACION CENTRAL,NO DEFINIDO,,NO DEFINIDO,161976630.0,161976630.0,2021,Primer Trimestre,,,,,,,,,,,,,,,,,,,,,,
395730,20210301,218552585,Pupiales,2.1.1.01.03.001.02,INDEMNIZACION POR VACACIONES,GASTOS,FUNCIONAMIENTO,GASTOS DE PERSONAL,PLANTA DE PERSONAL PERMANENTE,REMUNERACIONES NO CONSTITUTIVAS DE FACTOR SALARIAL,PRESTACIONES SOCIALES,INDEMNIZACION POR VACACIONES,No Aplica,No Aplica,No Aplica,VIGENCIA ACTUAL,ENTIDADES TERRITORIALES - ADMINISTRACION CENTRAL,NO APLICA,0,NO DEFINIDO,9500000.0,9500000.0,2021,Primer Trimestre,,,,,,,,,,,,,,,,,,,,,,
396711,20211201,218552585,Pupiales,2.1.1.01.01,FACTORES CONSTITUTIVOS DE SALARIO,GASTOS,FUNCIONAMIENTO,GASTOS DE PERSONAL,PLANTA DE PERSONAL PERMANENTE,FACTORES CONSTITUTIVOS DE SALARIO,No Aplica,No Aplica,No Aplica,No Aplica,No Aplica,VIGENCIA ACTUAL,ENTIDADES TERRITORIALES - PERSONERIA,NO DEFINIDO,,NO DEFINIDO,131670450.0,136278900.0,2021,Cuarto Trimestre,,,,,,,,,,,,,,,,,,,,,,
398073,20230301,218552585,Pupiales,2.1.3.07.02.001,MESADAS PENSIONALES DE PENSIONES,GASTOS,FUNCIONAMIENTO,TRANSFERENCIAS CORRIENTES,PRESTACIONES PARA CUBRIR RIESGOS SOCIALES,PRESTACIONES SOCIALES RELACIONADAS CON EL EMPLEO,MESADAS PENSIONALES DE PENSIONES,No Aplica,No Aplica,No Aplica,No Aplica,VIGENCIA ACTUAL,ENTIDADES TERRITORIALES - ADMINISTRACION CENTRAL,NO DEFINIDO,,NO DEFINIDO,1000.0,1000.0,2023,Primer Trimestre,,,,,,,,,,,,,,,,,,,,,,
398900,20210901,218552585,Pupiales,2.1.1.01.03.001.01,VACACIONES,GASTOS,FUNCIONAMIENTO,GASTOS DE PERSONAL,PLANTA DE PERSONAL PERMANENTE,REMUNERACIONES NO CONSTITUTIVAS DE FACTOR SALARIAL,PRESTACIONES SOCIALES,VACACIONES,No Aplica,No Aplica,No Aplica,VIGENCIA ACTUAL,ENTIDADES TERRITORIALES - ADMINISTRACION CENTRAL,NO APLICA,0,NO DEFINIDO,13961722.0,18561722.0,2021,Tercer Trimestre,,,,,,,,,,,,,,,,,,,,,,
400691,20230601,218552585,Pupiales,2.1.1.01.02,CONTRIBUCIONES INHERENTES A LA NOMINA,GASTOS,FUNCIONAMIENTO,GASTOS DE PERSONAL,PLANTA DE PERSONAL PERMANENTE,CONTRIBUCIONES INHERENTES A LA NOMINA,No Aplica,No Aplica,No Aplica,No Aplica,No Aplica,VIGENCIA ACTUAL,ENTIDADES TERRITORIALES - CONCEJO,NO DEFINIDO,,NO DEFINIDO,2911000.0,2911000.0,2023,Segundo Trimestre,,,,,,,,,,,,,,,,,,,,,,
403980,20210601,218552585,Pupiales,2.1.3,TRANSFERENCIAS CORRIENTES,GASTOS,FUNCIONAMIENTO,TRANSFERENCIAS CORRIENTES,No Aplica,No Aplica,No Aplica,No Aplica,No Aplica,No Aplica,No Aplica,VIGENCIA ACTUAL,ENTIDADES TERRITORIALES - ADMINISTRACION CENTRAL,NO DEFINIDO,,NO DEFINIDO,1000.0,1000.0,2021,Segundo Trimestre,,,,,,,,,,,,,,,,,,,,,,
404136,20221201,218552585,Pupiales,2.1.2.02.02.006,"COMERCIO Y DISTRIBUCION; ALOJAMIENTO; SERVICIOS DE SUMINISTRO DE COMIDAS Y BEBIDAS; SERVICIOS DE TRANSPORTE; Y SERVICIOS DE DISTRIBUCION DE ELECTRICIDAD, GAS Y AGUA",GASTOS,FUNCIONAMIENTO,ADQUISICION DE BIENES Y SERVICIOS,ADQUISICIONES DIFERENTES DE ACTIVOS,ADQUISICION DE SERVICIOS,"COMERCIO Y DISTRIBUCION; ALOJAMIENTO; SERVICIOS DE SUMINISTRO DE COMIDAS Y BEBIDAS; SERVICIOS DE TRANSPORTE; Y SERVICIOS DE DISTRIBUCION DE ELECTRICIDAD, GAS Y AGUA",No Aplica,No Aplica,No Aplica,No Aplica,VIGENCIA ACTUAL,ENTIDADES TERRITORIALES - ADMINISTRACION CENTRAL,NO APLICA,0,NO DEFINIDO,44363916.0,92948392.0,2022,Cuarto Trimestre,,,,,,,,,,,,,,,,,,,,,,
404987,20230301,218552585,Pupiales,2.2.2.02.02.002,ENTIDADES FINANCIERAS,GASTOS,SERVICIO DE LA DEUDA PUBLICA,SERVICIO DE LA DEUDA PUBLICA INTERNA,INTERESES,PRESTAMOS,ENTIDADES FINANCIERAS,No Aplica,No Aplica,No Aplica,No Aplica,VIGENCIA ACTUAL,ENTIDADES TERRITORIALES - ADMINISTRACION CENTRAL,NO DEFINIDO,,NO DEFINIDO,130000000.0,130000000.0,2023,Primer Trimestre,,,,,,,,,,,,,,,,,,,,,,
408398,20220301,218552585,Pupiales,2.1.1.01.03.001,PRESTACIONES SOCIALES,GASTOS,FUNCIONAMIENTO,GASTOS DE PERSONAL,PLANTA DE PERSONAL PERMANENTE,REMUNERACIONES NO CONSTITUTIVAS DE FACTOR SALARIAL,PRESTACIONES SOCIALES,No Aplica,No Aplica,No Aplica,No Aplica,VIGENCIA ACTUAL,ENTIDADES TERRITORIALES - ADMINISTRACION CENTRAL,NO DEFINIDO,,NO DEFINIDO,41000000.0,41000000.0,2022,Primer Trimestre,,,,,,,,,,,,,,,,,,,,,,
408514,20220301,218552585,Pupiales,2.1.1.01.02,CONTRIBUCIONES INHERENTES A LA NOMINA,GASTOS,FUNCIONAMIENTO,GASTOS DE PERSONAL,PLANTA DE PERSONAL PERMANENTE,CONTRIBUCIONES INHERENTES A LA NOMINA,No Aplica,No Aplica,No Aplica,No Aplica,No Aplica,VIGENCIA ACTUAL,ENTIDADES TERRITORIALES - ADMINISTRACION CENTRAL,NO DEFINIDO,,NO DEFINIDO,283228550.0,283228550.0,2022,Primer Trimestre,,,,,,,,,,,,,,,,,,,,,,
410322,20230601,218552585,Pupiales,2.1.2.01.01,ACTIVOS FIJOS,GASTOS,FUNCIONAMIENTO,ADQUISICION DE BIENES Y SERVICIOS,ADQUISICION DE ACTIVOS NO FINANCIEROS,ACTIVOS FIJOS,No Aplica,No Aplica,No Aplica,No Aplica,No Aplica,VIGENCIA ACTUAL,ENTIDADES TERRITORIALES - ADMINISTRACION CENTRAL,NO DEFINIDO,,NO DEFINIDO,6000000.0,23000000.0,2023,Segundo Trimestre,,,,,,,,,,,,,,,,,,,,,,
411802,20230301,218552585,Pupiales,2.1.3.05,A ENTIDADES DEL GOBIERNO,GASTOS,FUNCIONAMIENTO,TRANSFERENCIAS CORRIENTES,A ENTIDADES DEL GOBIERNO,No Aplica,No Aplica,No Aplica,No Aplica,No Aplica,No Aplica,VIGENCIA ACTUAL,ENTIDADES TERRITORIALES - ADMINISTRACION CENTRAL,NO DEFINIDO,,NO DEFINIDO,18000000.0,18000000.0,2023,Primer Trimestre,,,,,,,,,,,,,,,,,,,,,,
412542,20220301,218552585,Pupiales,2.1.2.01.01,ACTIVOS FIJOS,GASTOS,FUNCIONAMIENTO,ADQUISICION DE BIENES Y SERVICIOS,ADQUISICION DE ACTIVOS NO FINANCIEROS,ACTIVOS FIJOS,No Aplica,No Aplica,No Aplica,No Aplica,No Aplica,VIGENCIA ACTUAL,ENTIDADES TERRITORIALES - ADMINISTRACION CENTRAL,NO DEFINIDO,,NO DEFINIDO,20000000.0,20000000.0,2022,Primer Trimestre,,,,,,,,,,,,,,,,,,,,,,
413945,20230601,218552585,Pupiales,2.2.2.02.02.002.02.03,BANCA COMERCIAL,GASTOS,SERVICIO DE LA DEUDA PUBLICA,SERVICIO DE LA DEUDA PUBLICA INTERNA,INTERESES,PRESTAMOS,ENTIDADES FINANCIERAS,BANCA COMERCIAL,BANCA COMERCIAL,No Aplica,No Aplica,VIGENCIA ACTUAL,ENTIDADES TERRITORIALES - ADMINISTRACION CENTRAL,NO APLICA,0,NO DEFINIDO,133541462.0,183008462.0,2023,Segundo Trimestre,,,,,,,,,,,,,,,,,,,,,,
414690,20230601,218552585,Pupiales,2,GASTOS,GASTOS,No Aplica,No Aplica,No Aplica,No Aplica,No Aplica,No Aplica,No Aplica,No Aplica,No Aplica,RESERVAS,ENTIDADES TERRITORIALES - ADMINISTRACION CENTRAL,NO DEFINIDO,,NO DEFINIDO,1140355793.0,1140355793.0,2023,Segundo Trimestre,,,,,,,,,,,,,,,,,,,,,,
415551,20230601,218552585,Pupiales,2.1.1.01.02.005,APORTES GENERALES AL SISTEMA DE RIESGOS LABORALES,GASTOS,FUNCIONAMIENTO,GASTOS DE PERSONAL,PLANTA DE PERSONAL PERMANENTE,CONTRIBUCIONES INHERENTES A LA NOMINA,APORTES GENERALES AL SISTEMA DE RIESGOS LABORALES,No Aplica,No Aplica,No Aplica,No Aplica,VIGENCIA ACTUAL,ENTIDADES TERRITORIALES - ADMINISTRACION CENTRAL,NO APLICA,0,NO DEFINIDO,3000000.0,3000000.0,2023,Segundo Trimestre,,,,,,,,,,,,,,,,,,,,,,
415929,20210601,218552585,Pupiales,2.1.1.01.03.001.03,BONIFICACION ESPECIAL DE RECREACION,GASTOS,FUNCIONAMIENTO,GASTOS DE PERSONAL,PLANTA DE PERSONAL PERMANENTE,REMUNERACIONES NO CONSTITUTIVAS DE FACTOR SALARIAL,PRESTACIONES SOCIALES,BONIFICACION ESPECIAL DE RECREACION,No Aplica,No Aplica,No Aplica,VIGENCIA ACTUAL,ENTIDADES TERRITORIALES - ADMINISTRACION CENTRAL,NO APLICA,0,NO DEFINIDO,7420000.0,7420000.0,2021,Segundo Trimestre,,,,,,,,,,,,,,,,,,,,,,
418511,20220301,218552585,Pupiales,2.1.1.01.03.001.01,VACACIONES,GASTOS,FUNCIONAMIENTO,GASTOS DE PERSONAL,PLANTA DE PERSONAL PERMANENTE,REMUNERACIONES NO CONSTITUTIVAS DE FACTOR SALARIAL,PRESTACIONES SOCIALES,VACACIONES,No Aplica,No Aplica,No Aplica,VIGENCIA ACTUAL,ENTIDADES TERRITORIALES - ADMINISTRACION CENTRAL,NO APLICA,0,NO DEFINIDO,23000000.0,23000000.0,2022,Primer Trimestre,,,,,,,,,,,,,,,,,,,,,,
418689,20210601,218552585,Pupiales,2.1.1,GASTOS DE PERSONAL,GASTOS,FUNCIONAMIENTO,GASTOS DE PERSONAL,No Aplica,No Aplica,No Aplica,No Aplica,No Aplica,No Aplica,No Aplica,VIGENCIA ACTUAL,ENTIDADES TERRITORIALES - CONCEJO,NO DEFINIDO,,NO DEFINIDO,249787522.0,249787522.0,2021,Segundo Trimestre,,,,,,,,,,,,,,,,,,,,,,
420097,20210901,218552585,Pupiales,2.1.1.01.02.004,APORTES A CAJAS DE COMPENSACION FAMILIAR,GASTOS,FUNCIONAMIENTO,GASTOS DE PERSONAL,PLANTA DE PERSONAL PERMANENTE,CONTRIBUCIONES INHERENTES A LA NOMINA,APORTES A CAJAS DE COMPENSACION FAMILIAR,No Aplica,No Aplica,No Aplica,No Aplica,VIGENCIA ACTUAL,ENTIDADES TERRITORIALES - ADMINISTRACION CENTRAL,NO APLICA,0,NO DEFINIDO,28651096.0,19435096.0,2021,Tercer Trimestre,,,,,,,,,,,,,,,,,,,,,,
420928,20230301,218552585,Pupiales,2.1.1.01.03,REMUNERACIONES NO CONSTITUTIVAS DE FACTOR SALARIAL,GASTOS,FUNCIONAMIENTO,GASTOS DE PERSONAL,PLANTA DE PERSONAL PERMANENTE,REMUNERACIONES NO CONSTITUTIVAS DE FACTOR SALARIAL,No Aplica,No Aplica,No Aplica,No Aplica,No Aplica,VIGENCIA ACTUAL,ENTIDADES TERRITORIALES - ADMINISTRACION CENTRAL,NO DEFINIDO,,NO DEFINIDO,81788141.0,81788141.0,2023,Primer Trimestre,,,,,,,,,,,,,,,,,,,,,,
421119,20230601,218552585,Pupiales,2.1.1.01.01.001,FACTORES SALARIALES COMUNES,GASTOS,FUNCIONAMIENTO,GASTOS DE PERSONAL,PLANTA DE PERSONAL PERMANENTE,FACTORES CONSTITUTIVOS DE SALARIO,FACTORES SALARIALES COMUNES,No Aplica,No Aplica,No Aplica,No Aplica,VIGENCIA ACTUAL,ENTIDADES TERRITORIALES - PERSONERIA,NO DEFINIDO,,NO DEFINIDO,165000000.0,165000000.0,2023,Segundo Trimestre,,,,,,,,,,,,,,,,,,,,,,
426729,20220901,218552585,Pupiales,2.1.3.04.02.002,DISTINTAS A MEMBRESIAS,GASTOS,FUNCIONAMIENTO,TRANSFERENCIAS CORRIENTES,A ORGANIZACIONES NACIONALES,FEDERACION NACIONAL DE MUNICIPIOS,DISTINTAS A MEMBRESIAS,No Aplica,No Aplica,No Aplica,No Aplica,VIGENCIA ACTUAL,ENTIDADES TERRITORIALES - ADMINISTRACION CENTRAL,NO APLICA,0,NO DEFINIDO,1000.0,1000.0,2022,Tercer Trimestre,,,,,,,,,,,,,,,,,,,,,,
426826,20230601,218552585,Pupiales,2.1.1.01.03.001.03,BONIFICACION ESPECIAL DE RECREACION,GASTOS,FUNCIONAMIENTO,GASTOS DE PERSONAL,PLANTA DE PERSONAL PERMANENTE,REMUNERACIONES NO CONSTITUTIVAS DE FACTOR SALARIAL,PRESTACIONES SOCIALES,BONIFICACION ESPECIAL DE RECREACION,No Aplica,No Aplica,No Aplica,VIGENCIA ACTUAL,ENTIDADES TERRITORIALES - ADMINISTRACION CENTRAL,NO APLICA,0,NO DEFINIDO,3500000.0,3500000.0,2023,Segundo Trimestre,,,,,,,,,,,,,,,,,,,,,,
426911,20230601,218552585,Pupiales,2.1.1,GASTOS DE PERSONAL,GASTOS,FUNCIONAMIENTO,GASTOS DE PERSONAL,No Aplica,No Aplica,No Aplica,No Aplica,No Aplica,No Aplica,No Aplica,VIGENCIA ACTUAL,ENTIDADES TERRITORIALES - ADMINISTRACION CENTRAL,NO DEFINIDO,,NO DEFINIDO,1053489000.0,1130216000.0,2023,Segundo Trimestre,,,,,,,,,,,,,,,,,,,,,,
427894,20230601,218552585,Pupiales,2.2.2.01.02,PRESTAMOS,GASTOS,SERVICIO DE LA DEUDA PUBLICA,SERVICIO DE LA DEUDA PUBLICA INTERNA,PRINCIPAL,PRESTAMOS,No Aplica,No Aplica,No Aplica,No Aplica,No Aplica,VIGENCIA ACTUAL,ENTIDADES TERRITORIALES - ADMINISTRACION CENTRAL,NO DEFINIDO,,NO DEFINIDO,379197251.0,379197251.0,2023,Segundo Trimestre,,,,,,,,,,,,,,,,,,,,,,
429680,20230601,218552585,Pupiales,2,GASTOS,GASTOS,No Aplica,No Aplica,No Aplica,No Aplica,No Aplica,No Aplica,No Aplica,No Aplica,No Aplica,CUENTAS POR PAGAR,ENTIDADES TERRITORIALES - ADMINISTRACION CENTRAL,NO DEFINIDO,,NO DEFINIDO,142681392.0,142681392.0,2023,Segundo Trimestre,,,,,,,,,,,,,,,,,,,,,,
434906,20230301,218552585,Pupiales,2.1.3.05.04,PARTICIPACIONES DISTINTAS DEL SGP,GASTOS,FUNCIONAMIENTO,TRANSFERENCIAS CORRIENTES,A ENTIDADES DEL GOBIERNO,PARTICIPACIONES DISTINTAS DEL SGP,No Aplica,No Aplica,No Aplica,No Aplica,No Aplica,VIGENCIA ACTUAL,ENTIDADES TERRITORIALES - ADMINISTRACION CENTRAL,NO DEFINIDO,,NO DEFINIDO,18000000.0,18000000.0,2023,Primer Trimestre,,,,,,,,,,,,,,,,,,,,,,
439760,20210901,218552585,Pupiales,2.1.1,GASTOS DE PERSONAL,GASTOS,FUNCIONAMIENTO,GASTOS DE PERSONAL,No Aplica,No Aplica,No Aplica,No Aplica,No Aplica,No Aplica,No Aplica,VIGENCIA ACTUAL,ENTIDADES TERRITORIALES - PERSONERIA,NO DEFINIDO,,NO DEFINIDO,131670450.0,131670450.0,2021,Tercer Trimestre,,,,,,,,,,,,,,,,,,,,,,
441041,20211201,218552585,Pupiales,2.1.1.01.03.001.01,VACACIONES,GASTOS,FUNCIONAMIENTO,GASTOS DE PERSONAL,PLANTA DE PERSONAL PERMANENTE,REMUNERACIONES NO CONSTITUTIVAS DE FACTOR SALARIAL,PRESTACIONES SOCIALES,VACACIONES,No Aplica,No Aplica,No Aplica,VIGENCIA ACTUAL,ENTIDADES TERRITORIALES - ADMINISTRACION CENTRAL,NO APLICA,0,NO DEFINIDO,13961722.0,22156722.0,2021,Cuarto Trimestre,,,,,,,,,,,,,,,,,,,,,,
441586,20230301,218552585,Pupiales,2.1.3.04.02.001,MEMBRESIAS,GASTOS,FUNCIONAMIENTO,TRANSFERENCIAS CORRIENTES,A ORGANIZACIONES NACIONALES,FEDERACION NACIONAL DE MUNICIPIOS,MEMBRESIAS,No Aplica,No Aplica,No Aplica,No Aplica,VIGENCIA ACTUAL,ENTIDADES TERRITORIALES - ADMINISTRACION CENTRAL,NO APLICA,0,NO DEFINIDO,503000.0,503000.0,2023,Primer Trimestre,,,,,,,,,,,,,,,,,,,,,,
444184,20220901,218552585,Pupiales,2.1.1.01.02.008,APORTES A LA ESAP,GASTOS,FUNCIONAMIENTO,GASTOS DE PERSONAL,PLANTA DE PERSONAL PERMANENTE,CONTRIBUCIONES INHERENTES A LA NOMINA,APORTES A LA ESAP,No Aplica,No Aplica,No Aplica,No Aplica,VIGENCIA ACTUAL,ENTIDADES TERRITORIALES - ADMINISTRACION CENTRAL,NO APLICA,0,NO DEFINIDO,2500000.0,2500000.0,2022,Tercer Trimestre,,,,,,,,,,,,,,,,,,,,,,
446331,20230301,218552585,Pupiales,2.1.3.07,PRESTACIONES PARA CUBRIR RIESGOS SOCIALES,GASTOS,FUNCIONAMIENTO,TRANSFERENCIAS CORRIENTES,PRESTACIONES PARA CUBRIR RIESGOS SOCIALES,No Aplica,No Aplica,No Aplica,No Aplica,No Aplica,No Aplica,VIGENCIA ACTUAL,ENTIDADES TERRITORIALES - ADMINISTRACION CENTRAL,NO DEFINIDO,,NO DEFINIDO,1000.0,1000.0,2023,Primer Trimestre,,,,,,,,,,,,,,,,,,,,,,
446820,20210301,218552585,Pupiales,2,GASTOS,GASTOS,No Aplica,No Aplica,No Aplica,No Aplica,No Aplica,No Aplica,No Aplica,No Aplica,No Aplica,VIGENCIA ACTUAL,ENTIDADES TERRITORIALES - ADMINISTRACION CENTRAL,NO DEFINIDO,,NO DEFINIDO,21052515998.0,22638704734.0,2021,Primer Trimestre,,,,,,,,,,,,,,,,,,,,,,
449315,20210901,218552585,Pupiales,2.1.1.01.02.003,APORTES DE CESANTIAS,GASTOS,FUNCIONAMIENTO,GASTOS DE PERSONAL,PLANTA DE PERSONAL PERMANENTE,CONTRIBUCIONES INHERENTES A LA NOMINA,APORTES DE CESANTIAS,No Aplica,No Aplica,No Aplica,No Aplica,VIGENCIA ACTUAL,ENTIDADES TERRITORIALES - ADMINISTRACION CENTRAL,NO APLICA,0,NO DEFINIDO,37100000.0,25500000.0,2021,Tercer Trimestre,,,,,,,,,,,,,,,,,,,,,,
450445,20230301,218552585,Pupiales,2.1.3,TRANSFERENCIAS CORRIENTES,GASTOS,FUNCIONAMIENTO,TRANSFERENCIAS CORRIENTES,No Aplica,No Aplica,No Aplica,No Aplica,No Aplica,No Aplica,No Aplica,VIGENCIA ACTUAL,ENTIDADES TERRITORIALES - ADMINISTRACION CENTRAL,NO DEFINIDO,,NO DEFINIDO,18504000.0,18504000.0,2023,Primer Trimestre,,,,,,,,,,,,,,,,,,,,,,
451139,20221201,218552585,Pupiales,2.1.2.02.02.007,SERVICIOS FINANCIEROS Y SERVICIOS CONEXOS; SERVICIOS INMOBILIARIOS; Y SERVICIOS DE ARRENDAMIENTO Y LEASING,GASTOS,FUNCIONAMIENTO,ADQUISICION DE BIENES Y SERVICIOS,ADQUISICIONES DIFERENTES DE ACTIVOS,ADQUISICION DE SERVICIOS,SERVICIOS FINANCIEROS Y SERVICIOS CONEXOS; SERVICIOS INMOBILIARIOS; Y SERVICIOS DE ARRENDAMIENTO Y LEASING,No Aplica,No Aplica,No Aplica,No Aplica,VIGENCIA ACTUAL,ENTIDADES TERRITORIALES - ADMINISTRACION CENTRAL,NO APLICA,0,NO DEFINIDO,20001000.0,16649900.0,2022,Cuarto Trimestre,,,,,,,,,,,,,,,,,,,,,,
452678,20230301,218552585,Pupiales,2.1.8,"GASTOS POR TRIBUTOS, TASAS, CONTRIBUCIONES, MULTAS, SANCIONES E INTERESES DE MORA",GASTOS,FUNCIONAMIENTO,"GASTOS POR TRIBUTOS, TASAS, CONTRIBUCIONES, MULTAS, SANCIONES E INTERESES DE MORA",No Aplica,No Aplica,No Aplica,No Aplica,No Aplica,No Aplica,No Aplica,VIGENCIA ACTUAL,ENTIDADES TERRITORIALES - ADMINISTRACION CENTRAL,NO DEFINIDO,,NO DEFINIDO,17000000.0,17000000.0,2023,Primer Trimestre,,,,,,,,,,,,,,,,,,,,,,
461342,20221201,218552585,Pupiales,2.1.1.01.02.004,APORTES A CAJAS DE COMPENSACION FAMILIAR,GASTOS,FUNCIONAMIENTO,GASTOS DE PERSONAL,PLANTA DE PERSONAL PERMANENTE,CONTRIBUCIONES INHERENTES A LA NOMINA,APORTES A CAJAS DE COMPENSACION FAMILIAR,No Aplica,No Aplica,No Aplica,No Aplica,VIGENCIA ACTUAL,ENTIDADES TERRITORIALES - ADMINISTRACION CENTRAL,NO APLICA,0,NO DEFINIDO,21600000.0,22294773.0,2022,Cuarto Trimestre,,,,,,,,,,,,,,,,,,,,,,
471087,20221201,218552585,Pupiales,2.1.1.01,PLANTA DE PERSONAL PERMANENTE,GASTOS,FUNCIONAMIENTO,GASTOS DE PERSONAL,PLANTA DE PERSONAL PERMANENTE,No Aplica,No Aplica,No Aplica,No Aplica,No Aplica,No Aplica,VIGENCIA ACTUAL,ENTIDADES TERRITORIALES - CONCEJO,NO DEFINIDO,,NO DEFINIDO,268089210.0,186360699.0,2022,Cuarto Trimestre,,,,,,,,,,,,,,,,,,,,,,
473002,20210601,218552585,Pupiales,2.2.2.01.02.002,ENTIDADES FINANCIERAS,GASTOS,SERVICIO DE LA DEUDA PUBLICA,SERVICIO DE LA DEUDA PUBLICA INTERNA,PRINCIPAL,PRESTAMOS,ENTIDADES FINANCIERAS,No Aplica,No Aplica,No Aplica,No Aplica,VIGENCIA ACTUAL,ENTIDADES TERRITORIALES - ADMINISTRACION CENTRAL,NO DEFINIDO,,NO DEFINIDO,123631944.0,123631944.0,2021,Segundo Trimestre,,,,,,,,,,,,,,,,,,,,,,
477365,20220601,218552585,Pupiales,2.1,FUNCIONAMIENTO,GASTOS,FUNCIONAMIENTO,No Aplica,No Aplica,No Aplica,No Aplica,No Aplica,No Aplica,No Aplica,No Aplica,VIGENCIA ACTUAL,ENTIDADES TERRITORIALES - ADMINISTRACION CENTRAL,NO DEFINIDO,,NO DEFINIDO,1722239832.0,1909119261.0,2022,Segundo Trimestre,,,,,,,,,,,,,,,,,,,,,,
477957,20220301,218552585,Pupiales,2.1.3.04.02,FEDERACION NACIONAL DE MUNICIPIOS,GASTOS,FUNCIONAMIENTO,TRANSFERENCIAS CORRIENTES,A ORGANIZACIONES NACIONALES,FEDERACION NACIONAL DE MUNICIPIOS,No Aplica,No Aplica,No Aplica,No Aplica,No Aplica,VIGENCIA ACTUAL,ENTIDADES TERRITORIALES - ADMINISTRACION CENTRAL,NO DEFINIDO,,NO DEFINIDO,1000.0,1000.0,2022,Primer Trimestre,,,,,,,,,,,,,,,,,,,,,,
479267,20210601,218552585,Pupiales,2.1.1.01.01.001.01,SUELDO BASICO,GASTOS,FUNCIONAMIENTO,GASTOS DE PERSONAL,PLANTA DE PERSONAL PERMANENTE,FACTORES CONSTITUTIVOS DE SALARIO,FACTORES SALARIALES COMUNES,SUELDO BASICO,No Aplica,No Aplica,No Aplica,VIGENCIA ACTUAL,ENTIDADES TERRITORIALES - PERSONERIA,NO APLICA,0,NO DEFINIDO,131670450.0,131670450.0,2021,Segundo Trimestre,,,,,,,,,,,,,,,,,,,,,,
481817,20230601,218552585,Pupiales,2.1.2.02.01.003,"OTROS BIENES TRANSPORTABLES EXCEPTO PRODUCTOS METALICOS, MAQUINARIA Y EQUIPO",GASTOS,FUNCIONAMIENTO,ADQUISICION DE BIENES Y SERVICIOS,ADQUISICIONES DIFERENTES DE ACTIVOS,MATERIALES Y SUMINISTROS,"OTROS BIENES TRANSPORTABLES EXCEPTO PRODUCTOS METALICOS, MAQUINARIA Y EQUIPO",No Aplica,No Aplica,No Aplica,No Aplica,VIGENCIA ACTUAL,ENTIDADES TERRITORIALES - ADMINISTRACION CENTRAL,NO APLICA,0,NO DEFINIDO,27000000.0,49480000.0,2023,Segundo Trimestre,,,,,,,,,,,,,,,,,,,,,,
485490,20211201,218552585,Pupiales,2.2.2,SERVICIO DE LA DEUDA PUBLICA INTERNA,GASTOS,SERVICIO DE LA DEUDA PUBLICA,SERVICIO DE LA DEUDA PUBLICA INTERNA,No Aplica,No Aplica,No Aplica,No Aplica,No Aplica,No Aplica,No Aplica,VIGENCIA ACTUAL,ENTIDADES TERRITORIALES - ADMINISTRACION CENTRAL,NO DEFINIDO,,NO DEFINIDO,161976630.0,263212391.0,2021,Cuarto Trimestre,,,,,,,,,,,,,,,,,,,,,,
485710,20220601,218552585,Pupiales,2.1.1.01.01,FACTORES CONSTITUTIVOS DE SALARIO,GASTOS,FUNCIONAMIENTO,GASTOS DE PERSONAL,PLANTA DE PERSONAL PERMANENTE,FACTORES CONSTITUTIVOS DE SALARIO,No Aplica,No Aplica,No Aplica,No Aplica,No Aplica,VIGENCIA ACTUAL,ENTIDADES TERRITORIALES - ADMINISTRACION CENTRAL,NO DEFINIDO,,NO DEFINIDO,526650000.0,616440450.0,2022,Segundo Trimestre,,,,,,,,,,,,,,,,,,,,,,
490543,20211201,218552585,Pupiales,2.1.2.01.01.004,ACTIVOS FIJOS NO CLASIFICADOS COMO MAQUINARIA Y EQUIPO,GASTOS,FUNCIONAMIENTO,ADQUISICION DE BIENES Y SERVICIOS,ADQUISICION DE ACTIVOS NO FINANCIEROS,ACTIVOS FIJOS,ACTIVOS FIJOS NO CLASIFICADOS COMO MAQUINARIA Y EQUIPO,No Aplica,No Aplica,No Aplica,No Aplica,VIGENCIA ACTUAL,ENTIDADES TERRITORIALES - ADMINISTRACION CENTRAL,NO DEFINIDO,,NO DEFINIDO,14500000.0,0.0,2021,Cuarto Trimestre,,,,,,,,,,,,,,,,,,,,,,
490797,20210601,218552585,Pupiales,2.1.1.01.01.001.08.02,PRIMA DE VACACIONES,GASTOS,FUNCIONAMIENTO,GASTOS DE PERSONAL,PLANTA DE PERSONAL PERMANENTE,FACTORES CONSTITUTIVOS DE SALARIO,FACTORES SALARIALES COMUNES,PRESTACIONES SOCIALES,PRIMA DE VACACIONES,No Aplica,No Aplica,VIGENCIA ACTUAL,ENTIDADES TERRITORIALES - ADMINISTRACION CENTRAL,NO APLICA,0,NO DEFINIDO,31800000.0,31800000.0,2021,Segundo Trimestre,,,,,,,,,,,,,,,,,,,,,,
492227,20220601,218552585,Pupiales,2.1.3.05.04.001.13,PARTICIPACION DE LA SOBRETASA AMBIENTAL,GASTOS,FUNCIONAMIENTO,TRANSFERENCIAS CORRIENTES,A ENTIDADES DEL GOBIERNO,PARTICIPACIONES DISTINTAS DEL SGP,PARTICIPACIONES DE IMPUESTOS,PARTICIPACION DE LA SOBRETASA AMBIENTAL,No Aplica,No Aplica,No Aplica,VIGENCIA ACTUAL,ENTIDADES TERRITORIALES - ADMINISTRACION CENTRAL,NO DEFINIDO,,NO DEFINIDO,45000000.0,45000000.0,2022,Segundo Trimestre,,,,,,,,,,,,,,,,,,,,,,
493830,20220901,218552585,Pupiales,2.1.1.01,PLANTA DE PERSONAL PERMANENTE,GASTOS,FUNCIONAMIENTO,GASTOS DE PERSONAL,PLANTA DE PERSONAL PERMANENTE,No Aplica,No Aplica,No Aplica,No Aplica,No Aplica,No Aplica,VIGENCIA ACTUAL,ENTIDADES TERRITORIALES - ADMINISTRACION CENTRAL,NO DEFINIDO,,NO DEFINIDO,896628550.0,984621851.0,2022,Tercer Trimestre,,,,,,,,,,,,,,,,,,,,,,
494803,20230301,218552585,Pupiales,2.1.1.01.03.001.02,INDEMNIZACION POR VACACIONES,GASTOS,FUNCIONAMIENTO,GASTOS DE PERSONAL,PLANTA DE PERSONAL PERMANENTE,REMUNERACIONES NO CONSTITUTIVAS DE FACTOR SALARIAL,PRESTACIONES SOCIALES,INDEMNIZACION POR VACACIONES,No Aplica,No Aplica,No Aplica,VIGENCIA ACTUAL,ENTIDADES TERRITORIALES - ADMINISTRACION CENTRAL,NO APLICA,0,NO DEFINIDO,15000000.0,15000000.0,2023,Primer Trimestre,,,,,,,,,,,,,,,,,,,,,,
499052,20230301,218552585,Pupiales,2.1.1.01.03.083,AUXILIO DE MOVILIZACION,GASTOS,FUNCIONAMIENTO,GASTOS DE PERSONAL,PLANTA DE PERSONAL PERMANENTE,REMUNERACIONES NO CONSTITUTIVAS DE FACTOR SALARIAL,AUXILIO DE MOVILIZACION,No Aplica,No Aplica,No Aplica,No Aplica,VIGENCIA ACTUAL,ENTIDADES TERRITORIALES - ADMINISTRACION CENTRAL,NO APLICA,0,NO DEFINIDO,12000000.0,12000000.0,2023,Primer Trimestre,,,,,,,,,,,,,,,,,,,,,,
500569,20210301,218552585,Pupiales,2.1.1.01.01,FACTORES CONSTITUTIVOS DE SALARIO,GASTOS,FUNCIONAMIENTO,GASTOS DE PERSONAL,PLANTA DE PERSONAL PERMANENTE,FACTORES CONSTITUTIVOS DE SALARIO,No Aplica,No Aplica,No Aplica,No Aplica,No Aplica,VIGENCIA ACTUAL,ENTIDADES TERRITORIALES - ADMINISTRACION CENTRAL,NO DEFINIDO,,NO DEFINIDO,615419528.0,585419528.0,2021,Primer Trimestre,,,,,,,,,,,,,,,,,,,,,,
502233,20211201,218552585,Pupiales,2.1.3.05.04.001,PARTICIPACIONES DE IMPUESTOS,GASTOS,FUNCIONAMIENTO,TRANSFERENCIAS CORRIENTES,A ENTIDADES DEL GOBIERNO,PARTICIPACIONES DISTINTAS DEL SGP,PARTICIPACIONES DE IMPUESTOS,No Aplica,No Aplica,No Aplica,No Aplica,VIGENCIA ACTUAL,ENTIDADES TERRITORIALES - ADMINISTRACION CENTRAL,NO DEFINIDO,,NO DEFINIDO,45000000.0,80012976.0,2021,Cuarto Trimestre,,,,,,,,,,,,,,,,,,,,,,
503979,20210301,218552585,Pupiales,2.1.1.01.01,FACTORES CONSTITUTIVOS DE SALARIO,GASTOS,FUNCIONAMIENTO,GASTOS DE PERSONAL,PLANTA DE PERSONAL PERMANENTE,FACTORES CONSTITUTIVOS DE SALARIO,No Aplica,No Aplica,No Aplica,No Aplica,No Aplica,VIGENCIA ACTUAL,ENTIDADES TERRITORIALES - PERSONERIA,NO DEFINIDO,,NO DEFINIDO,131670450.0,131670450.0,2021,Primer Trimestre,,,,,,,,,,,,,,,,,,,,,,
505410,20221201,218552585,Pupiales,2.1.3.04.02.002,DISTINTAS A MEMBRESIAS,GASTOS,FUNCIONAMIENTO,TRANSFERENCIAS CORRIENTES,A ORGANIZACIONES NACIONALES,FEDERACION NACIONAL DE MUNICIPIOS,DISTINTAS A MEMBRESIAS,No Aplica,No Aplica,No Aplica,No Aplica,VIGENCIA ACTUAL,ENTIDADES TERRITORIALES - ADMINISTRACION CENTRAL,NO APLICA,0,NO DEFINIDO,1000.0,0.0,2022,Cuarto Trimestre,,,,,,,,,,,,,,,,,,,,,,
506716,20220601,218552585,Pupiales,2.1.1.01.01.001.06,PRIMA DE SERVICIO,GASTOS,FUNCIONAMIENTO,GASTOS DE PERSONAL,PLANTA DE PERSONAL PERMANENTE,FACTORES CONSTITUTIVOS DE SALARIO,FACTORES SALARIALES COMUNES,PRIMA DE SERVICIO,No Aplica,No Aplica,No Aplica,VIGENCIA ACTUAL,ENTIDADES TERRITORIALES - ADMINISTRACION CENTRAL,NO APLICA,0,NO DEFINIDO,21650000.0,23023151.0,2022,Segundo Trimestre,,,,,,,,,,,,,,,,,,,,,,
512046,20230601,218552585,Pupiales,2.1.1.01.02.008,APORTES A LA ESAP,GASTOS,FUNCIONAMIENTO,GASTOS DE PERSONAL,PLANTA DE PERSONAL PERMANENTE,CONTRIBUCIONES INHERENTES A LA NOMINA,APORTES A LA ESAP,No Aplica,No Aplica,No Aplica,No Aplica,VIGENCIA ACTUAL,ENTIDADES TERRITORIALES - ADMINISTRACION CENTRAL,NO APLICA,0,NO DEFINIDO,3000000.0,3000000.0,2023,Segundo Trimestre,,,,,,,,,,,,,,,,,,,,,,
517126,20210601,218552585,Pupiales,2.1.1.01.02,CONTRIBUCIONES INHERENTES A LA NOMINA,GASTOS,FUNCIONAMIENTO,GASTOS DE PERSONAL,PLANTA DE PERSONAL PERMANENTE,CONTRIBUCIONES INHERENTES A LA NOMINA,No Aplica,No Aplica,No Aplica,No Aplica,No Aplica,VIGENCIA ACTUAL,ENTIDADES TERRITORIALES - ADMINISTRACION CENTRAL,NO DEFINIDO,,NO DEFINIDO,211732245.0,201232245.0,2021,Segundo Trimestre,,,,,,,,,,,,,,,,,,,,,,
518814,20210601,218552585,Pupiales,2.2,SERVICIO DE LA DEUDA PUBLICA,GASTOS,SERVICIO DE LA DEUDA PUBLICA,No Aplica,No Aplica,No Aplica,No Aplica,No Aplica,No Aplica,No Aplica,No Aplica,VIGENCIA ACTUAL,ENTIDADES TERRITORIALES - ADMINISTRACION CENTRAL,NO DEFINIDO,,NO DEFINIDO,123631944.0,123631944.0,2021,Segundo Trimestre,,,,,,,,,,,,,,,,,,,,,,
520730,20210301,218552585,Pupiales,2.2.2.02.02.002,ENTIDADES FINANCIERAS,GASTOS,SERVICIO DE LA DEUDA PUBLICA,SERVICIO DE LA DEUDA PUBLICA INTERNA,INTERESES,PRESTAMOS,ENTIDADES FINANCIERAS,No Aplica,No Aplica,No Aplica,No Aplica,VIGENCIA ACTUAL,ENTIDADES TERRITORIALES - ADMINISTRACION CENTRAL,NO DEFINIDO,,NO DEFINIDO,38344686.0,38344686.0,2021,Primer Trimestre,,,,,,,,,,,,,,,,,,,,,,
524426,20230601,218552585,Pupiales,2,GASTOS,GASTOS,No Aplica,No Aplica,No Aplica,No Aplica,No Aplica,No Aplica,No Aplica,No Aplica,No Aplica,VIGENCIA ACTUAL,ENTIDADES TERRITORIALES - ADMINISTRACION CENTRAL,NO DEFINIDO,,NO DEFINIDO,22588911127.0,31035122714.0,2023,Segundo Trimestre,,,,,,,,,,,,,,,,,,,,,,
525565,20210901,218552585,Pupiales,2.1.1.01.03.004,BONIFICACION DE GESTION TERRITORIAL PARA ALCALDES,GASTOS,FUNCIONAMIENTO,GASTOS DE PERSONAL,PLANTA DE PERSONAL PERMANENTE,REMUNERACIONES NO CONSTITUTIVAS DE FACTOR SALARIAL,BONIFICACION DE GESTION TERRITORIAL PARA ALCALDES,No Aplica,No Aplica,No Aplica,No Aplica,VIGENCIA ACTUAL,ENTIDADES TERRITORIALES - ADMINISTRACION CENTRAL,NO APLICA,0,NO DEFINIDO,6768151.0,6768151.0,2021,Tercer Trimestre,,,,,,,,,,,,,,,,,,,,,,
526846,20220601,218552585,Pupiales,2.1.1.01,PLANTA DE PERSONAL PERMANENTE,GASTOS,FUNCIONAMIENTO,GASTOS DE PERSONAL,PLANTA DE PERSONAL PERMANENTE,No Aplica,No Aplica,No Aplica,No Aplica,No Aplica,No Aplica,VIGENCIA ACTUAL,ENTIDADES TERRITORIALES - ADMINISTRACION CENTRAL,NO DEFINIDO,,NO DEFINIDO,896628550.0,986419000.0,2022,Segundo Trimestre,,,,,,,,,,,,,,,,,,,,,,
528844,20230601,218552585,Pupiales,2.1.1.01.03.006,HONORARIOS CONCEJALES,GASTOS,FUNCIONAMIENTO,GASTOS DE PERSONAL,PLANTA DE PERSONAL PERMANENTE,REMUNERACIONES NO CONSTITUTIVAS DE FACTOR SALARIAL,HONORARIOS CONCEJALES,No Aplica,No Aplica,No Aplica,No Aplica,VIGENCIA ACTUAL,ENTIDADES TERRITORIALES - CONCEJO,NO APLICA,0,NO DEFINIDO,134000000.0,134000000.0,2023,Segundo Trimestre,,,,,,,,,,,,,,,,,,,,,,
531332,20220901,218552585,Pupiales,2.1.1.01.03.004,BONIFICACION DE GESTION TERRITORIAL PARA ALCALDES,GASTOS,FUNCIONAMIENTO,GASTOS DE PERSONAL,PLANTA DE PERSONAL PERMANENTE,REMUNERACIONES NO CONSTITUTIVAS DE FACTOR SALARIAL,BONIFICACION DE GESTION TERRITORIAL PARA ALCALDES,No Aplica,No Aplica,No Aplica,No Aplica,VIGENCIA ACTUAL,ENTIDADES TERRITORIALES - ADMINISTRACION CENTRAL,NO APLICA,0,NO DEFINIDO,7250000.0,7250000.0,2022,Tercer Trimestre,,,,,,,,,,,,,,,,,,,,,,
533849,20230601,218552585,Pupiales,2.1.1.01.02.001,APORTES A LA SEGURIDAD SOCIAL EN PENSIONES,GASTOS,FUNCIONAMIENTO,GASTOS DE PERSONAL,PLANTA DE PERSONAL PERMANENTE,CONTRIBUCIONES INHERENTES A LA NOMINA,APORTES A LA SEGURIDAD SOCIAL EN PENSIONES,No Aplica,No Aplica,No Aplica,No Aplica,VIGENCIA ACTUAL,ENTIDADES TERRITORIALES - ADMINISTRACION CENTRAL,NO APLICA,0,NO DEFINIDO,72000000.0,72000000.0,2023,Segundo Trimestre,,,,,,,,,,,,,,,,,,,,,,
535860,20210601,218552585,Pupiales,2.1.1.01.01.001,FACTORES SALARIALES COMUNES,GASTOS,FUNCIONAMIENTO,GASTOS DE PERSONAL,PLANTA DE PERSONAL PERMANENTE,FACTORES CONSTITUTIVOS DE SALARIO,FACTORES SALARIALES COMUNES,No Aplica,No Aplica,No Aplica,No Aplica,VIGENCIA ACTUAL,ENTIDADES TERRITORIALES - ADMINISTRACION CENTRAL,NO DEFINIDO,,NO DEFINIDO,615419528.0,557619528.0,2021,Segundo Trimestre,,,,,,,,,,,,,,,,,,,,,,
537854,20230601,218552585,Pupiales,2.2.2.02.02.002.02,BANCA COMERCIAL,GASTOS,SERVICIO DE LA DEUDA PUBLICA,SERVICIO DE LA DEUDA PUBLICA INTERNA,INTERESES,PRESTAMOS,ENTIDADES FINANCIERAS,BANCA COMERCIAL,No Aplica,No Aplica,No Aplica,VIGENCIA ACTUAL,ENTIDADES TERRITORIALES - ADMINISTRACION CENTRAL,NO DEFINIDO,,NO DEFINIDO,133541462.0,183008462.0,2023,Segundo Trimestre,,,,,,,,,,,,,,,,,,,,,,
543981,20210301,218552585,Pupiales,2.1.1.01.01.001.08.02,PRIMA DE VACACIONES,GASTOS,FUNCIONAMIENTO,GASTOS DE PERSONAL,PLANTA DE PERSONAL PERMANENTE,FACTORES CONSTITUTIVOS DE SALARIO,FACTORES SALARIALES COMUNES,PRESTACIONES SOCIALES,PRIMA DE VACACIONES,No Aplica,No Aplica,VIGENCIA ACTUAL,ENTIDADES TERRITORIALES - ADMINISTRACION CENTRAL,NO APLICA,0,NO DEFINIDO,31800000.0,31800000.0,2021,Primer Trimestre,,,,,,,,,,,,,,,,,,,,,,
545555,20230301,218552585,Pupiales,2.1.1.01.02.008,APORTES A LA ESAP,GASTOS,FUNCIONAMIENTO,GASTOS DE PERSONAL,PLANTA DE PERSONAL PERMANENTE,CONTRIBUCIONES INHERENTES A LA NOMINA,APORTES A LA ESAP,No Aplica,No Aplica,No Aplica,No Aplica,VIGENCIA ACTUAL,ENTIDADES TERRITORIALES - ADMINISTRACION CENTRAL,NO APLICA,0,NO DEFINIDO,2500000.0,5121573.0,2023,Primer Trimestre,,,,,,,,,,,,,,,,,,,,,,
545852,20210601,218552585,Pupiales,2.1,FUNCIONAMIENTO,GASTOS,FUNCIONAMIENTO,No Aplica,No Aplica,No Aplica,No Aplica,No Aplica,No Aplica,No Aplica,No Aplica,VIGENCIA ACTUAL,ENTIDADES TERRITORIALES - PERSONERIA,NO DEFINIDO,,NO DEFINIDO,131670450.0,131670450.0,2021,Segundo Trimestre,,,,,,,,,,,,,,,,,,,,,,
550132,20210901,218552585,Pupiales,2.1.2.02.01.003,"OTROS BIENES TRANSPORTABLES EXCEPTO PRODUCTOS METALICOS, MAQUINARIA Y EQUIPO",GASTOS,FUNCIONAMIENTO,ADQUISICION DE BIENES Y SERVICIOS,ADQUISICIONES DIFERENTES DE ACTIVOS,MATERIALES Y SUMINISTROS,"OTROS BIENES TRANSPORTABLES EXCEPTO PRODUCTOS METALICOS, MAQUINARIA Y EQUIPO",No Aplica,No Aplica,No Aplica,No Aplica,VIGENCIA ACTUAL,ENTIDADES TERRITORIALES - ADMINISTRACION CENTRAL,NO APLICA,0,NO DEFINIDO,25500000.0,42525000.0,2021,Tercer Trimestre,,,,,,,,,,,,,,,,,,,,,,
553992,20220601,218552585,Pupiales,2.2.2.02.02.002,ENTIDADES FINANCIERAS,GASTOS,SERVICIO DE LA DEUDA PUBLICA,SERVICIO DE LA DEUDA PUBLICA INTERNA,INTERESES,PRESTAMOS,ENTIDADES FINANCIERAS,No Aplica,No Aplica,No Aplica,No Aplica,VIGENCIA ACTUAL,ENTIDADES TERRITORIALES - ADMINISTRACION CENTRAL,NO DEFINIDO,,NO DEFINIDO,96000000.0,119000000.0,2022,Segundo Trimestre,,,,,,,,,,,,,,,,,,,,,,
555068,20230601,218552585,Pupiales,2.1,FUNCIONAMIENTO,GASTOS,FUNCIONAMIENTO,No Aplica,No Aplica,No Aplica,No Aplica,No Aplica,No Aplica,No Aplica,No Aplica,VIGENCIA ACTUAL,ENTIDADES TERRITORIALES - ADMINISTRACION CENTRAL,NO DEFINIDO,,NO DEFINIDO,1618489000.0,1708489000.0,2023,Segundo Trimestre,,,,,,,,,,,,,,,,,,,,,,
556465,20210601,218552585,Pupiales,2.1.1.01.03,REMUNERACIONES NO CONSTITUTIVAS DE FACTOR SALARIAL,GASTOS,FUNCIONAMIENTO,GASTOS DE PERSONAL,PLANTA DE PERSONAL PERMANENTE,REMUNERACIONES NO CONSTITUTIVAS DE FACTOR SALARIAL,No Aplica,No Aplica,No Aplica,No Aplica,No Aplica,VIGENCIA ACTUAL,ENTIDADES TERRITORIALES - CONCEJO,NO DEFINIDO,,NO DEFINIDO,210188880.0,169646730.0,2021,Segundo Trimestre,,,,,,,,,,,,,,,,,,,,,,
556997,20211201,218552585,Pupiales,2.1.1.01.01.001.08.01,PRIMA DE NAVIDAD,GASTOS,FUNCIONAMIENTO,GASTOS DE PERSONAL,PLANTA DE PERSONAL PERMANENTE,FACTORES CONSTITUTIVOS DE SALARIO,FACTORES SALARIALES COMUNES,PRESTACIONES SOCIALES,PRIMA DE NAVIDAD,No Aplica,No Aplica,VIGENCIA ACTUAL,ENTIDADES TERRITORIALES - ADMINISTRACION CENTRAL,NO APLICA,0,NO DEFINIDO,43709512.0,53567512.0,2021,Cuarto Trimestre,,,,,,,,,,,,,,,,,,,,,,
558351,20211201,218552585,Pupiales,2.1.2.01,ADQUISICION DE ACTIVOS NO FINANCIEROS,GASTOS,FUNCIONAMIENTO,ADQUISICION DE BIENES Y SERVICIOS,ADQUISICION DE ACTIVOS NO FINANCIEROS,No Aplica,No Aplica,No Aplica,No Aplica,No Aplica,No Aplica,VIGENCIA ACTUAL,ENTIDADES TERRITORIALES - ADMINISTRACION CENTRAL,NO DEFINIDO,,NO DEFINIDO,40000000.0,23200000.0,2021,Cuarto Trimestre,,,,,,,,,,,,,,,,,,,,,,
558562,20210601,218552585,Pupiales,2.1.2,ADQUISICION DE BIENES Y SERVICIOS,GASTOS,FUNCIONAMIENTO,ADQUISICION DE BIENES Y SERVICIOS,No Aplica,No Aplica,No Aplica,No Aplica,No Aplica,No Aplica,No Aplica,VIGENCIA ACTUAL,ENTIDADES TERRITORIALES - ADMINISTRACION CENTRAL,NO DEFINIDO,,NO DEFINIDO,648108132.0,657130524.0,2021,Segundo Trimestre,,,,,,,,,,,,,,,,,,,,,,
559011,20230301,218552585,Pupiales,2.1.1.01.01.001.05,AUXILIO DE TRANSPORTE,GASTOS,FUNCIONAMIENTO,GASTOS DE PERSONAL,PLANTA DE PERSONAL PERMANENTE,FACTORES CONSTITUTIVOS DE SALARIO,FACTORES SALARIALES COMUNES,AUXILIO DE TRANSPORTE,No Aplica,No Aplica,No Aplica,VIGENCIA ACTUAL,ENTIDADES TERRITORIALES - ADMINISTRACION CENTRAL,NO APLICA,0,NO DEFINIDO,8000000.0,8500000.0,2023,Primer Trimestre,,,,,,,,,,,,,,,,,,,,,,
559545,20230301,218552585,Pupiales,2.1.1.01.01.001,FACTORES SALARIALES COMUNES,GASTOS,FUNCIONAMIENTO,GASTOS DE PERSONAL,PLANTA DE PERSONAL PERMANENTE,FACTORES CONSTITUTIVOS DE SALARIO,FACTORES SALARIALES COMUNES,No Aplica,No Aplica,No Aplica,No Aplica,VIGENCIA ACTUAL,ENTIDADES TERRITORIALES - ADMINISTRACION CENTRAL,NO DEFINIDO,,NO DEFINIDO,437308659.0,470808659.0,2023,Primer Trimestre,,,,,,,,,,,,,,,,,,,,,,
564280,20220601,218552585,Pupiales,2.1.3.04,A ORGANIZACIONES NACIONALES,GASTOS,FUNCIONAMIENTO,TRANSFERENCIAS CORRIENTES,A ORGANIZACIONES NACIONALES,No Aplica,No Aplica,No Aplica,No Aplica,No Aplica,No Aplica,VIGENCIA ACTUAL,ENTIDADES TERRITORIALES - ADMINISTRACION CENTRAL,NO DEFINIDO,,NO DEFINIDO,1000.0,1000.0,2022,Segundo Trimestre,,,,,,,,,,,,,,,,,,,,,,
571808,20220301,218552585,Pupiales,2.1.2.02.01.003,"OTROS BIENES TRANSPORTABLES EXCEPTO PRODUCTOS METALICOS, MAQUINARIA Y EQUIPO",GASTOS,FUNCIONAMIENTO,ADQUISICION DE BIENES Y SERVICIOS,ADQUISICIONES DIFERENTES DE ACTIVOS,MATERIALES Y SUMINISTROS,"OTROS BIENES TRANSPORTABLES EXCEPTO PRODUCTOS METALICOS, MAQUINARIA Y EQUIPO",No Aplica,No Aplica,No Aplica,No Aplica,VIGENCIA ACTUAL,ENTIDADES TERRITORIALES - ADMINISTRACION CENTRAL,NO APLICA,0,NO DEFINIDO,56000000.0,56000000.0,2022,Primer Trimestre,,,,,,,,,,,,,,,,,,,,,,
576011,20210601,218552585,Pupiales,2.2.2,SERVICIO DE LA DEUDA PUBLICA INTERNA,GASTOS,SERVICIO DE LA DEUDA PUBLICA,SERVICIO DE LA DEUDA PUBLICA INTERNA,No Aplica,No Aplica,No Aplica,No Aplica,No Aplica,No Aplica,No Aplica,VIGENCIA ACTUAL,ENTIDADES TERRITORIALES - ADMINISTRACION CENTRAL,NO DEFINIDO,,NO DEFINIDO,123631944.0,123631944.0,2021,Segundo Trimestre,,,,,,,,,,,,,,,,,,,,,,
576897,20220301,218552585,Pupiales,2.1.1.01.01,FACTORES CONSTITUTIVOS DE SALARIO,GASTOS,FUNCIONAMIENTO,GASTOS DE PERSONAL,PLANTA DE PERSONAL PERMANENTE,FACTORES CONSTITUTIVOS DE SALARIO,No Aplica,No Aplica,No Aplica,No Aplica,No Aplica,VIGENCIA ACTUAL,ENTIDADES TERRITORIALES - CONCEJO,NO DEFINIDO,,NO DEFINIDO,54511560.0,54511560.0,2022,Primer Trimestre,,,,,,,,,,,,,,,,,,,,,,
578520,20220901,218552585,Pupiales,2.1.1.01.01.001.08,PRESTACIONES SOCIALES,GASTOS,FUNCIONAMIENTO,GASTOS DE PERSONAL,PLANTA DE PERSONAL PERMANENTE,FACTORES CONSTITUTIVOS DE SALARIO,FACTORES SALARIALES COMUNES,PRESTACIONES SOCIALES,No Aplica,No Aplica,No Aplica,VIGENCIA ACTUAL,ENTIDADES TERRITORIALES - ADMINISTRACION CENTRAL,NO DEFINIDO,,NO DEFINIDO,57800000.0,35826084.0,2022,Tercer Trimestre,,,,,,,,,,,,,,,,,,,,,,
583479,20220601,218552585,Pupiales,2.1.3.05,A ENTIDADES DEL GOBIERNO,GASTOS,FUNCIONAMIENTO,TRANSFERENCIAS CORRIENTES,A ENTIDADES DEL GOBIERNO,No Aplica,No Aplica,No Aplica,No Aplica,No Aplica,No Aplica,VIGENCIA ACTUAL,ENTIDADES TERRITORIALES - ADMINISTRACION CENTRAL,NO DEFINIDO,,NO DEFINIDO,45000000.0,45000000.0,2022,Segundo Trimestre,,,,,,,,,,,,,,,,,,,,,,
586523,20230301,218552585,Pupiales,2.1.3.07.02,PRESTACIONES SOCIALES RELACIONADAS CON EL EMPLEO,GASTOS,FUNCIONAMIENTO,TRANSFERENCIAS CORRIENTES,PRESTACIONES PARA CUBRIR RIESGOS SOCIALES,PRESTACIONES SOCIALES RELACIONADAS CON EL EMPLEO,No Aplica,No Aplica,No Aplica,No Aplica,No Aplica,VIGENCIA ACTUAL,ENTIDADES TERRITORIALES - ADMINISTRACION CENTRAL,NO DEFINIDO,,NO DEFINIDO,1000.0,1000.0,2023,Primer Trimestre,,,,,,,,,,,,,,,,,,,,,,
587013,20211201,218552585,Pupiales,2.1.1.01.01.001.05,AUXILIO DE TRANSPORTE,GASTOS,FUNCIONAMIENTO,GASTOS DE PERSONAL,PLANTA DE PERSONAL PERMANENTE,FACTORES CONSTITUTIVOS DE SALARIO,FACTORES SALARIALES COMUNES,AUXILIO DE TRANSPORTE,No Aplica,No Aplica,No Aplica,VIGENCIA ACTUAL,ENTIDADES TERRITORIALES - ADMINISTRACION CENTRAL,NO APLICA,0,NO DEFINIDO,13250000.0,14359989.0,2021,Cuarto Trimestre,,,,,,,,,,,,,,,,,,,,,,
587898,20220901,218552585,Pupiales,2.1.2.02.01.003,"OTROS BIENES TRANSPORTABLES EXCEPTO PRODUCTOS METALICOS, MAQUINARIA Y EQUIPO",GASTOS,FUNCIONAMIENTO,ADQUISICION DE BIENES Y SERVICIOS,ADQUISICIONES DIFERENTES DE ACTIVOS,MATERIALES Y SUMINISTROS,"OTROS BIENES TRANSPORTABLES EXCEPTO PRODUCTOS METALICOS, MAQUINARIA Y EQUIPO",No Aplica,No Aplica,No Aplica,No Aplica,VIGENCIA ACTUAL,ENTIDADES TERRITORIALES - ADMINISTRACION CENTRAL,NO APLICA,0,NO DEFINIDO,56000000.0,53928000.0,2022,Tercer Trimestre,,,,,,,,,,,,,,,,,,,,,,
591809,20210901,218552585,Pupiales,2.1.2.02,ADQUISICIONES DIFERENTES DE ACTIVOS,GASTOS,FUNCIONAMIENTO,ADQUISICION DE BIENES Y SERVICIOS,ADQUISICIONES DIFERENTES DE ACTIVOS,No Aplica,No Aplica,No Aplica,No Aplica,No Aplica,No Aplica,VIGENCIA ACTUAL,ENTIDADES TERRITORIALES - ADMINISTRACION CENTRAL,NO DEFINIDO,,NO DEFINIDO,608108132.0,728156119.0,2021,Tercer Trimestre,,,,,,,,,,,,,,,,,,,,,,
593298,20220301,218552585,Pupiales,2.1.2,ADQUISICION DE BIENES Y SERVICIOS,GASTOS,FUNCIONAMIENTO,ADQUISICION DE BIENES Y SERVICIOS,No Aplica,No Aplica,No Aplica,No Aplica,No Aplica,No Aplica,No Aplica,VIGENCIA ACTUAL,ENTIDADES TERRITORIALES - ADMINISTRACION CENTRAL,NO DEFINIDO,,NO DEFINIDO,671364916.0,681364916.0,2022,Primer Trimestre,,,,,,,,,,,,,,,,,,,,,,
599127,20220301,218552585,Pupiales,2.2.2.01.02,PRESTAMOS,GASTOS,SERVICIO DE LA DEUDA PUBLICA,SERVICIO DE LA DEUDA PUBLICA INTERNA,PRINCIPAL,PRESTAMOS,No Aplica,No Aplica,No Aplica,No Aplica,No Aplica,VIGENCIA ACTUAL,ENTIDADES TERRITORIALES - ADMINISTRACION CENTRAL,NO DEFINIDO,,NO DEFINIDO,520000100.0,520000100.0,2022,Primer Trimestre,,,,,,,,,,,,,,,,,,,,,,
599156,20230301,218552585,Pupiales,2.1.2.02.01,MATERIALES Y SUMINISTROS,GASTOS,FUNCIONAMIENTO,ADQUISICION DE BIENES Y SERVICIOS,ADQUISICIONES DIFERENTES DE ACTIVOS,MATERIALES Y SUMINISTROS,No Aplica,No Aplica,No Aplica,No Aplica,No Aplica,VIGENCIA ACTUAL,ENTIDADES TERRITORIALES - ADMINISTRACION CENTRAL,NO DEFINIDO,,NO DEFINIDO,21000000.0,31500000.0,2023,Primer Trimestre,,,,,,,,,,,,,,,,,,,,,,
600131,20230301,218552585,Pupiales,2.2.2.02.02,PRESTAMOS,GASTOS,SERVICIO DE LA DEUDA PUBLICA,SERVICIO DE LA DEUDA PUBLICA INTERNA,INTERESES,PRESTAMOS,No Aplica,No Aplica,No Aplica,No Aplica,No Aplica,VIGENCIA ACTUAL,ENTIDADES TERRITORIALES - ADMINISTRACION CENTRAL,NO DEFINIDO,,NO DEFINIDO,130000000.0,130000000.0,2023,Primer Trimestre,,,,,,,,,,,,,,,,,,,,,,
600561,20221201,218552585,Pupiales,2.1.1.01.01.001.01,SUELDO BASICO,GASTOS,FUNCIONAMIENTO,GASTOS DE PERSONAL,PLANTA DE PERSONAL PERMANENTE,FACTORES CONSTITUTIVOS DE SALARIO,FACTORES SALARIALES COMUNES,SUELDO BASICO,No Aplica,No Aplica,No Aplica,VIGENCIA ACTUAL,ENTIDADES TERRITORIALES - ADMINISTRACION CENTRAL,NO APLICA,0,NO DEFINIDO,400000000.0,519341493.0,2022,Cuarto Trimestre,,,,,,,,,,,,,,,,,,,,,,
606030,20221201,218552585,Pupiales,2.1.1.01.03.001.02,INDEMNIZACION POR VACACIONES,GASTOS,FUNCIONAMIENTO,GASTOS DE PERSONAL,PLANTA DE PERSONAL PERMANENTE,REMUNERACIONES NO CONSTITUTIVAS DE FACTOR SALARIAL,PRESTACIONES SOCIALES,INDEMNIZACION POR VACACIONES,No Aplica,No Aplica,No Aplica,VIGENCIA ACTUAL,ENTIDADES TERRITORIALES - ADMINISTRACION CENTRAL,NO APLICA,0,NO DEFINIDO,15000000.0,13768589.0,2022,Cuarto Trimestre,,,,,,,,,,,,,,,,,,,,,,
607404,20220901,218552585,Pupiales,2.1.3.05.04.001.13,PARTICIPACION DE LA SOBRETASA AMBIENTAL,GASTOS,FUNCIONAMIENTO,TRANSFERENCIAS CORRIENTES,A ENTIDADES DEL GOBIERNO,PARTICIPACIONES DISTINTAS DEL SGP,PARTICIPACIONES DE IMPUESTOS,PARTICIPACION DE LA SOBRETASA AMBIENTAL,No Aplica,No Aplica,No Aplica,VIGENCIA ACTUAL,ENTIDADES TERRITORIALES - ADMINISTRACION CENTRAL,NO DEFINIDO,,NO DEFINIDO,45000000.0,58304214.0,2022,Tercer Trimestre,,,,,,,,,,,,,,,,,,,,,,
607576,20220301,218552585,Pupiales,2.1.2.01.01.003,MAQUINARIA Y EQUIPO,GASTOS,FUNCIONAMIENTO,ADQUISICION DE BIENES Y SERVICIOS,ADQUISICION DE ACTIVOS NO FINANCIEROS,ACTIVOS FIJOS,MAQUINARIA Y EQUIPO,No Aplica,No Aplica,No Aplica,No Aplica,VIGENCIA ACTUAL,ENTIDADES TERRITORIALES - ADMINISTRACION CENTRAL,NO DEFINIDO,,NO DEFINIDO,15000000.0,15000000.0,2022,Primer Trimestre,,,,,,,,,,,,,,,,,,,,,,
608363,20210901,218552585,Pupiales,2.1.1.01.01.001.04,SUBSIDIO DE ALIMENTACION,GASTOS,FUNCIONAMIENTO,GASTOS DE PERSONAL,PLANTA DE PERSONAL PERMANENTE,FACTORES CONSTITUTIVOS DE SALARIO,FACTORES SALARIALES COMUNES,SUBSIDIO DE ALIMENTACION,No Aplica,No Aplica,No Aplica,VIGENCIA ACTUAL,ENTIDADES TERRITORIALES - ADMINISTRACION CENTRAL,NO APLICA,0,NO DEFINIDO,9540000.0,9540000.0,2021,Tercer Trimestre,,,,,,,,,,,,,,,,,,,,,,
613527,20220901,218552585,Pupiales,2.1.1.01.01.001.01,SUELDO BASICO,GASTOS,FUNCIONAMIENTO,GASTOS DE PERSONAL,PLANTA DE PERSONAL PERMANENTE,FACTORES CONSTITUTIVOS DE SALARIO,FACTORES SALARIALES COMUNES,SUELDO BASICO,No Aplica,No Aplica,No Aplica,VIGENCIA ACTUAL,ENTIDADES TERRITORIALES - ADMINISTRACION CENTRAL,NO APLICA,0,NO DEFINIDO,400000000.0,508790450.0,2022,Tercer Trimestre,,,,,,,,,,,,,,,,,,,,,,
620248,20220301,218552585,Pupiales,2.1.1.01.01.001.05,AUXILIO DE TRANSPORTE,GASTOS,FUNCIONAMIENTO,GASTOS DE PERSONAL,PLANTA DE PERSONAL PERMANENTE,FACTORES CONSTITUTIVOS DE SALARIO,FACTORES SALARIALES COMUNES,AUXILIO DE TRANSPORTE,No Aplica,No Aplica,No Aplica,VIGENCIA ACTUAL,ENTIDADES TERRITORIALES - ADMINISTRACION CENTRAL,NO APLICA,0,NO DEFINIDO,14200000.0,14200000.0,2022,Primer Trimestre,,,,,,,,,,,,,,,,,,,,,,
620936,20220301,218552585,Pupiales,2.2.2.02.02,PRESTAMOS,GASTOS,SERVICIO DE LA DEUDA PUBLICA,SERVICIO DE LA DEUDA PUBLICA INTERNA,INTERESES,PRESTAMOS,No Aplica,No Aplica,No Aplica,No Aplica,No Aplica,VIGENCIA ACTUAL,ENTIDADES TERRITORIALES - ADMINISTRACION CENTRAL,NO DEFINIDO,,NO DEFINIDO,96000000.0,96000000.0,2022,Primer Trimestre,,,,,,,,,,,,,,,,,,,,,,
622361,20211201,218552585,Pupiales,2.1.2.01.01.003.03,"MAQUINARIA DE OFICINA, CONTABILIDAD E INFORMATICA",GASTOS,FUNCIONAMIENTO,ADQUISICION DE BIENES Y SERVICIOS,ADQUISICION DE ACTIVOS NO FINANCIEROS,ACTIVOS FIJOS,MAQUINARIA Y EQUIPO,"MAQUINARIA DE OFICINA, CONTABILIDAD E INFORMATICA",No Aplica,No Aplica,No Aplica,VIGENCIA ACTUAL,ENTIDADES TERRITORIALES - ADMINISTRACION CENTRAL,NO DEFINIDO,,NO DEFINIDO,25500000.0,23200000.0,2021,Cuarto Trimestre,,,,,,,,,,,,,,,,,,,,,,
622849,20230301,218552585,Pupiales,2,GASTOS,GASTOS,No Aplica,No Aplica,No Aplica,No Aplica,No Aplica,No Aplica,No Aplica,No Aplica,No Aplica,CUENTAS POR PAGAR,ENTIDADES TERRITORIALES - ADMINISTRACION CENTRAL,NO DEFINIDO,,NO DEFINIDO,63532351.0,63532351.0,2023,Primer Trimestre,,,,,,,,,,,,,,,,,,,,,,
624391,20220601,218552585,Pupiales,2.1.1.01.02.004,APORTES A CAJAS DE COMPENSACION FAMILIAR,GASTOS,FUNCIONAMIENTO,GASTOS DE PERSONAL,PLANTA DE PERSONAL PERMANENTE,CONTRIBUCIONES INHERENTES A LA NOMINA,APORTES A CAJAS DE COMPENSACION FAMILIAR,No Aplica,No Aplica,No Aplica,No Aplica,VIGENCIA ACTUAL,ENTIDADES TERRITORIALES - ADMINISTRACION CENTRAL,NO APLICA,0,NO DEFINIDO,21600000.0,21600000.0,2022,Segundo Trimestre,,,,,,,,,,,,,,,,,,,,,,
625872,20220601,218552585,Pupiales,2.1.1.01,PLANTA DE PERSONAL PERMANENTE,GASTOS,FUNCIONAMIENTO,GASTOS DE PERSONAL,PLANTA DE PERSONAL PERMANENTE,No Aplica,No Aplica,No Aplica,No Aplica,No Aplica,No Aplica,VIGENCIA ACTUAL,ENTIDADES TERRITORIALES - CONCEJO,NO DEFINIDO,,NO DEFINIDO,268089210.0,273577650.0,2022,Segundo Trimestre,,,,,,,,,,,,,,,,,,,,,,
626110,20220601,218552585,Pupiales,2.1.3.05.04,PARTICIPACIONES DISTINTAS DEL SGP,GASTOS,FUNCIONAMIENTO,TRANSFERENCIAS CORRIENTES,A ENTIDADES DEL GOBIERNO,PARTICIPACIONES DISTINTAS DEL SGP,No Aplica,No Aplica,No Aplica,No Aplica,No Aplica,VIGENCIA ACTUAL,ENTIDADES TERRITORIALES - ADMINISTRACION CENTRAL,NO DEFINIDO,,NO DEFINIDO,45000000.0,45000000.0,2022,Segundo Trimestre,,,,,,,,,,,,,,,,,,,,,,
626885,20210901,218552585,Pupiales,2.1.1.01.02,CONTRIBUCIONES INHERENTES A LA NOMINA,GASTOS,FUNCIONAMIENTO,GASTOS DE PERSONAL,PLANTA DE PERSONAL PERMANENTE,CONTRIBUCIONES INHERENTES A LA NOMINA,No Aplica,No Aplica,No Aplica,No Aplica,No Aplica,VIGENCIA ACTUAL,ENTIDADES TERRITORIALES - ADMINISTRACION CENTRAL,NO DEFINIDO,,NO DEFINIDO,211732245.0,215458245.0,2021,Tercer Trimestre,,,,,,,,,,,,,,,,,,,,,,
626886,20221201,218552585,Pupiales,2.1.1.01.03,REMUNERACIONES NO CONSTITUTIVAS DE FACTOR SALARIAL,GASTOS,FUNCIONAMIENTO,GASTOS DE PERSONAL,PLANTA DE PERSONAL PERMANENTE,REMUNERACIONES NO CONSTITUTIVAS DE FACTOR SALARIAL,No Aplica,No Aplica,No Aplica,No Aplica,No Aplica,VIGENCIA ACTUAL,ENTIDADES TERRITORIALES - CONCEJO,NO DEFINIDO,,NO DEFINIDO,213577650.0,126360699.0,2022,Cuarto Trimestre,,,,,,,,,,,,,,,,,,,,,,
628398,20210601,218552585,Pupiales,2.1.1.01.02.004,APORTES A CAJAS DE COMPENSACION FAMILIAR,GASTOS,FUNCIONAMIENTO,GASTOS DE PERSONAL,PLANTA DE PERSONAL PERMANENTE,CONTRIBUCIONES INHERENTES A LA NOMINA,APORTES A CAJAS DE COMPENSACION FAMILIAR,No Aplica,No Aplica,No Aplica,No Aplica,VIGENCIA ACTUAL,ENTIDADES TERRITORIALES - ADMINISTRACION CENTRAL,NO APLICA,0,NO DEFINIDO,28651096.0,18651096.0,2021,Segundo Trimestre,,,,,,,,,,,,,,,,,,,,,,
631071,20210601,218552585,Pupiales,2,GASTOS,GASTOS,No Aplica,No Aplica,No Aplica,No Aplica,No Aplica,No Aplica,No Aplica,No Aplica,No Aplica,VIGENCIA ACTUAL,ENTIDADES TERRITORIALES - PERSONERIA,NO DEFINIDO,,NO DEFINIDO,131670450.0,131670450.0,2021,Segundo Trimestre,,,,,,,,,,,,,,,,,,,,,,
632434,20221201,218552585,Pupiales,2.1.1.01.03,REMUNERACIONES NO CONSTITUTIVAS DE FACTOR SALARIAL,GASTOS,FUNCIONAMIENTO,GASTOS DE PERSONAL,PLANTA DE PERSONAL PERMANENTE,REMUNERACIONES NO CONSTITUTIVAS DE FACTOR SALARIAL,No Aplica,No Aplica,No Aplica,No Aplica,No Aplica,VIGENCIA ACTUAL,ENTIDADES TERRITORIALES - ADMINISTRACION CENTRAL,NO DEFINIDO,,NO DEFINIDO,86750000.0,91410739.0,2022,Cuarto Trimestre,,,,,,,,,,,,,,,,,,,,,,
634154,20211201,218552585,Pupiales,2.1.1.01.03.003,BONIFICACION DE DIRECCION PARA GOBERNADORES Y ALCALDES,GASTOS,FUNCIONAMIENTO,GASTOS DE PERSONAL,PLANTA DE PERSONAL PERMANENTE,REMUNERACIONES NO CONSTITUTIVAS DE FACTOR SALARIAL,BONIFICACION DE DIRECCION PARA GOBERNADORES Y ALCALDES,No Aplica,No Aplica,No Aplica,No Aplica,VIGENCIA ACTUAL,ENTIDADES TERRITORIALES - ADMINISTRACION CENTRAL,NO APLICA,0,NO DEFINIDO,36097447.0,34982952.0,2021,Cuarto Trimestre,,,,,,,,,,,,,,,,,,,,,,
634986,20221201,218552585,Pupiales,2.1.3.04,A ORGANIZACIONES NACIONALES,GASTOS,FUNCIONAMIENTO,TRANSFERENCIAS CORRIENTES,A ORGANIZACIONES NACIONALES,No Aplica,No Aplica,No Aplica,No Aplica,No Aplica,No Aplica,VIGENCIA ACTUAL,ENTIDADES TERRITORIALES - ADMINISTRACION CENTRAL,NO DEFINIDO,,NO DEFINIDO,1000.0,0.0,2022,Cuarto Trimestre,,,,,,,,,,,,,,,,,,,,,,
639396,20210901,218552585,Pupiales,2.2.2.01.02.002.02.03,BANCA COMERCIAL,GASTOS,SERVICIO DE LA DEUDA PUBLICA,SERVICIO DE LA DEUDA PUBLICA INTERNA,PRINCIPAL,PRESTAMOS,ENTIDADES FINANCIERAS,BANCA COMERCIAL,BANCA COMERCIAL,No Aplica,No Aplica,VIGENCIA ACTUAL,ENTIDADES TERRITORIALES - ADMINISTRACION CENTRAL,NO APLICA,0,NO DEFINIDO,123631944.0,123631944.0,2021,Tercer Trimestre,,,,,,,,,,,,,,,,,,,,,,
640602,20210901,218552585,Pupiales,2.1.1.01.01.001.01,SUELDO BASICO,GASTOS,FUNCIONAMIENTO,GASTOS DE PERSONAL,PLANTA DE PERSONAL PERMANENTE,FACTORES CONSTITUTIVOS DE SALARIO,FACTORES SALARIALES COMUNES,SUELDO BASICO,No Aplica,No Aplica,No Aplica,VIGENCIA ACTUAL,ENTIDADES TERRITORIALES - CONCEJO,NO APLICA,0,NO DEFINIDO,39598642.0,80140792.0,2021,Tercer Trimestre,,,,,,,,,,,,,,,,,,,,,,
640775,20220901,218552585,Pupiales,2.1.1.01.01,FACTORES CONSTITUTIVOS DE SALARIO,GASTOS,FUNCIONAMIENTO,GASTOS DE PERSONAL,PLANTA DE PERSONAL PERMANENTE,FACTORES CONSTITUTIVOS DE SALARIO,No Aplica,No Aplica,No Aplica,No Aplica,No Aplica,VIGENCIA ACTUAL,ENTIDADES TERRITORIALES - ADMINISTRACION CENTRAL,NO DEFINIDO,,NO DEFINIDO,526650000.0,614643301.0,2022,Tercer Trimestre,,,,,,,,,,,,,,,,,,,,,,
641076,20230301,218552585,Pupiales,2.1.2.02.02,ADQUISICION DE SERVICIOS,GASTOS,FUNCIONAMIENTO,ADQUISICION DE BIENES Y SERVICIOS,ADQUISICIONES DIFERENTES DE ACTIVOS,ADQUISICION DE SERVICIOS,No Aplica,No Aplica,No Aplica,No Aplica,No Aplica,VIGENCIA ACTUAL,ENTIDADES TERRITORIALES - ADMINISTRACION CENTRAL,NO DEFINIDO,,NO DEFINIDO,387924050.0,488131108.0,2023,Primer Trimestre,,,,,,,,,,,,,,,,,,,,,,
641240,20210601,218552585,Pupiales,2.1.1.01.02.001,APORTES A LA SEGURIDAD SOCIAL EN PENSIONES,GASTOS,FUNCIONAMIENTO,GASTOS DE PERSONAL,PLANTA DE PERSONAL PERMANENTE,CONTRIBUCIONES INHERENTES A LA NOMINA,APORTES A LA SEGURIDAD SOCIAL EN PENSIONES,No Aplica,No Aplica,No Aplica,No Aplica,VIGENCIA ACTUAL,ENTIDADES TERRITORIALES - ADMINISTRACION CENTRAL,NO APLICA,0,NO DEFINIDO,55166252.0,55166252.0,2021,Segundo Trimestre,,,,,,,,,,,,,,,,,,,,,,
641877,20221201,218552585,Pupiales,2.1.1.01.01.001,FACTORES SALARIALES COMUNES,GASTOS,FUNCIONAMIENTO,GASTOS DE PERSONAL,PLANTA DE PERSONAL PERMANENTE,FACTORES CONSTITUTIVOS DE SALARIO,FACTORES SALARIALES COMUNES,No Aplica,No Aplica,No Aplica,No Aplica,VIGENCIA ACTUAL,ENTIDADES TERRITORIALES - ADMINISTRACION CENTRAL,NO DEFINIDO,,NO DEFINIDO,526650000.0,673642893.0,2022,Cuarto Trimestre,,,,,,,,,,,,,,,,,,,,,,
642925,20230301,218552585,Pupiales,2.1.1.01.02.004,APORTES A CAJAS DE COMPENSACION FAMILIAR,GASTOS,FUNCIONAMIENTO,GASTOS DE PERSONAL,PLANTA DE PERSONAL PERMANENTE,CONTRIBUCIONES INHERENTES A LA NOMINA,APORTES A CAJAS DE COMPENSACION FAMILIAR,No Aplica,No Aplica,No Aplica,No Aplica,VIGENCIA ACTUAL,ENTIDADES TERRITORIALES - ADMINISTRACION CENTRAL,NO APLICA,0,NO DEFINIDO,15000000.0,17071908.0,2023,Primer Trimestre,,,,,,,,,,,,,,,,,,,,,,
645432,20210301,218552585,Pupiales,2.1.2.02.02.009,"SERVICIOS PARA LA COMUNIDAD, SOCIALES Y PERSONALES",GASTOS,FUNCIONAMIENTO,ADQUISICION DE BIENES Y SERVICIOS,ADQUISICIONES DIFERENTES DE ACTIVOS,ADQUISICION DE SERVICIOS,"SERVICIOS PARA LA COMUNIDAD, SOCIALES Y PERSONALES",No Aplica,No Aplica,No Aplica,No Aplica,VIGENCIA ACTUAL,ENTIDADES TERRITORIALES - ADMINISTRACION CENTRAL,NO APLICA,0,NO DEFINIDO,527127132.0,529127132.0,2021,Primer Trimestre,,,,,,,,,,,,,,,,,,,,,,
646874,20221201,218552585,Pupiales,2.1.3.13,SENTENCIAS Y CONCILIACIONES,GASTOS,FUNCIONAMIENTO,TRANSFERENCIAS CORRIENTES,SENTENCIAS Y CONCILIACIONES,No Aplica,No Aplica,No Aplica,No Aplica,No Aplica,No Aplica,VIGENCIA ACTUAL,ENTIDADES TERRITORIALES - ADMINISTRACION CENTRAL,NO DEFINIDO,,NO DEFINIDO,0.0,13993200.0,2022,Cuarto Trimestre,,,,,,,,,,,,,,,,,,,,,,
649650,20210301,218552585,Pupiales,2.1.2,ADQUISICION DE BIENES Y SERVICIOS,GASTOS,FUNCIONAMIENTO,ADQUISICION DE BIENES Y SERVICIOS,No Aplica,No Aplica,No Aplica,No Aplica,No Aplica,No Aplica,No Aplica,VIGENCIA ACTUAL,ENTIDADES TERRITORIALES - ADMINISTRACION CENTRAL,NO DEFINIDO,,NO DEFINIDO,648108132.0,678108132.0,2021,Primer Trimestre,,,,,,,,,,,,,,,,,,,,,,
649798,20220601,218552585,Pupiales,2.1.1.01.01.001.01,SUELDO BASICO,GASTOS,FUNCIONAMIENTO,GASTOS DE PERSONAL,PLANTA DE PERSONAL PERMANENTE,FACTORES CONSTITUTIVOS DE SALARIO,FACTORES SALARIALES COMUNES,SUELDO BASICO,No Aplica,No Aplica,No Aplica,VIGENCIA ACTUAL,ENTIDADES TERRITORIALES - CONCEJO,NO APLICA,0,NO DEFINIDO,54511560.0,60000000.0,2022,Segundo Trimestre,,,,,,,,,,,,,,,,,,,,,,
650666,20220601,218552585,Pupiales,2.2.2.01.02.002.02.03,BANCA COMERCIAL,GASTOS,SERVICIO DE LA DEUDA PUBLICA,SERVICIO DE LA DEUDA PUBLICA INTERNA,PRINCIPAL,PRESTAMOS,ENTIDADES FINANCIERAS,BANCA COMERCIAL,BANCA COMERCIAL,No Aplica,No Aplica,VIGENCIA ACTUAL,ENTIDADES TERRITORIALES - ADMINISTRACION CENTRAL,NO APLICA,0,NO DEFINIDO,520000100.0,407000100.0,2022,Segundo Trimestre,,,,,,,,,,,,,,,,,,,,,,
654330,20221201,218552585,Pupiales,2.1.1.01.01.001.05,AUXILIO DE TRANSPORTE,GASTOS,FUNCIONAMIENTO,GASTOS DE PERSONAL,PLANTA DE PERSONAL PERMANENTE,FACTORES CONSTITUTIVOS DE SALARIO,FACTORES SALARIALES COMUNES,AUXILIO DE TRANSPORTE,No Aplica,No Aplica,No Aplica,VIGENCIA ACTUAL,ENTIDADES TERRITORIALES - ADMINISTRACION CENTRAL,NO APLICA,0,NO DEFINIDO,14200000.0,16993179.0,2022,Cuarto Trimestre,,,,,,,,,,,,,,,,,,,,,,
660410,20220601,218552585,Pupiales,2.1.2.01.01.003.03.01,"MAQUINAS PARA OFICINA Y CONTABILIDAD, Y SUS PARTES Y ACCESORIOS",GASTOS,FUNCIONAMIENTO,ADQUISICION DE BIENES Y SERVICIOS,ADQUISICION DE ACTIVOS NO FINANCIEROS,ACTIVOS FIJOS,MAQUINARIA Y EQUIPO,"MAQUINARIA DE OFICINA, CONTABILIDAD E INFORMATICA","MAQUINAS PARA OFICINA Y CONTABILIDAD, Y SUS PARTES Y ACCESORIOS",No Aplica,No Aplica,VIGENCIA ACTUAL,ENTIDADES TERRITORIALES - ADMINISTRACION CENTRAL,NO APLICA,0,NO DEFINIDO,15000000.0,15000000.0,2022,Segundo Trimestre,,,,,,,,,,,,,,,,,,,,,,
668134,20210901,218552585,Pupiales,2.1.1.01,PLANTA DE PERSONAL PERMANENTE,GASTOS,FUNCIONAMIENTO,GASTOS DE PERSONAL,PLANTA DE PERSONAL PERMANENTE,No Aplica,No Aplica,No Aplica,No Aplica,No Aplica,No Aplica,VIGENCIA ACTUAL,ENTIDADES TERRITORIALES - CONCEJO,NO DEFINIDO,,NO DEFINIDO,249787522.0,249787522.0,2021,Tercer Trimestre,,,,,,,,,,,,,,,,,,,,,,
670743,20220901,218552585,Pupiales,2.1.2.01.01.003.03,"MAQUINARIA DE OFICINA, CONTABILIDAD E INFORMATICA",GASTOS,FUNCIONAMIENTO,ADQUISICION DE BIENES Y SERVICIOS,ADQUISICION DE ACTIVOS NO FINANCIEROS,ACTIVOS FIJOS,MAQUINARIA Y EQUIPO,"MAQUINARIA DE OFICINA, CONTABILIDAD E INFORMATICA",No Aplica,No Aplica,No Aplica,VIGENCIA ACTUAL,ENTIDADES TERRITORIALES - ADMINISTRACION CENTRAL,NO DEFINIDO,,NO DEFINIDO,15000000.0,3445420.0,2022,Tercer Trimestre,,,,,,,,,,,,,,,,,,,,,,
671504,20210301,218552585,Pupiales,2.2.2.02,INTERESES,GASTOS,SERVICIO DE LA DEUDA PUBLICA,SERVICIO DE LA DEUDA PUBLICA INTERNA,INTERESES,No Aplica,No Aplica,No Aplica,No Aplica,No Aplica,No Aplica,VIGENCIA ACTUAL,ENTIDADES TERRITORIALES - ADMINISTRACION CENTRAL,NO DEFINIDO,,NO DEFINIDO,38344686.0,38344686.0,2021,Primer Trimestre,,,,,,,,,,,,,,,,,,,,,,
672905,20230601,218552585,Pupiales,2.1.3.13.01.002,CONCILIACIONES,GASTOS,FUNCIONAMIENTO,TRANSFERENCIAS CORRIENTES,SENTENCIAS Y CONCILIACIONES,FALLOS NACIONALES,CONCILIACIONES,No Aplica,No Aplica,No Aplica,No Aplica,VIGENCIA ACTUAL,ENTIDADES TERRITORIALES - ADMINISTRACION CENTRAL,NO APLICA,0,NO DEFINIDO,0.0,5273000.0,2023,Segundo Trimestre,,,,,,,,,,,,,,,,,,,,,,
673635,20230301,218552585,Pupiales,2.1.1.01.02.007,APORTES AL SENA,GASTOS,FUNCIONAMIENTO,GASTOS DE PERSONAL,PLANTA DE PERSONAL PERMANENTE,CONTRIBUCIONES INHERENTES A LA NOMINA,APORTES AL SENA,No Aplica,No Aplica,No Aplica,No Aplica,VIGENCIA ACTUAL,ENTIDADES TERRITORIALES - ADMINISTRACION CENTRAL,NO APLICA,0,NO DEFINIDO,2300000.0,5121573.0,2023,Primer Trimestre,,,,,,,,,,,,,,,,,,,,,,
673984,20220301,218552585,Pupiales,2.1.3.13.01,FALLOS NACIONALES,GASTOS,FUNCIONAMIENTO,TRANSFERENCIAS CORRIENTES,SENTENCIAS Y CONCILIACIONES,FALLOS NACIONALES,No Aplica,No Aplica,No Aplica,No Aplica,No Aplica,VIGENCIA ACTUAL,ENTIDADES TERRITORIALES - ADMINISTRACION CENTRAL,NO DEFINIDO,,NO DEFINIDO,0.0,14000000.0,2022,Primer Trimestre,,,,,,,,,,,,,,,,,,,,,,
674386,20210901,218552585,Pupiales,2.1.1.01.01.001.10,VIATICOS DE LOS FUNCIONARIOS EN COMISION,GASTOS,FUNCIONAMIENTO,GASTOS DE PERSONAL,PLANTA DE PERSONAL PERMANENTE,FACTORES CONSTITUTIVOS DE SALARIO,FACTORES SALARIALES COMUNES,VIATICOS DE LOS FUNCIONARIOS EN COMISION,No Aplica,No Aplica,No Aplica,VIGENCIA ACTUAL,ENTIDADES TERRITORIALES - ADMINISTRACION CENTRAL,NO APLICA,0,NO DEFINIDO,26500000.0,9500000.0,2021,Tercer Trimestre,,,,,,,,,,,,,,,,,,,,,,
674437,20211201,218552585,Pupiales,2.1.1,GASTOS DE PERSONAL,GASTOS,FUNCIONAMIENTO,GASTOS DE PERSONAL,No Aplica,No Aplica,No Aplica,No Aplica,No Aplica,No Aplica,No Aplica,VIGENCIA ACTUAL,ENTIDADES TERRITORIALES - PERSONERIA,NO DEFINIDO,,NO DEFINIDO,131670450.0,136278900.0,2021,Cuarto Trimestre,,,,,,,,,,,,,,,,,,,,,,
676562,20210301,218552585,Pupiales,2.1.2.01.01,ACTIVOS FIJOS,GASTOS,FUNCIONAMIENTO,ADQUISICION DE BIENES Y SERVICIOS,ADQUISICION DE ACTIVOS NO FINANCIEROS,ACTIVOS FIJOS,No Aplica,No Aplica,No Aplica,No Aplica,No Aplica,VIGENCIA ACTUAL,ENTIDADES TERRITORIALES - ADMINISTRACION CENTRAL,NO DEFINIDO,,NO DEFINIDO,40000000.0,40000000.0,2021,Primer Trimestre,,,,,,,,,,,,,,,,,,,,,,
677812,20210301,218552585,Pupiales,2.1.1.01.01.001.08.01,PRIMA DE NAVIDAD,GASTOS,FUNCIONAMIENTO,GASTOS DE PERSONAL,PLANTA DE PERSONAL PERMANENTE,FACTORES CONSTITUTIVOS DE SALARIO,FACTORES SALARIALES COMUNES,PRESTACIONES SOCIALES,PRIMA DE NAVIDAD,No Aplica,No Aplica,VIGENCIA ACTUAL,ENTIDADES TERRITORIALES - ADMINISTRACION CENTRAL,NO APLICA,0,NO DEFINIDO,43709512.0,13709512.0,2021,Primer Trimestre,,,,,,,,,,,,,,,,,,,,,,
682485,20210601,218552585,Pupiales,2.1.1.01.01.001.01,SUELDO BASICO,GASTOS,FUNCIONAMIENTO,GASTOS DE PERSONAL,PLANTA DE PERSONAL PERMANENTE,FACTORES CONSTITUTIVOS DE SALARIO,FACTORES SALARIALES COMUNES,SUELDO BASICO,No Aplica,No Aplica,No Aplica,VIGENCIA ACTUAL,ENTIDADES TERRITORIALES - ADMINISTRACION CENTRAL,NO APLICA,0,NO DEFINIDO,437620016.0,437620016.0,2021,Segundo Trimestre,,,,,,,,,,,,,,,,,,,,,,
685683,20230601,218552585,Pupiales,2.1.1.01.03.001.02,INDEMNIZACION POR VACACIONES,GASTOS,FUNCIONAMIENTO,GASTOS DE PERSONAL,PLANTA DE PERSONAL PERMANENTE,REMUNERACIONES NO CONSTITUTIVAS DE FACTOR SALARIAL,PRESTACIONES SOCIALES,INDEMNIZACION POR VACACIONES,No Aplica,No Aplica,No Aplica,VIGENCIA ACTUAL,ENTIDADES TERRITORIALES - ADMINISTRACION CENTRAL,NO APLICA,0,NO DEFINIDO,5000000.0,7079563.0,2023,Segundo Trimestre,,,,,,,,,,,,,,,,,,,,,,
690983,20220601,218552585,Pupiales,2.1,FUNCIONAMIENTO,GASTOS,FUNCIONAMIENTO,No Aplica,No Aplica,No Aplica,No Aplica,No Aplica,No Aplica,No Aplica,No Aplica,VIGENCIA ACTUAL,ENTIDADES TERRITORIALES - PERSONERIA,NO DEFINIDO,,NO DEFINIDO,136278900.0,150000000.0,2022,Segundo Trimestre,,,,,,,,,,,,,,,,,,,,,,
691476,20210301,218552585,Pupiales,2,GASTOS,GASTOS,No Aplica,No Aplica,No Aplica,No Aplica,No Aplica,No Aplica,No Aplica,No Aplica,No Aplica,VIGENCIA ACTUAL,ENTIDADES TERRITORIALES - CONCEJO,NO DEFINIDO,,NO DEFINIDO,249787522.0,249787522.0,2021,Primer Trimestre,,,,,,,,,,,,,,,,,,,,,,
700730,20220301,218552585,Pupiales,2.1.1.01.01.001.10,VIATICOS DE LOS FUNCIONARIOS EN COMISION,GASTOS,FUNCIONAMIENTO,GASTOS DE PERSONAL,PLANTA DE PERSONAL PERMANENTE,FACTORES CONSTITUTIVOS DE SALARIO,FACTORES SALARIALES COMUNES,VIATICOS DE LOS FUNCIONARIOS EN COMISION,No Aplica,No Aplica,No Aplica,VIGENCIA ACTUAL,ENTIDADES TERRITORIALES - ADMINISTRACION CENTRAL,NO APLICA,0,NO DEFINIDO,10000000.0,10000000.0,2022,Primer Trimestre,,,,,,,,,,,,,,,,,,,,,,
701145,20210901,218552585,Pupiales,2.1.1.01.01.001.01,SUELDO BASICO,GASTOS,FUNCIONAMIENTO,GASTOS DE PERSONAL,PLANTA DE PERSONAL PERMANENTE,FACTORES CONSTITUTIVOS DE SALARIO,FACTORES SALARIALES COMUNES,SUELDO BASICO,No Aplica,No Aplica,No Aplica,VIGENCIA ACTUAL,ENTIDADES TERRITORIALES - PERSONERIA,NO APLICA,0,NO DEFINIDO,131670450.0,131670450.0,2021,Tercer Trimestre,,,,,,,,,,,,,,,,,,,,,,
703472,20210601,218552585,Pupiales,2.1.1.01.01.001.08.01,PRIMA DE NAVIDAD,GASTOS,FUNCIONAMIENTO,GASTOS DE PERSONAL,PLANTA DE PERSONAL PERMANENTE,FACTORES CONSTITUTIVOS DE SALARIO,FACTORES SALARIALES COMUNES,PRESTACIONES SOCIALES,PRIMA DE NAVIDAD,No Aplica,No Aplica,VIGENCIA ACTUAL,ENTIDADES TERRITORIALES - ADMINISTRACION CENTRAL,NO APLICA,0,NO DEFINIDO,43709512.0,13709512.0,2021,Segundo Trimestre,,,,,,,,,,,,,,,,,,,,,,
711677,20221201,218552585,Pupiales,2.2.2.01,PRINCIPAL,GASTOS,SERVICIO DE LA DEUDA PUBLICA,SERVICIO DE LA DEUDA PUBLICA INTERNA,PRINCIPAL,No Aplica,No Aplica,No Aplica,No Aplica,No Aplica,No Aplica,VIGENCIA ACTUAL,ENTIDADES TERRITORIALES - ADMINISTRACION CENTRAL,NO DEFINIDO,,NO DEFINIDO,520000100.0,407585113.0,2022,Cuarto Trimestre,,,,,,,,,,,,,,,,,,,,,,
713454,20220901,218552585,Pupiales,2,GASTOS,GASTOS,No Aplica,No Aplica,No Aplica,No Aplica,No Aplica,No Aplica,No Aplica,No Aplica,No Aplica,VIGENCIA ACTUAL,ENTIDADES TERRITORIALES - CONCEJO,NO DEFINIDO,,NO DEFINIDO,268089210.0,273577650.0,2022,Tercer Trimestre,,,,,,,,,,,,,,,,,,,,,,
713911,20220901,218552585,Pupiales,2.2,SERVICIO DE LA DEUDA PUBLICA,GASTOS,SERVICIO DE LA DEUDA PUBLICA,No Aplica,No Aplica,No Aplica,No Aplica,No Aplica,No Aplica,No Aplica,No Aplica,VIGENCIA ACTUAL,ENTIDADES TERRITORIALES - ADMINISTRACION CENTRAL,NO DEFINIDO,,NO DEFINIDO,616000100.0,526000100.0,2022,Tercer Trimestre,,,,,,,,,,,,,,,,,,,,,,
718528,20230601,218552585,Pupiales,2.1.2.01.01.004,ACTIVOS FIJOS NO CLASIFICADOS COMO MAQUINARIA Y EQUIPO,GASTOS,FUNCIONAMIENTO,ADQUISICION DE BIENES Y SERVICIOS,ADQUISICION DE ACTIVOS NO FINANCIEROS,ACTIVOS FIJOS,ACTIVOS FIJOS NO CLASIFICADOS COMO MAQUINARIA Y EQUIPO,No Aplica,No Aplica,No Aplica,No Aplica,VIGENCIA ACTUAL,ENTIDADES TERRITORIALES - ADMINISTRACION CENTRAL,NO DEFINIDO,,NO DEFINIDO,3000000.0,0.0,2023,Segundo Trimestre,,,,,,,,,,,,,,,,,,,,,,
721160,20220601,218552585,Pupiales,2.1.3.04.02,FEDERACION NACIONAL DE MUNICIPIOS,GASTOS,FUNCIONAMIENTO,TRANSFERENCIAS CORRIENTES,A ORGANIZACIONES NACIONALES,FEDERACION NACIONAL DE MUNICIPIOS,No Aplica,No Aplica,No Aplica,No Aplica,No Aplica,VIGENCIA ACTUAL,ENTIDADES TERRITORIALES - ADMINISTRACION CENTRAL,NO DEFINIDO,,NO DEFINIDO,1000.0,1000.0,2022,Segundo Trimestre,,,,,,,,,,,,,,,,,,,,,,
725876,20230601,218552585,Pupiales,2.1.1.01.02.002,APORTES A LA SEGURIDAD SOCIAL EN SALUD,GASTOS,FUNCIONAMIENTO,GASTOS DE PERSONAL,PLANTA DE PERSONAL PERMANENTE,CONTRIBUCIONES INHERENTES A LA NOMINA,APORTES A LA SEGURIDAD SOCIAL EN SALUD,No Aplica,No Aplica,No Aplica,No Aplica,VIGENCIA ACTUAL,ENTIDADES TERRITORIALES - ADMINISTRACION CENTRAL,NO APLICA,0,NO DEFINIDO,58000000.0,58000000.0,2023,Segundo Trimestre,,,,,,,,,,,,,,,,,,,,,,
728269,20220301,218552585,Pupiales,2.2.2.02.02.002.02.03,BANCA COMERCIAL,GASTOS,SERVICIO DE LA DEUDA PUBLICA,SERVICIO DE LA DEUDA PUBLICA INTERNA,INTERESES,PRESTAMOS,ENTIDADES FINANCIERAS,BANCA COMERCIAL,BANCA COMERCIAL,No Aplica,No Aplica,VIGENCIA ACTUAL,ENTIDADES TERRITORIALES - ADMINISTRACION CENTRAL,NO APLICA,0,NO DEFINIDO,96000000.0,96000000.0,2022,Primer Trimestre,,,,,,,,,,,,,,,,,,,,,,
728373,20230601,218552585,Pupiales,2.1.1.01.03,REMUNERACIONES NO CONSTITUTIVAS DE FACTOR SALARIAL,GASTOS,FUNCIONAMIENTO,GASTOS DE PERSONAL,PLANTA DE PERSONAL PERMANENTE,REMUNERACIONES NO CONSTITUTIVAS DE FACTOR SALARIAL,No Aplica,No Aplica,No Aplica,No Aplica,No Aplica,VIGENCIA ACTUAL,ENTIDADES TERRITORIALES - CONCEJO,NO DEFINIDO,,NO DEFINIDO,134000000.0,134000000.0,2023,Segundo Trimestre,,,,,,,,,,,,,,,,,,,,,,
734291,20220301,218552585,Pupiales,2.1.2.01.01.003.03.01,"MAQUINAS PARA OFICINA Y CONTABILIDAD, Y SUS PARTES Y ACCESORIOS",GASTOS,FUNCIONAMIENTO,ADQUISICION DE BIENES Y SERVICIOS,ADQUISICION DE ACTIVOS NO FINANCIEROS,ACTIVOS FIJOS,MAQUINARIA Y EQUIPO,"MAQUINARIA DE OFICINA, CONTABILIDAD E INFORMATICA","MAQUINAS PARA OFICINA Y CONTABILIDAD, Y SUS PARTES Y ACCESORIOS",No Aplica,No Aplica,VIGENCIA ACTUAL,ENTIDADES TERRITORIALES - ADMINISTRACION CENTRAL,NO APLICA,0,NO DEFINIDO,15000000.0,15000000.0,2022,Primer Trimestre,,,,,,,,,,,,,,,,,,,,,,
734436,20221201,218552585,Pupiales,2.2.2.02.02.002.02,BANCA COMERCIAL,GASTOS,SERVICIO DE LA DEUDA PUBLICA,SERVICIO DE LA DEUDA PUBLICA INTERNA,INTERESES,PRESTAMOS,ENTIDADES FINANCIERAS,BANCA COMERCIAL,No Aplica,No Aplica,No Aplica,VIGENCIA ACTUAL,ENTIDADES TERRITORIALES - ADMINISTRACION CENTRAL,NO DEFINIDO,,NO DEFINIDO,96000000.0,125229824.0,2022,Cuarto Trimestre,,,,,,,,,,,,,,,,,,,,,,
736154,20210601,218552585,Pupiales,2.1.1.01.02.006,APORTES AL ICBF,GASTOS,FUNCIONAMIENTO,GASTOS DE PERSONAL,PLANTA DE PERSONAL PERMANENTE,CONTRIBUCIONES INHERENTES A LA NOMINA,APORTES AL ICBF,No Aplica,No Aplica,No Aplica,No Aplica,VIGENCIA ACTUAL,ENTIDADES TERRITORIALES - ADMINISTRACION CENTRAL,NO APLICA,0,NO DEFINIDO,21487109.0,21487109.0,2021,Segundo Trimestre,,,,,,,,,,,,,,,,,,,,,,
737010,20230301,218552585,Pupiales,2.1.3,TRANSFERENCIAS CORRIENTES,GASTOS,FUNCIONAMIENTO,TRANSFERENCIAS CORRIENTES,No Aplica,No Aplica,No Aplica,No Aplica,No Aplica,No Aplica,No Aplica,CUENTAS POR PAGAR,ENTIDADES TERRITORIALES - ADMINISTRACION CENTRAL,NO DEFINIDO,,NO DEFINIDO,481959.0,481959.0,2023,Primer Trimestre,,,,,,,,,,,,,,,,,,,,,,
737657,20220901,218552585,Pupiales,2.1.1.01.03.003,BONIFICACION DE DIRECCION PARA GOBERNADORES Y ALCALDES,GASTOS,FUNCIONAMIENTO,GASTOS DE PERSONAL,PLANTA DE PERSONAL PERMANENTE,REMUNERACIONES NO CONSTITUTIVAS DE FACTOR SALARIAL,BONIFICACION DE DIRECCION PARA GOBERNADORES Y ALCALDES,No Aplica,No Aplica,No Aplica,No Aplica,VIGENCIA ACTUAL,ENTIDADES TERRITORIALES - ADMINISTRACION CENTRAL,NO APLICA,0,NO DEFINIDO,38500000.0,38500000.0,2022,Tercer Trimestre,,,,,,,,,,,,,,,,,,,,,,
740223,20221201,218552585,Pupiales,2,GASTOS,GASTOS,No Aplica,No Aplica,No Aplica,No Aplica,No Aplica,No Aplica,No Aplica,No Aplica,No Aplica,VIGENCIA ACTUAL,ENTIDADES TERRITORIALES - CONCEJO,NO DEFINIDO,,NO DEFINIDO,268089210.0,186360699.0,2022,Cuarto Trimestre,,,,,,,,,,,,,,,,,,,,,,
740439,20210901,218552585,Pupiales,2.1.1,GASTOS DE PERSONAL,GASTOS,FUNCIONAMIENTO,GASTOS DE PERSONAL,No Aplica,No Aplica,No Aplica,No Aplica,No Aplica,No Aplica,No Aplica,VIGENCIA ACTUAL,ENTIDADES TERRITORIALES - CONCEJO,NO DEFINIDO,,NO DEFINIDO,249787522.0,249787522.0,2021,Tercer Trimestre,,,,,,,,,,,,,,,,,,,,,,
754362,20210901,218552585,Pupiales,2.1.1.01,PLANTA DE PERSONAL PERMANENTE,GASTOS,FUNCIONAMIENTO,GASTOS DE PERSONAL,PLANTA DE PERSONAL PERMANENTE,No Aplica,No Aplica,No Aplica,No Aplica,No Aplica,No Aplica,VIGENCIA ACTUAL,ENTIDADES TERRITORIALES - PERSONERIA,NO DEFINIDO,,NO DEFINIDO,131670450.0,131670450.0,2021,Tercer Trimestre,,,,,,,,,,,,,,,,,,,,,,
754650,20220301,218552585,Pupiales,2.1.1.01.02.004,APORTES A CAJAS DE COMPENSACION FAMILIAR,GASTOS,FUNCIONAMIENTO,GASTOS DE PERSONAL,PLANTA DE PERSONAL PERMANENTE,CONTRIBUCIONES INHERENTES A LA NOMINA,APORTES A CAJAS DE COMPENSACION FAMILIAR,No Aplica,No Aplica,No Aplica,No Aplica,VIGENCIA ACTUAL,ENTIDADES TERRITORIALES - ADMINISTRACION CENTRAL,NO APLICA,0,NO DEFINIDO,21600000.0,21600000.0,2022,Primer Trimestre,,,,,,,,,,,,,,,,,,,,,,
756827,20220901,218552585,Pupiales,2.1.1.01,PLANTA DE PERSONAL PERMANENTE,GASTOS,FUNCIONAMIENTO,GASTOS DE PERSONAL,PLANTA DE PERSONAL PERMANENTE,No Aplica,No Aplica,No Aplica,No Aplica,No Aplica,No Aplica,VIGENCIA ACTUAL,ENTIDADES TERRITORIALES - PERSONERIA,NO DEFINIDO,,NO DEFINIDO,136278900.0,150000000.0,2022,Tercer Trimestre,,,,,,,,,,,,,,,,,,,,,,
759988,20220901,218552585,Pupiales,2.1.1.01.01.001.01,SUELDO BASICO,GASTOS,FUNCIONAMIENTO,GASTOS DE PERSONAL,PLANTA DE PERSONAL PERMANENTE,FACTORES CONSTITUTIVOS DE SALARIO,FACTORES SALARIALES COMUNES,SUELDO BASICO,No Aplica,No Aplica,No Aplica,VIGENCIA ACTUAL,ENTIDADES TERRITORIALES - CONCEJO,NO APLICA,0,NO DEFINIDO,54511560.0,60000000.0,2022,Tercer Trimestre,,,,,,,,,,,,,,,,,,,,,,
762805,20221201,218552585,Pupiales,2.1.2.01.01.004,ACTIVOS FIJOS NO CLASIFICADOS COMO MAQUINARIA Y EQUIPO,GASTOS,FUNCIONAMIENTO,ADQUISICION DE BIENES Y SERVICIOS,ADQUISICION DE ACTIVOS NO FINANCIEROS,ACTIVOS FIJOS,ACTIVOS FIJOS NO CLASIFICADOS COMO MAQUINARIA Y EQUIPO,No Aplica,No Aplica,No Aplica,No Aplica,VIGENCIA ACTUAL,ENTIDADES TERRITORIALES - ADMINISTRACION CENTRAL,NO DEFINIDO,,NO DEFINIDO,5000000.0,0.0,2022,Cuarto Trimestre,,,,,,,,,,,,,,,,,,,,,,
766799,20220301,218552585,Pupiales,2.1.1.01.02.005,APORTES GENERALES AL SISTEMA DE RIESGOS LABORALES,GASTOS,FUNCIONAMIENTO,GASTOS DE PERSONAL,PLANTA DE PERSONAL PERMANENTE,CONTRIBUCIONES INHERENTES A LA NOMINA,APORTES GENERALES AL SISTEMA DE RIESGOS LABORALES,No Aplica,No Aplica,No Aplica,No Aplica,VIGENCIA ACTUAL,ENTIDADES TERRITORIALES - ADMINISTRACION CENTRAL,NO APLICA,0,NO DEFINIDO,6650000.0,6650000.0,2022,Primer Trimestre,,,,,,,,,,,,,,,,,,,,,,
772262,20220301,218552585,Pupiales,2.1.1.01.01.001.04,SUBSIDIO DE ALIMENTACION,GASTOS,FUNCIONAMIENTO,GASTOS DE PERSONAL,PLANTA DE PERSONAL PERMANENTE,FACTORES CONSTITUTIVOS DE SALARIO,FACTORES SALARIALES COMUNES,SUBSIDIO DE ALIMENTACION,No Aplica,No Aplica,No Aplica,VIGENCIA ACTUAL,ENTIDADES TERRITORIALES - ADMINISTRACION CENTRAL,NO APLICA,0,NO DEFINIDO,9000000.0,9000000.0,2022,Primer Trimestre,,,,,,,,,,,,,,,,,,,,,,
774148,20220901,218552585,Pupiales,2.1.2.02.02.006,"COMERCIO Y DISTRIBUCION; ALOJAMIENTO; SERVICIOS DE SUMINISTRO DE COMIDAS Y BEBIDAS; SERVICIOS DE TRANSPORTE; Y SERVICIOS DE DISTRIBUCION DE ELECTRICIDAD, GAS Y AGUA",GASTOS,FUNCIONAMIENTO,ADQUISICION DE BIENES Y SERVICIOS,ADQUISICIONES DIFERENTES DE ACTIVOS,ADQUISICION DE SERVICIOS,"COMERCIO Y DISTRIBUCION; ALOJAMIENTO; SERVICIOS DE SUMINISTRO DE COMIDAS Y BEBIDAS; SERVICIOS DE TRANSPORTE; Y SERVICIOS DE DISTRIBUCION DE ELECTRICIDAD, GAS Y AGUA",No Aplica,No Aplica,No Aplica,No Aplica,VIGENCIA ACTUAL,ENTIDADES TERRITORIALES - ADMINISTRACION CENTRAL,NO APLICA,0,NO DEFINIDO,44363916.0,67276345.0,2022,Tercer Trimestre,,,,,,,,,,,,,,,,,,,,,,
774854,20220301,218552585,Pupiales,2.1,FUNCIONAMIENTO,GASTOS,FUNCIONAMIENTO,No Aplica,No Aplica,No Aplica,No Aplica,No Aplica,No Aplica,No Aplica,No Aplica,VIGENCIA ACTUAL,ENTIDADES TERRITORIALES - PERSONERIA,NO DEFINIDO,,NO DEFINIDO,136278900.0,136278900.0,2022,Primer Trimestre,,,,,,,,,,,,,,,,,,,,,,
774953,20210901,218552585,Pupiales,2.1.1.01.01.001.08.01,PRIMA DE NAVIDAD,GASTOS,FUNCIONAMIENTO,GASTOS DE PERSONAL,PLANTA DE PERSONAL PERMANENTE,FACTORES CONSTITUTIVOS DE SALARIO,FACTORES SALARIALES COMUNES,PRESTACIONES SOCIALES,PRIMA DE NAVIDAD,No Aplica,No Aplica,VIGENCIA ACTUAL,ENTIDADES TERRITORIALES - ADMINISTRACION CENTRAL,NO APLICA,0,NO DEFINIDO,43709512.0,13709512.0,2021,Tercer Trimestre,,,,,,,,,,,,,,,,,,,,,,
775385,20210301,218552585,Pupiales,2.1.1.01.01.001.10,VIATICOS DE LOS FUNCIONARIOS EN COMISION,GASTOS,FUNCIONAMIENTO,GASTOS DE PERSONAL,PLANTA DE PERSONAL PERMANENTE,FACTORES CONSTITUTIVOS DE SALARIO,FACTORES SALARIALES COMUNES,VIATICOS DE LOS FUNCIONARIOS EN COMISION,No Aplica,No Aplica,No Aplica,VIGENCIA ACTUAL,ENTIDADES TERRITORIALES - ADMINISTRACION CENTRAL,NO APLICA,0,NO DEFINIDO,26500000.0,26500000.0,2021,Primer Trimestre,,,,,,,,,,,,,,,,,,,,,,
775784,20210901,218552585,Pupiales,2.1.2.01.01.004,ACTIVOS FIJOS NO CLASIFICADOS COMO MAQUINARIA Y EQUIPO,GASTOS,FUNCIONAMIENTO,ADQUISICION DE BIENES Y SERVICIOS,ADQUISICION DE ACTIVOS NO FINANCIEROS,ACTIVOS FIJOS,ACTIVOS FIJOS NO CLASIFICADOS COMO MAQUINARIA Y EQUIPO,No Aplica,No Aplica,No Aplica,No Aplica,VIGENCIA ACTUAL,ENTIDADES TERRITORIALES - ADMINISTRACION CENTRAL,NO DEFINIDO,,NO DEFINIDO,14500000.0,500000.0,2021,Tercer Trimestre,,,,,,,,,,,,,,,,,,,,,,
776286,20220301,218552585,Pupiales,2.1.1.01.01.001,FACTORES SALARIALES COMUNES,GASTOS,FUNCIONAMIENTO,GASTOS DE PERSONAL,PLANTA DE PERSONAL PERMANENTE,FACTORES CONSTITUTIVOS DE SALARIO,FACTORES SALARIALES COMUNES,No Aplica,No Aplica,No Aplica,No Aplica,VIGENCIA ACTUAL,ENTIDADES TERRITORIALES - CONCEJO,NO DEFINIDO,,NO DEFINIDO,54511560.0,54511560.0,2022,Primer Trimestre,,,,,,,,,,,,,,,,,,,,,,
781262,20220301,218552585,Pupiales,2.1.1.01.03.004,BONIFICACION DE GESTION TERRITORIAL PARA ALCALDES,GASTOS,FUNCIONAMIENTO,GASTOS DE PERSONAL,PLANTA DE PERSONAL PERMANENTE,REMUNERACIONES NO CONSTITUTIVAS DE FACTOR SALARIAL,BONIFICACION DE GESTION TERRITORIAL PARA ALCALDES,No Aplica,No Aplica,No Aplica,No Aplica,VIGENCIA ACTUAL,ENTIDADES TERRITORIALES - ADMINISTRACION CENTRAL,NO APLICA,0,NO DEFINIDO,7250000.0,7250000.0,2022,Primer Trimestre,,,,,,,,,,,,,,,,,,,,,,
784012,20220301,218552585,Pupiales,2.1.1.01.02.007,APORTES AL SENA,GASTOS,FUNCIONAMIENTO,GASTOS DE PERSONAL,PLANTA DE PERSONAL PERMANENTE,CONTRIBUCIONES INHERENTES A LA NOMINA,APORTES AL SENA,No Aplica,No Aplica,No Aplica,No Aplica,VIGENCIA ACTUAL,ENTIDADES TERRITORIALES - ADMINISTRACION CENTRAL,NO APLICA,0,NO DEFINIDO,2500000.0,2500000.0,2022,Primer Trimestre,,,,,,,,,,,,,,,,,,,,,,
784614,20221201,218552585,Pupiales,2.1.2.01.01.003.03,"MAQUINARIA DE OFICINA, CONTABILIDAD E INFORMATICA",GASTOS,FUNCIONAMIENTO,ADQUISICION DE BIENES Y SERVICIOS,ADQUISICION DE ACTIVOS NO FINANCIEROS,ACTIVOS FIJOS,MAQUINARIA Y EQUIPO,"MAQUINARIA DE OFICINA, CONTABILIDAD E INFORMATICA",No Aplica,No Aplica,No Aplica,VIGENCIA ACTUAL,ENTIDADES TERRITORIALES - ADMINISTRACION CENTRAL,NO DEFINIDO,,NO DEFINIDO,15000000.0,0.0,2022,Cuarto Trimestre,,,,,,,,,,,,,,,,,,,,,,
785940,20210601,218552585,Pupiales,2.1.1.01.02.005,APORTES GENERALES AL SISTEMA DE RIESGOS LABORALES,GASTOS,FUNCIONAMIENTO,GASTOS DE PERSONAL,PLANTA DE PERSONAL PERMANENTE,CONTRIBUCIONES INHERENTES A LA NOMINA,APORTES GENERALES AL SISTEMA DE RIESGOS LABORALES,No Aplica,No Aplica,No Aplica,No Aplica,VIGENCIA ACTUAL,ENTIDADES TERRITORIALES - ADMINISTRACION CENTRAL,NO APLICA,0,NO DEFINIDO,3710000.0,3710000.0,2021,Segundo Trimestre,,,,,,,,,,,,,,,,,,,,,,
786243,20220901,218552585,Pupiales,2.1.2,ADQUISICION DE BIENES Y SERVICIOS,GASTOS,FUNCIONAMIENTO,ADQUISICION DE BIENES Y SERVICIOS,No Aplica,No Aplica,No Aplica,No Aplica,No Aplica,No Aplica,No Aplica,VIGENCIA ACTUAL,ENTIDADES TERRITORIALES - ADMINISTRACION CENTRAL,NO DEFINIDO,,NO DEFINIDO,671364916.0,755162065.0,2022,Tercer Trimestre,,,,,,,,,,,,,,,,,,,,,,
788027,20230301,218552585,Pupiales,2.1.4.02.02,ENTIDADES TERRITORIALES DISTINTAS DE PARTICIPACIONES Y COMPENSACIONES,GASTOS,FUNCIONAMIENTO,TRANSFERENCIAS DE CAPITAL,ENTIDADES DEL GOBIERNO GENERAL,ENTIDADES TERRITORIALES DISTINTAS DE PARTICIPACIONES Y COMPENSACIONES,No Aplica,No Aplica,No Aplica,No Aplica,No Aplica,VIGENCIA ACTUAL,ENTIDADES TERRITORIALES - CONCEJO,NO APLICA,0,NO DEFINIDO,36117000.0,48117000.0,2023,Primer Trimestre,,,,,,,,,,,,,,,,,,,,,,
788875,20210301,218552585,Pupiales,2.1.1.01,PLANTA DE PERSONAL PERMANENTE,GASTOS,FUNCIONAMIENTO,GASTOS DE PERSONAL,PLANTA DE PERSONAL PERMANENTE,No Aplica,No Aplica,No Aplica,No Aplica,No Aplica,No Aplica,VIGENCIA ACTUAL,ENTIDADES TERRITORIALES - PERSONERIA,NO DEFINIDO,,NO DEFINIDO,131670450.0,131670450.0,2021,Primer Trimestre,,,,,,,,,,,,,,,,,,,,,,
790234,20220601,218552585,Pupiales,2.2.2.02,INTERESES,GASTOS,SERVICIO DE LA DEUDA PUBLICA,SERVICIO DE LA DEUDA PUBLICA INTERNA,INTERESES,No Aplica,No Aplica,No Aplica,No Aplica,No Aplica,No Aplica,VIGENCIA ACTUAL,ENTIDADES TERRITORIALES - ADMINISTRACION CENTRAL,NO DEFINIDO,,NO DEFINIDO,96000000.0,119000000.0,2022,Segundo Trimestre,,,,,,,,,,,,,,,,,,,,,,
792341,20220601,218552585,Pupiales,2.1.1.01.01.001.01,SUELDO BASICO,GASTOS,FUNCIONAMIENTO,GASTOS DE PERSONAL,PLANTA DE PERSONAL PERMANENTE,FACTORES CONSTITUTIVOS DE SALARIO,FACTORES SALARIALES COMUNES,SUELDO BASICO,No Aplica,No Aplica,No Aplica,VIGENCIA ACTUAL,ENTIDADES TERRITORIALES - ADMINISTRACION CENTRAL,NO APLICA,0,NO DEFINIDO,400000000.0,508790450.0,2022,Segundo Trimestre,,,,,,,,,,,,,,,,,,,,,,
800066,20210601,218552585,Pupiales,2.2.2.01.02.002.02.03,BANCA COMERCIAL,GASTOS,SERVICIO DE LA DEUDA PUBLICA,SERVICIO DE LA DEUDA PUBLICA INTERNA,PRINCIPAL,PRESTAMOS,ENTIDADES FINANCIERAS,BANCA COMERCIAL,BANCA COMERCIAL,No Aplica,No Aplica,VIGENCIA ACTUAL,ENTIDADES TERRITORIALES - ADMINISTRACION CENTRAL,NO APLICA,0,NO DEFINIDO,123631944.0,123631944.0,2021,Segundo Trimestre,,,,,,,,,,,,,,,,,,,,,,
801280,20220301,218552585,Pupiales,2.1.1.01.02.008,APORTES A LA ESAP,GASTOS,FUNCIONAMIENTO,GASTOS DE PERSONAL,PLANTA DE PERSONAL PERMANENTE,CONTRIBUCIONES INHERENTES A LA NOMINA,APORTES A LA ESAP,No Aplica,No Aplica,No Aplica,No Aplica,VIGENCIA ACTUAL,ENTIDADES TERRITORIALES - ADMINISTRACION CENTRAL,NO APLICA,0,NO DEFINIDO,2500000.0,2500000.0,2022,Primer Trimestre,,,,,,,,,,,,,,,,,,,,,,
803193,20220301,218552585,Pupiales,2.1.1,GASTOS DE PERSONAL,GASTOS,FUNCIONAMIENTO,GASTOS DE PERSONAL,No Aplica,No Aplica,No Aplica,No Aplica,No Aplica,No Aplica,No Aplica,VIGENCIA ACTUAL,ENTIDADES TERRITORIALES - CONCEJO,NO DEFINIDO,,NO DEFINIDO,268089210.0,268089210.0,2022,Primer Trimestre,,,,,,,,,,,,,,,,,,,,,,
804239,20230601,218552585,Pupiales,2.1,FUNCIONAMIENTO,GASTOS,FUNCIONAMIENTO,No Aplica,No Aplica,No Aplica,No Aplica,No Aplica,No Aplica,No Aplica,No Aplica,VIGENCIA ACTUAL,ENTIDADES TERRITORIALES - CONCEJO,NO DEFINIDO,,NO DEFINIDO,216511000.0,216511000.0,2023,Segundo Trimestre,,,,,,,,,,,,,,,,,,,,,,
805521,20230601,218552585,Pupiales,2.1.2.01.01.003,MAQUINARIA Y EQUIPO,GASTOS,FUNCIONAMIENTO,ADQUISICION DE BIENES Y SERVICIOS,ADQUISICION DE ACTIVOS NO FINANCIEROS,ACTIVOS FIJOS,MAQUINARIA Y EQUIPO,No Aplica,No Aplica,No Aplica,No Aplica,VIGENCIA ACTUAL,ENTIDADES TERRITORIALES - ADMINISTRACION CENTRAL,NO DEFINIDO,,NO DEFINIDO,3000000.0,23000000.0,2023,Segundo Trimestre,,,,,,,,,,,,,,,,,,,,,,
806607,20220901,218552585,Pupiales,2.1.2.02.02.007,SERVICIOS FINANCIEROS Y SERVICIOS CONEXOS; SERVICIOS INMOBILIARIOS; Y SERVICIOS DE ARRENDAMIENTO Y LEASING,GASTOS,FUNCIONAMIENTO,ADQUISICION DE BIENES Y SERVICIOS,ADQUISICIONES DIFERENTES DE ACTIVOS,ADQUISICION DE SERVICIOS,SERVICIOS FINANCIEROS Y SERVICIOS CONEXOS; SERVICIOS INMOBILIARIOS; Y SERVICIOS DE ARRENDAMIENTO Y LEASING,No Aplica,No Aplica,No Aplica,No Aplica,VIGENCIA ACTUAL,ENTIDADES TERRITORIALES - ADMINISTRACION CENTRAL,NO APLICA,0,NO DEFINIDO,20001000.0,16649900.0,2022,Tercer Trimestre,,,,,,,,,,,,,,,,,,,,,,
810491,20220301,218552585,Pupiales,2.1.2.01,ADQUISICION DE ACTIVOS NO FINANCIEROS,GASTOS,FUNCIONAMIENTO,ADQUISICION DE BIENES Y SERVICIOS,ADQUISICION DE ACTIVOS NO FINANCIEROS,No Aplica,No Aplica,No Aplica,No Aplica,No Aplica,No Aplica,VIGENCIA ACTUAL,ENTIDADES TERRITORIALES - ADMINISTRACION CENTRAL,NO DEFINIDO,,NO DEFINIDO,20000000.0,20000000.0,2022,Primer Trimestre,,,,,,,,,,,,,,,,,,,,,,
812419,20210301,218552585,Pupiales,2.1.1.01.02.009,APORTES A ESCUELAS INDUSTRIALES E INSTITUTOS TECNICOS,GASTOS,FUNCIONAMIENTO,GASTOS DE PERSONAL,PLANTA DE PERSONAL PERMANENTE,CONTRIBUCIONES INHERENTES A LA NOMINA,APORTES A ESCUELAS INDUSTRIALES E INSTITUTOS TECNICOS,No Aplica,No Aplica,No Aplica,No Aplica,VIGENCIA ACTUAL,ENTIDADES TERRITORIALES - ADMINISTRACION CENTRAL,NO APLICA,0,NO DEFINIDO,7162369.0,7162369.0,2021,Primer Trimestre,,,,,,,,,,,,,,,,,,,,,,
813317,20210601,218552585,Pupiales,2.1.1.01.01.001.05,AUXILIO DE TRANSPORTE,GASTOS,FUNCIONAMIENTO,GASTOS DE PERSONAL,PLANTA DE PERSONAL PERMANENTE,FACTORES CONSTITUTIVOS DE SALARIO,FACTORES SALARIALES COMUNES,AUXILIO DE TRANSPORTE,No Aplica,No Aplica,No Aplica,VIGENCIA ACTUAL,ENTIDADES TERRITORIALES - ADMINISTRACION CENTRAL,NO APLICA,0,NO DEFINIDO,13250000.0,13250000.0,2021,Segundo Trimestre,,,,,,,,,,,,,,,,,,,,,,
814096,20220901,218552585,Pupiales,2.1.1.01.02.004,APORTES A CAJAS DE COMPENSACION FAMILIAR,GASTOS,FUNCIONAMIENTO,GASTOS DE PERSONAL,PLANTA DE PERSONAL PERMANENTE,CONTRIBUCIONES INHERENTES A LA NOMINA,APORTES A CAJAS DE COMPENSACION FAMILIAR,No Aplica,No Aplica,No Aplica,No Aplica,VIGENCIA ACTUAL,ENTIDADES TERRITORIALES - ADMINISTRACION CENTRAL,NO APLICA,0,NO DEFINIDO,21600000.0,21600000.0,2022,Tercer Trimestre,,,,,,,,,,,,,,,,,,,,,,
816391,20210601,218552585,Pupiales,2.2.2.01.02,PRESTAMOS,GASTOS,SERVICIO DE LA DEUDA PUBLICA,SERVICIO DE LA DEUDA PUBLICA INTERNA,PRINCIPAL,PRESTAMOS,No Aplica,No Aplica,No Aplica,No Aplica,No Aplica,VIGENCIA ACTUAL,ENTIDADES TERRITORIALES - ADMINISTRACION CENTRAL,NO DEFINIDO,,NO DEFINIDO,123631944.0,123631944.0,2021,Segundo Trimestre,,,,,,,,,,,,,,,,,,,,,,
817435,20220601,218552585,Pupiales,2.1.2,ADQUISICION DE BIENES Y SERVICIOS,GASTOS,FUNCIONAMIENTO,ADQUISICION DE BIENES Y SERVICIOS,No Aplica,No Aplica,No Aplica,No Aplica,No Aplica,No Aplica,No Aplica,VIGENCIA ACTUAL,ENTIDADES TERRITORIALES - ADMINISTRACION CENTRAL,NO DEFINIDO,,NO DEFINIDO,671364916.0,728364916.0,2022,Segundo Trimestre,,,,,,,,,,,,,,,,,,,,,,
818606,20211201,218552585,Pupiales,2.1.1.01.02.007,APORTES AL SENA,GASTOS,FUNCIONAMIENTO,GASTOS DE PERSONAL,PLANTA DE PERSONAL PERMANENTE,CONTRIBUCIONES INHERENTES A LA NOMINA,APORTES AL SENA,No Aplica,No Aplica,No Aplica,No Aplica,VIGENCIA ACTUAL,ENTIDADES TERRITORIALES - ADMINISTRACION CENTRAL,NO APLICA,0,NO DEFINIDO,3581184.0,2104143.0,2021,Cuarto Trimestre,,,,,,,,,,,,,,,,,,,,,,
820545,20220301,218552585,Pupiales,2,GASTOS,GASTOS,No Aplica,No Aplica,No Aplica,No Aplica,No Aplica,No Aplica,No Aplica,No Aplica,No Aplica,VIGENCIA ACTUAL,ENTIDADES TERRITORIALES - ADMINISTRACION CENTRAL,NO DEFINIDO,,NO DEFINIDO,22674407739.0,22511729029.0,2022,Primer Trimestre,,,,,,,,,,,,,,,,,,,,,,
820892,20230601,218552585,Pupiales,2.1.1.01.02.004,APORTES A CAJAS DE COMPENSACION FAMILIAR,GASTOS,FUNCIONAMIENTO,GASTOS DE PERSONAL,PLANTA DE PERSONAL PERMANENTE,CONTRIBUCIONES INHERENTES A LA NOMINA,APORTES A CAJAS DE COMPENSACION FAMILIAR,No Aplica,No Aplica,No Aplica,No Aplica,VIGENCIA ACTUAL,ENTIDADES TERRITORIALES - CONCEJO,NO APLICA,0,NO DEFINIDO,2500000.0,2500000.0,2023,Segundo Trimestre,,,,,,,,,,,,,,,,,,,,,,
820913,20220301,218552585,Pupiales,2.2.2.01.02.002.02,BANCA COMERCIAL,GASTOS,SERVICIO DE LA DEUDA PUBLICA,SERVICIO DE LA DEUDA PUBLICA INTERNA,PRINCIPAL,PRESTAMOS,ENTIDADES FINANCIERAS,BANCA COMERCIAL,No Aplica,No Aplica,No Aplica,VIGENCIA ACTUAL,ENTIDADES TERRITORIALES - ADMINISTRACION CENTRAL,NO DEFINIDO,,NO DEFINIDO,520000100.0,520000100.0,2022,Primer Trimestre,,,,,,,,,,,,,,,,,,,,,,
825305,20210601,218552585,Pupiales,2.1.2.01,ADQUISICION DE ACTIVOS NO FINANCIEROS,GASTOS,FUNCIONAMIENTO,ADQUISICION DE BIENES Y SERVICIOS,ADQUISICION DE ACTIVOS NO FINANCIEROS,No Aplica,No Aplica,No Aplica,No Aplica,No Aplica,No Aplica,VIGENCIA ACTUAL,ENTIDADES TERRITORIALES - ADMINISTRACION CENTRAL,NO DEFINIDO,,NO DEFINIDO,40000000.0,23722392.0,2021,Segundo Trimestre,,,,,,,,,,,,,,,,,,,,,,
826760,20221201,218552585,Pupiales,2.1.1.01.01,FACTORES CONSTITUTIVOS DE SALARIO,GASTOS,FUNCIONAMIENTO,GASTOS DE PERSONAL,PLANTA DE PERSONAL PERMANENTE,FACTORES CONSTITUTIVOS DE SALARIO,No Aplica,No Aplica,No Aplica,No Aplica,No Aplica,VIGENCIA ACTUAL,ENTIDADES TERRITORIALES - ADMINISTRACION CENTRAL,NO DEFINIDO,,NO DEFINIDO,526650000.0,673642893.0,2022,Cuarto Trimestre,,,,,,,,,,,,,,,,,,,,,,
828910,20210901,218552585,Pupiales,2.2.2,SERVICIO DE LA DEUDA PUBLICA INTERNA,GASTOS,SERVICIO DE LA DEUDA PUBLICA,SERVICIO DE LA DEUDA PUBLICA INTERNA,No Aplica,No Aplica,No Aplica,No Aplica,No Aplica,No Aplica,No Aplica,VIGENCIA ACTUAL,ENTIDADES TERRITORIALES - ADMINISTRACION CENTRAL,NO DEFINIDO,,NO DEFINIDO,161976630.0,161976630.0,2021,Tercer Trimestre,,,,,,,,,,,,,,,,,,,,,,
833563,20210601,218552585,Pupiales,2.1.1.01,PLANTA DE PERSONAL PERMANENTE,GASTOS,FUNCIONAMIENTO,GASTOS DE PERSONAL,PLANTA DE PERSONAL PERMANENTE,No Aplica,No Aplica,No Aplica,No Aplica,No Aplica,No Aplica,VIGENCIA ACTUAL,ENTIDADES TERRITORIALES - ADMINISTRACION CENTRAL,NO DEFINIDO,,NO DEFINIDO,900899093.0,822599093.0,2021,Segundo Trimestre,,,,,,,,,,,,,,,,,,,,,,
835660,20230601,218552585,Pupiales,2.1.1.01.01.001.04,SUBSIDIO DE ALIMENTACION,GASTOS,FUNCIONAMIENTO,GASTOS DE PERSONAL,PLANTA DE PERSONAL PERMANENTE,FACTORES CONSTITUTIVOS DE SALARIO,FACTORES SALARIALES COMUNES,SUBSIDIO DE ALIMENTACION,No Aplica,No Aplica,No Aplica,VIGENCIA ACTUAL,ENTIDADES TERRITORIALES - ADMINISTRACION CENTRAL,NO APLICA,0,NO DEFINIDO,15300000.0,15300000.0,2023,Segundo Trimestre,,,,,,,,,,,,,,,,,,,,,,
836967,20220601,218552585,Pupiales,2.1.1.01.03.003,BONIFICACION DE DIRECCION PARA GOBERNADORES Y ALCALDES,GASTOS,FUNCIONAMIENTO,GASTOS DE PERSONAL,PLANTA DE PERSONAL PERMANENTE,REMUNERACIONES NO CONSTITUTIVAS DE FACTOR SALARIAL,BONIFICACION DE DIRECCION PARA GOBERNADORES Y ALCALDES,No Aplica,No Aplica,No Aplica,No Aplica,VIGENCIA ACTUAL,ENTIDADES TERRITORIALES - ADMINISTRACION CENTRAL,NO APLICA,0,NO DEFINIDO,38500000.0,38500000.0,2022,Segundo Trimestre,,,,,,,,,,,,,,,,,,,,,,
842935,20230601,218552585,Pupiales,2.1.1.01.01.001.08,PRESTACIONES SOCIALES,GASTOS,FUNCIONAMIENTO,GASTOS DE PERSONAL,PLANTA DE PERSONAL PERMANENTE,FACTORES CONSTITUTIVOS DE SALARIO,FACTORES SALARIALES COMUNES,PRESTACIONES SOCIALES,No Aplica,No Aplica,No Aplica,VIGENCIA ACTUAL,ENTIDADES TERRITORIALES - ADMINISTRACION CENTRAL,NO DEFINIDO,,NO DEFINIDO,76250000.0,83250000.0,2023,Segundo Trimestre,,,,,,,,,,,,,,,,,,,,,,
843729,20230301,218552585,Pupiales,2.1.1.01.03.006,HONORARIOS CONCEJALES,GASTOS,FUNCIONAMIENTO,GASTOS DE PERSONAL,PLANTA DE PERSONAL PERMANENTE,REMUNERACIONES NO CONSTITUTIVAS DE FACTOR SALARIAL,HONORARIOS CONCEJALES,No Aplica,No Aplica,No Aplica,No Aplica,VIGENCIA ACTUAL,ENTIDADES TERRITORIALES - CONCEJO,NO APLICA,0,NO DEFINIDO,125375000.0,125375000.0,2023,Primer Trimestre,,,,,,,,,,,,,,,,,,,,,,
843823,20220601,218552585,Pupiales,2.1.1.01.01.001.01,SUELDO BASICO,GASTOS,FUNCIONAMIENTO,GASTOS DE PERSONAL,PLANTA DE PERSONAL PERMANENTE,FACTORES CONSTITUTIVOS DE SALARIO,FACTORES SALARIALES COMUNES,SUELDO BASICO,No Aplica,No Aplica,No Aplica,VIGENCIA ACTUAL,ENTIDADES TERRITORIALES - PERSONERIA,NO APLICA,0,NO DEFINIDO,136278900.0,150000000.0,2022,Segundo Trimestre,,,,,,,,,,,,,,,,,,,,,,
844247,20230601,218552585,Pupiales,2.2,SERVICIO DE LA DEUDA PUBLICA,GASTOS,SERVICIO DE LA DEUDA PUBLICA,No Aplica,No Aplica,No Aplica,No Aplica,No Aplica,No Aplica,No Aplica,No Aplica,VIGENCIA ACTUAL,ENTIDADES TERRITORIALES - ADMINISTRACION CENTRAL,NO DEFINIDO,,NO DEFINIDO,512738713.0,562205713.0,2023,Segundo Trimestre,,,,,,,,,,,,,,,,,,,,,,
844874,20220601,218552585,Pupiales,2.1.1.01.02.006,APORTES AL ICBF,GASTOS,FUNCIONAMIENTO,GASTOS DE PERSONAL,PLANTA DE PERSONAL PERMANENTE,CONTRIBUCIONES INHERENTES A LA NOMINA,APORTES AL ICBF,No Aplica,No Aplica,No Aplica,No Aplica,VIGENCIA ACTUAL,ENTIDADES TERRITORIALES - ADMINISTRACION CENTRAL,NO APLICA,0,NO DEFINIDO,15000000.0,15000000.0,2022,Segundo Trimestre,,,,,,,,,,,,,,,,,,,,,,
847068,20220601,218552585,Pupiales,2.1.1.01.01.001.08.01,PRIMA DE NAVIDAD,GASTOS,FUNCIONAMIENTO,GASTOS DE PERSONAL,PLANTA DE PERSONAL PERMANENTE,FACTORES CONSTITUTIVOS DE SALARIO,FACTORES SALARIALES COMUNES,PRESTACIONES SOCIALES,PRIMA DE NAVIDAD,No Aplica,No Aplica,VIGENCIA ACTUAL,ENTIDADES TERRITORIALES - ADMINISTRACION CENTRAL,NO APLICA,0,NO DEFINIDO,38300000.0,19300000.0,2022,Segundo Trimestre,,,,,,,,,,,,,,,,,,,,,,
847328,20211201,218552585,Pupiales,2,GASTOS,GASTOS,No Aplica,No Aplica,No Aplica,No Aplica,No Aplica,No Aplica,No Aplica,No Aplica,No Aplica,VIGENCIA ACTUAL,ENTIDADES TERRITORIALES - ADMINISTRACION CENTRAL,NO DEFINIDO,,NO DEFINIDO,21052515998.0,27481758861.0,2021,Cuarto Trimestre,,,,,,,,,,,,,,,,,,,,,,
850611,20221201,218552585,Pupiales,2.1.1.01.02.003,APORTES DE CESANTIAS,GASTOS,FUNCIONAMIENTO,GASTOS DE PERSONAL,PLANTA DE PERSONAL PERMANENTE,CONTRIBUCIONES INHERENTES A LA NOMINA,APORTES DE CESANTIAS,No Aplica,No Aplica,No Aplica,No Aplica,VIGENCIA ACTUAL,ENTIDADES TERRITORIALES - ADMINISTRACION CENTRAL,NO APLICA,0,NO DEFINIDO,97978550.0,124225968.0,2022,Cuarto Trimestre,,,,,,,,,,,,,,,,,,,,,,
851961,20221201,218552585,Pupiales,2.1,FUNCIONAMIENTO,GASTOS,FUNCIONAMIENTO,No Aplica,No Aplica,No Aplica,No Aplica,No Aplica,No Aplica,No Aplica,No Aplica,VIGENCIA ACTUAL,ENTIDADES TERRITORIALES - ADMINISTRACION CENTRAL,NO DEFINIDO,,NO DEFINIDO,1722239832.0,2085534931.0,2022,Cuarto Trimestre,,,,,,,,,,,,,,,,,,,,,,
855224,20230301,218552585,Pupiales,2.1.1.01.03,REMUNERACIONES NO CONSTITUTIVAS DE FACTOR SALARIAL,GASTOS,FUNCIONAMIENTO,GASTOS DE PERSONAL,PLANTA DE PERSONAL PERMANENTE,REMUNERACIONES NO CONSTITUTIVAS DE FACTOR SALARIAL,No Aplica,No Aplica,No Aplica,No Aplica,No Aplica,VIGENCIA ACTUAL,ENTIDADES TERRITORIALES - CONCEJO,NO DEFINIDO,,NO DEFINIDO,125375000.0,125375000.0,2023,Primer Trimestre,,,,,,,,,,,,,,,,,,,,,,
856949,20230301,218552585,Pupiales,2.1.2.02.02.009,"SERVICIOS PARA LA COMUNIDAD, SOCIALES Y PERSONALES",GASTOS,FUNCIONAMIENTO,ADQUISICION DE BIENES Y SERVICIOS,ADQUISICIONES DIFERENTES DE ACTIVOS,ADQUISICION DE SERVICIOS,"SERVICIOS PARA LA COMUNIDAD, SOCIALES Y PERSONALES",No Aplica,No Aplica,No Aplica,No Aplica,CUENTAS POR PAGAR,ENTIDADES TERRITORIALES - ADMINISTRACION CENTRAL,NO APLICA,0,NO DEFINIDO,1800000.0,1800000.0,2023,Primer Trimestre,,,,,,,,,,,,,,,,,,,,,,
858605,20230601,218552585,Pupiales,2.1.2.02,ADQUISICIONES DIFERENTES DE ACTIVOS,GASTOS,FUNCIONAMIENTO,ADQUISICION DE BIENES Y SERVICIOS,ADQUISICIONES DIFERENTES DE ACTIVOS,No Aplica,No Aplica,No Aplica,No Aplica,No Aplica,No Aplica,VIGENCIA ACTUAL,ENTIDADES TERRITORIALES - CONCEJO,NO DEFINIDO,,NO DEFINIDO,10000000.0,10000000.0,2023,Segundo Trimestre,,,,,,,,,,,,,,,,,,,,,,
860596,20210301,218552585,Pupiales,2.1.2.02.01,MATERIALES Y SUMINISTROS,GASTOS,FUNCIONAMIENTO,ADQUISICION DE BIENES Y SERVICIOS,ADQUISICIONES DIFERENTES DE ACTIVOS,MATERIALES Y SUMINISTROS,No Aplica,No Aplica,No Aplica,No Aplica,No Aplica,VIGENCIA ACTUAL,ENTIDADES TERRITORIALES - ADMINISTRACION CENTRAL,NO DEFINIDO,,NO DEFINIDO,25500000.0,25500000.0,2021,Primer Trimestre,,,,,,,,,,,,,,,,,,,,,,
862545,20211201,218552585,Pupiales,2.1.3,TRANSFERENCIAS CORRIENTES,GASTOS,FUNCIONAMIENTO,TRANSFERENCIAS CORRIENTES,No Aplica,No Aplica,No Aplica,No Aplica,No Aplica,No Aplica,No Aplica,VIGENCIA ACTUAL,ENTIDADES TERRITORIALES - ADMINISTRACION CENTRAL,NO DEFINIDO,,NO DEFINIDO,176231990.0,192155161.0,2021,Cuarto Trimestre,,,,,,,,,,,,,,,,,,,,,,
863061,20210301,218552585,Pupiales,2.1.2.02.02,ADQUISICION DE SERVICIOS,GASTOS,FUNCIONAMIENTO,ADQUISICION DE BIENES Y SERVICIOS,ADQUISICIONES DIFERENTES DE ACTIVOS,ADQUISICION DE SERVICIOS,No Aplica,No Aplica,No Aplica,No Aplica,No Aplica,VIGENCIA ACTUAL,ENTIDADES TERRITORIALES - ADMINISTRACION CENTRAL,NO DEFINIDO,,NO DEFINIDO,582608132.0,612608132.0,2021,Primer Trimestre,,,,,,,,,,,,,,,,,,,,,,
863220,20211201,218552585,Pupiales,2.1.1.01.01.001.01,SUELDO BASICO,GASTOS,FUNCIONAMIENTO,GASTOS DE PERSONAL,PLANTA DE PERSONAL PERMANENTE,FACTORES CONSTITUTIVOS DE SALARIO,FACTORES SALARIALES COMUNES,SUELDO BASICO,No Aplica,No Aplica,No Aplica,VIGENCIA ACTUAL,ENTIDADES TERRITORIALES - CONCEJO,NO APLICA,0,NO DEFINIDO,39598642.0,54511560.0,2021,Cuarto Trimestre,,,,,,,,,,,,,,,,,,,,,,
867442,20211201,218552585,Pupiales,2.1.3.05.01,A ORGANOS DEL PGN,GASTOS,FUNCIONAMIENTO,TRANSFERENCIAS CORRIENTES,A ENTIDADES DEL GOBIERNO,A ORGANOS DEL PGN,No Aplica,No Aplica,No Aplica,No Aplica,No Aplica,VIGENCIA ACTUAL,ENTIDADES TERRITORIALES - ADMINISTRACION CENTRAL,NO DEFINIDO,,NO DEFINIDO,5501000.0,5501000.0,2021,Cuarto Trimestre,,,,,,,,,,,,,,,,,,,,,,
870811,20210601,218552585,Pupiales,2.1.1.01.03,REMUNERACIONES NO CONSTITUTIVAS DE FACTOR SALARIAL,GASTOS,FUNCIONAMIENTO,GASTOS DE PERSONAL,PLANTA DE PERSONAL PERMANENTE,REMUNERACIONES NO CONSTITUTIVAS DE FACTOR SALARIAL,No Aplica,No Aplica,No Aplica,No Aplica,No Aplica,VIGENCIA ACTUAL,ENTIDADES TERRITORIALES - ADMINISTRACION CENTRAL,NO DEFINIDO,,NO DEFINIDO,73747320.0,63747320.0,2021,Segundo Trimestre,,,,,,,,,,,,,,,,,,,,,,
874463,20211201,218552585,Pupiales,2.1.1.01.01.001.01,SUELDO BASICO,GASTOS,FUNCIONAMIENTO,GASTOS DE PERSONAL,PLANTA DE PERSONAL PERMANENTE,FACTORES CONSTITUTIVOS DE SALARIO,FACTORES SALARIALES COMUNES,SUELDO BASICO,No Aplica,No Aplica,No Aplica,VIGENCIA ACTUAL,ENTIDADES TERRITORIALES - ADMINISTRACION CENTRAL,NO APLICA,0,NO DEFINIDO,437620016.0,473438557.0,2021,Cuarto Trimestre,,,,,,,,,,,,,,,,,,,,,,
877052,20220301,218552585,Pupiales,2.1.1.01.01,FACTORES CONSTITUTIVOS DE SALARIO,GASTOS,FUNCIONAMIENTO,GASTOS DE PERSONAL,PLANTA DE PERSONAL PERMANENTE,FACTORES CONSTITUTIVOS DE SALARIO,No Aplica,No Aplica,No Aplica,No Aplica,No Aplica,VIGENCIA ACTUAL,ENTIDADES TERRITORIALES - PERSONERIA,NO DEFINIDO,,NO DEFINIDO,136278900.0,136278900.0,2022,Primer Trimestre,,,,,,,,,,,,,,,,,,,,,,
877880,20230301,218552585,Pupiales,2.1.1.01.02.003,APORTES DE CESANTIAS,GASTOS,FUNCIONAMIENTO,GASTOS DE PERSONAL,PLANTA DE PERSONAL PERMANENTE,CONTRIBUCIONES INHERENTES A LA NOMINA,APORTES DE CESANTIAS,No Aplica,No Aplica,No Aplica,No Aplica,VIGENCIA ACTUAL,ENTIDADES TERRITORIALES - ADMINISTRACION CENTRAL,NO APLICA,0,NO DEFINIDO,58000000.0,72000000.0,2023,Primer Trimestre,,,,,,,,,,,,,,,,,,,,,,
878060,20211201,218552585,Pupiales,2.1.3.04.02,FEDERACION NACIONAL DE MUNICIPIOS,GASTOS,FUNCIONAMIENTO,TRANSFERENCIAS CORRIENTES,A ORGANIZACIONES NACIONALES,FEDERACION NACIONAL DE MUNICIPIOS,No Aplica,No Aplica,No Aplica,No Aplica,No Aplica,VIGENCIA ACTUAL,ENTIDADES TERRITORIALES - ADMINISTRACION CENTRAL,NO DEFINIDO,,NO DEFINIDO,1000.0,1000.0,2021,Cuarto Trimestre,,,,,,,,,,,,,,,,,,,,,,
880507,20220601,218552585,Pupiales,2.1.3.13,SENTENCIAS Y CONCILIACIONES,GASTOS,FUNCIONAMIENTO,TRANSFERENCIAS CORRIENTES,SENTENCIAS Y CONCILIACIONES,No Aplica,No Aplica,No Aplica,No Aplica,No Aplica,No Aplica,VIGENCIA ACTUAL,ENTIDADES TERRITORIALES - ADMINISTRACION CENTRAL,NO DEFINIDO,,NO DEFINIDO,0.0,14000000.0,2022,Segundo Trimestre,,,,,,,,,,,,,,,,,,,,,,
883872,20230301,218552585,Pupiales,2.1,FUNCIONAMIENTO,GASTOS,FUNCIONAMIENTO,No Aplica,No Aplica,No Aplica,No Aplica,No Aplica,No Aplica,No Aplica,No Aplica,VIGENCIA ACTUAL,ENTIDADES TERRITORIALES - PERSONERIA,NO DEFINIDO,,NO DEFINIDO,154500000.0,174000000.0,2023,Primer Trimestre,,,,,,,,,,,,,,,,,,,,,,
888260,20210601,218552585,Pupiales,2.1.2.02.01,MATERIALES Y SUMINISTROS,GASTOS,FUNCIONAMIENTO,ADQUISICION DE BIENES Y SERVICIOS,ADQUISICIONES DIFERENTES DE ACTIVOS,MATERIALES Y SUMINISTROS,No Aplica,No Aplica,No Aplica,No Aplica,No Aplica,VIGENCIA ACTUAL,ENTIDADES TERRITORIALES - ADMINISTRACION CENTRAL,NO DEFINIDO,,NO DEFINIDO,25500000.0,42525000.0,2021,Segundo Trimestre,,,,,,,,,,,,,,,,,,,,,,
891970,20230601,218552585,Pupiales,2.2.2.01.02.002.02,BANCA COMERCIAL,GASTOS,SERVICIO DE LA DEUDA PUBLICA,SERVICIO DE LA DEUDA PUBLICA INTERNA,PRINCIPAL,PRESTAMOS,ENTIDADES FINANCIERAS,BANCA COMERCIAL,No Aplica,No Aplica,No Aplica,VIGENCIA ACTUAL,ENTIDADES TERRITORIALES - ADMINISTRACION CENTRAL,NO DEFINIDO,,NO DEFINIDO,379197251.0,379197251.0,2023,Segundo Trimestre,,,,,,,,,,,,,,,,,,,,,,
895035,20210901,218552585,Pupiales,2.1.1.01.03,REMUNERACIONES NO CONSTITUTIVAS DE FACTOR SALARIAL,GASTOS,FUNCIONAMIENTO,GASTOS DE PERSONAL,PLANTA DE PERSONAL PERMANENTE,REMUNERACIONES NO CONSTITUTIVAS DE FACTOR SALARIAL,No Aplica,No Aplica,No Aplica,No Aplica,No Aplica,VIGENCIA ACTUAL,ENTIDADES TERRITORIALES - CONCEJO,NO DEFINIDO,,NO DEFINIDO,210188880.0,169646730.0,2021,Tercer Trimestre,,,,,,,,,,,,,,,,,,,,,,
898630,20220901,218552585,Pupiales,2.1.3.05,A ENTIDADES DEL GOBIERNO,GASTOS,FUNCIONAMIENTO,TRANSFERENCIAS CORRIENTES,A ENTIDADES DEL GOBIERNO,No Aplica,No Aplica,No Aplica,No Aplica,No Aplica,No Aplica,VIGENCIA ACTUAL,ENTIDADES TERRITORIALES - ADMINISTRACION CENTRAL,NO DEFINIDO,,NO DEFINIDO,45000000.0,58304214.0,2022,Tercer Trimestre,,,,,,,,,,,,,,,,,,,,,,
903365,20210901,218552585,Pupiales,2.1.1.01.02.009,APORTES A ESCUELAS INDUSTRIALES E INSTITUTOS TECNICOS,GASTOS,FUNCIONAMIENTO,GASTOS DE PERSONAL,PLANTA DE PERSONAL PERMANENTE,CONTRIBUCIONES INHERENTES A LA NOMINA,APORTES A ESCUELAS INDUSTRIALES E INSTITUTOS TECNICOS,No Aplica,No Aplica,No Aplica,No Aplica,VIGENCIA ACTUAL,ENTIDADES TERRITORIALES - ADMINISTRACION CENTRAL,NO APLICA,0,NO DEFINIDO,7162369.0,5824369.0,2021,Tercer Trimestre,,,,,,,,,,,,,,,,,,,,,,
909884,20210301,218552585,Pupiales,2.1.3.04.02,FEDERACION NACIONAL DE MUNICIPIOS,GASTOS,FUNCIONAMIENTO,TRANSFERENCIAS CORRIENTES,A ORGANIZACIONES NACIONALES,FEDERACION NACIONAL DE MUNICIPIOS,No Aplica,No Aplica,No Aplica,No Aplica,No Aplica,VIGENCIA ACTUAL,ENTIDADES TERRITORIALES - ADMINISTRACION CENTRAL,NO DEFINIDO,,NO DEFINIDO,1000.0,1000.0,2021,Primer Trimestre,,,,,,,,,,,,,,,,,,,,,,
910762,20210301,218552585,Pupiales,2.1.1.01.01.001.05,AUXILIO DE TRANSPORTE,GASTOS,FUNCIONAMIENTO,GASTOS DE PERSONAL,PLANTA DE PERSONAL PERMANENTE,FACTORES CONSTITUTIVOS DE SALARIO,FACTORES SALARIALES COMUNES,AUXILIO DE TRANSPORTE,No Aplica,No Aplica,No Aplica,VIGENCIA ACTUAL,ENTIDADES TERRITORIALES - ADMINISTRACION CENTRAL,NO APLICA,0,NO DEFINIDO,13250000.0,13250000.0,2021,Primer Trimestre,,,,,,,,,,,,,,,,,,,,,,
918311,20221201,218552585,Pupiales,2.1.1.01,PLANTA DE PERSONAL PERMANENTE,GASTOS,FUNCIONAMIENTO,GASTOS DE PERSONAL,PLANTA DE PERSONAL PERMANENTE,No Aplica,No Aplica,No Aplica,No Aplica,No Aplica,No Aplica,VIGENCIA ACTUAL,ENTIDADES TERRITORIALES - PERSONERIA,NO DEFINIDO,,NO DEFINIDO,136278900.0,150000000.0,2022,Cuarto Trimestre,,,,,,,,,,,,,,,,,,,,,,
921088,20210901,218552585,Pupiales,2.1.1.01.01.001,FACTORES SALARIALES COMUNES,GASTOS,FUNCIONAMIENTO,GASTOS DE PERSONAL,PLANTA DE PERSONAL PERMANENTE,FACTORES CONSTITUTIVOS DE SALARIO,FACTORES SALARIALES COMUNES,No Aplica,No Aplica,No Aplica,No Aplica,VIGENCIA ACTUAL,ENTIDADES TERRITORIALES - PERSONERIA,NO DEFINIDO,,NO DEFINIDO,131670450.0,131670450.0,2021,Tercer Trimestre,,,,,,,,,,,,,,,,,,,,,,
922457,20230601,218552585,Pupiales,2.1.1.01.01.001.01,SUELDO BASICO,GASTOS,FUNCIONAMIENTO,GASTOS DE PERSONAL,PLANTA DE PERSONAL PERMANENTE,FACTORES CONSTITUTIVOS DE SALARIO,FACTORES SALARIALES COMUNES,SUELDO BASICO,No Aplica,No Aplica,No Aplica,VIGENCIA ACTUAL,ENTIDADES TERRITORIALES - CONCEJO,NO APLICA,0,NO DEFINIDO,69600000.0,69600000.0,2023,Segundo Trimestre,,,,,,,,,,,,,,,,,,,,,,
925770,20211201,218552585,Pupiales,2.1.1.01.02.006,APORTES AL ICBF,GASTOS,FUNCIONAMIENTO,GASTOS DE PERSONAL,PLANTA DE PERSONAL PERMANENTE,CONTRIBUCIONES INHERENTES A LA NOMINA,APORTES AL ICBF,No Aplica,No Aplica,No Aplica,No Aplica,VIGENCIA ACTUAL,ENTIDADES TERRITORIALES - ADMINISTRACION CENTRAL,NO APLICA,0,NO DEFINIDO,21487109.0,13139235.0,2021,Cuarto Trimestre,,,,,,,,,,,,,,,,,,,,,,
926621,20220901,218552585,Pupiales,2.2.2.01.02.002.02.03,BANCA COMERCIAL,GASTOS,SERVICIO DE LA DEUDA PUBLICA,SERVICIO DE LA DEUDA PUBLICA INTERNA,PRINCIPAL,PRESTAMOS,ENTIDADES FINANCIERAS,BANCA COMERCIAL,BANCA COMERCIAL,No Aplica,No Aplica,VIGENCIA ACTUAL,ENTIDADES TERRITORIALES - ADMINISTRACION CENTRAL,NO APLICA,0,NO DEFINIDO,520000100.0,407000100.0,2022,Tercer Trimestre,,,,,,,,,,,,,,,,,,,,,,
927879,20230301,218552585,Pupiales,2.1.3.05.04.001.13.01,TRANSFERENCIA DE LA SOBRETASA AMBIENTAL A LAS CORPORACIONES AUTONOMAS REGIONALES,GASTOS,FUNCIONAMIENTO,TRANSFERENCIAS CORRIENTES,A ENTIDADES DEL GOBIERNO,PARTICIPACIONES DISTINTAS DEL SGP,PARTICIPACIONES DE IMPUESTOS,PARTICIPACION DE LA SOBRETASA AMBIENTAL,TRANSFERENCIA DE LA SOBRETASA AMBIENTAL A LAS CORPORACIONES AUTONOMAS REGIONALES,No Aplica,No Aplica,VIGENCIA ACTUAL,ENTIDADES TERRITORIALES - ADMINISTRACION CENTRAL,NO APLICA,0,NO DEFINIDO,18000000.0,18000000.0,2023,Primer Trimestre,,,,,,,,,,,,,,,,,,,,,,
929539,20221201,218552585,Pupiales,2.2.2.02.02.002,ENTIDADES FINANCIERAS,GASTOS,SERVICIO DE LA DEUDA PUBLICA,SERVICIO DE LA DEUDA PUBLICA INTERNA,INTERESES,PRESTAMOS,ENTIDADES FINANCIERAS,No Aplica,No Aplica,No Aplica,No Aplica,VIGENCIA ACTUAL,ENTIDADES TERRITORIALES - ADMINISTRACION CENTRAL,NO DEFINIDO,,NO DEFINIDO,96000000.0,125229824.0,2022,Cuarto Trimestre,,,,,,,,,,,,,,,,,,,,,,
931917,20230601,218552585,Pupiales,2.1.1.01.01.001.07,BONIFICACION POR SERVICIOS PRESTADOS,GASTOS,FUNCIONAMIENTO,GASTOS DE PERSONAL,PLANTA DE PERSONAL PERMANENTE,FACTORES CONSTITUTIVOS DE SALARIO,FACTORES SALARIALES COMUNES,BONIFICACION POR SERVICIOS PRESTADOS,No Aplica,No Aplica,No Aplica,VIGENCIA ACTUAL,ENTIDADES TERRITORIALES - ADMINISTRACION CENTRAL,NO APLICA,0,NO DEFINIDO,21000000.0,21000000.0,2023,Segundo Trimestre,,,,,,,,,,,,,,,,,,,,,,
932837,20210901,218552585,Pupiales,2,GASTOS,GASTOS,No Aplica,No Aplica,No Aplica,No Aplica,No Aplica,No Aplica,No Aplica,No Aplica,No Aplica,VIGENCIA ACTUAL,ENTIDADES TERRITORIALES - CONCEJO,NO DEFINIDO,,NO DEFINIDO,249787522.0,249787522.0,2021,Tercer Trimestre,,,,,,,,,,,,,,,,,,,,,,
936943,20230601,218552585,Pupiales,2.1.2,ADQUISICION DE BIENES Y SERVICIOS,GASTOS,FUNCIONAMIENTO,ADQUISICION DE BIENES Y SERVICIOS,No Aplica,No Aplica,No Aplica,No Aplica,No Aplica,No Aplica,No Aplica,VIGENCIA ACTUAL,ENTIDADES TERRITORIALES - CONCEJO,NO DEFINIDO,,NO DEFINIDO,10000000.0,10000000.0,2023,Segundo Trimestre,,,,,,,,,,,,,,,,,,,,,,
937090,20210301,218552585,Pupiales,2.2.2.01.02.002,ENTIDADES FINANCIERAS,GASTOS,SERVICIO DE LA DEUDA PUBLICA,SERVICIO DE LA DEUDA PUBLICA INTERNA,PRINCIPAL,PRESTAMOS,ENTIDADES FINANCIERAS,No Aplica,No Aplica,No Aplica,No Aplica,VIGENCIA ACTUAL,ENTIDADES TERRITORIALES - ADMINISTRACION CENTRAL,NO DEFINIDO,,NO DEFINIDO,123631944.0,123631944.0,2021,Primer Trimestre,,,,,,,,,,,,,,,,,,,,,,
938520,20210301,218552585,Pupiales,2.1.1.01.03,REMUNERACIONES NO CONSTITUTIVAS DE FACTOR SALARIAL,GASTOS,FUNCIONAMIENTO,GASTOS DE PERSONAL,PLANTA DE PERSONAL PERMANENTE,REMUNERACIONES NO CONSTITUTIVAS DE FACTOR SALARIAL,No Aplica,No Aplica,No Aplica,No Aplica,No Aplica,VIGENCIA ACTUAL,ENTIDADES TERRITORIALES - CONCEJO,NO DEFINIDO,,NO DEFINIDO,210188880.0,210188880.0,2021,Primer Trimestre,,,,,,,,,,,,,,,,,,,,,,
944429,20210901,218552585,Pupiales,2.1.1.01.01.001.07,BONIFICACION POR SERVICIOS PRESTADOS,GASTOS,FUNCIONAMIENTO,GASTOS DE PERSONAL,PLANTA DE PERSONAL PERMANENTE,FACTORES CONSTITUTIVOS DE SALARIO,FACTORES SALARIALES COMUNES,BONIFICACION POR SERVICIOS PRESTADOS,No Aplica,No Aplica,No Aplica,VIGENCIA ACTUAL,ENTIDADES TERRITORIALES - ADMINISTRACION CENTRAL,NO APLICA,0,NO DEFINIDO,21200000.0,21200000.0,2021,Tercer Trimestre,,,,,,,,,,,,,,,,,,,,,,
948136,20220601,218552585,Pupiales,2.1.1.01.01.001,FACTORES SALARIALES COMUNES,GASTOS,FUNCIONAMIENTO,GASTOS DE PERSONAL,PLANTA DE PERSONAL PERMANENTE,FACTORES CONSTITUTIVOS DE SALARIO,FACTORES SALARIALES COMUNES,No Aplica,No Aplica,No Aplica,No Aplica,VIGENCIA ACTUAL,ENTIDADES TERRITORIALES - CONCEJO,NO DEFINIDO,,NO DEFINIDO,54511560.0,60000000.0,2022,Segundo Trimestre,,,,,,,,,,,,,,,,,,,,,,
949450,20210301,218552585,Pupiales,2.1.2.01.01.003.03.01,"MAQUINAS PARA OFICINA Y CONTABILIDAD, Y SUS PARTES Y ACCESORIOS",GASTOS,FUNCIONAMIENTO,ADQUISICION DE BIENES Y SERVICIOS,ADQUISICION DE ACTIVOS NO FINANCIEROS,ACTIVOS FIJOS,MAQUINARIA Y EQUIPO,"MAQUINARIA DE OFICINA, CONTABILIDAD E INFORMATICA","MAQUINAS PARA OFICINA Y CONTABILIDAD, Y SUS PARTES Y ACCESORIOS",No Aplica,No Aplica,VIGENCIA ACTUAL,ENTIDADES TERRITORIALES - ADMINISTRACION CENTRAL,NO APLICA,0,NO DEFINIDO,25500000.0,25500000.0,2021,Primer Trimestre,,,,,,,,,,,,,,,,,,,,,,
955151,20230601,218552585,Pupiales,2.1.2.01.01.003.03,"MAQUINARIA DE OFICINA, CONTABILIDAD E INFORMATICA",GASTOS,FUNCIONAMIENTO,ADQUISICION DE BIENES Y SERVICIOS,ADQUISICION DE ACTIVOS NO FINANCIEROS,ACTIVOS FIJOS,MAQUINARIA Y EQUIPO,"MAQUINARIA DE OFICINA, CONTABILIDAD E INFORMATICA",No Aplica,No Aplica,No Aplica,VIGENCIA ACTUAL,ENTIDADES TERRITORIALES - ADMINISTRACION CENTRAL,NO DEFINIDO,,NO DEFINIDO,3000000.0,23000000.0,2023,Segundo Trimestre,,,,,,,,,,,,,,,,,,,,,,
956251,20210901,218552585,Pupiales,2.2.2.02.02.002.02.03,BANCA COMERCIAL,GASTOS,SERVICIO DE LA DEUDA PUBLICA,SERVICIO DE LA DEUDA PUBLICA INTERNA,INTERESES,PRESTAMOS,ENTIDADES FINANCIERAS,BANCA COMERCIAL,BANCA COMERCIAL,No Aplica,No Aplica,VIGENCIA ACTUAL,ENTIDADES TERRITORIALES - ADMINISTRACION CENTRAL,NO APLICA,0,NO DEFINIDO,38344686.0,38344686.0,2021,Tercer Trimestre,,,,,,,,,,,,,,,,,,,,,,
965603,20230301,218552585,Pupiales,2.1.1.01.01.001.08,PRESTACIONES SOCIALES,GASTOS,FUNCIONAMIENTO,GASTOS DE PERSONAL,PLANTA DE PERSONAL PERMANENTE,FACTORES CONSTITUTIVOS DE SALARIO,FACTORES SALARIALES COMUNES,PRESTACIONES SOCIALES,No Aplica,No Aplica,No Aplica,VIGENCIA ACTUAL,ENTIDADES TERRITORIALES - ADMINISTRACION CENTRAL,NO DEFINIDO,,NO DEFINIDO,50000000.0,79000000.0,2023,Primer Trimestre,,,,,,,,,,,,,,,,,,,,,,
965972,20220601,218552585,Pupiales,2.1.1.01.01.001.05,AUXILIO DE TRANSPORTE,GASTOS,FUNCIONAMIENTO,GASTOS DE PERSONAL,PLANTA DE PERSONAL PERMANENTE,FACTORES CONSTITUTIVOS DE SALARIO,FACTORES SALARIALES COMUNES,AUXILIO DE TRANSPORTE,No Aplica,No Aplica,No Aplica,VIGENCIA ACTUAL,ENTIDADES TERRITORIALES - ADMINISTRACION CENTRAL,NO APLICA,0,NO DEFINIDO,14200000.0,14200000.0,2022,Segundo Trimestre,,,,,,,,,,,,,,,,,,,,,,
968851,20230301,218552585,Pupiales,2.1.1.01.02.005,APORTES GENERALES AL SISTEMA DE RIESGOS LABORALES,GASTOS,FUNCIONAMIENTO,GASTOS DE PERSONAL,PLANTA DE PERSONAL PERMANENTE,CONTRIBUCIONES INHERENTES A LA NOMINA,APORTES GENERALES AL SISTEMA DE RIESGOS LABORALES,No Aplica,No Aplica,No Aplica,No Aplica,VIGENCIA ACTUAL,ENTIDADES TERRITORIALES - ADMINISTRACION CENTRAL,NO APLICA,0,NO DEFINIDO,9000000.0,9000000.0,2023,Primer Trimestre,,,,,,,,,,,,,,,,,,,,,,
972205,20230301,218552585,Pupiales,2.1.1.01.01,FACTORES CONSTITUTIVOS DE SALARIO,GASTOS,FUNCIONAMIENTO,GASTOS DE PERSONAL,PLANTA DE PERSONAL PERMANENTE,FACTORES CONSTITUTIVOS DE SALARIO,No Aplica,No Aplica,No Aplica,No Aplica,No Aplica,VIGENCIA ACTUAL,ENTIDADES TERRITORIALES - ADMINISTRACION CENTRAL,NO DEFINIDO,,NO DEFINIDO,437308659.0,470808659.0,2023,Primer Trimestre,,,,,,,,,,,,,,,,,,,,,,
979763,20220301,218552585,Pupiales,2.1.2.01.01.003.03,"MAQUINARIA DE OFICINA, CONTABILIDAD E INFORMATICA",GASTOS,FUNCIONAMIENTO,ADQUISICION DE BIENES Y SERVICIOS,ADQUISICION DE ACTIVOS NO FINANCIEROS,ACTIVOS FIJOS,MAQUINARIA Y EQUIPO,"MAQUINARIA DE OFICINA, CONTABILIDAD E INFORMATICA",No Aplica,No Aplica,No Aplica,VIGENCIA ACTUAL,ENTIDADES TERRITORIALES - ADMINISTRACION CENTRAL,NO DEFINIDO,,NO DEFINIDO,15000000.0,15000000.0,2022,Primer Trimestre,,,,,,,,,,,,,,,,,,,,,,
979947,20220901,218552585,Pupiales,2.1.1.01.02.001,APORTES A LA SEGURIDAD SOCIAL EN PENSIONES,GASTOS,FUNCIONAMIENTO,GASTOS DE PERSONAL,PLANTA DE PERSONAL PERMANENTE,CONTRIBUCIONES INHERENTES A LA NOMINA,APORTES A LA SEGURIDAD SOCIAL EN PENSIONES,No Aplica,No Aplica,No Aplica,No Aplica,VIGENCIA ACTUAL,ENTIDADES TERRITORIALES - ADMINISTRACION CENTRAL,NO APLICA,0,NO DEFINIDO,70000000.0,67183000.0,2022,Tercer Trimestre,,,,,,,,,,,,,,,,,,,,,,
982633,20210601,218552585,Pupiales,2.1.1.01,PLANTA DE PERSONAL PERMANENTE,GASTOS,FUNCIONAMIENTO,GASTOS DE PERSONAL,PLANTA DE PERSONAL PERMANENTE,No Aplica,No Aplica,No Aplica,No Aplica,No Aplica,No Aplica,VIGENCIA ACTUAL,ENTIDADES TERRITORIALES - CONCEJO,NO DEFINIDO,,NO DEFINIDO,249787522.0,249787522.0,2021,Segundo Trimestre,,,,,,,,,,,,,,,,,,,,,,
983965,20220601,218552585,Pupiales,2.1.2.02.01.003,"OTROS BIENES TRANSPORTABLES EXCEPTO PRODUCTOS METALICOS, MAQUINARIA Y EQUIPO",GASTOS,FUNCIONAMIENTO,ADQUISICION DE BIENES Y SERVICIOS,ADQUISICIONES DIFERENTES DE ACTIVOS,MATERIALES Y SUMINISTROS,"OTROS BIENES TRANSPORTABLES EXCEPTO PRODUCTOS METALICOS, MAQUINARIA Y EQUIPO",No Aplica,No Aplica,No Aplica,No Aplica,VIGENCIA ACTUAL,ENTIDADES TERRITORIALES - ADMINISTRACION CENTRAL,NO APLICA,0,NO DEFINIDO,56000000.0,53928000.0,2022,Segundo Trimestre,,,,,,,,,,,,,,,,,,,,,,
984473,20230601,218552585,Pupiales,2.1.1.01.01.001,FACTORES SALARIALES COMUNES,GASTOS,FUNCIONAMIENTO,GASTOS DE PERSONAL,PLANTA DE PERSONAL PERMANENTE,FACTORES CONSTITUTIVOS DE SALARIO,FACTORES SALARIALES COMUNES,No Aplica,No Aplica,No Aplica,No Aplica,VIGENCIA ACTUAL,ENTIDADES TERRITORIALES - ADMINISTRACION CENTRAL,NO DEFINIDO,,NO DEFINIDO,771050000.0,772777000.0,2023,Segundo Trimestre,,,,,,,,,,,,,,,,,,,,,,
985849,20220601,218552585,Pupiales,2.1.3.13.01,FALLOS NACIONALES,GASTOS,FUNCIONAMIENTO,TRANSFERENCIAS CORRIENTES,SENTENCIAS Y CONCILIACIONES,FALLOS NACIONALES,No Aplica,No Aplica,No Aplica,No Aplica,No Aplica,VIGENCIA ACTUAL,ENTIDADES TERRITORIALES - ADMINISTRACION CENTRAL,NO DEFINIDO,,NO DEFINIDO,0.0,14000000.0,2022,Segundo Trimestre,,,,,,,,,,,,,,,,,,,,,,
987833,20221201,218552585,Pupiales,2.1.2.02.02.009,"SERVICIOS PARA LA COMUNIDAD, SOCIALES Y PERSONALES",GASTOS,FUNCIONAMIENTO,ADQUISICION DE BIENES Y SERVICIOS,ADQUISICIONES DIFERENTES DE ACTIVOS,ADQUISICION DE SERVICIOS,"SERVICIOS PARA LA COMUNIDAD, SOCIALES Y PERSONALES",No Aplica,No Aplica,No Aplica,No Aplica,VIGENCIA ACTUAL,ENTIDADES TERRITORIALES - ADMINISTRACION CENTRAL,NO APLICA,0,NO DEFINIDO,531000000.0,615588734.0,2022,Cuarto Trimestre,,,,,,,,,,,,,,,,,,,,,,
990488,20221201,218552585,Pupiales,2.2.2.01.02,PRESTAMOS,GASTOS,SERVICIO DE LA DEUDA PUBLICA,SERVICIO DE LA DEUDA PUBLICA INTERNA,PRINCIPAL,PRESTAMOS,No Aplica,No Aplica,No Aplica,No Aplica,No Aplica,VIGENCIA ACTUAL,ENTIDADES TERRITORIALES - ADMINISTRACION CENTRAL,NO DEFINIDO,,NO DEFINIDO,520000100.0,407585113.0,2022,Cuarto Trimestre,,,,,,,,,,,,,,,,,,,,,,
994672,20220901,218552585,Pupiales,2.1.1.01.02.005,APORTES GENERALES AL SISTEMA DE RIESGOS LABORALES,GASTOS,FUNCIONAMIENTO,GASTOS DE PERSONAL,PLANTA DE PERSONAL PERMANENTE,CONTRIBUCIONES INHERENTES A LA NOMINA,APORTES GENERALES AL SISTEMA DE RIESGOS LABORALES,No Aplica,No Aplica,No Aplica,No Aplica,VIGENCIA ACTUAL,ENTIDADES TERRITORIALES - ADMINISTRACION CENTRAL,NO APLICA,0,NO DEFINIDO,6650000.0,6650000.0,2022,Tercer Trimestre,,,,,,,,,,,,,,,,,,,,,,
999386,20220901,218552585,Pupiales,2.1.1.01.02.009,APORTES A ESCUELAS INDUSTRIALES E INSTITUTOS TECNICOS,GASTOS,FUNCIONAMIENTO,GASTOS DE PERSONAL,PLANTA DE PERSONAL PERMANENTE,CONTRIBUCIONES INHERENTES A LA NOMINA,APORTES A ESCUELAS INDUSTRIALES E INSTITUTOS TECNICOS,No Aplica,No Aplica,No Aplica,No Aplica,VIGENCIA ACTUAL,ENTIDADES TERRITORIALES - ADMINISTRACION CENTRAL,NO APLICA,0,NO DEFINIDO,5000000.0,5000000.0,2022,Tercer Trimestre,,,,,,,,,,,,,,,,,,,,,,
999880,20220901,218552585,Pupiales,2.1.1.01.01.001.05,AUXILIO DE TRANSPORTE,GASTOS,FUNCIONAMIENTO,GASTOS DE PERSONAL,PLANTA DE PERSONAL PERMANENTE,FACTORES CONSTITUTIVOS DE SALARIO,FACTORES SALARIALES COMUNES,AUXILIO DE TRANSPORTE,No Aplica,No Aplica,No Aplica,VIGENCIA ACTUAL,ENTIDADES TERRITORIALES - ADMINISTRACION CENTRAL,NO APLICA,0,NO DEFINIDO,14200000.0,14200000.0,2022,Tercer Trimestre,,,,,,,,,,,,,,,,,,,,,,
1000473,20230601,218552585,Pupiales,2.1.1.01.01,FACTORES CONSTITUTIVOS DE SALARIO,GASTOS,FUNCIONAMIENTO,GASTOS DE PERSONAL,PLANTA DE PERSONAL PERMANENTE,FACTORES CONSTITUTIVOS DE SALARIO,No Aplica,No Aplica,No Aplica,No Aplica,No Aplica,VIGENCIA ACTUAL,ENTIDADES TERRITORIALES - PERSONERIA,NO DEFINIDO,,NO DEFINIDO,165000000.0,165000000.0,2023,Segundo Trimestre,,,,,,,,,,,,,,,,,,,,,,
1005901,20220601,218552585,Pupiales,2.1.2.01,ADQUISICION DE ACTIVOS NO FINANCIEROS,GASTOS,FUNCIONAMIENTO,ADQUISICION DE BIENES Y SERVICIOS,ADQUISICION DE ACTIVOS NO FINANCIEROS,No Aplica,No Aplica,No Aplica,No Aplica,No Aplica,No Aplica,VIGENCIA ACTUAL,ENTIDADES TERRITORIALES - ADMINISTRACION CENTRAL,NO DEFINIDO,,NO DEFINIDO,20000000.0,20000000.0,2022,Segundo Trimestre,,,,,,,,,,,,,,,,,,,,,,
1006081,20220601,218552585,Pupiales,2.1.1.01.01.001.07,BONIFICACION POR SERVICIOS PRESTADOS,GASTOS,FUNCIONAMIENTO,GASTOS DE PERSONAL,PLANTA DE PERSONAL PERMANENTE,FACTORES CONSTITUTIVOS DE SALARIO,FACTORES SALARIALES COMUNES,BONIFICACION POR SERVICIOS PRESTADOS,No Aplica,No Aplica,No Aplica,VIGENCIA ACTUAL,ENTIDADES TERRITORIALES - ADMINISTRACION CENTRAL,NO APLICA,0,NO DEFINIDO,14000000.0,14000000.0,2022,Segundo Trimestre,,,,,,,,,,,,,,,,,,,,,,
1009360,20220601,218552585,Pupiales,2.1.2.01.01.003,MAQUINARIA Y EQUIPO,GASTOS,FUNCIONAMIENTO,ADQUISICION DE BIENES Y SERVICIOS,ADQUISICION DE ACTIVOS NO FINANCIEROS,ACTIVOS FIJOS,MAQUINARIA Y EQUIPO,No Aplica,No Aplica,No Aplica,No Aplica,VIGENCIA ACTUAL,ENTIDADES TERRITORIALES - ADMINISTRACION CENTRAL,NO DEFINIDO,,NO DEFINIDO,15000000.0,15000000.0,2022,Segundo Trimestre,,,,,,,,,,,,,,,,,,,,,,
1009497,20230601,218552585,Pupiales,2.1.2.02.02.006,"COMERCIO Y DISTRIBUCION; ALOJAMIENTO; SERVICIOS DE SUMINISTRO DE COMIDAS Y BEBIDAS; SERVICIOS DE TRANSPORTE; Y SERVICIOS DE DISTRIBUCION DE ELECTRICIDAD, GAS Y AGUA",GASTOS,FUNCIONAMIENTO,ADQUISICION DE BIENES Y SERVICIOS,ADQUISICIONES DIFERENTES DE ACTIVOS,ADQUISICION DE SERVICIOS,"COMERCIO Y DISTRIBUCION; ALOJAMIENTO; SERVICIOS DE SUMINISTRO DE COMIDAS Y BEBIDAS; SERVICIOS DE TRANSPORTE; Y SERVICIOS DE DISTRIBUCION DE ELECTRICIDAD, GAS Y AGUA",No Aplica,No Aplica,No Aplica,No Aplica,VIGENCIA ACTUAL,ENTIDADES TERRITORIALES - ADMINISTRACION CENTRAL,NO APLICA,0,NO DEFINIDO,50000000.0,35050000.0,2023,Segundo Trimestre,,,,,,,,,,,,,,,,,,,,,,
1015760,20230301,218552585,Pupiales,2.1.1.01.01.001.01,SUELDO BASICO,GASTOS,FUNCIONAMIENTO,GASTOS DE PERSONAL,PLANTA DE PERSONAL PERMANENTE,FACTORES CONSTITUTIVOS DE SALARIO,FACTORES SALARIALES COMUNES,SUELDO BASICO,No Aplica,No Aplica,No Aplica,VIGENCIA ACTUAL,ENTIDADES TERRITORIALES - ADMINISTRACION CENTRAL,NO APLICA,0,NO DEFINIDO,345000000.0,345000000.0,2023,Primer Trimestre,,,,,,,,,,,,,,,,,,,,,,
1020301,20210601,218552585,Pupiales,2.1.3.04.02.002,DISTINTAS A MEMBRESIAS,GASTOS,FUNCIONAMIENTO,TRANSFERENCIAS CORRIENTES,A ORGANIZACIONES NACIONALES,FEDERACION NACIONAL DE MUNICIPIOS,DISTINTAS A MEMBRESIAS,No Aplica,No Aplica,No Aplica,No Aplica,VIGENCIA ACTUAL,ENTIDADES TERRITORIALES - ADMINISTRACION CENTRAL,NO APLICA,0,NO DEFINIDO,1000.0,1000.0,2021,Segundo Trimestre,,,,,,,,,,,,,,,,,,,,,,
1022792,20230301,218552585,Pupiales,2.1.8.03,TASAS Y DERECHOS ADMINISTRATIVOS,GASTOS,FUNCIONAMIENTO,"GASTOS POR TRIBUTOS, TASAS, CONTRIBUCIONES, MULTAS, SANCIONES E INTERESES DE MORA",TASAS Y DERECHOS ADMINISTRATIVOS,No Aplica,No Aplica,No Aplica,No Aplica,No Aplica,No Aplica,VIGENCIA ACTUAL,ENTIDADES TERRITORIALES - ADMINISTRACION CENTRAL,NO APLICA,0,NO DEFINIDO,6000000.0,6000000.0,2023,Primer Trimestre,,,,,,,,,,,,,,,,,,,,,,
1023237,20230301,218552585,Pupiales,2.1.8.01,IMPUESTOS,GASTOS,FUNCIONAMIENTO,"GASTOS POR TRIBUTOS, TASAS, CONTRIBUCIONES, MULTAS, SANCIONES E INTERESES DE MORA",IMPUESTOS,No Aplica,No Aplica,No Aplica,No Aplica,No Aplica,No Aplica,VIGENCIA ACTUAL,ENTIDADES TERRITORIALES - ADMINISTRACION CENTRAL,NO DEFINIDO,,NO DEFINIDO,11000000.0,11000000.0,2023,Primer Trimestre,,,,,,,,,,,,,,,,,,,,,,
1025240,20220901,218552585,Pupiales,2.1.1,GASTOS DE PERSONAL,GASTOS,FUNCIONAMIENTO,GASTOS DE PERSONAL,No Aplica,No Aplica,No Aplica,No Aplica,No Aplica,No Aplica,No Aplica,VIGENCIA ACTUAL,ENTIDADES TERRITORIALES - PERSONERIA,NO DEFINIDO,,NO DEFINIDO,136278900.0,150000000.0,2022,Tercer Trimestre,,,,,,,,,,,,,,,,,,,,,,
1026342,20210901,218552585,Pupiales,2.2.2.02.02.002.02,BANCA COMERCIAL,GASTOS,SERVICIO DE LA DEUDA PUBLICA,SERVICIO DE LA DEUDA PUBLICA INTERNA,INTERESES,PRESTAMOS,ENTIDADES FINANCIERAS,BANCA COMERCIAL,No Aplica,No Aplica,No Aplica,VIGENCIA ACTUAL,ENTIDADES TERRITORIALES - ADMINISTRACION CENTRAL,NO DEFINIDO,,NO DEFINIDO,38344686.0,38344686.0,2021,Tercer Trimestre,,,,,,,,,,,,,,,,,,,,,,
1027658,20220601,218552585,Pupiales,2.1.1.01.03.001.01,VACACIONES,GASTOS,FUNCIONAMIENTO,GASTOS DE PERSONAL,PLANTA DE PERSONAL PERMANENTE,REMUNERACIONES NO CONSTITUTIVAS DE FACTOR SALARIAL,PRESTACIONES SOCIALES,VACACIONES,No Aplica,No Aplica,No Aplica,VIGENCIA ACTUAL,ENTIDADES TERRITORIALES - ADMINISTRACION CENTRAL,NO APLICA,0,NO DEFINIDO,23000000.0,23000000.0,2022,Segundo Trimestre,,,,,,,,,,,,,,,,,,,,,,
1027788,20211201,218552585,Pupiales,2.2.2.01,PRINCIPAL,GASTOS,SERVICIO DE LA DEUDA PUBLICA,SERVICIO DE LA DEUDA PUBLICA INTERNA,PRINCIPAL,No Aplica,No Aplica,No Aplica,No Aplica,No Aplica,No Aplica,VIGENCIA ACTUAL,ENTIDADES TERRITORIALES - ADMINISTRACION CENTRAL,NO DEFINIDO,,NO DEFINIDO,123631944.0,208474166.0,2021,Cuarto Trimestre,,,,,,,,,,,,,,,,,,,,,,
1028001,20220901,218552585,Pupiales,2,GASTOS,GASTOS,No Aplica,No Aplica,No Aplica,No Aplica,No Aplica,No Aplica,No Aplica,No Aplica,No Aplica,VIGENCIA ACTUAL,ENTIDADES TERRITORIALES - ADMINISTRACION CENTRAL,NO DEFINIDO,,NO DEFINIDO,22674407741.0,28480138574.0,2022,Tercer Trimestre,,,,,,,,,,,,,,,,,,,,,,
1032602,20220601,218552585,Pupiales,2.1.1.01.02.008,APORTES A LA ESAP,GASTOS,FUNCIONAMIENTO,GASTOS DE PERSONAL,PLANTA DE PERSONAL PERMANENTE,CONTRIBUCIONES INHERENTES A LA NOMINA,APORTES A LA ESAP,No Aplica,No Aplica,No Aplica,No Aplica,VIGENCIA ACTUAL,ENTIDADES TERRITORIALES - ADMINISTRACION CENTRAL,NO APLICA,0,NO DEFINIDO,2500000.0,2500000.0,2022,Segundo Trimestre,,,,,,,,,,,,,,,,,,,,,,
1033649,20210901,218552585,Pupiales,2.1.2.01.01,ACTIVOS FIJOS,GASTOS,FUNCIONAMIENTO,ADQUISICION DE BIENES Y SERVICIOS,ADQUISICION DE ACTIVOS NO FINANCIEROS,ACTIVOS FIJOS,No Aplica,No Aplica,No Aplica,No Aplica,No Aplica,VIGENCIA ACTUAL,ENTIDADES TERRITORIALES - ADMINISTRACION CENTRAL,NO DEFINIDO,,NO DEFINIDO,40000000.0,23722392.0,2021,Tercer Trimestre,,,,,,,,,,,,,,,,,,,,,,
1035710,20210301,218552585,Pupiales,2.1.1.01.01.001,FACTORES SALARIALES COMUNES,GASTOS,FUNCIONAMIENTO,GASTOS DE PERSONAL,PLANTA DE PERSONAL PERMANENTE,FACTORES CONSTITUTIVOS DE SALARIO,FACTORES SALARIALES COMUNES,No Aplica,No Aplica,No Aplica,No Aplica,VIGENCIA ACTUAL,ENTIDADES TERRITORIALES - CONCEJO,NO DEFINIDO,,NO DEFINIDO,39598642.0,39598642.0,2021,Primer Trimestre,,,,,,,,,,,,,,,,,,,,,,
1036580,20210301,218552585,Pupiales,2.1.1.01.03.004,BONIFICACION DE GESTION TERRITORIAL PARA ALCALDES,GASTOS,FUNCIONAMIENTO,GASTOS DE PERSONAL,PLANTA DE PERSONAL PERMANENTE,REMUNERACIONES NO CONSTITUTIVAS DE FACTOR SALARIAL,BONIFICACION DE GESTION TERRITORIAL PARA ALCALDES,No Aplica,No Aplica,No Aplica,No Aplica,VIGENCIA ACTUAL,ENTIDADES TERRITORIALES - ADMINISTRACION CENTRAL,NO APLICA,0,NO DEFINIDO,6768151.0,6768151.0,2021,Primer Trimestre,,,,,,,,,,,,,,,,,,,,,,
1037503,20221201,218552585,Pupiales,2.1.1.01.02.007,APORTES AL SENA,GASTOS,FUNCIONAMIENTO,GASTOS DE PERSONAL,PLANTA DE PERSONAL PERMANENTE,CONTRIBUCIONES INHERENTES A LA NOMINA,APORTES AL SENA,No Aplica,No Aplica,No Aplica,No Aplica,VIGENCIA ACTUAL,ENTIDADES TERRITORIALES - ADMINISTRACION CENTRAL,NO APLICA,0,NO DEFINIDO,2500000.0,2672693.0,2022,Cuarto Trimestre,,,,,,,,,,,,,,,,,,,,,,
1037946,20220301,218552585,Pupiales,2.1.1.01.01.001.01,SUELDO BASICO,GASTOS,FUNCIONAMIENTO,GASTOS DE PERSONAL,PLANTA DE PERSONAL PERMANENTE,FACTORES CONSTITUTIVOS DE SALARIO,FACTORES SALARIALES COMUNES,SUELDO BASICO,No Aplica,No Aplica,No Aplica,VIGENCIA ACTUAL,ENTIDADES TERRITORIALES - CONCEJO,NO APLICA,0,NO DEFINIDO,54511560.0,54511560.0,2022,Primer Trimestre,,,,,,,,,,,,,,,,,,,,,,
1042032,20220901,218552585,Pupiales,2.1.1.01.03.001.01,VACACIONES,GASTOS,FUNCIONAMIENTO,GASTOS DE PERSONAL,PLANTA DE PERSONAL PERMANENTE,REMUNERACIONES NO CONSTITUTIVAS DE FACTOR SALARIAL,PRESTACIONES SOCIALES,VACACIONES,No Aplica,No Aplica,No Aplica,VIGENCIA ACTUAL,ENTIDADES TERRITORIALES - ADMINISTRACION CENTRAL,NO APLICA,0,NO DEFINIDO,23000000.0,25056455.0,2022,Tercer Trimestre,,,,,,,,,,,,,,,,,,,,,,
1043640,20220601,218552585,Pupiales,2.1.3.14.05,APORTES VOLUNTARIOS,GASTOS,FUNCIONAMIENTO,TRANSFERENCIAS CORRIENTES,APORTES AL FONPET,APORTES VOLUNTARIOS,No Aplica,No Aplica,No Aplica,No Aplica,No Aplica,VIGENCIA ACTUAL,ENTIDADES TERRITORIALES - ADMINISTRACION CENTRAL,NO APLICA,0,NO DEFINIDO,109245366.0,135334345.0,2022,Segundo Trimestre,,,,,,,,,,,,,,,,,,,,,,
1045188,20221201,218552585,Pupiales,2.1.3.13.01,FALLOS NACIONALES,GASTOS,FUNCIONAMIENTO,TRANSFERENCIAS CORRIENTES,SENTENCIAS Y CONCILIACIONES,FALLOS NACIONALES,No Aplica,No Aplica,No Aplica,No Aplica,No Aplica,VIGENCIA ACTUAL,ENTIDADES TERRITORIALES - ADMINISTRACION CENTRAL,NO DEFINIDO,,NO DEFINIDO,0.0,13993200.0,2022,Cuarto Trimestre,,,,,,,,,,,,,,,,,,,,,,
1060235,20211201,218552585,Pupiales,2.1.1.01.01.001.07,BONIFICACION POR SERVICIOS PRESTADOS,GASTOS,FUNCIONAMIENTO,GASTOS DE PERSONAL,PLANTA DE PERSONAL PERMANENTE,FACTORES CONSTITUTIVOS DE SALARIO,FACTORES SALARIALES COMUNES,BONIFICACION POR SERVICIOS PRESTADOS,No Aplica,No Aplica,No Aplica,VIGENCIA ACTUAL,ENTIDADES TERRITORIALES - ADMINISTRACION CENTRAL,NO APLICA,0,NO DEFINIDO,21200000.0,20740939.0,2021,Cuarto Trimestre,,,,,,,,,,,,,,,,,,,,,,
1064318,20220601,218552585,Pupiales,2.1.1.01.03.001.02,INDEMNIZACION POR VACACIONES,GASTOS,FUNCIONAMIENTO,GASTOS DE PERSONAL,PLANTA DE PERSONAL PERMANENTE,REMUNERACIONES NO CONSTITUTIVAS DE FACTOR SALARIAL,PRESTACIONES SOCIALES,INDEMNIZACION POR VACACIONES,No Aplica,No Aplica,No Aplica,VIGENCIA ACTUAL,ENTIDADES TERRITORIALES - ADMINISTRACION CENTRAL,NO APLICA,0,NO DEFINIDO,15000000.0,15000000.0,2022,Segundo Trimestre,,,,,,,,,,,,,,,,,,,,,,
1065172,20220601,218552585,Pupiales,2.2.2,SERVICIO DE LA DEUDA PUBLICA INTERNA,GASTOS,SERVICIO DE LA DEUDA PUBLICA,SERVICIO DE LA DEUDA PUBLICA INTERNA,No Aplica,No Aplica,No Aplica,No Aplica,No Aplica,No Aplica,No Aplica,VIGENCIA ACTUAL,ENTIDADES TERRITORIALES - ADMINISTRACION CENTRAL,NO DEFINIDO,,NO DEFINIDO,616000100.0,526000100.0,2022,Segundo Trimestre,,,,,,,,,,,,,,,,,,,,,,
1068143,20211201,218552585,Pupiales,2.2.2.02.02,PRESTAMOS,GASTOS,SERVICIO DE LA DEUDA PUBLICA,SERVICIO DE LA DEUDA PUBLICA INTERNA,INTERESES,PRESTAMOS,No Aplica,No Aplica,No Aplica,No Aplica,No Aplica,VIGENCIA ACTUAL,ENTIDADES TERRITORIALES - ADMINISTRACION CENTRAL,NO DEFINIDO,,NO DEFINIDO,38344686.0,54738225.0,2021,Cuarto Trimestre,,,,,,,,,,,,,,,,,,,,,,
1071743,20221201,218552585,Pupiales,2.1.2.01.01,ACTIVOS FIJOS,GASTOS,FUNCIONAMIENTO,ADQUISICION DE BIENES Y SERVICIOS,ADQUISICION DE ACTIVOS NO FINANCIEROS,ACTIVOS FIJOS,No Aplica,No Aplica,No Aplica,No Aplica,No Aplica,VIGENCIA ACTUAL,ENTIDADES TERRITORIALES - ADMINISTRACION CENTRAL,NO DEFINIDO,,NO DEFINIDO,20000000.0,0.0,2022,Cuarto Trimestre,,,,,,,,,,,,,,,,,,,,,,
1072058,20220901,218552585,Pupiales,2.2.2.01.02.002.02,BANCA COMERCIAL,GASTOS,SERVICIO DE LA DEUDA PUBLICA,SERVICIO DE LA DEUDA PUBLICA INTERNA,PRINCIPAL,PRESTAMOS,ENTIDADES FINANCIERAS,BANCA COMERCIAL,No Aplica,No Aplica,No Aplica,VIGENCIA ACTUAL,ENTIDADES TERRITORIALES - ADMINISTRACION CENTRAL,NO DEFINIDO,,NO DEFINIDO,520000100.0,407000100.0,2022,Tercer Trimestre,,,,,,,,,,,,,,,,,,,,,,
1073148,20220601,218552585,Pupiales,2.1.1.01.03,REMUNERACIONES NO CONSTITUTIVAS DE FACTOR SALARIAL,GASTOS,FUNCIONAMIENTO,GASTOS DE PERSONAL,PLANTA DE PERSONAL PERMANENTE,REMUNERACIONES NO CONSTITUTIVAS DE FACTOR SALARIAL,No Aplica,No Aplica,No Aplica,No Aplica,No Aplica,VIGENCIA ACTUAL,ENTIDADES TERRITORIALES - CONCEJO,NO DEFINIDO,,NO DEFINIDO,213577650.0,213577650.0,2022,Segundo Trimestre,,,,,,,,,,,,,,,,,,,,,,
1083714,20211201,218552585,Pupiales,2.1.1.01.01.001.08.02,PRIMA DE VACACIONES,GASTOS,FUNCIONAMIENTO,GASTOS DE PERSONAL,PLANTA DE PERSONAL PERMANENTE,FACTORES CONSTITUTIVOS DE SALARIO,FACTORES SALARIALES COMUNES,PRESTACIONES SOCIALES,PRIMA DE VACACIONES,No Aplica,No Aplica,VIGENCIA ACTUAL,ENTIDADES TERRITORIALES - ADMINISTRACION CENTRAL,NO APLICA,0,NO DEFINIDO,31800000.0,21224901.0,2021,Cuarto Trimestre,,,,,,,,,,,,,,,,,,,,,,
1088365,20210601,218552585,Pupiales,2.1.1.01.03.004,BONIFICACION DE GESTION TERRITORIAL PARA ALCALDES,GASTOS,FUNCIONAMIENTO,GASTOS DE PERSONAL,PLANTA DE PERSONAL PERMANENTE,REMUNERACIONES NO CONSTITUTIVAS DE FACTOR SALARIAL,BONIFICACION DE GESTION TERRITORIAL PARA ALCALDES,No Aplica,No Aplica,No Aplica,No Aplica,VIGENCIA ACTUAL,ENTIDADES TERRITORIALES - ADMINISTRACION CENTRAL,NO APLICA,0,NO DEFINIDO,6768151.0,6768151.0,2021,Segundo Trimestre,,,,,,,,,,,,,,,,,,,,,,
1091836,20210601,218552585,Pupiales,2.1.2.02.02,ADQUISICION DE SERVICIOS,GASTOS,FUNCIONAMIENTO,ADQUISICION DE BIENES Y SERVICIOS,ADQUISICIONES DIFERENTES DE ACTIVOS,ADQUISICION DE SERVICIOS,No Aplica,No Aplica,No Aplica,No Aplica,No Aplica,VIGENCIA ACTUAL,ENTIDADES TERRITORIALES - ADMINISTRACION CENTRAL,NO DEFINIDO,,NO DEFINIDO,582608132.0,590883132.0,2021,Segundo Trimestre,,,,,,,,,,,,,,,,,,,,,,
1093982,20230301,218552585,Pupiales,2.1.1.01.02.006,APORTES AL ICBF,GASTOS,FUNCIONAMIENTO,GASTOS DE PERSONAL,PLANTA DE PERSONAL PERMANENTE,CONTRIBUCIONES INHERENTES A LA NOMINA,APORTES AL ICBF,No Aplica,No Aplica,No Aplica,No Aplica,VIGENCIA ACTUAL,ENTIDADES TERRITORIALES - ADMINISTRACION CENTRAL,NO APLICA,0,NO DEFINIDO,12000000.0,13657526.0,2023,Primer Trimestre,,,,,,,,,,,,,,,,,,,,,,
1094888,20220901,218552585,Pupiales,2.1.1.01.03,REMUNERACIONES NO CONSTITUTIVAS DE FACTOR SALARIAL,GASTOS,FUNCIONAMIENTO,GASTOS DE PERSONAL,PLANTA DE PERSONAL PERMANENTE,REMUNERACIONES NO CONSTITUTIVAS DE FACTOR SALARIAL,No Aplica,No Aplica,No Aplica,No Aplica,No Aplica,VIGENCIA ACTUAL,ENTIDADES TERRITORIALES - ADMINISTRACION CENTRAL,NO DEFINIDO,,NO DEFINIDO,86750000.0,86750000.0,2022,Tercer Trimestre,,,,,,,,,,,,,,,,,,,,,,
1096890,20210601,218552585,Pupiales,2.1.1.01.01.001.07,BONIFICACION POR SERVICIOS PRESTADOS,GASTOS,FUNCIONAMIENTO,GASTOS DE PERSONAL,PLANTA DE PERSONAL PERMANENTE,FACTORES CONSTITUTIVOS DE SALARIO,FACTORES SALARIALES COMUNES,BONIFICACION POR SERVICIOS PRESTADOS,No Aplica,No Aplica,No Aplica,VIGENCIA ACTUAL,ENTIDADES TERRITORIALES - ADMINISTRACION CENTRAL,NO APLICA,0,NO DEFINIDO,21200000.0,21200000.0,2021,Segundo Trimestre,,,,,,,,,,,,,,,,,,,,,,
1101199,20221201,218552585,Pupiales,2.1.3.05.04,PARTICIPACIONES DISTINTAS DEL SGP,GASTOS,FUNCIONAMIENTO,TRANSFERENCIAS CORRIENTES,A ENTIDADES DEL GOBIERNO,PARTICIPACIONES DISTINTAS DEL SGP,No Aplica,No Aplica,No Aplica,No Aplica,No Aplica,VIGENCIA ACTUAL,ENTIDADES TERRITORIALES - ADMINISTRACION CENTRAL,NO DEFINIDO,,NO DEFINIDO,45000000.0,65256049.0,2022,Cuarto Trimestre,,,,,,,,,,,,,,,,,,,,,,
1102685,20220301,218552585,Pupiales,2.1.1.01.01.001.08.01,PRIMA DE NAVIDAD,GASTOS,FUNCIONAMIENTO,GASTOS DE PERSONAL,PLANTA DE PERSONAL PERMANENTE,FACTORES CONSTITUTIVOS DE SALARIO,FACTORES SALARIALES COMUNES,PRESTACIONES SOCIALES,PRIMA DE NAVIDAD,No Aplica,No Aplica,VIGENCIA ACTUAL,ENTIDADES TERRITORIALES - ADMINISTRACION CENTRAL,NO APLICA,0,NO DEFINIDO,38300000.0,38300000.0,2022,Primer Trimestre,,,,,,,,,,,,,,,,,,,,,,
1106127,20210601,218552585,Pupiales,2,GASTOS,GASTOS,No Aplica,No Aplica,No Aplica,No Aplica,No Aplica,No Aplica,No Aplica,No Aplica,No Aplica,VIGENCIA ACTUAL,ENTIDADES TERRITORIALES - CONCEJO,NO DEFINIDO,,NO DEFINIDO,249787522.0,249787522.0,2021,Segundo Trimestre,,,,,,,,,,,,,,,,,,,,,,
1106763,20220901,218552585,Pupiales,2.1.3.04,A ORGANIZACIONES NACIONALES,GASTOS,FUNCIONAMIENTO,TRANSFERENCIAS CORRIENTES,A ORGANIZACIONES NACIONALES,No Aplica,No Aplica,No Aplica,No Aplica,No Aplica,No Aplica,VIGENCIA ACTUAL,ENTIDADES TERRITORIALES - ADMINISTRACION CENTRAL,NO DEFINIDO,,NO DEFINIDO,1000.0,1000.0,2022,Tercer Trimestre,,,,,,,,,,,,,,,,,,,,,,
1107022,20210601,218552585,Pupiales,2.1.3.04.02,FEDERACION NACIONAL DE MUNICIPIOS,GASTOS,FUNCIONAMIENTO,TRANSFERENCIAS CORRIENTES,A ORGANIZACIONES NACIONALES,FEDERACION NACIONAL DE MUNICIPIOS,No Aplica,No Aplica,No Aplica,No Aplica,No Aplica,VIGENCIA ACTUAL,ENTIDADES TERRITORIALES - ADMINISTRACION CENTRAL,NO DEFINIDO,,NO DEFINIDO,1000.0,1000.0,2021,Segundo Trimestre,,,,,,,,,,,,,,,,,,,,,,
1107341,20230301,218552585,Pupiales,2.2.2.01.02.002.02,BANCA COMERCIAL,GASTOS,SERVICIO DE LA DEUDA PUBLICA,SERVICIO DE LA DEUDA PUBLICA INTERNA,PRINCIPAL,PRESTAMOS,ENTIDADES FINANCIERAS,BANCA COMERCIAL,No Aplica,No Aplica,No Aplica,VIGENCIA ACTUAL,ENTIDADES TERRITORIALES - ADMINISTRACION CENTRAL,NO DEFINIDO,,NO DEFINIDO,456000000.0,456000000.0,2023,Primer Trimestre,,,,,,,,,,,,,,,,,,,,,,
1110816,20220601,218552585,Pupiales,2.1.2.01.01.004,ACTIVOS FIJOS NO CLASIFICADOS COMO MAQUINARIA Y EQUIPO,GASTOS,FUNCIONAMIENTO,ADQUISICION DE BIENES Y SERVICIOS,ADQUISICION DE ACTIVOS NO FINANCIEROS,ACTIVOS FIJOS,ACTIVOS FIJOS NO CLASIFICADOS COMO MAQUINARIA Y EQUIPO,No Aplica,No Aplica,No Aplica,No Aplica,VIGENCIA ACTUAL,ENTIDADES TERRITORIALES - ADMINISTRACION CENTRAL,NO DEFINIDO,,NO DEFINIDO,5000000.0,5000000.0,2022,Segundo Trimestre,,,,,,,,,,,,,,,,,,,,,,
1110921,20220601,218552585,Pupiales,2.1.1.01.03.001,PRESTACIONES SOCIALES,GASTOS,FUNCIONAMIENTO,GASTOS DE PERSONAL,PLANTA DE PERSONAL PERMANENTE,REMUNERACIONES NO CONSTITUTIVAS DE FACTOR SALARIAL,PRESTACIONES SOCIALES,No Aplica,No Aplica,No Aplica,No Aplica,VIGENCIA ACTUAL,ENTIDADES TERRITORIALES - ADMINISTRACION CENTRAL,NO DEFINIDO,,NO DEFINIDO,41000000.0,41000000.0,2022,Segundo Trimestre,,,,,,,,,,,,,,,,,,,,,,
1111076,20230301,218552585,Pupiales,2.1.2.02,ADQUISICIONES DIFERENTES DE ACTIVOS,GASTOS,FUNCIONAMIENTO,ADQUISICION DE BIENES Y SERVICIOS,ADQUISICIONES DIFERENTES DE ACTIVOS,No Aplica,No Aplica,No Aplica,No Aplica,No Aplica,No Aplica,CUENTAS POR PAGAR,ENTIDADES TERRITORIALES - ADMINISTRACION CENTRAL,NO DEFINIDO,,NO DEFINIDO,1800000.0,1800000.0,2023,Primer Trimestre,,,,,,,,,,,,,,,,,,,,,,
1111352,20220601,218552585,Pupiales,2.1.1,GASTOS DE PERSONAL,GASTOS,FUNCIONAMIENTO,GASTOS DE PERSONAL,No Aplica,No Aplica,No Aplica,No Aplica,No Aplica,No Aplica,No Aplica,VIGENCIA ACTUAL,ENTIDADES TERRITORIALES - PERSONERIA,NO DEFINIDO,,NO DEFINIDO,136278900.0,150000000.0,2022,Segundo Trimestre,,,,,,,,,,,,,,,,,,,,,,
1112159,20210901,218552585,Pupiales,2.1.3,TRANSFERENCIAS CORRIENTES,GASTOS,FUNCIONAMIENTO,TRANSFERENCIAS CORRIENTES,No Aplica,No Aplica,No Aplica,No Aplica,No Aplica,No Aplica,No Aplica,VIGENCIA ACTUAL,ENTIDADES TERRITORIALES - ADMINISTRACION CENTRAL,NO DEFINIDO,,NO DEFINIDO,1000.0,1000.0,2021,Tercer Trimestre,,,,,,,,,,,,,,,,,,,,,,
1112290,20230601,218552585,Pupiales,2.1,FUNCIONAMIENTO,GASTOS,FUNCIONAMIENTO,No Aplica,No Aplica,No Aplica,No Aplica,No Aplica,No Aplica,No Aplica,No Aplica,CUENTAS POR PAGAR,ENTIDADES TERRITORIALES - ADMINISTRACION CENTRAL,NO DEFINIDO,,NO DEFINIDO,13627199.0,13627199.0,2023,Segundo Trimestre,,,,,,,,,,,,,,,,,,,,,,
1113420,20210301,218552585,Pupiales,2.1.2.02.01.003,"OTROS BIENES TRANSPORTABLES EXCEPTO PRODUCTOS METALICOS, MAQUINARIA Y EQUIPO",GASTOS,FUNCIONAMIENTO,ADQUISICION DE BIENES Y SERVICIOS,ADQUISICIONES DIFERENTES DE ACTIVOS,MATERIALES Y SUMINISTROS,"OTROS BIENES TRANSPORTABLES EXCEPTO PRODUCTOS METALICOS, MAQUINARIA Y EQUIPO",No Aplica,No Aplica,No Aplica,No Aplica,VIGENCIA ACTUAL,ENTIDADES TERRITORIALES - ADMINISTRACION CENTRAL,NO APLICA,0,NO DEFINIDO,25500000.0,25500000.0,2021,Primer Trimestre,,,,,,,,,,,,,,,,,,,,,,
1114647,20210901,218552585,Pupiales,2.1.1.01.01.001,FACTORES SALARIALES COMUNES,GASTOS,FUNCIONAMIENTO,GASTOS DE PERSONAL,PLANTA DE PERSONAL PERMANENTE,FACTORES CONSTITUTIVOS DE SALARIO,FACTORES SALARIALES COMUNES,No Aplica,No Aplica,No Aplica,No Aplica,VIGENCIA ACTUAL,ENTIDADES TERRITORIALES - ADMINISTRACION CENTRAL,NO DEFINIDO,,NO DEFINIDO,615419528.0,552719528.0,2021,Tercer Trimestre,,,,,,,,,,,,,,,,,,,,,,
1118202,20211201,218552585,Pupiales,2.1.3.09,A INSTITUCIONES SIN ANIMO DE LUCRO QUE SIRVEN A LOS HOGARES,GASTOS,FUNCIONAMIENTO,TRANSFERENCIAS CORRIENTES,A INSTITUCIONES SIN ANIMO DE LUCRO QUE SIRVEN A LOS HOGARES,No Aplica,No Aplica,No Aplica,No Aplica,No Aplica,No Aplica,VIGENCIA ACTUAL,ENTIDADES TERRITORIALES - ADMINISTRACION CENTRAL,NO DEFINIDO,,NO DEFINIDO,10000000.0,13389129.0,2021,Cuarto Trimestre,,,,,,,,,,,,,,,,,,,,,,
1122770,20211201,218552585,Pupiales,2.1.1.01.02.004,APORTES A CAJAS DE COMPENSACION FAMILIAR,GASTOS,FUNCIONAMIENTO,GASTOS DE PERSONAL,PLANTA DE PERSONAL PERMANENTE,CONTRIBUCIONES INHERENTES A LA NOMINA,APORTES A CAJAS DE COMPENSACION FAMILIAR,No Aplica,No Aplica,No Aplica,No Aplica,VIGENCIA ACTUAL,ENTIDADES TERRITORIALES - ADMINISTRACION CENTRAL,NO APLICA,0,NO DEFINIDO,28651096.0,18906213.0,2021,Cuarto Trimestre,,,,,,,,,,,,,,,,,,,,,,
1125792,20211201,218552585,Pupiales,2.2.2.02.02.002.02,BANCA COMERCIAL,GASTOS,SERVICIO DE LA DEUDA PUBLICA,SERVICIO DE LA DEUDA PUBLICA INTERNA,INTERESES,PRESTAMOS,ENTIDADES FINANCIERAS,BANCA COMERCIAL,No Aplica,No Aplica,No Aplica,VIGENCIA ACTUAL,ENTIDADES TERRITORIALES - ADMINISTRACION CENTRAL,NO DEFINIDO,,NO DEFINIDO,38344686.0,54738225.0,2021,Cuarto Trimestre,,,,,,,,,,,,,,,,,,,,,,
1125801,20211201,218552585,Pupiales,2.1.1.01.02.003,APORTES DE CESANTIAS,GASTOS,FUNCIONAMIENTO,GASTOS DE PERSONAL,PLANTA DE PERSONAL PERMANENTE,CONTRIBUCIONES INHERENTES A LA NOMINA,APORTES DE CESANTIAS,No Aplica,No Aplica,No Aplica,No Aplica,VIGENCIA ACTUAL,ENTIDADES TERRITORIALES - ADMINISTRACION CENTRAL,NO APLICA,0,NO DEFINIDO,37100000.0,41547685.0,2021,Cuarto Trimestre,,,,,,,,,,,,,,,,,,,,,,
1132409,20221201,218552585,Pupiales,2.1.1.01.02,CONTRIBUCIONES INHERENTES A LA NOMINA,GASTOS,FUNCIONAMIENTO,GASTOS DE PERSONAL,PLANTA DE PERSONAL PERMANENTE,CONTRIBUCIONES INHERENTES A LA NOMINA,No Aplica,No Aplica,No Aplica,No Aplica,No Aplica,VIGENCIA ACTUAL,ENTIDADES TERRITORIALES - ADMINISTRACION CENTRAL,NO DEFINIDO,,NO DEFINIDO,283228550.0,327105795.0,2022,Cuarto Trimestre,,,,,,,,,,,,,,,,,,,,,,
1137776,20211201,218552585,Pupiales,2.2.2.02.02.002.02.03,BANCA COMERCIAL,GASTOS,SERVICIO DE LA DEUDA PUBLICA,SERVICIO DE LA DEUDA PUBLICA INTERNA,INTERESES,PRESTAMOS,ENTIDADES FINANCIERAS,BANCA COMERCIAL,BANCA COMERCIAL,No Aplica,No Aplica,VIGENCIA ACTUAL,ENTIDADES TERRITORIALES - ADMINISTRACION CENTRAL,NO APLICA,0,NO DEFINIDO,38344686.0,54738225.0,2021,Cuarto Trimestre,,,,,,,,,,,,,,,,,,,,,,
1141797,20211201,218552585,Pupiales,2.1,FUNCIONAMIENTO,GASTOS,FUNCIONAMIENTO,No Aplica,No Aplica,No Aplica,No Aplica,No Aplica,No Aplica,No Aplica,No Aplica,VIGENCIA ACTUAL,ENTIDADES TERRITORIALES - PERSONERIA,NO DEFINIDO,,NO DEFINIDO,131670450.0,136278900.0,2021,Cuarto Trimestre,,,,,,,,,,,,,,,,,,,,,,
1142305,20220601,218552585,Pupiales,2.1.1.01.02.005,APORTES GENERALES AL SISTEMA DE RIESGOS LABORALES,GASTOS,FUNCIONAMIENTO,GASTOS DE PERSONAL,PLANTA DE PERSONAL PERMANENTE,CONTRIBUCIONES INHERENTES A LA NOMINA,APORTES GENERALES AL SISTEMA DE RIESGOS LABORALES,No Aplica,No Aplica,No Aplica,No Aplica,VIGENCIA ACTUAL,ENTIDADES TERRITORIALES - ADMINISTRACION CENTRAL,NO APLICA,0,NO DEFINIDO,6650000.0,6650000.0,2022,Segundo Trimestre,,,,,,,,,,,,,,,,,,,,,,
1149673,20210301,218552585,Pupiales,2.1.1.01.03,REMUNERACIONES NO CONSTITUTIVAS DE FACTOR SALARIAL,GASTOS,FUNCIONAMIENTO,GASTOS DE PERSONAL,PLANTA DE PERSONAL PERMANENTE,REMUNERACIONES NO CONSTITUTIVAS DE FACTOR SALARIAL,No Aplica,No Aplica,No Aplica,No Aplica,No Aplica,VIGENCIA ACTUAL,ENTIDADES TERRITORIALES - ADMINISTRACION CENTRAL,NO DEFINIDO,,NO DEFINIDO,73747320.0,73747320.0,2021,Primer Trimestre,,,,,,,,,,,,,,,,,,,,,,
1153465,20220901,218552585,Pupiales,2.1.2.01.01.003.03.01,"MAQUINAS PARA OFICINA Y CONTABILIDAD, Y SUS PARTES Y ACCESORIOS",GASTOS,FUNCIONAMIENTO,ADQUISICION DE BIENES Y SERVICIOS,ADQUISICION DE ACTIVOS NO FINANCIEROS,ACTIVOS FIJOS,MAQUINARIA Y EQUIPO,"MAQUINARIA DE OFICINA, CONTABILIDAD E INFORMATICA","MAQUINAS PARA OFICINA Y CONTABILIDAD, Y SUS PARTES Y ACCESORIOS",No Aplica,No Aplica,VIGENCIA ACTUAL,ENTIDADES TERRITORIALES - ADMINISTRACION CENTRAL,NO APLICA,0,NO DEFINIDO,15000000.0,3445420.0,2022,Tercer Trimestre,,,,,,,,,,,,,,,,,,,,,,
1166563,20220301,218552585,Pupiales,2.1,FUNCIONAMIENTO,GASTOS,FUNCIONAMIENTO,No Aplica,No Aplica,No Aplica,No Aplica,No Aplica,No Aplica,No Aplica,No Aplica,VIGENCIA ACTUAL,ENTIDADES TERRITORIALES - ADMINISTRACION CENTRAL,NO DEFINIDO,,NO DEFINIDO,1567994466.0,1567994466.0,2022,Primer Trimestre,,,,,,,,,,,,,,,,,,,,,,
1167970,20210901,218552585,Pupiales,2.1.2.01.01.003.03.01,"MAQUINAS PARA OFICINA Y CONTABILIDAD, Y SUS PARTES Y ACCESORIOS",GASTOS,FUNCIONAMIENTO,ADQUISICION DE BIENES Y SERVICIOS,ADQUISICION DE ACTIVOS NO FINANCIEROS,ACTIVOS FIJOS,MAQUINARIA Y EQUIPO,"MAQUINARIA DE OFICINA, CONTABILIDAD E INFORMATICA","MAQUINAS PARA OFICINA Y CONTABILIDAD, Y SUS PARTES Y ACCESORIOS",No Aplica,No Aplica,VIGENCIA ACTUAL,ENTIDADES TERRITORIALES - ADMINISTRACION CENTRAL,NO APLICA,0,NO DEFINIDO,25500000.0,23222392.0,2021,Tercer Trimestre,,,,,,,,,,,,,,,,,,,,,,
1173081,20230601,218552585,Pupiales,2.1.1.01.03.004,BONIFICACION DE GESTION TERRITORIAL PARA ALCALDES,GASTOS,FUNCIONAMIENTO,GASTOS DE PERSONAL,PLANTA DE PERSONAL PERMANENTE,REMUNERACIONES NO CONSTITUTIVAS DE FACTOR SALARIAL,BONIFICACION DE GESTION TERRITORIAL PARA ALCALDES,No Aplica,No Aplica,No Aplica,No Aplica,VIGENCIA ACTUAL,ENTIDADES TERRITORIALES - ADMINISTRACION CENTRAL,NO APLICA,0,NO DEFINIDO,8162000.0,8162000.0,2023,Segundo Trimestre,,,,,,,,,,,,,,,,,,,,,,
1175452,20210901,218552585,Pupiales,2,GASTOS,GASTOS,No Aplica,No Aplica,No Aplica,No Aplica,No Aplica,No Aplica,No Aplica,No Aplica,No Aplica,VIGENCIA ACTUAL,ENTIDADES TERRITORIALES - PERSONERIA,NO DEFINIDO,,NO DEFINIDO,131670450.0,131670450.0,2021,Tercer Trimestre,,,,,,,,,,,,,,,,,,,,,,
1177172,20230601,218552585,Pupiales,2.1.1.01,PLANTA DE PERSONAL PERMANENTE,GASTOS,FUNCIONAMIENTO,GASTOS DE PERSONAL,PLANTA DE PERSONAL PERMANENTE,No Aplica,No Aplica,No Aplica,No Aplica,No Aplica,No Aplica,VIGENCIA ACTUAL,ENTIDADES TERRITORIALES - PERSONERIA,NO DEFINIDO,,NO DEFINIDO,165000000.0,165000000.0,2023,Segundo Trimestre,,,,,,,,,,,,,,,,,,,,,,
1178737,20220601,218552585,Pupiales,2.1.3.04.02.002,DISTINTAS A MEMBRESIAS,GASTOS,FUNCIONAMIENTO,TRANSFERENCIAS CORRIENTES,A ORGANIZACIONES NACIONALES,FEDERACION NACIONAL DE MUNICIPIOS,DISTINTAS A MEMBRESIAS,No Aplica,No Aplica,No Aplica,No Aplica,VIGENCIA ACTUAL,ENTIDADES TERRITORIALES - ADMINISTRACION CENTRAL,NO APLICA,0,NO DEFINIDO,1000.0,1000.0,2022,Segundo Trimestre,,,,,,,,,,,,,,,,,,,,,,
1180644,20220601,218552585,Pupiales,2.1.2.01.01,ACTIVOS FIJOS,GASTOS,FUNCIONAMIENTO,ADQUISICION DE BIENES Y SERVICIOS,ADQUISICION DE ACTIVOS NO FINANCIEROS,ACTIVOS FIJOS,No Aplica,No Aplica,No Aplica,No Aplica,No Aplica,VIGENCIA ACTUAL,ENTIDADES TERRITORIALES - ADMINISTRACION CENTRAL,NO DEFINIDO,,NO DEFINIDO,20000000.0,20000000.0,2022,Segundo Trimestre,,,,,,,,,,,,,,,,,,,,,,
1182696,20230601,218552585,Pupiales,2.1.1.01.03,REMUNERACIONES NO CONSTITUTIVAS DE FACTOR SALARIAL,GASTOS,FUNCIONAMIENTO,GASTOS DE PERSONAL,PLANTA DE PERSONAL PERMANENTE,REMUNERACIONES NO CONSTITUTIVAS DE FACTOR SALARIAL,No Aplica,No Aplica,No Aplica,No Aplica,No Aplica,VIGENCIA ACTUAL,ENTIDADES TERRITORIALES - ADMINISTRACION CENTRAL,NO DEFINIDO,,NO DEFINIDO,77189000.0,90189000.0,2023,Segundo Trimestre,,,,,,,,,,,,,,,,,,,,,,
1182707,20220301,218552585,Pupiales,2.1.1.01.01.001.01,SUELDO BASICO,GASTOS,FUNCIONAMIENTO,GASTOS DE PERSONAL,PLANTA DE PERSONAL PERMANENTE,FACTORES CONSTITUTIVOS DE SALARIO,FACTORES SALARIALES COMUNES,SUELDO BASICO,No Aplica,No Aplica,No Aplica,VIGENCIA ACTUAL,ENTIDADES TERRITORIALES - PERSONERIA,NO APLICA,0,NO DEFINIDO,136278900.0,136278900.0,2022,Primer Trimestre,,,,,,,,,,,,,,,,,,,,,,
1185321,20211201,218552585,Pupiales,2.1,FUNCIONAMIENTO,GASTOS,FUNCIONAMIENTO,No Aplica,No Aplica,No Aplica,No Aplica,No Aplica,No Aplica,No Aplica,No Aplica,VIGENCIA ACTUAL,ENTIDADES TERRITORIALES - CONCEJO,NO DEFINIDO,,NO DEFINIDO,249787522.0,226448376.0,2021,Cuarto Trimestre,,,,,,,,,,,,,,,,,,,,,,
1186480,20211201,218552585,Pupiales,2.1.1.01,PLANTA DE PERSONAL PERMANENTE,GASTOS,FUNCIONAMIENTO,GASTOS DE PERSONAL,PLANTA DE PERSONAL PERMANENTE,No Aplica,No Aplica,No Aplica,No Aplica,No Aplica,No Aplica,VIGENCIA ACTUAL,ENTIDADES TERRITORIALES - ADMINISTRACION CENTRAL,NO DEFINIDO,,NO DEFINIDO,900899093.0,924144168.0,2021,Cuarto Trimestre,,,,,,,,,,,,,,,,,,,,,,
1195069,20210901,218552585,Pupiales,2.1.1.01.01.001.06,PRIMA DE SERVICIO,GASTOS,FUNCIONAMIENTO,GASTOS DE PERSONAL,PLANTA DE PERSONAL PERMANENTE,FACTORES CONSTITUTIVOS DE SALARIO,FACTORES SALARIALES COMUNES,PRIMA DE SERVICIO,No Aplica,No Aplica,No Aplica,VIGENCIA ACTUAL,ENTIDADES TERRITORIALES - ADMINISTRACION CENTRAL,NO APLICA,0,NO DEFINIDO,31800000.0,21200000.0,2021,Tercer Trimestre,,,,,,,,,,,,,,,,,,,,,,
1195474,20230601,218552585,Pupiales,2.1.1.01.01.001,FACTORES SALARIALES COMUNES,GASTOS,FUNCIONAMIENTO,GASTOS DE PERSONAL,PLANTA DE PERSONAL PERMANENTE,FACTORES CONSTITUTIVOS DE SALARIO,FACTORES SALARIALES COMUNES,No Aplica,No Aplica,No Aplica,No Aplica,VIGENCIA ACTUAL,ENTIDADES TERRITORIALES - CONCEJO,NO DEFINIDO,,NO DEFINIDO,69600000.0,69600000.0,2023,Segundo Trimestre,,,,,,,,,,,,,,,,,,,,,,
1195866,20220601,218552585,Pupiales,2.1.1.01.03,REMUNERACIONES NO CONSTITUTIVAS DE FACTOR SALARIAL,GASTOS,FUNCIONAMIENTO,GASTOS DE PERSONAL,PLANTA DE PERSONAL PERMANENTE,REMUNERACIONES NO CONSTITUTIVAS DE FACTOR SALARIAL,No Aplica,No Aplica,No Aplica,No Aplica,No Aplica,VIGENCIA ACTUAL,ENTIDADES TERRITORIALES - ADMINISTRACION CENTRAL,NO DEFINIDO,,NO DEFINIDO,86750000.0,86750000.0,2022,Segundo Trimestre,,,,,,,,,,,,,,,,,,,,,,
1196505,20220601,218552585,Pupiales,2.1.1.01.02,CONTRIBUCIONES INHERENTES A LA NOMINA,GASTOS,FUNCIONAMIENTO,GASTOS DE PERSONAL,PLANTA DE PERSONAL PERMANENTE,CONTRIBUCIONES INHERENTES A LA NOMINA,No Aplica,No Aplica,No Aplica,No Aplica,No Aplica,VIGENCIA ACTUAL,ENTIDADES TERRITORIALES - ADMINISTRACION CENTRAL,NO DEFINIDO,,NO DEFINIDO,283228550.0,283228550.0,2022,Segundo Trimestre,,,,,,,,,,,,,,,,,,,,,,
1197886,20230301,218552585,Pupiales,2.1.1.01.01.001.08.02,PRIMA DE VACACIONES,GASTOS,FUNCIONAMIENTO,GASTOS DE PERSONAL,PLANTA DE PERSONAL PERMANENTE,FACTORES CONSTITUTIVOS DE SALARIO,FACTORES SALARIALES COMUNES,PRESTACIONES SOCIALES,PRIMA DE VACACIONES,No Aplica,No Aplica,VIGENCIA ACTUAL,ENTIDADES TERRITORIALES - ADMINISTRACION CENTRAL,NO APLICA,0,NO DEFINIDO,25000000.0,27500000.0,2023,Primer Trimestre,,,,,,,,,,,,,,,,,,,,,,
1198269,20210601,218552585,Pupiales,2.1.1.01.01,FACTORES CONSTITUTIVOS DE SALARIO,GASTOS,FUNCIONAMIENTO,GASTOS DE PERSONAL,PLANTA DE PERSONAL PERMANENTE,FACTORES CONSTITUTIVOS DE SALARIO,No Aplica,No Aplica,No Aplica,No Aplica,No Aplica,VIGENCIA ACTUAL,ENTIDADES TERRITORIALES - CONCEJO,NO DEFINIDO,,NO DEFINIDO,39598642.0,80140792.0,2021,Segundo Trimestre,,,,,,,,,,,,,,,,,,,,,,
1201144,20210601,218552585,Pupiales,2.2.2.01,PRINCIPAL,GASTOS,SERVICIO DE LA DEUDA PUBLICA,SERVICIO DE LA DEUDA PUBLICA INTERNA,PRINCIPAL,No Aplica,No Aplica,No Aplica,No Aplica,No Aplica,No Aplica,VIGENCIA ACTUAL,ENTIDADES TERRITORIALES - ADMINISTRACION CENTRAL,NO DEFINIDO,,NO DEFINIDO,123631944.0,123631944.0,2021,Segundo Trimestre,,,,,,,,,,,,,,,,,,,,,,
1203602,20211201,218552585,Pupiales,2.1.1.01.01.001,FACTORES SALARIALES COMUNES,GASTOS,FUNCIONAMIENTO,GASTOS DE PERSONAL,PLANTA DE PERSONAL PERMANENTE,FACTORES CONSTITUTIVOS DE SALARIO,FACTORES SALARIALES COMUNES,No Aplica,No Aplica,No Aplica,No Aplica,VIGENCIA ACTUAL,ENTIDADES TERRITORIALES - PERSONERIA,NO DEFINIDO,,NO DEFINIDO,131670450.0,136278900.0,2021,Cuarto Trimestre,,,,,,,,,,,,,,,,,,,,,,
1208254,20220301,218552585,Pupiales,2.1.1.01.03,REMUNERACIONES NO CONSTITUTIVAS DE FACTOR SALARIAL,GASTOS,FUNCIONAMIENTO,GASTOS DE PERSONAL,PLANTA DE PERSONAL PERMANENTE,REMUNERACIONES NO CONSTITUTIVAS DE FACTOR SALARIAL,No Aplica,No Aplica,No Aplica,No Aplica,No Aplica,VIGENCIA ACTUAL,ENTIDADES TERRITORIALES - ADMINISTRACION CENTRAL,NO DEFINIDO,,NO DEFINIDO,86750000.0,86750000.0,2022,Primer Trimestre,,,,,,,,,,,,,,,,,,,,,,
1210961,20210301,218552585,Pupiales,2.2.2,SERVICIO DE LA DEUDA PUBLICA INTERNA,GASTOS,SERVICIO DE LA DEUDA PUBLICA,SERVICIO DE LA DEUDA PUBLICA INTERNA,No Aplica,No Aplica,No Aplica,No Aplica,No Aplica,No Aplica,No Aplica,VIGENCIA ACTUAL,ENTIDADES TERRITORIALES - ADMINISTRACION CENTRAL,NO DEFINIDO,,NO DEFINIDO,161976630.0,161976630.0,2021,Primer Trimestre,,,,,,,,,,,,,,,,,,,,,,
1212469,20210301,218552585,Pupiales,2.1.1.01.01.001.01,SUELDO BASICO,GASTOS,FUNCIONAMIENTO,GASTOS DE PERSONAL,PLANTA DE PERSONAL PERMANENTE,FACTORES CONSTITUTIVOS DE SALARIO,FACTORES SALARIALES COMUNES,SUELDO BASICO,No Aplica,No Aplica,No Aplica,VIGENCIA ACTUAL,ENTIDADES TERRITORIALES - ADMINISTRACION CENTRAL,NO APLICA,0,NO DEFINIDO,437620016.0,437620016.0,2021,Primer Trimestre,,,,,,,,,,,,,,,,,,,,,,
1215268,20220901,218552585,Pupiales,2.1.1.01.03,REMUNERACIONES NO CONSTITUTIVAS DE FACTOR SALARIAL,GASTOS,FUNCIONAMIENTO,GASTOS DE PERSONAL,PLANTA DE PERSONAL PERMANENTE,REMUNERACIONES NO CONSTITUTIVAS DE FACTOR SALARIAL,No Aplica,No Aplica,No Aplica,No Aplica,No Aplica,VIGENCIA ACTUAL,ENTIDADES TERRITORIALES - CONCEJO,NO DEFINIDO,,NO DEFINIDO,213577650.0,213577650.0,2022,Tercer Trimestre,,,,,,,,,,,,,,,,,,,,,,
1217139,20230301,218552585,Pupiales,2.1.3.05,A ENTIDADES DEL GOBIERNO,GASTOS,FUNCIONAMIENTO,TRANSFERENCIAS CORRIENTES,A ENTIDADES DEL GOBIERNO,No Aplica,No Aplica,No Aplica,No Aplica,No Aplica,No Aplica,CUENTAS POR PAGAR,ENTIDADES TERRITORIALES - ADMINISTRACION CENTRAL,NO DEFINIDO,,NO DEFINIDO,481959.0,481959.0,2023,Primer Trimestre,,,,,,,,,,,,,,,,,,,,,,
1220037,20230601,218552585,Pupiales,2.2.2.02.02.002,ENTIDADES FINANCIERAS,GASTOS,SERVICIO DE LA DEUDA PUBLICA,SERVICIO DE LA DEUDA PUBLICA INTERNA,INTERESES,PRESTAMOS,ENTIDADES FINANCIERAS,No Aplica,No Aplica,No Aplica,No Aplica,VIGENCIA ACTUAL,ENTIDADES TERRITORIALES - ADMINISTRACION CENTRAL,NO DEFINIDO,,NO DEFINIDO,133541462.0,183008462.0,2023,Segundo Trimestre,,,,,,,,,,,,,,,,,,,,,,
1220378,20220901,218552585,Pupiales,2.1.1.01.01.001.01,SUELDO BASICO,GASTOS,FUNCIONAMIENTO,GASTOS DE PERSONAL,PLANTA DE PERSONAL PERMANENTE,FACTORES CONSTITUTIVOS DE SALARIO,FACTORES SALARIALES COMUNES,SUELDO BASICO,No Aplica,No Aplica,No Aplica,VIGENCIA ACTUAL,ENTIDADES TERRITORIALES - PERSONERIA,NO APLICA,0,NO DEFINIDO,136278900.0,150000000.0,2022,Tercer Trimestre,,,,,,,,,,,,,,,,,,,,,,
1226164,20230301,218552585,Pupiales,2,GASTOS,GASTOS,No Aplica,No Aplica,No Aplica,No Aplica,No Aplica,No Aplica,No Aplica,No Aplica,No Aplica,VIGENCIA ACTUAL,ENTIDADES TERRITORIALES - ADMINISTRACION CENTRAL,NO DEFINIDO,,NO DEFINIDO,10273002359.0,11644617936.0,2023,Primer Trimestre,,,,,,,,,,,,,,,,,,,,,,
1227683,20211201,218552585,Pupiales,2.1.2.02.02.006,"COMERCIO Y DISTRIBUCION; ALOJAMIENTO; SERVICIOS DE SUMINISTRO DE COMIDAS Y BEBIDAS; SERVICIOS DE TRANSPORTE; Y SERVICIOS DE DISTRIBUCION DE ELECTRICIDAD, GAS Y AGUA",GASTOS,FUNCIONAMIENTO,ADQUISICION DE BIENES Y SERVICIOS,ADQUISICIONES DIFERENTES DE ACTIVOS,ADQUISICION DE SERVICIOS,"COMERCIO Y DISTRIBUCION; ALOJAMIENTO; SERVICIOS DE SUMINISTRO DE COMIDAS Y BEBIDAS; SERVICIOS DE TRANSPORTE; Y SERVICIOS DE DISTRIBUCION DE ELECTRICIDAD, GAS Y AGUA",No Aplica,No Aplica,No Aplica,No Aplica,VIGENCIA ACTUAL,ENTIDADES TERRITORIALES - ADMINISTRACION CENTRAL,NO APLICA,0,NO DEFINIDO,28000000.0,46110819.0,2021,Cuarto Trimestre,,,,,,,,,,,,,,,,,,,,,,
1228359,20211201,218552585,Pupiales,2.1.1.01.03,REMUNERACIONES NO CONSTITUTIVAS DE FACTOR SALARIAL,GASTOS,FUNCIONAMIENTO,GASTOS DE PERSONAL,PLANTA DE PERSONAL PERMANENTE,REMUNERACIONES NO CONSTITUTIVAS DE FACTOR SALARIAL,No Aplica,No Aplica,No Aplica,No Aplica,No Aplica,VIGENCIA ACTUAL,ENTIDADES TERRITORIALES - CONCEJO,NO DEFINIDO,,NO DEFINIDO,210188880.0,171936816.0,2021,Cuarto Trimestre,,,,,,,,,,,,,,,,,,,,,,
1228384,20230301,218552585,Pupiales,2.1,FUNCIONAMIENTO,GASTOS,FUNCIONAMIENTO,No Aplica,No Aplica,No Aplica,No Aplica,No Aplica,No Aplica,No Aplica,No Aplica,CUENTAS POR PAGAR,ENTIDADES TERRITORIALES - ADMINISTRACION CENTRAL,NO DEFINIDO,,NO DEFINIDO,2281959.0,2281959.0,2023,Primer Trimestre,,,,,,,,,,,,,,,,,,,,,,
1228535,20221201,218552585,Pupiales,2.1.1.01.01.001.10,VIATICOS DE LOS FUNCIONARIOS EN COMISION,GASTOS,FUNCIONAMIENTO,GASTOS DE PERSONAL,PLANTA DE PERSONAL PERMANENTE,FACTORES CONSTITUTIVOS DE SALARIO,FACTORES SALARIALES COMUNES,VIATICOS DE LOS FUNCIONARIOS EN COMISION,No Aplica,No Aplica,No Aplica,VIGENCIA ACTUAL,ENTIDADES TERRITORIALES - ADMINISTRACION CENTRAL,NO APLICA,0,NO DEFINIDO,10000000.0,7343549.0,2022,Cuarto Trimestre,,,,,,,,,,,,,,,,,,,,,,
1229280,20220901,218552585,Pupiales,2.2.2.02.02.002.02.03,BANCA COMERCIAL,GASTOS,SERVICIO DE LA DEUDA PUBLICA,SERVICIO DE LA DEUDA PUBLICA INTERNA,INTERESES,PRESTAMOS,ENTIDADES FINANCIERAS,BANCA COMERCIAL,BANCA COMERCIAL,No Aplica,No Aplica,VIGENCIA ACTUAL,ENTIDADES TERRITORIALES - ADMINISTRACION CENTRAL,NO APLICA,0,NO DEFINIDO,96000000.0,119000000.0,2022,Tercer Trimestre,,,,,,,,,,,,,,,,,,,,,,
1230226,20221201,218552585,Pupiales,2.1,FUNCIONAMIENTO,GASTOS,FUNCIONAMIENTO,No Aplica,No Aplica,No Aplica,No Aplica,No Aplica,No Aplica,No Aplica,No Aplica,VIGENCIA ACTUAL,ENTIDADES TERRITORIALES - CONCEJO,NO DEFINIDO,,NO DEFINIDO,268089210.0,186360699.0,2022,Cuarto Trimestre,,,,,,,,,,,,,,,,,,,,,,
1234015,20210601,218552585,Pupiales,2.1,FUNCIONAMIENTO,GASTOS,FUNCIONAMIENTO,No Aplica,No Aplica,No Aplica,No Aplica,No Aplica,No Aplica,No Aplica,No Aplica,VIGENCIA ACTUAL,ENTIDADES TERRITORIALES - CONCEJO,NO DEFINIDO,,NO DEFINIDO,249787522.0,249787522.0,2021,Segundo Trimestre,,,,,,,,,,,,,,,,,,,,,,
1235118,20230601,218552585,Pupiales,2.1.1.01.02.003,APORTES DE CESANTIAS,GASTOS,FUNCIONAMIENTO,GASTOS DE PERSONAL,PLANTA DE PERSONAL PERMANENTE,CONTRIBUCIONES INHERENTES A LA NOMINA,APORTES DE CESANTIAS,No Aplica,No Aplica,No Aplica,No Aplica,VIGENCIA ACTUAL,ENTIDADES TERRITORIALES - ADMINISTRACION CENTRAL,NO APLICA,0,NO DEFINIDO,18250000.0,80250000.0,2023,Segundo Trimestre,,,,,,,,,,,,,,,,,,,,,,
1236785,20210601,218552585,Pupiales,2.1.2.02.02.007,SERVICIOS FINANCIEROS Y SERVICIOS CONEXOS; SERVICIOS INMOBILIARIOS; Y SERVICIOS DE ARRENDAMIENTO Y LEASING,GASTOS,FUNCIONAMIENTO,ADQUISICION DE BIENES Y SERVICIOS,ADQUISICIONES DIFERENTES DE ACTIVOS,ADQUISICION DE SERVICIOS,SERVICIOS FINANCIEROS Y SERVICIOS CONEXOS; SERVICIOS INMOBILIARIOS; Y SERVICIOS DE ARRENDAMIENTO Y LEASING,No Aplica,No Aplica,No Aplica,No Aplica,VIGENCIA ACTUAL,ENTIDADES TERRITORIALES - ADMINISTRACION CENTRAL,NO APLICA,0,NO DEFINIDO,27481000.0,17686000.0,2021,Segundo Trimestre,,,,,,,,,,,,,,,,,,,,,,
1237447,20210301,218552585,Pupiales,2.1.2.02.02.006,"COMERCIO Y DISTRIBUCION; ALOJAMIENTO; SERVICIOS DE SUMINISTRO DE COMIDAS Y BEBIDAS; SERVICIOS DE TRANSPORTE; Y SERVICIOS DE DISTRIBUCION DE ELECTRICIDAD, GAS Y AGUA",GASTOS,FUNCIONAMIENTO,ADQUISICION DE BIENES Y SERVICIOS,ADQUISICIONES DIFERENTES DE ACTIVOS,ADQUISICION DE SERVICIOS,"COMERCIO Y DISTRIBUCION; ALOJAMIENTO; SERVICIOS DE SUMINISTRO DE COMIDAS Y BEBIDAS; SERVICIOS DE TRANSPORTE; Y SERVICIOS DE DISTRIBUCION DE ELECTRICIDAD, GAS Y AGUA",No Aplica,No Aplica,No Aplica,No Aplica,VIGENCIA ACTUAL,ENTIDADES TERRITORIALES - ADMINISTRACION CENTRAL,NO APLICA,0,NO DEFINIDO,28000000.0,56000000.0,2021,Primer Trimestre,,,,,,,,,,,,,,,,,,,,,,
1238782,20211201,218552585,Pupiales,2.1.3.05,A ENTIDADES DEL GOBIERNO,GASTOS,FUNCIONAMIENTO,TRANSFERENCIAS CORRIENTES,A ENTIDADES DEL GOBIERNO,No Aplica,No Aplica,No Aplica,No Aplica,No Aplica,No Aplica,VIGENCIA ACTUAL,ENTIDADES TERRITORIALES - ADMINISTRACION CENTRAL,NO DEFINIDO,,NO DEFINIDO,50501000.0,85513976.0,2021,Cuarto Trimestre,,,,,,,,,,,,,,,,,,,,,,
1241279,20230301,218552585,Pupiales,2.1.1.01,PLANTA DE PERSONAL PERMANENTE,GASTOS,FUNCIONAMIENTO,GASTOS DE PERSONAL,PLANTA DE PERSONAL PERMANENTE,No Aplica,No Aplica,No Aplica,No Aplica,No Aplica,No Aplica,VIGENCIA ACTUAL,ENTIDADES TERRITORIALES - CONCEJO,NO DEFINIDO,,NO DEFINIDO,125375000.0,125375000.0,2023,Primer Trimestre,,,,,,,,,,,,,,,,,,,,,,
1243979,20210901,218552585,Pupiales,2.1,FUNCIONAMIENTO,GASTOS,FUNCIONAMIENTO,No Aplica,No Aplica,No Aplica,No Aplica,No Aplica,No Aplica,No Aplica,No Aplica,VIGENCIA ACTUAL,ENTIDADES TERRITORIALES - ADMINISTRACION CENTRAL,NO DEFINIDO,,NO DEFINIDO,1549008225.0,1590904604.0,2021,Tercer Trimestre,,,,,,,,,,,,,,,,,,,,,,
1250028,20221201,218552585,Pupiales,2.1.1.01.01.001.01,SUELDO BASICO,GASTOS,FUNCIONAMIENTO,GASTOS DE PERSONAL,PLANTA DE PERSONAL PERMANENTE,FACTORES CONSTITUTIVOS DE SALARIO,FACTORES SALARIALES COMUNES,SUELDO BASICO,No Aplica,No Aplica,No Aplica,VIGENCIA ACTUAL,ENTIDADES TERRITORIALES - CONCEJO,NO APLICA,0,NO DEFINIDO,54511560.0,60000000.0,2022,Cuarto Trimestre,,,,,,,,,,,,,,,,,,,,,,
1250170,20230601,218552585,Pupiales,2.1.1.01.01.001.08.01,PRIMA DE NAVIDAD,GASTOS,FUNCIONAMIENTO,GASTOS DE PERSONAL,PLANTA DE PERSONAL PERMANENTE,FACTORES CONSTITUTIVOS DE SALARIO,FACTORES SALARIALES COMUNES,PRESTACIONES SOCIALES,PRIMA DE NAVIDAD,No Aplica,No Aplica,VIGENCIA ACTUAL,ENTIDADES TERRITORIALES - ADMINISTRACION CENTRAL,NO APLICA,0,NO DEFINIDO,56250000.0,56250000.0,2023,Segundo Trimestre,,,,,,,,,,,,,,,,,,,,,,
1255201,20220601,218552585,Pupiales,2.2.2.02.02,PRESTAMOS,GASTOS,SERVICIO DE LA DEUDA PUBLICA,SERVICIO DE LA DEUDA PUBLICA INTERNA,INTERESES,PRESTAMOS,No Aplica,No Aplica,No Aplica,No Aplica,No Aplica,VIGENCIA ACTUAL,ENTIDADES TERRITORIALES - ADMINISTRACION CENTRAL,NO DEFINIDO,,NO DEFINIDO,96000000.0,119000000.0,2022,Segundo Trimestre,,,,,,,,,,,,,,,,,,,,,,
1262169,20221201,218552585,Pupiales,2.1.1.01.02.006,APORTES AL ICBF,GASTOS,FUNCIONAMIENTO,GASTOS DE PERSONAL,PLANTA DE PERSONAL PERMANENTE,CONTRIBUCIONES INHERENTES A LA NOMINA,APORTES AL ICBF,No Aplica,No Aplica,No Aplica,No Aplica,VIGENCIA ACTUAL,ENTIDADES TERRITORIALES - ADMINISTRACION CENTRAL,NO APLICA,0,NO DEFINIDO,15000000.0,16533685.0,2022,Cuarto Trimestre,,,,,,,,,,,,,,,,,,,,,,
1264130,20210301,218552585,Pupiales,2.1.2.01.01.003.03,"MAQUINARIA DE OFICINA, CONTABILIDAD E INFORMATICA",GASTOS,FUNCIONAMIENTO,ADQUISICION DE BIENES Y SERVICIOS,ADQUISICION DE ACTIVOS NO FINANCIEROS,ACTIVOS FIJOS,MAQUINARIA Y EQUIPO,"MAQUINARIA DE OFICINA, CONTABILIDAD E INFORMATICA",No Aplica,No Aplica,No Aplica,VIGENCIA ACTUAL,ENTIDADES TERRITORIALES - ADMINISTRACION CENTRAL,NO DEFINIDO,,NO DEFINIDO,25500000.0,25500000.0,2021,Primer Trimestre,,,,,,,,,,,,,,,,,,,,,,
1264945,20211201,218552585,Pupiales,2.1,FUNCIONAMIENTO,GASTOS,FUNCIONAMIENTO,No Aplica,No Aplica,No Aplica,No Aplica,No Aplica,No Aplica,No Aplica,No Aplica,VIGENCIA ACTUAL,ENTIDADES TERRITORIALES - ADMINISTRACION CENTRAL,NO DEFINIDO,,NO DEFINIDO,1725239215.0,1920970695.0,2021,Cuarto Trimestre,,,,,,,,,,,,,,,,,,,,,,
1265750,20230301,218552585,Pupiales,2.1.1.01,PLANTA DE PERSONAL PERMANENTE,GASTOS,FUNCIONAMIENTO,GASTOS DE PERSONAL,PLANTA DE PERSONAL PERMANENTE,No Aplica,No Aplica,No Aplica,No Aplica,No Aplica,No Aplica,VIGENCIA ACTUAL,ENTIDADES TERRITORIALES - ADMINISTRACION CENTRAL,NO DEFINIDO,,NO DEFINIDO,720396800.0,781398143.0,2023,Primer Trimestre,,,,,,,,,,,,,,,,,,,,,,
1270923,20210901,218552585,Pupiales,2.1.2.02.02.009,"SERVICIOS PARA LA COMUNIDAD, SOCIALES Y PERSONALES",GASTOS,FUNCIONAMIENTO,ADQUISICION DE BIENES Y SERVICIOS,ADQUISICIONES DIFERENTES DE ACTIVOS,ADQUISICION DE SERVICIOS,"SERVICIOS PARA LA COMUNIDAD, SOCIALES Y PERSONALES",No Aplica,No Aplica,No Aplica,No Aplica,VIGENCIA ACTUAL,ENTIDADES TERRITORIALES - ADMINISTRACION CENTRAL,NO APLICA,0,NO DEFINIDO,527127132.0,613125119.0,2021,Tercer Trimestre,,,,,,,,,,,,,,,,,,,,,,
1273907,20230301,218552585,Pupiales,2.1.1,GASTOS DE PERSONAL,GASTOS,FUNCIONAMIENTO,GASTOS DE PERSONAL,No Aplica,No Aplica,No Aplica,No Aplica,No Aplica,No Aplica,No Aplica,VIGENCIA ACTUAL,ENTIDADES TERRITORIALES - CONCEJO,NO DEFINIDO,,NO DEFINIDO,125375000.0,125375000.0,2023,Primer Trimestre,,,,,,,,,,,,,,,,,,,,,,
1279739,20211201,218552585,Pupiales,2.1.2.02.01,MATERIALES Y SUMINISTROS,GASTOS,FUNCIONAMIENTO,ADQUISICION DE BIENES Y SERVICIOS,ADQUISICIONES DIFERENTES DE ACTIVOS,MATERIALES Y SUMINISTROS,No Aplica,No Aplica,No Aplica,No Aplica,No Aplica,VIGENCIA ACTUAL,ENTIDADES TERRITORIALES - ADMINISTRACION CENTRAL,NO DEFINIDO,,NO DEFINIDO,25500000.0,42493100.0,2021,Cuarto Trimestre,,,,,,,,,,,,,,,,,,,,,,
1280973,20230601,218552585,Pupiales,2.2.2.02.02,PRESTAMOS,GASTOS,SERVICIO DE LA DEUDA PUBLICA,SERVICIO DE LA DEUDA PUBLICA INTERNA,INTERESES,PRESTAMOS,No Aplica,No Aplica,No Aplica,No Aplica,No Aplica,VIGENCIA ACTUAL,ENTIDADES TERRITORIALES - ADMINISTRACION CENTRAL,NO DEFINIDO,,NO DEFINIDO,133541462.0,183008462.0,2023,Segundo Trimestre,,,,,,,,,,,,,,,,,,,,,,
1281633,20230301,218552585,Pupiales,2.1.2.02.02.009,"SERVICIOS PARA LA COMUNIDAD, SOCIALES Y PERSONALES",GASTOS,FUNCIONAMIENTO,ADQUISICION DE BIENES Y SERVICIOS,ADQUISICIONES DIFERENTES DE ACTIVOS,ADQUISICION DE SERVICIOS,"SERVICIOS PARA LA COMUNIDAD, SOCIALES Y PERSONALES",No Aplica,No Aplica,No Aplica,No Aplica,VIGENCIA ACTUAL,ENTIDADES TERRITORIALES - ADMINISTRACION CENTRAL,NO APLICA,0,NO DEFINIDO,314813150.0,395020208.0,2023,Primer Trimestre,,,,,,,,,,,,,,,,,,,,,,
1284336,20220901,218552585,Pupiales,2.1.1.01.01.001.10,VIATICOS DE LOS FUNCIONARIOS EN COMISION,GASTOS,FUNCIONAMIENTO,GASTOS DE PERSONAL,PLANTA DE PERSONAL PERMANENTE,FACTORES CONSTITUTIVOS DE SALARIO,FACTORES SALARIALES COMUNES,VIATICOS DE LOS FUNCIONARIOS EN COMISION,No Aplica,No Aplica,No Aplica,VIGENCIA ACTUAL,ENTIDADES TERRITORIALES - ADMINISTRACION CENTRAL,NO APLICA,0,NO DEFINIDO,10000000.0,7429700.0,2022,Tercer Trimestre,,,,,,,,,,,,,,,,,,,,,,
1287390,20210301,218552585,Pupiales,2.1.1,GASTOS DE PERSONAL,GASTOS,FUNCIONAMIENTO,GASTOS DE PERSONAL,No Aplica,No Aplica,No Aplica,No Aplica,No Aplica,No Aplica,No Aplica,VIGENCIA ACTUAL,ENTIDADES TERRITORIALES - PERSONERIA,NO DEFINIDO,,NO DEFINIDO,131670450.0,131670450.0,2021,Primer Trimestre,,,,,,,,,,,,,,,,,,,,,,
1293593,20230301,218552585,Pupiales,2.1.2,ADQUISICION DE BIENES Y SERVICIOS,GASTOS,FUNCIONAMIENTO,ADQUISICION DE BIENES Y SERVICIOS,No Aplica,No Aplica,No Aplica,No Aplica,No Aplica,No Aplica,No Aplica,CUENTAS POR PAGAR,ENTIDADES TERRITORIALES - ADMINISTRACION CENTRAL,NO DEFINIDO,,NO DEFINIDO,1800000.0,1800000.0,2023,Primer Trimestre,,,,,,,,,,,,,,,,,,,,,,
1298343,20220301,218552585,Pupiales,2.1.1.01.01.001.07,BONIFICACION POR SERVICIOS PRESTADOS,GASTOS,FUNCIONAMIENTO,GASTOS DE PERSONAL,PLANTA DE PERSONAL PERMANENTE,FACTORES CONSTITUTIVOS DE SALARIO,FACTORES SALARIALES COMUNES,BONIFICACION POR SERVICIOS PRESTADOS,No Aplica,No Aplica,No Aplica,VIGENCIA ACTUAL,ENTIDADES TERRITORIALES - ADMINISTRACION CENTRAL,NO APLICA,0,NO DEFINIDO,14000000.0,14000000.0,2022,Primer Trimestre,,,,,,,,,,,,,,,,,,,,,,
1298733,20220301,218552585,Pupiales,2.1.1.01.03,REMUNERACIONES NO CONSTITUTIVAS DE FACTOR SALARIAL,GASTOS,FUNCIONAMIENTO,GASTOS DE PERSONAL,PLANTA DE PERSONAL PERMANENTE,REMUNERACIONES NO CONSTITUTIVAS DE FACTOR SALARIAL,No Aplica,No Aplica,No Aplica,No Aplica,No Aplica,VIGENCIA ACTUAL,ENTIDADES TERRITORIALES - CONCEJO,NO DEFINIDO,,NO DEFINIDO,213577650.0,213577650.0,2022,Primer Trimestre,,,,,,,,,,,,,,,,,,,,,,
1299101,20220901,218552585,Pupiales,2.1.1.01.03.001,PRESTACIONES SOCIALES,GASTOS,FUNCIONAMIENTO,GASTOS DE PERSONAL,PLANTA DE PERSONAL PERMANENTE,REMUNERACIONES NO CONSTITUTIVAS DE FACTOR SALARIAL,PRESTACIONES SOCIALES,No Aplica,No Aplica,No Aplica,No Aplica,VIGENCIA ACTUAL,ENTIDADES TERRITORIALES - ADMINISTRACION CENTRAL,NO DEFINIDO,,NO DEFINIDO,41000000.0,41000000.0,2022,Tercer Trimestre,,,,,,,,,,,,,,,,,,,,,,
1306630,20210901,218552585,Pupiales,2.1.2.02.02.006,"COMERCIO Y DISTRIBUCION; ALOJAMIENTO; SERVICIOS DE SUMINISTRO DE COMIDAS Y BEBIDAS; SERVICIOS DE TRANSPORTE; Y SERVICIOS DE DISTRIBUCION DE ELECTRICIDAD, GAS Y AGUA",GASTOS,FUNCIONAMIENTO,ADQUISICION DE BIENES Y SERVICIOS,ADQUISICIONES DIFERENTES DE ACTIVOS,ADQUISICION DE SERVICIOS,"COMERCIO Y DISTRIBUCION; ALOJAMIENTO; SERVICIOS DE SUMINISTRO DE COMIDAS Y BEBIDAS; SERVICIOS DE TRANSPORTE; Y SERVICIOS DE DISTRIBUCION DE ELECTRICIDAD, GAS Y AGUA",No Aplica,No Aplica,No Aplica,No Aplica,VIGENCIA ACTUAL,ENTIDADES TERRITORIALES - ADMINISTRACION CENTRAL,NO APLICA,0,NO DEFINIDO,28000000.0,54820000.0,2021,Tercer Trimestre,,,,,,,,,,,,,,,,,,,,,,
1307520,20230301,218552585,Pupiales,2.1.4,TRANSFERENCIAS DE CAPITAL,GASTOS,FUNCIONAMIENTO,TRANSFERENCIAS DE CAPITAL,No Aplica,No Aplica,No Aplica,No Aplica,No Aplica,No Aplica,No Aplica,VIGENCIA ACTUAL,ENTIDADES TERRITORIALES - CONCEJO,NO DEFINIDO,,NO DEFINIDO,36117000.0,48117000.0,2023,Primer Trimestre,,,,,,,,,,,,,,,,,,,,,,
1309472,20230601,218552585,Pupiales,2.1.2.02.01,MATERIALES Y SUMINISTROS,GASTOS,FUNCIONAMIENTO,ADQUISICION DE BIENES Y SERVICIOS,ADQUISICIONES DIFERENTES DE ACTIVOS,MATERIALES Y SUMINISTROS,No Aplica,No Aplica,No Aplica,No Aplica,No Aplica,VIGENCIA ACTUAL,ENTIDADES TERRITORIALES - ADMINISTRACION CENTRAL,NO DEFINIDO,,NO DEFINIDO,27000000.0,49480000.0,2023,Segundo Trimestre,,,,,,,,,,,,,,,,,,,,,,
1311771,20210301,218552585,Pupiales,2.2.2.01,PRINCIPAL,GASTOS,SERVICIO DE LA DEUDA PUBLICA,SERVICIO DE LA DEUDA PUBLICA INTERNA,PRINCIPAL,No Aplica,No Aplica,No Aplica,No Aplica,No Aplica,No Aplica,VIGENCIA ACTUAL,ENTIDADES TERRITORIALES - ADMINISTRACION CENTRAL,NO DEFINIDO,,NO DEFINIDO,123631944.0,123631944.0,2021,Primer Trimestre,,,,,,,,,,,,,,,,,,,,,,
1314627,20210301,218552585,Pupiales,2.1.1.01.02.006,APORTES AL ICBF,GASTOS,FUNCIONAMIENTO,GASTOS DE PERSONAL,PLANTA DE PERSONAL PERMANENTE,CONTRIBUCIONES INHERENTES A LA NOMINA,APORTES AL ICBF,No Aplica,No Aplica,No Aplica,No Aplica,VIGENCIA ACTUAL,ENTIDADES TERRITORIALES - ADMINISTRACION CENTRAL,NO APLICA,0,NO DEFINIDO,21487109.0,21487109.0,2021,Primer Trimestre,,,,,,,,,,,,,,,,,,,,,,
1315782,20230301,218552585,Pupiales,2.1.3.05.04.001,PARTICIPACIONES DE IMPUESTOS,GASTOS,FUNCIONAMIENTO,TRANSFERENCIAS CORRIENTES,A ENTIDADES DEL GOBIERNO,PARTICIPACIONES DISTINTAS DEL SGP,PARTICIPACIONES DE IMPUESTOS,No Aplica,No Aplica,No Aplica,No Aplica,CUENTAS POR PAGAR,ENTIDADES TERRITORIALES - ADMINISTRACION CENTRAL,NO DEFINIDO,,NO DEFINIDO,481959.0,481959.0,2023,Primer Trimestre,,,,,,,,,,,,,,,,,,,,,,
1318906,20230601,218552585,Pupiales,2,GASTOS,GASTOS,No Aplica,No Aplica,No Aplica,No Aplica,No Aplica,No Aplica,No Aplica,No Aplica,No Aplica,VIGENCIA ACTUAL,ENTIDADES TERRITORIALES - PERSONERIA,NO DEFINIDO,,NO DEFINIDO,165000000.0,165000000.0,2023,Segundo Trimestre,,,,,,,,,,,,,,,,,,,,,,
1325907,20221201,218552585,Pupiales,2.2.2.01.02.002,ENTIDADES FINANCIERAS,GASTOS,SERVICIO DE LA DEUDA PUBLICA,SERVICIO DE LA DEUDA PUBLICA INTERNA,PRINCIPAL,PRESTAMOS,ENTIDADES FINANCIERAS,No Aplica,No Aplica,No Aplica,No Aplica,VIGENCIA ACTUAL,ENTIDADES TERRITORIALES - ADMINISTRACION CENTRAL,NO DEFINIDO,,NO DEFINIDO,520000100.0,407585113.0,2022,Cuarto Trimestre,,,,,,,,,,,,,,,,,,,,,,
1331846,20210901,218552585,Pupiales,2.1.1.01.01.001.05,AUXILIO DE TRANSPORTE,GASTOS,FUNCIONAMIENTO,GASTOS DE PERSONAL,PLANTA DE PERSONAL PERMANENTE,FACTORES CONSTITUTIVOS DE SALARIO,FACTORES SALARIALES COMUNES,AUXILIO DE TRANSPORTE,No Aplica,No Aplica,No Aplica,VIGENCIA ACTUAL,ENTIDADES TERRITORIALES - ADMINISTRACION CENTRAL,NO APLICA,0,NO DEFINIDO,13250000.0,13250000.0,2021,Tercer Trimestre,,,,,,,,,,,,,,,,,,,,,,
1332113,20220901,218552585,Pupiales,2.1.1.01.03.001.02,INDEMNIZACION POR VACACIONES,GASTOS,FUNCIONAMIENTO,GASTOS DE PERSONAL,PLANTA DE PERSONAL PERMANENTE,REMUNERACIONES NO CONSTITUTIVAS DE FACTOR SALARIAL,PRESTACIONES SOCIALES,INDEMNIZACION POR VACACIONES,No Aplica,No Aplica,No Aplica,VIGENCIA ACTUAL,ENTIDADES TERRITORIALES - ADMINISTRACION CENTRAL,NO APLICA,0,NO DEFINIDO,15000000.0,12943545.0,2022,Tercer Trimestre,,,,,,,,,,,,,,,,,,,,,,
1332268,20230301,218552585,Pupiales,2.1.3.07.02.001.02,MESADAS PENSIONALES A CARGO DE LA ENTIDAD DE PENSIONES,GASTOS,FUNCIONAMIENTO,TRANSFERENCIAS CORRIENTES,PRESTACIONES PARA CUBRIR RIESGOS SOCIALES,PRESTACIONES SOCIALES RELACIONADAS CON EL EMPLEO,MESADAS PENSIONALES DE PENSIONES,MESADAS PENSIONALES A CARGO DE LA ENTIDAD DE PENSIONES,No Aplica,No Aplica,No Aplica,VIGENCIA ACTUAL,ENTIDADES TERRITORIALES - ADMINISTRACION CENTRAL,NO APLICA,0,NO DEFINIDO,1000.0,1000.0,2023,Primer Trimestre,,,,,,,,,,,,,,,,,,,,,,
1333440,20220301,218552585,Pupiales,2.1.1.01,PLANTA DE PERSONAL PERMANENTE,GASTOS,FUNCIONAMIENTO,GASTOS DE PERSONAL,PLANTA DE PERSONAL PERMANENTE,No Aplica,No Aplica,No Aplica,No Aplica,No Aplica,No Aplica,VIGENCIA ACTUAL,ENTIDADES TERRITORIALES - CONCEJO,NO DEFINIDO,,NO DEFINIDO,268089210.0,268089210.0,2022,Primer Trimestre,,,,,,,,,,,,,,,,,,,,,,
1341078,20221201,218552585,Pupiales,2.1.3.05.04.001.13.01,TRANSFERENCIA DE LA SOBRETASA AMBIENTAL A LAS CORPORACIONES AUTONOMAS REGIONALES,GASTOS,FUNCIONAMIENTO,TRANSFERENCIAS CORRIENTES,A ENTIDADES DEL GOBIERNO,PARTICIPACIONES DISTINTAS DEL SGP,PARTICIPACIONES DE IMPUESTOS,PARTICIPACION DE LA SOBRETASA AMBIENTAL,TRANSFERENCIA DE LA SOBRETASA AMBIENTAL A LAS CORPORACIONES AUTONOMAS REGIONALES,No Aplica,No Aplica,VIGENCIA ACTUAL,ENTIDADES TERRITORIALES - ADMINISTRACION CENTRAL,NO APLICA,0,NO DEFINIDO,45000000.0,65256049.0,2022,Cuarto Trimestre,,,,,,,,,,,,,,,,,,,,,,
1341573,20210301,218552585,Pupiales,2.1.1.01.01.001.07,BONIFICACION POR SERVICIOS PRESTADOS,GASTOS,FUNCIONAMIENTO,GASTOS DE PERSONAL,PLANTA DE PERSONAL PERMANENTE,FACTORES CONSTITUTIVOS DE SALARIO,FACTORES SALARIALES COMUNES,BONIFICACION POR SERVICIOS PRESTADOS,No Aplica,No Aplica,No Aplica,VIGENCIA ACTUAL,ENTIDADES TERRITORIALES - ADMINISTRACION CENTRAL,NO APLICA,0,NO DEFINIDO,21200000.0,21200000.0,2021,Primer Trimestre,,,,,,,,,,,,,,,,,,,,,,
1346097,20221201,218552585,Pupiales,2.1.1.01.02.001,APORTES A LA SEGURIDAD SOCIAL EN PENSIONES,GASTOS,FUNCIONAMIENTO,GASTOS DE PERSONAL,PLANTA DE PERSONAL PERMANENTE,CONTRIBUCIONES INHERENTES A LA NOMINA,APORTES A LA SEGURIDAD SOCIAL EN PENSIONES,No Aplica,No Aplica,No Aplica,No Aplica,VIGENCIA ACTUAL,ENTIDADES TERRITORIALES - ADMINISTRACION CENTRAL,NO APLICA,0,NO DEFINIDO,70000000.0,81905288.0,2022,Cuarto Trimestre,,,,,,,,,,,,,,,,,,,,,,
1347122,20230601,218552585,Pupiales,2.1.2.02.02.009,"SERVICIOS PARA LA COMUNIDAD, SOCIALES Y PERSONALES",GASTOS,FUNCIONAMIENTO,ADQUISICION DE BIENES Y SERVICIOS,ADQUISICIONES DIFERENTES DE ACTIVOS,ADQUISICION DE SERVICIOS,"SERVICIOS PARA LA COMUNIDAD, SOCIALES Y PERSONALES",No Aplica,No Aplica,No Aplica,No Aplica,CUENTAS POR PAGAR,ENTIDADES TERRITORIALES - ADMINISTRACION CENTRAL,NO APLICA,0,NO DEFINIDO,2200000.0,2200000.0,2023,Segundo Trimestre,,,,,,,,,,,,,,,,,,,,,,
1349128,20230301,218552585,Pupiales,2.1.1.01.02.001,APORTES A LA SEGURIDAD SOCIAL EN PENSIONES,GASTOS,FUNCIONAMIENTO,GASTOS DE PERSONAL,PLANTA DE PERSONAL PERMANENTE,CONTRIBUCIONES INHERENTES A LA NOMINA,APORTES A LA SEGURIDAD SOCIAL EN PENSIONES,No Aplica,No Aplica,No Aplica,No Aplica,VIGENCIA ACTUAL,ENTIDADES TERRITORIALES - ADMINISTRACION CENTRAL,NO APLICA,0,NO DEFINIDO,51000000.0,51000000.0,2023,Primer Trimestre,,,,,,,,,,,,,,,,,,,,,,
1354352,20210301,218552585,Pupiales,2.1,FUNCIONAMIENTO,GASTOS,FUNCIONAMIENTO,No Aplica,No Aplica,No Aplica,No Aplica,No Aplica,No Aplica,No Aplica,No Aplica,VIGENCIA ACTUAL,ENTIDADES TERRITORIALES - PERSONERIA,NO DEFINIDO,,NO DEFINIDO,131670450.0,131670450.0,2021,Primer Trimestre,,,,,,,,,,,,,,,,,,,,,,
1356006,20230601,218552585,Pupiales,2.1.1.01.03.001,PRESTACIONES SOCIALES,GASTOS,FUNCIONAMIENTO,GASTOS DE PERSONAL,PLANTA DE PERSONAL PERMANENTE,REMUNERACIONES NO CONSTITUTIVAS DE FACTOR SALARIAL,PRESTACIONES SOCIALES,No Aplica,No Aplica,No Aplica,No Aplica,VIGENCIA ACTUAL,ENTIDADES TERRITORIALES - ADMINISTRACION CENTRAL,NO DEFINIDO,,NO DEFINIDO,25500000.0,38500000.0,2023,Segundo Trimestre,,,,,,,,,,,,,,,,,,,,,,
1360419,20220301,218552585,Pupiales,2.1.2.02,ADQUISICIONES DIFERENTES DE ACTIVOS,GASTOS,FUNCIONAMIENTO,ADQUISICION DE BIENES Y SERVICIOS,ADQUISICIONES DIFERENTES DE ACTIVOS,No Aplica,No Aplica,No Aplica,No Aplica,No Aplica,No Aplica,VIGENCIA ACTUAL,ENTIDADES TERRITORIALES - ADMINISTRACION CENTRAL,NO DEFINIDO,,NO DEFINIDO,651364916.0,661364916.0,2022,Primer Trimestre,,,,,,,,,,,,,,,,,,,,,,
1361915,20220901,218552585,Pupiales,2.1.3.14,APORTES AL FONPET,GASTOS,FUNCIONAMIENTO,TRANSFERENCIAS CORRIENTES,APORTES AL FONPET,No Aplica,No Aplica,No Aplica,No Aplica,No Aplica,No Aplica,VIGENCIA ACTUAL,ENTIDADES TERRITORIALES - ADMINISTRACION CENTRAL,NO DEFINIDO,,NO DEFINIDO,109245366.0,135334345.0,2022,Tercer Trimestre,,,,,,,,,,,,,,,,,,,,,,
1365098,20230601,218552585,Pupiales,2.1,FUNCIONAMIENTO,GASTOS,FUNCIONAMIENTO,No Aplica,No Aplica,No Aplica,No Aplica,No Aplica,No Aplica,No Aplica,No Aplica,VIGENCIA ACTUAL,ENTIDADES TERRITORIALES - PERSONERIA,NO DEFINIDO,,NO DEFINIDO,165000000.0,165000000.0,2023,Segundo Trimestre,,,,,,,,,,,,,,,,,,,,,,
1365757,20210301,218552585,Pupiales,2.1.3.04,A ORGANIZACIONES NACIONALES,GASTOS,FUNCIONAMIENTO,TRANSFERENCIAS CORRIENTES,A ORGANIZACIONES NACIONALES,No Aplica,No Aplica,No Aplica,No Aplica,No Aplica,No Aplica,VIGENCIA ACTUAL,ENTIDADES TERRITORIALES - ADMINISTRACION CENTRAL,NO DEFINIDO,,NO DEFINIDO,1000.0,1000.0,2021,Primer Trimestre,,,,,,,,,,,,,,,,,,,,,,
1369254,20220901,218552585,Pupiales,2.1.2.01,ADQUISICION DE ACTIVOS NO FINANCIEROS,GASTOS,FUNCIONAMIENTO,ADQUISICION DE BIENES Y SERVICIOS,ADQUISICION DE ACTIVOS NO FINANCIEROS,No Aplica,No Aplica,No Aplica,No Aplica,No Aplica,No Aplica,VIGENCIA ACTUAL,ENTIDADES TERRITORIALES - ADMINISTRACION CENTRAL,NO DEFINIDO,,NO DEFINIDO,20000000.0,8445420.0,2022,Tercer Trimestre,,,,,,,,,,,,,,,,,,,,,,
1373945,20230601,218552585,Pupiales,2.1.1,GASTOS DE PERSONAL,GASTOS,FUNCIONAMIENTO,GASTOS DE PERSONAL,No Aplica,No Aplica,No Aplica,No Aplica,No Aplica,No Aplica,No Aplica,CUENTAS POR PAGAR,ENTIDADES TERRITORIALES - ADMINISTRACION CENTRAL,NO DEFINIDO,,NO DEFINIDO,11427199.0,11427199.0,2023,Segundo Trimestre,,,,,,,,,,,,,,,,,,,,,,
1379344,20220901,218552585,Pupiales,2.1.1.01.02.003,APORTES DE CESANTIAS,GASTOS,FUNCIONAMIENTO,GASTOS DE PERSONAL,PLANTA DE PERSONAL PERMANENTE,CONTRIBUCIONES INHERENTES A LA NOMINA,APORTES DE CESANTIAS,No Aplica,No Aplica,No Aplica,No Aplica,VIGENCIA ACTUAL,ENTIDADES TERRITORIALES - ADMINISTRACION CENTRAL,NO APLICA,0,NO DEFINIDO,97978550.0,97978550.0,2022,Tercer Trimestre,,,,,,,,,,,,,,,,,,,,,,
1384751,20230601,218552585,Pupiales,2.1.1.01.02.005,APORTES GENERALES AL SISTEMA DE RIESGOS LABORALES,GASTOS,FUNCIONAMIENTO,GASTOS DE PERSONAL,PLANTA DE PERSONAL PERMANENTE,CONTRIBUCIONES INHERENTES A LA NOMINA,APORTES GENERALES AL SISTEMA DE RIESGOS LABORALES,No Aplica,No Aplica,No Aplica,No Aplica,VIGENCIA ACTUAL,ENTIDADES TERRITORIALES - CONCEJO,NO APLICA,0,NO DEFINIDO,411000.0,411000.0,2023,Segundo Trimestre,,,,,,,,,,,,,,,,,,,,,,
1385301,20221201,218552585,Pupiales,2.1.1.01.01.001.08,PRESTACIONES SOCIALES,GASTOS,FUNCIONAMIENTO,GASTOS DE PERSONAL,PLANTA DE PERSONAL PERMANENTE,FACTORES CONSTITUTIVOS DE SALARIO,FACTORES SALARIALES COMUNES,PRESTACIONES SOCIALES,No Aplica,No Aplica,No Aplica,VIGENCIA ACTUAL,ENTIDADES TERRITORIALES - ADMINISTRACION CENTRAL,NO DEFINIDO,,NO DEFINIDO,57800000.0,78475843.0,2022,Cuarto Trimestre,,,,,,,,,,,,,,,,,,,,,,
1385890,20211201,218552585,Pupiales,2.1.1.01.03.001,PRESTACIONES SOCIALES,GASTOS,FUNCIONAMIENTO,GASTOS DE PERSONAL,PLANTA DE PERSONAL PERMANENTE,REMUNERACIONES NO CONSTITUTIVAS DE FACTOR SALARIAL,PRESTACIONES SOCIALES,No Aplica,No Aplica,No Aplica,No Aplica,VIGENCIA ACTUAL,ENTIDADES TERRITORIALES - ADMINISTRACION CENTRAL,NO DEFINIDO,,NO DEFINIDO,30881722.0,37010172.0,2021,Cuarto Trimestre,,,,,,,,,,,,,,,,,,,,,,
1386298,20220601,218552585,Pupiales,2.1.1.01.02.002,APORTES A LA SEGURIDAD SOCIAL EN SALUD,GASTOS,FUNCIONAMIENTO,GASTOS DE PERSONAL,PLANTA DE PERSONAL PERMANENTE,CONTRIBUCIONES INHERENTES A LA NOMINA,APORTES A LA SEGURIDAD SOCIAL EN SALUD,No Aplica,No Aplica,No Aplica,No Aplica,VIGENCIA ACTUAL,ENTIDADES TERRITORIALES - ADMINISTRACION CENTRAL,NO APLICA,0,NO DEFINIDO,62000000.0,62000000.0,2022,Segundo Trimestre,,,,,,,,,,,,,,,,,,,,,,
1387012,20220601,218552585,Pupiales,2.1.2.02.01,MATERIALES Y SUMINISTROS,GASTOS,FUNCIONAMIENTO,ADQUISICION DE BIENES Y SERVICIOS,ADQUISICIONES DIFERENTES DE ACTIVOS,MATERIALES Y SUMINISTROS,No Aplica,No Aplica,No Aplica,No Aplica,No Aplica,VIGENCIA ACTUAL,ENTIDADES TERRITORIALES - ADMINISTRACION CENTRAL,NO DEFINIDO,,NO DEFINIDO,56000000.0,53928000.0,2022,Segundo Trimestre,,,,,,,,,,,,,,,,,,,,,,
1388189,20220301,218552585,Pupiales,2.1.3.13,SENTENCIAS Y CONCILIACIONES,GASTOS,FUNCIONAMIENTO,TRANSFERENCIAS CORRIENTES,SENTENCIAS Y CONCILIACIONES,No Aplica,No Aplica,No Aplica,No Aplica,No Aplica,No Aplica,VIGENCIA ACTUAL,ENTIDADES TERRITORIALES - ADMINISTRACION CENTRAL,NO DEFINIDO,,NO DEFINIDO,0.0,14000000.0,2022,Primer Trimestre,,,,,,,,,,,,,,,,,,,,,,
1388435,20221201,218552585,Pupiales,2.1.3.13.01.001,SENTENCIAS,GASTOS,FUNCIONAMIENTO,TRANSFERENCIAS CORRIENTES,SENTENCIAS Y CONCILIACIONES,FALLOS NACIONALES,SENTENCIAS,No Aplica,No Aplica,No Aplica,No Aplica,VIGENCIA ACTUAL,ENTIDADES TERRITORIALES - ADMINISTRACION CENTRAL,NO APLICA,0,NO DEFINIDO,0.0,13993200.0,2022,Cuarto Trimestre,,,,,,,,,,,,,,,,,,,,,,
1390771,20221201,218552585,Pupiales,2.2.2.02,INTERESES,GASTOS,SERVICIO DE LA DEUDA PUBLICA,SERVICIO DE LA DEUDA PUBLICA INTERNA,INTERESES,No Aplica,No Aplica,No Aplica,No Aplica,No Aplica,No Aplica,VIGENCIA ACTUAL,ENTIDADES TERRITORIALES - ADMINISTRACION CENTRAL,NO DEFINIDO,,NO DEFINIDO,96000000.0,125229824.0,2022,Cuarto Trimestre,,,,,,,,,,,,,,,,,,,,,,
1397538,20211201,218552585,Pupiales,2.1.2.02,ADQUISICIONES DIFERENTES DE ACTIVOS,GASTOS,FUNCIONAMIENTO,ADQUISICION DE BIENES Y SERVICIOS,ADQUISICIONES DIFERENTES DE ACTIVOS,No Aplica,No Aplica,No Aplica,No Aplica,No Aplica,No Aplica,VIGENCIA ACTUAL,ENTIDADES TERRITORIALES - ADMINISTRACION CENTRAL,NO DEFINIDO,,NO DEFINIDO,608108132.0,781471366.0,2021,Cuarto Trimestre,,,,,,,,,,,,,,,,,,,,,,
1397739,20230601,218552585,Pupiales,2.1.1.01.01.001.06,PRIMA DE SERVICIO,GASTOS,FUNCIONAMIENTO,GASTOS DE PERSONAL,PLANTA DE PERSONAL PERMANENTE,FACTORES CONSTITUTIVOS DE SALARIO,FACTORES SALARIALES COMUNES,PRIMA DE SERVICIO,No Aplica,No Aplica,No Aplica,VIGENCIA ACTUAL,ENTIDADES TERRITORIALES - ADMINISTRACION CENTRAL,NO APLICA,0,NO DEFINIDO,26000000.0,26000000.0,2023,Segundo Trimestre,,,,,,,,,,,,,,,,,,,,,,
1403561,20230301,218552585,Pupiales,2.1.4.02,ENTIDADES DEL GOBIERNO GENERAL,GASTOS,FUNCIONAMIENTO,TRANSFERENCIAS DE CAPITAL,ENTIDADES DEL GOBIERNO GENERAL,No Aplica,No Aplica,No Aplica,No Aplica,No Aplica,No Aplica,VIGENCIA ACTUAL,ENTIDADES TERRITORIALES - PERSONERIA,NO DEFINIDO,,NO DEFINIDO,154500000.0,174000000.0,2023,Primer Trimestre,,,,,,,,,,,,,,,,,,,,,,
1403851,20210601,218552585,Pupiales,2.1.1,GASTOS DE PERSONAL,GASTOS,FUNCIONAMIENTO,GASTOS DE PERSONAL,No Aplica,No Aplica,No Aplica,No Aplica,No Aplica,No Aplica,No Aplica,VIGENCIA ACTUAL,ENTIDADES TERRITORIALES - ADMINISTRACION CENTRAL,NO DEFINIDO,,NO DEFINIDO,900899093.0,822599093.0,2021,Segundo Trimestre,,,,,,,,,,,,,,,,,,,,,,
1407314,20210301,218552585,Pupiales,2.1.1.01.03.001.03,BONIFICACION ESPECIAL DE RECREACION,GASTOS,FUNCIONAMIENTO,GASTOS DE PERSONAL,PLANTA DE PERSONAL PERMANENTE,REMUNERACIONES NO CONSTITUTIVAS DE FACTOR SALARIAL,PRESTACIONES SOCIALES,BONIFICACION ESPECIAL DE RECREACION,No Aplica,No Aplica,No Aplica,VIGENCIA ACTUAL,ENTIDADES TERRITORIALES - ADMINISTRACION CENTRAL,NO APLICA,0,NO DEFINIDO,7420000.0,7420000.0,2021,Primer Trimestre,,,,,,,,,,,,,,,,,,,,,,
1410660,20230601,218552585,Pupiales,2.1.2,ADQUISICION DE BIENES Y SERVICIOS,GASTOS,FUNCIONAMIENTO,ADQUISICION DE BIENES Y SERVICIOS,No Aplica,No Aplica,No Aplica,No Aplica,No Aplica,No Aplica,No Aplica,VIGENCIA ACTUAL,ENTIDADES TERRITORIALES - ADMINISTRACION CENTRAL,NO DEFINIDO,,NO DEFINIDO,565000000.0,375971916.0,2023,Segundo Trimestre,,,,,,,,,,,,,,,,,,,,,,
1410713,20230301,218552585,Pupiales,2.1.3.05.04.001.13.01,TRANSFERENCIA DE LA SOBRETASA AMBIENTAL A LAS CORPORACIONES AUTONOMAS REGIONALES,GASTOS,FUNCIONAMIENTO,TRANSFERENCIAS CORRIENTES,A ENTIDADES DEL GOBIERNO,PARTICIPACIONES DISTINTAS DEL SGP,PARTICIPACIONES DE IMPUESTOS,PARTICIPACION DE LA SOBRETASA AMBIENTAL,TRANSFERENCIA DE LA SOBRETASA AMBIENTAL A LAS CORPORACIONES AUTONOMAS REGIONALES,No Aplica,No Aplica,CUENTAS POR PAGAR,ENTIDADES TERRITORIALES - ADMINISTRACION CENTRAL,NO APLICA,0,NO DEFINIDO,481959.0,481959.0,2023,Primer Trimestre,,,,,,,,,,,,,,,,,,,,,,
1413486,20210301,218552585,Pupiales,2.1.3.04.02.002,DISTINTAS A MEMBRESIAS,GASTOS,FUNCIONAMIENTO,TRANSFERENCIAS CORRIENTES,A ORGANIZACIONES NACIONALES,FEDERACION NACIONAL DE MUNICIPIOS,DISTINTAS A MEMBRESIAS,No Aplica,No Aplica,No Aplica,No Aplica,VIGENCIA ACTUAL,ENTIDADES TERRITORIALES - ADMINISTRACION CENTRAL,NO APLICA,0,NO DEFINIDO,1000.0,1000.0,2021,Primer Trimestre,,,,,,,,,,,,,,,,,,,,,,
1415386,20220901,218552585,Pupiales,2.1.1.01.01.001.04,SUBSIDIO DE ALIMENTACION,GASTOS,FUNCIONAMIENTO,GASTOS DE PERSONAL,PLANTA DE PERSONAL PERMANENTE,FACTORES CONSTITUTIVOS DE SALARIO,FACTORES SALARIALES COMUNES,SUBSIDIO DE ALIMENTACION,No Aplica,No Aplica,No Aplica,VIGENCIA ACTUAL,ENTIDADES TERRITORIALES - ADMINISTRACION CENTRAL,NO APLICA,0,NO DEFINIDO,9000000.0,9000000.0,2022,Tercer Trimestre,,,,,,,,,,,,,,,,,,,,,,
1417523,20220301,218552585,Pupiales,2.1.1,GASTOS DE PERSONAL,GASTOS,FUNCIONAMIENTO,GASTOS DE PERSONAL,No Aplica,No Aplica,No Aplica,No Aplica,No Aplica,No Aplica,No Aplica,VIGENCIA ACTUAL,ENTIDADES TERRITORIALES - ADMINISTRACION CENTRAL,NO DEFINIDO,,NO DEFINIDO,896628550.0,872628550.0,2022,Primer Trimestre,,,,,,,,,,,,,,,,,,,,,,
1417636,20230601,218552585,Pupiales,2.1.2.02.02,ADQUISICION DE SERVICIOS,GASTOS,FUNCIONAMIENTO,ADQUISICION DE BIENES Y SERVICIOS,ADQUISICIONES DIFERENTES DE ACTIVOS,ADQUISICION DE SERVICIOS,No Aplica,No Aplica,No Aplica,No Aplica,No Aplica,VIGENCIA ACTUAL,ENTIDADES TERRITORIALES - ADMINISTRACION CENTRAL,NO DEFINIDO,,NO DEFINIDO,532000000.0,303491916.0,2023,Segundo Trimestre,,,,,,,,,,,,,,,,,,,,,,
1418433,20210601,218552585,Pupiales,2.1.2.02.01.003,"OTROS BIENES TRANSPORTABLES EXCEPTO PRODUCTOS METALICOS, MAQUINARIA Y EQUIPO",GASTOS,FUNCIONAMIENTO,ADQUISICION DE BIENES Y SERVICIOS,ADQUISICIONES DIFERENTES DE ACTIVOS,MATERIALES Y SUMINISTROS,"OTROS BIENES TRANSPORTABLES EXCEPTO PRODUCTOS METALICOS, MAQUINARIA Y EQUIPO",No Aplica,No Aplica,No Aplica,No Aplica,VIGENCIA ACTUAL,ENTIDADES TERRITORIALES - ADMINISTRACION CENTRAL,NO APLICA,0,NO DEFINIDO,25500000.0,42525000.0,2021,Segundo Trimestre,,,,,,,,,,,,,,,,,,,,,,
1419316,20230301,218552585,Pupiales,2,GASTOS,GASTOS,No Aplica,No Aplica,No Aplica,No Aplica,No Aplica,No Aplica,No Aplica,No Aplica,No Aplica,RESERVAS,ENTIDADES TERRITORIALES - ADMINISTRACION CENTRAL,NO DEFINIDO,,NO DEFINIDO,3952024128.0,3952024128.0,2023,Primer Trimestre,,,,,,,,,,,,,,,,,,,,,,
1422008,20210301,218552585,Pupiales,2.1.1.01.01.001.01,SUELDO BASICO,GASTOS,FUNCIONAMIENTO,GASTOS DE PERSONAL,PLANTA DE PERSONAL PERMANENTE,FACTORES CONSTITUTIVOS DE SALARIO,FACTORES SALARIALES COMUNES,SUELDO BASICO,No Aplica,No Aplica,No Aplica,VIGENCIA ACTUAL,ENTIDADES TERRITORIALES - CONCEJO,NO APLICA,0,NO DEFINIDO,39598642.0,39598642.0,2021,Primer Trimestre,,,,,,,,,,,,,,,,,,,,,,
1422568,20210901,218552585,Pupiales,2.1.2.02.02.007,SERVICIOS FINANCIEROS Y SERVICIOS CONEXOS; SERVICIOS INMOBILIARIOS; Y SERVICIOS DE ARRENDAMIENTO Y LEASING,GASTOS,FUNCIONAMIENTO,ADQUISICION DE BIENES Y SERVICIOS,ADQUISICIONES DIFERENTES DE ACTIVOS,ADQUISICION DE SERVICIOS,SERVICIOS FINANCIEROS Y SERVICIOS CONEXOS; SERVICIOS INMOBILIARIOS; Y SERVICIOS DE ARRENDAMIENTO Y LEASING,No Aplica,No Aplica,No Aplica,No Aplica,VIGENCIA ACTUAL,ENTIDADES TERRITORIALES - ADMINISTRACION CENTRAL,NO APLICA,0,NO DEFINIDO,27481000.0,17686000.0,2021,Tercer Trimestre,,,,,,,,,,,,,,,,,,,,,,
1423415,20210601,218552585,Pupiales,2.1.1.01.01.001.10,VIATICOS DE LOS FUNCIONARIOS EN COMISION,GASTOS,FUNCIONAMIENTO,GASTOS DE PERSONAL,PLANTA DE PERSONAL PERMANENTE,FACTORES CONSTITUTIVOS DE SALARIO,FACTORES SALARIALES COMUNES,VIATICOS DE LOS FUNCIONARIOS EN COMISION,No Aplica,No Aplica,No Aplica,VIGENCIA ACTUAL,ENTIDADES TERRITORIALES - ADMINISTRACION CENTRAL,NO APLICA,0,NO DEFINIDO,26500000.0,9500000.0,2021,Segundo Trimestre,,,,,,,,,,,,,,,,,,,,,,
1432396,20230601,218552585,Pupiales,2.1.3.14.03,POR LA VENTA DE ACTIVOS,GASTOS,FUNCIONAMIENTO,TRANSFERENCIAS CORRIENTES,APORTES AL FONPET,POR LA VENTA DE ACTIVOS,No Aplica,No Aplica,No Aplica,No Aplica,No Aplica,VIGENCIA ACTUAL,ENTIDADES TERRITORIALES - ADMINISTRACION CENTRAL,NO APLICA,0,NO DEFINIDO,0.0,197028084.0,2023,Segundo Trimestre,,,,,,,,,,,,,,,,,,,,,,
1432942,20230601,218552585,Pupiales,2.1.2.02,ADQUISICIONES DIFERENTES DE ACTIVOS,GASTOS,FUNCIONAMIENTO,ADQUISICION DE BIENES Y SERVICIOS,ADQUISICIONES DIFERENTES DE ACTIVOS,No Aplica,No Aplica,No Aplica,No Aplica,No Aplica,No Aplica,VIGENCIA ACTUAL,ENTIDADES TERRITORIALES - ADMINISTRACION CENTRAL,NO DEFINIDO,,NO DEFINIDO,559000000.0,352971916.0,2023,Segundo Trimestre,,,,,,,,,,,,,,,,,,,,,,
1434791,20221201,218552585,Pupiales,2.1.1.01.01.001.08.01,PRIMA DE NAVIDAD,GASTOS,FUNCIONAMIENTO,GASTOS DE PERSONAL,PLANTA DE PERSONAL PERMANENTE,FACTORES CONSTITUTIVOS DE SALARIO,FACTORES SALARIALES COMUNES,PRESTACIONES SOCIALES,PRIMA DE NAVIDAD,No Aplica,No Aplica,VIGENCIA ACTUAL,ENTIDADES TERRITORIALES - ADMINISTRACION CENTRAL,NO APLICA,0,NO DEFINIDO,38300000.0,51868716.0,2022,Cuarto Trimestre,,,,,,,,,,,,,,,,,,,,,,
1435633,20230301,218552585,Pupiales,2.2.2.01.02.002.02.03,BANCA COMERCIAL,GASTOS,SERVICIO DE LA DEUDA PUBLICA,SERVICIO DE LA DEUDA PUBLICA INTERNA,PRINCIPAL,PRESTAMOS,ENTIDADES FINANCIERAS,BANCA COMERCIAL,BANCA COMERCIAL,No Aplica,No Aplica,VIGENCIA ACTUAL,ENTIDADES TERRITORIALES - ADMINISTRACION CENTRAL,NO APLICA,0,NO DEFINIDO,456000000.0,456000000.0,2023,Primer Trimestre,,,,,,,,,,,,,,,,,,,,,,
1436803,20221201,218552585,Pupiales,2.1.3.04.02,FEDERACION NACIONAL DE MUNICIPIOS,GASTOS,FUNCIONAMIENTO,TRANSFERENCIAS CORRIENTES,A ORGANIZACIONES NACIONALES,FEDERACION NACIONAL DE MUNICIPIOS,No Aplica,No Aplica,No Aplica,No Aplica,No Aplica,VIGENCIA ACTUAL,ENTIDADES TERRITORIALES - ADMINISTRACION CENTRAL,NO DEFINIDO,,NO DEFINIDO,1000.0,0.0,2022,Cuarto Trimestre,,,,,,,,,,,,,,,,,,,,,,
1440282,20221201,218552585,Pupiales,2.1.1.01.01.001.06,PRIMA DE SERVICIO,GASTOS,FUNCIONAMIENTO,GASTOS DE PERSONAL,PLANTA DE PERSONAL PERMANENTE,FACTORES CONSTITUTIVOS DE SALARIO,FACTORES SALARIALES COMUNES,PRIMA DE SERVICIO,No Aplica,No Aplica,No Aplica,VIGENCIA ACTUAL,ENTIDADES TERRITORIALES - ADMINISTRACION CENTRAL,NO APLICA,0,NO DEFINIDO,21650000.0,23023151.0,2022,Cuarto Trimestre,,,,,,,,,,,,,,,,,,,,,,
1441128,20210901,218552585,Pupiales,2.1.2.01,ADQUISICION DE ACTIVOS NO FINANCIEROS,GASTOS,FUNCIONAMIENTO,ADQUISICION DE BIENES Y SERVICIOS,ADQUISICION DE ACTIVOS NO FINANCIEROS,No Aplica,No Aplica,No Aplica,No Aplica,No Aplica,No Aplica,VIGENCIA ACTUAL,ENTIDADES TERRITORIALES - ADMINISTRACION CENTRAL,NO DEFINIDO,,NO DEFINIDO,40000000.0,23722392.0,2021,Tercer Trimestre,,,,,,,,,,,,,,,,,,,,,,
1444429,20210901,218552585,Pupiales,2.1.1.01.03.003,BONIFICACION DE DIRECCION PARA GOBERNADORES Y ALCALDES,GASTOS,FUNCIONAMIENTO,GASTOS DE PERSONAL,PLANTA DE PERSONAL PERMANENTE,REMUNERACIONES NO CONSTITUTIVAS DE FACTOR SALARIAL,BONIFICACION DE DIRECCION PARA GOBERNADORES Y ALCALDES,No Aplica,No Aplica,No Aplica,No Aplica,VIGENCIA ACTUAL,ENTIDADES TERRITORIALES - ADMINISTRACION CENTRAL,NO APLICA,0,NO DEFINIDO,36097447.0,26097447.0,2021,Tercer Trimestre,,,,,,,,,,,,,,,,,,,,,,
1446913,20210601,218552585,Pupiales,2.1.1.01.03.001,PRESTACIONES SOCIALES,GASTOS,FUNCIONAMIENTO,GASTOS DE PERSONAL,PLANTA DE PERSONAL PERMANENTE,REMUNERACIONES NO CONSTITUTIVAS DE FACTOR SALARIAL,PRESTACIONES SOCIALES,No Aplica,No Aplica,No Aplica,No Aplica,VIGENCIA ACTUAL,ENTIDADES TERRITORIALES - ADMINISTRACION CENTRAL,NO DEFINIDO,,NO DEFINIDO,30881722.0,30881722.0,2021,Segundo Trimestre,,,,,,,,,,,,,,,,,,,,,,
1448034,20230301,218552585,Pupiales,2.1.2,ADQUISICION DE BIENES Y SERVICIOS,GASTOS,FUNCIONAMIENTO,ADQUISICION DE BIENES Y SERVICIOS,No Aplica,No Aplica,No Aplica,No Aplica,No Aplica,No Aplica,No Aplica,VIGENCIA ACTUAL,ENTIDADES TERRITORIALES - ADMINISTRACION CENTRAL,NO DEFINIDO,,NO DEFINIDO,408924050.0,519631108.0,2023,Primer Trimestre,,,,,,,,,,,,,,,,,,,,,,
1449448,20210301,218552585,Pupiales,2.1.2.02,ADQUISICIONES DIFERENTES DE ACTIVOS,GASTOS,FUNCIONAMIENTO,ADQUISICION DE BIENES Y SERVICIOS,ADQUISICIONES DIFERENTES DE ACTIVOS,No Aplica,No Aplica,No Aplica,No Aplica,No Aplica,No Aplica,VIGENCIA ACTUAL,ENTIDADES TERRITORIALES - ADMINISTRACION CENTRAL,NO DEFINIDO,,NO DEFINIDO,608108132.0,638108132.0,2021,Primer Trimestre,,,,,,,,,,,,,,,,,,,,,,
1454198,20211201,218552585,Pupiales,2.1.2.02.02.007,SERVICIOS FINANCIEROS Y SERVICIOS CONEXOS; SERVICIOS INMOBILIARIOS; Y SERVICIOS DE ARRENDAMIENTO Y LEASING,GASTOS,FUNCIONAMIENTO,ADQUISICION DE BIENES Y SERVICIOS,ADQUISICIONES DIFERENTES DE ACTIVOS,ADQUISICION DE SERVICIOS,SERVICIOS FINANCIEROS Y SERVICIOS CONEXOS; SERVICIOS INMOBILIARIOS; Y SERVICIOS DE ARRENDAMIENTO Y LEASING,No Aplica,No Aplica,No Aplica,No Aplica,VIGENCIA ACTUAL,ENTIDADES TERRITORIALES - ADMINISTRACION CENTRAL,NO APLICA,0,NO DEFINIDO,27481000.0,14316481.0,2021,Cuarto Trimestre,,,,,,,,,,,,,,,,,,,,,,
1455404,20230301,218552585,Pupiales,2,GASTOS,GASTOS,No Aplica,No Aplica,No Aplica,No Aplica,No Aplica,No Aplica,No Aplica,No Aplica,No Aplica,VIGENCIA ACTUAL,ENTIDADES TERRITORIALES - CONCEJO,NO DEFINIDO,,NO DEFINIDO,161492000.0,173492000.0,2023,Primer Trimestre,,,,,,,,,,,,,,,,,,,,,,
1458177,20220601,218552585,Pupiales,2.1.1.01.03.006,HONORARIOS CONCEJALES,GASTOS,FUNCIONAMIENTO,GASTOS DE PERSONAL,PLANTA DE PERSONAL PERMANENTE,REMUNERACIONES NO CONSTITUTIVAS DE FACTOR SALARIAL,HONORARIOS CONCEJALES,No Aplica,No Aplica,No Aplica,No Aplica,VIGENCIA ACTUAL,ENTIDADES TERRITORIALES - CONCEJO,NO APLICA,0,NO DEFINIDO,213577650.0,213577650.0,2022,Segundo Trimestre,,,,,,,,,,,,,,,,,,,,,,
1459557,20210601,218552585,Pupiales,2.1.2.01.01.003.03,"MAQUINARIA DE OFICINA, CONTABILIDAD E INFORMATICA",GASTOS,FUNCIONAMIENTO,ADQUISICION DE BIENES Y SERVICIOS,ADQUISICION DE ACTIVOS NO FINANCIEROS,ACTIVOS FIJOS,MAQUINARIA Y EQUIPO,"MAQUINARIA DE OFICINA, CONTABILIDAD E INFORMATICA",No Aplica,No Aplica,No Aplica,VIGENCIA ACTUAL,ENTIDADES TERRITORIALES - ADMINISTRACION CENTRAL,NO DEFINIDO,,NO DEFINIDO,25500000.0,23222392.0,2021,Segundo Trimestre,,,,,,,,,,,,,,,,,,,,,,
1460874,20220301,218552585,Pupiales,2.1.2.01.01.004,ACTIVOS FIJOS NO CLASIFICADOS COMO MAQUINARIA Y EQUIPO,GASTOS,FUNCIONAMIENTO,ADQUISICION DE BIENES Y SERVICIOS,ADQUISICION DE ACTIVOS NO FINANCIEROS,ACTIVOS FIJOS,ACTIVOS FIJOS NO CLASIFICADOS COMO MAQUINARIA Y EQUIPO,No Aplica,No Aplica,No Aplica,No Aplica,VIGENCIA ACTUAL,ENTIDADES TERRITORIALES - ADMINISTRACION CENTRAL,NO DEFINIDO,,NO DEFINIDO,5000000.0,5000000.0,2022,Primer Trimestre,,,,,,,,,,,,,,,,,,,,,,
1463546,20220601,218552585,Pupiales,2.2,SERVICIO DE LA DEUDA PUBLICA,GASTOS,SERVICIO DE LA DEUDA PUBLICA,No Aplica,No Aplica,No Aplica,No Aplica,No Aplica,No Aplica,No Aplica,No Aplica,VIGENCIA ACTUAL,ENTIDADES TERRITORIALES - ADMINISTRACION CENTRAL,NO DEFINIDO,,NO DEFINIDO,616000100.0,526000100.0,2022,Segundo Trimestre,,,,,,,,,,,,,,,,,,,,,,
1469092,20220301,218552585,Pupiales,2.1.1.01.02.003,APORTES DE CESANTIAS,GASTOS,FUNCIONAMIENTO,GASTOS DE PERSONAL,PLANTA DE PERSONAL PERMANENTE,CONTRIBUCIONES INHERENTES A LA NOMINA,APORTES DE CESANTIAS,No Aplica,No Aplica,No Aplica,No Aplica,VIGENCIA ACTUAL,ENTIDADES TERRITORIALES - ADMINISTRACION CENTRAL,NO APLICA,0,NO DEFINIDO,97978550.0,97978550.0,2022,Primer Trimestre,,,,,,,,,,,,,,,,,,,,,,
1469423,20221201,218552585,Pupiales,2.1.1.01.01,FACTORES CONSTITUTIVOS DE SALARIO,GASTOS,FUNCIONAMIENTO,GASTOS DE PERSONAL,PLANTA DE PERSONAL PERMANENTE,FACTORES CONSTITUTIVOS DE SALARIO,No Aplica,No Aplica,No Aplica,No Aplica,No Aplica,VIGENCIA ACTUAL,ENTIDADES TERRITORIALES - PERSONERIA,NO DEFINIDO,,NO DEFINIDO,136278900.0,150000000.0,2022,Cuarto Trimestre,,,,,,,,,,,,,,,,,,,,,,
1472165,20221201,218552585,Pupiales,2.1.1.01.03.003,BONIFICACION DE DIRECCION PARA GOBERNADORES Y ALCALDES,GASTOS,FUNCIONAMIENTO,GASTOS DE PERSONAL,PLANTA DE PERSONAL PERMANENTE,REMUNERACIONES NO CONSTITUTIVAS DE FACTOR SALARIAL,BONIFICACION DE DIRECCION PARA GOBERNADORES Y ALCALDES,No Aplica,No Aplica,No Aplica,No Aplica,VIGENCIA ACTUAL,ENTIDADES TERRITORIALES - ADMINISTRACION CENTRAL,NO APLICA,0,NO DEFINIDO,38500000.0,37522711.0,2022,Cuarto Trimestre,,,,,,,,,,,,,,,,,,,,,,
1477013,20221201,218552585,Pupiales,2.1.1,GASTOS DE PERSONAL,GASTOS,FUNCIONAMIENTO,GASTOS DE PERSONAL,No Aplica,No Aplica,No Aplica,No Aplica,No Aplica,No Aplica,No Aplica,VIGENCIA ACTUAL,ENTIDADES TERRITORIALES - PERSONERIA,NO DEFINIDO,,NO DEFINIDO,136278900.0,150000000.0,2022,Cuarto Trimestre,,,,,,,,,,,,,,,,,,,,,,
1478635,20210301,218552585,Pupiales,2.1.1.01.02.003,APORTES DE CESANTIAS,GASTOS,FUNCIONAMIENTO,GASTOS DE PERSONAL,PLANTA DE PERSONAL PERMANENTE,CONTRIBUCIONES INHERENTES A LA NOMINA,APORTES DE CESANTIAS,No Aplica,No Aplica,No Aplica,No Aplica,VIGENCIA ACTUAL,ENTIDADES TERRITORIALES - ADMINISTRACION CENTRAL,NO APLICA,0,NO DEFINIDO,37100000.0,37100000.0,2021,Primer Trimestre,,,,,,,,,,,,,,,,,,,,,,
1489862,20220901,218552585,Pupiales,2.1.3.05.04.001,PARTICIPACIONES DE IMPUESTOS,GASTOS,FUNCIONAMIENTO,TRANSFERENCIAS CORRIENTES,A ENTIDADES DEL GOBIERNO,PARTICIPACIONES DISTINTAS DEL SGP,PARTICIPACIONES DE IMPUESTOS,No Aplica,No Aplica,No Aplica,No Aplica,VIGENCIA ACTUAL,ENTIDADES TERRITORIALES - ADMINISTRACION CENTRAL,NO DEFINIDO,,NO DEFINIDO,45000000.0,58304214.0,2022,Tercer Trimestre,,,,,,,,,,,,,,,,,,,,,,
1492595,20230301,218552585,Pupiales,2.1.1.01.01.001.06,PRIMA DE SERVICIO,GASTOS,FUNCIONAMIENTO,GASTOS DE PERSONAL,PLANTA DE PERSONAL PERMANENTE,FACTORES CONSTITUTIVOS DE SALARIO,FACTORES SALARIALES COMUNES,PRIMA DE SERVICIO,No Aplica,No Aplica,No Aplica,VIGENCIA ACTUAL,ENTIDADES TERRITORIALES - ADMINISTRACION CENTRAL,NO APLICA,0,NO DEFINIDO,15000000.0,16000000.0,2023,Primer Trimestre,,,,,,,,,,,,,,,,,,,,,,
1493412,20210301,218552585,Pupiales,2.1.1.01,PLANTA DE PERSONAL PERMANENTE,GASTOS,FUNCIONAMIENTO,GASTOS DE PERSONAL,PLANTA DE PERSONAL PERMANENTE,No Aplica,No Aplica,No Aplica,No Aplica,No Aplica,No Aplica,VIGENCIA ACTUAL,ENTIDADES TERRITORIALES - ADMINISTRACION CENTRAL,NO DEFINIDO,,NO DEFINIDO,900899093.0,870899093.0,2021,Primer Trimestre,,,,,,,,,,,,,,,,,,,,,,
1498453,20220901,218552585,Pupiales,2.1.1.01.02.002,APORTES A LA SEGURIDAD SOCIAL EN SALUD,GASTOS,FUNCIONAMIENTO,GASTOS DE PERSONAL,PLANTA DE PERSONAL PERMANENTE,CONTRIBUCIONES INHERENTES A LA NOMINA,APORTES A LA SEGURIDAD SOCIAL EN SALUD,No Aplica,No Aplica,No Aplica,No Aplica,VIGENCIA ACTUAL,ENTIDADES TERRITORIALES - ADMINISTRACION CENTRAL,NO APLICA,0,NO DEFINIDO,62000000.0,64817000.0,2022,Tercer Trimestre,,,,,,,,,,,,,,,,,,,,,,
1499330,20211201,218552585,Pupiales,2.1.2.02.02,ADQUISICION DE SERVICIOS,GASTOS,FUNCIONAMIENTO,ADQUISICION DE BIENES Y SERVICIOS,ADQUISICIONES DIFERENTES DE ACTIVOS,ADQUISICION DE SERVICIOS,No Aplica,No Aplica,No Aplica,No Aplica,No Aplica,VIGENCIA ACTUAL,ENTIDADES TERRITORIALES - ADMINISTRACION CENTRAL,NO DEFINIDO,,NO DEFINIDO,582608132.0,738978266.0,2021,Cuarto Trimestre,,,,,,,,,,,,,,,,,,,,,,
1501590,20220301,218552585,Pupiales,2.1.2.02.02.006,"COMERCIO Y DISTRIBUCION; ALOJAMIENTO; SERVICIOS DE SUMINISTRO DE COMIDAS Y BEBIDAS; SERVICIOS DE TRANSPORTE; Y SERVICIOS DE DISTRIBUCION DE ELECTRICIDAD, GAS Y AGUA",GASTOS,FUNCIONAMIENTO,ADQUISICION DE BIENES Y SERVICIOS,ADQUISICIONES DIFERENTES DE ACTIVOS,ADQUISICION DE SERVICIOS,"COMERCIO Y DISTRIBUCION; ALOJAMIENTO; SERVICIOS DE SUMINISTRO DE COMIDAS Y BEBIDAS; SERVICIOS DE TRANSPORTE; Y SERVICIOS DE DISTRIBUCION DE ELECTRICIDAD, GAS Y AGUA",No Aplica,No Aplica,No Aplica,No Aplica,VIGENCIA ACTUAL,ENTIDADES TERRITORIALES - ADMINISTRACION CENTRAL,NO APLICA,0,NO DEFINIDO,44363916.0,44363916.0,2022,Primer Trimestre,,,,,,,,,,,,,,,,,,,,,,
1502041,20220601,218552585,Pupiales,2.1.1.01.01.001.04,SUBSIDIO DE ALIMENTACION,GASTOS,FUNCIONAMIENTO,GASTOS DE PERSONAL,PLANTA DE PERSONAL PERMANENTE,FACTORES CONSTITUTIVOS DE SALARIO,FACTORES SALARIALES COMUNES,SUBSIDIO DE ALIMENTACION,No Aplica,No Aplica,No Aplica,VIGENCIA ACTUAL,ENTIDADES TERRITORIALES - ADMINISTRACION CENTRAL,NO APLICA,0,NO DEFINIDO,9000000.0,9000000.0,2022,Segundo Trimestre,,,,,,,,,,,,,,,,,,,,,,
1509920,20210601,218552585,Pupiales,2.1.1.01.03.003,BONIFICACION DE DIRECCION PARA GOBERNADORES Y ALCALDES,GASTOS,FUNCIONAMIENTO,GASTOS DE PERSONAL,PLANTA DE PERSONAL PERMANENTE,REMUNERACIONES NO CONSTITUTIVAS DE FACTOR SALARIAL,BONIFICACION DE DIRECCION PARA GOBERNADORES Y ALCALDES,No Aplica,No Aplica,No Aplica,No Aplica,VIGENCIA ACTUAL,ENTIDADES TERRITORIALES - ADMINISTRACION CENTRAL,NO APLICA,0,NO DEFINIDO,36097447.0,26097447.0,2021,Segundo Trimestre,,,,,,,,,,,,,,,,,,,,,,
1511151,20211201,218552585,Pupiales,2.1.2.01.01,ACTIVOS FIJOS,GASTOS,FUNCIONAMIENTO,ADQUISICION DE BIENES Y SERVICIOS,ADQUISICION DE ACTIVOS NO FINANCIEROS,ACTIVOS FIJOS,No Aplica,No Aplica,No Aplica,No Aplica,No Aplica,VIGENCIA ACTUAL,ENTIDADES TERRITORIALES - ADMINISTRACION CENTRAL,NO DEFINIDO,,NO DEFINIDO,40000000.0,23200000.0,2021,Cuarto Trimestre,,,,,,,,,,,,,,,,,,,,,,
1511618,20230601,218552585,Pupiales,2,GASTOS,GASTOS,No Aplica,No Aplica,No Aplica,No Aplica,No Aplica,No Aplica,No Aplica,No Aplica,No Aplica,VIGENCIA ACTUAL,ENTIDADES TERRITORIALES - CONCEJO,NO DEFINIDO,,NO DEFINIDO,216511000.0,216511000.0,2023,Segundo Trimestre,,,,,,,,,,,,,,,,,,,,,,
1512579,20210301,218552585,Pupiales,2.1.1.01.02.005,APORTES GENERALES AL SISTEMA DE RIESGOS LABORALES,GASTOS,FUNCIONAMIENTO,GASTOS DE PERSONAL,PLANTA DE PERSONAL PERMANENTE,CONTRIBUCIONES INHERENTES A LA NOMINA,APORTES GENERALES AL SISTEMA DE RIESGOS LABORALES,No Aplica,No Aplica,No Aplica,No Aplica,VIGENCIA ACTUAL,ENTIDADES TERRITORIALES - ADMINISTRACION CENTRAL,NO APLICA,0,NO DEFINIDO,3710000.0,3710000.0,2021,Primer Trimestre,,,,,,,,,,,,,,,,,,,,,,
1516443,20220301,218552585,Pupiales,2.1.2.02.02,ADQUISICION DE SERVICIOS,GASTOS,FUNCIONAMIENTO,ADQUISICION DE BIENES Y SERVICIOS,ADQUISICIONES DIFERENTES DE ACTIVOS,ADQUISICION DE SERVICIOS,No Aplica,No Aplica,No Aplica,No Aplica,No Aplica,VIGENCIA ACTUAL,ENTIDADES TERRITORIALES - ADMINISTRACION CENTRAL,NO DEFINIDO,,NO DEFINIDO,595364916.0,605364916.0,2022,Primer Trimestre,,,,,,,,,,,,,,,,,,,,,,
1520150,20230601,218552585,Pupiales,2.1.1.01,PLANTA DE PERSONAL PERMANENTE,GASTOS,FUNCIONAMIENTO,GASTOS DE PERSONAL,PLANTA DE PERSONAL PERMANENTE,No Aplica,No Aplica,No Aplica,No Aplica,No Aplica,No Aplica,VIGENCIA ACTUAL,ENTIDADES TERRITORIALES - CONCEJO,NO DEFINIDO,,NO DEFINIDO,206511000.0,206511000.0,2023,Segundo Trimestre,,,,,,,,,,,,,,,,,,,,,,
1521100,20230601,218552585,Pupiales,2.1.1.01.01.001.01,SUELDO BASICO,GASTOS,FUNCIONAMIENTO,GASTOS DE PERSONAL,PLANTA DE PERSONAL PERMANENTE,FACTORES CONSTITUTIVOS DE SALARIO,FACTORES SALARIALES COMUNES,SUELDO BASICO,No Aplica,No Aplica,No Aplica,VIGENCIA ACTUAL,ENTIDADES TERRITORIALES - ADMINISTRACION CENTRAL,NO APLICA,0,NO DEFINIDO,601000000.0,595727000.0,2023,Segundo Trimestre,,,,,,,,,,,,,,,,,,,,,,
1522626,20230301,218552585,Pupiales,2.1.8.01.14,GRAVAMEN A LOS MOVIMIENTOS FINANCIEROS,GASTOS,FUNCIONAMIENTO,"GASTOS POR TRIBUTOS, TASAS, CONTRIBUCIONES, MULTAS, SANCIONES E INTERESES DE MORA",IMPUESTOS,GRAVAMEN A LOS MOVIMIENTOS FINANCIEROS,No Aplica,No Aplica,No Aplica,No Aplica,No Aplica,VIGENCIA ACTUAL,ENTIDADES TERRITORIALES - ADMINISTRACION CENTRAL,NO APLICA,0,NO DEFINIDO,11000000.0,11000000.0,2023,Primer Trimestre,,,,,,,,,,,,,,,,,,,,,,
1522997,20221201,218552585,Pupiales,2.1.2.01.01.003.03.01,"MAQUINAS PARA OFICINA Y CONTABILIDAD, Y SUS PARTES Y ACCESORIOS",GASTOS,FUNCIONAMIENTO,ADQUISICION DE BIENES Y SERVICIOS,ADQUISICION DE ACTIVOS NO FINANCIEROS,ACTIVOS FIJOS,MAQUINARIA Y EQUIPO,"MAQUINARIA DE OFICINA, CONTABILIDAD E INFORMATICA","MAQUINAS PARA OFICINA Y CONTABILIDAD, Y SUS PARTES Y ACCESORIOS",No Aplica,No Aplica,VIGENCIA ACTUAL,ENTIDADES TERRITORIALES - ADMINISTRACION CENTRAL,NO APLICA,0,NO DEFINIDO,15000000.0,0.0,2022,Cuarto Trimestre,,,,,,,,,,,,,,,,,,,,,,
1524270,20210901,218552585,Pupiales,2.2.2.01.02,PRESTAMOS,GASTOS,SERVICIO DE LA DEUDA PUBLICA,SERVICIO DE LA DEUDA PUBLICA INTERNA,PRINCIPAL,PRESTAMOS,No Aplica,No Aplica,No Aplica,No Aplica,No Aplica,VIGENCIA ACTUAL,ENTIDADES TERRITORIALES - ADMINISTRACION CENTRAL,NO DEFINIDO,,NO DEFINIDO,123631944.0,123631944.0,2021,Tercer Trimestre,,,,,,,,,,,,,,,,,,,,,,
1526489,20220901,218552585,Pupiales,2.2.2.02.02.002,ENTIDADES FINANCIERAS,GASTOS,SERVICIO DE LA DEUDA PUBLICA,SERVICIO DE LA DEUDA PUBLICA INTERNA,INTERESES,PRESTAMOS,ENTIDADES FINANCIERAS,No Aplica,No Aplica,No Aplica,No Aplica,VIGENCIA ACTUAL,ENTIDADES TERRITORIALES - ADMINISTRACION CENTRAL,NO DEFINIDO,,NO DEFINIDO,96000000.0,119000000.0,2022,Tercer Trimestre,,,,,,,,,,,,,,,,,,,,,,
1527679,20210901,218552585,Pupiales,2.2.2.01.02.002,ENTIDADES FINANCIERAS,GASTOS,SERVICIO DE LA DEUDA PUBLICA,SERVICIO DE LA DEUDA PUBLICA INTERNA,PRINCIPAL,PRESTAMOS,ENTIDADES FINANCIERAS,No Aplica,No Aplica,No Aplica,No Aplica,VIGENCIA ACTUAL,ENTIDADES TERRITORIALES - ADMINISTRACION CENTRAL,NO DEFINIDO,,NO DEFINIDO,123631944.0,123631944.0,2021,Tercer Trimestre,,,,,,,,,,,,,,,,,,,,,,
1530286,20220301,218552585,Pupiales,2.1.1.01.01.001.08,PRESTACIONES SOCIALES,GASTOS,FUNCIONAMIENTO,GASTOS DE PERSONAL,PLANTA DE PERSONAL PERMANENTE,FACTORES CONSTITUTIVOS DE SALARIO,FACTORES SALARIALES COMUNES,PRESTACIONES SOCIALES,No Aplica,No Aplica,No Aplica,VIGENCIA ACTUAL,ENTIDADES TERRITORIALES - ADMINISTRACION CENTRAL,NO DEFINIDO,,NO DEFINIDO,57800000.0,57800000.0,2022,Primer Trimestre,,,,,,,,,,,,,,,,,,,,,,
1533016,20220301,218552585,Pupiales,2.1.1.01.02.009,APORTES A ESCUELAS INDUSTRIALES E INSTITUTOS TECNICOS,GASTOS,FUNCIONAMIENTO,GASTOS DE PERSONAL,PLANTA DE PERSONAL PERMANENTE,CONTRIBUCIONES INHERENTES A LA NOMINA,APORTES A ESCUELAS INDUSTRIALES E INSTITUTOS TECNICOS,No Aplica,No Aplica,No Aplica,No Aplica,VIGENCIA ACTUAL,ENTIDADES TERRITORIALES - ADMINISTRACION CENTRAL,NO APLICA,0,NO DEFINIDO,5000000.0,5000000.0,2022,Primer Trimestre,,,,,,,,,,,,,,,,,,,,,,
1533823,20221201,218552585,Pupiales,2.1.1.01.03.006,HONORARIOS CONCEJALES,GASTOS,FUNCIONAMIENTO,GASTOS DE PERSONAL,PLANTA DE PERSONAL PERMANENTE,REMUNERACIONES NO CONSTITUTIVAS DE FACTOR SALARIAL,HONORARIOS CONCEJALES,No Aplica,No Aplica,No Aplica,No Aplica,VIGENCIA ACTUAL,ENTIDADES TERRITORIALES - CONCEJO,NO APLICA,0,NO DEFINIDO,213577650.0,126360699.0,2022,Cuarto Trimestre,,,,,,,,,,,,,,,,,,,,,,
1535883,20220301,218552585,Pupiales,2.1.1.01.02.001,APORTES A LA SEGURIDAD SOCIAL EN PENSIONES,GASTOS,FUNCIONAMIENTO,GASTOS DE PERSONAL,PLANTA DE PERSONAL PERMANENTE,CONTRIBUCIONES INHERENTES A LA NOMINA,APORTES A LA SEGURIDAD SOCIAL EN PENSIONES,No Aplica,No Aplica,No Aplica,No Aplica,VIGENCIA ACTUAL,ENTIDADES TERRITORIALES - ADMINISTRACION CENTRAL,NO APLICA,0,NO DEFINIDO,70000000.0,70000000.0,2022,Primer Trimestre,,,,,,,,,,,,,,,,,,,,,,
1536680,20210901,218552585,Pupiales,2.1.1.01.03.001.03,BONIFICACION ESPECIAL DE RECREACION,GASTOS,FUNCIONAMIENTO,GASTOS DE PERSONAL,PLANTA DE PERSONAL PERMANENTE,REMUNERACIONES NO CONSTITUTIVAS DE FACTOR SALARIAL,PRESTACIONES SOCIALES,BONIFICACION ESPECIAL DE RECREACION,No Aplica,No Aplica,No Aplica,VIGENCIA ACTUAL,ENTIDADES TERRITORIALES - ADMINISTRACION CENTRAL,NO APLICA,0,NO DEFINIDO,7420000.0,7420000.0,2021,Tercer Trimestre,,,,,,,,,,,,,,,,,,,,,,
1537679,20230601,218552585,Pupiales,2.1.3.13,SENTENCIAS Y CONCILIACIONES,GASTOS,FUNCIONAMIENTO,TRANSFERENCIAS CORRIENTES,SENTENCIAS Y CONCILIACIONES,No Aplica,No Aplica,No Aplica,No Aplica,No Aplica,No Aplica,VIGENCIA ACTUAL,ENTIDADES TERRITORIALES - ADMINISTRACION CENTRAL,NO DEFINIDO,,NO DEFINIDO,0.0,5273000.0,2023,Segundo Trimestre,,,,,,,,,,,,,,,,,,,,,,
1539463,20211201,218552585,Pupiales,2.1.1.01.01.001.01,SUELDO BASICO,GASTOS,FUNCIONAMIENTO,GASTOS DE PERSONAL,PLANTA DE PERSONAL PERMANENTE,FACTORES CONSTITUTIVOS DE SALARIO,FACTORES SALARIALES COMUNES,SUELDO BASICO,No Aplica,No Aplica,No Aplica,VIGENCIA ACTUAL,ENTIDADES TERRITORIALES - PERSONERIA,NO APLICA,0,NO DEFINIDO,131670450.0,136278900.0,2021,Cuarto Trimestre,,,,,,,,,,,,,,,,,,,,,,
1540124,20230301,218552585,Pupiales,2.1.3.05.04,PARTICIPACIONES DISTINTAS DEL SGP,GASTOS,FUNCIONAMIENTO,TRANSFERENCIAS CORRIENTES,A ENTIDADES DEL GOBIERNO,PARTICIPACIONES DISTINTAS DEL SGP,No Aplica,No Aplica,No Aplica,No Aplica,No Aplica,CUENTAS POR PAGAR,ENTIDADES TERRITORIALES - ADMINISTRACION CENTRAL,NO DEFINIDO,,NO DEFINIDO,481959.0,481959.0,2023,Primer Trimestre,,,,,,,,,,,,,,,,,,,,,,
1543270,20210901,218552585,Pupiales,2.1.1.01.01.001.08.02,PRIMA DE VACACIONES,GASTOS,FUNCIONAMIENTO,GASTOS DE PERSONAL,PLANTA DE PERSONAL PERMANENTE,FACTORES CONSTITUTIVOS DE SALARIO,FACTORES SALARIALES COMUNES,PRESTACIONES SOCIALES,PRIMA DE VACACIONES,No Aplica,No Aplica,VIGENCIA ACTUAL,ENTIDADES TERRITORIALES - ADMINISTRACION CENTRAL,NO APLICA,0,NO DEFINIDO,31800000.0,26700000.0,2021,Tercer Trimestre,,,,,,,,,,,,,,,,,,,,,,
1546566,20220901,218552585,Pupiales,2.2.2,SERVICIO DE LA DEUDA PUBLICA INTERNA,GASTOS,SERVICIO DE LA DEUDA PUBLICA,SERVICIO DE LA DEUDA PUBLICA INTERNA,No Aplica,No Aplica,No Aplica,No Aplica,No Aplica,No Aplica,No Aplica,VIGENCIA ACTUAL,ENTIDADES TERRITORIALES - ADMINISTRACION CENTRAL,NO DEFINIDO,,NO DEFINIDO,616000100.0,526000100.0,2022,Tercer Trimestre,,,,,,,,,,,,,,,,,,,,,,
1555042,20210901,218552585,Pupiales,2.1.3.04.02.002,DISTINTAS A MEMBRESIAS,GASTOS,FUNCIONAMIENTO,TRANSFERENCIAS CORRIENTES,A ORGANIZACIONES NACIONALES,FEDERACION NACIONAL DE MUNICIPIOS,DISTINTAS A MEMBRESIAS,No Aplica,No Aplica,No Aplica,No Aplica,VIGENCIA ACTUAL,ENTIDADES TERRITORIALES - ADMINISTRACION CENTRAL,NO APLICA,0,NO DEFINIDO,1000.0,1000.0,2021,Tercer Trimestre,,,,,,,,,,,,,,,,,,,,,,
1555629,20220601,218552585,Pupiales,2.1.3.05.04.001,PARTICIPACIONES DE IMPUESTOS,GASTOS,FUNCIONAMIENTO,TRANSFERENCIAS CORRIENTES,A ENTIDADES DEL GOBIERNO,PARTICIPACIONES DISTINTAS DEL SGP,PARTICIPACIONES DE IMPUESTOS,No Aplica,No Aplica,No Aplica,No Aplica,VIGENCIA ACTUAL,ENTIDADES TERRITORIALES - ADMINISTRACION CENTRAL,NO DEFINIDO,,NO DEFINIDO,45000000.0,45000000.0,2022,Segundo Trimestre,,,,,,,,,,,,,,,,,,,,,,
1564552,20230301,218552585,Pupiales,2.1.2.02.01.000,"AGRICULTURA, SILVICULTURA Y PRODUCTOS DE LA PESCA",GASTOS,FUNCIONAMIENTO,ADQUISICION DE BIENES Y SERVICIOS,ADQUISICIONES DIFERENTES DE ACTIVOS,MATERIALES Y SUMINISTROS,"AGRICULTURA, SILVICULTURA Y PRODUCTOS DE LA PESCA",No Aplica,No Aplica,No Aplica,No Aplica,VIGENCIA ACTUAL,ENTIDADES TERRITORIALES - ADMINISTRACION CENTRAL,NO APLICA,0,NO DEFINIDO,1000000.0,1000000.0,2023,Primer Trimestre,,,,,,,,,,,,,,,,,,,,,,
1570777,20211201,218552585,Pupiales,2.1.1.01.02,CONTRIBUCIONES INHERENTES A LA NOMINA,GASTOS,FUNCIONAMIENTO,GASTOS DE PERSONAL,PLANTA DE PERSONAL PERMANENTE,CONTRIBUCIONES INHERENTES A LA NOMINA,No Aplica,No Aplica,No Aplica,No Aplica,No Aplica,VIGENCIA ACTUAL,ENTIDADES TERRITORIALES - ADMINISTRACION CENTRAL,NO DEFINIDO,,NO DEFINIDO,211732245.0,221426239.0,2021,Cuarto Trimestre,,,,,,,,,,,,,,,,,,,,,,
1572427,20210601,218552585,Pupiales,2.1,FUNCIONAMIENTO,GASTOS,FUNCIONAMIENTO,No Aplica,No Aplica,No Aplica,No Aplica,No Aplica,No Aplica,No Aplica,No Aplica,VIGENCIA ACTUAL,ENTIDADES TERRITORIALES - ADMINISTRACION CENTRAL,NO DEFINIDO,,NO DEFINIDO,1549008225.0,1479730617.0,2021,Segundo Trimestre,,,,,,,,,,,,,,,,,,,,,,
1574282,20210601,218552585,Pupiales,2.1.1.01.01.001.06,PRIMA DE SERVICIO,GASTOS,FUNCIONAMIENTO,GASTOS DE PERSONAL,PLANTA DE PERSONAL PERMANENTE,FACTORES CONSTITUTIVOS DE SALARIO,FACTORES SALARIALES COMUNES,PRIMA DE SERVICIO,No Aplica,No Aplica,No Aplica,VIGENCIA ACTUAL,ENTIDADES TERRITORIALES - ADMINISTRACION CENTRAL,NO APLICA,0,NO DEFINIDO,31800000.0,21000000.0,2021,Segundo Trimestre,,,,,,,,,,,,,,,,,,,,,,
1588828,20210901,218552585,Pupiales,2.1.1.01.02.007,APORTES AL SENA,GASTOS,FUNCIONAMIENTO,GASTOS DE PERSONAL,PLANTA DE PERSONAL PERMANENTE,CONTRIBUCIONES INHERENTES A LA NOMINA,APORTES AL SENA,No Aplica,No Aplica,No Aplica,No Aplica,VIGENCIA ACTUAL,ENTIDADES TERRITORIALES - ADMINISTRACION CENTRAL,NO APLICA,0,NO DEFINIDO,3581184.0,3081184.0,2021,Tercer Trimestre,,,,,,,,,,,,,,,,,,,,,,
1590767,20210901,218552585,Pupiales,2.1.2.02.01,MATERIALES Y SUMINISTROS,GASTOS,FUNCIONAMIENTO,ADQUISICION DE BIENES Y SERVICIOS,ADQUISICIONES DIFERENTES DE ACTIVOS,MATERIALES Y SUMINISTROS,No Aplica,No Aplica,No Aplica,No Aplica,No Aplica,VIGENCIA ACTUAL,ENTIDADES TERRITORIALES - ADMINISTRACION CENTRAL,NO DEFINIDO,,NO DEFINIDO,25500000.0,42525000.0,2021,Tercer Trimestre,,,,,,,,,,,,,,,,,,,,,,
1590970,20221201,218552585,Pupiales,2.1.1.01.01.001,FACTORES SALARIALES COMUNES,GASTOS,FUNCIONAMIENTO,GASTOS DE PERSONAL,PLANTA DE PERSONAL PERMANENTE,FACTORES CONSTITUTIVOS DE SALARIO,FACTORES SALARIALES COMUNES,No Aplica,No Aplica,No Aplica,No Aplica,VIGENCIA ACTUAL,ENTIDADES TERRITORIALES - CONCEJO,NO DEFINIDO,,NO DEFINIDO,54511560.0,60000000.0,2022,Cuarto Trimestre,,,,,,,,,,,,,,,,,,,,,,
1592380,20210601,218552585,Pupiales,2.1.2.02,ADQUISICIONES DIFERENTES DE ACTIVOS,GASTOS,FUNCIONAMIENTO,ADQUISICION DE BIENES Y SERVICIOS,ADQUISICIONES DIFERENTES DE ACTIVOS,No Aplica,No Aplica,No Aplica,No Aplica,No Aplica,No Aplica,VIGENCIA ACTUAL,ENTIDADES TERRITORIALES - ADMINISTRACION CENTRAL,NO DEFINIDO,,NO DEFINIDO,608108132.0,633408132.0,2021,Segundo Trimestre,,,,,,,,,,,,,,,,,,,,,,
1595064,20210301,218552585,Pupiales,2.1.1.01.02.008,APORTES A LA ESAP,GASTOS,FUNCIONAMIENTO,GASTOS DE PERSONAL,PLANTA DE PERSONAL PERMANENTE,CONTRIBUCIONES INHERENTES A LA NOMINA,APORTES A LA ESAP,No Aplica,No Aplica,No Aplica,No Aplica,VIGENCIA ACTUAL,ENTIDADES TERRITORIALES - ADMINISTRACION CENTRAL,NO APLICA,0,NO DEFINIDO,3581184.0,3581184.0,2021,Primer Trimestre,,,,,,,,,,,,,,,,,,,,,,
1597133,20210301,218552585,Pupiales,2.1.1.01.03.003,BONIFICACION DE DIRECCION PARA GOBERNADORES Y ALCALDES,GASTOS,FUNCIONAMIENTO,GASTOS DE PERSONAL,PLANTA DE PERSONAL PERMANENTE,REMUNERACIONES NO CONSTITUTIVAS DE FACTOR SALARIAL,BONIFICACION DE DIRECCION PARA GOBERNADORES Y ALCALDES,No Aplica,No Aplica,No Aplica,No Aplica,VIGENCIA ACTUAL,ENTIDADES TERRITORIALES - ADMINISTRACION CENTRAL,NO APLICA,0,NO DEFINIDO,36097447.0,36097447.0,2021,Primer Trimestre,,,,,,,,,,,,,,,,,,,,,,
1597146,20220901,218552585,Pupiales,2.1.1.01.01.001.06,PRIMA DE SERVICIO,GASTOS,FUNCIONAMIENTO,GASTOS DE PERSONAL,PLANTA DE PERSONAL PERMANENTE,FACTORES CONSTITUTIVOS DE SALARIO,FACTORES SALARIALES COMUNES,PRIMA DE SERVICIO,No Aplica,No Aplica,No Aplica,VIGENCIA ACTUAL,ENTIDADES TERRITORIALES - ADMINISTRACION CENTRAL,NO APLICA,0,NO DEFINIDO,21650000.0,23023151.0,2022,Tercer Trimestre,,,,,,,,,,,,,,,,,,,,,,
1598496,20210901,218552585,Pupiales,2.1.1.01.02.005,APORTES GENERALES AL SISTEMA DE RIESGOS LABORALES,GASTOS,FUNCIONAMIENTO,GASTOS DE PERSONAL,PLANTA DE PERSONAL PERMANENTE,CONTRIBUCIONES INHERENTES A LA NOMINA,APORTES GENERALES AL SISTEMA DE RIESGOS LABORALES,No Aplica,No Aplica,No Aplica,No Aplica,VIGENCIA ACTUAL,ENTIDADES TERRITORIALES - ADMINISTRACION CENTRAL,NO APLICA,0,NO DEFINIDO,3710000.0,6310000.0,2021,Tercer Trimestre,,,,,,,,,,,,,,,,,,,,,,
1598571,20211201,218552585,Pupiales,2.2.2.01.02.002.02,BANCA COMERCIAL,GASTOS,SERVICIO DE LA DEUDA PUBLICA,SERVICIO DE LA DEUDA PUBLICA INTERNA,PRINCIPAL,PRESTAMOS,ENTIDADES FINANCIERAS,BANCA COMERCIAL,No Aplica,No Aplica,No Aplica,VIGENCIA ACTUAL,ENTIDADES TERRITORIALES - ADMINISTRACION CENTRAL,NO DEFINIDO,,NO DEFINIDO,123631944.0,208474166.0,2021,Cuarto Trimestre,,,,,,,,,,,,,,,,,,,,,,
1600203,20230601,218552585,Pupiales,2.1.2.01,ADQUISICION DE ACTIVOS NO FINANCIEROS,GASTOS,FUNCIONAMIENTO,ADQUISICION DE BIENES Y SERVICIOS,ADQUISICION DE ACTIVOS NO FINANCIEROS,No Aplica,No Aplica,No Aplica,No Aplica,No Aplica,No Aplica,VIGENCIA ACTUAL,ENTIDADES TERRITORIALES - ADMINISTRACION CENTRAL,NO DEFINIDO,,NO DEFINIDO,6000000.0,23000000.0,2023,Segundo Trimestre,,,,,,,,,,,,,,,,,,,,,,
1600516,20211201,218552585,Pupiales,2.1.3.04.02.002,DISTINTAS A MEMBRESIAS,GASTOS,FUNCIONAMIENTO,TRANSFERENCIAS CORRIENTES,A ORGANIZACIONES NACIONALES,FEDERACION NACIONAL DE MUNICIPIOS,DISTINTAS A MEMBRESIAS,No Aplica,No Aplica,No Aplica,No Aplica,VIGENCIA ACTUAL,ENTIDADES TERRITORIALES - ADMINISTRACION CENTRAL,NO APLICA,0,NO DEFINIDO,1000.0,1000.0,2021,Cuarto Trimestre,,,,,,,,,,,,,,,,,,,,,,
1605992,20210601,218552585,Pupiales,2.1.1,GASTOS DE PERSONAL,GASTOS,FUNCIONAMIENTO,GASTOS DE PERSONAL,No Aplica,No Aplica,No Aplica,No Aplica,No Aplica,No Aplica,No Aplica,VIGENCIA ACTUAL,ENTIDADES TERRITORIALES - PERSONERIA,NO DEFINIDO,,NO DEFINIDO,131670450.0,131670450.0,2021,Segundo Trimestre,,,,,,,,,,,,,,,,,,,,,,
1608647,20220601,218552585,Pupiales,2.1.1.01.02.009,APORTES A ESCUELAS INDUSTRIALES E INSTITUTOS TECNICOS,GASTOS,FUNCIONAMIENTO,GASTOS DE PERSONAL,PLANTA DE PERSONAL PERMANENTE,CONTRIBUCIONES INHERENTES A LA NOMINA,APORTES A ESCUELAS INDUSTRIALES E INSTITUTOS TECNICOS,No Aplica,No Aplica,No Aplica,No Aplica,VIGENCIA ACTUAL,ENTIDADES TERRITORIALES - ADMINISTRACION CENTRAL,NO APLICA,0,NO DEFINIDO,5000000.0,5000000.0,2022,Segundo Trimestre,,,,,,,,,,,,,,,,,,,,,,
1612901,20230601,218552585,Pupiales,2.1.2.02.02.009,"SERVICIOS PARA LA COMUNIDAD, SOCIALES Y PERSONALES",GASTOS,FUNCIONAMIENTO,ADQUISICION DE BIENES Y SERVICIOS,ADQUISICIONES DIFERENTES DE ACTIVOS,ADQUISICION DE SERVICIOS,"SERVICIOS PARA LA COMUNIDAD, SOCIALES Y PERSONALES",No Aplica,No Aplica,No Aplica,No Aplica,VIGENCIA ACTUAL,ENTIDADES TERRITORIALES - ADMINISTRACION CENTRAL,NO APLICA,0,NO DEFINIDO,457000000.0,240491916.0,2023,Segundo Trimestre,,,,,,,,,,,,,,,,,,,,,,
1613063,20221201,218552585,Pupiales,2.1.2.02.02,ADQUISICION DE SERVICIOS,GASTOS,FUNCIONAMIENTO,ADQUISICION DE BIENES Y SERVICIOS,ADQUISICIONES DIFERENTES DE ACTIVOS,ADQUISICION DE SERVICIOS,No Aplica,No Aplica,No Aplica,No Aplica,No Aplica,VIGENCIA ACTUAL,ENTIDADES TERRITORIALES - ADMINISTRACION CENTRAL,NO DEFINIDO,,NO DEFINIDO,595364916.0,725187026.0,2022,Cuarto Trimestre,,,,,,,,,,,,,,,,,,,,,,
1615085,20220301,218552585,Pupiales,2.1.1.01.03.006,HONORARIOS CONCEJALES,GASTOS,FUNCIONAMIENTO,GASTOS DE PERSONAL,PLANTA DE PERSONAL PERMANENTE,REMUNERACIONES NO CONSTITUTIVAS DE FACTOR SALARIAL,HONORARIOS CONCEJALES,No Aplica,No Aplica,No Aplica,No Aplica,VIGENCIA ACTUAL,ENTIDADES TERRITORIALES - CONCEJO,NO APLICA,0,NO DEFINIDO,213577650.0,213577650.0,2022,Primer Trimestre,,,,,,,,,,,,,,,,,,,,,,
1616203,20210901,218552585,Pupiales,2.1.1.01.01,FACTORES CONSTITUTIVOS DE SALARIO,GASTOS,FUNCIONAMIENTO,GASTOS DE PERSONAL,PLANTA DE PERSONAL PERMANENTE,FACTORES CONSTITUTIVOS DE SALARIO,No Aplica,No Aplica,No Aplica,No Aplica,No Aplica,VIGENCIA ACTUAL,ENTIDADES TERRITORIALES - CONCEJO,NO DEFINIDO,,NO DEFINIDO,39598642.0,80140792.0,2021,Tercer Trimestre,,,,,,,,,,,,,,,,,,,,,,
1616592,20210601,218552585,Pupiales,2.1.1.01.03.001.01,VACACIONES,GASTOS,FUNCIONAMIENTO,GASTOS DE PERSONAL,PLANTA DE PERSONAL PERMANENTE,REMUNERACIONES NO CONSTITUTIVAS DE FACTOR SALARIAL,PRESTACIONES SOCIALES,VACACIONES,No Aplica,No Aplica,No Aplica,VIGENCIA ACTUAL,ENTIDADES TERRITORIALES - ADMINISTRACION CENTRAL,NO APLICA,0,NO DEFINIDO,13961722.0,13961722.0,2021,Segundo Trimestre,,,,,,,,,,,,,,,,,,,,,,
1621069,20210301,218552585,Pupiales,2.2.2.02.02,PRESTAMOS,GASTOS,SERVICIO DE LA DEUDA PUBLICA,SERVICIO DE LA DEUDA PUBLICA INTERNA,INTERESES,PRESTAMOS,No Aplica,No Aplica,No Aplica,No Aplica,No Aplica,VIGENCIA ACTUAL,ENTIDADES TERRITORIALES - ADMINISTRACION CENTRAL,NO DEFINIDO,,NO DEFINIDO,38344686.0,38344686.0,2021,Primer Trimestre,,,,,,,,,,,,,,,,,,,,,,
1623671,20221201,218552585,Pupiales,2.1.2.02.01,MATERIALES Y SUMINISTROS,GASTOS,FUNCIONAMIENTO,ADQUISICION DE BIENES Y SERVICIOS,ADQUISICIONES DIFERENTES DE ACTIVOS,MATERIALES Y SUMINISTROS,No Aplica,No Aplica,No Aplica,No Aplica,No Aplica,VIGENCIA ACTUAL,ENTIDADES TERRITORIALES - ADMINISTRACION CENTRAL,NO DEFINIDO,,NO DEFINIDO,56000000.0,53604884.0,2022,Cuarto Trimestre,,,,,,,,,,,,,,,,,,,,,,
1624022,20220301,218552585,Pupiales,2.1.1.01.01.001.08.02,PRIMA DE VACACIONES,GASTOS,FUNCIONAMIENTO,GASTOS DE PERSONAL,PLANTA DE PERSONAL PERMANENTE,FACTORES CONSTITUTIVOS DE SALARIO,FACTORES SALARIALES COMUNES,PRESTACIONES SOCIALES,PRIMA DE VACACIONES,No Aplica,No Aplica,VIGENCIA ACTUAL,ENTIDADES TERRITORIALES - ADMINISTRACION CENTRAL,NO APLICA,0,NO DEFINIDO,19500000.0,19500000.0,2022,Primer Trimestre,,,,,,,,,,,,,,,,,,,,,,
1626451,20230601,218552585,Pupiales,2.1.1.01.02.007,APORTES AL SENA,GASTOS,FUNCIONAMIENTO,GASTOS DE PERSONAL,PLANTA DE PERSONAL PERMANENTE,CONTRIBUCIONES INHERENTES A LA NOMINA,APORTES AL SENA,No Aplica,No Aplica,No Aplica,No Aplica,VIGENCIA ACTUAL,ENTIDADES TERRITORIALES - ADMINISTRACION CENTRAL,NO APLICA,0,NO DEFINIDO,3000000.0,3000000.0,2023,Segundo Trimestre,,,,,,,,,,,,,,,,,,,,,,
1630165,20230301,218552585,Pupiales,2.2.2.01.02,PRESTAMOS,GASTOS,SERVICIO DE LA DEUDA PUBLICA,SERVICIO DE LA DEUDA PUBLICA INTERNA,PRINCIPAL,PRESTAMOS,No Aplica,No Aplica,No Aplica,No Aplica,No Aplica,VIGENCIA ACTUAL,ENTIDADES TERRITORIALES - ADMINISTRACION CENTRAL,NO DEFINIDO,,NO DEFINIDO,456000000.0,456000000.0,2023,Primer Trimestre,,,,,,,,,,,,,,,,,,,,,,
1630513,20221201,218552585,Pupiales,2.1.1.01.02.009,APORTES A ESCUELAS INDUSTRIALES E INSTITUTOS TECNICOS,GASTOS,FUNCIONAMIENTO,GASTOS DE PERSONAL,PLANTA DE PERSONAL PERMANENTE,CONTRIBUCIONES INHERENTES A LA NOMINA,APORTES A ESCUELAS INDUSTRIALES E INSTITUTOS TECNICOS,No Aplica,No Aplica,No Aplica,No Aplica,VIGENCIA ACTUAL,ENTIDADES TERRITORIALES - ADMINISTRACION CENTRAL,NO APLICA,0,NO DEFINIDO,5000000.0,5461862.0,2022,Cuarto Trimestre,,,,,,,,,,,,,,,,,,,,,,
1631884,20220901,218552585,Pupiales,2.2.2.01,PRINCIPAL,GASTOS,SERVICIO DE LA DEUDA PUBLICA,SERVICIO DE LA DEUDA PUBLICA INTERNA,PRINCIPAL,No Aplica,No Aplica,No Aplica,No Aplica,No Aplica,No Aplica,VIGENCIA ACTUAL,ENTIDADES TERRITORIALES - ADMINISTRACION CENTRAL,NO DEFINIDO,,NO DEFINIDO,520000100.0,407000100.0,2022,Tercer Trimestre,,,,,,,,,,,,,,,,,,,,,,
1631892,20220601,218552585,Pupiales,2.1.1,GASTOS DE PERSONAL,GASTOS,FUNCIONAMIENTO,GASTOS DE PERSONAL,No Aplica,No Aplica,No Aplica,No Aplica,No Aplica,No Aplica,No Aplica,VIGENCIA ACTUAL,ENTIDADES TERRITORIALES - CONCEJO,NO DEFINIDO,,NO DEFINIDO,268089210.0,273577650.0,2022,Segundo Trimestre,,,,,,,,,,,,,,,,,,,,,,
1634147,20221201,218552585,Pupiales,2.1.2.01,ADQUISICION DE ACTIVOS NO FINANCIEROS,GASTOS,FUNCIONAMIENTO,ADQUISICION DE BIENES Y SERVICIOS,ADQUISICION DE ACTIVOS NO FINANCIEROS,No Aplica,No Aplica,No Aplica,No Aplica,No Aplica,No Aplica,VIGENCIA ACTUAL,ENTIDADES TERRITORIALES - ADMINISTRACION CENTRAL,NO DEFINIDO,,NO DEFINIDO,20000000.0,0.0,2022,Cuarto Trimestre,,,,,,,,,,,,,,,,,,,,,,
1634506,20210301,218552585,Pupiales,2.2.2.02.02.002.02.03,BANCA COMERCIAL,GASTOS,SERVICIO DE LA DEUDA PUBLICA,SERVICIO DE LA DEUDA PUBLICA INTERNA,INTERESES,PRESTAMOS,ENTIDADES FINANCIERAS,BANCA COMERCIAL,BANCA COMERCIAL,No Aplica,No Aplica,VIGENCIA ACTUAL,ENTIDADES TERRITORIALES - ADMINISTRACION CENTRAL,NO APLICA,0,NO DEFINIDO,38344686.0,38344686.0,2021,Primer Trimestre,,,,,,,,,,,,,,,,,,,,,,
1636737,20221201,218552585,Pupiales,2.1.1.01.02.008,APORTES A LA ESAP,GASTOS,FUNCIONAMIENTO,GASTOS DE PERSONAL,PLANTA DE PERSONAL PERMANENTE,CONTRIBUCIONES INHERENTES A LA NOMINA,APORTES A LA ESAP,No Aplica,No Aplica,No Aplica,No Aplica,VIGENCIA ACTUAL,ENTIDADES TERRITORIALES - ADMINISTRACION CENTRAL,NO APLICA,0,NO DEFINIDO,2500000.0,2630855.0,2022,Cuarto Trimestre,,,,,,,,,,,,,,,,,,,,,,
1639024,20210301,218552585,Pupiales,2.1,FUNCIONAMIENTO,GASTOS,FUNCIONAMIENTO,No Aplica,No Aplica,No Aplica,No Aplica,No Aplica,No Aplica,No Aplica,No Aplica,VIGENCIA ACTUAL,ENTIDADES TERRITORIALES - CONCEJO,NO DEFINIDO,,NO DEFINIDO,249787522.0,249787522.0,2021,Primer Trimestre,,,,,,,,,,,,,,,,,,,,,,
1642738,20210301,218552585,Pupiales,2.2.2.02.02.002.02,BANCA COMERCIAL,GASTOS,SERVICIO DE LA DEUDA PUBLICA,SERVICIO DE LA DEUDA PUBLICA INTERNA,INTERESES,PRESTAMOS,ENTIDADES FINANCIERAS,BANCA COMERCIAL,No Aplica,No Aplica,No Aplica,VIGENCIA ACTUAL,ENTIDADES TERRITORIALES - ADMINISTRACION CENTRAL,NO DEFINIDO,,NO DEFINIDO,38344686.0,38344686.0,2021,Primer Trimestre,,,,,,,,,,,,,,,,,,,,,,
1643463,20230601,218552585,Pupiales,2.1.1.01.02.003,APORTES DE CESANTIAS,GASTOS,FUNCIONAMIENTO,GASTOS DE PERSONAL,PLANTA DE PERSONAL PERMANENTE,CONTRIBUCIONES INHERENTES A LA NOMINA,APORTES DE CESANTIAS,No Aplica,No Aplica,No Aplica,No Aplica,CUENTAS POR PAGAR,ENTIDADES TERRITORIALES - ADMINISTRACION CENTRAL,NO APLICA,0,NO DEFINIDO,11427199.0,11427199.0,2023,Segundo Trimestre,,,,,,,,,,,,,,,,,,,,,,
1648614,20210301,218552585,Pupiales,2.2.2.01.02.002.02.03,BANCA COMERCIAL,GASTOS,SERVICIO DE LA DEUDA PUBLICA,SERVICIO DE LA DEUDA PUBLICA INTERNA,PRINCIPAL,PRESTAMOS,ENTIDADES FINANCIERAS,BANCA COMERCIAL,BANCA COMERCIAL,No Aplica,No Aplica,VIGENCIA ACTUAL,ENTIDADES TERRITORIALES - ADMINISTRACION CENTRAL,NO APLICA,0,NO DEFINIDO,123631944.0,123631944.0,2021,Primer Trimestre,,,,,,,,,,,,,,,,,,,,,,
1650320,20230601,218552585,Pupiales,2.1.1.01.01.001.05,AUXILIO DE TRANSPORTE,GASTOS,FUNCIONAMIENTO,GASTOS DE PERSONAL,PLANTA DE PERSONAL PERMANENTE,FACTORES CONSTITUTIVOS DE SALARIO,FACTORES SALARIALES COMUNES,AUXILIO DE TRANSPORTE,No Aplica,No Aplica,No Aplica,VIGENCIA ACTUAL,ENTIDADES TERRITORIALES - ADMINISTRACION CENTRAL,NO APLICA,0,NO DEFINIDO,19500000.0,19500000.0,2023,Segundo Trimestre,,,,,,,,,,,,,,,,,,,,,,
1650577,20220601,218552585,Pupiales,2.1.1.01.01.001,FACTORES SALARIALES COMUNES,GASTOS,FUNCIONAMIENTO,GASTOS DE PERSONAL,PLANTA DE PERSONAL PERMANENTE,FACTORES CONSTITUTIVOS DE SALARIO,FACTORES SALARIALES COMUNES,No Aplica,No Aplica,No Aplica,No Aplica,VIGENCIA ACTUAL,ENTIDADES TERRITORIALES - PERSONERIA,NO DEFINIDO,,NO DEFINIDO,136278900.0,150000000.0,2022,Segundo Trimestre,,,,,,,,,,,,,,,,,,,,,,
1653764,20220901,218552585,Pupiales,2.1.2.01.01.003,MAQUINARIA Y EQUIPO,GASTOS,FUNCIONAMIENTO,ADQUISICION DE BIENES Y SERVICIOS,ADQUISICION DE ACTIVOS NO FINANCIEROS,ACTIVOS FIJOS,MAQUINARIA Y EQUIPO,No Aplica,No Aplica,No Aplica,No Aplica,VIGENCIA ACTUAL,ENTIDADES TERRITORIALES - ADMINISTRACION CENTRAL,NO DEFINIDO,,NO DEFINIDO,15000000.0,3445420.0,2022,Tercer Trimestre,,,,,,,,,,,,,,,,,,,,,,
1654423,20210301,218552585,Pupiales,2.1.1.01.02.007,APORTES AL SENA,GASTOS,FUNCIONAMIENTO,GASTOS DE PERSONAL,PLANTA DE PERSONAL PERMANENTE,CONTRIBUCIONES INHERENTES A LA NOMINA,APORTES AL SENA,No Aplica,No Aplica,No Aplica,No Aplica,VIGENCIA ACTUAL,ENTIDADES TERRITORIALES - ADMINISTRACION CENTRAL,NO APLICA,0,NO DEFINIDO,3581184.0,3581184.0,2021,Primer Trimestre,,,,,,,,,,,,,,,,,,,,,,
1655331,20211201,218552585,Pupiales,2.1.3.05.01.063,TRANSFERENCIA A LA POLICIA NACIONAL POR MULTAS CODIGO NACIONAL DE SEGURIDAD Y CONVIVENCIA,GASTOS,FUNCIONAMIENTO,TRANSFERENCIAS CORRIENTES,A ENTIDADES DEL GOBIERNO,A ORGANOS DEL PGN,TRANSFERENCIA A LA POLICIA NACIONAL POR MULTAS CODIGO NACIONAL DE SEGURIDAD Y CONVIVENCIA,No Aplica,No Aplica,No Aplica,No Aplica,VIGENCIA ACTUAL,ENTIDADES TERRITORIALES - ADMINISTRACION CENTRAL,NO APLICA,0,NO DEFINIDO,5501000.0,5501000.0,2021,Cuarto Trimestre,,,,,,,,,,,,,,,,,,,,,,
1657090,20230601,218552585,Pupiales,2.2.2.01.02.002,ENTIDADES FINANCIERAS,GASTOS,SERVICIO DE LA DEUDA PUBLICA,SERVICIO DE LA DEUDA PUBLICA INTERNA,PRINCIPAL,PRESTAMOS,ENTIDADES FINANCIERAS,No Aplica,No Aplica,No Aplica,No Aplica,VIGENCIA ACTUAL,ENTIDADES TERRITORIALES - ADMINISTRACION CENTRAL,NO DEFINIDO,,NO DEFINIDO,379197251.0,379197251.0,2023,Segundo Trimestre,,,,,,,,,,,,,,,,,,,,,,
1658348,20221201,218552585,Pupiales,2.1.1.01.01.001.01,SUELDO BASICO,GASTOS,FUNCIONAMIENTO,GASTOS DE PERSONAL,PLANTA DE PERSONAL PERMANENTE,FACTORES CONSTITUTIVOS DE SALARIO,FACTORES SALARIALES COMUNES,SUELDO BASICO,No Aplica,No Aplica,No Aplica,VIGENCIA ACTUAL,ENTIDADES TERRITORIALES - PERSONERIA,NO APLICA,0,NO DEFINIDO,136278900.0,150000000.0,2022,Cuarto Trimestre,,,,,,,,,,,,,,,,,,,,,,
1659399,20220901,218552585,Pupiales,2.1.2.01.01.004,ACTIVOS FIJOS NO CLASIFICADOS COMO MAQUINARIA Y EQUIPO,GASTOS,FUNCIONAMIENTO,ADQUISICION DE BIENES Y SERVICIOS,ADQUISICION DE ACTIVOS NO FINANCIEROS,ACTIVOS FIJOS,ACTIVOS FIJOS NO CLASIFICADOS COMO MAQUINARIA Y EQUIPO,No Aplica,No Aplica,No Aplica,No Aplica,VIGENCIA ACTUAL,ENTIDADES TERRITORIALES - ADMINISTRACION CENTRAL,NO DEFINIDO,,NO DEFINIDO,5000000.0,5000000.0,2022,Tercer Trimestre,,,,,,,,,,,,,,,,,,,,,,
1659636,20220301,218552585,Pupiales,2.1.1.01,PLANTA DE PERSONAL PERMANENTE,GASTOS,FUNCIONAMIENTO,GASTOS DE PERSONAL,PLANTA DE PERSONAL PERMANENTE,No Aplica,No Aplica,No Aplica,No Aplica,No Aplica,No Aplica,VIGENCIA ACTUAL,ENTIDADES TERRITORIALES - PERSONERIA,NO DEFINIDO,,NO DEFINIDO,136278900.0,136278900.0,2022,Primer Trimestre,,,,,,,,,,,,,,,,,,,,,,
1662131,20230601,218552585,Pupiales,2.1.1.01.01,FACTORES CONSTITUTIVOS DE SALARIO,GASTOS,FUNCIONAMIENTO,GASTOS DE PERSONAL,PLANTA DE PERSONAL PERMANENTE,FACTORES CONSTITUTIVOS DE SALARIO,No Aplica,No Aplica,No Aplica,No Aplica,No Aplica,VIGENCIA ACTUAL,ENTIDADES TERRITORIALES - CONCEJO,NO DEFINIDO,,NO DEFINIDO,69600000.0,69600000.0,2023,Segundo Trimestre,,,,,,,,,,,,,,,,,,,,,,
1662971,20220901,218552585,Pupiales,2.1.1.01.01.001.08.02,PRIMA DE VACACIONES,GASTOS,FUNCIONAMIENTO,GASTOS DE PERSONAL,PLANTA DE PERSONAL PERMANENTE,FACTORES CONSTITUTIVOS DE SALARIO,FACTORES SALARIALES COMUNES,PRESTACIONES SOCIALES,PRIMA DE VACACIONES,No Aplica,No Aplica,VIGENCIA ACTUAL,ENTIDADES TERRITORIALES - ADMINISTRACION CENTRAL,NO APLICA,0,NO DEFINIDO,19500000.0,23696639.0,2022,Tercer Trimestre,,,,,,,,,,,,,,,,,,,,,,
1665681,20230301,218552585,Pupiales,2.1.1,GASTOS DE PERSONAL,GASTOS,FUNCIONAMIENTO,GASTOS DE PERSONAL,No Aplica,No Aplica,No Aplica,No Aplica,No Aplica,No Aplica,No Aplica,VIGENCIA ACTUAL,ENTIDADES TERRITORIALES - ADMINISTRACION CENTRAL,NO DEFINIDO,,NO DEFINIDO,720396800.0,781398143.0,2023,Primer Trimestre,,,,,,,,,,,,,,,,,,,,,,
1668013,20220601,218552585,Pupiales,2,GASTOS,GASTOS,No Aplica,No Aplica,No Aplica,No Aplica,No Aplica,No Aplica,No Aplica,No Aplica,No Aplica,VIGENCIA ACTUAL,ENTIDADES TERRITORIALES - ADMINISTRACION CENTRAL,NO DEFINIDO,,NO DEFINIDO,22674407740.0,24848266764.0,2022,Segundo Trimestre,,,,,,,,,,,,,,,,,,,,,,
1669279,20210601,218552585,Pupiales,2.1.1.01.01.001.04,SUBSIDIO DE ALIMENTACION,GASTOS,FUNCIONAMIENTO,GASTOS DE PERSONAL,PLANTA DE PERSONAL PERMANENTE,FACTORES CONSTITUTIVOS DE SALARIO,FACTORES SALARIALES COMUNES,SUBSIDIO DE ALIMENTACION,No Aplica,No Aplica,No Aplica,VIGENCIA ACTUAL,ENTIDADES TERRITORIALES - ADMINISTRACION CENTRAL,NO APLICA,0,NO DEFINIDO,9540000.0,9540000.0,2021,Segundo Trimestre,,,,,,,,,,,,,,,,,,,,,,
1670314,20230301,218552585,Pupiales,2.1.2.02.02.007,SERVICIOS FINANCIEROS Y SERVICIOS CONEXOS; SERVICIOS INMOBILIARIOS; Y SERVICIOS DE ARRENDAMIENTO Y LEASING,GASTOS,FUNCIONAMIENTO,ADQUISICION DE BIENES Y SERVICIOS,ADQUISICIONES DIFERENTES DE ACTIVOS,ADQUISICION DE SERVICIOS,SERVICIOS FINANCIEROS Y SERVICIOS CONEXOS; SERVICIOS INMOBILIARIOS; Y SERVICIOS DE ARRENDAMIENTO Y LEASING,No Aplica,No Aplica,No Aplica,No Aplica,VIGENCIA ACTUAL,ENTIDADES TERRITORIALES - ADMINISTRACION CENTRAL,NO APLICA,0,NO DEFINIDO,20000000.0,20000000.0,2023,Primer Trimestre,,,,,,,,,,,,,,,,,,,,,,
1675661,20221201,218552585,Pupiales,2.1.3.14.05,APORTES VOLUNTARIOS,GASTOS,FUNCIONAMIENTO,TRANSFERENCIAS CORRIENTES,APORTES AL FONPET,APORTES VOLUNTARIOS,No Aplica,No Aplica,No Aplica,No Aplica,No Aplica,VIGENCIA ACTUAL,ENTIDADES TERRITORIALES - ADMINISTRACION CENTRAL,NO APLICA,0,NO DEFINIDO,109245366.0,135334345.0,2022,Cuarto Trimestre,,,,,,,,,,,,,,,,,,,,,,
1676702,20210901,218552585,Pupiales,2,GASTOS,GASTOS,No Aplica,No Aplica,No Aplica,No Aplica,No Aplica,No Aplica,No Aplica,No Aplica,No Aplica,VIGENCIA ACTUAL,ENTIDADES TERRITORIALES - ADMINISTRACION CENTRAL,NO DEFINIDO,,NO DEFINIDO,21052515998.0,25538774029.0,2021,Tercer Trimestre,,,,,,,,,,,,,,,,,,,,,,
1677278,20220601,218552585,Pupiales,2.1.3.13.01.001,SENTENCIAS,GASTOS,FUNCIONAMIENTO,TRANSFERENCIAS CORRIENTES,SENTENCIAS Y CONCILIACIONES,FALLOS NACIONALES,SENTENCIAS,No Aplica,No Aplica,No Aplica,No Aplica,VIGENCIA ACTUAL,ENTIDADES TERRITORIALES - ADMINISTRACION CENTRAL,NO APLICA,0,NO DEFINIDO,0.0,14000000.0,2022,Segundo Trimestre,,,,,,,,,,,,,,,,,,,,,,
1679677,20220901,218552585,Pupiales,2.1.3.14.05,APORTES VOLUNTARIOS,GASTOS,FUNCIONAMIENTO,TRANSFERENCIAS CORRIENTES,APORTES AL FONPET,APORTES VOLUNTARIOS,No Aplica,No Aplica,No Aplica,No Aplica,No Aplica,VIGENCIA ACTUAL,ENTIDADES TERRITORIALES - ADMINISTRACION CENTRAL,NO APLICA,0,NO DEFINIDO,109245366.0,135334345.0,2022,Tercer Trimestre,,,,,,,,,,,,,,,,,,,,,,
1680840,20210901,218552585,Pupiales,2.1,FUNCIONAMIENTO,GASTOS,FUNCIONAMIENTO,No Aplica,No Aplica,No Aplica,No Aplica,No Aplica,No Aplica,No Aplica,No Aplica,VIGENCIA ACTUAL,ENTIDADES TERRITORIALES - PERSONERIA,NO DEFINIDO,,NO DEFINIDO,131670450.0,131670450.0,2021,Tercer Trimestre,,,,,,,,,,,,,,,,,,,,,,
1684328,20211201,218552585,Pupiales,2.1.1.01.01.001,FACTORES SALARIALES COMUNES,GASTOS,FUNCIONAMIENTO,GASTOS DE PERSONAL,PLANTA DE PERSONAL PERMANENTE,FACTORES CONSTITUTIVOS DE SALARIO,FACTORES SALARIALES COMUNES,No Aplica,No Aplica,No Aplica,No Aplica,VIGENCIA ACTUAL,ENTIDADES TERRITORIALES - ADMINISTRACION CENTRAL,NO DEFINIDO,,NO DEFINIDO,615419528.0,624165502.0,2021,Cuarto Trimestre,,,,,,,,,,,,,,,,,,,,,,
1689479,20221201,218552585,Pupiales,2.1.3,TRANSFERENCIAS CORRIENTES,GASTOS,FUNCIONAMIENTO,TRANSFERENCIAS CORRIENTES,No Aplica,No Aplica,No Aplica,No Aplica,No Aplica,No Aplica,No Aplica,VIGENCIA ACTUAL,ENTIDADES TERRITORIALES - ADMINISTRACION CENTRAL,NO DEFINIDO,,NO DEFINIDO,154246366.0,214583594.0,2022,Cuarto Trimestre,,,,,,,,,,,,,,,,,,,,,,
1692778,20210601,218552585,Pupiales,2.1.3.04,A ORGANIZACIONES NACIONALES,GASTOS,FUNCIONAMIENTO,TRANSFERENCIAS CORRIENTES,A ORGANIZACIONES NACIONALES,No Aplica,No Aplica,No Aplica,No Aplica,No Aplica,No Aplica,VIGENCIA ACTUAL,ENTIDADES TERRITORIALES - ADMINISTRACION CENTRAL,NO DEFINIDO,,NO DEFINIDO,1000.0,1000.0,2021,Segundo Trimestre,,,,,,,,,,,,,,,,,,,,,,
1695538,20210601,218552585,Pupiales,2.2.2.01.02.002.02,BANCA COMERCIAL,GASTOS,SERVICIO DE LA DEUDA PUBLICA,SERVICIO DE LA DEUDA PUBLICA INTERNA,PRINCIPAL,PRESTAMOS,ENTIDADES FINANCIERAS,BANCA COMERCIAL,No Aplica,No Aplica,No Aplica,VIGENCIA ACTUAL,ENTIDADES TERRITORIALES - ADMINISTRACION CENTRAL,NO DEFINIDO,,NO DEFINIDO,123631944.0,123631944.0,2021,Segundo Trimestre,,,,,,,,,,,,,,,,,,,,,,
1696872,20230601,218552585,Pupiales,2.1.2.02.02,ADQUISICION DE SERVICIOS,GASTOS,FUNCIONAMIENTO,ADQUISICION DE BIENES Y SERVICIOS,ADQUISICIONES DIFERENTES DE ACTIVOS,ADQUISICION DE SERVICIOS,No Aplica,No Aplica,No Aplica,No Aplica,No Aplica,CUENTAS POR PAGAR,ENTIDADES TERRITORIALES - ADMINISTRACION CENTRAL,NO DEFINIDO,,NO DEFINIDO,2200000.0,2200000.0,2023,Segundo Trimestre,,,,,,,,,,,,,,,,,,,,,,
1700642,20210301,218552585,Pupiales,2.1.1.01.02.004,APORTES A CAJAS DE COMPENSACION FAMILIAR,GASTOS,FUNCIONAMIENTO,GASTOS DE PERSONAL,PLANTA DE PERSONAL PERMANENTE,CONTRIBUCIONES INHERENTES A LA NOMINA,APORTES A CAJAS DE COMPENSACION FAMILIAR,No Aplica,No Aplica,No Aplica,No Aplica,VIGENCIA ACTUAL,ENTIDADES TERRITORIALES - ADMINISTRACION CENTRAL,NO APLICA,0,NO DEFINIDO,28651096.0,28651096.0,2021,Primer Trimestre,,,,,,,,,,,,,,,,,,,,,,
1701427,20220601,218552585,Pupiales,2.1.1.01.02.001,APORTES A LA SEGURIDAD SOCIAL EN PENSIONES,GASTOS,FUNCIONAMIENTO,GASTOS DE PERSONAL,PLANTA DE PERSONAL PERMANENTE,CONTRIBUCIONES INHERENTES A LA NOMINA,APORTES A LA SEGURIDAD SOCIAL EN PENSIONES,No Aplica,No Aplica,No Aplica,No Aplica,VIGENCIA ACTUAL,ENTIDADES TERRITORIALES - ADMINISTRACION CENTRAL,NO APLICA,0,NO DEFINIDO,70000000.0,70000000.0,2022,Segundo Trimestre,,,,,,,,,,,,,,,,,,,,,,
1710110,20210901,218552585,Pupiales,2.1.1.01.02.002,APORTES A LA SEGURIDAD SOCIAL EN SALUD,GASTOS,FUNCIONAMIENTO,GASTOS DE PERSONAL,PLANTA DE PERSONAL PERMANENTE,CONTRIBUCIONES INHERENTES A LA NOMINA,APORTES A LA SEGURIDAD SOCIAL EN SALUD,No Aplica,No Aplica,No Aplica,No Aplica,VIGENCIA ACTUAL,ENTIDADES TERRITORIALES - ADMINISTRACION CENTRAL,NO APLICA,0,NO DEFINIDO,51293051.0,51847051.0,2021,Tercer Trimestre,,,,,,,,,,,,,,,,,,,,,,
1710667,20210301,218552585,Pupiales,2.1.3,TRANSFERENCIAS CORRIENTES,GASTOS,FUNCIONAMIENTO,TRANSFERENCIAS CORRIENTES,No Aplica,No Aplica,No Aplica,No Aplica,No Aplica,No Aplica,No Aplica,VIGENCIA ACTUAL,ENTIDADES TERRITORIALES - ADMINISTRACION CENTRAL,NO DEFINIDO,,NO DEFINIDO,1000.0,1000.0,2021,Primer Trimestre,,,,,,,,,,,,,,,,,,,,,,
1713019,20220601,218552585,Pupiales,2.2.2.02.02.002.02.03,BANCA COMERCIAL,GASTOS,SERVICIO DE LA DEUDA PUBLICA,SERVICIO DE LA DEUDA PUBLICA INTERNA,INTERESES,PRESTAMOS,ENTIDADES FINANCIERAS,BANCA COMERCIAL,BANCA COMERCIAL,No Aplica,No Aplica,VIGENCIA ACTUAL,ENTIDADES TERRITORIALES - ADMINISTRACION CENTRAL,NO APLICA,0,NO DEFINIDO,96000000.0,119000000.0,2022,Segundo Trimestre,,,,,,,,,,,,,,,,,,,,,,
1718569,20220601,218552585,Pupiales,2.1.3.14,APORTES AL FONPET,GASTOS,FUNCIONAMIENTO,TRANSFERENCIAS CORRIENTES,APORTES AL FONPET,No Aplica,No Aplica,No Aplica,No Aplica,No Aplica,No Aplica,VIGENCIA ACTUAL,ENTIDADES TERRITORIALES - ADMINISTRACION CENTRAL,NO DEFINIDO,,NO DEFINIDO,109245366.0,135334345.0,2022,Segundo Trimestre,,,,,,,,,,,,,,,,,,,,,,
1718896,20220301,218552585,Pupiales,2.1.1.01.01,FACTORES CONSTITUTIVOS DE SALARIO,GASTOS,FUNCIONAMIENTO,GASTOS DE PERSONAL,PLANTA DE PERSONAL PERMANENTE,FACTORES CONSTITUTIVOS DE SALARIO,No Aplica,No Aplica,No Aplica,No Aplica,No Aplica,VIGENCIA ACTUAL,ENTIDADES TERRITORIALES - ADMINISTRACION CENTRAL,NO DEFINIDO,,NO DEFINIDO,526650000.0,502650000.0,2022,Primer Trimestre,,,,,,,,,,,,,,,,,,,,,,
1727141,20230301,218552585,Pupiales,2.1.1.01.03.001.01,VACACIONES,GASTOS,FUNCIONAMIENTO,GASTOS DE PERSONAL,PLANTA DE PERSONAL PERMANENTE,REMUNERACIONES NO CONSTITUTIVAS DE FACTOR SALARIAL,PRESTACIONES SOCIALES,VACACIONES,No Aplica,No Aplica,No Aplica,VIGENCIA ACTUAL,ENTIDADES TERRITORIALES - ADMINISTRACION CENTRAL,NO APLICA,0,NO DEFINIDO,2000.0,2000.0,2023,Primer Trimestre,,,,,,,,,,,,,,,,,,,,,,
1730291,20220901,218552585,Pupiales,2.2.2.01.02.002,ENTIDADES FINANCIERAS,GASTOS,SERVICIO DE LA DEUDA PUBLICA,SERVICIO DE LA DEUDA PUBLICA INTERNA,PRINCIPAL,PRESTAMOS,ENTIDADES FINANCIERAS,No Aplica,No Aplica,No Aplica,No Aplica,VIGENCIA ACTUAL,ENTIDADES TERRITORIALES - ADMINISTRACION CENTRAL,NO DEFINIDO,,NO DEFINIDO,520000100.0,407000100.0,2022,Tercer Trimestre,,,,,,,,,,,,,,,,,,,,,,
1730680,20221201,218552585,Pupiales,2.2,SERVICIO DE LA DEUDA PUBLICA,GASTOS,SERVICIO DE LA DEUDA PUBLICA,No Aplica,No Aplica,No Aplica,No Aplica,No Aplica,No Aplica,No Aplica,No Aplica,VIGENCIA ACTUAL,ENTIDADES TERRITORIALES - ADMINISTRACION CENTRAL,NO DEFINIDO,,NO DEFINIDO,616000100.0,532814937.0,2022,Cuarto Trimestre,,,,,,,,,,,,,,,,,,,,,,
1735140,20230301,218552585,Pupiales,2.1.1.01.03.001.03,BONIFICACION ESPECIAL DE RECREACION,GASTOS,FUNCIONAMIENTO,GASTOS DE PERSONAL,PLANTA DE PERSONAL PERMANENTE,REMUNERACIONES NO CONSTITUTIVAS DE FACTOR SALARIAL,PRESTACIONES SOCIALES,BONIFICACION ESPECIAL DE RECREACION,No Aplica,No Aplica,No Aplica,VIGENCIA ACTUAL,ENTIDADES TERRITORIALES - ADMINISTRACION CENTRAL,NO APLICA,0,NO DEFINIDO,8000000.0,8000000.0,2023,Primer Trimestre,,,,,,,,,,,,,,,,,,,,,,
1735967,20220901,218552585,Pupiales,2.2.2.02,INTERESES,GASTOS,SERVICIO DE LA DEUDA PUBLICA,SERVICIO DE LA DEUDA PUBLICA INTERNA,INTERESES,No Aplica,No Aplica,No Aplica,No Aplica,No Aplica,No Aplica,VIGENCIA ACTUAL,ENTIDADES TERRITORIALES - ADMINISTRACION CENTRAL,NO DEFINIDO,,NO DEFINIDO,96000000.0,119000000.0,2022,Tercer Trimestre,,,,,,,,,,,,,,,,,,,,,,
1740317,20211201,218552585,Pupiales,2.1.3.09.16,SOBRETASA BOMBERILCUERPOS DE BOMBEROS VOLUNTARIOS,GASTOS,FUNCIONAMIENTO,TRANSFERENCIAS CORRIENTES,A INSTITUCIONES SIN ANIMO DE LUCRO QUE SIRVEN A LOS HOGARES,SOBRETASA BOMBERILCUERPOS DE BOMBEROS VOLUNTARIOS,No Aplica,No Aplica,No Aplica,No Aplica,No Aplica,VIGENCIA ACTUAL,ENTIDADES TERRITORIALES - ADMINISTRACION CENTRAL,NO APLICA,0,NO DEFINIDO,10000000.0,13389129.0,2021,Cuarto Trimestre,,,,,,,,,,,,,,,,,,,,,,
1743847,20230301,218552585,Pupiales,2.1.2.02.01.002,"PRODUCTOS ALIMENTICIOS, BEBIDAS Y TABACO, TEXTILES, PRENDAS DE VESTIR Y PRODUCTOS DE CUERO",GASTOS,FUNCIONAMIENTO,ADQUISICION DE BIENES Y SERVICIOS,ADQUISICIONES DIFERENTES DE ACTIVOS,MATERIALES Y SUMINISTROS,"PRODUCTOS ALIMENTICIOS, BEBIDAS Y TABACO, TEXTILES, PRENDAS DE VESTIR Y PRODUCTOS DE CUERO",No Aplica,No Aplica,No Aplica,No Aplica,VIGENCIA ACTUAL,ENTIDADES TERRITORIALES - ADMINISTRACION CENTRAL,NO APLICA,0,NO DEFINIDO,5000000.0,5000000.0,2023,Primer Trimestre,,,,,,,,,,,,,,,,,,,,,,
1746064,20221201,218552585,Pupiales,2.1.1.01.01.001.08.02,PRIMA DE VACACIONES,GASTOS,FUNCIONAMIENTO,GASTOS DE PERSONAL,PLANTA DE PERSONAL PERMANENTE,FACTORES CONSTITUTIVOS DE SALARIO,FACTORES SALARIALES COMUNES,PRESTACIONES SOCIALES,PRIMA DE VACACIONES,No Aplica,No Aplica,VIGENCIA ACTUAL,ENTIDADES TERRITORIALES - ADMINISTRACION CENTRAL,NO APLICA,0,NO DEFINIDO,19500000.0,26607127.0,2022,Cuarto Trimestre,,,,,,,,,,,,,,,,,,,,,,
1746450,20230301,218552585,Pupiales,2.1,FUNCIONAMIENTO,GASTOS,FUNCIONAMIENTO,No Aplica,No Aplica,No Aplica,No Aplica,No Aplica,No Aplica,No Aplica,No Aplica,VIGENCIA ACTUAL,ENTIDADES TERRITORIALES - CONCEJO,NO DEFINIDO,,NO DEFINIDO,161492000.0,173492000.0,2023,Primer Trimestre,,,,,,,,,,,,,,,,,,,,,,
1748400,20211201,218552585,Pupiales,2.1.1,GASTOS DE PERSONAL,GASTOS,FUNCIONAMIENTO,GASTOS DE PERSONAL,No Aplica,No Aplica,No Aplica,No Aplica,No Aplica,No Aplica,No Aplica,VIGENCIA ACTUAL,ENTIDADES TERRITORIALES - CONCEJO,NO DEFINIDO,,NO DEFINIDO,249787522.0,226448376.0,2021,Cuarto Trimestre,,,,,,,,,,,,,,,,,,,,,,
1749217,20221201,218552585,Pupiales,2.2.2.01.02.002.02,BANCA COMERCIAL,GASTOS,SERVICIO DE LA DEUDA PUBLICA,SERVICIO DE LA DEUDA PUBLICA INTERNA,PRINCIPAL,PRESTAMOS,ENTIDADES FINANCIERAS,BANCA COMERCIAL,No Aplica,No Aplica,No Aplica,VIGENCIA ACTUAL,ENTIDADES TERRITORIALES - ADMINISTRACION CENTRAL,NO DEFINIDO,,NO DEFINIDO,520000100.0,407585113.0,2022,Cuarto Trimestre,,,,,,,,,,,,,,,,,,,,,,
1749534,20221201,218552585,Pupiales,2.1.1.01.01.001,FACTORES SALARIALES COMUNES,GASTOS,FUNCIONAMIENTO,GASTOS DE PERSONAL,PLANTA DE PERSONAL PERMANENTE,FACTORES CONSTITUTIVOS DE SALARIO,FACTORES SALARIALES COMUNES,No Aplica,No Aplica,No Aplica,No Aplica,VIGENCIA ACTUAL,ENTIDADES TERRITORIALES - PERSONERIA,NO DEFINIDO,,NO DEFINIDO,136278900.0,150000000.0,2022,Cuarto Trimestre,,,,,,,,,,,,,,,,,,,,,,
1752597,20220601,218552585,Pupiales,2.2.2.01.02.002,ENTIDADES FINANCIERAS,GASTOS,SERVICIO DE LA DEUDA PUBLICA,SERVICIO DE LA DEUDA PUBLICA INTERNA,PRINCIPAL,PRESTAMOS,ENTIDADES FINANCIERAS,No Aplica,No Aplica,No Aplica,No Aplica,VIGENCIA ACTUAL,ENTIDADES TERRITORIALES - ADMINISTRACION CENTRAL,NO DEFINIDO,,NO DEFINIDO,520000100.0,407000100.0,2022,Segundo Trimestre,,,,,,,,,,,,,,,,,,,,,,
1753568,20220301,218552585,Pupiales,2,GASTOS,GASTOS,No Aplica,No Aplica,No Aplica,No Aplica,No Aplica,No Aplica,No Aplica,No Aplica,No Aplica,VIGENCIA ACTUAL,ENTIDADES TERRITORIALES - CONCEJO,NO DEFINIDO,,NO DEFINIDO,268089210.0,268089210.0,2022,Primer Trimestre,,,,,,,,,,,,,,,,,,,,,,
1755615,20210301,218552585,Pupiales,2.1.1,GASTOS DE PERSONAL,GASTOS,FUNCIONAMIENTO,GASTOS DE PERSONAL,No Aplica,No Aplica,No Aplica,No Aplica,No Aplica,No Aplica,No Aplica,VIGENCIA ACTUAL,ENTIDADES TERRITORIALES - ADMINISTRACION CENTRAL,NO DEFINIDO,,NO DEFINIDO,900899093.0,870899093.0,2021,Primer Trimestre,,,,,,,,,,,,,,,,,,,,,,
1756106,20210901,218552585,Pupiales,2.1.2.01.01.003.03,"MAQUINARIA DE OFICINA, CONTABILIDAD E INFORMATICA",GASTOS,FUNCIONAMIENTO,ADQUISICION DE BIENES Y SERVICIOS,ADQUISICION DE ACTIVOS NO FINANCIEROS,ACTIVOS FIJOS,MAQUINARIA Y EQUIPO,"MAQUINARIA DE OFICINA, CONTABILIDAD E INFORMATICA",No Aplica,No Aplica,No Aplica,VIGENCIA ACTUAL,ENTIDADES TERRITORIALES - ADMINISTRACION CENTRAL,NO DEFINIDO,,NO DEFINIDO,25500000.0,23222392.0,2021,Tercer Trimestre,,,,,,,,,,,,,,,,,,,,,,
1759137,20220901,218552585,Pupiales,2.1.3,TRANSFERENCIAS CORRIENTES,GASTOS,FUNCIONAMIENTO,TRANSFERENCIAS CORRIENTES,No Aplica,No Aplica,No Aplica,No Aplica,No Aplica,No Aplica,No Aplica,VIGENCIA ACTUAL,ENTIDADES TERRITORIALES - ADMINISTRACION CENTRAL,NO DEFINIDO,,NO DEFINIDO,154246366.0,207639559.0,2022,Tercer Trimestre,,,,,,,,,,,,,,,,,,,,,,
1760363,20210301,218552585,Pupiales,2,GASTOS,GASTOS,No Aplica,No Aplica,No Aplica,No Aplica,No Aplica,No Aplica,No Aplica,No Aplica,No Aplica,VIGENCIA ACTUAL,ENTIDADES TERRITORIALES - PERSONERIA,NO DEFINIDO,,NO DEFINIDO,131670450.0,131670450.0,2021,Primer Trimestre,,,,,,,,,,,,,,,,,,,,,,
1761690,20210901,218552585,Pupiales,2.1.1.01.03,REMUNERACIONES NO CONSTITUTIVAS DE FACTOR SALARIAL,GASTOS,FUNCIONAMIENTO,GASTOS DE PERSONAL,PLANTA DE PERSONAL PERMANENTE,REMUNERACIONES NO CONSTITUTIVAS DE FACTOR SALARIAL,No Aplica,No Aplica,No Aplica,No Aplica,No Aplica,VIGENCIA ACTUAL,ENTIDADES TERRITORIALES - ADMINISTRACION CENTRAL,NO DEFINIDO,,NO DEFINIDO,73747320.0,70847320.0,2021,Tercer Trimestre,,,,,,,,,,,,,,,,,,,,,,
1762233,20220301,218552585,Pupiales,2.1.1.01.03.001.03,BONIFICACION ESPECIAL DE RECREACION,GASTOS,FUNCIONAMIENTO,GASTOS DE PERSONAL,PLANTA DE PERSONAL PERMANENTE,REMUNERACIONES NO CONSTITUTIVAS DE FACTOR SALARIAL,PRESTACIONES SOCIALES,BONIFICACION ESPECIAL DE RECREACION,No Aplica,No Aplica,No Aplica,VIGENCIA ACTUAL,ENTIDADES TERRITORIALES - ADMINISTRACION CENTRAL,NO APLICA,0,NO DEFINIDO,3000000.0,3000000.0,2022,Primer Trimestre,,,,,,,,,,,,,,,,,,,,,,
1762916,20210901,218552585,Pupiales,2.2.2.02.02.002,ENTIDADES FINANCIERAS,GASTOS,SERVICIO DE LA DEUDA PUBLICA,SERVICIO DE LA DEUDA PUBLICA INTERNA,INTERESES,PRESTAMOS,ENTIDADES FINANCIERAS,No Aplica,No Aplica,No Aplica,No Aplica,VIGENCIA ACTUAL,ENTIDADES TERRITORIALES - ADMINISTRACION CENTRAL,NO DEFINIDO,,NO DEFINIDO,38344686.0,38344686.0,2021,Tercer Trimestre,,,,,,,,,,,,,,,,,,,,,,
1765259,20230601,218552585,Pupiales,2.1.1.01,PLANTA DE PERSONAL PERMANENTE,GASTOS,FUNCIONAMIENTO,GASTOS DE PERSONAL,PLANTA DE PERSONAL PERMANENTE,No Aplica,No Aplica,No Aplica,No Aplica,No Aplica,No Aplica,VIGENCIA ACTUAL,ENTIDADES TERRITORIALES - ADMINISTRACION CENTRAL,NO DEFINIDO,,NO DEFINIDO,1053489000.0,1130216000.0,2023,Segundo Trimestre,,,,,,,,,,,,,,,,,,,,,,
1769716,20230601,218552585,Pupiales,2.1.1.01.03.003,BONIFICACION DE DIRECCION PARA GOBERNADORES Y ALCALDES,GASTOS,FUNCIONAMIENTO,GASTOS DE PERSONAL,PLANTA DE PERSONAL PERMANENTE,REMUNERACIONES NO CONSTITUTIVAS DE FACTOR SALARIAL,BONIFICACION DE DIRECCION PARA GOBERNADORES Y ALCALDES,No Aplica,No Aplica,No Aplica,No Aplica,VIGENCIA ACTUAL,ENTIDADES TERRITORIALES - ADMINISTRACION CENTRAL,NO APLICA,0,NO DEFINIDO,43527000.0,43527000.0,2023,Segundo Trimestre,,,,,,,,,,,,,,,,,,,,,,
1770659,20211201,218552585,Pupiales,2.1.3.05.04.001.13.01,TRANSFERENCIA DE LA SOBRETASA AMBIENTAL A LAS CORPORACIONES AUTONOMAS REGIONALES,GASTOS,FUNCIONAMIENTO,TRANSFERENCIAS CORRIENTES,A ENTIDADES DEL GOBIERNO,PARTICIPACIONES DISTINTAS DEL SGP,PARTICIPACIONES DE IMPUESTOS,PARTICIPACION DE LA SOBRETASA AMBIENTAL,TRANSFERENCIA DE LA SOBRETASA AMBIENTAL A LAS CORPORACIONES AUTONOMAS REGIONALES,No Aplica,No Aplica,VIGENCIA ACTUAL,ENTIDADES TERRITORIALES - ADMINISTRACION CENTRAL,NO APLICA,0,NO DEFINIDO,45000000.0,80012976.0,2021,Cuarto Trimestre,,,,,,,,,,,,,,,,,,,,,,
1771684,20211201,218552585,Pupiales,2.1.1.01.03.001.03,BONIFICACION ESPECIAL DE RECREACION,GASTOS,FUNCIONAMIENTO,GASTOS DE PERSONAL,PLANTA DE PERSONAL PERMANENTE,REMUNERACIONES NO CONSTITUTIVAS DE FACTOR SALARIAL,PRESTACIONES SOCIALES,BONIFICACION ESPECIAL DE RECREACION,No Aplica,No Aplica,No Aplica,VIGENCIA ACTUAL,ENTIDADES TERRITORIALES - ADMINISTRACION CENTRAL,NO APLICA,0,NO DEFINIDO,7420000.0,2117000.0,2021,Cuarto Trimestre,,,,,,,,,,,,,,,,,,,,,,
1774166,20220601,218552585,Pupiales,2.1.1.01,PLANTA DE PERSONAL PERMANENTE,GASTOS,FUNCIONAMIENTO,GASTOS DE PERSONAL,PLANTA DE PERSONAL PERMANENTE,No Aplica,No Aplica,No Aplica,No Aplica,No Aplica,No Aplica,VIGENCIA ACTUAL,ENTIDADES TERRITORIALES - PERSONERIA,NO DEFINIDO,,NO DEFINIDO,136278900.0,150000000.0,2022,Segundo Trimestre,,,,,,,,,,,,,,,,,,,,,,
1774913,20230601,218552585,Pupiales,2.1.2.02,ADQUISICIONES DIFERENTES DE ACTIVOS,GASTOS,FUNCIONAMIENTO,ADQUISICION DE BIENES Y SERVICIOS,ADQUISICIONES DIFERENTES DE ACTIVOS,No Aplica,No Aplica,No Aplica,No Aplica,No Aplica,No Aplica,CUENTAS POR PAGAR,ENTIDADES TERRITORIALES - ADMINISTRACION CENTRAL,NO DEFINIDO,,NO DEFINIDO,2200000.0,2200000.0,2023,Segundo Trimestre,,,,,,,,,,,,,,,,,,,,,,
1778501,20210601,218552585,Pupiales,2.1.1.01.01,FACTORES CONSTITUTIVOS DE SALARIO,GASTOS,FUNCIONAMIENTO,GASTOS DE PERSONAL,PLANTA DE PERSONAL PERMANENTE,FACTORES CONSTITUTIVOS DE SALARIO,No Aplica,No Aplica,No Aplica,No Aplica,No Aplica,VIGENCIA ACTUAL,ENTIDADES TERRITORIALES - ADMINISTRACION CENTRAL,NO DEFINIDO,,NO DEFINIDO,615419528.0,557619528.0,2021,Segundo Trimestre,,,,,,,,,,,,,,,,,,,,,,
1778680,20230301,218552585,Pupiales,2,GASTOS,GASTOS,No Aplica,No Aplica,No Aplica,No Aplica,No Aplica,No Aplica,No Aplica,No Aplica,No Aplica,VIGENCIA ACTUAL,ENTIDADES TERRITORIALES - PERSONERIA,NO DEFINIDO,,NO DEFINIDO,154500000.0,174000000.0,2023,Primer Trimestre,,,,,,,,,,,,,,,,,,,,,,
1778899,20230601,218552585,Pupiales,2.1.3.13.01,FALLOS NACIONALES,GASTOS,FUNCIONAMIENTO,TRANSFERENCIAS CORRIENTES,SENTENCIAS Y CONCILIACIONES,FALLOS NACIONALES,No Aplica,No Aplica,No Aplica,No Aplica,No Aplica,VIGENCIA ACTUAL,ENTIDADES TERRITORIALES - ADMINISTRACION CENTRAL,NO DEFINIDO,,NO DEFINIDO,0.0,5273000.0,2023,Segundo Trimestre,,,,,,,,,,,,,,,,,,,,,,
1779674,20230301,218552585,Pupiales,2.2.2,SERVICIO DE LA DEUDA PUBLICA INTERNA,GASTOS,SERVICIO DE LA DEUDA PUBLICA,SERVICIO DE LA DEUDA PUBLICA INTERNA,No Aplica,No Aplica,No Aplica,No Aplica,No Aplica,No Aplica,No Aplica,VIGENCIA ACTUAL,ENTIDADES TERRITORIALES - ADMINISTRACION CENTRAL,NO DEFINIDO,,NO DEFINIDO,586000000.0,586000000.0,2023,Primer Trimestre,,,,,,,,,,,,,,,,,,,,,,
1785384,20210901,218552585,Pupiales,2.1.1.01.02.006,APORTES AL ICBF,GASTOS,FUNCIONAMIENTO,GASTOS DE PERSONAL,PLANTA DE PERSONAL PERMANENTE,CONTRIBUCIONES INHERENTES A LA NOMINA,APORTES AL ICBF,No Aplica,No Aplica,No Aplica,No Aplica,VIGENCIA ACTUAL,ENTIDADES TERRITORIALES - ADMINISTRACION CENTRAL,NO APLICA,0,NO DEFINIDO,21487109.0,21487109.0,2021,Tercer Trimestre,,,,,,,,,,,,,,,,,,,,,,
1788607,20220901,218552585,Pupiales,2.1.1.01,PLANTA DE PERSONAL PERMANENTE,GASTOS,FUNCIONAMIENTO,GASTOS DE PERSONAL,PLANTA DE PERSONAL PERMANENTE,No Aplica,No Aplica,No Aplica,No Aplica,No Aplica,No Aplica,VIGENCIA ACTUAL,ENTIDADES TERRITORIALES - CONCEJO,NO DEFINIDO,,NO DEFINIDO,268089210.0,273577650.0,2022,Tercer Trimestre,,,,,,,,,,,,,,,,,,,,,,
1792223,20220301,218552585,Pupiales,2.1.1.01.02.006,APORTES AL ICBF,GASTOS,FUNCIONAMIENTO,GASTOS DE PERSONAL,PLANTA DE PERSONAL PERMANENTE,CONTRIBUCIONES INHERENTES A LA NOMINA,APORTES AL ICBF,No Aplica,No Aplica,No Aplica,No Aplica,VIGENCIA ACTUAL,ENTIDADES TERRITORIALES - ADMINISTRACION CENTRAL,NO APLICA,0,NO DEFINIDO,15000000.0,15000000.0,2022,Primer Trimestre,,,,,,,,,,,,,,,,,,,,,,
1794704,20220601,218552585,Pupiales,2.1.1.01.03.004,BONIFICACION DE GESTION TERRITORIAL PARA ALCALDES,GASTOS,FUNCIONAMIENTO,GASTOS DE PERSONAL,PLANTA DE PERSONAL PERMANENTE,REMUNERACIONES NO CONSTITUTIVAS DE FACTOR SALARIAL,BONIFICACION DE GESTION TERRITORIAL PARA ALCALDES,No Aplica,No Aplica,No Aplica,No Aplica,VIGENCIA ACTUAL,ENTIDADES TERRITORIALES - ADMINISTRACION CENTRAL,NO APLICA,0,NO DEFINIDO,7250000.0,7250000.0,2022,Segundo Trimestre,,,,,,,,,,,,,,,,,,,,,,
1796160,20230301,218552585,Pupiales,2.1.3.05.04.001.13,PARTICIPACION DE LA SOBRETASA AMBIENTAL,GASTOS,FUNCIONAMIENTO,TRANSFERENCIAS CORRIENTES,A ENTIDADES DEL GOBIERNO,PARTICIPACIONES DISTINTAS DEL SGP,PARTICIPACIONES DE IMPUESTOS,PARTICIPACION DE LA SOBRETASA AMBIENTAL,No Aplica,No Aplica,No Aplica,VIGENCIA ACTUAL,ENTIDADES TERRITORIALES - ADMINISTRACION CENTRAL,NO DEFINIDO,,NO DEFINIDO,18000000.0,18000000.0,2023,Primer Trimestre,,,,,,,,,,,,,,,,,,,,,,
1797771,20211201,218552585,Pupiales,2.1.1.01.01,FACTORES CONSTITUTIVOS DE SALARIO,GASTOS,FUNCIONAMIENTO,GASTOS DE PERSONAL,PLANTA DE PERSONAL PERMANENTE,FACTORES CONSTITUTIVOS DE SALARIO,No Aplica,No Aplica,No Aplica,No Aplica,No Aplica,VIGENCIA ACTUAL,ENTIDADES TERRITORIALES - ADMINISTRACION CENTRAL,NO DEFINIDO,,NO DEFINIDO,615419528.0,624165502.0,2021,Cuarto Trimestre,,,,,,,,,,,,,,,,,,,,,,
1798893,20220601,218552585,Pupiales,2.2.2.02.02.002.02,BANCA COMERCIAL,GASTOS,SERVICIO DE LA DEUDA PUBLICA,SERVICIO DE LA DEUDA PUBLICA INTERNA,INTERESES,PRESTAMOS,ENTIDADES FINANCIERAS,BANCA COMERCIAL,No Aplica,No Aplica,No Aplica,VIGENCIA ACTUAL,ENTIDADES TERRITORIALES - ADMINISTRACION CENTRAL,NO DEFINIDO,,NO DEFINIDO,96000000.0,119000000.0,2022,Segundo Trimestre,,,,,,,,,,,,,,,,,,,,,,
1806198,20221201,218552585,Pupiales,2.1.2.02.01.003,"OTROS BIENES TRANSPORTABLES EXCEPTO PRODUCTOS METALICOS, MAQUINARIA Y EQUIPO",GASTOS,FUNCIONAMIENTO,ADQUISICION DE BIENES Y SERVICIOS,ADQUISICIONES DIFERENTES DE ACTIVOS,MATERIALES Y SUMINISTROS,"OTROS BIENES TRANSPORTABLES EXCEPTO PRODUCTOS METALICOS, MAQUINARIA Y EQUIPO",No Aplica,No Aplica,No Aplica,No Aplica,VIGENCIA ACTUAL,ENTIDADES TERRITORIALES - ADMINISTRACION CENTRAL,NO APLICA,0,NO DEFINIDO,56000000.0,53604884.0,2022,Cuarto Trimestre,,,,,,,,,,,,,,,,,,,,,,
1807514,20211201,218552585,Pupiales,2,GASTOS,GASTOS,No Aplica,No Aplica,No Aplica,No Aplica,No Aplica,No Aplica,No Aplica,No Aplica,No Aplica,VIGENCIA ACTUAL,ENTIDADES TERRITORIALES - PERSONERIA,NO DEFINIDO,,NO DEFINIDO,131670450.0,136278900.0,2021,Cuarto Trimestre,,,,,,,,,,,,,,,,,,,,,,
1810325,20220901,218552585,Pupiales,2.1.1.01.01,FACTORES CONSTITUTIVOS DE SALARIO,GASTOS,FUNCIONAMIENTO,GASTOS DE PERSONAL,PLANTA DE PERSONAL PERMANENTE,FACTORES CONSTITUTIVOS DE SALARIO,No Aplica,No Aplica,No Aplica,No Aplica,No Aplica,VIGENCIA ACTUAL,ENTIDADES TERRITORIALES - CONCEJO,NO DEFINIDO,,NO DEFINIDO,54511560.0,60000000.0,2022,Tercer Trimestre,,,,,,,,,,,,,,,,,,,,,,
1811841,20220301,218552585,Pupiales,2.2.2.02.02.002,ENTIDADES FINANCIERAS,GASTOS,SERVICIO DE LA DEUDA PUBLICA,SERVICIO DE LA DEUDA PUBLICA INTERNA,INTERESES,PRESTAMOS,ENTIDADES FINANCIERAS,No Aplica,No Aplica,No Aplica,No Aplica,VIGENCIA ACTUAL,ENTIDADES TERRITORIALES - ADMINISTRACION CENTRAL,NO DEFINIDO,,NO DEFINIDO,96000000.0,96000000.0,2022,Primer Trimestre,,,,,,,,,,,,,,,,,,,,,,
1819684,20230301,218552585,Pupiales,2.2.2.02.02.002.02.03,BANCA COMERCIAL,GASTOS,SERVICIO DE LA DEUDA PUBLICA,SERVICIO DE LA DEUDA PUBLICA INTERNA,INTERESES,PRESTAMOS,ENTIDADES FINANCIERAS,BANCA COMERCIAL,BANCA COMERCIAL,No Aplica,No Aplica,VIGENCIA ACTUAL,ENTIDADES TERRITORIALES - ADMINISTRACION CENTRAL,NO APLICA,0,NO DEFINIDO,130000000.0,130000000.0,2023,Primer Trimestre,,,,,,,,,,,,,,,,,,,,,,
1820830,20221201,218552585,Pupiales,2.2.2,SERVICIO DE LA DEUDA PUBLICA INTERNA,GASTOS,SERVICIO DE LA DEUDA PUBLICA,SERVICIO DE LA DEUDA PUBLICA INTERNA,No Aplica,No Aplica,No Aplica,No Aplica,No Aplica,No Aplica,No Aplica,VIGENCIA ACTUAL,ENTIDADES TERRITORIALES - ADMINISTRACION CENTRAL,NO DEFINIDO,,NO DEFINIDO,616000100.0,532814937.0,2022,Cuarto Trimestre,,,,,,,,,,,,,,,,,,,,,,
1821281,20221201,218552585,Pupiales,2.1.3.05.04.001,PARTICIPACIONES DE IMPUESTOS,GASTOS,FUNCIONAMIENTO,TRANSFERENCIAS CORRIENTES,A ENTIDADES DEL GOBIERNO,PARTICIPACIONES DISTINTAS DEL SGP,PARTICIPACIONES DE IMPUESTOS,No Aplica,No Aplica,No Aplica,No Aplica,VIGENCIA ACTUAL,ENTIDADES TERRITORIALES - ADMINISTRACION CENTRAL,NO DEFINIDO,,NO DEFINIDO,45000000.0,65256049.0,2022,Cuarto Trimestre,,,,,,,,,,,,,,,,,,,,,,
1823042,20211201,218552585,Pupiales,2.1.1.01.02.008,APORTES A LA ESAP,GASTOS,FUNCIONAMIENTO,GASTOS DE PERSONAL,PLANTA DE PERSONAL PERMANENTE,CONTRIBUCIONES INHERENTES A LA NOMINA,APORTES A LA ESAP,No Aplica,No Aplica,No Aplica,No Aplica,VIGENCIA ACTUAL,ENTIDADES TERRITORIALES - ADMINISTRACION CENTRAL,NO APLICA,0,NO DEFINIDO,3581184.0,2551094.0,2021,Cuarto Trimestre,,,,,,,,,,,,,,,,,,,,,,
1826653,20230601,218552585,Pupiales,2.1.1.01.02.009,APORTES A ESCUELAS INDUSTRIALES E INSTITUTOS TECNICOS,GASTOS,FUNCIONAMIENTO,GASTOS DE PERSONAL,PLANTA DE PERSONAL PERMANENTE,CONTRIBUCIONES INHERENTES A LA NOMINA,APORTES A ESCUELAS INDUSTRIALES E INSTITUTOS TECNICOS,No Aplica,No Aplica,No Aplica,No Aplica,VIGENCIA ACTUAL,ENTIDADES TERRITORIALES - ADMINISTRACION CENTRAL,NO APLICA,0,NO DEFINIDO,6000000.0,6000000.0,2023,Segundo Trimestre,,,,,,,,,,,,,,,,,,,,,,
1828651,20211201,218552585,Pupiales,2.1.2.02.02.009,"SERVICIOS PARA LA COMUNIDAD, SOCIALES Y PERSONALES",GASTOS,FUNCIONAMIENTO,ADQUISICION DE BIENES Y SERVICIOS,ADQUISICIONES DIFERENTES DE ACTIVOS,ADQUISICION DE SERVICIOS,"SERVICIOS PARA LA COMUNIDAD, SOCIALES Y PERSONALES",No Aplica,No Aplica,No Aplica,No Aplica,VIGENCIA ACTUAL,ENTIDADES TERRITORIALES - ADMINISTRACION CENTRAL,NO APLICA,0,NO DEFINIDO,527127132.0,678550966.0,2021,Cuarto Trimestre,,,,,,,,,,,,,,,,,,,,,,
1829564,20211201,218552585,Pupiales,2.2.2.01.02,PRESTAMOS,GASTOS,SERVICIO DE LA DEUDA PUBLICA,SERVICIO DE LA DEUDA PUBLICA INTERNA,PRINCIPAL,PRESTAMOS,No Aplica,No Aplica,No Aplica,No Aplica,No Aplica,VIGENCIA ACTUAL,ENTIDADES TERRITORIALES - ADMINISTRACION CENTRAL,NO DEFINIDO,,NO DEFINIDO,123631944.0,208474166.0,2021,Cuarto Trimestre,,,,,,,,,,,,,,,,,,,,,,
1830163,20230601,218552585,Pupiales,2.1.1.01.01,FACTORES CONSTITUTIVOS DE SALARIO,GASTOS,FUNCIONAMIENTO,GASTOS DE PERSONAL,PLANTA DE PERSONAL PERMANENTE,FACTORES CONSTITUTIVOS DE SALARIO,No Aplica,No Aplica,No Aplica,No Aplica,No Aplica,VIGENCIA ACTUAL,ENTIDADES TERRITORIALES - ADMINISTRACION CENTRAL,NO DEFINIDO,,NO DEFINIDO,771050000.0,772777000.0,2023,Segundo Trimestre,,,,,,,,,,,,,,,,,,,,,,
1830623,20210901,218552585,Pupiales,2.1.1.01.02.008,APORTES A LA ESAP,GASTOS,FUNCIONAMIENTO,GASTOS DE PERSONAL,PLANTA DE PERSONAL PERMANENTE,CONTRIBUCIONES INHERENTES A LA NOMINA,APORTES A LA ESAP,No Aplica,No Aplica,No Aplica,No Aplica,VIGENCIA ACTUAL,ENTIDADES TERRITORIALES - ADMINISTRACION CENTRAL,NO APLICA,0,NO DEFINIDO,3581184.0,3581184.0,2021,Tercer Trimestre,,,,,,,,,,,,,,,,,,,,,,
1832593,20220901,218552585,Pupiales,2.1.3.04.02,FEDERACION NACIONAL DE MUNICIPIOS,GASTOS,FUNCIONAMIENTO,TRANSFERENCIAS CORRIENTES,A ORGANIZACIONES NACIONALES,FEDERACION NACIONAL DE MUNICIPIOS,No Aplica,No Aplica,No Aplica,No Aplica,No Aplica,VIGENCIA ACTUAL,ENTIDADES TERRITORIALES - ADMINISTRACION CENTRAL,NO DEFINIDO,,NO DEFINIDO,1000.0,1000.0,2022,Tercer Trimestre,,,,,,,,,,,,,,,,,,,,,,
1833139,20220901,218552585,Pupiales,2.1.1.01.01.001.07,BONIFICACION POR SERVICIOS PRESTADOS,GASTOS,FUNCIONAMIENTO,GASTOS DE PERSONAL,PLANTA DE PERSONAL PERMANENTE,FACTORES CONSTITUTIVOS DE SALARIO,FACTORES SALARIALES COMUNES,BONIFICACION POR SERVICIOS PRESTADOS,No Aplica,No Aplica,No Aplica,VIGENCIA ACTUAL,ENTIDADES TERRITORIALES - ADMINISTRACION CENTRAL,NO APLICA,0,NO DEFINIDO,14000000.0,16373916.0,2022,Tercer Trimestre,,,,,,,,,,,,,,,,,,,,,,
1833759,20230601,218552585,Pupiales,2.1.2.02.02,ADQUISICION DE SERVICIOS,GASTOS,FUNCIONAMIENTO,ADQUISICION DE BIENES Y SERVICIOS,ADQUISICIONES DIFERENTES DE ACTIVOS,ADQUISICION DE SERVICIOS,No Aplica,No Aplica,No Aplica,No Aplica,No Aplica,VIGENCIA ACTUAL,ENTIDADES TERRITORIALES - CONCEJO,NO DEFINIDO,,NO DEFINIDO,10000000.0,10000000.0,2023,Segundo Trimestre,,,,,,,,,,,,,,,,,,,,,,
1834413,20210901,218552585,Pupiales,2.1.3.04.02,FEDERACION NACIONAL DE MUNICIPIOS,GASTOS,FUNCIONAMIENTO,TRANSFERENCIAS CORRIENTES,A ORGANIZACIONES NACIONALES,FEDERACION NACIONAL DE MUNICIPIOS,No Aplica,No Aplica,No Aplica,No Aplica,No Aplica,VIGENCIA ACTUAL,ENTIDADES TERRITORIALES - ADMINISTRACION CENTRAL,NO DEFINIDO,,NO DEFINIDO,1000.0,1000.0,2021,Tercer Trimestre,,,,,,,,,,,,,,,,,,,,,,
1834527,20210601,218552585,Pupiales,2.1.2.02.02.009,"SERVICIOS PARA LA COMUNIDAD, SOCIALES Y PERSONALES",GASTOS,FUNCIONAMIENTO,ADQUISICION DE BIENES Y SERVICIOS,ADQUISICIONES DIFERENTES DE ACTIVOS,ADQUISICION DE SERVICIOS,"SERVICIOS PARA LA COMUNIDAD, SOCIALES Y PERSONALES",No Aplica,No Aplica,No Aplica,No Aplica,VIGENCIA ACTUAL,ENTIDADES TERRITORIALES - ADMINISTRACION CENTRAL,NO APLICA,0,NO DEFINIDO,527127132.0,522197132.0,2021,Segundo Trimestre,,,,,,,,,,,,,,,,,,,,,,
1838395,20210901,218552585,Pupiales,2.1.1.01.03.006,HONORARIOS CONCEJALES,GASTOS,FUNCIONAMIENTO,GASTOS DE PERSONAL,PLANTA DE PERSONAL PERMANENTE,REMUNERACIONES NO CONSTITUTIVAS DE FACTOR SALARIAL,HONORARIOS CONCEJALES,No Aplica,No Aplica,No Aplica,No Aplica,VIGENCIA ACTUAL,ENTIDADES TERRITORIALES - CONCEJO,NO APLICA,0,NO DEFINIDO,210188880.0,169646730.0,2021,Tercer Trimestre,,,,,,,,,,,,,,,,,,,,,,
1838727,20220301,218552585,Pupiales,2.1.1.01.03.003,BONIFICACION DE DIRECCION PARA GOBERNADORES Y ALCALDES,GASTOS,FUNCIONAMIENTO,GASTOS DE PERSONAL,PLANTA DE PERSONAL PERMANENTE,REMUNERACIONES NO CONSTITUTIVAS DE FACTOR SALARIAL,BONIFICACION DE DIRECCION PARA GOBERNADORES Y ALCALDES,No Aplica,No Aplica,No Aplica,No Aplica,VIGENCIA ACTUAL,ENTIDADES TERRITORIALES - ADMINISTRACION CENTRAL,NO APLICA,0,NO DEFINIDO,38500000.0,38500000.0,2022,Primer Trimestre,,,,,,,,,,,,,,,,,,,,,,
1840297,20210901,218552585,Pupiales,2.1.2.01.01.003,MAQUINARIA Y EQUIPO,GASTOS,FUNCIONAMIENTO,ADQUISICION DE BIENES Y SERVICIOS,ADQUISICION DE ACTIVOS NO FINANCIEROS,ACTIVOS FIJOS,MAQUINARIA Y EQUIPO,No Aplica,No Aplica,No Aplica,No Aplica,VIGENCIA ACTUAL,ENTIDADES TERRITORIALES - ADMINISTRACION CENTRAL,NO DEFINIDO,,NO DEFINIDO,25500000.0,23222392.0,2021,Tercer Trimestre,,,,,,,,,,,,,,,,,,,,,,
1841684,20230301,218552585,Pupiales,2.1.4.02,ENTIDADES DEL GOBIERNO GENERAL,GASTOS,FUNCIONAMIENTO,TRANSFERENCIAS DE CAPITAL,ENTIDADES DEL GOBIERNO GENERAL,No Aplica,No Aplica,No Aplica,No Aplica,No Aplica,No Aplica,VIGENCIA ACTUAL,ENTIDADES TERRITORIALES - CONCEJO,NO DEFINIDO,,NO DEFINIDO,36117000.0,48117000.0,2023,Primer Trimestre,,,,,,,,,,,,,,,,,,,,,,
1846357,20220301,218552585,Pupiales,2.1.2.02.01,MATERIALES Y SUMINISTROS,GASTOS,FUNCIONAMIENTO,ADQUISICION DE BIENES Y SERVICIOS,ADQUISICIONES DIFERENTES DE ACTIVOS,MATERIALES Y SUMINISTROS,No Aplica,No Aplica,No Aplica,No Aplica,No Aplica,VIGENCIA ACTUAL,ENTIDADES TERRITORIALES - ADMINISTRACION CENTRAL,NO DEFINIDO,,NO DEFINIDO,56000000.0,56000000.0,2022,Primer Trimestre,,,,,,,,,,,,,,,,,,,,,,
1849034,20211201,218552585,Pupiales,2.1.1.01.02.005,APORTES GENERALES AL SISTEMA DE RIESGOS LABORALES,GASTOS,FUNCIONAMIENTO,GASTOS DE PERSONAL,PLANTA DE PERSONAL PERMANENTE,CONTRIBUCIONES INHERENTES A LA NOMINA,APORTES GENERALES AL SISTEMA DE RIESGOS LABORALES,No Aplica,No Aplica,No Aplica,No Aplica,VIGENCIA ACTUAL,ENTIDADES TERRITORIALES - ADMINISTRACION CENTRAL,NO APLICA,0,NO DEFINIDO,3710000.0,5366955.0,2021,Cuarto Trimestre,,,,,,,,,,,,,,,,,,,,,,
1849050,20221201,218552585,Pupiales,2.1.1,GASTOS DE PERSONAL,GASTOS,FUNCIONAMIENTO,GASTOS DE PERSONAL,No Aplica,No Aplica,No Aplica,No Aplica,No Aplica,No Aplica,No Aplica,VIGENCIA ACTUAL,ENTIDADES TERRITORIALES - ADMINISTRACION CENTRAL,NO DEFINIDO,,NO DEFINIDO,896628550.0,1092159427.0,2022,Cuarto Trimestre,,,,,,,,,,,,,,,,,,,,,,
1851649,20220601,218552585,Pupiales,2.1.2.02.02.007,SERVICIOS FINANCIEROS Y SERVICIOS CONEXOS; SERVICIOS INMOBILIARIOS; Y SERVICIOS DE ARRENDAMIENTO Y LEASING,GASTOS,FUNCIONAMIENTO,ADQUISICION DE BIENES Y SERVICIOS,ADQUISICIONES DIFERENTES DE ACTIVOS,ADQUISICION DE SERVICIOS,SERVICIOS FINANCIEROS Y SERVICIOS CONEXOS; SERVICIOS INMOBILIARIOS; Y SERVICIOS DE ARRENDAMIENTO Y LEASING,No Aplica,No Aplica,No Aplica,No Aplica,VIGENCIA ACTUAL,ENTIDADES TERRITORIALES - ADMINISTRACION CENTRAL,NO APLICA,0,NO DEFINIDO,20001000.0,16681400.0,2022,Segundo Trimestre,,,,,,,,,,,,,,,,,,,,,,
1851848,20220601,218552585,Pupiales,2.1.3.05.04.001.13.01,TRANSFERENCIA DE LA SOBRETASA AMBIENTAL A LAS CORPORACIONES AUTONOMAS REGIONALES,GASTOS,FUNCIONAMIENTO,TRANSFERENCIAS CORRIENTES,A ENTIDADES DEL GOBIERNO,PARTICIPACIONES DISTINTAS DEL SGP,PARTICIPACIONES DE IMPUESTOS,PARTICIPACION DE LA SOBRETASA AMBIENTAL,TRANSFERENCIA DE LA SOBRETASA AMBIENTAL A LAS CORPORACIONES AUTONOMAS REGIONALES,No Aplica,No Aplica,VIGENCIA ACTUAL,ENTIDADES TERRITORIALES - ADMINISTRACION CENTRAL,NO APLICA,0,NO DEFINIDO,45000000.0,45000000.0,2022,Segundo Trimestre,,,,,,,,,,,,,,,,,,,,,,
1854669,20230301,218552585,Pupiales,2.1.3.04,A ORGANIZACIONES NACIONALES,GASTOS,FUNCIONAMIENTO,TRANSFERENCIAS CORRIENTES,A ORGANIZACIONES NACIONALES,No Aplica,No Aplica,No Aplica,No Aplica,No Aplica,No Aplica,VIGENCIA ACTUAL,ENTIDADES TERRITORIALES - ADMINISTRACION CENTRAL,NO DEFINIDO,,NO DEFINIDO,503000.0,503000.0,2023,Primer Trimestre,,,,,,,,,,,,,,,,,,,,,,
1854743,20210601,218552585,Pupiales,2.1.1.01.02.003,APORTES DE CESANTIAS,GASTOS,FUNCIONAMIENTO,GASTOS DE PERSONAL,PLANTA DE PERSONAL PERMANENTE,CONTRIBUCIONES INHERENTES A LA NOMINA,APORTES DE CESANTIAS,No Aplica,No Aplica,No Aplica,No Aplica,VIGENCIA ACTUAL,ENTIDADES TERRITORIALES - ADMINISTRACION CENTRAL,NO APLICA,0,NO DEFINIDO,37100000.0,37100000.0,2021,Segundo Trimestre,,,,,,,,,,,,,,,,,,,,,,
1855581,20230301,218552585,Pupiales,2.2.2.01.02.002,ENTIDADES FINANCIERAS,GASTOS,SERVICIO DE LA DEUDA PUBLICA,SERVICIO DE LA DEUDA PUBLICA INTERNA,PRINCIPAL,PRESTAMOS,ENTIDADES FINANCIERAS,No Aplica,No Aplica,No Aplica,No Aplica,VIGENCIA ACTUAL,ENTIDADES TERRITORIALES - ADMINISTRACION CENTRAL,NO DEFINIDO,,NO DEFINIDO,456000000.0,456000000.0,2023,Primer Trimestre,,,,,,,,,,,,,,,,,,,,,,
1860750,20220901,218552585,Pupiales,2.1.1.01.01.001,FACTORES SALARIALES COMUNES,GASTOS,FUNCIONAMIENTO,GASTOS DE PERSONAL,PLANTA DE PERSONAL PERMANENTE,FACTORES CONSTITUTIVOS DE SALARIO,FACTORES SALARIALES COMUNES,No Aplica,No Aplica,No Aplica,No Aplica,VIGENCIA ACTUAL,ENTIDADES TERRITORIALES - ADMINISTRACION CENTRAL,NO DEFINIDO,,NO DEFINIDO,526650000.0,614643301.0,2022,Tercer Trimestre,,,,,,,,,,,,,,,,,,,,,,
1863968,20210901,218552585,Pupiales,2.1.1.01.03.001,PRESTACIONES SOCIALES,GASTOS,FUNCIONAMIENTO,GASTOS DE PERSONAL,PLANTA DE PERSONAL PERMANENTE,REMUNERACIONES NO CONSTITUTIVAS DE FACTOR SALARIAL,PRESTACIONES SOCIALES,No Aplica,No Aplica,No Aplica,No Aplica,VIGENCIA ACTUAL,ENTIDADES TERRITORIALES - ADMINISTRACION CENTRAL,NO DEFINIDO,,NO DEFINIDO,30881722.0,37981722.0,2021,Tercer Trimestre,,,,,,,,,,,,,,,,,,,,,,
1864259,20210301,218552585,Pupiales,2.1.1.01.03.001,PRESTACIONES SOCIALES,GASTOS,FUNCIONAMIENTO,GASTOS DE PERSONAL,PLANTA DE PERSONAL PERMANENTE,REMUNERACIONES NO CONSTITUTIVAS DE FACTOR SALARIAL,PRESTACIONES SOCIALES,No Aplica,No Aplica,No Aplica,No Aplica,VIGENCIA ACTUAL,ENTIDADES TERRITORIALES - ADMINISTRACION CENTRAL,NO DEFINIDO,,NO DEFINIDO,30881722.0,30881722.0,2021,Primer Trimestre,,,,,,,,,,,,,,,,,,,,,,
1870653,20210601,218552585,Pupiales,2.1.1.01.01.001.01,SUELDO BASICO,GASTOS,FUNCIONAMIENTO,GASTOS DE PERSONAL,PLANTA DE PERSONAL PERMANENTE,FACTORES CONSTITUTIVOS DE SALARIO,FACTORES SALARIALES COMUNES,SUELDO BASICO,No Aplica,No Aplica,No Aplica,VIGENCIA ACTUAL,ENTIDADES TERRITORIALES - CONCEJO,NO APLICA,0,NO DEFINIDO,39598642.0,80140792.0,2021,Segundo Trimestre,,,,,,,,,,,,,,,,,,,,,,
1872778,20210601,218552585,Pupiales,2.1.2.02.02.006,"COMERCIO Y DISTRIBUCION; ALOJAMIENTO; SERVICIOS DE SUMINISTRO DE COMIDAS Y BEBIDAS; SERVICIOS DE TRANSPORTE; Y SERVICIOS DE DISTRIBUCION DE ELECTRICIDAD, GAS Y AGUA",GASTOS,FUNCIONAMIENTO,ADQUISICION DE BIENES Y SERVICIOS,ADQUISICIONES DIFERENTES DE ACTIVOS,ADQUISICION DE SERVICIOS,"COMERCIO Y DISTRIBUCION; ALOJAMIENTO; SERVICIOS DE SUMINISTRO DE COMIDAS Y BEBIDAS; SERVICIOS DE TRANSPORTE; Y SERVICIOS DE DISTRIBUCION DE ELECTRICIDAD, GAS Y AGUA",No Aplica,No Aplica,No Aplica,No Aplica,VIGENCIA ACTUAL,ENTIDADES TERRITORIALES - ADMINISTRACION CENTRAL,NO APLICA,0,NO DEFINIDO,28000000.0,51000000.0,2021,Segundo Trimestre,,,,,,,,,,,,,,,,,,,,,,
1877526,20220301,218552585,Pupiales,2.1.1.01.01.001.06,PRIMA DE SERVICIO,GASTOS,FUNCIONAMIENTO,GASTOS DE PERSONAL,PLANTA DE PERSONAL PERMANENTE,FACTORES CONSTITUTIVOS DE SALARIO,FACTORES SALARIALES COMUNES,PRIMA DE SERVICIO,No Aplica,No Aplica,No Aplica,VIGENCIA ACTUAL,ENTIDADES TERRITORIALES - ADMINISTRACION CENTRAL,NO APLICA,0,NO DEFINIDO,21650000.0,21650000.0,2022,Primer Trimestre,,,,,,,,,,,,,,,,,,,,,,
1877993,20211201,218552585,Pupiales,2.1.1.01.01,FACTORES CONSTITUTIVOS DE SALARIO,GASTOS,FUNCIONAMIENTO,GASTOS DE PERSONAL,PLANTA DE PERSONAL PERMANENTE,FACTORES CONSTITUTIVOS DE SALARIO,No Aplica,No Aplica,No Aplica,No Aplica,No Aplica,VIGENCIA ACTUAL,ENTIDADES TERRITORIALES - CONCEJO,NO DEFINIDO,,NO DEFINIDO,39598642.0,54511560.0,2021,Cuarto Trimestre,,,,,,,,,,,,,,,,,,,,,,
1884159,20210901,218552585,Pupiales,2.1.1.01.01.001,FACTORES SALARIALES COMUNES,GASTOS,FUNCIONAMIENTO,GASTOS DE PERSONAL,PLANTA DE PERSONAL PERMANENTE,FACTORES CONSTITUTIVOS DE SALARIO,FACTORES SALARIALES COMUNES,No Aplica,No Aplica,No Aplica,No Aplica,VIGENCIA ACTUAL,ENTIDADES TERRITORIALES - CONCEJO,NO DEFINIDO,,NO DEFINIDO,39598642.0,80140792.0,2021,Tercer Trimestre,,,,,,,,,,,,,,,,,,,,,,
1888636,20210601,218552585,Pupiales,2.1.2.01.01.003.03.01,"MAQUINAS PARA OFICINA Y CONTABILIDAD, Y SUS PARTES Y ACCESORIOS",GASTOS,FUNCIONAMIENTO,ADQUISICION DE BIENES Y SERVICIOS,ADQUISICION DE ACTIVOS NO FINANCIEROS,ACTIVOS FIJOS,MAQUINARIA Y EQUIPO,"MAQUINARIA DE OFICINA, CONTABILIDAD E INFORMATICA","MAQUINAS PARA OFICINA Y CONTABILIDAD, Y SUS PARTES Y ACCESORIOS",No Aplica,No Aplica,VIGENCIA ACTUAL,ENTIDADES TERRITORIALES - ADMINISTRACION CENTRAL,NO APLICA,0,NO DEFINIDO,25500000.0,23222392.0,2021,Segundo Trimestre,,,,,,,,,,,,,,,,,,,,,,
1889579,20230301,218552585,Pupiales,2.1.1.01.03.003,BONIFICACION DE DIRECCION PARA GOBERNADORES Y ALCALDES,GASTOS,FUNCIONAMIENTO,GASTOS DE PERSONAL,PLANTA DE PERSONAL PERMANENTE,REMUNERACIONES NO CONSTITUTIVAS DE FACTOR SALARIAL,BONIFICACION DE DIRECCION PARA GOBERNADORES Y ALCALDES,No Aplica,No Aplica,No Aplica,No Aplica,VIGENCIA ACTUAL,ENTIDADES TERRITORIALES - ADMINISTRACION CENTRAL,NO APLICA,0,NO DEFINIDO,39398856.0,39398856.0,2023,Primer Trimestre,,,,,,,,,,,,,,,,,,,,,,
1890110,20230301,218552585,Pupiales,2.1.1.01.01.001.07,BONIFICACION POR SERVICIOS PRESTADOS,GASTOS,FUNCIONAMIENTO,GASTOS DE PERSONAL,PLANTA DE PERSONAL PERMANENTE,FACTORES CONSTITUTIVOS DE SALARIO,FACTORES SALARIALES COMUNES,BONIFICACION POR SERVICIOS PRESTADOS,No Aplica,No Aplica,No Aplica,VIGENCIA ACTUAL,ENTIDADES TERRITORIALES - ADMINISTRACION CENTRAL,NO APLICA,0,NO DEFINIDO,14308659.0,14308659.0,2023,Primer Trimestre,,,,,,,,,,,,,,,,,,,,,,
1895583,20210301,218552585,Pupiales,2.1.2.02.02.007,SERVICIOS FINANCIEROS Y SERVICIOS CONEXOS; SERVICIOS INMOBILIARIOS; Y SERVICIOS DE ARRENDAMIENTO Y LEASING,GASTOS,FUNCIONAMIENTO,ADQUISICION DE BIENES Y SERVICIOS,ADQUISICIONES DIFERENTES DE ACTIVOS,ADQUISICION DE SERVICIOS,SERVICIOS FINANCIEROS Y SERVICIOS CONEXOS; SERVICIOS INMOBILIARIOS; Y SERVICIOS DE ARRENDAMIENTO Y LEASING,No Aplica,No Aplica,No Aplica,No Aplica,VIGENCIA ACTUAL,ENTIDADES TERRITORIALES - ADMINISTRACION CENTRAL,NO APLICA,0,NO DEFINIDO,27481000.0,27481000.0,2021,Primer Trimestre,,,,,,,,,,,,,,,,,,,,,,
1900300,20230301,218552585,Pupiales,2.1.1.01.02.009,APORTES A ESCUELAS INDUSTRIALES E INSTITUTOS TECNICOS,GASTOS,FUNCIONAMIENTO,GASTOS DE PERSONAL,PLANTA DE PERSONAL PERMANENTE,CONTRIBUCIONES INHERENTES A LA NOMINA,APORTES A ESCUELAS INDUSTRIALES E INSTITUTOS TECNICOS,No Aplica,No Aplica,No Aplica,No Aplica,VIGENCIA ACTUAL,ENTIDADES TERRITORIALES - ADMINISTRACION CENTRAL,NO APLICA,0,NO DEFINIDO,2500000.0,6828763.0,2023,Primer Trimestre,,,,,,,,,,,,,,,,,,,,,,
1908406,20210901,218552585,Pupiales,2.1.1.01.03.001.02,INDEMNIZACION POR VACACIONES,GASTOS,FUNCIONAMIENTO,GASTOS DE PERSONAL,PLANTA DE PERSONAL PERMANENTE,REMUNERACIONES NO CONSTITUTIVAS DE FACTOR SALARIAL,PRESTACIONES SOCIALES,INDEMNIZACION POR VACACIONES,No Aplica,No Aplica,No Aplica,VIGENCIA ACTUAL,ENTIDADES TERRITORIALES - ADMINISTRACION CENTRAL,NO APLICA,0,NO DEFINIDO,9500000.0,12000000.0,2021,Tercer Trimestre,,,,,,,,,,,,,,,,,,,,,,
1908605,20230301,218552585,Pupiales,2.1.2.02.02.006,"COMERCIO Y DISTRIBUCION; ALOJAMIENTO; SERVICIOS DE SUMINISTRO DE COMIDAS Y BEBIDAS; SERVICIOS DE TRANSPORTE; Y SERVICIOS DE DISTRIBUCION DE ELECTRICIDAD, GAS Y AGUA",GASTOS,FUNCIONAMIENTO,ADQUISICION DE BIENES Y SERVICIOS,ADQUISICIONES DIFERENTES DE ACTIVOS,ADQUISICION DE SERVICIOS,"COMERCIO Y DISTRIBUCION; ALOJAMIENTO; SERVICIOS DE SUMINISTRO DE COMIDAS Y BEBIDAS; SERVICIOS DE TRANSPORTE; Y SERVICIOS DE DISTRIBUCION DE ELECTRICIDAD, GAS Y AGUA",No Aplica,No Aplica,No Aplica,No Aplica,VIGENCIA ACTUAL,ENTIDADES TERRITORIALES - ADMINISTRACION CENTRAL,NO APLICA,0,NO DEFINIDO,50000000.0,70000000.0,2023,Primer Trimestre,,,,,,,,,,,,,,,,,,,,,,
1908764,20220901,218552585,Pupiales,2.1.2.02.02.009,"SERVICIOS PARA LA COMUNIDAD, SOCIALES Y PERSONALES",GASTOS,FUNCIONAMIENTO,ADQUISICION DE BIENES Y SERVICIOS,ADQUISICIONES DIFERENTES DE ACTIVOS,ADQUISICION DE SERVICIOS,"SERVICIOS PARA LA COMUNIDAD, SOCIALES Y PERSONALES",No Aplica,No Aplica,No Aplica,No Aplica,VIGENCIA ACTUAL,ENTIDADES TERRITORIALES - ADMINISTRACION CENTRAL,NO APLICA,0,NO DEFINIDO,531000000.0,608862400.0,2022,Tercer Trimestre,,,,,,,,,,,,,,,,,,,,,,
1908896,20220601,218552585,Pupiales,2.2.2.01.02,PRESTAMOS,GASTOS,SERVICIO DE LA DEUDA PUBLICA,SERVICIO DE LA DEUDA PUBLICA INTERNA,PRINCIPAL,PRESTAMOS,No Aplica,No Aplica,No Aplica,No Aplica,No Aplica,VIGENCIA ACTUAL,ENTIDADES TERRITORIALES - ADMINISTRACION CENTRAL,NO DEFINIDO,,NO DEFINIDO,520000100.0,407000100.0,2022,Segundo Trimestre,,,,,,,,,,,,,,,,,,,,,,
1909082,20230301,218552585,Pupiales,2.1.2.02.02,ADQUISICION DE SERVICIOS,GASTOS,FUNCIONAMIENTO,ADQUISICION DE BIENES Y SERVICIOS,ADQUISICIONES DIFERENTES DE ACTIVOS,ADQUISICION DE SERVICIOS,No Aplica,No Aplica,No Aplica,No Aplica,No Aplica,CUENTAS POR PAGAR,ENTIDADES TERRITORIALES - ADMINISTRACION CENTRAL,NO DEFINIDO,,NO DEFINIDO,1800000.0,1800000.0,2023,Primer Trimestre,,,,,,,,,,,,,,,,,,,,,,
1910127,20211201,218552585,Pupiales,2.1.3.14.05,APORTES VOLUNTARIOS,GASTOS,FUNCIONAMIENTO,TRANSFERENCIAS CORRIENTES,APORTES AL FONPET,APORTES VOLUNTARIOS,No Aplica,No Aplica,No Aplica,No Aplica,No Aplica,VIGENCIA ACTUAL,ENTIDADES TERRITORIALES - ADMINISTRACION CENTRAL,NO APLICA,0,NO DEFINIDO,115729990.0,93251056.0,2021,Cuarto Trimestre,,,,,,,,,,,,,,,,,,,,,,
1911772,20220301,218552585,Pupiales,2.1,FUNCIONAMIENTO,GASTOS,FUNCIONAMIENTO,No Aplica,No Aplica,No Aplica,No Aplica,No Aplica,No Aplica,No Aplica,No Aplica,VIGENCIA ACTUAL,ENTIDADES TERRITORIALES - CONCEJO,NO DEFINIDO,,NO DEFINIDO,268089210.0,268089210.0,2022,Primer Trimestre,,,,,,,,,,,,,,,,,,,,,,
1912974,20211201,218552585,Pupiales,2.1.2.02.01.003,"OTROS BIENES TRANSPORTABLES EXCEPTO PRODUCTOS METALICOS, MAQUINARIA Y EQUIPO",GASTOS,FUNCIONAMIENTO,ADQUISICION DE BIENES Y SERVICIOS,ADQUISICIONES DIFERENTES DE ACTIVOS,MATERIALES Y SUMINISTROS,"OTROS BIENES TRANSPORTABLES EXCEPTO PRODUCTOS METALICOS, MAQUINARIA Y EQUIPO",No Aplica,No Aplica,No Aplica,No Aplica,VIGENCIA ACTUAL,ENTIDADES TERRITORIALES - ADMINISTRACION CENTRAL,NO APLICA,0,NO DEFINIDO,25500000.0,42493100.0,2021,Cuarto Trimestre,,,,,,,,,,,,,,,,,,,,,,
1914200,20220301,218552585,Pupiales,2.1.1.01.03.001.02,INDEMNIZACION POR VACACIONES,GASTOS,FUNCIONAMIENTO,GASTOS DE PERSONAL,PLANTA DE PERSONAL PERMANENTE,REMUNERACIONES NO CONSTITUTIVAS DE FACTOR SALARIAL,PRESTACIONES SOCIALES,INDEMNIZACION POR VACACIONES,No Aplica,No Aplica,No Aplica,VIGENCIA ACTUAL,ENTIDADES TERRITORIALES - ADMINISTRACION CENTRAL,NO APLICA,0,NO DEFINIDO,15000000.0,15000000.0,2022,Primer Trimestre,,,,,,,,,,,,,,,,,,,,,,
1915792,20230301,218552585,Pupiales,2.1.3.05.04.001,PARTICIPACIONES DE IMPUESTOS,GASTOS,FUNCIONAMIENTO,TRANSFERENCIAS CORRIENTES,A ENTIDADES DEL GOBIERNO,PARTICIPACIONES DISTINTAS DEL SGP,PARTICIPACIONES DE IMPUESTOS,No Aplica,No Aplica,No Aplica,No Aplica,VIGENCIA ACTUAL,ENTIDADES TERRITORIALES - ADMINISTRACION CENTRAL,NO DEFINIDO,,NO DEFINIDO,18000000.0,18000000.0,2023,Primer Trimestre,,,,,,,,,,,,,,,,,,,,,,
1921262,20220601,218552585,Pupiales,2.1.1.01.01,FACTORES CONSTITUTIVOS DE SALARIO,GASTOS,FUNCIONAMIENTO,GASTOS DE PERSONAL,PLANTA DE PERSONAL PERMANENTE,FACTORES CONSTITUTIVOS DE SALARIO,No Aplica,No Aplica,No Aplica,No Aplica,No Aplica,VIGENCIA ACTUAL,ENTIDADES TERRITORIALES - CONCEJO,NO DEFINIDO,,NO DEFINIDO,54511560.0,60000000.0,2022,Segundo Trimestre,,,,,,,,,,,,,,,,,,,,,,
1922004,20230301,218552585,Pupiales,2.1.1.01.01.001.08.01,PRIMA DE NAVIDAD,GASTOS,FUNCIONAMIENTO,GASTOS DE PERSONAL,PLANTA DE PERSONAL PERMANENTE,FACTORES CONSTITUTIVOS DE SALARIO,FACTORES SALARIALES COMUNES,PRESTACIONES SOCIALES,PRIMA DE NAVIDAD,No Aplica,No Aplica,VIGENCIA ACTUAL,ENTIDADES TERRITORIALES - ADMINISTRACION CENTRAL,NO APLICA,0,NO DEFINIDO,25000000.0,51500000.0,2023,Primer Trimestre,,,,,,,,,,,,,,,,,,,,,,
1922932,20230301,218552585,Pupiales,2.1.3.05.04.001.13,PARTICIPACION DE LA SOBRETASA AMBIENTAL,GASTOS,FUNCIONAMIENTO,TRANSFERENCIAS CORRIENTES,A ENTIDADES DEL GOBIERNO,PARTICIPACIONES DISTINTAS DEL SGP,PARTICIPACIONES DE IMPUESTOS,PARTICIPACION DE LA SOBRETASA AMBIENTAL,No Aplica,No Aplica,No Aplica,CUENTAS POR PAGAR,ENTIDADES TERRITORIALES - ADMINISTRACION CENTRAL,NO DEFINIDO,,NO DEFINIDO,481959.0,481959.0,2023,Primer Trimestre,,,,,,,,,,,,,,,,,,,,,,
1925619,20210301,218552585,Pupiales,2.1.1.01.01.001,FACTORES SALARIALES COMUNES,GASTOS,FUNCIONAMIENTO,GASTOS DE PERSONAL,PLANTA DE PERSONAL PERMANENTE,FACTORES CONSTITUTIVOS DE SALARIO,FACTORES SALARIALES COMUNES,No Aplica,No Aplica,No Aplica,No Aplica,VIGENCIA ACTUAL,ENTIDADES TERRITORIALES - ADMINISTRACION CENTRAL,NO DEFINIDO,,NO DEFINIDO,615419528.0,585419528.0,2021,Primer Trimestre,,,,,,,,,,,,,,,,,,,,,,
1927072,20220301,218552585,Pupiales,2.1.1.01.01.001.01,SUELDO BASICO,GASTOS,FUNCIONAMIENTO,GASTOS DE PERSONAL,PLANTA DE PERSONAL PERMANENTE,FACTORES CONSTITUTIVOS DE SALARIO,FACTORES SALARIALES COMUNES,SUELDO BASICO,No Aplica,No Aplica,No Aplica,VIGENCIA ACTUAL,ENTIDADES TERRITORIALES - ADMINISTRACION CENTRAL,NO APLICA,0,NO DEFINIDO,400000000.0,376000000.0,2022,Primer Trimestre,,,,,,,,,,,,,,,,,,,,,,
1927304,20220301,218552585,Pupiales,2.1.3.13.01.001,SENTENCIAS,GASTOS,FUNCIONAMIENTO,TRANSFERENCIAS CORRIENTES,SENTENCIAS Y CONCILIACIONES,FALLOS NACIONALES,SENTENCIAS,No Aplica,No Aplica,No Aplica,No Aplica,VIGENCIA ACTUAL,ENTIDADES TERRITORIALES - ADMINISTRACION CENTRAL,NO APLICA,0,NO DEFINIDO,0.0,14000000.0,2022,Primer Trimestre,,,,,,,,,,,,,,,,,,,,,,
1934217,20211201,218552585,Pupiales,2.1.1.01.01.001.10,VIATICOS DE LOS FUNCIONARIOS EN COMISION,GASTOS,FUNCIONAMIENTO,GASTOS DE PERSONAL,PLANTA DE PERSONAL PERMANENTE,FACTORES CONSTITUTIVOS DE SALARIO,FACTORES SALARIALES COMUNES,VIATICOS DE LOS FUNCIONARIOS EN COMISION,No Aplica,No Aplica,No Aplica,VIGENCIA ACTUAL,ENTIDADES TERRITORIALES - ADMINISTRACION CENTRAL,NO APLICA,0,NO DEFINIDO,26500000.0,10000100.0,2021,Cuarto Trimestre,,,,,,,,,,,,,,,,,,,,,,
1935146,20220301,218552585,Pupiales,2.2.2.02,INTERESES,GASTOS,SERVICIO DE LA DEUDA PUBLICA,SERVICIO DE LA DEUDA PUBLICA INTERNA,INTERESES,No Aplica,No Aplica,No Aplica,No Aplica,No Aplica,No Aplica,VIGENCIA ACTUAL,ENTIDADES TERRITORIALES - ADMINISTRACION CENTRAL,NO DEFINIDO,,NO DEFINIDO,96000000.0,96000000.0,2022,Primer Trimestre,,,,,,,,,,,,,,,,,,,,,,
1936760,20210301,218552585,Pupiales,2.1.1.01.01.001.04,SUBSIDIO DE ALIMENTACION,GASTOS,FUNCIONAMIENTO,GASTOS DE PERSONAL,PLANTA DE PERSONAL PERMANENTE,FACTORES CONSTITUTIVOS DE SALARIO,FACTORES SALARIALES COMUNES,SUBSIDIO DE ALIMENTACION,No Aplica,No Aplica,No Aplica,VIGENCIA ACTUAL,ENTIDADES TERRITORIALES - ADMINISTRACION CENTRAL,NO APLICA,0,NO DEFINIDO,9540000.0,9540000.0,2021,Primer Trimestre,,,,,,,,,,,,,,,,,,,,,,
1939142,20221201,218552585,Pupiales,2.1.1.01.03.004,BONIFICACION DE GESTION TERRITORIAL PARA ALCALDES,GASTOS,FUNCIONAMIENTO,GASTOS DE PERSONAL,PLANTA DE PERSONAL PERMANENTE,REMUNERACIONES NO CONSTITUTIVAS DE FACTOR SALARIAL,BONIFICACION DE GESTION TERRITORIAL PARA ALCALDES,No Aplica,No Aplica,No Aplica,No Aplica,VIGENCIA ACTUAL,ENTIDADES TERRITORIALES - ADMINISTRACION CENTRAL,NO APLICA,0,NO DEFINIDO,7250000.0,7035510.0,2022,Cuarto Trimestre,,,,,,,,,,,,,,,,,,,,,,
1942743,20211201,218552585,Pupiales,2.1.3.05.04.001.13,PARTICIPACION DE LA SOBRETASA AMBIENTAL,GASTOS,FUNCIONAMIENTO,TRANSFERENCIAS CORRIENTES,A ENTIDADES DEL GOBIERNO,PARTICIPACIONES DISTINTAS DEL SGP,PARTICIPACIONES DE IMPUESTOS,PARTICIPACION DE LA SOBRETASA AMBIENTAL,No Aplica,No Aplica,No Aplica,VIGENCIA ACTUAL,ENTIDADES TERRITORIALES - ADMINISTRACION CENTRAL,NO DEFINIDO,,NO DEFINIDO,45000000.0,80012976.0,2021,Cuarto Trimestre,,,,,,,,,,,,,,,,,,,,,,
1943762,20210901,218552585,Pupiales,2.1.1.01.02.001,APORTES A LA SEGURIDAD SOCIAL EN PENSIONES,GASTOS,FUNCIONAMIENTO,GASTOS DE PERSONAL,PLANTA DE PERSONAL PERMANENTE,CONTRIBUCIONES INHERENTES A LA NOMINA,APORTES A LA SEGURIDAD SOCIAL EN PENSIONES,No Aplica,No Aplica,No Aplica,No Aplica,VIGENCIA ACTUAL,ENTIDADES TERRITORIALES - ADMINISTRACION CENTRAL,NO APLICA,0,NO DEFINIDO,55166252.0,78392252.0,2021,Tercer Trimestre,,,,,,,,,,,,,,,,,,,,,,
1945063,20211201,218552585,Pupiales,2,GASTOS,GASTOS,No Aplica,No Aplica,No Aplica,No Aplica,No Aplica,No Aplica,No Aplica,No Aplica,No Aplica,VIGENCIA ACTUAL,ENTIDADES TERRITORIALES - CONCEJO,NO DEFINIDO,,NO DEFINIDO,249787522.0,226448376.0,2021,Cuarto Trimestre,,,,,,,,,,,,,,,,,,,,,,
1946927,20210601,218552585,Pupiales,2.1.1.01.03.001.02,INDEMNIZACION POR VACACIONES,GASTOS,FUNCIONAMIENTO,GASTOS DE PERSONAL,PLANTA DE PERSONAL PERMANENTE,REMUNERACIONES NO CONSTITUTIVAS DE FACTOR SALARIAL,PRESTACIONES SOCIALES,INDEMNIZACION POR VACACIONES,No Aplica,No Aplica,No Aplica,VIGENCIA ACTUAL,ENTIDADES TERRITORIALES - ADMINISTRACION CENTRAL,NO APLICA,0,NO DEFINIDO,9500000.0,9500000.0,2021,Segundo Trimestre,,,,,,,,,,,,,,,,,,,,,,
1947257,20210301,218552585,Pupiales,2.1.2.01.01.004,ACTIVOS FIJOS NO CLASIFICADOS COMO MAQUINARIA Y EQUIPO,GASTOS,FUNCIONAMIENTO,ADQUISICION DE BIENES Y SERVICIOS,ADQUISICION DE ACTIVOS NO FINANCIEROS,ACTIVOS FIJOS,ACTIVOS FIJOS NO CLASIFICADOS COMO MAQUINARIA Y EQUIPO,No Aplica,No Aplica,No Aplica,No Aplica,VIGENCIA ACTUAL,ENTIDADES TERRITORIALES - ADMINISTRACION CENTRAL,NO DEFINIDO,,NO DEFINIDO,14500000.0,14500000.0,2021,Primer Trimestre,,,,,,,,,,,,,,,,,,,,,,
1948013,20210601,218552585,Pupiales,2,GASTOS,GASTOS,No Aplica,No Aplica,No Aplica,No Aplica,No Aplica,No Aplica,No Aplica,No Aplica,No Aplica,VIGENCIA ACTUAL,ENTIDADES TERRITORIALES - ADMINISTRACION CENTRAL,NO DEFINIDO,,NO DEFINIDO,21014171312.0,25250070018.0,2021,Segundo Trimestre,,,,,,,,,,,,,,,,,,,,,,
1948226,20211201,218552585,Pupiales,2.1.1.01.02.001,APORTES A LA SEGURIDAD SOCIAL EN PENSIONES,GASTOS,FUNCIONAMIENTO,GASTOS DE PERSONAL,PLANTA DE PERSONAL PERMANENTE,CONTRIBUCIONES INHERENTES A LA NOMINA,APORTES A LA SEGURIDAD SOCIAL EN PENSIONES,No Aplica,No Aplica,No Aplica,No Aplica,VIGENCIA ACTUAL,ENTIDADES TERRITORIALES - ADMINISTRACION CENTRAL,NO APLICA,0,NO DEFINIDO,55166252.0,77172097.0,2021,Cuarto Trimestre,,,,,,,,,,,,,,,,,,,,,,
1949800,20230301,218552585,Pupiales,2.1.3.04.02,FEDERACION NACIONAL DE MUNICIPIOS,GASTOS,FUNCIONAMIENTO,TRANSFERENCIAS CORRIENTES,A ORGANIZACIONES NACIONALES,FEDERACION NACIONAL DE MUNICIPIOS,No Aplica,No Aplica,No Aplica,No Aplica,No Aplica,VIGENCIA ACTUAL,ENTIDADES TERRITORIALES - ADMINISTRACION CENTRAL,NO DEFINIDO,,NO DEFINIDO,503000.0,503000.0,2023,Primer Trimestre,,,,,,,,,,,,,,,,,,,,,,
1952955,20220901,218552585,Pupiales,2.1.3.13,SENTENCIAS Y CONCILIACIONES,GASTOS,FUNCIONAMIENTO,TRANSFERENCIAS CORRIENTES,SENTENCIAS Y CONCILIACIONES,No Aplica,No Aplica,No Aplica,No Aplica,No Aplica,No Aplica,VIGENCIA ACTUAL,ENTIDADES TERRITORIALES - ADMINISTRACION CENTRAL,NO DEFINIDO,,NO DEFINIDO,0.0,14000000.0,2022,Tercer Trimestre,,,,,,,,,,,,,,,,,,,,,,
1955091,20230601,218552585,Pupiales,2.1.1.01.02.006,APORTES AL ICBF,GASTOS,FUNCIONAMIENTO,GASTOS DE PERSONAL,PLANTA DE PERSONAL PERMANENTE,CONTRIBUCIONES INHERENTES A LA NOMINA,APORTES AL ICBF,No Aplica,No Aplica,No Aplica,No Aplica,VIGENCIA ACTUAL,ENTIDADES TERRITORIALES - ADMINISTRACION CENTRAL,NO APLICA,0,NO DEFINIDO,18000000.0,18000000.0,2023,Segundo Trimestre,,,,,,,,,,,,,,,,,,,,,,
1958312,20210301,218552585,Pupiales,2.1.1.01.02,CONTRIBUCIONES INHERENTES A LA NOMINA,GASTOS,FUNCIONAMIENTO,GASTOS DE PERSONAL,PLANTA DE PERSONAL PERMANENTE,CONTRIBUCIONES INHERENTES A LA NOMINA,No Aplica,No Aplica,No Aplica,No Aplica,No Aplica,VIGENCIA ACTUAL,ENTIDADES TERRITORIALES - ADMINISTRACION CENTRAL,NO DEFINIDO,,NO DEFINIDO,211732245.0,211732245.0,2021,Primer Trimestre,,,,,,,,,,,,,,,,,,,,,,
1960719,20230301,218552585,Pupiales,2.1.1.01.03.001,PRESTACIONES SOCIALES,GASTOS,FUNCIONAMIENTO,GASTOS DE PERSONAL,PLANTA DE PERSONAL PERMANENTE,REMUNERACIONES NO CONSTITUTIVAS DE FACTOR SALARIAL,PRESTACIONES SOCIALES,No Aplica,No Aplica,No Aplica,No Aplica,VIGENCIA ACTUAL,ENTIDADES TERRITORIALES - ADMINISTRACION CENTRAL,NO DEFINIDO,,NO DEFINIDO,23002000.0,23002000.0,2023,Primer Trimestre,,,,,,,,,,,,,,,,,,,,,,
1961337,20220901,218552585,Pupiales,2.1.1.01.01,FACTORES CONSTITUTIVOS DE SALARIO,GASTOS,FUNCIONAMIENTO,GASTOS DE PERSONAL,PLANTA DE PERSONAL PERMANENTE,FACTORES CONSTITUTIVOS DE SALARIO,No Aplica,No Aplica,No Aplica,No Aplica,No Aplica,VIGENCIA ACTUAL,ENTIDADES TERRITORIALES - PERSONERIA,NO DEFINIDO,,NO DEFINIDO,136278900.0,150000000.0,2022,Tercer Trimestre,,,,,,,,,,,,,,,,,,,,,,
1961568,20210301,218552585,Pupiales,2.1,FUNCIONAMIENTO,GASTOS,FUNCIONAMIENTO,No Aplica,No Aplica,No Aplica,No Aplica,No Aplica,No Aplica,No Aplica,No Aplica,VIGENCIA ACTUAL,ENTIDADES TERRITORIALES - ADMINISTRACION CENTRAL,NO DEFINIDO,,NO DEFINIDO,1549008225.0,1549008225.0,2021,Primer Trimestre,,,,,,,,,,,,,,,,,,,,,,
1964839,20210301,218552585,Pupiales,2.1.2.01.01.003,MAQUINARIA Y EQUIPO,GASTOS,FUNCIONAMIENTO,ADQUISICION DE BIENES Y SERVICIOS,ADQUISICION DE ACTIVOS NO FINANCIEROS,ACTIVOS FIJOS,MAQUINARIA Y EQUIPO,No Aplica,No Aplica,No Aplica,No Aplica,VIGENCIA ACTUAL,ENTIDADES TERRITORIALES - ADMINISTRACION CENTRAL,NO DEFINIDO,,NO DEFINIDO,25500000.0,25500000.0,2021,Primer Trimestre,,,,,,,,,,,,,,,,,,,,,,
1972231,20210601,218552585,Pupiales,2.1.1.01.01.001.08,PRESTACIONES SOCIALES,GASTOS,FUNCIONAMIENTO,GASTOS DE PERSONAL,PLANTA DE PERSONAL PERMANENTE,FACTORES CONSTITUTIVOS DE SALARIO,FACTORES SALARIALES COMUNES,PRESTACIONES SOCIALES,No Aplica,No Aplica,No Aplica,VIGENCIA ACTUAL,ENTIDADES TERRITORIALES - ADMINISTRACION CENTRAL,NO DEFINIDO,,NO DEFINIDO,75509512.0,45509512.0,2021,Segundo Trimestre,,,,,,,,,,,,,,,,,,,,,,
1973397,20220601,218552585,Pupiales,2.1,FUNCIONAMIENTO,GASTOS,FUNCIONAMIENTO,No Aplica,No Aplica,No Aplica,No Aplica,No Aplica,No Aplica,No Aplica,No Aplica,VIGENCIA ACTUAL,ENTIDADES TERRITORIALES - CONCEJO,NO DEFINIDO,,NO DEFINIDO,268089210.0,273577650.0,2022,Segundo Trimestre,,,,,,,,,,,,,,,,,,,,,,
1976363,20220601,218552585,Pupiales,2.1.1.01.01,FACTORES CONSTITUTIVOS DE SALARIO,GASTOS,FUNCIONAMIENTO,GASTOS DE PERSONAL,PLANTA DE PERSONAL PERMANENTE,FACTORES CONSTITUTIVOS DE SALARIO,No Aplica,No Aplica,No Aplica,No Aplica,No Aplica,VIGENCIA ACTUAL,ENTIDADES TERRITORIALES - PERSONERIA,NO DEFINIDO,,NO DEFINIDO,136278900.0,150000000.0,2022,Segundo Trimestre,,,,,,,,,,,,,,,,,,,,,,
1976820,20211201,218552585,Pupiales,2.1.1.01.01.001.04,SUBSIDIO DE ALIMENTACION,GASTOS,FUNCIONAMIENTO,GASTOS DE PERSONAL,PLANTA DE PERSONAL PERMANENTE,FACTORES CONSTITUTIVOS DE SALARIO,FACTORES SALARIALES COMUNES,SUBSIDIO DE ALIMENTACION,No Aplica,No Aplica,No Aplica,VIGENCIA ACTUAL,ENTIDADES TERRITORIALES - ADMINISTRACION CENTRAL,NO APLICA,0,NO DEFINIDO,9540000.0,9159994.0,2021,Cuarto Trimestre,,,,,,,,,,,,,,,,,,,,,,
1978986,20230601,218552585,Pupiales,2.2.2.02,INTERESES,GASTOS,SERVICIO DE LA DEUDA PUBLICA,SERVICIO DE LA DEUDA PUBLICA INTERNA,INTERESES,No Aplica,No Aplica,No Aplica,No Aplica,No Aplica,No Aplica,VIGENCIA ACTUAL,ENTIDADES TERRITORIALES - ADMINISTRACION CENTRAL,NO DEFINIDO,,NO DEFINIDO,133541462.0,183008462.0,2023,Segundo Trimestre,,,,,,,,,,,,,,,,,,,,,,
1980023,20220601,218552585,Pupiales,2.1.2.02,ADQUISICIONES DIFERENTES DE ACTIVOS,GASTOS,FUNCIONAMIENTO,ADQUISICION DE BIENES Y SERVICIOS,ADQUISICIONES DIFERENTES DE ACTIVOS,No Aplica,No Aplica,No Aplica,No Aplica,No Aplica,No Aplica,VIGENCIA ACTUAL,ENTIDADES TERRITORIALES - ADMINISTRACION CENTRAL,NO DEFINIDO,,NO DEFINIDO,651364916.0,708364916.0,2022,Segundo Trimestre,,,,,,,,,,,,,,,,,,,,,,
1980993,20230601,218552585,Pupiales,2.1.2.01.01.003.03.01,"MAQUINAS PARA OFICINA Y CONTABILIDAD, Y SUS PARTES Y ACCESORIOS",GASTOS,FUNCIONAMIENTO,ADQUISICION DE BIENES Y SERVICIOS,ADQUISICION DE ACTIVOS NO FINANCIEROS,ACTIVOS FIJOS,MAQUINARIA Y EQUIPO,"MAQUINARIA DE OFICINA, CONTABILIDAD E INFORMATICA","MAQUINAS PARA OFICINA Y CONTABILIDAD, Y SUS PARTES Y ACCESORIOS",No Aplica,No Aplica,VIGENCIA ACTUAL,ENTIDADES TERRITORIALES - ADMINISTRACION CENTRAL,NO APLICA,0,NO DEFINIDO,3000000.0,23000000.0,2023,Segundo Trimestre,,,,,,,,,,,,,,,,,,,,,,
1981170,20220601,218552585,Pupiales,2.1.1.01.02.003,APORTES DE CESANTIAS,GASTOS,FUNCIONAMIENTO,GASTOS DE PERSONAL,PLANTA DE PERSONAL PERMANENTE,CONTRIBUCIONES INHERENTES A LA NOMINA,APORTES DE CESANTIAS,No Aplica,No Aplica,No Aplica,No Aplica,VIGENCIA ACTUAL,ENTIDADES TERRITORIALES - ADMINISTRACION CENTRAL,NO APLICA,0,NO DEFINIDO,97978550.0,97978550.0,2022,Segundo Trimestre,,,,,,,,,,,,,,,,,,,,,,
1983002,20211201,218552585,Pupiales,2.1.3.04,A ORGANIZACIONES NACIONALES,GASTOS,FUNCIONAMIENTO,TRANSFERENCIAS CORRIENTES,A ORGANIZACIONES NACIONALES,No Aplica,No Aplica,No Aplica,No Aplica,No Aplica,No Aplica,VIGENCIA ACTUAL,ENTIDADES TERRITORIALES - ADMINISTRACION CENTRAL,NO DEFINIDO,,NO DEFINIDO,1000.0,1000.0,2021,Cuarto Trimestre,,,,,,,,,,,,,,,,,,,,,,
1991520,20221201,218552585,Pupiales,2.1.1.01,PLANTA DE PERSONAL PERMANENTE,GASTOS,FUNCIONAMIENTO,GASTOS DE PERSONAL,PLANTA DE PERSONAL PERMANENTE,No Aplica,No Aplica,No Aplica,No Aplica,No Aplica,No Aplica,VIGENCIA ACTUAL,ENTIDADES TERRITORIALES - ADMINISTRACION CENTRAL,NO DEFINIDO,,NO DEFINIDO,896628550.0,1092159427.0,2022,Cuarto Trimestre,,,,,,,,,,,,,,,,,,,,,,
1991653,20221201,218552585,Pupiales,2.1.1.01.03.001,PRESTACIONES SOCIALES,GASTOS,FUNCIONAMIENTO,GASTOS DE PERSONAL,PLANTA DE PERSONAL PERMANENTE,REMUNERACIONES NO CONSTITUTIVAS DE FACTOR SALARIAL,PRESTACIONES SOCIALES,No Aplica,No Aplica,No Aplica,No Aplica,VIGENCIA ACTUAL,ENTIDADES TERRITORIALES - ADMINISTRACION CENTRAL,NO DEFINIDO,,NO DEFINIDO,41000000.0,46852518.0,2022,Cuarto Trimestre,,,,,,,,,,,,,,,,,,,,,,
1993391,20211201,218552585,Pupiales,2.1.1.01.03.006,HONORARIOS CONCEJALES,GASTOS,FUNCIONAMIENTO,GASTOS DE PERSONAL,PLANTA DE PERSONAL PERMANENTE,REMUNERACIONES NO CONSTITUTIVAS DE FACTOR SALARIAL,HONORARIOS CONCEJALES,No Aplica,No Aplica,No Aplica,No Aplica,VIGENCIA ACTUAL,ENTIDADES TERRITORIALES - CONCEJO,NO APLICA,0,NO DEFINIDO,210188880.0,171936816.0,2021,Cuarto Trimestre,,,,,,,,,,,,,,,,,,,,,,
2003500,20211201,218552585,Pupiales,2.1.1.01,PLANTA DE PERSONAL PERMANENTE,GASTOS,FUNCIONAMIENTO,GASTOS DE PERSONAL,PLANTA DE PERSONAL PERMANENTE,No Aplica,No Aplica,No Aplica,No Aplica,No Aplica,No Aplica,VIGENCIA ACTUAL,ENTIDADES TERRITORIALES - CONCEJO,NO DEFINIDO,,NO DEFINIDO,249787522.0,226448376.0,2021,Cuarto Trimestre,,,,,,,,,,,,,,,,,,,,,,
2009948,20221201,218552585,Pupiales,2.1.2.02,ADQUISICIONES DIFERENTES DE ACTIVOS,GASTOS,FUNCIONAMIENTO,ADQUISICION DE BIENES Y SERVICIOS,ADQUISICIONES DIFERENTES DE ACTIVOS,No Aplica,No Aplica,No Aplica,No Aplica,No Aplica,No Aplica,VIGENCIA ACTUAL,ENTIDADES TERRITORIALES - ADMINISTRACION CENTRAL,NO DEFINIDO,,NO DEFINIDO,651364916.0,778791910.0,2022,Cuarto Trimestre,,,,,,,,,,,,,,,,,,,,,,
2012974,20221201,218552585,Pupiales,2.1.1,GASTOS DE PERSONAL,GASTOS,FUNCIONAMIENTO,GASTOS DE PERSONAL,No Aplica,No Aplica,No Aplica,No Aplica,No Aplica,No Aplica,No Aplica,VIGENCIA ACTUAL,ENTIDADES TERRITORIALES - CONCEJO,NO DEFINIDO,,NO DEFINIDO,268089210.0,186360699.0,2022,Cuarto Trimestre,,,,,,,,,,,,,,,,,,,,,,
2015705,20230601,218552585,Pupiales,2.1.1.01.02.004,APORTES A CAJAS DE COMPENSACION FAMILIAR,GASTOS,FUNCIONAMIENTO,GASTOS DE PERSONAL,PLANTA DE PERSONAL PERMANENTE,CONTRIBUCIONES INHERENTES A LA NOMINA,APORTES A CAJAS DE COMPENSACION FAMILIAR,No Aplica,No Aplica,No Aplica,No Aplica,VIGENCIA ACTUAL,ENTIDADES TERRITORIALES - ADMINISTRACION CENTRAL,NO APLICA,0,NO DEFINIDO,24000000.0,24000000.0,2023,Segundo Trimestre,,,,,,,,,,,,,,,,,,,,,,
2018239,20221201,218552585,Pupiales,2.99,INVERSIÓN CONSOLIDADA,GASTOS,INVERSIÓN CONSOLIDADA,No Aplica,No Aplica,No Aplica,No Aplica,No Aplica,No Aplica,No Aplica,No Aplica,VIGENCIA ACTUAL,ENTIDADES TERRITORIALES - ADMINISTRACION CENTRAL,EDUCACION AMBIENTAL,0,NO DEFINIDO,5000000.0,1015000.0,2022,Cuarto Trimestre,,,,,,,,,,,,,,,,,,,,,,
2021852,20230301,218552585,Pupiales,2.99,INVERSIÓN CONSOLIDADA,GASTOS,INVERSIÓN CONSOLIDADA,No Aplica,No Aplica,No Aplica,No Aplica,No Aplica,No Aplica,No Aplica,No Aplica,VIGENCIA ACTUAL,ENTIDADES TERRITORIALES - ADMINISTRACION CENTRAL,FORTALECIMIENTO DEL BUEN GOBIERNO PARA EL RESPETO Y GARANTIA DE LOS DERECHOS HUMANOS,1,NO DEFINIDO,20000000.0,2000000.0,2023,Primer Trimestre,,,,,,,,,,,,,,,,,,,,,,
2022552,20220301,218552585,Pupiales,2.99,INVERSIÓN CONSOLIDADA,GASTOS,INVERSIÓN CONSOLIDADA,No Aplica,No Aplica,No Aplica,No Aplica,No Aplica,No Aplica,No Aplica,No Aplica,VIGENCIA ACTUAL,ENTIDADES TERRITORIALES - ADMINISTRACION CENTRAL,ACCESO AL SERVICIO PUBLICO DOMICILIARIO DE GAS COMBUSTIBLE,0,NO DEFINIDO,10000000.0,10000000.0,2022,Primer Trimestre,,,,,,,,,,,,,,,,,,,,,,
2045664,20211201,218552585,Pupiales,2.99,INVERSIÓN CONSOLIDADA,GASTOS,INVERSIÓN CONSOLIDADA,No Aplica,No Aplica,No Aplica,No Aplica,No Aplica,No Aplica,No Aplica,No Aplica,VIGENCIA ACTUAL,ENTIDADES TERRITORIALES - ADMINISTRACION CENTRAL,"ATENCION, ASISTENCIA  Y REPARACION INTEGRAL A LAS VICTIMAS",0,NO DEFINIDO,50000000.0,38531584.0,2021,Cuarto Trimestre,,,,,,,,,,,,,,,,,,,,,,
2076364,20210901,218552585,Pupiales,2.99,INVERSIÓN CONSOLIDADA,GASTOS,INVERSIÓN CONSOLIDADA,No Aplica,No Aplica,No Aplica,No Aplica,No Aplica,No Aplica,No Aplica,No Aplica,VIGENCIA ACTUAL,ENTIDADES TERRITORIALES - ADMINISTRACION CENTRAL,04.01 - INFORMACION ESTADISTICA - LEVANTAMIENTO Y ACTUALIZACION DE INFORMACION ESTADISTICA DE CALIDAD,0,NO DEFINIDO,30000000.0,30000000.0,2021,Tercer Trimestre,,,,,,,,,,,,,,,,,,,,,,
2078197,20220601,218552585,Pupiales,2.99,INVERSIÓN CONSOLIDADA,GASTOS,INVERSIÓN CONSOLIDADA,No Aplica,No Aplica,No Aplica,No Aplica,No Aplica,No Aplica,No Aplica,No Aplica,VIGENCIA ACTUAL,ENTIDADES TERRITORIALES - ADMINISTRACION CENTRAL,ACCESO DE LA POBLACION A LOS SERVICIOS DE AGUA POTABLE Y SANEAMIENTO BASICO,0,NO DEFINIDO,1078677580.0,972588553.0,2022,Segundo Trimestre,,,,,,,,,,,,,,,,,,,,,,
2082198,20210301,218552585,Pupiales,2.99,INVERSIÓN CONSOLIDADA,GASTOS,INVERSIÓN CONSOLIDADA,No Aplica,No Aplica,No Aplica,No Aplica,No Aplica,No Aplica,No Aplica,No Aplica,VIGENCIA ACTUAL,ENTIDADES TERRITORIALES - ADMINISTRACION CENTRAL,"22.01 - EDUCACION - CALIDAD, COBERTURA Y FORTALECIMIENTO DE LA EDUCACION INICIAL, PRESCOLAR, BASICA Y MEDIA",0,NO DEFINIDO,575795638.0,575795638.0,2021,Primer Trimestre,,,,,,,,,,,,,,,,,,,,,,
2090162,20221201,218552585,Pupiales,2.99,INVERSIÓN CONSOLIDADA,GASTOS,INVERSIÓN CONSOLIDADA,No Aplica,No Aplica,No Aplica,No Aplica,No Aplica,No Aplica,No Aplica,No Aplica,VIGENCIA ACTUAL,ENTIDADES TERRITORIALES - ADMINISTRACION CENTRAL,SEGURIDAD DE TRANSPORTE,0,NO DEFINIDO,5000000.0,0.0,2022,Cuarto Trimestre,,,,,,,,,,,,,,,,,,,,,,
2090383,20210901,218552585,Pupiales,2.99,INVERSIÓN CONSOLIDADA,GASTOS,INVERSIÓN CONSOLIDADA,No Aplica,No Aplica,No Aplica,No Aplica,No Aplica,No Aplica,No Aplica,No Aplica,VIGENCIA ACTUAL,ENTIDADES TERRITORIALES - ADMINISTRACION CENTRAL,04.06 - INFORMACION ESTADISTICA - GENERACION DE LA INFORMACION GEOGRAFICA DEL TERRITORIO NACIONAL,0,NO DEFINIDO,20000000.0,0.0,2021,Tercer Trimestre,,,,,,,,,,,,,,,,,,,,,,
2092818,20220901,218552585,Pupiales,2.99,INVERSIÓN CONSOLIDADA,GASTOS,INVERSIÓN CONSOLIDADA,No Aplica,No Aplica,No Aplica,No Aplica,No Aplica,No Aplica,No Aplica,No Aplica,VIGENCIA ACTUAL,ENTIDADES TERRITORIALES - ADMINISTRACION CENTRAL,PRODUCTIVIDAD Y COMPETITIVIDAD DE LAS EMPRESAS COLOMBIANAS,0,NO DEFINIDO,10000000.0,10000000.0,2022,Tercer Trimestre,,,,,,,,,,,,,,,,,,,,,,
2094894,20230301,218552585,Pupiales,2.99,INVERSIÓN CONSOLIDADA,GASTOS,INVERSIÓN CONSOLIDADA,No Aplica,No Aplica,No Aplica,No Aplica,No Aplica,No Aplica,No Aplica,No Aplica,CUENTAS POR PAGAR,ENTIDADES TERRITORIALES - ADMINISTRACION CENTRAL,PROMOCION Y ACCESO EFECTIVO A PROCESOS CULTURALES Y ARTISTICOS,0,NO DEFINIDO,2717890.0,2717890.0,2023,Primer Trimestre,,,,,,,,,,,,,,,,,,,,,,
2099227,20230601,218552585,Pupiales,2.1.2.01.01.004.01,"MUEBLES, INSTRUMENTOS MUSICALES, ARTICULOS DE DEPORTE Y ANTIGÃ?EDADES",GASTOS,FUNCIONAMIENTO,ADQUISICION DE BIENES Y SERVICIOS,ADQUISICION DE ACTIVOS NO FINANCIEROS,ACTIVOS FIJOS,ACTIVOS FIJOS NO CLASIFICADOS COMO MAQUINARIA Y EQUIPO,"MUEBLES, INSTRUMENTOS MUSICALES, ARTICULOS DE DEPORTE Y ANTIGÃ?EDADES",No Aplica,No Aplica,No Aplica,VIGENCIA ACTUAL,ENTIDADES TERRITORIALES - ADMINISTRACION CENTRAL,NO DEFINIDO,,NO DEFINIDO,3000000.0,0.0,2023,Segundo Trimestre,,,,,,,,,,,,,,,,,,,,,,
2099940,20211201,218552585,Pupiales,2.99,INVERSIÓN CONSOLIDADA,GASTOS,INVERSIÓN CONSOLIDADA,No Aplica,No Aplica,No Aplica,No Aplica,No Aplica,No Aplica,No Aplica,No Aplica,VIGENCIA ACTUAL,ENTIDADES TERRITORIALES - ADMINISTRACION CENTRAL,LEVANTAMIENTO Y ACTUALIZACION DE INFORMACION ESTADISTICA DE CALIDAD,0,NO DEFINIDO,30000000.0,28500000.0,2021,Cuarto Trimestre,,,,,,,,,,,,,,,,,,,,,,
2109334,20210301,218552585,Pupiales,2.99,INVERSIÓN CONSOLIDADA,GASTOS,INVERSIÓN CONSOLIDADA,No Aplica,No Aplica,No Aplica,No Aplica,No Aplica,No Aplica,No Aplica,No Aplica,VIGENCIA ACTUAL,ENTIDADES TERRITORIALES - ADMINISTRACION CENTRAL,17.02 - AGRICULTURA Y DESARROLLO RURAL - INCLUSION PRODUCTIVA DE PEQUEÑOS PRODUCTORES RURALES,0,NO DEFINIDO,110000000.0,135000000.0,2021,Primer Trimestre,,,,,,,,,,,,,,,,,,,,,,
2111590,20220301,218552585,Pupiales,2.99,INVERSIÓN CONSOLIDADA,GASTOS,INVERSIÓN CONSOLIDADA,No Aplica,No Aplica,No Aplica,No Aplica,No Aplica,No Aplica,No Aplica,No Aplica,VIGENCIA ACTUAL,ENTIDADES TERRITORIALES - ADMINISTRACION CENTRAL,CONSERVACION DE LA BIODIVERSIDAD Y SUS SERVICIOS ECOSISTEMICOS,0,NO DEFINIDO,45000000.0,45000000.0,2022,Primer Trimestre,,,,,,,,,,,,,,,,,,,,,,
2113057,20220601,218552585,Pupiales,2.99,INVERSIÓN CONSOLIDADA,GASTOS,INVERSIÓN CONSOLIDADA,No Aplica,No Aplica,No Aplica,No Aplica,No Aplica,No Aplica,No Aplica,No Aplica,VIGENCIA ACTUAL,ENTIDADES TERRITORIALES - ADMINISTRACION CENTRAL,FORMACION Y PREPARACION DE DEPORTISTAS,0,NO DEFINIDO,9600845.0,9600845.0,2022,Segundo Trimestre,,,,,,,,,,,,,,,,,,,,,,
2126285,20210601,218552585,Pupiales,2.99,INVERSIÓN CONSOLIDADA,GASTOS,INVERSIÓN CONSOLIDADA,No Aplica,No Aplica,No Aplica,No Aplica,No Aplica,No Aplica,No Aplica,No Aplica,VIGENCIA ACTUAL,ENTIDADES TERRITORIALES - ADMINISTRACION CENTRAL,45.03 - GOBIERNO TERRITORIAL - GESTION DEL RIESGO DE DESASTRES Y EMERGENCIAS,2021525850002,NO DEFINIDO,45000000.0,49000000.0,2021,Segundo Trimestre,,,,,,,,,,,,,,,,,,,,,,
2132887,20230301,218552585,Pupiales,2.99,INVERSIÓN CONSOLIDADA,GASTOS,INVERSIÓN CONSOLIDADA,No Aplica,No Aplica,No Aplica,No Aplica,No Aplica,No Aplica,No Aplica,No Aplica,VIGENCIA ACTUAL,ENTIDADES TERRITORIALES - ADMINISTRACION CENTRAL,"DESARROLLO INTEGRAL DE LA PRIMERA INFANCIA A LA JUVENTUD, Y FORTALECIMIENTO DE LAS CAPACIDADES DE LAS FAMILIAS DE NIÑAS, NIÑOS Y ADOLESCENTES",1,NO DEFINIDO,25000000.0,25000000.0,2023,Primer Trimestre,,,,,,,,,,,,,,,,,,,,,,
2135510,20230301,218552585,Pupiales,2.99,INVERSIÓN CONSOLIDADA,GASTOS,INVERSIÓN CONSOLIDADA,No Aplica,No Aplica,No Aplica,No Aplica,No Aplica,No Aplica,No Aplica,No Aplica,VIGENCIA ACTUAL,ENTIDADES TERRITORIALES - ADMINISTRACION CENTRAL,"CALIDAD, COBERTURA Y FORTALECIMIENTO DE LA EDUCACION INICIAL, PRESCOLAR, BASICA Y MEDIA",1,NO DEFINIDO,152500189.0,130483395.0,2023,Primer Trimestre,,,,,,,,,,,,,,,,,,,,,,
2135908,20211201,218552585,Pupiales,2.99,INVERSIÓN CONSOLIDADA,GASTOS,INVERSIÓN CONSOLIDADA,No Aplica,No Aplica,No Aplica,No Aplica,No Aplica,No Aplica,No Aplica,No Aplica,VIGENCIA ACTUAL,ENTIDADES TERRITORIALES - ADMINISTRACION CENTRAL,CONSOLIDACION PRODUCTIVA DEL SECTOR DE ENERGIA ELECTRICA,0,NO DEFINIDO,230000000.0,232815000.0,2021,Cuarto Trimestre,,,,,,,,,,,,,,,,,,,,,,
2146886,20210901,218552585,Pupiales,2.1.2.01.01.004.01.01,MUEBLES,GASTOS,FUNCIONAMIENTO,ADQUISICION DE BIENES Y SERVICIOS,ADQUISICION DE ACTIVOS NO FINANCIEROS,ACTIVOS FIJOS,ACTIVOS FIJOS NO CLASIFICADOS COMO MAQUINARIA Y EQUIPO,"MUEBLES, INSTRUMENTOS MUSICALES, ARTICULOS DE DEPORTE Y ANTIGÃ?EDADES",MUEBLES,No Aplica,No Aplica,VIGENCIA ACTUAL,ENTIDADES TERRITORIALES - ADMINISTRACION CENTRAL,NO DEFINIDO,,NO DEFINIDO,14500000.0,500000.0,2021,Tercer Trimestre,,,,,,,,,,,,,,,,,,,,,,
2148681,20230601,218552585,Pupiales,2.99,INVERSIÓN CONSOLIDADA,GASTOS,INVERSIÓN CONSOLIDADA,No Aplica,No Aplica,No Aplica,No Aplica,No Aplica,No Aplica,No Aplica,No Aplica,CUENTAS POR PAGAR,ENTIDADES TERRITORIALES - ADMINISTRACION CENTRAL,FORTALECIMIENTO A LA GESTION Y DIRECCION DE LA ADMINISTRACION PUBLICA TERRITORIAL,0,NO DEFINIDO,15810000.0,15810000.0,2023,Segundo Trimestre,,,,,,,,,,,,,,,,,,,,,,
2149437,20230301,218552585,Pupiales,2.99,INVERSIÓN CONSOLIDADA,GASTOS,INVERSIÓN CONSOLIDADA,No Aplica,No Aplica,No Aplica,No Aplica,No Aplica,No Aplica,No Aplica,No Aplica,CUENTAS POR PAGAR,ENTIDADES TERRITORIALES - ADMINISTRACION CENTRAL,"ATENCION, ASISTENCIA  Y REPARACION INTEGRAL A LAS VICTIMAS",1,NO DEFINIDO,2390400.0,2390400.0,2023,Primer Trimestre,,,,,,,,,,,,,,,,,,,,,,
2162724,20221201,218552585,Pupiales,2.1.2.01.01.004.01.01,MUEBLES,GASTOS,FUNCIONAMIENTO,ADQUISICION DE BIENES Y SERVICIOS,ADQUISICION DE ACTIVOS NO FINANCIEROS,ACTIVOS FIJOS,ACTIVOS FIJOS NO CLASIFICADOS COMO MAQUINARIA Y EQUIPO,"MUEBLES, INSTRUMENTOS MUSICALES, ARTICULOS DE DEPORTE Y ANTIGÃ?EDADES",MUEBLES,No Aplica,No Aplica,VIGENCIA ACTUAL,ENTIDADES TERRITORIALES - ADMINISTRACION CENTRAL,NO DEFINIDO,,NO DEFINIDO,5000000.0,0.0,2022,Cuarto Trimestre,,,,,,,,,,,,,,,,,,,,,,
2168370,20220301,218552585,Pupiales,2.99,INVERSIÓN CONSOLIDADA,GASTOS,INVERSIÓN CONSOLIDADA,No Aplica,No Aplica,No Aplica,No Aplica,No Aplica,No Aplica,No Aplica,No Aplica,VIGENCIA ACTUAL,ENTIDADES TERRITORIALES - ADMINISTRACION CENTRAL,EDUCACION AMBIENTAL,0,NO DEFINIDO,5000000.0,1015000.0,2022,Primer Trimestre,,,,,,,,,,,,,,,,,,,,,,
2168859,20230601,218552585,Pupiales,2.99,INVERSIÓN CONSOLIDADA,GASTOS,INVERSIÓN CONSOLIDADA,No Aplica,No Aplica,No Aplica,No Aplica,No Aplica,No Aplica,No Aplica,No Aplica,CUENTAS POR PAGAR,ENTIDADES TERRITORIALES - ADMINISTRACION CENTRAL,FORTALECIMIENTO DE LA CONVIVENCIA Y LA SEGURIDAD CIUDADANA,1,NO DEFINIDO,14375488.0,14375488.0,2023,Segundo Trimestre,,,,,,,,,,,,,,,,,,,,,,
2172141,20220301,218552585,Pupiales,2.99,INVERSIÓN CONSOLIDADA,GASTOS,INVERSIÓN CONSOLIDADA,No Aplica,No Aplica,No Aplica,No Aplica,No Aplica,No Aplica,No Aplica,No Aplica,VIGENCIA ACTUAL,ENTIDADES TERRITORIALES - ADMINISTRACION CENTRAL,ACCESO DE LA POBLACION A LOS SERVICIOS DE AGUA POTABLE Y SANEAMIENTO BASICO,2021525850015,NO DEFINIDO,904351632.0,716775589.0,2022,Primer Trimestre,,,,,,,,,,,,,,,,,,,,,,
2176467,20220301,218552585,Pupiales,2.99,INVERSIÓN CONSOLIDADA,GASTOS,INVERSIÓN CONSOLIDADA,No Aplica,No Aplica,No Aplica,No Aplica,No Aplica,No Aplica,No Aplica,No Aplica,VIGENCIA ACTUAL,ENTIDADES TERRITORIALES - ADMINISTRACION CENTRAL,"FOMENTO A LA RECREACION, LA ACTIVIDAD FISICA Y EL DEPORTE",0,NO DEFINIDO,75000000.0,75000000.0,2022,Primer Trimestre,,,,,,,,,,,,,,,,,,,,,,
2178491,20230601,218552585,Pupiales,2.99,INVERSIÓN CONSOLIDADA,GASTOS,INVERSIÓN CONSOLIDADA,No Aplica,No Aplica,No Aplica,No Aplica,No Aplica,No Aplica,No Aplica,No Aplica,VIGENCIA ACTUAL,ENTIDADES TERRITORIALES - ADMINISTRACION CENTRAL,PROMOCION Y ACCESO EFECTIVO A PROCESOS CULTURALES Y ARTISTICOS,0,NO DEFINIDO,526230040.0,600296731.0,2023,Segundo Trimestre,,,,,,,,,,,,,,,,,,,,,,
2198924,20211201,218552585,Pupiales,2.99,INVERSIÓN CONSOLIDADA,GASTOS,INVERSIÓN CONSOLIDADA,No Aplica,No Aplica,No Aplica,No Aplica,No Aplica,No Aplica,No Aplica,No Aplica,VIGENCIA ACTUAL,ENTIDADES TERRITORIALES - ADMINISTRACION CENTRAL,"INSPECCION, VIGILANCIA Y CONTROL",0,NO DEFINIDO,65997892.0,30610089.0,2021,Cuarto Trimestre,,,,,,,,,,,,,,,,,,,,,,
2212072,20210301,218552585,Pupiales,2.99,INVERSIÓN CONSOLIDADA,GASTOS,INVERSIÓN CONSOLIDADA,No Aplica,No Aplica,No Aplica,No Aplica,No Aplica,No Aplica,No Aplica,No Aplica,VIGENCIA ACTUAL,ENTIDADES TERRITORIALES - ADMINISTRACION CENTRAL,"35.02 - COMERCIO, INDUSTRIA Y TURISMO - PRODUCTIVIDAD Y COMPETITIVIDAD DE LAS EMPRESAS COLOMBIANAS",0,NO DEFINIDO,15000000.0,15000000.0,2021,Primer Trimestre,,,,,,,,,,,,,,,,,,,,,,
2214524,20210301,218552585,Pupiales,2.99,INVERSIÓN CONSOLIDADA,GASTOS,INVERSIÓN CONSOLIDADA,No Aplica,No Aplica,No Aplica,No Aplica,No Aplica,No Aplica,No Aplica,No Aplica,VIGENCIA ACTUAL,ENTIDADES TERRITORIALES - ADMINISTRACION CENTRAL,36.01 - TRABAJO - PROTECCION SOCIAL,0,NO DEFINIDO,115729990.0,146758242.0,2021,Primer Trimestre,,,,,,,,,,,,,,,,,,,,,,
2230828,20211201,218552585,Pupiales,2.99,INVERSIÓN CONSOLIDADA,GASTOS,INVERSIÓN CONSOLIDADA,No Aplica,No Aplica,No Aplica,No Aplica,No Aplica,No Aplica,No Aplica,No Aplica,VIGENCIA ACTUAL,ENTIDADES TERRITORIALES - ADMINISTRACION CENTRAL,ACCESO A SOLUCIONES DE VIVIENDA,0,NO DEFINIDO,8800000.0,0.0,2021,Cuarto Trimestre,,,,,,,,,,,,,,,,,,,,,,
2235237,20221201,218552585,Pupiales,2.99,INVERSIÓN CONSOLIDADA,GASTOS,INVERSIÓN CONSOLIDADA,No Aplica,No Aplica,No Aplica,No Aplica,No Aplica,No Aplica,No Aplica,No Aplica,VIGENCIA ACTUAL,ENTIDADES TERRITORIALES - ADMINISTRACION CENTRAL,PROMOCION Y ACCESO EFECTIVO A PROCESOS CULTURALES Y ARTISTICOS,0,NO DEFINIDO,245950633.0,516238402.0,2022,Cuarto Trimestre,,,,,,,,,,,,,,,,,,,,,,
2245686,20210901,218552585,Pupiales,2.99,INVERSIÓN CONSOLIDADA,GASTOS,INVERSIÓN CONSOLIDADA,No Aplica,No Aplica,No Aplica,No Aplica,No Aplica,No Aplica,No Aplica,No Aplica,VIGENCIA ACTUAL,ENTIDADES TERRITORIALES - ADMINISTRACION CENTRAL,19.01 - SALUD Y PROTECCION SOCIAL - SALUD PUBLICA Y PRESTACION DE SERVICIOS,0,NO DEFINIDO,0.0,200000000.0,2021,Tercer Trimestre,,,,,,,,,,,,,,,,,,,,,,
2247952,20220601,218552585,Pupiales,2.99,INVERSIÓN CONSOLIDADA,GASTOS,INVERSIÓN CONSOLIDADA,No Aplica,No Aplica,No Aplica,No Aplica,No Aplica,No Aplica,No Aplica,No Aplica,VIGENCIA ACTUAL,ENTIDADES TERRITORIALES - ADMINISTRACION CENTRAL,ACCESO AL SERVICIO PUBLICO DOMICILIARIO DE GAS COMBUSTIBLE,0,NO DEFINIDO,10000000.0,10000000.0,2022,Segundo Trimestre,,,,,,,,,,,,,,,,,,,,,,
2261357,20220301,218552585,Pupiales,2.99,INVERSIÓN CONSOLIDADA,GASTOS,INVERSIÓN CONSOLIDADA,No Aplica,No Aplica,No Aplica,No Aplica,No Aplica,No Aplica,No Aplica,No Aplica,VIGENCIA ACTUAL,ENTIDADES TERRITORIALES - ADMINISTRACION CENTRAL,SISTEMA PENITENCIARIO Y CARCELARIO EN EL MARCO DE LOS DERECHOS HUMANOS,0,NO DEFINIDO,7000000.0,8000000.0,2022,Primer Trimestre,,,,,,,,,,,,,,,,,,,,,,
2270303,20220901,218552585,Pupiales,2.99,INVERSIÓN CONSOLIDADA,GASTOS,INVERSIÓN CONSOLIDADA,No Aplica,No Aplica,No Aplica,No Aplica,No Aplica,No Aplica,No Aplica,No Aplica,VIGENCIA ACTUAL,ENTIDADES TERRITORIALES - ADMINISTRACION CENTRAL,EDUCACION AMBIENTAL,0,NO DEFINIDO,5000000.0,1015000.0,2022,Tercer Trimestre,,,,,,,,,,,,,,,,,,,,,,
2271021,20230301,218552585,Pupiales,2.99,INVERSIÓN CONSOLIDADA,GASTOS,INVERSIÓN CONSOLIDADA,No Aplica,No Aplica,No Aplica,No Aplica,No Aplica,No Aplica,No Aplica,No Aplica,VIGENCIA ACTUAL,ENTIDADES TERRITORIALES - ADMINISTRACION CENTRAL,ACCESO DE LA POBLACION A LOS SERVICIOS DE AGUA POTABLE Y SANEAMIENTO BASICO,001,NO DEFINIDO,0.0,25000000.0,2023,Primer Trimestre,,,,,,,,,,,,,,,,,,,,,,
2272338,20210901,218552585,Pupiales,2.99,INVERSIÓN CONSOLIDADA,GASTOS,INVERSIÓN CONSOLIDADA,No Aplica,No Aplica,No Aplica,No Aplica,No Aplica,No Aplica,No Aplica,No Aplica,VIGENCIA ACTUAL,ENTIDADES TERRITORIALES - ADMINISTRACION CENTRAL,32.03 - AMBIENTE Y DESARROLLO SOSTENIBLE - GESTION INTEGRAL DEL RECURSO HIDRICO,0,NO DEFINIDO,10620000.0,10620000.0,2021,Tercer Trimestre,,,,,,,,,,,,,,,,,,,,,,
2276049,20221201,218552585,Pupiales,2.99,INVERSIÓN CONSOLIDADA,GASTOS,INVERSIÓN CONSOLIDADA,No Aplica,No Aplica,No Aplica,No Aplica,No Aplica,No Aplica,No Aplica,No Aplica,VIGENCIA ACTUAL,ENTIDADES TERRITORIALES - ADMINISTRACION CENTRAL,GENERACION Y FORMALIZACION DEL EMPLEO,0,NO DEFINIDO,10000000.0,10000000.0,2022,Cuarto Trimestre,,,,,,,,,,,,,,,,,,,,,,
2282788,20220601,218552585,Pupiales,2.99,INVERSIÓN CONSOLIDADA,GASTOS,INVERSIÓN CONSOLIDADA,No Aplica,No Aplica,No Aplica,No Aplica,No Aplica,No Aplica,No Aplica,No Aplica,VIGENCIA ACTUAL,ENTIDADES TERRITORIALES - ADMINISTRACION CENTRAL,"DESARROLLO INTEGRAL DE LA PRIMERA INFANCIA A LA JUVENTUD, Y FORTALECIMIENTO DE LAS CAPACIDADES DE LAS FAMILIAS DE NIÑAS, NIÑOS Y ADOLESCENTES",0,NO DEFINIDO,30000000.0,6000000.0,2022,Segundo Trimestre,,,,,,,,,,,,,,,,,,,,,,
2286619,20210601,218552585,Pupiales,2.99,INVERSIÓN CONSOLIDADA,GASTOS,INVERSIÓN CONSOLIDADA,No Aplica,No Aplica,No Aplica,No Aplica,No Aplica,No Aplica,No Aplica,No Aplica,VIGENCIA ACTUAL,ENTIDADES TERRITORIALES - ADMINISTRACION CENTRAL,"19.03 - SALUD Y PROTECCION SOCIAL - INSPECCION, VIGILANCIA Y CONTROL",0,NO DEFINIDO,65997892.0,30610089.0,2021,Segundo Trimestre,,,,,,,,,,,,,,,,,,,,,,
2287970,20220901,218552585,Pupiales,2.99,INVERSIÓN CONSOLIDADA,GASTOS,INVERSIÓN CONSOLIDADA,No Aplica,No Aplica,No Aplica,No Aplica,No Aplica,No Aplica,No Aplica,No Aplica,VIGENCIA ACTUAL,ENTIDADES TERRITORIALES - ADMINISTRACION CENTRAL,INFRAESTRUCTURA RED VIAL PRIMARIA,0,NO DEFINIDO,0.0,156238776.0,2022,Tercer Trimestre,,,,,,,,,,,,,,,,,,,,,,
2288545,20210601,218552585,Pupiales,2.99,INVERSIÓN CONSOLIDADA,GASTOS,INVERSIÓN CONSOLIDADA,No Aplica,No Aplica,No Aplica,No Aplica,No Aplica,No Aplica,No Aplica,No Aplica,VIGENCIA ACTUAL,ENTIDADES TERRITORIALES - ADMINISTRACION CENTRAL,19.05 - SALUD Y PROTECCION SOCIAL - SALUD PUBLICA,2021525850017,NO DEFINIDO,153621808.0,223041156.0,2021,Segundo Trimestre,,,,,,,,,,,,,,,,,,,,,,
2290450,20221201,218552585,Pupiales,2.99,INVERSIÓN CONSOLIDADA,GASTOS,INVERSIÓN CONSOLIDADA,No Aplica,No Aplica,No Aplica,No Aplica,No Aplica,No Aplica,No Aplica,No Aplica,VIGENCIA ACTUAL,ENTIDADES TERRITORIALES - ADMINISTRACION CENTRAL,PRODUCTIVIDAD Y COMPETITIVIDAD DE LAS EMPRESAS COLOMBIANAS,0,NO DEFINIDO,10000000.0,10000000.0,2022,Cuarto Trimestre,,,,,,,,,,,,,,,,,,,,,,
2297186,20220901,218552585,Pupiales,2.99,INVERSIÓN CONSOLIDADA,GASTOS,INVERSIÓN CONSOLIDADA,No Aplica,No Aplica,No Aplica,No Aplica,No Aplica,No Aplica,No Aplica,No Aplica,VIGENCIA ACTUAL,ENTIDADES TERRITORIALES - ADMINISTRACION CENTRAL,ACCESO A SOLUCIONES DE VIVIENDA,0,NO DEFINIDO,20000000.0,0.0,2022,Tercer Trimestre,,,,,,,,,,,,,,,,,,,,,,
2299123,20210901,218552585,Pupiales,2.1.2.01.01.004.01.01.02,MUEBLES DEL TIPO UTILIZADO EN LA OFICINA,GASTOS,FUNCIONAMIENTO,ADQUISICION DE BIENES Y SERVICIOS,ADQUISICION DE ACTIVOS NO FINANCIEROS,ACTIVOS FIJOS,ACTIVOS FIJOS NO CLASIFICADOS COMO MAQUINARIA Y EQUIPO,"MUEBLES, INSTRUMENTOS MUSICALES, ARTICULOS DE DEPORTE Y ANTIGÃ?EDADES",MUEBLES,MUEBLES DEL TIPO UTILIZADO EN LA OFICINA,No Aplica,VIGENCIA ACTUAL,ENTIDADES TERRITORIALES - ADMINISTRACION CENTRAL,NO APLICA,0,NO DEFINIDO,14500000.0,500000.0,2021,Tercer Trimestre,,,,,,,,,,,,,,,,,,,,,,
2305347,20210601,218552585,Pupiales,2.99,INVERSIÓN CONSOLIDADA,GASTOS,INVERSIÓN CONSOLIDADA,No Aplica,No Aplica,No Aplica,No Aplica,No Aplica,No Aplica,No Aplica,No Aplica,VIGENCIA ACTUAL,ENTIDADES TERRITORIALES - ADMINISTRACION CENTRAL,33.99 - CULTURA - FORTALECIMIENTO DE LA GESTION Y DIRECCION DEL SECTOR CULTURA,0,NO DEFINIDO,0.0,9000000.0,2021,Segundo Trimestre,,,,,,,,,,,,,,,,,,,,,,
2318561,20211201,218552585,Pupiales,2.99,INVERSIÓN CONSOLIDADA,GASTOS,INVERSIÓN CONSOLIDADA,No Aplica,No Aplica,No Aplica,No Aplica,No Aplica,No Aplica,No Aplica,No Aplica,VIGENCIA ACTUAL,ENTIDADES TERRITORIALES - ADMINISTRACION CENTRAL,GESTION DEL RIESGO DE DESASTRES Y EMERGENCIAS,2021525850002,NO DEFINIDO,35000000.0,38000000.0,2021,Cuarto Trimestre,,,,,,,,,,,,,,,,,,,,,,
2319992,20230301,218552585,Pupiales,2.99,INVERSIÓN CONSOLIDADA,GASTOS,INVERSIÓN CONSOLIDADA,No Aplica,No Aplica,No Aplica,No Aplica,No Aplica,No Aplica,No Aplica,No Aplica,VIGENCIA ACTUAL,ENTIDADES TERRITORIALES - ADMINISTRACION CENTRAL,GESTION DEL RIESGO DE DESASTRES Y EMERGENCIAS,1,NO DEFINIDO,27000000.0,27000000.0,2023,Primer Trimestre,,,,,,,,,,,,,,,,,,,,,,
2323331,20220301,218552585,Pupiales,2.1.2.01.01.004.01.01.02,MUEBLES DEL TIPO UTILIZADO EN LA OFICINA,GASTOS,FUNCIONAMIENTO,ADQUISICION DE BIENES Y SERVICIOS,ADQUISICION DE ACTIVOS NO FINANCIEROS,ACTIVOS FIJOS,ACTIVOS FIJOS NO CLASIFICADOS COMO MAQUINARIA Y EQUIPO,"MUEBLES, INSTRUMENTOS MUSICALES, ARTICULOS DE DEPORTE Y ANTIGÃ?EDADES",MUEBLES,MUEBLES DEL TIPO UTILIZADO EN LA OFICINA,No Aplica,VIGENCIA ACTUAL,ENTIDADES TERRITORIALES - ADMINISTRACION CENTRAL,NO APLICA,0,NO DEFINIDO,5000000.0,5000000.0,2022,Primer Trimestre,,,,,,,,,,,,,,,,,,,,,,
2329869,20210301,218552585,Pupiales,2.99,INVERSIÓN CONSOLIDADA,GASTOS,INVERSIÓN CONSOLIDADA,No Aplica,No Aplica,No Aplica,No Aplica,No Aplica,No Aplica,No Aplica,No Aplica,VIGENCIA ACTUAL,ENTIDADES TERRITORIALES - ADMINISTRACION CENTRAL,19.05 - SALUD Y PROTECCION SOCIAL - SALUD PUBLICA,2021525850017,NO DEFINIDO,153621808.0,165507286.0,2021,Primer Trimestre,,,,,,,,,,,,,,,,,,,,,,
2335618,20221201,218552585,Pupiales,2.99,INVERSIÓN CONSOLIDADA,GASTOS,INVERSIÓN CONSOLIDADA,No Aplica,No Aplica,No Aplica,No Aplica,No Aplica,No Aplica,No Aplica,No Aplica,VIGENCIA ACTUAL,ENTIDADES TERRITORIALES - ADMINISTRACION CENTRAL,FORTALECIMIENTO DE LA CONVIVENCIA Y LA SEGURIDAD CIUDADANA,0,NO DEFINIDO,125000000.0,385648596.0,2022,Cuarto Trimestre,,,,,,,,,,,,,,,,,,,,,,
2339932,20230301,218552585,Pupiales,2.99,INVERSIÓN CONSOLIDADA,GASTOS,INVERSIÓN CONSOLIDADA,No Aplica,No Aplica,No Aplica,No Aplica,No Aplica,No Aplica,No Aplica,No Aplica,VIGENCIA ACTUAL,ENTIDADES TERRITORIALES - ADMINISTRACION CENTRAL,SALUD PUBLICA,1,NO DEFINIDO,147545797.0,172872258.0,2023,Primer Trimestre,,,,,,,,,,,,,,,,,,,,,,
2347809,20230601,218552585,Pupiales,2.99,INVERSIÓN CONSOLIDADA,GASTOS,INVERSIÓN CONSOLIDADA,No Aplica,No Aplica,No Aplica,No Aplica,No Aplica,No Aplica,No Aplica,No Aplica,VIGENCIA ACTUAL,ENTIDADES TERRITORIALES - ADMINISTRACION CENTRAL,GESTION DEL RIESGO DE DESASTRES Y EMERGENCIAS,0,NO DEFINIDO,32000000.0,33169557.0,2023,Segundo Trimestre,,,,,,,,,,,,,,,,,,,,,,
2350373,20210901,218552585,Pupiales,2.99,INVERSIÓN CONSOLIDADA,GASTOS,INVERSIÓN CONSOLIDADA,No Aplica,No Aplica,No Aplica,No Aplica,No Aplica,No Aplica,No Aplica,No Aplica,VIGENCIA ACTUAL,ENTIDADES TERRITORIALES - ADMINISTRACION CENTRAL,45.01 - GOBIERNO TERRITORIAL - FORTALECIMIENTO DE LA CONVIVENCIA Y LA SEGURIDAD CIUDADANA,0,NO DEFINIDO,125501000.0,143076661.0,2021,Tercer Trimestre,,,,,,,,,,,,,,,,,,,,,,
2353386,20210901,218552585,Pupiales,2.99,INVERSIÓN CONSOLIDADA,GASTOS,INVERSIÓN CONSOLIDADA,No Aplica,No Aplica,No Aplica,No Aplica,No Aplica,No Aplica,No Aplica,No Aplica,VIGENCIA ACTUAL,ENTIDADES TERRITORIALES - ADMINISTRACION CENTRAL,"22.01 - EDUCACION - CALIDAD, COBERTURA Y FORTALECIMIENTO DE LA EDUCACION INICIAL, PRESCOLAR, BASICA Y MEDIA",0,NO DEFINIDO,575795638.0,549846905.0,2021,Tercer Trimestre,,,,,,,,,,,,,,,,,,,,,,
2359781,20220601,218552585,Pupiales,2.99,INVERSIÓN CONSOLIDADA,GASTOS,INVERSIÓN CONSOLIDADA,No Aplica,No Aplica,No Aplica,No Aplica,No Aplica,No Aplica,No Aplica,No Aplica,VIGENCIA ACTUAL,ENTIDADES TERRITORIALES - ADMINISTRACION CENTRAL,ORDENAMIENTO TERRITORIAL Y DESARROLLO URBANO,0,NO DEFINIDO,20000000.0,12000000.0,2022,Segundo Trimestre,,,,,,,,,,,,,,,,,,,,,,
2385145,20211201,218552585,Pupiales,2.99,INVERSIÓN CONSOLIDADA,GASTOS,INVERSIÓN CONSOLIDADA,No Aplica,No Aplica,No Aplica,No Aplica,No Aplica,No Aplica,No Aplica,No Aplica,VIGENCIA ACTUAL,ENTIDADES TERRITORIALES - ADMINISTRACION CENTRAL,CONSERVACION DE LA BIODIVERSIDAD Y SUS SERVICIOS ECOSISTEMICOS,0,NO DEFINIDO,0.0,16759543.0,2021,Cuarto Trimestre,,,,,,,,,,,,,,,,,,,,,,
2386324,20220901,218552585,Pupiales,2.99,INVERSIÓN CONSOLIDADA,GASTOS,INVERSIÓN CONSOLIDADA,No Aplica,No Aplica,No Aplica,No Aplica,No Aplica,No Aplica,No Aplica,No Aplica,VIGENCIA ACTUAL,ENTIDADES TERRITORIALES - ADMINISTRACION CENTRAL,INFRAESTRUCTURA RED VIAL REGIONAL,2021525850007,NO DEFINIDO,287539732.0,641718789.0,2022,Tercer Trimestre,,,,,,,,,,,,,,,,,,,,,,
2391973,20220601,218552585,Pupiales,2.99,INVERSIÓN CONSOLIDADA,GASTOS,INVERSIÓN CONSOLIDADA,No Aplica,No Aplica,No Aplica,No Aplica,No Aplica,No Aplica,No Aplica,No Aplica,VIGENCIA ACTUAL,ENTIDADES TERRITORIALES - ADMINISTRACION CENTRAL,GESTION DEL RIESGO DE DESASTRES Y EMERGENCIAS,0,NO DEFINIDO,45000000.0,31300000.0,2022,Segundo Trimestre,,,,,,,,,,,,,,,,,,,,,,
2399983,20221201,218552585,Pupiales,2.99,INVERSIÓN CONSOLIDADA,GASTOS,INVERSIÓN CONSOLIDADA,No Aplica,No Aplica,No Aplica,No Aplica,No Aplica,No Aplica,No Aplica,No Aplica,VIGENCIA ACTUAL,ENTIDADES TERRITORIALES - ADMINISTRACION CENTRAL,ACCESO AL SERVICIO PUBLICO DOMICILIARIO DE GAS COMBUSTIBLE,0,NO DEFINIDO,10000000.0,0.0,2022,Cuarto Trimestre,,,,,,,,,,,,,,,,,,,,,,
2403501,20210601,218552585,Pupiales,2.1.2.01.01.004.01,"MUEBLES, INSTRUMENTOS MUSICALES, ARTICULOS DE DEPORTE Y ANTIGÃ?EDADES",GASTOS,FUNCIONAMIENTO,ADQUISICION DE BIENES Y SERVICIOS,ADQUISICION DE ACTIVOS NO FINANCIEROS,ACTIVOS FIJOS,ACTIVOS FIJOS NO CLASIFICADOS COMO MAQUINARIA Y EQUIPO,"MUEBLES, INSTRUMENTOS MUSICALES, ARTICULOS DE DEPORTE Y ANTIGÃ?EDADES",No Aplica,No Aplica,No Aplica,VIGENCIA ACTUAL,ENTIDADES TERRITORIALES - ADMINISTRACION CENTRAL,NO DEFINIDO,,NO DEFINIDO,14500000.0,500000.0,2021,Segundo Trimestre,,,,,,,,,,,,,,,,,,,,,,
2407495,20230301,218552585,Pupiales,2.99,INVERSIÓN CONSOLIDADA,GASTOS,INVERSIÓN CONSOLIDADA,No Aplica,No Aplica,No Aplica,No Aplica,No Aplica,No Aplica,No Aplica,No Aplica,VIGENCIA ACTUAL,ENTIDADES TERRITORIALES - ADMINISTRACION CENTRAL,INCLUSION SOCIAL Y PRODUCTIVA PARA LA POBLACION EN SITUACION DE VULNERABILIDAD,1,NO DEFINIDO,180000000.0,180000000.0,2023,Primer Trimestre,,,,,,,,,,,,,,,,,,,,,,
2407496,20221201,218552585,Pupiales,2.99,INVERSIÓN CONSOLIDADA,GASTOS,INVERSIÓN CONSOLIDADA,No Aplica,No Aplica,No Aplica,No Aplica,No Aplica,No Aplica,No Aplica,No Aplica,VIGENCIA ACTUAL,ENTIDADES TERRITORIALES - ADMINISTRACION CENTRAL,ACCESO A SOLUCIONES DE VIVIENDA,0,NO DEFINIDO,20000000.0,0.0,2022,Cuarto Trimestre,,,,,,,,,,,,,,,,,,,,,,
2409394,20230601,218552585,Pupiales,2.99,INVERSIÓN CONSOLIDADA,GASTOS,INVERSIÓN CONSOLIDADA,No Aplica,No Aplica,No Aplica,No Aplica,No Aplica,No Aplica,No Aplica,No Aplica,VIGENCIA ACTUAL,ENTIDADES TERRITORIALES - ADMINISTRACION CENTRAL,"FOMENTO A LA RECREACION, LA ACTIVIDAD FISICA Y EL DEPORTE",0,NO DEFINIDO,107640053.0,109258243.0,2023,Segundo Trimestre,,,,,,,,,,,,,,,,,,,,,,
2420278,20210901,218552585,Pupiales,2.99,INVERSIÓN CONSOLIDADA,GASTOS,INVERSIÓN CONSOLIDADA,No Aplica,No Aplica,No Aplica,No Aplica,No Aplica,No Aplica,No Aplica,No Aplica,VIGENCIA ACTUAL,ENTIDADES TERRITORIALES - ADMINISTRACION CENTRAL,17.02 - AGRICULTURA Y DESARROLLO RURAL - INCLUSION PRODUCTIVA DE PEQUEÑOS PRODUCTORES RURALES,0,NO DEFINIDO,110000000.0,111470000.0,2021,Tercer Trimestre,,,,,,,,,,,,,,,,,,,,,,
2421703,20211201,218552585,Pupiales,2.99,INVERSIÓN CONSOLIDADA,GASTOS,INVERSIÓN CONSOLIDADA,No Aplica,No Aplica,No Aplica,No Aplica,No Aplica,No Aplica,No Aplica,No Aplica,VIGENCIA ACTUAL,ENTIDADES TERRITORIALES - ADMINISTRACION CENTRAL,JUSTICIA TRANSICIONAL,0,NO DEFINIDO,7629714.0,714.0,2021,Cuarto Trimestre,,,,,,,,,,,,,,,,,,,,,,
2429765,20210301,218552585,Pupiales,2.99,INVERSIÓN CONSOLIDADA,GASTOS,INVERSIÓN CONSOLIDADA,No Aplica,No Aplica,No Aplica,No Aplica,No Aplica,No Aplica,No Aplica,No Aplica,VIGENCIA ACTUAL,ENTIDADES TERRITORIALES - ADMINISTRACION CENTRAL,"39.01 - CIENCIA, TECNOLOGIA E INNOVACION - CONSOLIDACION DE UNA INSTITUCIONALIDAD HABILITANTE PARA LA CIENCIA TECNOLOGIA E INNOVACION (CTI)",0,NO DEFINIDO,10000000.0,10000000.0,2021,Primer Trimestre,,,,,,,,,,,,,,,,,,,,,,
2429783,20210601,218552585,Pupiales,2.99,INVERSIÓN CONSOLIDADA,GASTOS,INVERSIÓN CONSOLIDADA,No Aplica,No Aplica,No Aplica,No Aplica,No Aplica,No Aplica,No Aplica,No Aplica,VIGENCIA ACTUAL,ENTIDADES TERRITORIALES - ADMINISTRACION CENTRAL,17.02 - AGRICULTURA Y DESARROLLO RURAL - INCLUSION PRODUCTIVA DE PEQUEÑOS PRODUCTORES RURALES,0,NO DEFINIDO,110000000.0,111470000.0,2021,Segundo Trimestre,,,,,,,,,,,,,,,,,,,,,,
2454899,20210601,218552585,Pupiales,2.99,INVERSIÓN CONSOLIDADA,GASTOS,INVERSIÓN CONSOLIDADA,No Aplica,No Aplica,No Aplica,No Aplica,No Aplica,No Aplica,No Aplica,No Aplica,VIGENCIA ACTUAL,ENTIDADES TERRITORIALES - ADMINISTRACION CENTRAL,04.01 - INFORMACION ESTADISTICA - LEVANTAMIENTO Y ACTUALIZACION DE INFORMACION ESTADISTICA DE CALIDAD,0,NO DEFINIDO,30000000.0,30000000.0,2021,Segundo Trimestre,,,,,,,,,,,,,,,,,,,,,,
2466687,20211201,218552585,Pupiales,2.99,INVERSIÓN CONSOLIDADA,GASTOS,INVERSIÓN CONSOLIDADA,No Aplica,No Aplica,No Aplica,No Aplica,No Aplica,No Aplica,No Aplica,No Aplica,VIGENCIA ACTUAL,ENTIDADES TERRITORIALES - ADMINISTRACION CENTRAL,ATENCION INTEGRAL DE POBLACION EN SITUACION PERMANENTE DE DESPROTECCION SOCIAL Y/O FAMILIAR,0,NO DEFINIDO,150000000.0,399603770.0,2021,Cuarto Trimestre,,,,,,,,,,,,,,,,,,,,,,
2475834,20220601,218552585,Pupiales,2.99,INVERSIÓN CONSOLIDADA,GASTOS,INVERSIÓN CONSOLIDADA,No Aplica,No Aplica,No Aplica,No Aplica,No Aplica,No Aplica,No Aplica,No Aplica,VIGENCIA ACTUAL,ENTIDADES TERRITORIALES - ADMINISTRACION CENTRAL,GESTION INTEGRAL DEL RECURSO HIDRICO,0,NO DEFINIDO,10000000.0,10000000.0,2022,Segundo Trimestre,,,,,,,,,,,,,,,,,,,,,,
2476027,20230301,218552585,Pupiales,2.99,INVERSIÓN CONSOLIDADA,GASTOS,INVERSIÓN CONSOLIDADA,No Aplica,No Aplica,No Aplica,No Aplica,No Aplica,No Aplica,No Aplica,No Aplica,CUENTAS POR PAGAR,ENTIDADES TERRITORIALES - ADMINISTRACION CENTRAL,SISTEMA PENITENCIARIO Y CARCELARIO EN EL MARCO DE LOS DERECHOS HUMANOS,001,NO DEFINIDO,15000000.0,15000000.0,2023,Primer Trimestre,,,,,,,,,,,,,,,,,,,,,,
2482729,20230601,218552585,Pupiales,2.99,INVERSIÓN CONSOLIDADA,GASTOS,INVERSIÓN CONSOLIDADA,No Aplica,No Aplica,No Aplica,No Aplica,No Aplica,No Aplica,No Aplica,No Aplica,RESERVAS,ENTIDADES TERRITORIALES - ADMINISTRACION CENTRAL,FORTALECIMIENTO A LA GESTION Y DIRECCION DE LA ADMINISTRACION PUBLICA TERRITORIAL,1,NO DEFINIDO,917884770.0,917884770.0,2023,Segundo Trimestre,,,,,,,,,,,,,,,,,,,,,,
2486001,20220901,218552585,Pupiales,2.99,INVERSIÓN CONSOLIDADA,GASTOS,INVERSIÓN CONSOLIDADA,No Aplica,No Aplica,No Aplica,No Aplica,No Aplica,No Aplica,No Aplica,No Aplica,VIGENCIA ACTUAL,ENTIDADES TERRITORIALES - ADMINISTRACION CENTRAL,PROTECCION SOCIAL,0,NO DEFINIDO,0.0,31059294.0,2022,Tercer Trimestre,,,,,,,,,,,,,,,,,,,,,,
2489192,20220901,218552585,Pupiales,2.99,INVERSIÓN CONSOLIDADA,GASTOS,INVERSIÓN CONSOLIDADA,No Aplica,No Aplica,No Aplica,No Aplica,No Aplica,No Aplica,No Aplica,No Aplica,VIGENCIA ACTUAL,ENTIDADES TERRITORIALES - ADMINISTRACION CENTRAL,SALUD PUBLICA,0,NO DEFINIDO,211155678.0,269284143.0,2022,Tercer Trimestre,,,,,,,,,,,,,,,,,,,,,,
2495362,20230301,218552585,Pupiales,2.99,INVERSIÓN CONSOLIDADA,GASTOS,INVERSIÓN CONSOLIDADA,No Aplica,No Aplica,No Aplica,No Aplica,No Aplica,No Aplica,No Aplica,No Aplica,CUENTAS POR PAGAR,ENTIDADES TERRITORIALES - ADMINISTRACION CENTRAL,SALUD PUBLICA,1,NO DEFINIDO,2000000.0,2000000.0,2023,Primer Trimestre,,,,,,,,,,,,,,,,,,,,,,
2496245,20210301,218552585,Pupiales,2.99,INVERSIÓN CONSOLIDADA,GASTOS,INVERSIÓN CONSOLIDADA,No Aplica,No Aplica,No Aplica,No Aplica,No Aplica,No Aplica,No Aplica,No Aplica,VIGENCIA ACTUAL,ENTIDADES TERRITORIALES - ADMINISTRACION CENTRAL,"43.01 - DEPORTE Y RECREACION - FOMENTO A LA RECREACION, LA ACTIVIDAD FISICA Y EL DEPORTE PARA DESARROLLAR ENTORNOS DE CONVIVENCIA Y PAZ",2021525850035,NO DEFINIDO,89583992.0,89583992.0,2021,Primer Trimestre,,,,,,,,,,,,,,,,,,,,,,
2501385,20210901,218552585,Pupiales,2.99,INVERSIÓN CONSOLIDADA,GASTOS,INVERSIÓN CONSOLIDADA,No Aplica,No Aplica,No Aplica,No Aplica,No Aplica,No Aplica,No Aplica,No Aplica,VIGENCIA ACTUAL,ENTIDADES TERRITORIALES - ADMINISTRACION CENTRAL,"41.01 - INCLUSION SOCIAL Y RECONCILIACION - ATENCION, ASISTENCIA  Y REPARACION INTEGRAL A LAS VICTIMAS",0,NO DEFINIDO,50000000.0,47000000.0,2021,Tercer Trimestre,,,,,,,,,,,,,,,,,,,,,,
2502270,20220601,218552585,Pupiales,2.99,INVERSIÓN CONSOLIDADA,GASTOS,INVERSIÓN CONSOLIDADA,No Aplica,No Aplica,No Aplica,No Aplica,No Aplica,No Aplica,No Aplica,No Aplica,VIGENCIA ACTUAL,ENTIDADES TERRITORIALES - ADMINISTRACION CENTRAL,"INSPECCION, VIGILANCIA Y CONTROL",0,NO DEFINIDO,271155678.0,277969676.0,2022,Segundo Trimestre,,,,,,,,,,,,,,,,,,,,,,
2503266,20220601,218552585,Pupiales,2.1.2.01.01.004.01.01,MUEBLES,GASTOS,FUNCIONAMIENTO,ADQUISICION DE BIENES Y SERVICIOS,ADQUISICION DE ACTIVOS NO FINANCIEROS,ACTIVOS FIJOS,ACTIVOS FIJOS NO CLASIFICADOS COMO MAQUINARIA Y EQUIPO,"MUEBLES, INSTRUMENTOS MUSICALES, ARTICULOS DE DEPORTE Y ANTIGÃ?EDADES",MUEBLES,No Aplica,No Aplica,VIGENCIA ACTUAL,ENTIDADES TERRITORIALES - ADMINISTRACION CENTRAL,NO DEFINIDO,,NO DEFINIDO,5000000.0,5000000.0,2022,Segundo Trimestre,,,,,,,,,,,,,,,,,,,,,,
2503944,20211201,218552585,Pupiales,2.99,INVERSIÓN CONSOLIDADA,GASTOS,INVERSIÓN CONSOLIDADA,No Aplica,No Aplica,No Aplica,No Aplica,No Aplica,No Aplica,No Aplica,No Aplica,VIGENCIA ACTUAL,ENTIDADES TERRITORIALES - ADMINISTRACION CENTRAL,PRODUCTIVIDAD Y COMPETITIVIDAD DE LAS EMPRESAS COLOMBIANAS,0,NO DEFINIDO,15000000.0,0.0,2021,Cuarto Trimestre,,,,,,,,,,,,,,,,,,,,,,
2504697,20220901,218552585,Pupiales,2.99,INVERSIÓN CONSOLIDADA,GASTOS,INVERSIÓN CONSOLIDADA,No Aplica,No Aplica,No Aplica,No Aplica,No Aplica,No Aplica,No Aplica,No Aplica,VIGENCIA ACTUAL,ENTIDADES TERRITORIALES - ADMINISTRACION CENTRAL,ORDENAMIENTO TERRITORIAL Y DESARROLLO URBANO,0,NO DEFINIDO,20000000.0,40000000.0,2022,Tercer Trimestre,,,,,,,,,,,,,,,,,,,,,,
2511875,20220901,218552585,Pupiales,2.99,INVERSIÓN CONSOLIDADA,GASTOS,INVERSIÓN CONSOLIDADA,No Aplica,No Aplica,No Aplica,No Aplica,No Aplica,No Aplica,No Aplica,No Aplica,VIGENCIA ACTUAL,ENTIDADES TERRITORIALES - ADMINISTRACION CENTRAL,PROMOCION DE LOS METODOS DE RESOLUCION DE CONFLICTOS,2021525850008,NO DEFINIDO,16000000.0,16000000.0,2022,Tercer Trimestre,,,,,,,,,,,,,,,,,,,,,,
2516320,20220901,218552585,Pupiales,2.99,INVERSIÓN CONSOLIDADA,GASTOS,INVERSIÓN CONSOLIDADA,No Aplica,No Aplica,No Aplica,No Aplica,No Aplica,No Aplica,No Aplica,No Aplica,VIGENCIA ACTUAL,ENTIDADES TERRITORIALES - ADMINISTRACION CENTRAL,PROMOCION Y ACCESO EFECTIVO A PROCESOS CULTURALES Y ARTISTICOS,0,NO DEFINIDO,245950633.0,488702381.0,2022,Tercer Trimestre,,,,,,,,,,,,,,,,,,,,,,
2532366,20220901,218552585,Pupiales,2.99,INVERSIÓN CONSOLIDADA,GASTOS,INVERSIÓN CONSOLIDADA,No Aplica,No Aplica,No Aplica,No Aplica,No Aplica,No Aplica,No Aplica,No Aplica,VIGENCIA ACTUAL,ENTIDADES TERRITORIALES - ADMINISTRACION CENTRAL,ATENCION INTEGRAL DE POBLACION EN SITUACION PERMANENTE DE DESPROTECCION SOCIAL Y/O FAMILIAR,0,NO DEFINIDO,150000000.0,531911182.0,2022,Tercer Trimestre,,,,,,,,,,,,,,,,,,,,,,
2540856,20211201,218552585,Pupiales,2.99,INVERSIÓN CONSOLIDADA,GASTOS,INVERSIÓN CONSOLIDADA,No Aplica,No Aplica,No Aplica,No Aplica,No Aplica,No Aplica,No Aplica,No Aplica,VIGENCIA ACTUAL,ENTIDADES TERRITORIALES - ADMINISTRACION CENTRAL,FORTALECIMIENTO A LA GESTION Y DIRECCION DE LA ADMINISTRACION PUBLICA TERRITORIAL,0,NO DEFINIDO,530000000.0,844014521.0,2021,Cuarto Trimestre,,,,,,,,,,,,,,,,,,,,,,
2550751,20230601,218552585,Pupiales,2.99,INVERSIÓN CONSOLIDADA,GASTOS,INVERSIÓN CONSOLIDADA,No Aplica,No Aplica,No Aplica,No Aplica,No Aplica,No Aplica,No Aplica,No Aplica,RESERVAS,ENTIDADES TERRITORIALES - ADMINISTRACION CENTRAL,ACCESO DE LA POBLACION A LOS SERVICIOS DE AGUA POTABLE Y SANEAMIENTO BASICO,1,NO DEFINIDO,62000000.0,62000000.0,2023,Segundo Trimestre,,,,,,,,,,,,,,,,,,,,,,
2563411,20221201,218552585,Pupiales,2.99,INVERSIÓN CONSOLIDADA,GASTOS,INVERSIÓN CONSOLIDADA,No Aplica,No Aplica,No Aplica,No Aplica,No Aplica,No Aplica,No Aplica,No Aplica,VIGENCIA ACTUAL,ENTIDADES TERRITORIALES - ADMINISTRACION CENTRAL,PROMOCION AL ACCESO A LA JUSTICIA,0,NO DEFINIDO,45000000.0,44000000.0,2022,Cuarto Trimestre,,,,,,,,,,,,,,,,,,,,,,
2574737,20210901,218552585,Pupiales,2.99,INVERSIÓN CONSOLIDADA,GASTOS,INVERSIÓN CONSOLIDADA,No Aplica,No Aplica,No Aplica,No Aplica,No Aplica,No Aplica,No Aplica,No Aplica,VIGENCIA ACTUAL,ENTIDADES TERRITORIALES - ADMINISTRACION CENTRAL,"43.01 - DEPORTE Y RECREACION - FOMENTO A LA RECREACION, LA ACTIVIDAD FISICA Y EL DEPORTE PARA DESARROLLAR ENTORNOS DE CONVIVENCIA Y PAZ",0,NO DEFINIDO,89583992.0,95985180.0,2021,Tercer Trimestre,,,,,,,,,,,,,,,,,,,,,,
2582558,20220901,218552585,Pupiales,2.99,INVERSIÓN CONSOLIDADA,GASTOS,INVERSIÓN CONSOLIDADA,No Aplica,No Aplica,No Aplica,No Aplica,No Aplica,No Aplica,No Aplica,No Aplica,VIGENCIA ACTUAL,ENTIDADES TERRITORIALES - ADMINISTRACION CENTRAL,"INSPECCION, VIGILANCIA Y CONTROL",0,NO DEFINIDO,60000000.0,66284371.0,2022,Tercer Trimestre,,,,,,,,,,,,,,,,,,,,,,
2583445,20220901,218552585,Pupiales,2.99,INVERSIÓN CONSOLIDADA,GASTOS,INVERSIÓN CONSOLIDADA,No Aplica,No Aplica,No Aplica,No Aplica,No Aplica,No Aplica,No Aplica,No Aplica,VIGENCIA ACTUAL,ENTIDADES TERRITORIALES - ADMINISTRACION CENTRAL,FORTALECIMIENTO A LA GESTION Y DIRECCION DE LA ADMINISTRACION PUBLICA TERRITORIAL,0,NO DEFINIDO,1696853000.0,2124018680.0,2022,Tercer Trimestre,,,,,,,,,,,,,,,,,,,,,,
2591119,20211201,218552585,Pupiales,2.99,INVERSIÓN CONSOLIDADA,GASTOS,INVERSIÓN CONSOLIDADA,No Aplica,No Aplica,No Aplica,No Aplica,No Aplica,No Aplica,No Aplica,No Aplica,VIGENCIA ACTUAL,ENTIDADES TERRITORIALES - ADMINISTRACION CENTRAL,PROTECCION SOCIAL,0,NO DEFINIDO,0.0,94365490.0,2021,Cuarto Trimestre,,,,,,,,,,,,,,,,,,,,,,
2600403,20220601,218552585,Pupiales,2.99,INVERSIÓN CONSOLIDADA,GASTOS,INVERSIÓN CONSOLIDADA,No Aplica,No Aplica,No Aplica,No Aplica,No Aplica,No Aplica,No Aplica,No Aplica,VIGENCIA ACTUAL,ENTIDADES TERRITORIALES - ADMINISTRACION CENTRAL,EDUCACION AMBIENTAL,0,NO DEFINIDO,5000000.0,1015000.0,2022,Segundo Trimestre,,,,,,,,,,,,,,,,,,,,,,
2608166,20211201,218552585,Pupiales,2.99,INVERSIÓN CONSOLIDADA,GASTOS,INVERSIÓN CONSOLIDADA,No Aplica,No Aplica,No Aplica,No Aplica,No Aplica,No Aplica,No Aplica,No Aplica,VIGENCIA ACTUAL,ENTIDADES TERRITORIALES - ADMINISTRACION CENTRAL,GENERACION DE LA INFORMACION GEOGRAFICA DEL TERRITORIO NACIONAL,0,NO DEFINIDO,20000000.0,0.0,2021,Cuarto Trimestre,,,,,,,,,,,,,,,,,,,,,,
2609861,20211201,218552585,Pupiales,2.1.2.01.01.004.01.01,MUEBLES,GASTOS,FUNCIONAMIENTO,ADQUISICION DE BIENES Y SERVICIOS,ADQUISICION DE ACTIVOS NO FINANCIEROS,ACTIVOS FIJOS,ACTIVOS FIJOS NO CLASIFICADOS COMO MAQUINARIA Y EQUIPO,"MUEBLES, INSTRUMENTOS MUSICALES, ARTICULOS DE DEPORTE Y ANTIGÃ?EDADES",MUEBLES,No Aplica,No Aplica,VIGENCIA ACTUAL,ENTIDADES TERRITORIALES - ADMINISTRACION CENTRAL,NO DEFINIDO,,NO DEFINIDO,14500000.0,0.0,2021,Cuarto Trimestre,,,,,,,,,,,,,,,,,,,,,,
2612483,20221201,218552585,Pupiales,2.99,INVERSIÓN CONSOLIDADA,GASTOS,INVERSIÓN CONSOLIDADA,No Aplica,No Aplica,No Aplica,No Aplica,No Aplica,No Aplica,No Aplica,No Aplica,VIGENCIA ACTUAL,ENTIDADES TERRITORIALES - ADMINISTRACION CENTRAL,"ATENCION, ASISTENCIA  Y REPARACION INTEGRAL A LAS VICTIMAS",0,NO DEFINIDO,50000000.0,20616900.0,2022,Cuarto Trimestre,,,,,,,,,,,,,,,,,,,,,,
2615820,20210601,218552585,Pupiales,2.99,INVERSIÓN CONSOLIDADA,GASTOS,INVERSIÓN CONSOLIDADA,No Aplica,No Aplica,No Aplica,No Aplica,No Aplica,No Aplica,No Aplica,No Aplica,VIGENCIA ACTUAL,ENTIDADES TERRITORIALES - ADMINISTRACION CENTRAL,12.02 - JUSTICIA Y DEL DERECHO -  PROMOCION AL ACCESO A LA JUSTICIA,0,NO DEFINIDO,90000000.0,59530000.0,2021,Segundo Trimestre,,,,,,,,,,,,,,,,,,,,,,
2626394,20210601,218552585,Pupiales,2.1.2.01.01.004.01.01.02,MUEBLES DEL TIPO UTILIZADO EN LA OFICINA,GASTOS,FUNCIONAMIENTO,ADQUISICION DE BIENES Y SERVICIOS,ADQUISICION DE ACTIVOS NO FINANCIEROS,ACTIVOS FIJOS,ACTIVOS FIJOS NO CLASIFICADOS COMO MAQUINARIA Y EQUIPO,"MUEBLES, INSTRUMENTOS MUSICALES, ARTICULOS DE DEPORTE Y ANTIGÃ?EDADES",MUEBLES,MUEBLES DEL TIPO UTILIZADO EN LA OFICINA,No Aplica,VIGENCIA ACTUAL,ENTIDADES TERRITORIALES - ADMINISTRACION CENTRAL,NO APLICA,0,NO DEFINIDO,14500000.0,500000.0,2021,Segundo Trimestre,,,,,,,,,,,,,,,,,,,,,,
2645806,20230601,218552585,Pupiales,2.99,INVERSIÓN CONSOLIDADA,GASTOS,INVERSIÓN CONSOLIDADA,No Aplica,No Aplica,No Aplica,No Aplica,No Aplica,No Aplica,No Aplica,No Aplica,VIGENCIA ACTUAL,ENTIDADES TERRITORIALES - ADMINISTRACION CENTRAL,PROMOCION AL ACCESO A LA JUSTICIA,0,NO DEFINIDO,300000000.0,336300000.0,2023,Segundo Trimestre,,,,,,,,,,,,,,,,,,,,,,
2651925,20220601,218552585,Pupiales,2.1.2.01.01.004.01.01.02,MUEBLES DEL TIPO UTILIZADO EN LA OFICINA,GASTOS,FUNCIONAMIENTO,ADQUISICION DE BIENES Y SERVICIOS,ADQUISICION DE ACTIVOS NO FINANCIEROS,ACTIVOS FIJOS,ACTIVOS FIJOS NO CLASIFICADOS COMO MAQUINARIA Y EQUIPO,"MUEBLES, INSTRUMENTOS MUSICALES, ARTICULOS DE DEPORTE Y ANTIGÃ?EDADES",MUEBLES,MUEBLES DEL TIPO UTILIZADO EN LA OFICINA,No Aplica,VIGENCIA ACTUAL,ENTIDADES TERRITORIALES - ADMINISTRACION CENTRAL,NO APLICA,0,NO DEFINIDO,5000000.0,5000000.0,2022,Segundo Trimestre,,,,,,,,,,,,,,,,,,,,,,
2653070,20230601,218552585,Pupiales,2.1.2.01.01.004.01.01,MUEBLES,GASTOS,FUNCIONAMIENTO,ADQUISICION DE BIENES Y SERVICIOS,ADQUISICION DE ACTIVOS NO FINANCIEROS,ACTIVOS FIJOS,ACTIVOS FIJOS NO CLASIFICADOS COMO MAQUINARIA Y EQUIPO,"MUEBLES, INSTRUMENTOS MUSICALES, ARTICULOS DE DEPORTE Y ANTIGÃ?EDADES",MUEBLES,No Aplica,No Aplica,VIGENCIA ACTUAL,ENTIDADES TERRITORIALES - ADMINISTRACION CENTRAL,NO DEFINIDO,,NO DEFINIDO,3000000.0,0.0,2023,Segundo Trimestre,,,,,,,,,,,,,,,,,,,,,,
2657458,20210301,218552585,Pupiales,2.99,INVERSIÓN CONSOLIDADA,GASTOS,INVERSIÓN CONSOLIDADA,No Aplica,No Aplica,No Aplica,No Aplica,No Aplica,No Aplica,No Aplica,No Aplica,VIGENCIA ACTUAL,ENTIDADES TERRITORIALES - ADMINISTRACION CENTRAL,45.01 - GOBIERNO TERRITORIAL - FORTALECIMIENTO DE LA CONVIVENCIA Y LA SEGURIDAD CIUDADANA,0,NO DEFINIDO,125501000.0,136039226.0,2021,Primer Trimestre,,,,,,,,,,,,,,,,,,,,,,
2662329,20211201,218552585,Pupiales,2.99,INVERSIÓN CONSOLIDADA,GASTOS,INVERSIÓN CONSOLIDADA,No Aplica,No Aplica,No Aplica,No Aplica,No Aplica,No Aplica,No Aplica,No Aplica,VIGENCIA ACTUAL,ENTIDADES TERRITORIALES - ADMINISTRACION CENTRAL,"FOMENTO A LA RECREACION, LA ACTIVIDAD FISICA Y EL DEPORTE",0,NO DEFINIDO,89583992.0,154762372.0,2021,Cuarto Trimestre,,,,,,,,,,,,,,,,,,,,,,
2663518,20211201,218552585,Pupiales,2.99,INVERSIÓN CONSOLIDADA,GASTOS,INVERSIÓN CONSOLIDADA,No Aplica,No Aplica,No Aplica,No Aplica,No Aplica,No Aplica,No Aplica,No Aplica,VIGENCIA ACTUAL,ENTIDADES TERRITORIALES - ADMINISTRACION CENTRAL,FORTALECIMIENTO DE LA CONVIVENCIA Y LA SEGURIDAD CIUDADANA,0,NO DEFINIDO,120000000.0,144798224.0,2021,Cuarto Trimestre,,,,,,,,,,,,,,,,,,,,,,
2664236,20220901,218552585,Pupiales,2.99,INVERSIÓN CONSOLIDADA,GASTOS,INVERSIÓN CONSOLIDADA,No Aplica,No Aplica,No Aplica,No Aplica,No Aplica,No Aplica,No Aplica,No Aplica,VIGENCIA ACTUAL,ENTIDADES TERRITORIALES - ADMINISTRACION CENTRAL,FORTALECIMIENTO DEL DESEMPEÑO AMBIENTAL DE LOS SECTORES PRODUCTIVOS,0,NO DEFINIDO,30000000.0,33985000.0,2022,Tercer Trimestre,,,,,,,,,,,,,,,,,,,,,,
2677559,20211201,218552585,Pupiales,2.99,INVERSIÓN CONSOLIDADA,GASTOS,INVERSIÓN CONSOLIDADA,No Aplica,No Aplica,No Aplica,No Aplica,No Aplica,No Aplica,No Aplica,No Aplica,VIGENCIA ACTUAL,ENTIDADES TERRITORIALES - ADMINISTRACION CENTRAL,FORTALECIMIENTO DEL BUEN GOBIERNO PARA EL RESPETO Y GARANTIA DE LOS DERECHOS HUMANOS,0,NO DEFINIDO,15000000.0,0.0,2021,Cuarto Trimestre,,,,,,,,,,,,,,,,,,,,,,
2685240,20220301,218552585,Pupiales,2.1.2.01.01.004.01.01,MUEBLES,GASTOS,FUNCIONAMIENTO,ADQUISICION DE BIENES Y SERVICIOS,ADQUISICION DE ACTIVOS NO FINANCIEROS,ACTIVOS FIJOS,ACTIVOS FIJOS NO CLASIFICADOS COMO MAQUINARIA Y EQUIPO,"MUEBLES, INSTRUMENTOS MUSICALES, ARTICULOS DE DEPORTE Y ANTIGÃ?EDADES",MUEBLES,No Aplica,No Aplica,VIGENCIA ACTUAL,ENTIDADES TERRITORIALES - ADMINISTRACION CENTRAL,NO DEFINIDO,,NO DEFINIDO,5000000.0,5000000.0,2022,Primer Trimestre,,,,,,,,,,,,,,,,,,,,,,
2686552,20220301,218552585,Pupiales,2.99,INVERSIÓN CONSOLIDADA,GASTOS,INVERSIÓN CONSOLIDADA,No Aplica,No Aplica,No Aplica,No Aplica,No Aplica,No Aplica,No Aplica,No Aplica,VIGENCIA ACTUAL,ENTIDADES TERRITORIALES - ADMINISTRACION CENTRAL,ACCESO A SOLUCIONES DE VIVIENDA,0,NO DEFINIDO,20000000.0,20000000.0,2022,Primer Trimestre,,,,,,,,,,,,,,,,,,,,,,
2690138,20230601,218552585,Pupiales,2.99,INVERSIÓN CONSOLIDADA,GASTOS,INVERSIÓN CONSOLIDADA,No Aplica,No Aplica,No Aplica,No Aplica,No Aplica,No Aplica,No Aplica,No Aplica,VIGENCIA ACTUAL,ENTIDADES TERRITORIALES - ADMINISTRACION CENTRAL,"CALIDAD, COBERTURA Y FORTALECIMIENTO DE LA EDUCACION INICIAL, PRESCOLAR, BASICA Y MEDIA",0,NO DEFINIDO,472884544.0,606834945.0,2023,Segundo Trimestre,,,,,,,,,,,,,,,,,,,,,,
2695607,20210901,218552585,Pupiales,2.99,INVERSIÓN CONSOLIDADA,GASTOS,INVERSIÓN CONSOLIDADA,No Aplica,No Aplica,No Aplica,No Aplica,No Aplica,No Aplica,No Aplica,No Aplica,VIGENCIA ACTUAL,ENTIDADES TERRITORIALES - ADMINISTRACION CENTRAL,33.01 - CULTURA - PROMOCION Y ACCESO EFECTIVO A PROCESOS CULTURALES Y ARTISTICOS,0,NO DEFINIDO,149437994.0,133878901.0,2021,Tercer Trimestre,,,,,,,,,,,,,,,,,,,,,,
2697033,20220601,218552585,Pupiales,2.99,INVERSIÓN CONSOLIDADA,GASTOS,INVERSIÓN CONSOLIDADA,No Aplica,No Aplica,No Aplica,No Aplica,No Aplica,No Aplica,No Aplica,No Aplica,VIGENCIA ACTUAL,ENTIDADES TERRITORIALES - ADMINISTRACION CENTRAL,PRODUCTIVIDAD Y COMPETITIVIDAD DE LAS EMPRESAS COLOMBIANAS,0,NO DEFINIDO,10000000.0,10000000.0,2022,Segundo Trimestre,,,,,,,,,,,,,,,,,,,,,,
2718124,20210901,218552585,Pupiales,2.99,INVERSIÓN CONSOLIDADA,GASTOS,INVERSIÓN CONSOLIDADA,No Aplica,No Aplica,No Aplica,No Aplica,No Aplica,No Aplica,No Aplica,No Aplica,VIGENCIA ACTUAL,ENTIDADES TERRITORIALES - ADMINISTRACION CENTRAL,19.05 - SALUD Y PROTECCION SOCIAL - SALUD PUBLICA,2021525850017,NO DEFINIDO,153621808.0,223041156.0,2021,Tercer Trimestre,,,,,,,,,,,,,,,,,,,,,,
2719442,20220601,218552585,Pupiales,2.99,INVERSIÓN CONSOLIDADA,GASTOS,INVERSIÓN CONSOLIDADA,No Aplica,No Aplica,No Aplica,No Aplica,No Aplica,No Aplica,No Aplica,No Aplica,VIGENCIA ACTUAL,ENTIDADES TERRITORIALES - ADMINISTRACION CENTRAL,FORTALECIMIENTO DEL BUEN GOBIERNO PARA EL RESPETO Y GARANTIA DE LOS DERECHOS HUMANOS,0,NO DEFINIDO,10000000.0,8000000.0,2022,Segundo Trimestre,,,,,,,,,,,,,,,,,,,,,,
2722112,20210901,218552585,Pupiales,2.99,INVERSIÓN CONSOLIDADA,GASTOS,INVERSIÓN CONSOLIDADA,No Aplica,No Aplica,No Aplica,No Aplica,No Aplica,No Aplica,No Aplica,No Aplica,VIGENCIA ACTUAL,ENTIDADES TERRITORIALES - ADMINISTRACION CENTRAL,45.99 - GOBIERNO TERRITORIAL - FORTALECIMIENTO A LA GESTION Y DIRECCION DE LA ADMINISTRACION PUBLICA TERRITORIAL,0,NO DEFINIDO,530000000.0,747636204.0,2021,Tercer Trimestre,,,,,,,,,,,,,,,,,,,,,,
2725170,20230301,218552585,Pupiales,2.99,INVERSIÓN CONSOLIDADA,GASTOS,INVERSIÓN CONSOLIDADA,No Aplica,No Aplica,No Aplica,No Aplica,No Aplica,No Aplica,No Aplica,No Aplica,VIGENCIA ACTUAL,ENTIDADES TERRITORIALES - ADMINISTRACION CENTRAL,INFRAESTRUCTURA RED VIAL REGIONAL,1,NO DEFINIDO,200000000.0,441000000.0,2023,Primer Trimestre,,,,,,,,,,,,,,,,,,,,,,
2727243,20210601,218552585,Pupiales,2.99,INVERSIÓN CONSOLIDADA,GASTOS,INVERSIÓN CONSOLIDADA,No Aplica,No Aplica,No Aplica,No Aplica,No Aplica,No Aplica,No Aplica,No Aplica,VIGENCIA ACTUAL,ENTIDADES TERRITORIALES - ADMINISTRACION CENTRAL,36.01 - TRABAJO - PROTECCION SOCIAL,0,NO DEFINIDO,115729990.0,187616546.0,2021,Segundo Trimestre,,,,,,,,,,,,,,,,,,,,,,
2729852,20220301,218552585,Pupiales,2.99,INVERSIÓN CONSOLIDADA,GASTOS,INVERSIÓN CONSOLIDADA,No Aplica,No Aplica,No Aplica,No Aplica,No Aplica,No Aplica,No Aplica,No Aplica,VIGENCIA ACTUAL,ENTIDADES TERRITORIALES - ADMINISTRACION CENTRAL,"DESARROLLO INTEGRAL DE LA PRIMERA INFANCIA A LA JUVENTUD, Y FORTALECIMIENTO DE LAS CAPACIDADES DE LAS FAMILIAS DE NIÑAS, NIÑOS Y ADOLESCENTES",0,NO DEFINIDO,30000000.0,6000000.0,2022,Primer Trimestre,,,,,,,,,,,,,,,,,,,,,,
2730546,20230601,218552585,Pupiales,2.99,INVERSIÓN CONSOLIDADA,GASTOS,INVERSIÓN CONSOLIDADA,No Aplica,No Aplica,No Aplica,No Aplica,No Aplica,No Aplica,No Aplica,No Aplica,VIGENCIA ACTUAL,ENTIDADES TERRITORIALES - ADMINISTRACION CENTRAL,ATENCION INTEGRAL DE POBLACION EN SITUACION PERMANENTE DE DESPROTECCION SOCIAL Y/O FAMILIAR,0,NO DEFINIDO,220000000.0,417797798.0,2023,Segundo Trimestre,,,,,,,,,,,,,,,,,,,,,,
2744268,20210301,218552585,Pupiales,2.1.2.01.01.004.01,"MUEBLES, INSTRUMENTOS MUSICALES, ARTICULOS DE DEPORTE Y ANTIGÃ?EDADES",GASTOS,FUNCIONAMIENTO,ADQUISICION DE BIENES Y SERVICIOS,ADQUISICION DE ACTIVOS NO FINANCIEROS,ACTIVOS FIJOS,ACTIVOS FIJOS NO CLASIFICADOS COMO MAQUINARIA Y EQUIPO,"MUEBLES, INSTRUMENTOS MUSICALES, ARTICULOS DE DEPORTE Y ANTIGÃ?EDADES",No Aplica,No Aplica,No Aplica,VIGENCIA ACTUAL,ENTIDADES TERRITORIALES - ADMINISTRACION CENTRAL,NO DEFINIDO,,NO DEFINIDO,14500000.0,14500000.0,2021,Primer Trimestre,,,,,,,,,,,,,,,,,,,,,,
2748777,20230301,218552585,Pupiales,2.99,INVERSIÓN CONSOLIDADA,GASTOS,INVERSIÓN CONSOLIDADA,No Aplica,No Aplica,No Aplica,No Aplica,No Aplica,No Aplica,No Aplica,No Aplica,VIGENCIA ACTUAL,ENTIDADES TERRITORIALES - ADMINISTRACION CENTRAL,FORTALECIMIENTO A LA GESTION Y DIRECCION DE LA ADMINISTRACION PUBLICA TERRITORIAL,1,NO DEFINIDO,307001000.0,278001000.0,2023,Primer Trimestre,,,,,,,,,,,,,,,,,,,,,,
2761615,20230601,218552585,Pupiales,2.99,INVERSIÓN CONSOLIDADA,GASTOS,INVERSIÓN CONSOLIDADA,No Aplica,No Aplica,No Aplica,No Aplica,No Aplica,No Aplica,No Aplica,No Aplica,VIGENCIA ACTUAL,ENTIDADES TERRITORIALES - ADMINISTRACION CENTRAL,SEGURIDAD DE TRANSPORTE,0,NO DEFINIDO,10000000.0,0.0,2023,Segundo Trimestre,,,,,,,,,,,,,,,,,,,,,,
2763460,20210301,218552585,Pupiales,2.99,INVERSIÓN CONSOLIDADA,GASTOS,INVERSIÓN CONSOLIDADA,No Aplica,No Aplica,No Aplica,No Aplica,No Aplica,No Aplica,No Aplica,No Aplica,VIGENCIA ACTUAL,ENTIDADES TERRITORIALES - ADMINISTRACION CENTRAL,"40.03 - VIVIENDA, CIUDAD Y TERRITORIO - ACCESO DE LA POBLACION A LOS SERVICIOS DE AGUA POTABLE Y SANEAMIENTO BASICO",2021525850015,NO DEFINIDO,725037478.0,711454316.0,2021,Primer Trimestre,,,,,,,,,,,,,,,,,,,,,,
2779487,20230601,218552585,Pupiales,2.99,INVERSIÓN CONSOLIDADA,GASTOS,INVERSIÓN CONSOLIDADA,No Aplica,No Aplica,No Aplica,No Aplica,No Aplica,No Aplica,No Aplica,No Aplica,CUENTAS POR PAGAR,ENTIDADES TERRITORIALES - ADMINISTRACION CENTRAL,SISTEMA PENITENCIARIO Y CARCELARIO EN EL MARCO DE LOS DERECHOS HUMANOS,1,NO DEFINIDO,5883146.0,5883146.0,2023,Segundo Trimestre,,,,,,,,,,,,,,,,,,,,,,
2782080,20210301,218552585,Pupiales,2.99,INVERSIÓN CONSOLIDADA,GASTOS,INVERSIÓN CONSOLIDADA,No Aplica,No Aplica,No Aplica,No Aplica,No Aplica,No Aplica,No Aplica,No Aplica,VIGENCIA ACTUAL,ENTIDADES TERRITORIALES - ADMINISTRACION CENTRAL,45.02 - GOBIERNO TERRITORIAL - FORTALECIMIENTO DEL BUEN GOBIERNO PARA EL RESPETO Y GARANTIA DE LOS DERECHOS HUMANOS.,0,NO DEFINIDO,15000000.0,15000000.0,2021,Primer Trimestre,,,,,,,,,,,,,,,,,,,,,,
2783118,20210301,218552585,Pupiales,2.99,INVERSIÓN CONSOLIDADA,GASTOS,INVERSIÓN CONSOLIDADA,No Aplica,No Aplica,No Aplica,No Aplica,No Aplica,No Aplica,No Aplica,No Aplica,VIGENCIA ACTUAL,ENTIDADES TERRITORIALES - ADMINISTRACION CENTRAL,12.02 - JUSTICIA Y DEL DERECHO -  PROMOCION AL ACCESO A LA JUSTICIA,0,NO DEFINIDO,90000000.0,90000000.0,2021,Primer Trimestre,,,,,,,,,,,,,,,,,,,,,,
2789482,20210601,218552585,Pupiales,2.99,INVERSIÓN CONSOLIDADA,GASTOS,INVERSIÓN CONSOLIDADA,No Aplica,No Aplica,No Aplica,No Aplica,No Aplica,No Aplica,No Aplica,No Aplica,VIGENCIA ACTUAL,ENTIDADES TERRITORIALES - ADMINISTRACION CENTRAL,"17.08 - AGRICULTURA Y DESARROLLO RURAL - CIENCIA, TECNOLOGIA E INNOVACION AGROPECUARIA",0,NO DEFINIDO,20000000.0,6650000.0,2021,Segundo Trimestre,,,,,,,,,,,,,,,,,,,,,,
2793383,20220601,218552585,Pupiales,2.99,INVERSIÓN CONSOLIDADA,GASTOS,INVERSIÓN CONSOLIDADA,No Aplica,No Aplica,No Aplica,No Aplica,No Aplica,No Aplica,No Aplica,No Aplica,VIGENCIA ACTUAL,ENTIDADES TERRITORIALES - ADMINISTRACION CENTRAL,FACILITAR EL ACCESO Y USO DE LAS TECNOLOGIAS DE LA INFORMACION Y LAS COMUNICACIONES EN TODO EL TERRITORIO NACIONAL,0,NO DEFINIDO,10000000.0,10000000.0,2022,Segundo Trimestre,,,,,,,,,,,,,,,,,,,,,,
2795479,20230301,218552585,Pupiales,2.99,INVERSIÓN CONSOLIDADA,GASTOS,INVERSIÓN CONSOLIDADA,No Aplica,No Aplica,No Aplica,No Aplica,No Aplica,No Aplica,No Aplica,No Aplica,VIGENCIA ACTUAL,ENTIDADES TERRITORIALES - ADMINISTRACION CENTRAL,ASEGURAMIENTO Y PRESTACION INTEGRAL DE SERVICIOS DE SALUD,1,NO DEFINIDO,5708116414.0,5827695046.0,2023,Primer Trimestre,,,,,,,,,,,,,,,,,,,,,,
2799858,20210601,218552585,Pupiales,2.99,INVERSIÓN CONSOLIDADA,GASTOS,INVERSIÓN CONSOLIDADA,No Aplica,No Aplica,No Aplica,No Aplica,No Aplica,No Aplica,No Aplica,No Aplica,VIGENCIA ACTUAL,ENTIDADES TERRITORIALES - ADMINISTRACION CENTRAL,17.07 - AGRICULTURA Y DESARROLLO RURAL - SANIDAD AGROPECUARIA E INOCUIDAD AGROALIMENTARIA,0,NO DEFINIDO,20000000.0,7750000.0,2021,Segundo Trimestre,,,,,,,,,,,,,,,,,,,,,,
2801978,20221201,218552585,Pupiales,2.99,INVERSIÓN CONSOLIDADA,GASTOS,INVERSIÓN CONSOLIDADA,No Aplica,No Aplica,No Aplica,No Aplica,No Aplica,No Aplica,No Aplica,No Aplica,VIGENCIA ACTUAL,ENTIDADES TERRITORIALES - ADMINISTRACION CENTRAL,SISTEMA PENITENCIARIO Y CARCELARIO EN EL MARCO DE LOS DERECHOS HUMANOS,0,NO DEFINIDO,7000000.0,8000000.0,2022,Cuarto Trimestre,,,,,,,,,,,,,,,,,,,,,,
2813095,20220301,218552585,Pupiales,2.99,INVERSIÓN CONSOLIDADA,GASTOS,INVERSIÓN CONSOLIDADA,No Aplica,No Aplica,No Aplica,No Aplica,No Aplica,No Aplica,No Aplica,No Aplica,VIGENCIA ACTUAL,ENTIDADES TERRITORIALES - ADMINISTRACION CENTRAL,GESTION DEL RIESGO DE DESASTRES Y EMERGENCIAS,2021525850002,NO DEFINIDO,45000000.0,30300000.0,2022,Primer Trimestre,,,,,,,,,,,,,,,,,,,,,,
2814529,20210301,218552585,Pupiales,2.99,INVERSIÓN CONSOLIDADA,GASTOS,INVERSIÓN CONSOLIDADA,No Aplica,No Aplica,No Aplica,No Aplica,No Aplica,No Aplica,No Aplica,No Aplica,VIGENCIA ACTUAL,ENTIDADES TERRITORIALES - ADMINISTRACION CENTRAL,21.02 - MINAS Y ENERGIA - CONSOLIDACION PRODUCTIVA DEL SECTOR DE ENERGIA ELECTRICA,0,NO DEFINIDO,230000000.0,230000000.0,2021,Primer Trimestre,,,,,,,,,,,,,,,,,,,,,,
2818694,20220601,218552585,Pupiales,2.99,INVERSIÓN CONSOLIDADA,GASTOS,INVERSIÓN CONSOLIDADA,No Aplica,No Aplica,No Aplica,No Aplica,No Aplica,No Aplica,No Aplica,No Aplica,VIGENCIA ACTUAL,ENTIDADES TERRITORIALES - ADMINISTRACION CENTRAL,PROMOCION AL ACCESO A LA JUSTICIA,0,NO DEFINIDO,45000000.0,44000000.0,2022,Segundo Trimestre,,,,,,,,,,,,,,,,,,,,,,
2819821,20220901,218552585,Pupiales,2.99,INVERSIÓN CONSOLIDADA,GASTOS,INVERSIÓN CONSOLIDADA,No Aplica,No Aplica,No Aplica,No Aplica,No Aplica,No Aplica,No Aplica,No Aplica,VIGENCIA ACTUAL,ENTIDADES TERRITORIALES - ADMINISTRACION CENTRAL,GESTION INTEGRAL DEL RECURSO HIDRICO,0,NO DEFINIDO,10000000.0,10000000.0,2022,Tercer Trimestre,,,,,,,,,,,,,,,,,,,,,,
2824810,20230301,218552585,Pupiales,2.99,INVERSIÓN CONSOLIDADA,GASTOS,INVERSIÓN CONSOLIDADA,No Aplica,No Aplica,No Aplica,No Aplica,No Aplica,No Aplica,No Aplica,No Aplica,VIGENCIA ACTUAL,ENTIDADES TERRITORIALES - ADMINISTRACION CENTRAL,"GESTION, PROTECCION Y SALVAGUARDIA DEL PATRIMONIO CULTURAL COLOMBIANO",1,NO DEFINIDO,192911958.0,207299771.0,2023,Primer Trimestre,,,,,,,,,,,,,,,,,,,,,,
2838522,20220901,218552585,Pupiales,2.99,INVERSIÓN CONSOLIDADA,GASTOS,INVERSIÓN CONSOLIDADA,No Aplica,No Aplica,No Aplica,No Aplica,No Aplica,No Aplica,No Aplica,No Aplica,VIGENCIA ACTUAL,ENTIDADES TERRITORIALES - ADMINISTRACION CENTRAL,SEGURIDAD DE TRANSPORTE,0,NO DEFINIDO,5000000.0,0.0,2022,Tercer Trimestre,,,,,,,,,,,,,,,,,,,,,,
2843862,20220601,218552585,Pupiales,2.99,INVERSIÓN CONSOLIDADA,GASTOS,INVERSIÓN CONSOLIDADA,No Aplica,No Aplica,No Aplica,No Aplica,No Aplica,No Aplica,No Aplica,No Aplica,VIGENCIA ACTUAL,ENTIDADES TERRITORIALES - ADMINISTRACION CENTRAL,SANIDAD AGROPECUARIA E INOCUIDAD AGROALIMENTARIA,0,NO DEFINIDO,12000000.0,0.0,2022,Segundo Trimestre,,,,,,,,,,,,,,,,,,,,,,
2851152,20230601,218552585,Pupiales,2.99,INVERSIÓN CONSOLIDADA,GASTOS,INVERSIÓN CONSOLIDADA,No Aplica,No Aplica,No Aplica,No Aplica,No Aplica,No Aplica,No Aplica,No Aplica,VIGENCIA ACTUAL,ENTIDADES TERRITORIALES - ADMINISTRACION CENTRAL,ACCESO A SOLUCIONES DE VIVIENDA,0,NO DEFINIDO,20000000.0,20000000.0,2023,Segundo Trimestre,,,,,,,,,,,,,,,,,,,,,,
2854078,20230601,218552585,Pupiales,2.99,INVERSIÓN CONSOLIDADA,GASTOS,INVERSIÓN CONSOLIDADA,No Aplica,No Aplica,No Aplica,No Aplica,No Aplica,No Aplica,No Aplica,No Aplica,VIGENCIA ACTUAL,ENTIDADES TERRITORIALES - ADMINISTRACION CENTRAL,CONSERVACION DE LA BIODIVERSIDAD Y SUS SERVICIOS ECOSISTEMICOS,0,NO DEFINIDO,86001000.0,90575276.0,2023,Segundo Trimestre,,,,,,,,,,,,,,,,,,,,,,
2860335,20221201,218552585,Pupiales,2.99,INVERSIÓN CONSOLIDADA,GASTOS,INVERSIÓN CONSOLIDADA,No Aplica,No Aplica,No Aplica,No Aplica,No Aplica,No Aplica,No Aplica,No Aplica,VIGENCIA ACTUAL,ENTIDADES TERRITORIALES - ADMINISTRACION CENTRAL,INFRAESTRUCTURA RED VIAL REGIONAL,2.02E+12,NO DEFINIDO,287539732.0,641718789.0,2022,Cuarto Trimestre,,,,,,,,,,,,,,,,,,,,,,
2870112,20211201,218552585,Pupiales,2.99,INVERSIÓN CONSOLIDADA,GASTOS,INVERSIÓN CONSOLIDADA,No Aplica,No Aplica,No Aplica,No Aplica,No Aplica,No Aplica,No Aplica,No Aplica,VIGENCIA ACTUAL,ENTIDADES TERRITORIALES - ADMINISTRACION CENTRAL,FORTALECIMIENTO DEL DESEMPEÑO AMBIENTAL DE LOS SECTORES PRODUCTIVOS,0,NO DEFINIDO,40400000.0,44156299.0,2021,Cuarto Trimestre,,,,,,,,,,,,,,,,,,,,,,
2871256,20210301,218552585,Pupiales,2.99,INVERSIÓN CONSOLIDADA,GASTOS,INVERSIÓN CONSOLIDADA,No Aplica,No Aplica,No Aplica,No Aplica,No Aplica,No Aplica,No Aplica,No Aplica,VIGENCIA ACTUAL,ENTIDADES TERRITORIALES - ADMINISTRACION CENTRAL,32.03 - AMBIENTE Y DESARROLLO SOSTENIBLE - GESTION INTEGRAL DEL RECURSO HIDRICO,0,NO DEFINIDO,10620000.0,10620000.0,2021,Primer Trimestre,,,,,,,,,,,,,,,,,,,,,,
2871348,20210301,218552585,Pupiales,2.99,INVERSIÓN CONSOLIDADA,GASTOS,INVERSIÓN CONSOLIDADA,No Aplica,No Aplica,No Aplica,No Aplica,No Aplica,No Aplica,No Aplica,No Aplica,VIGENCIA ACTUAL,ENTIDADES TERRITORIALES - ADMINISTRACION CENTRAL,21.01 - MINAS Y ENERGIA - ACCESO AL SERVICIO PUBLICO DOMICILIARIO DE GAS COMBUSTIBLE,0,NO DEFINIDO,25000000.0,25000000.0,2021,Primer Trimestre,,,,,,,,,,,,,,,,,,,,,,
2875497,20220601,218552585,Pupiales,2.99,INVERSIÓN CONSOLIDADA,GASTOS,INVERSIÓN CONSOLIDADA,No Aplica,No Aplica,No Aplica,No Aplica,No Aplica,No Aplica,No Aplica,No Aplica,VIGENCIA ACTUAL,ENTIDADES TERRITORIALES - ADMINISTRACION CENTRAL,JUSTICIA TRANSICIONAL,0,NO DEFINIDO,2000000.0,2000000.0,2022,Segundo Trimestre,,,,,,,,,,,,,,,,,,,,,,
2889646,20220601,218552585,Pupiales,2.99,INVERSIÓN CONSOLIDADA,GASTOS,INVERSIÓN CONSOLIDADA,No Aplica,No Aplica,No Aplica,No Aplica,No Aplica,No Aplica,No Aplica,No Aplica,VIGENCIA ACTUAL,ENTIDADES TERRITORIALES - ADMINISTRACION CENTRAL,INCLUSION SOCIAL Y PRODUCTIVA PARA LA POBLACION EN SITUACION DE VULNERABILIDAD,0,NO DEFINIDO,0.0,14000000.0,2022,Segundo Trimestre,,,,,,,,,,,,,,,,,,,,,,
2890531,20210301,218552585,Pupiales,2.1.2.01.01.004.01.01.02,MUEBLES DEL TIPO UTILIZADO EN LA OFICINA,GASTOS,FUNCIONAMIENTO,ADQUISICION DE BIENES Y SERVICIOS,ADQUISICION DE ACTIVOS NO FINANCIEROS,ACTIVOS FIJOS,ACTIVOS FIJOS NO CLASIFICADOS COMO MAQUINARIA Y EQUIPO,"MUEBLES, INSTRUMENTOS MUSICALES, ARTICULOS DE DEPORTE Y ANTIGÃ?EDADES",MUEBLES,MUEBLES DEL TIPO UTILIZADO EN LA OFICINA,No Aplica,VIGENCIA ACTUAL,ENTIDADES TERRITORIALES - ADMINISTRACION CENTRAL,NO APLICA,0,NO DEFINIDO,14500000.0,14500000.0,2021,Primer Trimestre,,,,,,,,,,,,,,,,,,,,,,
2896992,20210301,218552585,Pupiales,2.1.2.01.01.004.01.01,MUEBLES,GASTOS,FUNCIONAMIENTO,ADQUISICION DE BIENES Y SERVICIOS,ADQUISICION DE ACTIVOS NO FINANCIEROS,ACTIVOS FIJOS,ACTIVOS FIJOS NO CLASIFICADOS COMO MAQUINARIA Y EQUIPO,"MUEBLES, INSTRUMENTOS MUSICALES, ARTICULOS DE DEPORTE Y ANTIGÃ?EDADES",MUEBLES,No Aplica,No Aplica,VIGENCIA ACTUAL,ENTIDADES TERRITORIALES - ADMINISTRACION CENTRAL,NO DEFINIDO,,NO DEFINIDO,14500000.0,14500000.0,2021,Primer Trimestre,,,,,,,,,,,,,,,,,,,,,,
2902172,20220301,218552585,Pupiales,2.99,INVERSIÓN CONSOLIDADA,GASTOS,INVERSIÓN CONSOLIDADA,No Aplica,No Aplica,No Aplica,No Aplica,No Aplica,No Aplica,No Aplica,No Aplica,VIGENCIA ACTUAL,ENTIDADES TERRITORIALES - ADMINISTRACION CENTRAL,INFRAESTRUCTURA RED VIAL REGIONAL,2021525850007,NO DEFINIDO,287539732.0,292539732.0,2022,Primer Trimestre,,,,,,,,,,,,,,,,,,,,,,
2902848,20220301,218552585,Pupiales,2.99,INVERSIÓN CONSOLIDADA,GASTOS,INVERSIÓN CONSOLIDADA,No Aplica,No Aplica,No Aplica,No Aplica,No Aplica,No Aplica,No Aplica,No Aplica,VIGENCIA ACTUAL,ENTIDADES TERRITORIALES - ADMINISTRACION CENTRAL,INFRAESTRUCTURA RED VIAL PRIMARIA,0,NO DEFINIDO,0.0,28000000.0,2022,Primer Trimestre,,,,,,,,,,,,,,,,,,,,,,
2904557,20220601,218552585,Pupiales,2.99,INVERSIÓN CONSOLIDADA,GASTOS,INVERSIÓN CONSOLIDADA,No Aplica,No Aplica,No Aplica,No Aplica,No Aplica,No Aplica,No Aplica,No Aplica,VIGENCIA ACTUAL,ENTIDADES TERRITORIALES - ADMINISTRACION CENTRAL,ACCESO A SOLUCIONES DE VIVIENDA,0,NO DEFINIDO,20000000.0,0.0,2022,Segundo Trimestre,,,,,,,,,,,,,,,,,,,,,,
2908176,20210601,218552585,Pupiales,2.99,INVERSIÓN CONSOLIDADA,GASTOS,INVERSIÓN CONSOLIDADA,No Aplica,No Aplica,No Aplica,No Aplica,No Aplica,No Aplica,No Aplica,No Aplica,VIGENCIA ACTUAL,ENTIDADES TERRITORIALES - ADMINISTRACION CENTRAL,"43.01 - DEPORTE Y RECREACION - FOMENTO A LA RECREACION, LA ACTIVIDAD FISICA Y EL DEPORTE PARA DESARROLLAR ENTORNOS DE CONVIVENCIA Y PAZ",0,NO DEFINIDO,89583992.0,80042180.0,2021,Segundo Trimestre,,,,,,,,,,,,,,,,,,,,,,
2927702,20220901,218552585,Pupiales,2.99,INVERSIÓN CONSOLIDADA,GASTOS,INVERSIÓN CONSOLIDADA,No Aplica,No Aplica,No Aplica,No Aplica,No Aplica,No Aplica,No Aplica,No Aplica,VIGENCIA ACTUAL,ENTIDADES TERRITORIALES - ADMINISTRACION CENTRAL,CONSOLIDACION PRODUCTIVA DEL SECTOR DE ENERGIA ELECTRICA,0,NO DEFINIDO,200000000.0,209469040.0,2022,Tercer Trimestre,,,,,,,,,,,,,,,,,,,,,,
2937237,20210301,218552585,Pupiales,2.99,INVERSIÓN CONSOLIDADA,GASTOS,INVERSIÓN CONSOLIDADA,No Aplica,No Aplica,No Aplica,No Aplica,No Aplica,No Aplica,No Aplica,No Aplica,VIGENCIA ACTUAL,ENTIDADES TERRITORIALES - ADMINISTRACION CENTRAL,12.04 - JUSTICIA Y DEL DERECHO - JUSTICIA TRANSICIONAL,0,NO DEFINIDO,7629714.0,7629714.0,2021,Primer Trimestre,,,,,,,,,,,,,,,,,,,,,,
2944283,20220301,218552585,Pupiales,2.99,INVERSIÓN CONSOLIDADA,GASTOS,INVERSIÓN CONSOLIDADA,No Aplica,No Aplica,No Aplica,No Aplica,No Aplica,No Aplica,No Aplica,No Aplica,VIGENCIA ACTUAL,ENTIDADES TERRITORIALES - ADMINISTRACION CENTRAL,PROMOCION AL ACCESO A LA JUSTICIA,0,NO DEFINIDO,45000000.0,44000000.0,2022,Primer Trimestre,,,,,,,,,,,,,,,,,,,,,,
2945185,20210601,218552585,Pupiales,2.99,INVERSIÓN CONSOLIDADA,GASTOS,INVERSIÓN CONSOLIDADA,No Aplica,No Aplica,No Aplica,No Aplica,No Aplica,No Aplica,No Aplica,No Aplica,VIGENCIA ACTUAL,ENTIDADES TERRITORIALES - ADMINISTRACION CENTRAL,04.06 - INFORMACION ESTADISTICA - GENERACION DE LA INFORMACION GEOGRAFICA DEL TERRITORIO NACIONAL,0,NO DEFINIDO,20000000.0,0.0,2021,Segundo Trimestre,,,,,,,,,,,,,,,,,,,,,,
2945429,20220601,218552585,Pupiales,2.99,INVERSIÓN CONSOLIDADA,GASTOS,INVERSIÓN CONSOLIDADA,No Aplica,No Aplica,No Aplica,No Aplica,No Aplica,No Aplica,No Aplica,No Aplica,VIGENCIA ACTUAL,ENTIDADES TERRITORIALES - ADMINISTRACION CENTRAL,GENERACION DE LA INFORMACION GEOGRAFICA DEL TERRITORIO NACIONAL,0,NO DEFINIDO,542392732.0,2248697483.0,2022,Segundo Trimestre,,,,,,,,,,,,,,,,,,,,,,
2947643,20210601,218552585,Pupiales,2.99,INVERSIÓN CONSOLIDADA,GASTOS,INVERSIÓN CONSOLIDADA,No Aplica,No Aplica,No Aplica,No Aplica,No Aplica,No Aplica,No Aplica,No Aplica,VIGENCIA ACTUAL,ENTIDADES TERRITORIALES - ADMINISTRACION CENTRAL,33.01 - CULTURA - PROMOCION Y ACCESO EFECTIVO A PROCESOS CULTURALES Y ARTISTICOS,2021525850009,NO DEFINIDO,149437994.0,133878901.0,2021,Segundo Trimestre,,,,,,,,,,,,,,,,,,,,,,
2959122,20210901,218552585,Pupiales,2.99,INVERSIÓN CONSOLIDADA,GASTOS,INVERSIÓN CONSOLIDADA,No Aplica,No Aplica,No Aplica,No Aplica,No Aplica,No Aplica,No Aplica,No Aplica,VIGENCIA ACTUAL,ENTIDADES TERRITORIALES - ADMINISTRACION CENTRAL,24.02 - TRANSPORTE - INFRAESTRUCTURA RED VIAL REGIONAL,2021525850007,NO DEFINIDO,1069123370.0,3952159714.0,2021,Tercer Trimestre,,,,,,,,,,,,,,,,,,,,,,
2963954,20211201,218552585,Pupiales,2.99,INVERSIÓN CONSOLIDADA,GASTOS,INVERSIÓN CONSOLIDADA,No Aplica,No Aplica,No Aplica,No Aplica,No Aplica,No Aplica,No Aplica,No Aplica,VIGENCIA ACTUAL,ENTIDADES TERRITORIALES - ADMINISTRACION CENTRAL,PROMOCION Y ACCESO EFECTIVO A PROCESOS CULTURALES Y ARTISTICOS,0,NO DEFINIDO,149437994.0,117781901.0,2021,Cuarto Trimestre,,,,,,,,,,,,,,,,,,,,,,
2969712,20210901,218552585,Pupiales,2.99,INVERSIÓN CONSOLIDADA,GASTOS,INVERSIÓN CONSOLIDADA,No Aplica,No Aplica,No Aplica,No Aplica,No Aplica,No Aplica,No Aplica,No Aplica,VIGENCIA ACTUAL,ENTIDADES TERRITORIALES - ADMINISTRACION CENTRAL,33.99 - CULTURA - FORTALECIMIENTO DE LA GESTION Y DIRECCION DEL SECTOR CULTURA,0,NO DEFINIDO,0.0,9000000.0,2021,Tercer Trimestre,,,,,,,,,,,,,,,,,,,,,,
2975898,20220901,218552585,Pupiales,2.99,INVERSIÓN CONSOLIDADA,GASTOS,INVERSIÓN CONSOLIDADA,No Aplica,No Aplica,No Aplica,No Aplica,No Aplica,No Aplica,No Aplica,No Aplica,VIGENCIA ACTUAL,ENTIDADES TERRITORIALES - ADMINISTRACION CENTRAL,FORTALECIMIENTO DEL BUEN GOBIERNO PARA EL RESPETO Y GARANTIA DE LOS DERECHOS HUMANOS,0,NO DEFINIDO,10000000.0,8000000.0,2022,Tercer Trimestre,,,,,,,,,,,,,,,,,,,,,,
2980671,20220901,218552585,Pupiales,2.99,INVERSIÓN CONSOLIDADA,GASTOS,INVERSIÓN CONSOLIDADA,No Aplica,No Aplica,No Aplica,No Aplica,No Aplica,No Aplica,No Aplica,No Aplica,VIGENCIA ACTUAL,ENTIDADES TERRITORIALES - ADMINISTRACION CENTRAL,ASEGURAMIENTO Y PRESTACION INTEGRAL DE SERVICIOS DE SALUD,0,NO DEFINIDO,15101223568.0,18635343008.0,2022,Tercer Trimestre,,,,,,,,,,,,,,,,,,,,,,
2982148,20230601,218552585,Pupiales,2.99,INVERSIÓN CONSOLIDADA,GASTOS,INVERSIÓN CONSOLIDADA,No Aplica,No Aplica,No Aplica,No Aplica,No Aplica,No Aplica,No Aplica,No Aplica,RESERVAS,ENTIDADES TERRITORIALES - ADMINISTRACION CENTRAL,INFRAESTRUCTURA RED VIAL PRIMARIA,1,NO DEFINIDO,55975850.0,55975850.0,2023,Segundo Trimestre,,,,,,,,,,,,,,,,,,,,,,
2982424,20210601,218552585,Pupiales,2.99,INVERSIÓN CONSOLIDADA,GASTOS,INVERSIÓN CONSOLIDADA,No Aplica,No Aplica,No Aplica,No Aplica,No Aplica,No Aplica,No Aplica,No Aplica,VIGENCIA ACTUAL,ENTIDADES TERRITORIALES - ADMINISTRACION CENTRAL,32.02 - AMBIENTE Y DESARROLLO SOSTENIBLE - CONSERVACION DE LA BIODIVERSIDAD Y SUS SERVICIOS ECOSISTEMICOS,0,NO DEFINIDO,45000000.0,46159675.0,2021,Segundo Trimestre,,,,,,,,,,,,,,,,,,,,,,
2988058,20220601,218552585,Pupiales,2.99,INVERSIÓN CONSOLIDADA,GASTOS,INVERSIÓN CONSOLIDADA,No Aplica,No Aplica,No Aplica,No Aplica,No Aplica,No Aplica,No Aplica,No Aplica,VIGENCIA ACTUAL,ENTIDADES TERRITORIALES - ADMINISTRACION CENTRAL,ASEGURAMIENTO Y PRESTACION INTEGRAL DE SERVICIOS DE SALUD,0,NO DEFINIDO,15101223568.0,15308088851.0,2022,Segundo Trimestre,,,,,,,,,,,,,,,,,,,,,,
2994469,20210301,218552585,Pupiales,2.99,INVERSIÓN CONSOLIDADA,GASTOS,INVERSIÓN CONSOLIDADA,No Aplica,No Aplica,No Aplica,No Aplica,No Aplica,No Aplica,No Aplica,No Aplica,VIGENCIA ACTUAL,ENTIDADES TERRITORIALES - ADMINISTRACION CENTRAL,"40.02 - VIVIENDA, CIUDAD Y TERRITORIO - ORDENAMIENTO TERRITORIAL Y DESARROLLO URBANO",0,NO DEFINIDO,21200000.0,21200000.0,2021,Primer Trimestre,,,,,,,,,,,,,,,,,,,,,,
2994609,20211201,218552585,Pupiales,2.99,INVERSIÓN CONSOLIDADA,GASTOS,INVERSIÓN CONSOLIDADA,No Aplica,No Aplica,No Aplica,No Aplica,No Aplica,No Aplica,No Aplica,No Aplica,VIGENCIA ACTUAL,ENTIDADES TERRITORIALES - ADMINISTRACION CENTRAL,ORDENAMIENTO TERRITORIAL Y DESARROLLO URBANO,0,NO DEFINIDO,21200000.0,21200000.0,2021,Cuarto Trimestre,,,,,,,,,,,,,,,,,,,,,,
2998765,20210901,218552585,Pupiales,2.99,INVERSIÓN CONSOLIDADA,GASTOS,INVERSIÓN CONSOLIDADA,No Aplica,No Aplica,No Aplica,No Aplica,No Aplica,No Aplica,No Aplica,No Aplica,VIGENCIA ACTUAL,ENTIDADES TERRITORIALES - ADMINISTRACION CENTRAL,45.02 - GOBIERNO TERRITORIAL - FORTALECIMIENTO DEL BUEN GOBIERNO PARA EL RESPETO Y GARANTIA DE LOS DERECHOS HUMANOS.,0,NO DEFINIDO,15000000.0,0.0,2021,Tercer Trimestre,,,,,,,,,,,,,,,,,,,,,,
3003981,20211201,218552585,Pupiales,2.99,INVERSIÓN CONSOLIDADA,GASTOS,INVERSIÓN CONSOLIDADA,No Aplica,No Aplica,No Aplica,No Aplica,No Aplica,No Aplica,No Aplica,No Aplica,VIGENCIA ACTUAL,ENTIDADES TERRITORIALES - ADMINISTRACION CENTRAL,ACCESO DE LA POBLACION A LOS SERVICIOS DE AGUA POTABLE Y SANEAMIENTO BASICO,0,NO DEFINIDO,725037478.0,919147726.0,2021,Cuarto Trimestre,,,,,,,,,,,,,,,,,,,,,,
3013061,20210901,218552585,Pupiales,2.99,INVERSIÓN CONSOLIDADA,GASTOS,INVERSIÓN CONSOLIDADA,No Aplica,No Aplica,No Aplica,No Aplica,No Aplica,No Aplica,No Aplica,No Aplica,VIGENCIA ACTUAL,ENTIDADES TERRITORIALES - ADMINISTRACION CENTRAL,"35.02 - COMERCIO, INDUSTRIA Y TURISMO - PRODUCTIVIDAD Y COMPETITIVIDAD DE LAS EMPRESAS COLOMBIANAS",0,NO DEFINIDO,15000000.0,0.0,2021,Tercer Trimestre,,,,,,,,,,,,,,,,,,,,,,
3016957,20220901,218552585,Pupiales,2.99,INVERSIÓN CONSOLIDADA,GASTOS,INVERSIÓN CONSOLIDADA,No Aplica,No Aplica,No Aplica,No Aplica,No Aplica,No Aplica,No Aplica,No Aplica,VIGENCIA ACTUAL,ENTIDADES TERRITORIALES - ADMINISTRACION CENTRAL,INCLUSION PRODUCTIVA DE PEQUEÑOS PRODUCTORES RURALES,0,NO DEFINIDO,98000000.0,120000000.0,2022,Tercer Trimestre,,,,,,,,,,,,,,,,,,,,,,
3027542,20230601,218552585,Pupiales,2.99,INVERSIÓN CONSOLIDADA,GASTOS,INVERSIÓN CONSOLIDADA,No Aplica,No Aplica,No Aplica,No Aplica,No Aplica,No Aplica,No Aplica,No Aplica,VIGENCIA ACTUAL,ENTIDADES TERRITORIALES - ADMINISTRACION CENTRAL,LEVANTAMIENTO Y ACTUALIZACION DE INFORMACION ESTADISTICA DE CALIDAD,0,NO DEFINIDO,10000000.0,10000000.0,2023,Segundo Trimestre,,,,,,,,,,,,,,,,,,,,,,
3029023,20210301,218552585,Pupiales,2.99,INVERSIÓN CONSOLIDADA,GASTOS,INVERSIÓN CONSOLIDADA,No Aplica,No Aplica,No Aplica,No Aplica,No Aplica,No Aplica,No Aplica,No Aplica,VIGENCIA ACTUAL,ENTIDADES TERRITORIALES - ADMINISTRACION CENTRAL,"40.01 - VIVIENDA, CIUDAD Y TERRITORIO - ACCESO A SOLUCIONES DE VIVIENDA",0,NO DEFINIDO,8800000.0,8800000.0,2021,Primer Trimestre,,,,,,,,,,,,,,,,,,,,,,
3033366,20230601,218552585,Pupiales,2.99,INVERSIÓN CONSOLIDADA,GASTOS,INVERSIÓN CONSOLIDADA,No Aplica,No Aplica,No Aplica,No Aplica,No Aplica,No Aplica,No Aplica,No Aplica,CUENTAS POR PAGAR,ENTIDADES TERRITORIALES - ADMINISTRACION CENTRAL,ATENCION INTEGRAL DE POBLACION EN SITUACION PERMANENTE DE DESPROTECCION SOCIAL Y/O FAMILIAR,1,NO DEFINIDO,6925192.0,6925192.0,2023,Segundo Trimestre,,,,,,,,,,,,,,,,,,,,,,
3035562,20211201,218552585,Pupiales,2.99,INVERSIÓN CONSOLIDADA,GASTOS,INVERSIÓN CONSOLIDADA,No Aplica,No Aplica,No Aplica,No Aplica,No Aplica,No Aplica,No Aplica,No Aplica,VIGENCIA ACTUAL,ENTIDADES TERRITORIALES - ADMINISTRACION CENTRAL,INCLUSION SOCIAL Y PRODUCTIVA PARA LA POBLACION EN SITUACION DE VULNERABILIDAD,0,NO DEFINIDO,217000000.0,245974004.0,2021,Cuarto Trimestre,,,,,,,,,,,,,,,,,,,,,,
3035959,20210601,218552585,Pupiales,2.99,INVERSIÓN CONSOLIDADA,GASTOS,INVERSIÓN CONSOLIDADA,No Aplica,No Aplica,No Aplica,No Aplica,No Aplica,No Aplica,No Aplica,No Aplica,VIGENCIA ACTUAL,ENTIDADES TERRITORIALES - ADMINISTRACION CENTRAL,12.05 - JUSTICIA Y DEL DERECHO - DEFENSA JURIDICA DEL ESTADO,2021525850008,NO DEFINIDO,62315716.0,76415716.0,2021,Segundo Trimestre,,,,,,,,,,,,,,,,,,,,,,
3042018,20220301,218552585,Pupiales,2.99,INVERSIÓN CONSOLIDADA,GASTOS,INVERSIÓN CONSOLIDADA,No Aplica,No Aplica,No Aplica,No Aplica,No Aplica,No Aplica,No Aplica,No Aplica,VIGENCIA ACTUAL,ENTIDADES TERRITORIALES - ADMINISTRACION CENTRAL,GENERACION DE LA INFORMACION GEOGRAFICA DEL TERRITORIO NACIONAL,0,NO DEFINIDO,10000000.0,10000000.0,2022,Primer Trimestre,,,,,,,,,,,,,,,,,,,,,,
3047232,20221201,218552585,Pupiales,2.99,INVERSIÓN CONSOLIDADA,GASTOS,INVERSIÓN CONSOLIDADA,No Aplica,No Aplica,No Aplica,No Aplica,No Aplica,No Aplica,No Aplica,No Aplica,VIGENCIA ACTUAL,ENTIDADES TERRITORIALES - ADMINISTRACION CENTRAL,SALUD PUBLICA,0,NO DEFINIDO,211155678.0,269284143.0,2022,Cuarto Trimestre,,,,,,,,,,,,,,,,,,,,,,
3053874,20210301,218552585,Pupiales,2.99,INVERSIÓN CONSOLIDADA,GASTOS,INVERSIÓN CONSOLIDADA,No Aplica,No Aplica,No Aplica,No Aplica,No Aplica,No Aplica,No Aplica,No Aplica,VIGENCIA ACTUAL,ENTIDADES TERRITORIALES - ADMINISTRACION CENTRAL,19.06 - SALUD Y PROTECCION SOCIAL - ASEGURAMIENTO Y PRESTACION INTEGRAL DE SERVICIOS DE SALUD,0,NO DEFINIDO,14339756551.0,14339756551.0,2021,Primer Trimestre,,,,,,,,,,,,,,,,,,,,,,
3061074,20220601,218552585,Pupiales,2.99,INVERSIÓN CONSOLIDADA,GASTOS,INVERSIÓN CONSOLIDADA,No Aplica,No Aplica,No Aplica,No Aplica,No Aplica,No Aplica,No Aplica,No Aplica,VIGENCIA ACTUAL,ENTIDADES TERRITORIALES - ADMINISTRACION CENTRAL,INFRAESTRUCTURA RED VIAL REGIONAL,0,NO DEFINIDO,250000000.0,550051826.0,2022,Segundo Trimestre,,,,,,,,,,,,,,,,,,,,,,
3070079,20211201,218552585,Pupiales,2.99,INVERSIÓN CONSOLIDADA,GASTOS,INVERSIÓN CONSOLIDADA,No Aplica,No Aplica,No Aplica,No Aplica,No Aplica,No Aplica,No Aplica,No Aplica,VIGENCIA ACTUAL,ENTIDADES TERRITORIALES - ADMINISTRACION CENTRAL,FACILITAR EL ACCESO Y USO DE LAS TECNOLOGIAS DE LA INFORMACION Y LAS COMUNICACIONES EN TODO EL TERRITORIO NACIONAL,2021525850009,NO DEFINIDO,30000000.0,21000000.0,2021,Cuarto Trimestre,,,,,,,,,,,,,,,,,,,,,,
3073943,20221201,218552585,Pupiales,2.1.2.01.01.004.01,"MUEBLES, INSTRUMENTOS MUSICALES, ARTICULOS DE DEPORTE Y ANTIGÃ?EDADES",GASTOS,FUNCIONAMIENTO,ADQUISICION DE BIENES Y SERVICIOS,ADQUISICION DE ACTIVOS NO FINANCIEROS,ACTIVOS FIJOS,ACTIVOS FIJOS NO CLASIFICADOS COMO MAQUINARIA Y EQUIPO,"MUEBLES, INSTRUMENTOS MUSICALES, ARTICULOS DE DEPORTE Y ANTIGÃ?EDADES",No Aplica,No Aplica,No Aplica,VIGENCIA ACTUAL,ENTIDADES TERRITORIALES - ADMINISTRACION CENTRAL,NO DEFINIDO,,NO DEFINIDO,5000000.0,0.0,2022,Cuarto Trimestre,,,,,,,,,,,,,,,,,,,,,,
3080491,20220301,218552585,Pupiales,2.99,INVERSIÓN CONSOLIDADA,GASTOS,INVERSIÓN CONSOLIDADA,No Aplica,No Aplica,No Aplica,No Aplica,No Aplica,No Aplica,No Aplica,No Aplica,VIGENCIA ACTUAL,ENTIDADES TERRITORIALES - ADMINISTRACION CENTRAL,GENERACION Y FORMALIZACION DEL EMPLEO,0,NO DEFINIDO,10000000.0,10000000.0,2022,Primer Trimestre,,,,,,,,,,,,,,,,,,,,,,
3099762,20220901,218552585,Pupiales,2.99,INVERSIÓN CONSOLIDADA,GASTOS,INVERSIÓN CONSOLIDADA,No Aplica,No Aplica,No Aplica,No Aplica,No Aplica,No Aplica,No Aplica,No Aplica,VIGENCIA ACTUAL,ENTIDADES TERRITORIALES - ADMINISTRACION CENTRAL,JUSTICIA TRANSICIONAL,0,NO DEFINIDO,2000000.0,2000000.0,2022,Tercer Trimestre,,,,,,,,,,,,,,,,,,,,,,
3100477,20220301,218552585,Pupiales,2.99,INVERSIÓN CONSOLIDADA,GASTOS,INVERSIÓN CONSOLIDADA,No Aplica,No Aplica,No Aplica,No Aplica,No Aplica,No Aplica,No Aplica,No Aplica,VIGENCIA ACTUAL,ENTIDADES TERRITORIALES - ADMINISTRACION CENTRAL,PRODUCTIVIDAD Y COMPETITIVIDAD DE LAS EMPRESAS COLOMBIANAS,0,NO DEFINIDO,10000000.0,10000000.0,2022,Primer Trimestre,,,,,,,,,,,,,,,,,,,,,,
3101643,20230301,218552585,Pupiales,2.99,INVERSIÓN CONSOLIDADA,GASTOS,INVERSIÓN CONSOLIDADA,No Aplica,No Aplica,No Aplica,No Aplica,No Aplica,No Aplica,No Aplica,No Aplica,RESERVAS,ENTIDADES TERRITORIALES - ADMINISTRACION CENTRAL,ACCESO DE LA POBLACION A LOS SERVICIOS DE AGUA POTABLE Y SANEAMIENTO BASICO,1,NO DEFINIDO,9999353.0,9999353.0,2023,Primer Trimestre,,,,,,,,,,,,,,,,,,,,,,
3102027,20221201,218552585,Pupiales,2.99,INVERSIÓN CONSOLIDADA,GASTOS,INVERSIÓN CONSOLIDADA,No Aplica,No Aplica,No Aplica,No Aplica,No Aplica,No Aplica,No Aplica,No Aplica,VIGENCIA ACTUAL,ENTIDADES TERRITORIALES - ADMINISTRACION CENTRAL,CONSOLIDACION PRODUCTIVA DEL SECTOR DE ENERGIA ELECTRICA,0,NO DEFINIDO,200000000.0,234946261.0,2022,Cuarto Trimestre,,,,,,,,,,,,,,,,,,,,,,
3102270,20210301,218552585,Pupiales,2.99,INVERSIÓN CONSOLIDADA,GASTOS,INVERSIÓN CONSOLIDADA,No Aplica,No Aplica,No Aplica,No Aplica,No Aplica,No Aplica,No Aplica,No Aplica,VIGENCIA ACTUAL,ENTIDADES TERRITORIALES - ADMINISTRACION CENTRAL,24.02 - TRANSPORTE - INFRAESTRUCTURA RED VIAL REGIONAL,2021525850007,NO DEFINIDO,1069123370.0,2025469582.0,2021,Primer Trimestre,,,,,,,,,,,,,,,,,,,,,,
3104829,20230601,218552585,Pupiales,2.99,INVERSIÓN CONSOLIDADA,GASTOS,INVERSIÓN CONSOLIDADA,No Aplica,No Aplica,No Aplica,No Aplica,No Aplica,No Aplica,No Aplica,No Aplica,VIGENCIA ACTUAL,ENTIDADES TERRITORIALES - ADMINISTRACION CENTRAL,FORTALECIMIENTO DE LA CONVIVENCIA Y LA SEGURIDAD CIUDADANA,0,NO DEFINIDO,120102000.0,601334736.0,2023,Segundo Trimestre,,,,,,,,,,,,,,,,,,,,,,
3112549,20230301,218552585,Pupiales,2.99,INVERSIÓN CONSOLIDADA,GASTOS,INVERSIÓN CONSOLIDADA,No Aplica,No Aplica,No Aplica,No Aplica,No Aplica,No Aplica,No Aplica,No Aplica,VIGENCIA ACTUAL,ENTIDADES TERRITORIALES - ADMINISTRACION CENTRAL,ATENCION INTEGRAL DE POBLACION EN SITUACION PERMANENTE DE DESPROTECCION SOCIAL Y/O FAMILIAR,1,NO DEFINIDO,10000000.0,10000000.0,2023,Primer Trimestre,,,,,,,,,,,,,,,,,,,,,,
3113004,20220901,218552585,Pupiales,2.99,INVERSIÓN CONSOLIDADA,GASTOS,INVERSIÓN CONSOLIDADA,No Aplica,No Aplica,No Aplica,No Aplica,No Aplica,No Aplica,No Aplica,No Aplica,VIGENCIA ACTUAL,ENTIDADES TERRITORIALES - ADMINISTRACION CENTRAL,"FOMENTO A LA RECREACION, LA ACTIVIDAD FISICA Y EL DEPORTE",0,NO DEFINIDO,75000000.0,116557170.0,2022,Tercer Trimestre,,,,,,,,,,,,,,,,,,,,,,
3115239,20230601,218552585,Pupiales,2.99,INVERSIÓN CONSOLIDADA,GASTOS,INVERSIÓN CONSOLIDADA,No Aplica,No Aplica,No Aplica,No Aplica,No Aplica,No Aplica,No Aplica,No Aplica,RESERVAS,ENTIDADES TERRITORIALES - ADMINISTRACION CENTRAL,FORTALECIMIENTO A LA GESTION Y DIRECCION DE LA ADMINISTRACION PUBLICA TERRITORIAL,001,NO DEFINIDO,47909402.0,47909402.0,2023,Segundo Trimestre,,,,,,,,,,,,,,,,,,,,,,
3127121,20220301,218552585,Pupiales,2.99,INVERSIÓN CONSOLIDADA,GASTOS,INVERSIÓN CONSOLIDADA,No Aplica,No Aplica,No Aplica,No Aplica,No Aplica,No Aplica,No Aplica,No Aplica,VIGENCIA ACTUAL,ENTIDADES TERRITORIALES - ADMINISTRACION CENTRAL,FORTALECIMIENTO DE LA CONVIVENCIA Y LA SEGURIDAD CIUDADANA,0,NO DEFINIDO,125000000.0,125000000.0,2022,Primer Trimestre,,,,,,,,,,,,,,,,,,,,,,
3127286,20211201,218552585,Pupiales,2.99,INVERSIÓN CONSOLIDADA,GASTOS,INVERSIÓN CONSOLIDADA,No Aplica,No Aplica,No Aplica,No Aplica,No Aplica,No Aplica,No Aplica,No Aplica,VIGENCIA ACTUAL,ENTIDADES TERRITORIALES - ADMINISTRACION CENTRAL,SISTEMA PENITENCIARIO Y CARCELARIO EN EL MARCO DE LOS DERECHOS HUMANOS,0,NO DEFINIDO,7000000.0,7000000.0,2021,Cuarto Trimestre,,,,,,,,,,,,,,,,,,,,,,
3132607,20211201,218552585,Pupiales,2.99,INVERSIÓN CONSOLIDADA,GASTOS,INVERSIÓN CONSOLIDADA,No Aplica,No Aplica,No Aplica,No Aplica,No Aplica,No Aplica,No Aplica,No Aplica,VIGENCIA ACTUAL,ENTIDADES TERRITORIALES - ADMINISTRACION CENTRAL,GESTION INTEGRAL DEL RECURSO HIDRICO,0,NO DEFINIDO,10620000.0,10620000.0,2021,Cuarto Trimestre,,,,,,,,,,,,,,,,,,,,,,
3139641,20211201,218552585,Pupiales,2.99,INVERSIÓN CONSOLIDADA,GASTOS,INVERSIÓN CONSOLIDADA,No Aplica,No Aplica,No Aplica,No Aplica,No Aplica,No Aplica,No Aplica,No Aplica,VIGENCIA ACTUAL,ENTIDADES TERRITORIALES - ADMINISTRACION CENTRAL,INFRAESTRUCTURA RED VIAL REGIONAL,2021525850007,NO DEFINIDO,1069123370.0,3943603382.0,2021,Cuarto Trimestre,,,,,,,,,,,,,,,,,,,,,,
3149631,20210901,218552585,Pupiales,2.99,INVERSIÓN CONSOLIDADA,GASTOS,INVERSIÓN CONSOLIDADA,No Aplica,No Aplica,No Aplica,No Aplica,No Aplica,No Aplica,No Aplica,No Aplica,VIGENCIA ACTUAL,ENTIDADES TERRITORIALES - ADMINISTRACION CENTRAL,"17.08 - AGRICULTURA Y DESARROLLO RURAL - CIENCIA, TECNOLOGIA E INNOVACION AGROPECUARIA",0,NO DEFINIDO,20000000.0,6650000.0,2021,Tercer Trimestre,,,,,,,,,,,,,,,,,,,,,,
3149633,20210901,218552585,Pupiales,2.99,INVERSIÓN CONSOLIDADA,GASTOS,INVERSIÓN CONSOLIDADA,No Aplica,No Aplica,No Aplica,No Aplica,No Aplica,No Aplica,No Aplica,No Aplica,VIGENCIA ACTUAL,ENTIDADES TERRITORIALES - ADMINISTRACION CENTRAL,"39.01 - CIENCIA, TECNOLOGIA E INNOVACION - CONSOLIDACION DE UNA INSTITUCIONALIDAD HABILITANTE PARA LA CIENCIA TECNOLOGIA E INNOVACION (CTI)",0,NO DEFINIDO,10000000.0,0.0,2021,Tercer Trimestre,,,,,,,,,,,,,,,,,,,,,,
3151439,20211201,218552585,Pupiales,2.99,INVERSIÓN CONSOLIDADA,GASTOS,INVERSIÓN CONSOLIDADA,No Aplica,No Aplica,No Aplica,No Aplica,No Aplica,No Aplica,No Aplica,No Aplica,VIGENCIA ACTUAL,ENTIDADES TERRITORIALES - ADMINISTRACION CENTRAL,INVESTIGACION CON CALIDAD E IMPACTO,0,NO DEFINIDO,10000000.0,0.0,2021,Cuarto Trimestre,,,,,,,,,,,,,,,,,,,,,,
3153106,20220601,218552585,Pupiales,2.99,INVERSIÓN CONSOLIDADA,GASTOS,INVERSIÓN CONSOLIDADA,No Aplica,No Aplica,No Aplica,No Aplica,No Aplica,No Aplica,No Aplica,No Aplica,VIGENCIA ACTUAL,ENTIDADES TERRITORIALES - ADMINISTRACION CENTRAL,GENERACION Y FORMALIZACION DEL EMPLEO,0,NO DEFINIDO,10000000.0,10000000.0,2022,Segundo Trimestre,,,,,,,,,,,,,,,,,,,,,,
3160029,20210301,218552585,Pupiales,2.99,INVERSIÓN CONSOLIDADA,GASTOS,INVERSIÓN CONSOLIDADA,No Aplica,No Aplica,No Aplica,No Aplica,No Aplica,No Aplica,No Aplica,No Aplica,VIGENCIA ACTUAL,ENTIDADES TERRITORIALES - ADMINISTRACION CENTRAL,32.01 - AMBIENTE Y DESARROLLO SOSTENIBLE - FORTALECIMIENTO DEL DESEMPEÑO AMBIENTAL DE LOS SECTORES PRODUCTIVOS,0,NO DEFINIDO,40400000.0,40400000.0,2021,Primer Trimestre,,,,,,,,,,,,,,,,,,,,,,
3161537,20210901,218552585,Pupiales,2.99,INVERSIÓN CONSOLIDADA,GASTOS,INVERSIÓN CONSOLIDADA,No Aplica,No Aplica,No Aplica,No Aplica,No Aplica,No Aplica,No Aplica,No Aplica,VIGENCIA ACTUAL,ENTIDADES TERRITORIALES - ADMINISTRACION CENTRAL,23.01 - TECNOLOGIAS DE LA INFORMACION Y LAS COMUNICACIONES - FACILITAR EL ACCESO Y USO DE LAS TECNOLOGIAS DE LA INFORMACION Y LAS COMUNICACIONES (TIC) EN TODO EL TERRITORIO NACIONAL,2021525850009,NO DEFINIDO,30000000.0,21000000.0,2021,Tercer Trimestre,,,,,,,,,,,,,,,,,,,,,,
3170015,20210601,218552585,Pupiales,2.99,INVERSIÓN CONSOLIDADA,GASTOS,INVERSIÓN CONSOLIDADA,No Aplica,No Aplica,No Aplica,No Aplica,No Aplica,No Aplica,No Aplica,No Aplica,VIGENCIA ACTUAL,ENTIDADES TERRITORIALES - ADMINISTRACION CENTRAL,24.09 - TRANSPORTE - SEGURIDAD DE TRANSPORTE,0,NO DEFINIDO,35000000.0,3146081.0,2021,Segundo Trimestre,,,,,,,,,,,,,,,,,,,,,,
3171434,20210301,218552585,Pupiales,2.99,INVERSIÓN CONSOLIDADA,GASTOS,INVERSIÓN CONSOLIDADA,No Aplica,No Aplica,No Aplica,No Aplica,No Aplica,No Aplica,No Aplica,No Aplica,VIGENCIA ACTUAL,ENTIDADES TERRITORIALES - ADMINISTRACION CENTRAL,41.03 - INCLUSION SOCIAL Y RECONCILIACION - INCLUSION SOCIAL Y PRODUCTIVA PARA LA POBLACION EN SITUACION DE VULNERABILIDAD,0,NO DEFINIDO,217000000.0,245974004.0,2021,Primer Trimestre,,,,,,,,,,,,,,,,,,,,,,
3173058,20220301,218552585,Pupiales,2.99,INVERSIÓN CONSOLIDADA,GASTOS,INVERSIÓN CONSOLIDADA,No Aplica,No Aplica,No Aplica,No Aplica,No Aplica,No Aplica,No Aplica,No Aplica,VIGENCIA ACTUAL,ENTIDADES TERRITORIALES - ADMINISTRACION CENTRAL,PROTECCION SOCIAL,0,NO DEFINIDO,109245366.0,109245366.0,2022,Primer Trimestre,,,,,,,,,,,,,,,,,,,,,,
3175722,20220601,218552585,Pupiales,2.1.2.01.01.004.01,"MUEBLES, INSTRUMENTOS MUSICALES, ARTICULOS DE DEPORTE Y ANTIGÃ?EDADES",GASTOS,FUNCIONAMIENTO,ADQUISICION DE BIENES Y SERVICIOS,ADQUISICION DE ACTIVOS NO FINANCIEROS,ACTIVOS FIJOS,ACTIVOS FIJOS NO CLASIFICADOS COMO MAQUINARIA Y EQUIPO,"MUEBLES, INSTRUMENTOS MUSICALES, ARTICULOS DE DEPORTE Y ANTIGÃ?EDADES",No Aplica,No Aplica,No Aplica,VIGENCIA ACTUAL,ENTIDADES TERRITORIALES - ADMINISTRACION CENTRAL,NO DEFINIDO,,NO DEFINIDO,5000000.0,5000000.0,2022,Segundo Trimestre,,,,,,,,,,,,,,,,,,,,,,
3187275,20230601,218552585,Pupiales,2.99,INVERSIÓN CONSOLIDADA,GASTOS,INVERSIÓN CONSOLIDADA,No Aplica,No Aplica,No Aplica,No Aplica,No Aplica,No Aplica,No Aplica,No Aplica,CUENTAS POR PAGAR,ENTIDADES TERRITORIALES - ADMINISTRACION CENTRAL,INFRAESTRUCTURA RED VIAL REGIONAL,001,NO DEFINIDO,12000000.0,12000000.0,2023,Segundo Trimestre,,,,,,,,,,,,,,,,,,,,,,
3190521,20230301,218552585,Pupiales,2.99,INVERSIÓN CONSOLIDADA,GASTOS,INVERSIÓN CONSOLIDADA,No Aplica,No Aplica,No Aplica,No Aplica,No Aplica,No Aplica,No Aplica,No Aplica,VIGENCIA ACTUAL,ENTIDADES TERRITORIALES - ADMINISTRACION CENTRAL,ACCESO A SOLUCIONES DE VIVIENDA,1,NO DEFINIDO,200000000.0,228000000.0,2023,Primer Trimestre,,,,,,,,,,,,,,,,,,,,,,
3193831,20210601,218552585,Pupiales,2.99,INVERSIÓN CONSOLIDADA,GASTOS,INVERSIÓN CONSOLIDADA,No Aplica,No Aplica,No Aplica,No Aplica,No Aplica,No Aplica,No Aplica,No Aplica,VIGENCIA ACTUAL,ENTIDADES TERRITORIALES - ADMINISTRACION CENTRAL,"22.01 - EDUCACION - CALIDAD, COBERTURA Y FORTALECIMIENTO DE LA EDUCACION INICIAL, PRESCOLAR, BASICA Y MEDIA",0,NO DEFINIDO,575795638.0,549846905.0,2021,Segundo Trimestre,,,,,,,,,,,,,,,,,,,,,,
3198571,20220601,218552585,Pupiales,2.99,INVERSIÓN CONSOLIDADA,GASTOS,INVERSIÓN CONSOLIDADA,No Aplica,No Aplica,No Aplica,No Aplica,No Aplica,No Aplica,No Aplica,No Aplica,VIGENCIA ACTUAL,ENTIDADES TERRITORIALES - ADMINISTRACION CENTRAL,"GESTION, PROTECCION Y SALVAGUARDIA DEL PATRIMONIO CULTURAL COLOMBIANO",0,NO DEFINIDO,60000000.0,60000000.0,2022,Segundo Trimestre,,,,,,,,,,,,,,,,,,,,,,
3202860,20210301,218552585,Pupiales,2.99,INVERSIÓN CONSOLIDADA,GASTOS,INVERSIÓN CONSOLIDADA,No Aplica,No Aplica,No Aplica,No Aplica,No Aplica,No Aplica,No Aplica,No Aplica,VIGENCIA ACTUAL,ENTIDADES TERRITORIALES - ADMINISTRACION CENTRAL,45.03 - GOBIERNO TERRITORIAL - GESTION DEL RIESGO DE DESASTRES Y EMERGENCIAS,2021525850002,NO DEFINIDO,45000000.0,45000000.0,2021,Primer Trimestre,,,,,,,,,,,,,,,,,,,,,,
3204995,20210301,218552585,Pupiales,2.99,INVERSIÓN CONSOLIDADA,GASTOS,INVERSIÓN CONSOLIDADA,No Aplica,No Aplica,No Aplica,No Aplica,No Aplica,No Aplica,No Aplica,No Aplica,VIGENCIA ACTUAL,ENTIDADES TERRITORIALES - ADMINISTRACION CENTRAL,"19.03 - SALUD Y PROTECCION SOCIAL - INSPECCION, VIGILANCIA Y CONTROL",0,NO DEFINIDO,65997892.0,65997892.0,2021,Primer Trimestre,,,,,,,,,,,,,,,,,,,,,,
3212838,20221201,218552585,Pupiales,2.99,INVERSIÓN CONSOLIDADA,GASTOS,INVERSIÓN CONSOLIDADA,No Aplica,No Aplica,No Aplica,No Aplica,No Aplica,No Aplica,No Aplica,No Aplica,VIGENCIA ACTUAL,ENTIDADES TERRITORIALES - ADMINISTRACION CENTRAL,"CALIDAD, COBERTURA Y FORTALECIMIENTO DE LA EDUCACION INICIAL, PRESCOLAR, BASICA Y MEDIA",0,NO DEFINIDO,550166772.0,655674283.0,2022,Cuarto Trimestre,,,,,,,,,,,,,,,,,,,,,,
3221077,20220601,218552585,Pupiales,2.99,INVERSIÓN CONSOLIDADA,GASTOS,INVERSIÓN CONSOLIDADA,No Aplica,No Aplica,No Aplica,No Aplica,No Aplica,No Aplica,No Aplica,No Aplica,VIGENCIA ACTUAL,ENTIDADES TERRITORIALES - ADMINISTRACION CENTRAL,PROMOCION Y ACCESO EFECTIVO A PROCESOS CULTURALES Y ARTISTICOS,0,NO DEFINIDO,245950633.0,261604021.0,2022,Segundo Trimestre,,,,,,,,,,,,,,,,,,,,,,
3223358,20220901,218552585,Pupiales,2.1.2.01.01.004.01.01.02,MUEBLES DEL TIPO UTILIZADO EN LA OFICINA,GASTOS,FUNCIONAMIENTO,ADQUISICION DE BIENES Y SERVICIOS,ADQUISICION DE ACTIVOS NO FINANCIEROS,ACTIVOS FIJOS,ACTIVOS FIJOS NO CLASIFICADOS COMO MAQUINARIA Y EQUIPO,"MUEBLES, INSTRUMENTOS MUSICALES, ARTICULOS DE DEPORTE Y ANTIGÃ?EDADES",MUEBLES,MUEBLES DEL TIPO UTILIZADO EN LA OFICINA,No Aplica,VIGENCIA ACTUAL,ENTIDADES TERRITORIALES - ADMINISTRACION CENTRAL,NO APLICA,0,NO DEFINIDO,5000000.0,5000000.0,2022,Tercer Trimestre,,,,,,,,,,,,,,,,,,,,,,
3225091,20220301,218552585,Pupiales,2.99,INVERSIÓN CONSOLIDADA,GASTOS,INVERSIÓN CONSOLIDADA,No Aplica,No Aplica,No Aplica,No Aplica,No Aplica,No Aplica,No Aplica,No Aplica,VIGENCIA ACTUAL,ENTIDADES TERRITORIALES - ADMINISTRACION CENTRAL,PROMOCION DE LOS METODOS DE RESOLUCION DE CONFLICTOS,2021525850008,NO DEFINIDO,16000000.0,16000000.0,2022,Primer Trimestre,,,,,,,,,,,,,,,,,,,,,,
3234678,20210601,218552585,Pupiales,2.99,INVERSIÓN CONSOLIDADA,GASTOS,INVERSIÓN CONSOLIDADA,No Aplica,No Aplica,No Aplica,No Aplica,No Aplica,No Aplica,No Aplica,No Aplica,VIGENCIA ACTUAL,ENTIDADES TERRITORIALES - ADMINISTRACION CENTRAL,45.02 - GOBIERNO TERRITORIAL - FORTALECIMIENTO DEL BUEN GOBIERNO PARA EL RESPETO Y GARANTIA DE LOS DERECHOS HUMANOS.,0,NO DEFINIDO,15000000.0,4000000.0,2021,Segundo Trimestre,,,,,,,,,,,,,,,,,,,,,,
3235498,20220901,218552585,Pupiales,2.99,INVERSIÓN CONSOLIDADA,GASTOS,INVERSIÓN CONSOLIDADA,No Aplica,No Aplica,No Aplica,No Aplica,No Aplica,No Aplica,No Aplica,No Aplica,VIGENCIA ACTUAL,ENTIDADES TERRITORIALES - ADMINISTRACION CENTRAL,LEVANTAMIENTO Y ACTUALIZACION DE INFORMACION ESTADISTICA DE CALIDAD,0,NO DEFINIDO,10000000.0,10000000.0,2022,Tercer Trimestre,,,,,,,,,,,,,,,,,,,,,,
3238181,20210601,218552585,Pupiales,2.99,INVERSIÓN CONSOLIDADA,GASTOS,INVERSIÓN CONSOLIDADA,No Aplica,No Aplica,No Aplica,No Aplica,No Aplica,No Aplica,No Aplica,No Aplica,VIGENCIA ACTUAL,ENTIDADES TERRITORIALES - ADMINISTRACION CENTRAL,21.01 - MINAS Y ENERGIA - ACCESO AL SERVICIO PUBLICO DOMICILIARIO DE GAS COMBUSTIBLE,0,NO DEFINIDO,25000000.0,0.0,2021,Segundo Trimestre,,,,,,,,,,,,,,,,,,,,,,
3239027,20210601,218552585,Pupiales,2.99,INVERSIÓN CONSOLIDADA,GASTOS,INVERSIÓN CONSOLIDADA,No Aplica,No Aplica,No Aplica,No Aplica,No Aplica,No Aplica,No Aplica,No Aplica,VIGENCIA ACTUAL,ENTIDADES TERRITORIALES - ADMINISTRACION CENTRAL,"39.01 - CIENCIA, TECNOLOGIA E INNOVACION - CONSOLIDACION DE UNA INSTITUCIONALIDAD HABILITANTE PARA LA CIENCIA TECNOLOGIA E INNOVACION (CTI)",0,NO DEFINIDO,10000000.0,0.0,2021,Segundo Trimestre,,,,,,,,,,,,,,,,,,,,,,
3241899,20221201,218552585,Pupiales,2.99,INVERSIÓN CONSOLIDADA,GASTOS,INVERSIÓN CONSOLIDADA,No Aplica,No Aplica,No Aplica,No Aplica,No Aplica,No Aplica,No Aplica,No Aplica,VIGENCIA ACTUAL,ENTIDADES TERRITORIALES - ADMINISTRACION CENTRAL,FORTALECIMIENTO DEL DESEMPEÑO AMBIENTAL DE LOS SECTORES PRODUCTIVOS,0,NO DEFINIDO,30000000.0,33985000.0,2022,Cuarto Trimestre,,,,,,,,,,,,,,,,,,,,,,
3250141,20230601,218552585,Pupiales,2.99,INVERSIÓN CONSOLIDADA,GASTOS,INVERSIÓN CONSOLIDADA,No Aplica,No Aplica,No Aplica,No Aplica,No Aplica,No Aplica,No Aplica,No Aplica,VIGENCIA ACTUAL,ENTIDADES TERRITORIALES - ADMINISTRACION CENTRAL,SALUD PUBLICA,0,NO DEFINIDO,299646410.0,374589187.0,2023,Segundo Trimestre,,,,,,,,,,,,,,,,,,,,,,
3262526,20230601,218552585,Pupiales,2.99,INVERSIÓN CONSOLIDADA,GASTOS,INVERSIÓN CONSOLIDADA,No Aplica,No Aplica,No Aplica,No Aplica,No Aplica,No Aplica,No Aplica,No Aplica,VIGENCIA ACTUAL,ENTIDADES TERRITORIALES - ADMINISTRACION CENTRAL,"ATENCION, ASISTENCIA  Y REPARACION INTEGRAL A LAS VICTIMAS",0,NO DEFINIDO,50456186.0,50476186.0,2023,Segundo Trimestre,,,,,,,,,,,,,,,,,,,,,,
3265238,20230601,218552585,Pupiales,2.99,INVERSIÓN CONSOLIDADA,GASTOS,INVERSIÓN CONSOLIDADA,No Aplica,No Aplica,No Aplica,No Aplica,No Aplica,No Aplica,No Aplica,No Aplica,CUENTAS POR PAGAR,ENTIDADES TERRITORIALES - ADMINISTRACION CENTRAL,"INSPECCION, VIGILANCIA Y CONTROL",1,NO DEFINIDO,4351250.0,4351250.0,2023,Segundo Trimestre,,,,,,,,,,,,,,,,,,,,,,
3271230,20210301,218552585,Pupiales,2.99,INVERSIÓN CONSOLIDADA,GASTOS,INVERSIÓN CONSOLIDADA,No Aplica,No Aplica,No Aplica,No Aplica,No Aplica,No Aplica,No Aplica,No Aplica,VIGENCIA ACTUAL,ENTIDADES TERRITORIALES - ADMINISTRACION CENTRAL,"41.02 - INCLUSION SOCIAL Y RECONCILIACION - DESARROLLO INTEGRAL DE LA PRIMERA INFANCIA A LA JUVENTUD, Y FORTALECIMIENTO DE LAS CAPACIDADES DE LAS FAMILIAS DE NIÑAS, NIÑOS Y ADOLESCENTES",0,NO DEFINIDO,30000000.0,30000000.0,2021,Primer Trimestre,,,,,,,,,,,,,,,,,,,,,,
3272754,20230301,218552585,Pupiales,2.99,INVERSIÓN CONSOLIDADA,GASTOS,INVERSIÓN CONSOLIDADA,No Aplica,No Aplica,No Aplica,No Aplica,No Aplica,No Aplica,No Aplica,No Aplica,VIGENCIA ACTUAL,ENTIDADES TERRITORIALES - ADMINISTRACION CENTRAL,CALIDAD Y FOMENTO DE LA EDUCACION SUPERIOR,1,NO DEFINIDO,10000000.0,10000000.0,2023,Primer Trimestre,,,,,,,,,,,,,,,,,,,,,,
3274205,20230301,218552585,Pupiales,2.99,INVERSIÓN CONSOLIDADA,GASTOS,INVERSIÓN CONSOLIDADA,No Aplica,No Aplica,No Aplica,No Aplica,No Aplica,No Aplica,No Aplica,No Aplica,VIGENCIA ACTUAL,ENTIDADES TERRITORIALES - ADMINISTRACION CENTRAL,"ATENCION, ASISTENCIA  Y REPARACION INTEGRAL A LAS VICTIMAS",1,NO DEFINIDO,25000000.0,38000000.0,2023,Primer Trimestre,,,,,,,,,,,,,,,,,,,,,,
3286936,20220301,218552585,Pupiales,2.99,INVERSIÓN CONSOLIDADA,GASTOS,INVERSIÓN CONSOLIDADA,No Aplica,No Aplica,No Aplica,No Aplica,No Aplica,No Aplica,No Aplica,No Aplica,VIGENCIA ACTUAL,ENTIDADES TERRITORIALES - ADMINISTRACION CENTRAL,INCLUSION SOCIAL Y PRODUCTIVA PARA LA POBLACION EN SITUACION DE VULNERABILIDAD,0,NO DEFINIDO,174325947.0,269812964.0,2022,Primer Trimestre,,,,,,,,,,,,,,,,,,,,,,
3301321,20230301,218552585,Pupiales,2.99,INVERSIÓN CONSOLIDADA,GASTOS,INVERSIÓN CONSOLIDADA,No Aplica,No Aplica,No Aplica,No Aplica,No Aplica,No Aplica,No Aplica,No Aplica,VIGENCIA ACTUAL,ENTIDADES TERRITORIALES - ADMINISTRACION CENTRAL,FORTALECIMIENTO A LA GESTION Y DIRECCION DE LA ADMINISTRACION PUBLICA TERRITORIAL,001,NO DEFINIDO,61878064.0,94878064.0,2023,Primer Trimestre,,,,,,,,,,,,,,,,,,,,,,
3307048,20220901,218552585,Pupiales,2.99,INVERSIÓN CONSOLIDADA,GASTOS,INVERSIÓN CONSOLIDADA,No Aplica,No Aplica,No Aplica,No Aplica,No Aplica,No Aplica,No Aplica,No Aplica,VIGENCIA ACTUAL,ENTIDADES TERRITORIALES - ADMINISTRACION CENTRAL,GESTION DEL RIESGO DE DESASTRES Y EMERGENCIAS,2021525850002,NO DEFINIDO,45000000.0,41509256.0,2022,Tercer Trimestre,,,,,,,,,,,,,,,,,,,,,,
3309579,20210301,218552585,Pupiales,2.99,INVERSIÓN CONSOLIDADA,GASTOS,INVERSIÓN CONSOLIDADA,No Aplica,No Aplica,No Aplica,No Aplica,No Aplica,No Aplica,No Aplica,No Aplica,VIGENCIA ACTUAL,ENTIDADES TERRITORIALES - ADMINISTRACION CENTRAL,17.07 - AGRICULTURA Y DESARROLLO RURAL - SANIDAD AGROPECUARIA E INOCUIDAD AGROALIMENTARIA,0,NO DEFINIDO,20000000.0,20000000.0,2021,Primer Trimestre,,,,,,,,,,,,,,,,,,,,,,
3320864,20220901,218552585,Pupiales,2.99,INVERSIÓN CONSOLIDADA,GASTOS,INVERSIÓN CONSOLIDADA,No Aplica,No Aplica,No Aplica,No Aplica,No Aplica,No Aplica,No Aplica,No Aplica,VIGENCIA ACTUAL,ENTIDADES TERRITORIALES - ADMINISTRACION CENTRAL,PROMOCION AL ACCESO A LA JUSTICIA,0,NO DEFINIDO,45000000.0,44000000.0,2022,Tercer Trimestre,,,,,,,,,,,,,,,,,,,,,,
3329399,20220301,218552585,Pupiales,2.99,INVERSIÓN CONSOLIDADA,GASTOS,INVERSIÓN CONSOLIDADA,No Aplica,No Aplica,No Aplica,No Aplica,No Aplica,No Aplica,No Aplica,No Aplica,VIGENCIA ACTUAL,ENTIDADES TERRITORIALES - ADMINISTRACION CENTRAL,SEGURIDAD DE TRANSPORTE,0,NO DEFINIDO,5000000.0,0.0,2022,Primer Trimestre,,,,,,,,,,,,,,,,,,,,,,
3348804,20210901,218552585,Pupiales,2.1.2.01.01.004.01,"MUEBLES, INSTRUMENTOS MUSICALES, ARTICULOS DE DEPORTE Y ANTIGÃ?EDADES",GASTOS,FUNCIONAMIENTO,ADQUISICION DE BIENES Y SERVICIOS,ADQUISICION DE ACTIVOS NO FINANCIEROS,ACTIVOS FIJOS,ACTIVOS FIJOS NO CLASIFICADOS COMO MAQUINARIA Y EQUIPO,"MUEBLES, INSTRUMENTOS MUSICALES, ARTICULOS DE DEPORTE Y ANTIGÃ?EDADES",No Aplica,No Aplica,No Aplica,VIGENCIA ACTUAL,ENTIDADES TERRITORIALES - ADMINISTRACION CENTRAL,NO DEFINIDO,,NO DEFINIDO,14500000.0,500000.0,2021,Tercer Trimestre,,,,,,,,,,,,,,,,,,,,,,
3349007,20210601,218552585,Pupiales,2.99,INVERSIÓN CONSOLIDADA,GASTOS,INVERSIÓN CONSOLIDADA,No Aplica,No Aplica,No Aplica,No Aplica,No Aplica,No Aplica,No Aplica,No Aplica,VIGENCIA ACTUAL,ENTIDADES TERRITORIALES - ADMINISTRACION CENTRAL,12.04 - JUSTICIA Y DEL DERECHO - JUSTICIA TRANSICIONAL,0,NO DEFINIDO,7629714.0,1429714.0,2021,Segundo Trimestre,,,,,,,,,,,,,,,,,,,,,,
3354605,20220901,218552585,Pupiales,2.99,INVERSIÓN CONSOLIDADA,GASTOS,INVERSIÓN CONSOLIDADA,No Aplica,No Aplica,No Aplica,No Aplica,No Aplica,No Aplica,No Aplica,No Aplica,VIGENCIA ACTUAL,ENTIDADES TERRITORIALES - ADMINISTRACION CENTRAL,ACCESO AL SERVICIO PUBLICO DOMICILIARIO DE GAS COMBUSTIBLE,0,NO DEFINIDO,10000000.0,530960.0,2022,Tercer Trimestre,,,,,,,,,,,,,,,,,,,,,,
3355849,20230601,218552585,Pupiales,2.99,INVERSIÓN CONSOLIDADA,GASTOS,INVERSIÓN CONSOLIDADA,No Aplica,No Aplica,No Aplica,No Aplica,No Aplica,No Aplica,No Aplica,No Aplica,CUENTAS POR PAGAR,ENTIDADES TERRITORIALES - ADMINISTRACION CENTRAL,PROMOCION AL ACCESO A LA JUSTICIA,1,NO DEFINIDO,2200000.0,2200000.0,2023,Segundo Trimestre,,,,,,,,,,,,,,,,,,,,,,
3357389,20221201,218552585,Pupiales,2.99,INVERSIÓN CONSOLIDADA,GASTOS,INVERSIÓN CONSOLIDADA,No Aplica,No Aplica,No Aplica,No Aplica,No Aplica,No Aplica,No Aplica,No Aplica,VIGENCIA ACTUAL,ENTIDADES TERRITORIALES - ADMINISTRACION CENTRAL,ATENCION INTEGRAL DE POBLACION EN SITUACION PERMANENTE DE DESPROTECCION SOCIAL Y/O FAMILIAR,0,NO DEFINIDO,150000000.0,659938756.0,2022,Cuarto Trimestre,,,,,,,,,,,,,,,,,,,,,,
3357451,20210601,218552585,Pupiales,2.99,INVERSIÓN CONSOLIDADA,GASTOS,INVERSIÓN CONSOLIDADA,No Aplica,No Aplica,No Aplica,No Aplica,No Aplica,No Aplica,No Aplica,No Aplica,VIGENCIA ACTUAL,ENTIDADES TERRITORIALES - ADMINISTRACION CENTRAL,"33.02 - CULTURA - GESTION, PROTECCION Y SALVAGUARDIA DEL PATRIMONIO CULTURAL COLOMBIANO",2021525850021,NO DEFINIDO,20000000.0,31000000.0,2021,Segundo Trimestre,,,,,,,,,,,,,,,,,,,,,,
3359108,20220301,218552585,Pupiales,2.99,INVERSIÓN CONSOLIDADA,GASTOS,INVERSIÓN CONSOLIDADA,No Aplica,No Aplica,No Aplica,No Aplica,No Aplica,No Aplica,No Aplica,No Aplica,VIGENCIA ACTUAL,ENTIDADES TERRITORIALES - ADMINISTRACION CENTRAL,LEVANTAMIENTO Y ACTUALIZACION DE INFORMACION ESTADISTICA DE CALIDAD,0,NO DEFINIDO,10000000.0,10000000.0,2022,Primer Trimestre,,,,,,,,,,,,,,,,,,,,,,
3365484,20220901,218552585,Pupiales,2.99,INVERSIÓN CONSOLIDADA,GASTOS,INVERSIÓN CONSOLIDADA,No Aplica,No Aplica,No Aplica,No Aplica,No Aplica,No Aplica,No Aplica,No Aplica,VIGENCIA ACTUAL,ENTIDADES TERRITORIALES - ADMINISTRACION CENTRAL,INCLUSION SOCIAL Y PRODUCTIVA PARA LA POBLACION EN SITUACION DE VULNERABILIDAD,0,NO DEFINIDO,174325948.0,269812964.0,2022,Tercer Trimestre,,,,,,,,,,,,,,,,,,,,,,
3385079,20210901,218552585,Pupiales,2.99,INVERSIÓN CONSOLIDADA,GASTOS,INVERSIÓN CONSOLIDADA,No Aplica,No Aplica,No Aplica,No Aplica,No Aplica,No Aplica,No Aplica,No Aplica,VIGENCIA ACTUAL,ENTIDADES TERRITORIALES - ADMINISTRACION CENTRAL,41.03 - INCLUSION SOCIAL Y RECONCILIACION - INCLUSION SOCIAL Y PRODUCTIVA PARA LA POBLACION EN SITUACION DE VULNERABILIDAD,0,NO DEFINIDO,217000000.0,245974004.0,2021,Tercer Trimestre,,,,,,,,,,,,,,,,,,,,,,
3389583,20210301,218552585,Pupiales,2.99,INVERSIÓN CONSOLIDADA,GASTOS,INVERSIÓN CONSOLIDADA,No Aplica,No Aplica,No Aplica,No Aplica,No Aplica,No Aplica,No Aplica,No Aplica,VIGENCIA ACTUAL,ENTIDADES TERRITORIALES - ADMINISTRACION CENTRAL,32.02 - AMBIENTE Y DESARROLLO SOSTENIBLE - CONSERVACION DE LA BIODIVERSIDAD Y SUS SERVICIOS ECOSISTEMICOS,0,NO DEFINIDO,45000000.0,182159675.0,2021,Primer Trimestre,,,,,,,,,,,,,,,,,,,,,,
3395762,20230601,218552585,Pupiales,2.99,INVERSIÓN CONSOLIDADA,GASTOS,INVERSIÓN CONSOLIDADA,No Aplica,No Aplica,No Aplica,No Aplica,No Aplica,No Aplica,No Aplica,No Aplica,VIGENCIA ACTUAL,ENTIDADES TERRITORIALES - ADMINISTRACION CENTRAL,ORDENAMIENTO AMBIENTAL TERRITORIAL,0,NO DEFINIDO,0.0,20001000.0,2023,Segundo Trimestre,,,,,,,,,,,,,,,,,,,,,,
3399881,20220901,218552585,Pupiales,2.99,INVERSIÓN CONSOLIDADA,GASTOS,INVERSIÓN CONSOLIDADA,No Aplica,No Aplica,No Aplica,No Aplica,No Aplica,No Aplica,No Aplica,No Aplica,VIGENCIA ACTUAL,ENTIDADES TERRITORIALES - ADMINISTRACION CENTRAL,INVESTIGACION CON CALIDAD E IMPACTO,0,NO DEFINIDO,10000000.0,10000000.0,2022,Tercer Trimestre,,,,,,,,,,,,,,,,,,,,,,
3400888,20221201,218552585,Pupiales,2.99,INVERSIÓN CONSOLIDADA,GASTOS,INVERSIÓN CONSOLIDADA,No Aplica,No Aplica,No Aplica,No Aplica,No Aplica,No Aplica,No Aplica,No Aplica,VIGENCIA ACTUAL,ENTIDADES TERRITORIALES - ADMINISTRACION CENTRAL,ASEGURAMIENTO Y PRESTACION INTEGRAL DE SERVICIOS DE SALUD,0,NO DEFINIDO,15101223568.0,18567858719.0,2022,Cuarto Trimestre,,,,,,,,,,,,,,,,,,,,,,
3401870,20210601,218552585,Pupiales,2.99,INVERSIÓN CONSOLIDADA,GASTOS,INVERSIÓN CONSOLIDADA,No Aplica,No Aplica,No Aplica,No Aplica,No Aplica,No Aplica,No Aplica,No Aplica,VIGENCIA ACTUAL,ENTIDADES TERRITORIALES - ADMINISTRACION CENTRAL,"40.03 - VIVIENDA, CIUDAD Y TERRITORIO - ACCESO DE LA POBLACION A LOS SERVICIOS DE AGUA POTABLE Y SANEAMIENTO BASICO",2021525850015,NO DEFINIDO,725037478.0,864673048.0,2021,Segundo Trimestre,,,,,,,,,,,,,,,,,,,,,,
3402792,20210301,218552585,Pupiales,2.99,INVERSIÓN CONSOLIDADA,GASTOS,INVERSIÓN CONSOLIDADA,No Aplica,No Aplica,No Aplica,No Aplica,No Aplica,No Aplica,No Aplica,No Aplica,VIGENCIA ACTUAL,ENTIDADES TERRITORIALES - ADMINISTRACION CENTRAL,"17.08 - AGRICULTURA Y DESARROLLO RURAL - CIENCIA, TECNOLOGIA E INNOVACION AGROPECUARIA",0,NO DEFINIDO,20000000.0,20000000.0,2021,Primer Trimestre,,,,,,,,,,,,,,,,,,,,,,
3404969,20210601,218552585,Pupiales,2.99,INVERSIÓN CONSOLIDADA,GASTOS,INVERSIÓN CONSOLIDADA,No Aplica,No Aplica,No Aplica,No Aplica,No Aplica,No Aplica,No Aplica,No Aplica,VIGENCIA ACTUAL,ENTIDADES TERRITORIALES - ADMINISTRACION CENTRAL,43.02 - DEPORTE Y RECREACION - FORMACION Y PREPARACION DE DEPORTISTAS,2021525850035,NO DEFINIDO,13000000.0,13000000.0,2021,Segundo Trimestre,,,,,,,,,,,,,,,,,,,,,,
3410686,20220301,218552585,Pupiales,2.99,INVERSIÓN CONSOLIDADA,GASTOS,INVERSIÓN CONSOLIDADA,No Aplica,No Aplica,No Aplica,No Aplica,No Aplica,No Aplica,No Aplica,No Aplica,VIGENCIA ACTUAL,ENTIDADES TERRITORIALES - ADMINISTRACION CENTRAL,ORDENAMIENTO TERRITORIAL Y DESARROLLO URBANO,0,NO DEFINIDO,20000000.0,20000000.0,2022,Primer Trimestre,,,,,,,,,,,,,,,,,,,,,,
3411776,20230601,218552585,Pupiales,2.99,INVERSIÓN CONSOLIDADA,GASTOS,INVERSIÓN CONSOLIDADA,No Aplica,No Aplica,No Aplica,No Aplica,No Aplica,No Aplica,No Aplica,No Aplica,CUENTAS POR PAGAR,ENTIDADES TERRITORIALES - ADMINISTRACION CENTRAL,GESTION DEL RIESGO DE DESASTRES Y EMERGENCIAS,001,NO DEFINIDO,3897204.0,3897204.0,2023,Segundo Trimestre,,,,,,,,,,,,,,,,,,,,,,
3413421,20210901,218552585,Pupiales,2.99,INVERSIÓN CONSOLIDADA,GASTOS,INVERSIÓN CONSOLIDADA,No Aplica,No Aplica,No Aplica,No Aplica,No Aplica,No Aplica,No Aplica,No Aplica,VIGENCIA ACTUAL,ENTIDADES TERRITORIALES - ADMINISTRACION CENTRAL,36.01 - TRABAJO - PROTECCION SOCIAL,0,NO DEFINIDO,115729990.0,187616546.0,2021,Tercer Trimestre,,,,,,,,,,,,,,,,,,,,,,
3416406,20230301,218552585,Pupiales,2.99,INVERSIÓN CONSOLIDADA,GASTOS,INVERSIÓN CONSOLIDADA,No Aplica,No Aplica,No Aplica,No Aplica,No Aplica,No Aplica,No Aplica,No Aplica,RESERVAS,ENTIDADES TERRITORIALES - ADMINISTRACION CENTRAL,INFRAESTRUCTURA RED VIAL REGIONAL,0,NO DEFINIDO,3942024775.0,3942024775.0,2023,Primer Trimestre,,,,,,,,,,,,,,,,,,,,,,
3421474,20220901,218552585,Pupiales,2.99,INVERSIÓN CONSOLIDADA,GASTOS,INVERSIÓN CONSOLIDADA,No Aplica,No Aplica,No Aplica,No Aplica,No Aplica,No Aplica,No Aplica,No Aplica,VIGENCIA ACTUAL,ENTIDADES TERRITORIALES - ADMINISTRACION CENTRAL,"CALIDAD, COBERTURA Y FORTALECIMIENTO DE LA EDUCACION INICIAL, PRESCOLAR, BASICA Y MEDIA",0,NO DEFINIDO,550166772.0,657287554.0,2022,Tercer Trimestre,,,,,,,,,,,,,,,,,,,,,,
3441032,20211201,218552585,Pupiales,2.99,INVERSIÓN CONSOLIDADA,GASTOS,INVERSIÓN CONSOLIDADA,No Aplica,No Aplica,No Aplica,No Aplica,No Aplica,No Aplica,No Aplica,No Aplica,VIGENCIA ACTUAL,ENTIDADES TERRITORIALES - ADMINISTRACION CENTRAL,GENERACION Y FORMALIZACION DEL EMPLEO,0,NO DEFINIDO,20000000.0,0.0,2021,Cuarto Trimestre,,,,,,,,,,,,,,,,,,,,,,
3444653,20221201,218552585,Pupiales,2.99,INVERSIÓN CONSOLIDADA,GASTOS,INVERSIÓN CONSOLIDADA,No Aplica,No Aplica,No Aplica,No Aplica,No Aplica,No Aplica,No Aplica,No Aplica,VIGENCIA ACTUAL,ENTIDADES TERRITORIALES - ADMINISTRACION CENTRAL,LEVANTAMIENTO Y ACTUALIZACION DE INFORMACION ESTADISTICA DE CALIDAD,0,NO DEFINIDO,10000000.0,10000000.0,2022,Cuarto Trimestre,,,,,,,,,,,,,,,,,,,,,,
3446139,20211201,218552585,Pupiales,2.99,INVERSIÓN CONSOLIDADA,GASTOS,INVERSIÓN CONSOLIDADA,No Aplica,No Aplica,No Aplica,No Aplica,No Aplica,No Aplica,No Aplica,No Aplica,VIGENCIA ACTUAL,ENTIDADES TERRITORIALES - ADMINISTRACION CENTRAL,PROMOCION AL ACCESO A LA JUSTICIA,0,NO DEFINIDO,90000000.0,50750000.0,2021,Cuarto Trimestre,,,,,,,,,,,,,,,,,,,,,,
3446325,20221201,218552585,Pupiales,2.1.2.01.01.004.01.01.02,MUEBLES DEL TIPO UTILIZADO EN LA OFICINA,GASTOS,FUNCIONAMIENTO,ADQUISICION DE BIENES Y SERVICIOS,ADQUISICION DE ACTIVOS NO FINANCIEROS,ACTIVOS FIJOS,ACTIVOS FIJOS NO CLASIFICADOS COMO MAQUINARIA Y EQUIPO,"MUEBLES, INSTRUMENTOS MUSICALES, ARTICULOS DE DEPORTE Y ANTIGÃ?EDADES",MUEBLES,MUEBLES DEL TIPO UTILIZADO EN LA OFICINA,No Aplica,VIGENCIA ACTUAL,ENTIDADES TERRITORIALES - ADMINISTRACION CENTRAL,NO APLICA,0,NO DEFINIDO,5000000.0,0.0,2022,Cuarto Trimestre,,,,,,,,,,,,,,,,,,,,,,
3454153,20230601,218552585,Pupiales,2.99,INVERSIÓN CONSOLIDADA,GASTOS,INVERSIÓN CONSOLIDADA,No Aplica,No Aplica,No Aplica,No Aplica,No Aplica,No Aplica,No Aplica,No Aplica,CUENTAS POR PAGAR,ENTIDADES TERRITORIALES - ADMINISTRACION CENTRAL,INFRAESTRUCTURA RED VIAL PRIMARIA,1,NO DEFINIDO,7220710.0,7220710.0,2023,Segundo Trimestre,,,,,,,,,,,,,,,,,,,,,,
3454897,20220301,218552585,Pupiales,2.99,INVERSIÓN CONSOLIDADA,GASTOS,INVERSIÓN CONSOLIDADA,No Aplica,No Aplica,No Aplica,No Aplica,No Aplica,No Aplica,No Aplica,No Aplica,VIGENCIA ACTUAL,ENTIDADES TERRITORIALES - ADMINISTRACION CENTRAL,FACILITAR EL ACCESO Y USO DE LAS TECNOLOGIAS DE LA INFORMACION Y LAS COMUNICACIONES EN TODO EL TERRITORIO NACIONAL,2021525850009,NO DEFINIDO,10000000.0,10000000.0,2022,Primer Trimestre,,,,,,,,,,,,,,,,,,,,,,
3463308,20211201,218552585,Pupiales,2.99,INVERSIÓN CONSOLIDADA,GASTOS,INVERSIÓN CONSOLIDADA,No Aplica,No Aplica,No Aplica,No Aplica,No Aplica,No Aplica,No Aplica,No Aplica,VIGENCIA ACTUAL,ENTIDADES TERRITORIALES - ADMINISTRACION CENTRAL,SEGURIDAD DE TRANSPORTE,0,NO DEFINIDO,35000000.0,81.0,2021,Cuarto Trimestre,,,,,,,,,,,,,,,,,,,,,,
3467835,20220301,218552585,Pupiales,2.99,INVERSIÓN CONSOLIDADA,GASTOS,INVERSIÓN CONSOLIDADA,No Aplica,No Aplica,No Aplica,No Aplica,No Aplica,No Aplica,No Aplica,No Aplica,VIGENCIA ACTUAL,ENTIDADES TERRITORIALES - ADMINISTRACION CENTRAL,PROMOCION Y ACCESO EFECTIVO A PROCESOS CULTURALES Y ARTISTICOS,0,NO DEFINIDO,245950633.0,245950633.0,2022,Primer Trimestre,,,,,,,,,,,,,,,,,,,,,,
3469147,20230601,218552585,Pupiales,2.99,INVERSIÓN CONSOLIDADA,GASTOS,INVERSIÓN CONSOLIDADA,No Aplica,No Aplica,No Aplica,No Aplica,No Aplica,No Aplica,No Aplica,No Aplica,CUENTAS POR PAGAR,ENTIDADES TERRITORIALES - ADMINISTRACION CENTRAL,ACCESO DE LA POBLACION A LOS SERVICIOS DE AGUA POTABLE Y SANEAMIENTO BASICO,1,NO DEFINIDO,17192780.0,17192780.0,2023,Segundo Trimestre,,,,,,,,,,,,,,,,,,,,,,
3481488,20220601,218552585,Pupiales,2.99,INVERSIÓN CONSOLIDADA,GASTOS,INVERSIÓN CONSOLIDADA,No Aplica,No Aplica,No Aplica,No Aplica,No Aplica,No Aplica,No Aplica,No Aplica,VIGENCIA ACTUAL,ENTIDADES TERRITORIALES - ADMINISTRACION CENTRAL,"FOMENTO A LA RECREACION, LA ACTIVIDAD FISICA Y EL DEPORTE",0,NO DEFINIDO,75000000.0,93471183.0,2022,Segundo Trimestre,,,,,,,,,,,,,,,,,,,,,,
3488313,20220601,218552585,Pupiales,2.99,INVERSIÓN CONSOLIDADA,GASTOS,INVERSIÓN CONSOLIDADA,No Aplica,No Aplica,No Aplica,No Aplica,No Aplica,No Aplica,No Aplica,No Aplica,VIGENCIA ACTUAL,ENTIDADES TERRITORIALES - ADMINISTRACION CENTRAL,CONSOLIDACION PRODUCTIVA DEL SECTOR DE ENERGIA ELECTRICA,0,NO DEFINIDO,200000000.0,200000000.0,2022,Segundo Trimestre,,,,,,,,,,,,,,,,,,,,,,
3496213,20210601,218552585,Pupiales,2.99,INVERSIÓN CONSOLIDADA,GASTOS,INVERSIÓN CONSOLIDADA,No Aplica,No Aplica,No Aplica,No Aplica,No Aplica,No Aplica,No Aplica,No Aplica,VIGENCIA ACTUAL,ENTIDADES TERRITORIALES - ADMINISTRACION CENTRAL,"40.01 - VIVIENDA, CIUDAD Y TERRITORIO - ACCESO A SOLUCIONES DE VIVIENDA",0,NO DEFINIDO,8800000.0,0.0,2021,Segundo Trimestre,,,,,,,,,,,,,,,,,,,,,,
3502073,20221201,218552585,Pupiales,2.99,INVERSIÓN CONSOLIDADA,GASTOS,INVERSIÓN CONSOLIDADA,No Aplica,No Aplica,No Aplica,No Aplica,No Aplica,No Aplica,No Aplica,No Aplica,VIGENCIA ACTUAL,ENTIDADES TERRITORIALES - ADMINISTRACION CENTRAL,PROMOCION DE LOS METODOS DE RESOLUCION DE CONFLICTOS,2.02E+12,NO DEFINIDO,16000000.0,16000000.0,2022,Cuarto Trimestre,,,,,,,,,,,,,,,,,,,,,,
3506275,20230301,218552585,Pupiales,2.99,INVERSIÓN CONSOLIDADA,GASTOS,INVERSIÓN CONSOLIDADA,No Aplica,No Aplica,No Aplica,No Aplica,No Aplica,No Aplica,No Aplica,No Aplica,VIGENCIA ACTUAL,ENTIDADES TERRITORIALES - ADMINISTRACION CENTRAL,SISTEMA PENITENCIARIO Y CARCELARIO EN EL MARCO DE LOS DERECHOS HUMANOS,1,NO DEFINIDO,20300000.0,20300000.0,2023,Primer Trimestre,,,,,,,,,,,,,,,,,,,,,,
3514718,20220301,218552585,Pupiales,2.99,INVERSIÓN CONSOLIDADA,GASTOS,INVERSIÓN CONSOLIDADA,No Aplica,No Aplica,No Aplica,No Aplica,No Aplica,No Aplica,No Aplica,No Aplica,VIGENCIA ACTUAL,ENTIDADES TERRITORIALES - ADMINISTRACION CENTRAL,SALUD PUBLICA,2021525850017,NO DEFINIDO,211155678.0,211155678.0,2022,Primer Trimestre,,,,,,,,,,,,,,,,,,,,,,
3518208,20210901,218552585,Pupiales,2.99,INVERSIÓN CONSOLIDADA,GASTOS,INVERSIÓN CONSOLIDADA,No Aplica,No Aplica,No Aplica,No Aplica,No Aplica,No Aplica,No Aplica,No Aplica,VIGENCIA ACTUAL,ENTIDADES TERRITORIALES - ADMINISTRACION CENTRAL,17.07 - AGRICULTURA Y DESARROLLO RURAL - SANIDAD AGROPECUARIA E INOCUIDAD AGROALIMENTARIA,0,NO DEFINIDO,20000000.0,7750000.0,2021,Tercer Trimestre,,,,,,,,,,,,,,,,,,,,,,
3529326,20220901,218552585,Pupiales,2.99,INVERSIÓN CONSOLIDADA,GASTOS,INVERSIÓN CONSOLIDADA,No Aplica,No Aplica,No Aplica,No Aplica,No Aplica,No Aplica,No Aplica,No Aplica,VIGENCIA ACTUAL,ENTIDADES TERRITORIALES - ADMINISTRACION CENTRAL,"GESTION, PROTECCION Y SALVAGUARDIA DEL PATRIMONIO CULTURAL COLOMBIANO",2021525850021,NO DEFINIDO,60000000.0,83176752.0,2022,Tercer Trimestre,,,,,,,,,,,,,,,,,,,,,,
3530140,20211201,218552585,Pupiales,2.99,INVERSIÓN CONSOLIDADA,GASTOS,INVERSIÓN CONSOLIDADA,No Aplica,No Aplica,No Aplica,No Aplica,No Aplica,No Aplica,No Aplica,No Aplica,VIGENCIA ACTUAL,ENTIDADES TERRITORIALES - ADMINISTRACION CENTRAL,ACCESO AL SERVICIO PUBLICO DOMICILIARIO DE GAS COMBUSTIBLE,0,NO DEFINIDO,25000000.0,0.0,2021,Cuarto Trimestre,,,,,,,,,,,,,,,,,,,,,,
3536956,20221201,218552585,Pupiales,2.99,INVERSIÓN CONSOLIDADA,GASTOS,INVERSIÓN CONSOLIDADA,No Aplica,No Aplica,No Aplica,No Aplica,No Aplica,No Aplica,No Aplica,No Aplica,VIGENCIA ACTUAL,ENTIDADES TERRITORIALES - ADMINISTRACION CENTRAL,FORMACION Y PREPARACION DE DEPORTISTAS,2.02E+12,NO DEFINIDO,9600845.0,8525000.0,2022,Cuarto Trimestre,,,,,,,,,,,,,,,,,,,,,,
3539233,20210901,218552585,Pupiales,2.99,INVERSIÓN CONSOLIDADA,GASTOS,INVERSIÓN CONSOLIDADA,No Aplica,No Aplica,No Aplica,No Aplica,No Aplica,No Aplica,No Aplica,No Aplica,VIGENCIA ACTUAL,ENTIDADES TERRITORIALES - ADMINISTRACION CENTRAL,"33.02 - CULTURA - GESTION, PROTECCION Y SALVAGUARDIA DEL PATRIMONIO CULTURAL COLOMBIANO",2021525850021,NO DEFINIDO,20000000.0,31000000.0,2021,Tercer Trimestre,,,,,,,,,,,,,,,,,,,,,,
3575812,20220301,218552585,Pupiales,2.99,INVERSIÓN CONSOLIDADA,GASTOS,INVERSIÓN CONSOLIDADA,No Aplica,No Aplica,No Aplica,No Aplica,No Aplica,No Aplica,No Aplica,No Aplica,VIGENCIA ACTUAL,ENTIDADES TERRITORIALES - ADMINISTRACION CENTRAL,CONSOLIDACION PRODUCTIVA DEL SECTOR DE ENERGIA ELECTRICA,0,NO DEFINIDO,200000000.0,200000000.0,2022,Primer Trimestre,,,,,,,,,,,,,,,,,,,,,,
3575897,20210601,218552585,Pupiales,2.99,INVERSIÓN CONSOLIDADA,GASTOS,INVERSIÓN CONSOLIDADA,No Aplica,No Aplica,No Aplica,No Aplica,No Aplica,No Aplica,No Aplica,No Aplica,VIGENCIA ACTUAL,ENTIDADES TERRITORIALES - ADMINISTRACION CENTRAL,"35.02 - COMERCIO, INDUSTRIA Y TURISMO - PRODUCTIVIDAD Y COMPETITIVIDAD DE LAS EMPRESAS COLOMBIANAS",0,NO DEFINIDO,15000000.0,0.0,2021,Segundo Trimestre,,,,,,,,,,,,,,,,,,,,,,
3578607,20210601,218552585,Pupiales,2.99,INVERSIÓN CONSOLIDADA,GASTOS,INVERSIÓN CONSOLIDADA,No Aplica,No Aplica,No Aplica,No Aplica,No Aplica,No Aplica,No Aplica,No Aplica,VIGENCIA ACTUAL,ENTIDADES TERRITORIALES - ADMINISTRACION CENTRAL,24.02 - TRANSPORTE - INFRAESTRUCTURA RED VIAL REGIONAL,2021525850007,NO DEFINIDO,1069123370.0,4034619582.0,2021,Segundo Trimestre,,,,,,,,,,,,,,,,,,,,,,
3579917,20210601,218552585,Pupiales,2.99,INVERSIÓN CONSOLIDADA,GASTOS,INVERSIÓN CONSOLIDADA,No Aplica,No Aplica,No Aplica,No Aplica,No Aplica,No Aplica,No Aplica,No Aplica,VIGENCIA ACTUAL,ENTIDADES TERRITORIALES - ADMINISTRACION CENTRAL,32.01 - AMBIENTE Y DESARROLLO SOSTENIBLE - FORTALECIMIENTO DEL DESEMPEÑO AMBIENTAL DE LOS SECTORES PRODUCTIVOS,0,NO DEFINIDO,40400000.0,44380000.0,2021,Segundo Trimestre,,,,,,,,,,,,,,,,,,,,,,
3583837,20221201,218552585,Pupiales,2.99,INVERSIÓN CONSOLIDADA,GASTOS,INVERSIÓN CONSOLIDADA,No Aplica,No Aplica,No Aplica,No Aplica,No Aplica,No Aplica,No Aplica,No Aplica,VIGENCIA ACTUAL,ENTIDADES TERRITORIALES - ADMINISTRACION CENTRAL,PROTECCION SOCIAL,0,NO DEFINIDO,0.0,31059294.0,2022,Cuarto Trimestre,,,,,,,,,,,,,,,,,,,,,,
3586162,20230301,218552585,Pupiales,2.99,INVERSIÓN CONSOLIDADA,GASTOS,INVERSIÓN CONSOLIDADA,No Aplica,No Aplica,No Aplica,No Aplica,No Aplica,No Aplica,No Aplica,No Aplica,VIGENCIA ACTUAL,ENTIDADES TERRITORIALES - ADMINISTRACION CENTRAL,"FOMENTO A LA RECREACION, LA ACTIVIDAD FISICA Y EL DEPORTE",1,NO DEFINIDO,124215944.0,143399694.0,2023,Primer Trimestre,,,,,,,,,,,,,,,,,,,,,,
3586546,20230601,218552585,Pupiales,2.99,INVERSIÓN CONSOLIDADA,GASTOS,INVERSIÓN CONSOLIDADA,No Aplica,No Aplica,No Aplica,No Aplica,No Aplica,No Aplica,No Aplica,No Aplica,VIGENCIA ACTUAL,ENTIDADES TERRITORIALES - ADMINISTRACION CENTRAL,GENERACION Y FORMALIZACION DEL EMPLEO,0,NO DEFINIDO,52000000.0,52000000.0,2023,Segundo Trimestre,,,,,,,,,,,,,,,,,,,,,,
3587765,20230601,218552585,Pupiales,2.99,INVERSIÓN CONSOLIDADA,GASTOS,INVERSIÓN CONSOLIDADA,No Aplica,No Aplica,No Aplica,No Aplica,No Aplica,No Aplica,No Aplica,No Aplica,VIGENCIA ACTUAL,ENTIDADES TERRITORIALES - ADMINISTRACION CENTRAL,ACCESO DE LA POBLACION A LOS SERVICIOS DE AGUA POTABLE Y SANEAMIENTO BASICO,0,NO DEFINIDO,958142565.0,1294575687.0,2023,Segundo Trimestre,,,,,,,,,,,,,,,,,,,,,,
3598425,20221201,218552585,Pupiales,2.99,INVERSIÓN CONSOLIDADA,GASTOS,INVERSIÓN CONSOLIDADA,No Aplica,No Aplica,No Aplica,No Aplica,No Aplica,No Aplica,No Aplica,No Aplica,VIGENCIA ACTUAL,ENTIDADES TERRITORIALES - ADMINISTRACION CENTRAL,ACCESO DE LA POBLACION A LOS SERVICIOS DE AGUA POTABLE Y SANEAMIENTO BASICO,0,NO DEFINIDO,904351633.0,947117733.0,2022,Cuarto Trimestre,,,,,,,,,,,,,,,,,,,,,,
3609547,20220601,218552585,Pupiales,2.99,INVERSIÓN CONSOLIDADA,GASTOS,INVERSIÓN CONSOLIDADA,No Aplica,No Aplica,No Aplica,No Aplica,No Aplica,No Aplica,No Aplica,No Aplica,VIGENCIA ACTUAL,ENTIDADES TERRITORIALES - ADMINISTRACION CENTRAL,INVESTIGACION CON CALIDAD E IMPACTO,0,NO DEFINIDO,10000000.0,10000000.0,2022,Segundo Trimestre,,,,,,,,,,,,,,,,,,,,,,
3611891,20210301,218552585,Pupiales,2.99,INVERSIÓN CONSOLIDADA,GASTOS,INVERSIÓN CONSOLIDADA,No Aplica,No Aplica,No Aplica,No Aplica,No Aplica,No Aplica,No Aplica,No Aplica,VIGENCIA ACTUAL,ENTIDADES TERRITORIALES - ADMINISTRACION CENTRAL,"41.01 - INCLUSION SOCIAL Y RECONCILIACION - ATENCION, ASISTENCIA  Y REPARACION INTEGRAL A LAS VICTIMAS",0,NO DEFINIDO,50000000.0,50000000.0,2021,Primer Trimestre,,,,,,,,,,,,,,,,,,,,,,
3612223,20210601,218552585,Pupiales,2.99,INVERSIÓN CONSOLIDADA,GASTOS,INVERSIÓN CONSOLIDADA,No Aplica,No Aplica,No Aplica,No Aplica,No Aplica,No Aplica,No Aplica,No Aplica,VIGENCIA ACTUAL,ENTIDADES TERRITORIALES - ADMINISTRACION CENTRAL,19.01 - SALUD Y PROTECCION SOCIAL - SALUD PUBLICA Y PRESTACION DE SERVICIOS,0,NO DEFINIDO,0.0,242000000.0,2021,Segundo Trimestre,,,,,,,,,,,,,,,,,,,,,,
3618239,20230601,218552585,Pupiales,2.99,INVERSIÓN CONSOLIDADA,GASTOS,INVERSIÓN CONSOLIDADA,No Aplica,No Aplica,No Aplica,No Aplica,No Aplica,No Aplica,No Aplica,No Aplica,VIGENCIA ACTUAL,ENTIDADES TERRITORIALES - ADMINISTRACION CENTRAL,INFRAESTRUCTURA RED VIAL REGIONAL,0,NO DEFINIDO,578975664.0,909983241.0,2023,Segundo Trimestre,,,,,,,,,,,,,,,,,,,,,,
3621185,20210901,218552585,Pupiales,2.99,INVERSIÓN CONSOLIDADA,GASTOS,INVERSIÓN CONSOLIDADA,No Aplica,No Aplica,No Aplica,No Aplica,No Aplica,No Aplica,No Aplica,No Aplica,VIGENCIA ACTUAL,ENTIDADES TERRITORIALES - ADMINISTRACION CENTRAL,41.04 - INCLUSION SOCIAL Y RECONCILIACION - ATENCION INTEGRAL DE POBLACION EN SITUACION PERMANENTE DE DESPROTECCION SOCIAL O FAMILIAR,0,NO DEFINIDO,150000000.0,345489076.0,2021,Tercer Trimestre,,,,,,,,,,,,,,,,,,,,,,
3629182,20230601,218552585,Pupiales,2.99,INVERSIÓN CONSOLIDADA,GASTOS,INVERSIÓN CONSOLIDADA,No Aplica,No Aplica,No Aplica,No Aplica,No Aplica,No Aplica,No Aplica,No Aplica,VIGENCIA ACTUAL,ENTIDADES TERRITORIALES - ADMINISTRACION CENTRAL,FORTALECIMIENTO A LA GESTION Y DIRECCION DE LA ADMINISTRACION PUBLICA TERRITORIAL,0,NO DEFINIDO,459900000.0,771885213.0,2023,Segundo Trimestre,,,,,,,,,,,,,,,,,,,,,,
3629660,20221201,218552585,Pupiales,2.99,INVERSIÓN CONSOLIDADA,GASTOS,INVERSIÓN CONSOLIDADA,No Aplica,No Aplica,No Aplica,No Aplica,No Aplica,No Aplica,No Aplica,No Aplica,VIGENCIA ACTUAL,ENTIDADES TERRITORIALES - ADMINISTRACION CENTRAL,INVESTIGACION CON CALIDAD E IMPACTO,0,NO DEFINIDO,10000000.0,7540000.0,2022,Cuarto Trimestre,,,,,,,,,,,,,,,,,,,,,,
3630716,20211201,218552585,Pupiales,2.99,INVERSIÓN CONSOLIDADA,GASTOS,INVERSIÓN CONSOLIDADA,No Aplica,No Aplica,No Aplica,No Aplica,No Aplica,No Aplica,No Aplica,No Aplica,VIGENCIA ACTUAL,ENTIDADES TERRITORIALES - ADMINISTRACION CENTRAL,INCLUSION PRODUCTIVA DE PEQUEÑOS PRODUCTORES RURALES,0,NO DEFINIDO,110000000.0,110925132.0,2021,Cuarto Trimestre,,,,,,,,,,,,,,,,,,,,,,
3637016,20210901,218552585,Pupiales,2.99,INVERSIÓN CONSOLIDADA,GASTOS,INVERSIÓN CONSOLIDADA,No Aplica,No Aplica,No Aplica,No Aplica,No Aplica,No Aplica,No Aplica,No Aplica,VIGENCIA ACTUAL,ENTIDADES TERRITORIALES - ADMINISTRACION CENTRAL,12.02 - JUSTICIA Y DEL DERECHO -  PROMOCION AL ACCESO A LA JUSTICIA,0,NO DEFINIDO,90000000.0,50750000.0,2021,Tercer Trimestre,,,,,,,,,,,,,,,,,,,,,,
3645177,20220601,218552585,Pupiales,2.99,INVERSIÓN CONSOLIDADA,GASTOS,INVERSIÓN CONSOLIDADA,No Aplica,No Aplica,No Aplica,No Aplica,No Aplica,No Aplica,No Aplica,No Aplica,VIGENCIA ACTUAL,ENTIDADES TERRITORIALES - ADMINISTRACION CENTRAL,INCLUSION PRODUCTIVA DE PEQUEÑOS PRODUCTORES RURALES,0,NO DEFINIDO,98000000.0,120000000.0,2022,Segundo Trimestre,,,,,,,,,,,,,,,,,,,,,,
3646821,20221201,218552585,Pupiales,2.99,INVERSIÓN CONSOLIDADA,GASTOS,INVERSIÓN CONSOLIDADA,No Aplica,No Aplica,No Aplica,No Aplica,No Aplica,No Aplica,No Aplica,No Aplica,VIGENCIA ACTUAL,ENTIDADES TERRITORIALES - ADMINISTRACION CENTRAL,INCLUSION PRODUCTIVA DE PEQUEÑOS PRODUCTORES RURALES,0,NO DEFINIDO,98000000.0,120000000.0,2022,Cuarto Trimestre,,,,,,,,,,,,,,,,,,,,,,
3647221,20220901,218552585,Pupiales,2.99,INVERSIÓN CONSOLIDADA,GASTOS,INVERSIÓN CONSOLIDADA,No Aplica,No Aplica,No Aplica,No Aplica,No Aplica,No Aplica,No Aplica,No Aplica,VIGENCIA ACTUAL,ENTIDADES TERRITORIALES - ADMINISTRACION CENTRAL,"ATENCION, ASISTENCIA  Y REPARACION INTEGRAL A LAS VICTIMAS",0,NO DEFINIDO,50000000.0,36000000.0,2022,Tercer Trimestre,,,,,,,,,,,,,,,,,,,,,,
3647409,20230301,218552585,Pupiales,2.99,INVERSIÓN CONSOLIDADA,GASTOS,INVERSIÓN CONSOLIDADA,No Aplica,No Aplica,No Aplica,No Aplica,No Aplica,No Aplica,No Aplica,No Aplica,CUENTAS POR PAGAR,ENTIDADES TERRITORIALES - ADMINISTRACION CENTRAL,"GESTION, PROTECCION Y SALVAGUARDIA DEL PATRIMONIO CULTURAL COLOMBIANO",1,NO DEFINIDO,6275420.0,6275420.0,2023,Primer Trimestre,,,,,,,,,,,,,,,,,,,,,,
3648320,20221201,218552585,Pupiales,2.99,INVERSIÓN CONSOLIDADA,GASTOS,INVERSIÓN CONSOLIDADA,No Aplica,No Aplica,No Aplica,No Aplica,No Aplica,No Aplica,No Aplica,No Aplica,VIGENCIA ACTUAL,ENTIDADES TERRITORIALES - ADMINISTRACION CENTRAL,"DESARROLLO INTEGRAL DE LA PRIMERA INFANCIA A LA JUVENTUD, Y FORTALECIMIENTO DE LAS CAPACIDADES DE LAS FAMILIAS DE NIÑAS, NIÑOS Y ADOLESCENTES",0,NO DEFINIDO,30000000.0,13293621.0,2022,Cuarto Trimestre,,,,,,,,,,,,,,,,,,,,,,
3659496,20230601,218552585,Pupiales,2.99,INVERSIÓN CONSOLIDADA,GASTOS,INVERSIÓN CONSOLIDADA,No Aplica,No Aplica,No Aplica,No Aplica,No Aplica,No Aplica,No Aplica,No Aplica,RESERVAS,ENTIDADES TERRITORIALES - ADMINISTRACION CENTRAL,ACCESO DE LA POBLACION A LOS SERVICIOS DE AGUA POTABLE Y SANEAMIENTO BASICO,001,NO DEFINIDO,44405771.0,44405771.0,2023,Segundo Trimestre,,,,,,,,,,,,,,,,,,,,,,
3663429,20210901,218552585,Pupiales,2.99,INVERSIÓN CONSOLIDADA,GASTOS,INVERSIÓN CONSOLIDADA,No Aplica,No Aplica,No Aplica,No Aplica,No Aplica,No Aplica,No Aplica,No Aplica,VIGENCIA ACTUAL,ENTIDADES TERRITORIALES - ADMINISTRACION CENTRAL,32.02 - AMBIENTE Y DESARROLLO SOSTENIBLE - CONSERVACION DE LA BIODIVERSIDAD Y SUS SERVICIOS ECOSISTEMICOS,0,NO DEFINIDO,45000000.0,78032586.0,2021,Tercer Trimestre,,,,,,,,,,,,,,,,,,,,,,
3675190,20220301,218552585,Pupiales,2.99,INVERSIÓN CONSOLIDADA,GASTOS,INVERSIÓN CONSOLIDADA,No Aplica,No Aplica,No Aplica,No Aplica,No Aplica,No Aplica,No Aplica,No Aplica,VIGENCIA ACTUAL,ENTIDADES TERRITORIALES - ADMINISTRACION CENTRAL,"ATENCION, ASISTENCIA  Y REPARACION INTEGRAL A LAS VICTIMAS",0,NO DEFINIDO,50000000.0,36000000.0,2022,Primer Trimestre,,,,,,,,,,,,,,,,,,,,,,
3675851,20220301,218552585,Pupiales,2.99,INVERSIÓN CONSOLIDADA,GASTOS,INVERSIÓN CONSOLIDADA,No Aplica,No Aplica,No Aplica,No Aplica,No Aplica,No Aplica,No Aplica,No Aplica,VIGENCIA ACTUAL,ENTIDADES TERRITORIALES - ADMINISTRACION CENTRAL,FORMACION Y PREPARACION DE DEPORTISTAS,2021525850035,NO DEFINIDO,9600845.0,9600845.0,2022,Primer Trimestre,,,,,,,,,,,,,,,,,,,,,,
3677039,20221201,218552585,Pupiales,2.99,INVERSIÓN CONSOLIDADA,GASTOS,INVERSIÓN CONSOLIDADA,No Aplica,No Aplica,No Aplica,No Aplica,No Aplica,No Aplica,No Aplica,No Aplica,VIGENCIA ACTUAL,ENTIDADES TERRITORIALES - ADMINISTRACION CENTRAL,ORDENAMIENTO TERRITORIAL Y DESARROLLO URBANO,0,NO DEFINIDO,20000000.0,40000000.0,2022,Cuarto Trimestre,,,,,,,,,,,,,,,,,,,,,,
3683298,20211201,218552585,Pupiales,2.99,INVERSIÓN CONSOLIDADA,GASTOS,INVERSIÓN CONSOLIDADA,No Aplica,No Aplica,No Aplica,No Aplica,No Aplica,No Aplica,No Aplica,No Aplica,VIGENCIA ACTUAL,ENTIDADES TERRITORIALES - ADMINISTRACION CENTRAL,"DESARROLLO INTEGRAL DE LA PRIMERA INFANCIA A LA JUVENTUD, Y FORTALECIMIENTO DE LAS CAPACIDADES DE LAS FAMILIAS DE NIÑAS, NIÑOS Y ADOLESCENTES",0,NO DEFINIDO,30000000.0,23600000.0,2021,Cuarto Trimestre,,,,,,,,,,,,,,,,,,,,,,
3683929,20210601,218552585,Pupiales,2.99,INVERSIÓN CONSOLIDADA,GASTOS,INVERSIÓN CONSOLIDADA,No Aplica,No Aplica,No Aplica,No Aplica,No Aplica,No Aplica,No Aplica,No Aplica,VIGENCIA ACTUAL,ENTIDADES TERRITORIALES - ADMINISTRACION CENTRAL,12.06 - JUSTICIA Y DEL DERECHO - SISTEMA PENITENCIARIO Y CARCELARIO EN EL MARCO DE LOS DERECHOS HUMANOS,0,NO DEFINIDO,7000000.0,7000000.0,2021,Segundo Trimestre,,,,,,,,,,,,,,,,,,,,,,
3686129,20230301,218552585,Pupiales,2.99,INVERSIÓN CONSOLIDADA,GASTOS,INVERSIÓN CONSOLIDADA,No Aplica,No Aplica,No Aplica,No Aplica,No Aplica,No Aplica,No Aplica,No Aplica,VIGENCIA ACTUAL,ENTIDADES TERRITORIALES - ADMINISTRACION CENTRAL,INCLUSION PRODUCTIVA DE PEQUEÑOS PRODUCTORES RURALES,001,NO DEFINIDO,0.0,200000000.0,2023,Primer Trimestre,,,,,,,,,,,,,,,,,,,,,,
3687979,20210601,218552585,Pupiales,2.99,INVERSIÓN CONSOLIDADA,GASTOS,INVERSIÓN CONSOLIDADA,No Aplica,No Aplica,No Aplica,No Aplica,No Aplica,No Aplica,No Aplica,No Aplica,VIGENCIA ACTUAL,ENTIDADES TERRITORIALES - ADMINISTRACION CENTRAL,36.02 - TRABAJO - GENERACION Y FORMALIZACION DEL EMPLEO,0,NO DEFINIDO,20000000.0,0.0,2021,Segundo Trimestre,,,,,,,,,,,,,,,,,,,,,,
3734748,20220301,218552585,Pupiales,2.99,INVERSIÓN CONSOLIDADA,GASTOS,INVERSIÓN CONSOLIDADA,No Aplica,No Aplica,No Aplica,No Aplica,No Aplica,No Aplica,No Aplica,No Aplica,VIGENCIA ACTUAL,ENTIDADES TERRITORIALES - ADMINISTRACION CENTRAL,"GESTION, PROTECCION Y SALVAGUARDIA DEL PATRIMONIO CULTURAL COLOMBIANO",2021525850021,NO DEFINIDO,60000000.0,80000000.0,2022,Primer Trimestre,,,,,,,,,,,,,,,,,,,,,,
3736674,20211201,218552585,Pupiales,2.99,INVERSIÓN CONSOLIDADA,GASTOS,INVERSIÓN CONSOLIDADA,No Aplica,No Aplica,No Aplica,No Aplica,No Aplica,No Aplica,No Aplica,No Aplica,VIGENCIA ACTUAL,ENTIDADES TERRITORIALES - ADMINISTRACION CENTRAL,"GESTION, PROTECCION Y SALVAGUARDIA DEL PATRIMONIO CULTURAL COLOMBIANO",2021525850021,NO DEFINIDO,20000000.0,92697000.0,2021,Cuarto Trimestre,,,,,,,,,,,,,,,,,,,,,,
3742275,20221201,218552585,Pupiales,2.99,INVERSIÓN CONSOLIDADA,GASTOS,INVERSIÓN CONSOLIDADA,No Aplica,No Aplica,No Aplica,No Aplica,No Aplica,No Aplica,No Aplica,No Aplica,VIGENCIA ACTUAL,ENTIDADES TERRITORIALES - ADMINISTRACION CENTRAL,GESTION DEL RIESGO DE DESASTRES Y EMERGENCIAS,2.02E+12,NO DEFINIDO,45000000.0,42216750.0,2022,Cuarto Trimestre,,,,,,,,,,,,,,,,,,,,,,
3751568,20210601,218552585,Pupiales,2.99,INVERSIÓN CONSOLIDADA,GASTOS,INVERSIÓN CONSOLIDADA,No Aplica,No Aplica,No Aplica,No Aplica,No Aplica,No Aplica,No Aplica,No Aplica,VIGENCIA ACTUAL,ENTIDADES TERRITORIALES - ADMINISTRACION CENTRAL,45.01 - GOBIERNO TERRITORIAL - FORTALECIMIENTO DE LA CONVIVENCIA Y LA SEGURIDAD CIUDADANA,0,NO DEFINIDO,125501000.0,136039226.0,2021,Segundo Trimestre,,,,,,,,,,,,,,,,,,,,,,
3754053,20220601,218552585,Pupiales,2.99,INVERSIÓN CONSOLIDADA,GASTOS,INVERSIÓN CONSOLIDADA,No Aplica,No Aplica,No Aplica,No Aplica,No Aplica,No Aplica,No Aplica,No Aplica,VIGENCIA ACTUAL,ENTIDADES TERRITORIALES - ADMINISTRACION CENTRAL,FORTALECIMIENTO DE LA CONVIVENCIA Y LA SEGURIDAD CIUDADANA,0,NO DEFINIDO,125000000.0,125000000.0,2022,Segundo Trimestre,,,,,,,,,,,,,,,,,,,,,,
3755283,20210901,218552585,Pupiales,2.99,INVERSIÓN CONSOLIDADA,GASTOS,INVERSIÓN CONSOLIDADA,No Aplica,No Aplica,No Aplica,No Aplica,No Aplica,No Aplica,No Aplica,No Aplica,VIGENCIA ACTUAL,ENTIDADES TERRITORIALES - ADMINISTRACION CENTRAL,"40.02 - VIVIENDA, CIUDAD Y TERRITORIO - ORDENAMIENTO TERRITORIAL Y DESARROLLO URBANO",0,NO DEFINIDO,21200000.0,21200000.0,2021,Tercer Trimestre,,,,,,,,,,,,,,,,,,,,,,
3757305,20210601,218552585,Pupiales,2.99,INVERSIÓN CONSOLIDADA,GASTOS,INVERSIÓN CONSOLIDADA,No Aplica,No Aplica,No Aplica,No Aplica,No Aplica,No Aplica,No Aplica,No Aplica,VIGENCIA ACTUAL,ENTIDADES TERRITORIALES - ADMINISTRACION CENTRAL,32.03 - AMBIENTE Y DESARROLLO SOSTENIBLE - GESTION INTEGRAL DEL RECURSO HIDRICO,0,NO DEFINIDO,10620000.0,10620000.0,2021,Segundo Trimestre,,,,,,,,,,,,,,,,,,,,,,
3757931,20230301,218552585,Pupiales,2.99,INVERSIÓN CONSOLIDADA,GASTOS,INVERSIÓN CONSOLIDADA,No Aplica,No Aplica,No Aplica,No Aplica,No Aplica,No Aplica,No Aplica,No Aplica,VIGENCIA ACTUAL,ENTIDADES TERRITORIALES - ADMINISTRACION CENTRAL,PROMOCION Y ACCESO EFECTIVO A PROCESOS CULTURALES Y ARTISTICOS,0,NO DEFINIDO,85000000.0,139000000.0,2023,Primer Trimestre,,,,,,,,,,,,,,,,,,,,,,
3759399,20230601,218552585,Pupiales,2.99,INVERSIÓN CONSOLIDADA,GASTOS,INVERSIÓN CONSOLIDADA,No Aplica,No Aplica,No Aplica,No Aplica,No Aplica,No Aplica,No Aplica,No Aplica,VIGENCIA ACTUAL,ENTIDADES TERRITORIALES - ADMINISTRACION CENTRAL,DEFENSA JURIDICA DEL ESTADO,0,NO DEFINIDO,27000000.0,27000000.0,2023,Segundo Trimestre,,,,,,,,,,,,,,,,,,,,,,
3762808,20210301,218552585,Pupiales,2.99,INVERSIÓN CONSOLIDADA,GASTOS,INVERSIÓN CONSOLIDADA,No Aplica,No Aplica,No Aplica,No Aplica,No Aplica,No Aplica,No Aplica,No Aplica,VIGENCIA ACTUAL,ENTIDADES TERRITORIALES - ADMINISTRACION CENTRAL,04.06 - INFORMACION ESTADISTICA - GENERACION DE LA INFORMACION GEOGRAFICA DEL TERRITORIO NACIONAL,0,NO DEFINIDO,20000000.0,20000000.0,2021,Primer Trimestre,,,,,,,,,,,,,,,,,,,,,,
3763123,20220601,218552585,Pupiales,2.99,INVERSIÓN CONSOLIDADA,GASTOS,INVERSIÓN CONSOLIDADA,No Aplica,No Aplica,No Aplica,No Aplica,No Aplica,No Aplica,No Aplica,No Aplica,VIGENCIA ACTUAL,ENTIDADES TERRITORIALES - ADMINISTRACION CENTRAL,ATENCION INTEGRAL DE POBLACION EN SITUACION PERMANENTE DE DESPROTECCION SOCIAL Y/O FAMILIAR,0,NO DEFINIDO,150000000.0,174000000.0,2022,Segundo Trimestre,,,,,,,,,,,,,,,,,,,,,,
3772806,20210601,218552585,Pupiales,2.99,INVERSIÓN CONSOLIDADA,GASTOS,INVERSIÓN CONSOLIDADA,No Aplica,No Aplica,No Aplica,No Aplica,No Aplica,No Aplica,No Aplica,No Aplica,VIGENCIA ACTUAL,ENTIDADES TERRITORIALES - ADMINISTRACION CENTRAL,"41.01 - INCLUSION SOCIAL Y RECONCILIACION - ATENCION, ASISTENCIA  Y REPARACION INTEGRAL A LAS VICTIMAS",0,NO DEFINIDO,50000000.0,47000000.0,2021,Segundo Trimestre,,,,,,,,,,,,,,,,,,,,,,
3775110,20230601,218552585,Pupiales,2.99,INVERSIÓN CONSOLIDADA,GASTOS,INVERSIÓN CONSOLIDADA,No Aplica,No Aplica,No Aplica,No Aplica,No Aplica,No Aplica,No Aplica,No Aplica,CUENTAS POR PAGAR,ENTIDADES TERRITORIALES - ADMINISTRACION CENTRAL,ATENCION INTEGRAL DE POBLACION EN SITUACION PERMANENTE DE DESPROTECCION SOCIAL Y/O FAMILIAR,001,NO DEFINIDO,4500000.0,4500000.0,2023,Segundo Trimestre,,,,,,,,,,,,,,,,,,,,,,
3775145,20210301,218552585,Pupiales,2.99,INVERSIÓN CONSOLIDADA,GASTOS,INVERSIÓN CONSOLIDADA,No Aplica,No Aplica,No Aplica,No Aplica,No Aplica,No Aplica,No Aplica,No Aplica,VIGENCIA ACTUAL,ENTIDADES TERRITORIALES - ADMINISTRACION CENTRAL,12.05 - JUSTICIA Y DEL DERECHO - DEFENSA JURIDICA DEL ESTADO,2021525850008,NO DEFINIDO,62315716.0,62315716.0,2021,Primer Trimestre,,,,,,,,,,,,,,,,,,,,,,
3781219,20210301,218552585,Pupiales,2.99,INVERSIÓN CONSOLIDADA,GASTOS,INVERSIÓN CONSOLIDADA,No Aplica,No Aplica,No Aplica,No Aplica,No Aplica,No Aplica,No Aplica,No Aplica,VIGENCIA ACTUAL,ENTIDADES TERRITORIALES - ADMINISTRACION CENTRAL,12.06 - JUSTICIA Y DEL DERECHO - SISTEMA PENITENCIARIO Y CARCELARIO EN EL MARCO DE LOS DERECHOS HUMANOS,0,NO DEFINIDO,7000000.0,7000000.0,2021,Primer Trimestre,,,,,,,,,,,,,,,,,,,,,,
3785102,20210901,218552585,Pupiales,2.99,INVERSIÓN CONSOLIDADA,GASTOS,INVERSIÓN CONSOLIDADA,No Aplica,No Aplica,No Aplica,No Aplica,No Aplica,No Aplica,No Aplica,No Aplica,VIGENCIA ACTUAL,ENTIDADES TERRITORIALES - ADMINISTRACION CENTRAL,12.05 - JUSTICIA Y DEL DERECHO - DEFENSA JURIDICA DEL ESTADO,2021525850008,NO DEFINIDO,62315716.0,76415716.0,2021,Tercer Trimestre,,,,,,,,,,,,,,,,,,,,,,
3800492,20211201,218552585,Pupiales,2.99,INVERSIÓN CONSOLIDADA,GASTOS,INVERSIÓN CONSOLIDADA,No Aplica,No Aplica,No Aplica,No Aplica,No Aplica,No Aplica,No Aplica,No Aplica,VIGENCIA ACTUAL,ENTIDADES TERRITORIALES - ADMINISTRACION CENTRAL,PROMOCION DE LOS METODOS DE RESOLUCION DE CONFLICTOS,2021525850008,NO DEFINIDO,62315716.0,76415716.0,2021,Cuarto Trimestre,,,,,,,,,,,,,,,,,,,,,,
3808559,20210601,218552585,Pupiales,2.1.2.01.01.004.01.01,MUEBLES,GASTOS,FUNCIONAMIENTO,ADQUISICION DE BIENES Y SERVICIOS,ADQUISICION DE ACTIVOS NO FINANCIEROS,ACTIVOS FIJOS,ACTIVOS FIJOS NO CLASIFICADOS COMO MAQUINARIA Y EQUIPO,"MUEBLES, INSTRUMENTOS MUSICALES, ARTICULOS DE DEPORTE Y ANTIGÃ?EDADES",MUEBLES,No Aplica,No Aplica,VIGENCIA ACTUAL,ENTIDADES TERRITORIALES - ADMINISTRACION CENTRAL,NO DEFINIDO,,NO DEFINIDO,14500000.0,500000.0,2021,Segundo Trimestre,,,,,,,,,,,,,,,,,,,,,,
3809208,20211201,218552585,Pupiales,2.1.2.01.01.004.01.01.02,MUEBLES DEL TIPO UTILIZADO EN LA OFICINA,GASTOS,FUNCIONAMIENTO,ADQUISICION DE BIENES Y SERVICIOS,ADQUISICION DE ACTIVOS NO FINANCIEROS,ACTIVOS FIJOS,ACTIVOS FIJOS NO CLASIFICADOS COMO MAQUINARIA Y EQUIPO,"MUEBLES, INSTRUMENTOS MUSICALES, ARTICULOS DE DEPORTE Y ANTIGÃ?EDADES",MUEBLES,MUEBLES DEL TIPO UTILIZADO EN LA OFICINA,No Aplica,VIGENCIA ACTUAL,ENTIDADES TERRITORIALES - ADMINISTRACION CENTRAL,NO APLICA,0,NO DEFINIDO,14500000.0,0.0,2021,Cuarto Trimestre,,,,,,,,,,,,,,,,,,,,,,
3828117,20210901,218552585,Pupiales,2.99,INVERSIÓN CONSOLIDADA,GASTOS,INVERSIÓN CONSOLIDADA,No Aplica,No Aplica,No Aplica,No Aplica,No Aplica,No Aplica,No Aplica,No Aplica,VIGENCIA ACTUAL,ENTIDADES TERRITORIALES - ADMINISTRACION CENTRAL,21.02 - MINAS Y ENERGIA - CONSOLIDACION PRODUCTIVA DEL SECTOR DE ENERGIA ELECTRICA,0,NO DEFINIDO,230000000.0,230000000.0,2021,Tercer Trimestre,,,,,,,,,,,,,,,,,,,,,,
3832667,20220901,218552585,Pupiales,2.99,INVERSIÓN CONSOLIDADA,GASTOS,INVERSIÓN CONSOLIDADA,No Aplica,No Aplica,No Aplica,No Aplica,No Aplica,No Aplica,No Aplica,No Aplica,VIGENCIA ACTUAL,ENTIDADES TERRITORIALES - ADMINISTRACION CENTRAL,"CIENCIA, TECNOLOGIA E INNOVACION AGROPECUARIA",0,NO DEFINIDO,10000000.0,0.0,2022,Tercer Trimestre,,,,,,,,,,,,,,,,,,,,,,
3841199,20221201,218552585,Pupiales,2.99,INVERSIÓN CONSOLIDADA,GASTOS,INVERSIÓN CONSOLIDADA,No Aplica,No Aplica,No Aplica,No Aplica,No Aplica,No Aplica,No Aplica,No Aplica,VIGENCIA ACTUAL,ENTIDADES TERRITORIALES - ADMINISTRACION CENTRAL,INFRAESTRUCTURA RED VIAL REGIONAL,0,NO DEFINIDO,0.0,168418776.0,2022,Cuarto Trimestre,,,,,,,,,,,,,,,,,,,,,,
3841233,20210301,218552585,Pupiales,2.99,INVERSIÓN CONSOLIDADA,GASTOS,INVERSIÓN CONSOLIDADA,No Aplica,No Aplica,No Aplica,No Aplica,No Aplica,No Aplica,No Aplica,No Aplica,VIGENCIA ACTUAL,ENTIDADES TERRITORIALES - ADMINISTRACION CENTRAL,23.01 - TECNOLOGIAS DE LA INFORMACION Y LAS COMUNICACIONES - FACILITAR EL ACCESO Y USO DE LAS TECNOLOGIAS DE LA INFORMACION Y LAS COMUNICACIONES (TIC) EN TODO EL TERRITORIO NACIONAL,2021525850009,NO DEFINIDO,30000000.0,30000000.0,2021,Primer Trimestre,,,,,,,,,,,,,,,,,,,,,,
3859610,20220901,218552585,Pupiales,2.99,INVERSIÓN CONSOLIDADA,GASTOS,INVERSIÓN CONSOLIDADA,No Aplica,No Aplica,No Aplica,No Aplica,No Aplica,No Aplica,No Aplica,No Aplica,VIGENCIA ACTUAL,ENTIDADES TERRITORIALES - ADMINISTRACION CENTRAL,FORMACION Y PREPARACION DE DEPORTISTAS,2021525850035,NO DEFINIDO,9600845.0,8525000.0,2022,Tercer Trimestre,,,,,,,,,,,,,,,,,,,,,,
3862346,20221201,218552585,Pupiales,2.99,INVERSIÓN CONSOLIDADA,GASTOS,INVERSIÓN CONSOLIDADA,No Aplica,No Aplica,No Aplica,No Aplica,No Aplica,No Aplica,No Aplica,No Aplica,VIGENCIA ACTUAL,ENTIDADES TERRITORIALES - ADMINISTRACION CENTRAL,"FOMENTO A LA RECREACION, LA ACTIVIDAD FISICA Y EL DEPORTE",0,NO DEFINIDO,75000000.0,116107170.0,2022,Cuarto Trimestre,,,,,,,,,,,,,,,,,,,,,,
3866091,20220601,218552585,Pupiales,2.99,INVERSIÓN CONSOLIDADA,GASTOS,INVERSIÓN CONSOLIDADA,No Aplica,No Aplica,No Aplica,No Aplica,No Aplica,No Aplica,No Aplica,No Aplica,VIGENCIA ACTUAL,ENTIDADES TERRITORIALES - ADMINISTRACION CENTRAL,SISTEMA PENITENCIARIO Y CARCELARIO EN EL MARCO DE LOS DERECHOS HUMANOS,0,NO DEFINIDO,7000000.0,8000000.0,2022,Segundo Trimestre,,,,,,,,,,,,,,,,,,,,,,
3871243,20210901,218552585,Pupiales,2.99,INVERSIÓN CONSOLIDADA,GASTOS,INVERSIÓN CONSOLIDADA,No Aplica,No Aplica,No Aplica,No Aplica,No Aplica,No Aplica,No Aplica,No Aplica,VIGENCIA ACTUAL,ENTIDADES TERRITORIALES - ADMINISTRACION CENTRAL,32.01 - AMBIENTE Y DESARROLLO SOSTENIBLE - FORTALECIMIENTO DEL DESEMPEÑO AMBIENTAL DE LOS SECTORES PRODUCTIVOS,0,NO DEFINIDO,40400000.0,44380000.0,2021,Tercer Trimestre,,,,,,,,,,,,,,,,,,,,,,
3873650,20210901,218552585,Pupiales,2.99,INVERSIÓN CONSOLIDADA,GASTOS,INVERSIÓN CONSOLIDADA,No Aplica,No Aplica,No Aplica,No Aplica,No Aplica,No Aplica,No Aplica,No Aplica,VIGENCIA ACTUAL,ENTIDADES TERRITORIALES - ADMINISTRACION CENTRAL,"40.01 - VIVIENDA, CIUDAD Y TERRITORIO - ACCESO A SOLUCIONES DE VIVIENDA",0,NO DEFINIDO,8800000.0,0.0,2021,Tercer Trimestre,,,,,,,,,,,,,,,,,,,,,,
3880619,20230301,218552585,Pupiales,2.99,INVERSIÓN CONSOLIDADA,GASTOS,INVERSIÓN CONSOLIDADA,No Aplica,No Aplica,No Aplica,No Aplica,No Aplica,No Aplica,No Aplica,No Aplica,VIGENCIA ACTUAL,ENTIDADES TERRITORIALES - ADMINISTRACION CENTRAL,DEFENSA JURIDICA DEL ESTADO,1,NO DEFINIDO,63000000.0,63000000.0,2023,Primer Trimestre,,,,,,,,,,,,,,,,,,,,,,
3886493,20220601,218552585,Pupiales,2.99,INVERSIÓN CONSOLIDADA,GASTOS,INVERSIÓN CONSOLIDADA,No Aplica,No Aplica,No Aplica,No Aplica,No Aplica,No Aplica,No Aplica,No Aplica,VIGENCIA ACTUAL,ENTIDADES TERRITORIALES - ADMINISTRACION CENTRAL,"CALIDAD, COBERTURA Y FORTALECIMIENTO DE LA EDUCACION INICIAL, PRESCOLAR, BASICA Y MEDIA",0,NO DEFINIDO,550166772.0,483577088.0,2022,Segundo Trimestre,,,,,,,,,,,,,,,,,,,,,,
3896078,20230601,218552585,Pupiales,2.99,INVERSIÓN CONSOLIDADA,GASTOS,INVERSIÓN CONSOLIDADA,No Aplica,No Aplica,No Aplica,No Aplica,No Aplica,No Aplica,No Aplica,No Aplica,VIGENCIA ACTUAL,ENTIDADES TERRITORIALES - ADMINISTRACION CENTRAL,JUSTICIA TRANSICIONAL,0,NO DEFINIDO,1000000.0,1000000.0,2023,Segundo Trimestre,,,,,,,,,,,,,,,,,,,,,,
3896126,20220901,218552585,Pupiales,2.99,INVERSIÓN CONSOLIDADA,GASTOS,INVERSIÓN CONSOLIDADA,No Aplica,No Aplica,No Aplica,No Aplica,No Aplica,No Aplica,No Aplica,No Aplica,VIGENCIA ACTUAL,ENTIDADES TERRITORIALES - ADMINISTRACION CENTRAL,FACILITAR EL ACCESO Y USO DE LAS TECNOLOGIAS DE LA INFORMACION Y LAS COMUNICACIONES EN TODO EL TERRITORIO NACIONAL,2021525850009,NO DEFINIDO,10000000.0,10000000.0,2022,Tercer Trimestre,,,,,,,,,,,,,,,,,,,,,,
3908116,20230301,218552585,Pupiales,2.99,INVERSIÓN CONSOLIDADA,GASTOS,INVERSIÓN CONSOLIDADA,No Aplica,No Aplica,No Aplica,No Aplica,No Aplica,No Aplica,No Aplica,No Aplica,VIGENCIA ACTUAL,ENTIDADES TERRITORIALES - ADMINISTRACION CENTRAL,"FOMENTO A LA RECREACION, LA ACTIVIDAD FISICA Y EL DEPORTE",001,NO DEFINIDO,0.0,188305756.0,2023,Primer Trimestre,,,,,,,,,,,,,,,,,,,,,,
3914769,20220901,218552585,Pupiales,2.99,INVERSIÓN CONSOLIDADA,GASTOS,INVERSIÓN CONSOLIDADA,No Aplica,No Aplica,No Aplica,No Aplica,No Aplica,No Aplica,No Aplica,No Aplica,VIGENCIA ACTUAL,ENTIDADES TERRITORIALES - ADMINISTRACION CENTRAL,GENERACION Y FORMALIZACION DEL EMPLEO,0,NO DEFINIDO,10000000.0,10000000.0,2022,Tercer Trimestre,,,,,,,,,,,,,,,,,,,,,,
3919478,20220301,218552585,Pupiales,2.99,INVERSIÓN CONSOLIDADA,GASTOS,INVERSIÓN CONSOLIDADA,No Aplica,No Aplica,No Aplica,No Aplica,No Aplica,No Aplica,No Aplica,No Aplica,VIGENCIA ACTUAL,ENTIDADES TERRITORIALES - ADMINISTRACION CENTRAL,"CALIDAD, COBERTURA Y FORTALECIMIENTO DE LA EDUCACION INICIAL, PRESCOLAR, BASICA Y MEDIA",0,NO DEFINIDO,550166772.0,483577088.0,2022,Primer Trimestre,,,,,,,,,,,,,,,,,,,,,,
3922314,20230301,218552585,Pupiales,2.99,INVERSIÓN CONSOLIDADA,GASTOS,INVERSIÓN CONSOLIDADA,No Aplica,No Aplica,No Aplica,No Aplica,No Aplica,No Aplica,No Aplica,No Aplica,VIGENCIA ACTUAL,ENTIDADES TERRITORIALES - ADMINISTRACION CENTRAL,PROMOCION Y ACCESO EFECTIVO A PROCESOS CULTURALES Y ARTISTICOS,001,NO DEFINIDO,0.0,35679000.0,2023,Primer Trimestre,,,,,,,,,,,,,,,,,,,,,,
3936816,20210901,218552585,Pupiales,2.99,INVERSIÓN CONSOLIDADA,GASTOS,INVERSIÓN CONSOLIDADA,No Aplica,No Aplica,No Aplica,No Aplica,No Aplica,No Aplica,No Aplica,No Aplica,VIGENCIA ACTUAL,ENTIDADES TERRITORIALES - ADMINISTRACION CENTRAL,36.02 - TRABAJO - GENERACION Y FORMALIZACION DEL EMPLEO,0,NO DEFINIDO,20000000.0,0.0,2021,Tercer Trimestre,,,,,,,,,,,,,,,,,,,,,,
3946031,20230301,218552585,Pupiales,2.99,INVERSIÓN CONSOLIDADA,GASTOS,INVERSIÓN CONSOLIDADA,No Aplica,No Aplica,No Aplica,No Aplica,No Aplica,No Aplica,No Aplica,No Aplica,VIGENCIA ACTUAL,ENTIDADES TERRITORIALES - ADMINISTRACION CENTRAL,ACCESO DE LA POBLACION A LOS SERVICIOS DE AGUA POTABLE Y SANEAMIENTO BASICO,1,NO DEFINIDO,839708143.0,916883044.0,2023,Primer Trimestre,,,,,,,,,,,,,,,,,,,,,,
3947101,20220901,218552585,Pupiales,2.99,INVERSIÓN CONSOLIDADA,GASTOS,INVERSIÓN CONSOLIDADA,No Aplica,No Aplica,No Aplica,No Aplica,No Aplica,No Aplica,No Aplica,No Aplica,VIGENCIA ACTUAL,ENTIDADES TERRITORIALES - ADMINISTRACION CENTRAL,GENERACION DE LA INFORMACION GEOGRAFICA DEL TERRITORIO NACIONAL,0,NO DEFINIDO,10000000.0,10000000.0,2022,Tercer Trimestre,,,,,,,,,,,,,,,,,,,,,,
3949876,20221201,218552585,Pupiales,2.99,INVERSIÓN CONSOLIDADA,GASTOS,INVERSIÓN CONSOLIDADA,No Aplica,No Aplica,No Aplica,No Aplica,No Aplica,No Aplica,No Aplica,No Aplica,VIGENCIA ACTUAL,ENTIDADES TERRITORIALES - ADMINISTRACION CENTRAL,FORTALECIMIENTO DEL BUEN GOBIERNO PARA EL RESPETO Y GARANTIA DE LOS DERECHOS HUMANOS,0,NO DEFINIDO,10000000.0,8000000.0,2022,Cuarto Trimestre,,,,,,,,,,,,,,,,,,,,,,
3950667,20221201,218552585,Pupiales,2.99,INVERSIÓN CONSOLIDADA,GASTOS,INVERSIÓN CONSOLIDADA,No Aplica,No Aplica,No Aplica,No Aplica,No Aplica,No Aplica,No Aplica,No Aplica,VIGENCIA ACTUAL,ENTIDADES TERRITORIALES - ADMINISTRACION CENTRAL,FORTALECIMIENTO A LA GESTION Y DIRECCION DE LA ADMINISTRACION PUBLICA TERRITORIAL,0,NO DEFINIDO,1696853000.0,2198299694.0,2022,Cuarto Trimestre,,,,,,,,,,,,,,,,,,,,,,
3959037,20220601,218552585,Pupiales,2.99,INVERSIÓN CONSOLIDADA,GASTOS,INVERSIÓN CONSOLIDADA,No Aplica,No Aplica,No Aplica,No Aplica,No Aplica,No Aplica,No Aplica,No Aplica,VIGENCIA ACTUAL,ENTIDADES TERRITORIALES - ADMINISTRACION CENTRAL,FORTALECIMIENTO A LA GESTION Y DIRECCION DE LA ADMINISTRACION PUBLICA TERRITORIAL,0,NO DEFINIDO,1222000000.0,1228200000.0,2022,Segundo Trimestre,,,,,,,,,,,,,,,,,,,,,,
3969156,20220301,218552585,Pupiales,2.99,INVERSIÓN CONSOLIDADA,GASTOS,INVERSIÓN CONSOLIDADA,No Aplica,No Aplica,No Aplica,No Aplica,No Aplica,No Aplica,No Aplica,No Aplica,VIGENCIA ACTUAL,ENTIDADES TERRITORIALES - ADMINISTRACION CENTRAL,INCLUSION PRODUCTIVA DE PEQUEÑOS PRODUCTORES RURALES,0,NO DEFINIDO,98000000.0,120000000.0,2022,Primer Trimestre,,,,,,,,,,,,,,,,,,,,,,
3969661,20210601,218552585,Pupiales,2.99,INVERSIÓN CONSOLIDADA,GASTOS,INVERSIÓN CONSOLIDADA,No Aplica,No Aplica,No Aplica,No Aplica,No Aplica,No Aplica,No Aplica,No Aplica,VIGENCIA ACTUAL,ENTIDADES TERRITORIALES - ADMINISTRACION CENTRAL,21.02 - MINAS Y ENERGIA - CONSOLIDACION PRODUCTIVA DEL SECTOR DE ENERGIA ELECTRICA,0,NO DEFINIDO,230000000.0,230000000.0,2021,Segundo Trimestre,,,,,,,,,,,,,,,,,,,,,,
3973799,20230601,218552585,Pupiales,2.99,INVERSIÓN CONSOLIDADA,GASTOS,INVERSIÓN CONSOLIDADA,No Aplica,No Aplica,No Aplica,No Aplica,No Aplica,No Aplica,No Aplica,No Aplica,VIGENCIA ACTUAL,ENTIDADES TERRITORIALES - ADMINISTRACION CENTRAL,FORTALECIMIENTO DEL BUEN GOBIERNO PARA EL RESPETO Y GARANTIA DE LOS DERECHOS HUMANOS,0,NO DEFINIDO,20000000.0,20000000.0,2023,Segundo Trimestre,,,,,,,,,,,,,,,,,,,,,,
3974274,20210601,218552585,Pupiales,2.99,INVERSIÓN CONSOLIDADA,GASTOS,INVERSIÓN CONSOLIDADA,No Aplica,No Aplica,No Aplica,No Aplica,No Aplica,No Aplica,No Aplica,No Aplica,VIGENCIA ACTUAL,ENTIDADES TERRITORIALES - ADMINISTRACION CENTRAL,45.99 - GOBIERNO TERRITORIAL - FORTALECIMIENTO A LA GESTION Y DIRECCION DE LA ADMINISTRACION PUBLICA TERRITORIAL,0,NO DEFINIDO,530000000.0,709192707.0,2021,Segundo Trimestre,,,,,,,,,,,,,,,,,,,,,,
3974650,20211201,218552585,Pupiales,2.99,INVERSIÓN CONSOLIDADA,GASTOS,INVERSIÓN CONSOLIDADA,No Aplica,No Aplica,No Aplica,No Aplica,No Aplica,No Aplica,No Aplica,No Aplica,VIGENCIA ACTUAL,ENTIDADES TERRITORIALES - ADMINISTRACION CENTRAL,SALUD PUBLICA,2021525850017,NO DEFINIDO,153621808.0,223041156.0,2021,Cuarto Trimestre,,,,,,,,,,,,,,,,,,,,,,
3978588,20230601,218552585,Pupiales,2.99,INVERSIÓN CONSOLIDADA,GASTOS,INVERSIÓN CONSOLIDADA,No Aplica,No Aplica,No Aplica,No Aplica,No Aplica,No Aplica,No Aplica,No Aplica,VIGENCIA ACTUAL,ENTIDADES TERRITORIALES - ADMINISTRACION CENTRAL,"INSPECCION, VIGILANCIA Y CONTROL",0,NO DEFINIDO,217063359.0,236594319.0,2023,Segundo Trimestre,,,,,,,,,,,,,,,,,,,,,,
3989425,20210301,218552585,Pupiales,2.99,INVERSIÓN CONSOLIDADA,GASTOS,INVERSIÓN CONSOLIDADA,No Aplica,No Aplica,No Aplica,No Aplica,No Aplica,No Aplica,No Aplica,No Aplica,VIGENCIA ACTUAL,ENTIDADES TERRITORIALES - ADMINISTRACION CENTRAL,41.04 - INCLUSION SOCIAL Y RECONCILIACION - ATENCION INTEGRAL DE POBLACION EN SITUACION PERMANENTE DE DESPROTECCION SOCIAL O FAMILIAR,2021525850012,NO DEFINIDO,150000000.0,345489076.0,2021,Primer Trimestre,,,,,,,,,,,,,,,,,,,,,,
3999661,20230601,218552585,Pupiales,2.99,INVERSIÓN CONSOLIDADA,GASTOS,INVERSIÓN CONSOLIDADA,No Aplica,No Aplica,No Aplica,No Aplica,No Aplica,No Aplica,No Aplica,No Aplica,RESERVAS,ENTIDADES TERRITORIALES - ADMINISTRACION CENTRAL,INFRAESTRUCTURA RED VIAL REGIONAL,0,NO DEFINIDO,12180000.0,12180000.0,2023,Segundo Trimestre,,,,,,,,,,,,,,,,,,,,,,
4011440,20220301,218552585,Pupiales,2.99,INVERSIÓN CONSOLIDADA,GASTOS,INVERSIÓN CONSOLIDADA,No Aplica,No Aplica,No Aplica,No Aplica,No Aplica,No Aplica,No Aplica,No Aplica,VIGENCIA ACTUAL,ENTIDADES TERRITORIALES - ADMINISTRACION CENTRAL,ATENCION INTEGRAL DE POBLACION EN SITUACION PERMANENTE DE DESPROTECCION SOCIAL Y/O FAMILIAR,0,NO DEFINIDO,150000000.0,174000000.0,2022,Primer Trimestre,,,,,,,,,,,,,,,,,,,,,,
4018709,20221201,218552585,Pupiales,2.99,INVERSIÓN CONSOLIDADA,GASTOS,INVERSIÓN CONSOLIDADA,No Aplica,No Aplica,No Aplica,No Aplica,No Aplica,No Aplica,No Aplica,No Aplica,VIGENCIA ACTUAL,ENTIDADES TERRITORIALES - ADMINISTRACION CENTRAL,INCLUSION SOCIAL Y PRODUCTIVA PARA LA POBLACION EN SITUACION DE VULNERABILIDAD,0,NO DEFINIDO,174325948.0,269812964.0,2022,Cuarto Trimestre,,,,,,,,,,,,,,,,,,,,,,
4019051,20211201,218552585,Pupiales,2.99,INVERSIÓN CONSOLIDADA,GASTOS,INVERSIÓN CONSOLIDADA,No Aplica,No Aplica,No Aplica,No Aplica,No Aplica,No Aplica,No Aplica,No Aplica,VIGENCIA ACTUAL,ENTIDADES TERRITORIALES - ADMINISTRACION CENTRAL,"CALIDAD, COBERTURA Y FORTALECIMIENTO DE LA EDUCACION INICIAL, PRESCOLAR, BASICA Y MEDIA",0,NO DEFINIDO,575795638.0,550166772.0,2021,Cuarto Trimestre,,,,,,,,,,,,,,,,,,,,,,
4023065,20221201,218552585,Pupiales,2.99,INVERSIÓN CONSOLIDADA,GASTOS,INVERSIÓN CONSOLIDADA,No Aplica,No Aplica,No Aplica,No Aplica,No Aplica,No Aplica,No Aplica,No Aplica,VIGENCIA ACTUAL,ENTIDADES TERRITORIALES - ADMINISTRACION CENTRAL,"CIENCIA, TECNOLOGIA E INNOVACION AGROPECUARIA",0,NO DEFINIDO,10000000.0,0.0,2022,Cuarto Trimestre,,,,,,,,,,,,,,,,,,,,,,
4023337,20220301,218552585,Pupiales,2.99,INVERSIÓN CONSOLIDADA,GASTOS,INVERSIÓN CONSOLIDADA,No Aplica,No Aplica,No Aplica,No Aplica,No Aplica,No Aplica,No Aplica,No Aplica,VIGENCIA ACTUAL,ENTIDADES TERRITORIALES - ADMINISTRACION CENTRAL,GESTION INTEGRAL DEL RECURSO HIDRICO,0,NO DEFINIDO,10000000.0,10000000.0,2022,Primer Trimestre,,,,,,,,,,,,,,,,,,,,,,
4026680,20220301,218552585,Pupiales,2.99,INVERSIÓN CONSOLIDADA,GASTOS,INVERSIÓN CONSOLIDADA,No Aplica,No Aplica,No Aplica,No Aplica,No Aplica,No Aplica,No Aplica,No Aplica,VIGENCIA ACTUAL,ENTIDADES TERRITORIALES - ADMINISTRACION CENTRAL,JUSTICIA TRANSICIONAL,0,NO DEFINIDO,2000000.0,2000000.0,2022,Primer Trimestre,,,,,,,,,,,,,,,,,,,,,,
4026710,20221201,218552585,Pupiales,2.99,INVERSIÓN CONSOLIDADA,GASTOS,INVERSIÓN CONSOLIDADA,No Aplica,No Aplica,No Aplica,No Aplica,No Aplica,No Aplica,No Aplica,No Aplica,VIGENCIA ACTUAL,ENTIDADES TERRITORIALES - ADMINISTRACION CENTRAL,"INSPECCION, VIGILANCIA Y CONTROL",0,NO DEFINIDO,60000000.0,53703645.0,2022,Cuarto Trimestre,,,,,,,,,,,,,,,,,,,,,,
4027637,20210901,218552585,Pupiales,2.99,INVERSIÓN CONSOLIDADA,GASTOS,INVERSIÓN CONSOLIDADA,No Aplica,No Aplica,No Aplica,No Aplica,No Aplica,No Aplica,No Aplica,No Aplica,VIGENCIA ACTUAL,ENTIDADES TERRITORIALES - ADMINISTRACION CENTRAL,43.02 - DEPORTE Y RECREACION - FORMACION Y PREPARACION DE DEPORTISTAS,2021525850035,NO DEFINIDO,13000000.0,10267001.0,2021,Tercer Trimestre,,,,,,,,,,,,,,,,,,,,,,
4031736,20230601,218552585,Pupiales,2.1.2.01.01.004.01.01.02,MUEBLES DEL TIPO UTILIZADO EN LA OFICINA,GASTOS,FUNCIONAMIENTO,ADQUISICION DE BIENES Y SERVICIOS,ADQUISICION DE ACTIVOS NO FINANCIEROS,ACTIVOS FIJOS,ACTIVOS FIJOS NO CLASIFICADOS COMO MAQUINARIA Y EQUIPO,"MUEBLES, INSTRUMENTOS MUSICALES, ARTICULOS DE DEPORTE Y ANTIGÃ?EDADES",MUEBLES,MUEBLES DEL TIPO UTILIZADO EN LA OFICINA,No Aplica,VIGENCIA ACTUAL,ENTIDADES TERRITORIALES - ADMINISTRACION CENTRAL,NO APLICA,0,NO DEFINIDO,3000000.0,0.0,2023,Segundo Trimestre,,,,,,,,,,,,,,,,,,,,,,
4036251,20230601,218552585,Pupiales,2.99,INVERSIÓN CONSOLIDADA,GASTOS,INVERSIÓN CONSOLIDADA,No Aplica,No Aplica,No Aplica,No Aplica,No Aplica,No Aplica,No Aplica,No Aplica,VIGENCIA ACTUAL,ENTIDADES TERRITORIALES - ADMINISTRACION CENTRAL,INCLUSION SOCIAL Y PRODUCTIVA PARA LA POBLACION EN SITUACION DE VULNERABILIDAD,0,NO DEFINIDO,0.0,32480000.0,2023,Segundo Trimestre,,,,,,,,,,,,,,,,,,,,,,
4038600,20210901,218552585,Pupiales,2.99,INVERSIÓN CONSOLIDADA,GASTOS,INVERSIÓN CONSOLIDADA,No Aplica,No Aplica,No Aplica,No Aplica,No Aplica,No Aplica,No Aplica,No Aplica,VIGENCIA ACTUAL,ENTIDADES TERRITORIALES - ADMINISTRACION CENTRAL,24.09 - TRANSPORTE - SEGURIDAD DE TRANSPORTE,0,NO DEFINIDO,35000000.0,81.0,2021,Tercer Trimestre,,,,,,,,,,,,,,,,,,,,,,
4041052,20210901,218552585,Pupiales,2.99,INVERSIÓN CONSOLIDADA,GASTOS,INVERSIÓN CONSOLIDADA,No Aplica,No Aplica,No Aplica,No Aplica,No Aplica,No Aplica,No Aplica,No Aplica,VIGENCIA ACTUAL,ENTIDADES TERRITORIALES - ADMINISTRACION CENTRAL,"19.03 - SALUD Y PROTECCION SOCIAL - INSPECCION, VIGILANCIA Y CONTROL",0,NO DEFINIDO,65997892.0,30610089.0,2021,Tercer Trimestre,,,,,,,,,,,,,,,,,,,,,,
4043315,20211201,218552585,Pupiales,2.99,INVERSIÓN CONSOLIDADA,GASTOS,INVERSIÓN CONSOLIDADA,No Aplica,No Aplica,No Aplica,No Aplica,No Aplica,No Aplica,No Aplica,No Aplica,VIGENCIA ACTUAL,ENTIDADES TERRITORIALES - ADMINISTRACION CENTRAL,FORMACION Y PREPARACION DE DEPORTISTAS,2021525850035,NO DEFINIDO,13000000.0,10267001.0,2021,Cuarto Trimestre,,,,,,,,,,,,,,,,,,,,,,
4047056,20210901,218552585,Pupiales,2.99,INVERSIÓN CONSOLIDADA,GASTOS,INVERSIÓN CONSOLIDADA,No Aplica,No Aplica,No Aplica,No Aplica,No Aplica,No Aplica,No Aplica,No Aplica,VIGENCIA ACTUAL,ENTIDADES TERRITORIALES - ADMINISTRACION CENTRAL,"40.03 - VIVIENDA, CIUDAD Y TERRITORIO - ACCESO DE LA POBLACION A LOS SERVICIOS DE AGUA POTABLE Y SANEAMIENTO BASICO",2021525850015,NO DEFINIDO,725037478.0,919147726.0,2021,Tercer Trimestre,,,,,,,,,,,,,,,,,,,,,,
4051964,20221201,218552585,Pupiales,2.99,INVERSIÓN CONSOLIDADA,GASTOS,INVERSIÓN CONSOLIDADA,No Aplica,No Aplica,No Aplica,No Aplica,No Aplica,No Aplica,No Aplica,No Aplica,VIGENCIA ACTUAL,ENTIDADES TERRITORIALES - ADMINISTRACION CENTRAL,SANIDAD AGROPECUARIA E INOCUIDAD AGROALIMENTARIA,0,NO DEFINIDO,12000000.0,0.0,2022,Cuarto Trimestre,,,,,,,,,,,,,,,,,,,,,,
4064161,20220301,218552585,Pupiales,2.99,INVERSIÓN CONSOLIDADA,GASTOS,INVERSIÓN CONSOLIDADA,No Aplica,No Aplica,No Aplica,No Aplica,No Aplica,No Aplica,No Aplica,No Aplica,VIGENCIA ACTUAL,ENTIDADES TERRITORIALES - ADMINISTRACION CENTRAL,INVESTIGACION CON CALIDAD E IMPACTO,0,NO DEFINIDO,10000000.0,10000000.0,2022,Primer Trimestre,,,,,,,,,,,,,,,,,,,,,,
4064445,20210601,218552585,Pupiales,2.99,INVERSIÓN CONSOLIDADA,GASTOS,INVERSIÓN CONSOLIDADA,No Aplica,No Aplica,No Aplica,No Aplica,No Aplica,No Aplica,No Aplica,No Aplica,VIGENCIA ACTUAL,ENTIDADES TERRITORIALES - ADMINISTRACION CENTRAL,41.03 - INCLUSION SOCIAL Y RECONCILIACION - INCLUSION SOCIAL Y PRODUCTIVA PARA LA POBLACION EN SITUACION DE VULNERABILIDAD,0,NO DEFINIDO,217000000.0,245974004.0,2021,Segundo Trimestre,,,,,,,,,,,,,,,,,,,,,,
4069825,20220901,218552585,Pupiales,2.1.2.01.01.004.01.01,MUEBLES,GASTOS,FUNCIONAMIENTO,ADQUISICION DE BIENES Y SERVICIOS,ADQUISICION DE ACTIVOS NO FINANCIEROS,ACTIVOS FIJOS,ACTIVOS FIJOS NO CLASIFICADOS COMO MAQUINARIA Y EQUIPO,"MUEBLES, INSTRUMENTOS MUSICALES, ARTICULOS DE DEPORTE Y ANTIGÃ?EDADES",MUEBLES,No Aplica,No Aplica,VIGENCIA ACTUAL,ENTIDADES TERRITORIALES - ADMINISTRACION CENTRAL,NO DEFINIDO,,NO DEFINIDO,5000000.0,5000000.0,2022,Tercer Trimestre,,,,,,,,,,,,,,,,,,,,,,
4072826,20210901,218552585,Pupiales,2.99,INVERSIÓN CONSOLIDADA,GASTOS,INVERSIÓN CONSOLIDADA,No Aplica,No Aplica,No Aplica,No Aplica,No Aplica,No Aplica,No Aplica,No Aplica,VIGENCIA ACTUAL,ENTIDADES TERRITORIALES - ADMINISTRACION CENTRAL,19.06 - SALUD Y PROTECCION SOCIAL - ASEGURAMIENTO Y PRESTACION INTEGRAL DE SERVICIOS DE SALUD,0,NO DEFINIDO,14339756551.0,15148613479.0,2021,Tercer Trimestre,,,,,,,,,,,,,,,,,,,,,,
4072953,20220601,218552585,Pupiales,2.99,INVERSIÓN CONSOLIDADA,GASTOS,INVERSIÓN CONSOLIDADA,No Aplica,No Aplica,No Aplica,No Aplica,No Aplica,No Aplica,No Aplica,No Aplica,VIGENCIA ACTUAL,ENTIDADES TERRITORIALES - ADMINISTRACION CENTRAL,FORTALECIMIENTO DEL DESEMPEÑO AMBIENTAL DE LOS SECTORES PRODUCTIVOS,0,NO DEFINIDO,30000000.0,33985000.0,2022,Segundo Trimestre,,,,,,,,,,,,,,,,,,,,,,
4074314,20221201,218552585,Pupiales,2.99,INVERSIÓN CONSOLIDADA,GASTOS,INVERSIÓN CONSOLIDADA,No Aplica,No Aplica,No Aplica,No Aplica,No Aplica,No Aplica,No Aplica,No Aplica,VIGENCIA ACTUAL,ENTIDADES TERRITORIALES - ADMINISTRACION CENTRAL,"GESTION, PROTECCION Y SALVAGUARDIA DEL PATRIMONIO CULTURAL COLOMBIANO",2.02E+12,NO DEFINIDO,60000000.0,124480784.0,2022,Cuarto Trimestre,,,,,,,,,,,,,,,,,,,,,,
4084589,20221201,218552585,Pupiales,2.99,INVERSIÓN CONSOLIDADA,GASTOS,INVERSIÓN CONSOLIDADA,No Aplica,No Aplica,No Aplica,No Aplica,No Aplica,No Aplica,No Aplica,No Aplica,VIGENCIA ACTUAL,ENTIDADES TERRITORIALES - ADMINISTRACION CENTRAL,JUSTICIA TRANSICIONAL,0,NO DEFINIDO,2000000.0,2000000.0,2022,Cuarto Trimestre,,,,,,,,,,,,,,,,,,,,,,
4085027,20220301,218552585,Pupiales,2.1.2.01.01.004.01,"MUEBLES, INSTRUMENTOS MUSICALES, ARTICULOS DE DEPORTE Y ANTIGÃ?EDADES",GASTOS,FUNCIONAMIENTO,ADQUISICION DE BIENES Y SERVICIOS,ADQUISICION DE ACTIVOS NO FINANCIEROS,ACTIVOS FIJOS,ACTIVOS FIJOS NO CLASIFICADOS COMO MAQUINARIA Y EQUIPO,"MUEBLES, INSTRUMENTOS MUSICALES, ARTICULOS DE DEPORTE Y ANTIGÃ?EDADES",No Aplica,No Aplica,No Aplica,VIGENCIA ACTUAL,ENTIDADES TERRITORIALES - ADMINISTRACION CENTRAL,NO DEFINIDO,,NO DEFINIDO,5000000.0,5000000.0,2022,Primer Trimestre,,,,,,,,,,,,,,,,,,,,,,
4087260,20210301,218552585,Pupiales,2.99,INVERSIÓN CONSOLIDADA,GASTOS,INVERSIÓN CONSOLIDADA,No Aplica,No Aplica,No Aplica,No Aplica,No Aplica,No Aplica,No Aplica,No Aplica,VIGENCIA ACTUAL,ENTIDADES TERRITORIALES - ADMINISTRACION CENTRAL,04.01 - INFORMACION ESTADISTICA - LEVANTAMIENTO Y ACTUALIZACION DE INFORMACION ESTADISTICA DE CALIDAD,0,NO DEFINIDO,30000000.0,30000000.0,2021,Primer Trimestre,,,,,,,,,,,,,,,,,,,,,,
4087434,20230301,218552585,Pupiales,2.99,INVERSIÓN CONSOLIDADA,GASTOS,INVERSIÓN CONSOLIDADA,No Aplica,No Aplica,No Aplica,No Aplica,No Aplica,No Aplica,No Aplica,No Aplica,CUENTAS POR PAGAR,ENTIDADES TERRITORIALES - ADMINISTRACION CENTRAL,FORTALECIMIENTO A LA GESTION Y DIRECCION DE LA ADMINISTRACION PUBLICA TERRITORIAL,1,NO DEFINIDO,6600000.0,6600000.0,2023,Primer Trimestre,,,,,,,,,,,,,,,,,,,,,,
4088053,20230601,218552585,Pupiales,2.99,INVERSIÓN CONSOLIDADA,GASTOS,INVERSIÓN CONSOLIDADA,No Aplica,No Aplica,No Aplica,No Aplica,No Aplica,No Aplica,No Aplica,No Aplica,VIGENCIA ACTUAL,ENTIDADES TERRITORIALES - ADMINISTRACION CENTRAL,ACCESO AL SERVICIO PUBLICO DOMICILIARIO DE GAS COMBUSTIBLE,0,NO DEFINIDO,20000000.0,20000000.0,2023,Segundo Trimestre,,,,,,,,,,,,,,,,,,,,,,
4093581,20211201,218552585,Pupiales,2.99,INVERSIÓN CONSOLIDADA,GASTOS,INVERSIÓN CONSOLIDADA,No Aplica,No Aplica,No Aplica,No Aplica,No Aplica,No Aplica,No Aplica,No Aplica,VIGENCIA ACTUAL,ENTIDADES TERRITORIALES - ADMINISTRACION CENTRAL,SANIDAD AGROPECUARIA E INOCUIDAD AGROALIMENTARIA,0,NO DEFINIDO,20000000.0,7750000.0,2021,Cuarto Trimestre,,,,,,,,,,,,,,,,,,,,,,
4097651,20210301,218552585,Pupiales,2.99,INVERSIÓN CONSOLIDADA,GASTOS,INVERSIÓN CONSOLIDADA,No Aplica,No Aplica,No Aplica,No Aplica,No Aplica,No Aplica,No Aplica,No Aplica,VIGENCIA ACTUAL,ENTIDADES TERRITORIALES - ADMINISTRACION CENTRAL,24.09 - TRANSPORTE - SEGURIDAD DE TRANSPORTE,0,NO DEFINIDO,35000000.0,35000000.0,2021,Primer Trimestre,,,,,,,,,,,,,,,,,,,,,,
4119244,20220901,218552585,Pupiales,2.99,INVERSIÓN CONSOLIDADA,GASTOS,INVERSIÓN CONSOLIDADA,No Aplica,No Aplica,No Aplica,No Aplica,No Aplica,No Aplica,No Aplica,No Aplica,VIGENCIA ACTUAL,ENTIDADES TERRITORIALES - ADMINISTRACION CENTRAL,ACCESO DE LA POBLACION A LOS SERVICIOS DE AGUA POTABLE Y SANEAMIENTO BASICO,0,NO DEFINIDO,904351633.0,951472570.0,2022,Tercer Trimestre,,,,,,,,,,,,,,,,,,,,,,
4119478,20230601,218552585,Pupiales,2.99,INVERSIÓN CONSOLIDADA,GASTOS,INVERSIÓN CONSOLIDADA,No Aplica,No Aplica,No Aplica,No Aplica,No Aplica,No Aplica,No Aplica,No Aplica,VIGENCIA ACTUAL,ENTIDADES TERRITORIALES - ADMINISTRACION CENTRAL,"DESARROLLO INTEGRAL DE LA PRIMERA INFANCIA A LA JUVENTUD, Y FORTALECIMIENTO DE LAS CAPACIDADES DE LAS FAMILIAS DE NIÑAS, NIÑOS Y ADOLESCENTES",0,NO DEFINIDO,19043813.0,32707451.0,2023,Segundo Trimestre,,,,,,,,,,,,,,,,,,,,,,
4121093,20230601,218552585,Pupiales,2.99,INVERSIÓN CONSOLIDADA,GASTOS,INVERSIÓN CONSOLIDADA,No Aplica,No Aplica,No Aplica,No Aplica,No Aplica,No Aplica,No Aplica,No Aplica,VIGENCIA ACTUAL,ENTIDADES TERRITORIALES - ADMINISTRACION CENTRAL,FACILITAR EL ACCESO Y USO DE LAS TECNOLOGIAS DE LA INFORMACION Y LAS COMUNICACIONES EN TODO EL TERRITORIO NACIONAL,0,NO DEFINIDO,30000000.0,30000000.0,2023,Segundo Trimestre,,,,,,,,,,,,,,,,,,,,,,
4127847,20220301,218552585,Pupiales,2.99,INVERSIÓN CONSOLIDADA,GASTOS,INVERSIÓN CONSOLIDADA,No Aplica,No Aplica,No Aplica,No Aplica,No Aplica,No Aplica,No Aplica,No Aplica,VIGENCIA ACTUAL,ENTIDADES TERRITORIALES - ADMINISTRACION CENTRAL,FORTALECIMIENTO DEL DESEMPEÑO AMBIENTAL DE LOS SECTORES PRODUCTIVOS,0,NO DEFINIDO,30000000.0,33985000.0,2022,Primer Trimestre,,,,,,,,,,,,,,,,,,,,,,
4132749,20220601,218552585,Pupiales,2.99,INVERSIÓN CONSOLIDADA,GASTOS,INVERSIÓN CONSOLIDADA,No Aplica,No Aplica,No Aplica,No Aplica,No Aplica,No Aplica,No Aplica,No Aplica,VIGENCIA ACTUAL,ENTIDADES TERRITORIALES - ADMINISTRACION CENTRAL,PROMOCION DE LOS METODOS DE RESOLUCION DE CONFLICTOS,0,NO DEFINIDO,16000000.0,16000000.0,2022,Segundo Trimestre,,,,,,,,,,,,,,,,,,,,,,
4134591,20230301,218552585,Pupiales,2.99,INVERSIÓN CONSOLIDADA,GASTOS,INVERSIÓN CONSOLIDADA,No Aplica,No Aplica,No Aplica,No Aplica,No Aplica,No Aplica,No Aplica,No Aplica,VIGENCIA ACTUAL,ENTIDADES TERRITORIALES - ADMINISTRACION CENTRAL,FORTALECIMIENTO DE LA CONVIVENCIA Y LA SEGURIDAD CIUDADANA,1,NO DEFINIDO,63000000.0,63000000.0,2023,Primer Trimestre,,,,,,,,,,,,,,,,,,,,,,
4137234,20210301,218552585,Pupiales,2.99,INVERSIÓN CONSOLIDADA,GASTOS,INVERSIÓN CONSOLIDADA,No Aplica,No Aplica,No Aplica,No Aplica,No Aplica,No Aplica,No Aplica,No Aplica,VIGENCIA ACTUAL,ENTIDADES TERRITORIALES - ADMINISTRACION CENTRAL,43.02 - DEPORTE Y RECREACION - FORMACION Y PREPARACION DE DEPORTISTAS,2021525850035,NO DEFINIDO,13000000.0,13000000.0,2021,Primer Trimestre,,,,,,,,,,,,,,,,,,,,,,
4144074,20230301,218552585,Pupiales,2.99,INVERSIÓN CONSOLIDADA,GASTOS,INVERSIÓN CONSOLIDADA,No Aplica,No Aplica,No Aplica,No Aplica,No Aplica,No Aplica,No Aplica,No Aplica,CUENTAS POR PAGAR,ENTIDADES TERRITORIALES - ADMINISTRACION CENTRAL,ACCESO A SOLUCIONES DE VIVIENDA,0,NO DEFINIDO,1190000.0,1190000.0,2023,Primer Trimestre,,,,,,,,,,,,,,,,,,,,,,
4153757,20220901,218552585,Pupiales,2.99,INVERSIÓN CONSOLIDADA,GASTOS,INVERSIÓN CONSOLIDADA,No Aplica,No Aplica,No Aplica,No Aplica,No Aplica,No Aplica,No Aplica,No Aplica,VIGENCIA ACTUAL,ENTIDADES TERRITORIALES - ADMINISTRACION CENTRAL,SANIDAD AGROPECUARIA E INOCUIDAD AGROALIMENTARIA,0,NO DEFINIDO,12000000.0,0.0,2022,Tercer Trimestre,,,,,,,,,,,,,,,,,,,,,,
4163746,20220301,218552585,Pupiales,2.99,INVERSIÓN CONSOLIDADA,GASTOS,INVERSIÓN CONSOLIDADA,No Aplica,No Aplica,No Aplica,No Aplica,No Aplica,No Aplica,No Aplica,No Aplica,VIGENCIA ACTUAL,ENTIDADES TERRITORIALES - ADMINISTRACION CENTRAL,"INSPECCION, VIGILANCIA Y CONTROL",0,NO DEFINIDO,60000000.0,60000000.0,2022,Primer Trimestre,,,,,,,,,,,,,,,,,,,,,,
4170124,20230601,218552585,Pupiales,2.99,INVERSIÓN CONSOLIDADA,GASTOS,INVERSIÓN CONSOLIDADA,No Aplica,No Aplica,No Aplica,No Aplica,No Aplica,No Aplica,No Aplica,No Aplica,CUENTAS POR PAGAR,ENTIDADES TERRITORIALES - ADMINISTRACION CENTRAL,"GESTION, PROTECCION Y SALVAGUARDIA DEL PATRIMONIO CULTURAL COLOMBIANO",001,NO DEFINIDO,19960000.0,19960000.0,2023,Segundo Trimestre,,,,,,,,,,,,,,,,,,,,,,
4172728,20210301,218552585,Pupiales,2.99,INVERSIÓN CONSOLIDADA,GASTOS,INVERSIÓN CONSOLIDADA,No Aplica,No Aplica,No Aplica,No Aplica,No Aplica,No Aplica,No Aplica,No Aplica,VIGENCIA ACTUAL,ENTIDADES TERRITORIALES - ADMINISTRACION CENTRAL,45.99 - GOBIERNO TERRITORIAL - FORTALECIMIENTO A LA GESTION Y DIRECCION DE LA ADMINISTRACION PUBLICA TERRITORIAL,2021525850003,NO DEFINIDO,530000000.0,724422707.0,2021,Primer Trimestre,,,,,,,,,,,,,,,,,,,,,,
4176944,20220301,218552585,Pupiales,2.99,INVERSIÓN CONSOLIDADA,GASTOS,INVERSIÓN CONSOLIDADA,No Aplica,No Aplica,No Aplica,No Aplica,No Aplica,No Aplica,No Aplica,No Aplica,VIGENCIA ACTUAL,ENTIDADES TERRITORIALES - ADMINISTRACION CENTRAL,ASEGURAMIENTO Y PRESTACION INTEGRAL DE SERVICIOS DE SALUD,0,NO DEFINIDO,15101223568.0,15101223568.0,2022,Primer Trimestre,,,,,,,,,,,,,,,,,,,,,,
4177727,20220301,218552585,Pupiales,2.99,INVERSIÓN CONSOLIDADA,GASTOS,INVERSIÓN CONSOLIDADA,No Aplica,No Aplica,No Aplica,No Aplica,No Aplica,No Aplica,No Aplica,No Aplica,VIGENCIA ACTUAL,ENTIDADES TERRITORIALES - ADMINISTRACION CENTRAL,"CIENCIA, TECNOLOGIA E INNOVACION AGROPECUARIA",0,NO DEFINIDO,10000000.0,0.0,2022,Primer Trimestre,,,,,,,,,,,,,,,,,,,,,,
4180078,20220301,218552585,Pupiales,2.99,INVERSIÓN CONSOLIDADA,GASTOS,INVERSIÓN CONSOLIDADA,No Aplica,No Aplica,No Aplica,No Aplica,No Aplica,No Aplica,No Aplica,No Aplica,VIGENCIA ACTUAL,ENTIDADES TERRITORIALES - ADMINISTRACION CENTRAL,FORTALECIMIENTO DEL BUEN GOBIERNO PARA EL RESPETO Y GARANTIA DE LOS DERECHOS HUMANOS,0,NO DEFINIDO,10000000.0,8000000.0,2022,Primer Trimestre,,,,,,,,,,,,,,,,,,,,,,
4184763,20230301,218552585,Pupiales,2.99,INVERSIÓN CONSOLIDADA,GASTOS,INVERSIÓN CONSOLIDADA,No Aplica,No Aplica,No Aplica,No Aplica,No Aplica,No Aplica,No Aplica,No Aplica,CUENTAS POR PAGAR,ENTIDADES TERRITORIALES - ADMINISTRACION CENTRAL,PROMOCION Y ACCESO EFECTIVO A PROCESOS CULTURALES Y ARTISTICOS,001,NO DEFINIDO,5006690.0,5006690.0,2023,Primer Trimestre,,,,,,,,,,,,,,,,,,,,,,
4185855,20230601,218552585,Pupiales,2.99,INVERSIÓN CONSOLIDADA,GASTOS,INVERSIÓN CONSOLIDADA,No Aplica,No Aplica,No Aplica,No Aplica,No Aplica,No Aplica,No Aplica,No Aplica,CUENTAS POR PAGAR,ENTIDADES TERRITORIALES - ADMINISTRACION CENTRAL,CONSERVACION DE LA BIODIVERSIDAD Y SUS SERVICIOS ECOSISTEMICOS,1,NO DEFINIDO,6238423.0,6238423.0,2023,Segundo Trimestre,,,,,,,,,,,,,,,,,,,,,,
4188915,20210901,218552585,Pupiales,2.99,INVERSIÓN CONSOLIDADA,GASTOS,INVERSIÓN CONSOLIDADA,No Aplica,No Aplica,No Aplica,No Aplica,No Aplica,No Aplica,No Aplica,No Aplica,VIGENCIA ACTUAL,ENTIDADES TERRITORIALES - ADMINISTRACION CENTRAL,45.03 - GOBIERNO TERRITORIAL - GESTION DEL RIESGO DE DESASTRES Y EMERGENCIAS,2021525850002,NO DEFINIDO,45000000.0,50281056.0,2021,Tercer Trimestre,,,,,,,,,,,,,,,,,,,,,,
4189542,20210301,218552585,Pupiales,2.99,INVERSIÓN CONSOLIDADA,GASTOS,INVERSIÓN CONSOLIDADA,No Aplica,No Aplica,No Aplica,No Aplica,No Aplica,No Aplica,No Aplica,No Aplica,VIGENCIA ACTUAL,ENTIDADES TERRITORIALES - ADMINISTRACION CENTRAL,"33.02 - CULTURA - GESTION, PROTECCION Y SALVAGUARDIA DEL PATRIMONIO CULTURAL COLOMBIANO",2021525850021,NO DEFINIDO,20000000.0,20000000.0,2021,Primer Trimestre,,,,,,,,,,,,,,,,,,,,,,
4198465,20230601,218552585,Pupiales,2.99,INVERSIÓN CONSOLIDADA,GASTOS,INVERSIÓN CONSOLIDADA,No Aplica,No Aplica,No Aplica,No Aplica,No Aplica,No Aplica,No Aplica,No Aplica,VIGENCIA ACTUAL,ENTIDADES TERRITORIALES - ADMINISTRACION CENTRAL,SISTEMA PENITENCIARIO Y CARCELARIO EN EL MARCO DE LOS DERECHOS HUMANOS,0,NO DEFINIDO,7000000.0,7000000.0,2023,Segundo Trimestre,,,,,,,,,,,,,,,,,,,,,,
4202430,20220901,218552585,Pupiales,2.1.2.01.01.004.01,"MUEBLES, INSTRUMENTOS MUSICALES, ARTICULOS DE DEPORTE Y ANTIGÃ?EDADES",GASTOS,FUNCIONAMIENTO,ADQUISICION DE BIENES Y SERVICIOS,ADQUISICION DE ACTIVOS NO FINANCIEROS,ACTIVOS FIJOS,ACTIVOS FIJOS NO CLASIFICADOS COMO MAQUINARIA Y EQUIPO,"MUEBLES, INSTRUMENTOS MUSICALES, ARTICULOS DE DEPORTE Y ANTIGÃ?EDADES",No Aplica,No Aplica,No Aplica,VIGENCIA ACTUAL,ENTIDADES TERRITORIALES - ADMINISTRACION CENTRAL,NO DEFINIDO,,NO DEFINIDO,5000000.0,5000000.0,2022,Tercer Trimestre,,,,,,,,,,,,,,,,,,,,,,
4211805,20210901,218552585,Pupiales,2.99,INVERSIÓN CONSOLIDADA,GASTOS,INVERSIÓN CONSOLIDADA,No Aplica,No Aplica,No Aplica,No Aplica,No Aplica,No Aplica,No Aplica,No Aplica,VIGENCIA ACTUAL,ENTIDADES TERRITORIALES - ADMINISTRACION CENTRAL,32.08 - AMBIENTE Y DESARROLLO SOSTENIBLE - EDUCACION AMBIENTAL,0,NO DEFINIDO,3980000.0,0.0,2021,Tercer Trimestre,,,,,,,,,,,,,,,,,,,,,,
4218825,20211201,218552585,Pupiales,2.1.2.01.01.004.01,"MUEBLES, INSTRUMENTOS MUSICALES, ARTICULOS DE DEPORTE Y ANTIGÃ?EDADES",GASTOS,FUNCIONAMIENTO,ADQUISICION DE BIENES Y SERVICIOS,ADQUISICION DE ACTIVOS NO FINANCIEROS,ACTIVOS FIJOS,ACTIVOS FIJOS NO CLASIFICADOS COMO MAQUINARIA Y EQUIPO,"MUEBLES, INSTRUMENTOS MUSICALES, ARTICULOS DE DEPORTE Y ANTIGÃ?EDADES",No Aplica,No Aplica,No Aplica,VIGENCIA ACTUAL,ENTIDADES TERRITORIALES - ADMINISTRACION CENTRAL,NO DEFINIDO,,NO DEFINIDO,14500000.0,0.0,2021,Cuarto Trimestre,,,,,,,,,,,,,,,,,,,,,,
4220616,20230301,218552585,Pupiales,2.99,INVERSIÓN CONSOLIDADA,GASTOS,INVERSIÓN CONSOLIDADA,No Aplica,No Aplica,No Aplica,No Aplica,No Aplica,No Aplica,No Aplica,No Aplica,CUENTAS POR PAGAR,ENTIDADES TERRITORIALES - ADMINISTRACION CENTRAL,"CALIDAD, COBERTURA Y FORTALECIMIENTO DE LA EDUCACION INICIAL, PRESCOLAR, BASICA Y MEDIA",1,NO DEFINIDO,5999992.0,5999992.0,2023,Primer Trimestre,,,,,,,,,,,,,,,,,,,,,,
4222388,20220301,218552585,Pupiales,2.99,INVERSIÓN CONSOLIDADA,GASTOS,INVERSIÓN CONSOLIDADA,No Aplica,No Aplica,No Aplica,No Aplica,No Aplica,No Aplica,No Aplica,No Aplica,VIGENCIA ACTUAL,ENTIDADES TERRITORIALES - ADMINISTRACION CENTRAL,SANIDAD AGROPECUARIA E INOCUIDAD AGROALIMENTARIA,0,NO DEFINIDO,12000000.0,0.0,2022,Primer Trimestre,,,,,,,,,,,,,,,,,,,,,,
4227095,20210601,218552585,Pupiales,2.99,INVERSIÓN CONSOLIDADA,GASTOS,INVERSIÓN CONSOLIDADA,No Aplica,No Aplica,No Aplica,No Aplica,No Aplica,No Aplica,No Aplica,No Aplica,VIGENCIA ACTUAL,ENTIDADES TERRITORIALES - ADMINISTRACION CENTRAL,"41.02 - INCLUSION SOCIAL Y RECONCILIACION - DESARROLLO INTEGRAL DE LA PRIMERA INFANCIA A LA JUVENTUD, Y FORTALECIMIENTO DE LAS CAPACIDADES DE LAS FAMILIAS DE NIÑAS, NIÑOS Y ADOLESCENTES",0,NO DEFINIDO,30000000.0,30000000.0,2021,Segundo Trimestre,,,,,,,,,,,,,,,,,,,,,,
4228823,20210901,218552585,Pupiales,2.99,INVERSIÓN CONSOLIDADA,GASTOS,INVERSIÓN CONSOLIDADA,No Aplica,No Aplica,No Aplica,No Aplica,No Aplica,No Aplica,No Aplica,No Aplica,VIGENCIA ACTUAL,ENTIDADES TERRITORIALES - ADMINISTRACION CENTRAL,12.04 - JUSTICIA Y DEL DERECHO - JUSTICIA TRANSICIONAL,0,NO DEFINIDO,7629714.0,714.0,2021,Tercer Trimestre,,,,,,,,,,,,,,,,,,,,,,
4233235,20211201,218552585,Pupiales,2.99,INVERSIÓN CONSOLIDADA,GASTOS,INVERSIÓN CONSOLIDADA,No Aplica,No Aplica,No Aplica,No Aplica,No Aplica,No Aplica,No Aplica,No Aplica,VIGENCIA ACTUAL,ENTIDADES TERRITORIALES - ADMINISTRACION CENTRAL,EDUCACION AMBIENTAL,0,NO DEFINIDO,3980000.0,0.0,2021,Cuarto Trimestre,,,,,,,,,,,,,,,,,,,,,,
4233416,20230301,218552585,Pupiales,2.99,INVERSIÓN CONSOLIDADA,GASTOS,INVERSIÓN CONSOLIDADA,No Aplica,No Aplica,No Aplica,No Aplica,No Aplica,No Aplica,No Aplica,No Aplica,VIGENCIA ACTUAL,ENTIDADES TERRITORIALES - ADMINISTRACION CENTRAL,INFRAESTRUCTURA RED VIAL REGIONAL,001,NO DEFINIDO,0.0,200000000.0,2023,Primer Trimestre,,,,,,,,,,,,,,,,,,,,,,
4233801,20210301,218552585,Pupiales,2.99,INVERSIÓN CONSOLIDADA,GASTOS,INVERSIÓN CONSOLIDADA,No Aplica,No Aplica,No Aplica,No Aplica,No Aplica,No Aplica,No Aplica,No Aplica,VIGENCIA ACTUAL,ENTIDADES TERRITORIALES - ADMINISTRACION CENTRAL,36.02 - TRABAJO - GENERACION Y FORMALIZACION DEL EMPLEO,0,NO DEFINIDO,20000000.0,20000000.0,2021,Primer Trimestre,,,,,,,,,,,,,,,,,,,,,,
4234120,20230601,218552585,Pupiales,2.99,INVERSIÓN CONSOLIDADA,GASTOS,INVERSIÓN CONSOLIDADA,No Aplica,No Aplica,No Aplica,No Aplica,No Aplica,No Aplica,No Aplica,No Aplica,VIGENCIA ACTUAL,ENTIDADES TERRITORIALES - ADMINISTRACION CENTRAL,ORDENAMIENTO TERRITORIAL Y DESARROLLO URBANO,0,NO DEFINIDO,10000000.0,10000000.0,2023,Segundo Trimestre,,,,,,,,,,,,,,,,,,,,,,
4237454,20220901,218552585,Pupiales,2.99,INVERSIÓN CONSOLIDADA,GASTOS,INVERSIÓN CONSOLIDADA,No Aplica,No Aplica,No Aplica,No Aplica,No Aplica,No Aplica,No Aplica,No Aplica,VIGENCIA ACTUAL,ENTIDADES TERRITORIALES - ADMINISTRACION CENTRAL,SISTEMA PENITENCIARIO Y CARCELARIO EN EL MARCO DE LOS DERECHOS HUMANOS,0,NO DEFINIDO,7000000.0,8000000.0,2022,Tercer Trimestre,,,,,,,,,,,,,,,,,,,,,,
4238995,20230601,218552585,Pupiales,2.99,INVERSIÓN CONSOLIDADA,GASTOS,INVERSIÓN CONSOLIDADA,No Aplica,No Aplica,No Aplica,No Aplica,No Aplica,No Aplica,No Aplica,No Aplica,CUENTAS POR PAGAR,ENTIDADES TERRITORIALES - ADMINISTRACION CENTRAL,LEVANTAMIENTO Y ACTUALIZACION DE INFORMACION ESTADISTICA DE CALIDAD,1,NO DEFINIDO,8500000.0,8500000.0,2023,Segundo Trimestre,,,,,,,,,,,,,,,,,,,,,,
4240135,20230601,218552585,Pupiales,2.99,INVERSIÓN CONSOLIDADA,GASTOS,INVERSIÓN CONSOLIDADA,No Aplica,No Aplica,No Aplica,No Aplica,No Aplica,No Aplica,No Aplica,No Aplica,VIGENCIA ACTUAL,ENTIDADES TERRITORIALES - ADMINISTRACION CENTRAL,ASEGURAMIENTO Y PRESTACION INTEGRAL DE SERVICIOS DE SALUD,0,NO DEFINIDO,14999195633.0,21551482431.0,2023,Segundo Trimestre,,,,,,,,,,,,,,,,,,,,,,
4244428,20210901,218552585,Pupiales,2.99,INVERSIÓN CONSOLIDADA,GASTOS,INVERSIÓN CONSOLIDADA,No Aplica,No Aplica,No Aplica,No Aplica,No Aplica,No Aplica,No Aplica,No Aplica,VIGENCIA ACTUAL,ENTIDADES TERRITORIALES - ADMINISTRACION CENTRAL,12.06 - JUSTICIA Y DEL DERECHO - SISTEMA PENITENCIARIO Y CARCELARIO EN EL MARCO DE LOS DERECHOS HUMANOS,0,NO DEFINIDO,7000000.0,7000000.0,2021,Tercer Trimestre,,,,,,,,,,,,,,,,,,,,,,
4249508,20210901,218552585,Pupiales,2.99,INVERSIÓN CONSOLIDADA,GASTOS,INVERSIÓN CONSOLIDADA,No Aplica,No Aplica,No Aplica,No Aplica,No Aplica,No Aplica,No Aplica,No Aplica,VIGENCIA ACTUAL,ENTIDADES TERRITORIALES - ADMINISTRACION CENTRAL,"41.02 - INCLUSION SOCIAL Y RECONCILIACION - DESARROLLO INTEGRAL DE LA PRIMERA INFANCIA A LA JUVENTUD, Y FORTALECIMIENTO DE LAS CAPACIDADES DE LAS FAMILIAS DE NIÑAS, NIÑOS Y ADOLESCENTES",0,NO DEFINIDO,30000000.0,20000000.0,2021,Tercer Trimestre,,,,,,,,,,,,,,,,,,,,,,
4251625,20221201,218552585,Pupiales,2.99,INVERSIÓN CONSOLIDADA,GASTOS,INVERSIÓN CONSOLIDADA,No Aplica,No Aplica,No Aplica,No Aplica,No Aplica,No Aplica,No Aplica,No Aplica,VIGENCIA ACTUAL,ENTIDADES TERRITORIALES - ADMINISTRACION CENTRAL,GENERACION DE LA INFORMACION GEOGRAFICA DEL TERRITORIO NACIONAL,0,NO DEFINIDO,10000000.0,10000000.0,2022,Cuarto Trimestre,,,,,,,,,,,,,,,,,,,,,,
4253084,20220901,218552585,Pupiales,2.99,INVERSIÓN CONSOLIDADA,GASTOS,INVERSIÓN CONSOLIDADA,No Aplica,No Aplica,No Aplica,No Aplica,No Aplica,No Aplica,No Aplica,No Aplica,VIGENCIA ACTUAL,ENTIDADES TERRITORIALES - ADMINISTRACION CENTRAL,FORTALECIMIENTO DE LA CONVIVENCIA Y LA SEGURIDAD CIUDADANA,0,NO DEFINIDO,125000000.0,331519488.0,2022,Tercer Trimestre,,,,,,,,,,,,,,,,,,,,,,
4258898,20220901,218552585,Pupiales,2.99,INVERSIÓN CONSOLIDADA,GASTOS,INVERSIÓN CONSOLIDADA,No Aplica,No Aplica,No Aplica,No Aplica,No Aplica,No Aplica,No Aplica,No Aplica,VIGENCIA ACTUAL,ENTIDADES TERRITORIALES - ADMINISTRACION CENTRAL,"DESARROLLO INTEGRAL DE LA PRIMERA INFANCIA A LA JUVENTUD, Y FORTALECIMIENTO DE LAS CAPACIDADES DE LAS FAMILIAS DE NIÑAS, NIÑOS Y ADOLESCENTES",0,NO DEFINIDO,30000000.0,13293621.0,2022,Tercer Trimestre,,,,,,,,,,,,,,,,,,,,,,
4261151,20210601,218552585,Pupiales,2.99,INVERSIÓN CONSOLIDADA,GASTOS,INVERSIÓN CONSOLIDADA,No Aplica,No Aplica,No Aplica,No Aplica,No Aplica,No Aplica,No Aplica,No Aplica,VIGENCIA ACTUAL,ENTIDADES TERRITORIALES - ADMINISTRACION CENTRAL,19.06 - SALUD Y PROTECCION SOCIAL - ASEGURAMIENTO Y PRESTACION INTEGRAL DE SERVICIOS DE SALUD,0,NO DEFINIDO,14339756551.0,15003932851.0,2021,Segundo Trimestre,,,,,,,,,,,,,,,,,,,,,,
4269647,20230301,218552585,Pupiales,2.99,INVERSIÓN CONSOLIDADA,GASTOS,INVERSIÓN CONSOLIDADA,No Aplica,No Aplica,No Aplica,No Aplica,No Aplica,No Aplica,No Aplica,No Aplica,VIGENCIA ACTUAL,ENTIDADES TERRITORIALES - ADMINISTRACION CENTRAL,INCLUSION PRODUCTIVA DE PEQUEÑOS PRODUCTORES RURALES,1,NO DEFINIDO,60000000.0,55287657.0,2023,Primer Trimestre,,,,,,,,,,,,,,,,,,,,,,
4270067,20230601,218552585,Pupiales,2.99,INVERSIÓN CONSOLIDADA,GASTOS,INVERSIÓN CONSOLIDADA,No Aplica,No Aplica,No Aplica,No Aplica,No Aplica,No Aplica,No Aplica,No Aplica,VIGENCIA ACTUAL,ENTIDADES TERRITORIALES - ADMINISTRACION CENTRAL,CONSOLIDACION PRODUCTIVA DEL SECTOR DE ENERGIA ELECTRICA,0,NO DEFINIDO,351000000.0,351000000.0,2023,Segundo Trimestre,,,,,,,,,,,,,,,,,,,,,,
4275475,20230601,218552585,Pupiales,2.99,INVERSIÓN CONSOLIDADA,GASTOS,INVERSIÓN CONSOLIDADA,No Aplica,No Aplica,No Aplica,No Aplica,No Aplica,No Aplica,No Aplica,No Aplica,VIGENCIA ACTUAL,ENTIDADES TERRITORIALES - ADMINISTRACION CENTRAL,APROVECHAMIENTO DE MERCADOS EXTERNOS,0,NO DEFINIDO,15000000.0,32480000.0,2023,Segundo Trimestre,,,,,,,,,,,,,,,,,,,,,,
4285512,20210301,218552585,Pupiales,2.99,INVERSIÓN CONSOLIDADA,GASTOS,INVERSIÓN CONSOLIDADA,No Aplica,No Aplica,No Aplica,No Aplica,No Aplica,No Aplica,No Aplica,No Aplica,VIGENCIA ACTUAL,ENTIDADES TERRITORIALES - ADMINISTRACION CENTRAL,33.01 - CULTURA - PROMOCION Y ACCESO EFECTIVO A PROCESOS CULTURALES Y ARTISTICOS,0,NO DEFINIDO,149437994.0,158366262.0,2021,Primer Trimestre,,,,,,,,,,,,,,,,,,,,,,
4291124,20230301,218552585,Pupiales,2.99,INVERSIÓN CONSOLIDADA,GASTOS,INVERSIÓN CONSOLIDADA,No Aplica,No Aplica,No Aplica,No Aplica,No Aplica,No Aplica,No Aplica,No Aplica,CUENTAS POR PAGAR,ENTIDADES TERRITORIALES - ADMINISTRACION CENTRAL,"FOMENTO A LA RECREACION, LA ACTIVIDAD FISICA Y EL DEPORTE",1,NO DEFINIDO,14070000.0,14070000.0,2023,Primer Trimestre,,,,,,,,,,,,,,,,,,,,,,
4304148,20220601,218552585,Pupiales,2.99,INVERSIÓN CONSOLIDADA,GASTOS,INVERSIÓN CONSOLIDADA,No Aplica,No Aplica,No Aplica,No Aplica,No Aplica,No Aplica,No Aplica,No Aplica,VIGENCIA ACTUAL,ENTIDADES TERRITORIALES - ADMINISTRACION CENTRAL,SEGURIDAD DE TRANSPORTE,0,NO DEFINIDO,5000000.0,0.0,2022,Segundo Trimestre,,,,,,,,,,,,,,,,,,,,,,
4316735,20220301,218552585,Pupiales,2.99,INVERSIÓN CONSOLIDADA,GASTOS,INVERSIÓN CONSOLIDADA,No Aplica,No Aplica,No Aplica,No Aplica,No Aplica,No Aplica,No Aplica,No Aplica,VIGENCIA ACTUAL,ENTIDADES TERRITORIALES - ADMINISTRACION CENTRAL,FORTALECIMIENTO A LA GESTION Y DIRECCION DE LA ADMINISTRACION PUBLICA TERRITORIAL,0,NO DEFINIDO,1696853000.0,1675553000.0,2022,Primer Trimestre,,,,,,,,,,,,,,,,,,,,,,
4317768,20221201,218552585,Pupiales,2.99,INVERSIÓN CONSOLIDADA,GASTOS,INVERSIÓN CONSOLIDADA,No Aplica,No Aplica,No Aplica,No Aplica,No Aplica,No Aplica,No Aplica,No Aplica,VIGENCIA ACTUAL,ENTIDADES TERRITORIALES - ADMINISTRACION CENTRAL,GESTION INTEGRAL DEL RECURSO HIDRICO,0,NO DEFINIDO,10000000.0,10000000.0,2022,Cuarto Trimestre,,,,,,,,,,,,,,,,,,,,,,
4322133,20230601,218552585,Pupiales,2.99,INVERSIÓN CONSOLIDADA,GASTOS,INVERSIÓN CONSOLIDADA,No Aplica,No Aplica,No Aplica,No Aplica,No Aplica,No Aplica,No Aplica,No Aplica,VIGENCIA ACTUAL,ENTIDADES TERRITORIALES - ADMINISTRACION CENTRAL,PROTECCION SOCIAL,0,NO DEFINIDO,312402147.0,0.0,2023,Segundo Trimestre,,,,,,,,,,,,,,,,,,,,,,
4324843,20210601,218552585,Pupiales,2.99,INVERSIÓN CONSOLIDADA,GASTOS,INVERSIÓN CONSOLIDADA,No Aplica,No Aplica,No Aplica,No Aplica,No Aplica,No Aplica,No Aplica,No Aplica,VIGENCIA ACTUAL,ENTIDADES TERRITORIALES - ADMINISTRACION CENTRAL,23.01 - TECNOLOGIAS DE LA INFORMACION Y LAS COMUNICACIONES - FACILITAR EL ACCESO Y USO DE LAS TECNOLOGIAS DE LA INFORMACION Y LAS COMUNICACIONES (TIC) EN TODO EL TERRITORIO NACIONAL,2021525850009,NO DEFINIDO,30000000.0,21000000.0,2021,Segundo Trimestre,,,,,,,,,,,,,,,,,,,,,,
4325883,20210901,218552585,Pupiales,2.99,INVERSIÓN CONSOLIDADA,GASTOS,INVERSIÓN CONSOLIDADA,No Aplica,No Aplica,No Aplica,No Aplica,No Aplica,No Aplica,No Aplica,No Aplica,VIGENCIA ACTUAL,ENTIDADES TERRITORIALES - ADMINISTRACION CENTRAL,21.01 - MINAS Y ENERGIA - ACCESO AL SERVICIO PUBLICO DOMICILIARIO DE GAS COMBUSTIBLE,0,NO DEFINIDO,25000000.0,0.0,2021,Tercer Trimestre,,,,,,,,,,,,,,,,,,,,,,
4334405,20210601,218552585,Pupiales,2.99,INVERSIÓN CONSOLIDADA,GASTOS,INVERSIÓN CONSOLIDADA,No Aplica,No Aplica,No Aplica,No Aplica,No Aplica,No Aplica,No Aplica,No Aplica,VIGENCIA ACTUAL,ENTIDADES TERRITORIALES - ADMINISTRACION CENTRAL,"40.02 - VIVIENDA, CIUDAD Y TERRITORIO - ORDENAMIENTO TERRITORIAL Y DESARROLLO URBANO",0,NO DEFINIDO,21200000.0,21200000.0,2021,Segundo Trimestre,,,,,,,,,,,,,,,,,,,,,,
4337005,20220601,218552585,Pupiales,2.99,INVERSIÓN CONSOLIDADA,GASTOS,INVERSIÓN CONSOLIDADA,No Aplica,No Aplica,No Aplica,No Aplica,No Aplica,No Aplica,No Aplica,No Aplica,VIGENCIA ACTUAL,ENTIDADES TERRITORIALES - ADMINISTRACION CENTRAL,INFRAESTRUCTURA RED VIAL PRIMARIA,0,NO DEFINIDO,0.0,27997877.0,2022,Segundo Trimestre,,,,,,,,,,,,,,,,,,,,,,
4338253,20210301,218552585,Pupiales,2.99,INVERSIÓN CONSOLIDADA,GASTOS,INVERSIÓN CONSOLIDADA,No Aplica,No Aplica,No Aplica,No Aplica,No Aplica,No Aplica,No Aplica,No Aplica,VIGENCIA ACTUAL,ENTIDADES TERRITORIALES - ADMINISTRACION CENTRAL,32.08 - AMBIENTE Y DESARROLLO SOSTENIBLE - EDUCACION AMBIENTAL,0,NO DEFINIDO,3980000.0,3980000.0,2021,Primer Trimestre,,,,,,,,,,,,,,,,,,,,,,
4346186,20210601,218552585,Pupiales,2.99,INVERSIÓN CONSOLIDADA,GASTOS,INVERSIÓN CONSOLIDADA,No Aplica,No Aplica,No Aplica,No Aplica,No Aplica,No Aplica,No Aplica,No Aplica,VIGENCIA ACTUAL,ENTIDADES TERRITORIALES - ADMINISTRACION CENTRAL,41.04 - INCLUSION SOCIAL Y RECONCILIACION - ATENCION INTEGRAL DE POBLACION EN SITUACION PERMANENTE DE DESPROTECCION SOCIAL O FAMILIAR,0,NO DEFINIDO,150000000.0,345489076.0,2021,Segundo Trimestre,,,,,,,,,,,,,,,,,,,,,,
4346565,20211201,218552585,Pupiales,2.99,INVERSIÓN CONSOLIDADA,GASTOS,INVERSIÓN CONSOLIDADA,No Aplica,No Aplica,No Aplica,No Aplica,No Aplica,No Aplica,No Aplica,No Aplica,VIGENCIA ACTUAL,ENTIDADES TERRITORIALES - ADMINISTRACION CENTRAL,ASEGURAMIENTO Y PRESTACION INTEGRAL DE SERVICIOS DE SALUD,0,NO DEFINIDO,14339756551.0,16792068298.0,2021,Cuarto Trimestre,,,,,,,,,,,,,,,,,,,,,,
4347829,20230601,218552585,Pupiales,2.99,INVERSIÓN CONSOLIDADA,GASTOS,INVERSIÓN CONSOLIDADA,No Aplica,No Aplica,No Aplica,No Aplica,No Aplica,No Aplica,No Aplica,No Aplica,VIGENCIA ACTUAL,ENTIDADES TERRITORIALES - ADMINISTRACION CENTRAL,INCLUSION PRODUCTIVA DE PEQUEÑOS PRODUCTORES RURALES,0,NO DEFINIDO,125000000.0,113606000.0,2023,Segundo Trimestre,,,,,,,,,,,,,,,,,,,,,,
4356093,20210601,218552585,Pupiales,2.99,INVERSIÓN CONSOLIDADA,GASTOS,INVERSIÓN CONSOLIDADA,No Aplica,No Aplica,No Aplica,No Aplica,No Aplica,No Aplica,No Aplica,No Aplica,VIGENCIA ACTUAL,ENTIDADES TERRITORIALES - ADMINISTRACION CENTRAL,32.08 - AMBIENTE Y DESARROLLO SOSTENIBLE - EDUCACION AMBIENTAL,0,NO DEFINIDO,3980000.0,0.0,2021,Segundo Trimestre,,,,,,,,,,,,,,,,,,,,,,
4360524,20220601,218552585,Pupiales,2.99,INVERSIÓN CONSOLIDADA,GASTOS,INVERSIÓN CONSOLIDADA,No Aplica,No Aplica,No Aplica,No Aplica,No Aplica,No Aplica,No Aplica,No Aplica,VIGENCIA ACTUAL,ENTIDADES TERRITORIALES - ADMINISTRACION CENTRAL,"ATENCION, ASISTENCIA  Y REPARACION INTEGRAL A LAS VICTIMAS",0,NO DEFINIDO,50000000.0,36000000.0,2022,Segundo Trimestre,,,,,,,,,,,,,,,,,,,,,,
4362911,20211201,218552585,Pupiales,2.99,INVERSIÓN CONSOLIDADA,GASTOS,INVERSIÓN CONSOLIDADA,No Aplica,No Aplica,No Aplica,No Aplica,No Aplica,No Aplica,No Aplica,No Aplica,VIGENCIA ACTUAL,ENTIDADES TERRITORIALES - ADMINISTRACION CENTRAL,"CIENCIA, TECNOLOGIA E INNOVACION AGROPECUARIA",0,NO DEFINIDO,20000000.0,6650000.0,2021,Cuarto Trimestre,,,,,,,,,,,,,,,,,,,,,,
4373673,20221201,218552585,Pupiales,2.99,INVERSIÓN CONSOLIDADA,GASTOS,INVERSIÓN CONSOLIDADA,No Aplica,No Aplica,No Aplica,No Aplica,No Aplica,No Aplica,No Aplica,No Aplica,VIGENCIA ACTUAL,ENTIDADES TERRITORIALES - ADMINISTRACION CENTRAL,FACILITAR EL ACCESO Y USO DE LAS TECNOLOGIAS DE LA INFORMACION Y LAS COMUNICACIONES EN TODO EL TERRITORIO NACIONAL,2.02E+12,NO DEFINIDO,10000000.0,10000000.0,2022,Cuarto Trimestre,,,,,,,,,,,,,,,,,,,,,,
4386157,20230901,218552585,Pupiales,2.99,INVERSIÓN CONSOLIDADA,GASTOS,INVERSIÓN CONSOLIDADA,No Aplica,No Aplica,No Aplica,No Aplica,No Aplica,No Aplica,No Aplica,No Aplica,VIGENCIA ACTUAL,ENTIDADES TERRITORIALES - ADMINISTRACION CENTRAL,JUSTICIA TRANSICIONAL,0,NO DEFINIDO,1000000.0,1000000.0,2023,Tercer Trimestre,,,,,,,,,,,,,,,,,,,,,,
4386465,20230901,218552585,Pupiales,2.1,FUNCIONAMIENTO,GASTOS,FUNCIONAMIENTO,No Aplica,No Aplica,No Aplica,No Aplica,No Aplica,No Aplica,No Aplica,No Aplica,CUENTAS POR PAGAR,ENTIDADES TERRITORIALES - ADMINISTRACION CENTRAL,NO DEFINIDO,,NO DEFINIDO,13627199.0,13627199.0,2023,Tercer Trimestre,,,,,,,,,,,,,,,,,,,,,,
4394800,20230901,218552585,Pupiales,2.1.2.01.01.003.03,"MAQUINARIA DE OFICINA, CONTABILIDAD E INFORMATICA",GASTOS,FUNCIONAMIENTO,ADQUISICION DE BIENES Y SERVICIOS,ADQUISICION DE ACTIVOS NO FINANCIEROS,ACTIVOS FIJOS,MAQUINARIA Y EQUIPO,"MAQUINARIA DE OFICINA, CONTABILIDAD E INFORMATICA",No Aplica,No Aplica,No Aplica,VIGENCIA ACTUAL,ENTIDADES TERRITORIALES - ADMINISTRACION CENTRAL,NO DEFINIDO,,NO DEFINIDO,3000000.0,23000000.0,2023,Tercer Trimestre,,,,,,,,,,,,,,,,,,,,,,
4399438,20230901,218552585,Pupiales,2.1.1.01.01.001.01,SUELDO BASICO,GASTOS,FUNCIONAMIENTO,GASTOS DE PERSONAL,PLANTA DE PERSONAL PERMANENTE,FACTORES CONSTITUTIVOS DE SALARIO,FACTORES SALARIALES COMUNES,SUELDO BASICO,No Aplica,No Aplica,No Aplica,VIGENCIA ACTUAL,ENTIDADES TERRITORIALES - PERSONERIA,NO APLICA,0,NO DEFINIDO,165000000.0,165000000.0,2023,Tercer Trimestre,,,,,,,,,,,,,,,,,,,,,,
4399979,20230901,218552585,Pupiales,2.99,INVERSIÓN CONSOLIDADA,GASTOS,INVERSIÓN CONSOLIDADA,No Aplica,No Aplica,No Aplica,No Aplica,No Aplica,No Aplica,No Aplica,No Aplica,RESERVAS,ENTIDADES TERRITORIALES - ADMINISTRACION CENTRAL,ACCESO DE LA POBLACION A LOS SERVICIOS DE AGUA POTABLE Y SANEAMIENTO BASICO,001,NO DEFINIDO,44405771.0,44405771.0,2023,Tercer Trimestre,,,,,,,,,,,,,,,,,,,,,,
4403395,20230901,218552585,Pupiales,2.1.1,GASTOS DE PERSONAL,GASTOS,FUNCIONAMIENTO,GASTOS DE PERSONAL,No Aplica,No Aplica,No Aplica,No Aplica,No Aplica,No Aplica,No Aplica,VIGENCIA ACTUAL,ENTIDADES TERRITORIALES - ADMINISTRACION CENTRAL,NO DEFINIDO,,NO DEFINIDO,1053489000.0,1130216000.0,2023,Tercer Trimestre,,,,,,,,,,,,,,,,,,,,,,
4403706,20230901,218552585,Pupiales,2.1.1.01.02.005,APORTES GENERALES AL SISTEMA DE RIESGOS LABORALES,GASTOS,FUNCIONAMIENTO,GASTOS DE PERSONAL,PLANTA DE PERSONAL PERMANENTE,CONTRIBUCIONES INHERENTES A LA NOMINA,APORTES GENERALES AL SISTEMA DE RIESGOS LABORALES,No Aplica,No Aplica,No Aplica,No Aplica,VIGENCIA ACTUAL,ENTIDADES TERRITORIALES - CONCEJO,NO APLICA,0,NO DEFINIDO,411000.0,411000.0,2023,Tercer Trimestre,,,,,,,,,,,,,,,,,,,,,,
4404150,20230901,218552585,Pupiales,2.1.1.01.01.001.06,PRIMA DE SERVICIO,GASTOS,FUNCIONAMIENTO,GASTOS DE PERSONAL,PLANTA DE PERSONAL PERMANENTE,FACTORES CONSTITUTIVOS DE SALARIO,FACTORES SALARIALES COMUNES,PRIMA DE SERVICIO,No Aplica,No Aplica,No Aplica,VIGENCIA ACTUAL,ENTIDADES TERRITORIALES - ADMINISTRACION CENTRAL,NO APLICA,0,NO DEFINIDO,26000000.0,26000000.0,2023,Tercer Trimestre,,,,,,,,,,,,,,,,,,,,,,
4406789,20230901,218552585,Pupiales,2.99,INVERSIÓN CONSOLIDADA,GASTOS,INVERSIÓN CONSOLIDADA,No Aplica,No Aplica,No Aplica,No Aplica,No Aplica,No Aplica,No Aplica,No Aplica,CUENTAS POR PAGAR,ENTIDADES TERRITORIALES - ADMINISTRACION CENTRAL,PROMOCION AL ACCESO A LA JUSTICIA,1,NO DEFINIDO,2200000.0,2200000.0,2023,Tercer Trimestre,,,,,,,,,,,,,,,,,,,,,,
4410870,20230901,218552585,Pupiales,2.99,INVERSIÓN CONSOLIDADA,GASTOS,INVERSIÓN CONSOLIDADA,No Aplica,No Aplica,No Aplica,No Aplica,No Aplica,No Aplica,No Aplica,No Aplica,VIGENCIA ACTUAL,ENTIDADES TERRITORIALES - ADMINISTRACION CENTRAL,ATENCION INTEGRAL DE POBLACION EN SITUACION PERMANENTE DE DESPROTECCION SOCIAL Y/O FAMILIAR,0,NO DEFINIDO,220000000.0,417797798.0,2023,Tercer Trimestre,,,,,,,,,,,,,,,,,,,,,,
4413490,20230901,218552585,Pupiales,2.1.1.01.02,CONTRIBUCIONES INHERENTES A LA NOMINA,GASTOS,FUNCIONAMIENTO,GASTOS DE PERSONAL,PLANTA DE PERSONAL PERMANENTE,CONTRIBUCIONES INHERENTES A LA NOMINA,No Aplica,No Aplica,No Aplica,No Aplica,No Aplica,VIGENCIA ACTUAL,ENTIDADES TERRITORIALES - CONCEJO,NO DEFINIDO,,NO DEFINIDO,2911000.0,2911000.0,2023,Tercer Trimestre,,,,,,,,,,,,,,,,,,,,,,
4416642,20230901,218552585,Pupiales,2.99,INVERSIÓN CONSOLIDADA,GASTOS,INVERSIÓN CONSOLIDADA,No Aplica,No Aplica,No Aplica,No Aplica,No Aplica,No Aplica,No Aplica,No Aplica,VIGENCIA ACTUAL,ENTIDADES TERRITORIALES - ADMINISTRACION CENTRAL,SISTEMA PENITENCIARIO Y CARCELARIO EN EL MARCO DE LOS DERECHOS HUMANOS,0,NO DEFINIDO,7000000.0,7000000.0,2023,Tercer Trimestre,,,,,,,,,,,,,,,,,,,,,,
4416664,20230901,218552585,Pupiales,2.99,INVERSIÓN CONSOLIDADA,GASTOS,INVERSIÓN CONSOLIDADA,No Aplica,No Aplica,No Aplica,No Aplica,No Aplica,No Aplica,No Aplica,No Aplica,CUENTAS POR PAGAR,ENTIDADES TERRITORIALES - ADMINISTRACION CENTRAL,ACCESO DE LA POBLACION A LOS SERVICIOS DE AGUA POTABLE Y SANEAMIENTO BASICO,1,NO DEFINIDO,17192780.0,17192780.0,2023,Tercer Trimestre,,,,,,,,,,,,,,,,,,,,,,
4416806,20230901,218552585,Pupiales,2.1.1.01.03.001.02,INDEMNIZACION POR VACACIONES,GASTOS,FUNCIONAMIENTO,GASTOS DE PERSONAL,PLANTA DE PERSONAL PERMANENTE,REMUNERACIONES NO CONSTITUTIVAS DE FACTOR SALARIAL,PRESTACIONES SOCIALES,INDEMNIZACION POR VACACIONES,No Aplica,No Aplica,No Aplica,VIGENCIA ACTUAL,ENTIDADES TERRITORIALES - ADMINISTRACION CENTRAL,NO APLICA,0,NO DEFINIDO,5000000.0,11651548.0,2023,Tercer Trimestre,,,,,,,,,,,,,,,,,,,,,,
4429393,20230901,218552585,Pupiales,2.1.2.02.02.009,"SERVICIOS PARA LA COMUNIDAD, SOCIALES Y PERSONALES",GASTOS,FUNCIONAMIENTO,ADQUISICION DE BIENES Y SERVICIOS,ADQUISICIONES DIFERENTES DE ACTIVOS,ADQUISICION DE SERVICIOS,"SERVICIOS PARA LA COMUNIDAD, SOCIALES Y PERSONALES",No Aplica,No Aplica,No Aplica,No Aplica,CUENTAS POR PAGAR,ENTIDADES TERRITORIALES - ADMINISTRACION CENTRAL,NO APLICA,0,NO DEFINIDO,2200000.0,2200000.0,2023,Tercer Trimestre,,,,,,,,,,,,,,,,,,,,,,
4431326,20230901,218552585,Pupiales,2.1.1.01,PLANTA DE PERSONAL PERMANENTE,GASTOS,FUNCIONAMIENTO,GASTOS DE PERSONAL,PLANTA DE PERSONAL PERMANENTE,No Aplica,No Aplica,No Aplica,No Aplica,No Aplica,No Aplica,CUENTAS POR PAGAR,ENTIDADES TERRITORIALES - ADMINISTRACION CENTRAL,NO DEFINIDO,,NO DEFINIDO,11427199.0,11427199.0,2023,Tercer Trimestre,,,,,,,,,,,,,,,,,,,,,,
4435854,20230901,218552585,Pupiales,2.1.3.13,SENTENCIAS Y CONCILIACIONES,GASTOS,FUNCIONAMIENTO,TRANSFERENCIAS CORRIENTES,SENTENCIAS Y CONCILIACIONES,No Aplica,No Aplica,No Aplica,No Aplica,No Aplica,No Aplica,VIGENCIA ACTUAL,ENTIDADES TERRITORIALES - ADMINISTRACION CENTRAL,NO DEFINIDO,,NO DEFINIDO,0.0,10546000.0,2023,Tercer Trimestre,,,,,,,,,,,,,,,,,,,,,,
4442946,20230901,218552585,Pupiales,2.1.2.02,ADQUISICIONES DIFERENTES DE ACTIVOS,GASTOS,FUNCIONAMIENTO,ADQUISICION DE BIENES Y SERVICIOS,ADQUISICIONES DIFERENTES DE ACTIVOS,No Aplica,No Aplica,No Aplica,No Aplica,No Aplica,No Aplica,VIGENCIA ACTUAL,ENTIDADES TERRITORIALES - ADMINISTRACION CENTRAL,NO DEFINIDO,,NO DEFINIDO,559000000.0,347698916.0,2023,Tercer Trimestre,,,,,,,,,,,,,,,,,,,,,,
4447703,20230901,218552585,Pupiales,2,GASTOS,GASTOS,No Aplica,No Aplica,No Aplica,No Aplica,No Aplica,No Aplica,No Aplica,No Aplica,No Aplica,CUENTAS POR PAGAR,ENTIDADES TERRITORIALES - ADMINISTRACION CENTRAL,NO DEFINIDO,,NO DEFINIDO,138784188.0,138784188.0,2023,Tercer Trimestre,,,,,,,,,,,,,,,,,,,,,,
4449333,20230901,218552585,Pupiales,2.1.1.01.03.001.01,VACACIONES,GASTOS,FUNCIONAMIENTO,GASTOS DE PERSONAL,PLANTA DE PERSONAL PERMANENTE,REMUNERACIONES NO CONSTITUTIVAS DE FACTOR SALARIAL,PRESTACIONES SOCIALES,VACACIONES,No Aplica,No Aplica,No Aplica,VIGENCIA ACTUAL,ENTIDADES TERRITORIALES - ADMINISTRACION CENTRAL,NO APLICA,0,NO DEFINIDO,17000000.0,24623970.0,2023,Tercer Trimestre,,,,,,,,,,,,,,,,,,,,,,
4453747,20230901,218552585,Pupiales,2.1.2.02.02.006,"COMERCIO Y DISTRIBUCION; ALOJAMIENTO; SERVICIOS DE SUMINISTRO DE COMIDAS Y BEBIDAS; SERVICIOS DE TRANSPORTE; Y SERVICIOS DE DISTRIBUCION DE ELECTRICIDAD, GAS Y AGUA",GASTOS,FUNCIONAMIENTO,ADQUISICION DE BIENES Y SERVICIOS,ADQUISICIONES DIFERENTES DE ACTIVOS,ADQUISICION DE SERVICIOS,"COMERCIO Y DISTRIBUCION; ALOJAMIENTO; SERVICIOS DE SUMINISTRO DE COMIDAS Y BEBIDAS; SERVICIOS DE TRANSPORTE; Y SERVICIOS DE DISTRIBUCION DE ELECTRICIDAD, GAS Y AGUA",No Aplica,No Aplica,No Aplica,No Aplica,VIGENCIA ACTUAL,ENTIDADES TERRITORIALES - ADMINISTRACION CENTRAL,NO APLICA,0,NO DEFINIDO,50000000.0,33290797.0,2023,Tercer Trimestre,,,,,,,,,,,,,,,,,,,,,,
4457086,20230901,218552585,Pupiales,2.1.2.02.02,ADQUISICION DE SERVICIOS,GASTOS,FUNCIONAMIENTO,ADQUISICION DE BIENES Y SERVICIOS,ADQUISICIONES DIFERENTES DE ACTIVOS,ADQUISICION DE SERVICIOS,No Aplica,No Aplica,No Aplica,No Aplica,No Aplica,CUENTAS POR PAGAR,ENTIDADES TERRITORIALES - ADMINISTRACION CENTRAL,NO DEFINIDO,,NO DEFINIDO,2200000.0,2200000.0,2023,Tercer Trimestre,,,,,,,,,,,,,,,,,,,,,,
4459329,20230901,218552585,Pupiales,2.2.2.02.02,PRESTAMOS,GASTOS,SERVICIO DE LA DEUDA PUBLICA,SERVICIO DE LA DEUDA PUBLICA INTERNA,INTERESES,PRESTAMOS,No Aplica,No Aplica,No Aplica,No Aplica,No Aplica,VIGENCIA ACTUAL,ENTIDADES TERRITORIALES - ADMINISTRACION CENTRAL,NO DEFINIDO,,NO DEFINIDO,133541462.0,207008462.0,2023,Tercer Trimestre,,,,,,,,,,,,,,,,,,,,,,
4460982,20230901,218552585,Pupiales,2.2.2.02,INTERESES,GASTOS,SERVICIO DE LA DEUDA PUBLICA,SERVICIO DE LA DEUDA PUBLICA INTERNA,INTERESES,No Aplica,No Aplica,No Aplica,No Aplica,No Aplica,No Aplica,VIGENCIA ACTUAL,ENTIDADES TERRITORIALES - ADMINISTRACION CENTRAL,NO DEFINIDO,,NO DEFINIDO,133541462.0,207008462.0,2023,Tercer Trimestre,,,,,,,,,,,,,,,,,,,,,,
4467671,20230901,218552585,Pupiales,2.1.1.01.01,FACTORES CONSTITUTIVOS DE SALARIO,GASTOS,FUNCIONAMIENTO,GASTOS DE PERSONAL,PLANTA DE PERSONAL PERMANENTE,FACTORES CONSTITUTIVOS DE SALARIO,No Aplica,No Aplica,No Aplica,No Aplica,No Aplica,VIGENCIA ACTUAL,ENTIDADES TERRITORIALES - PERSONERIA,NO DEFINIDO,,NO DEFINIDO,165000000.0,165000000.0,2023,Tercer Trimestre,,,,,,,,,,,,,,,,,,,,,,
4468201,20230901,218552585,Pupiales,2.1.1.01.01.001.10,VIATICOS DE LOS FUNCIONARIOS EN COMISION,GASTOS,FUNCIONAMIENTO,GASTOS DE PERSONAL,PLANTA DE PERSONAL PERMANENTE,FACTORES CONSTITUTIVOS DE SALARIO,FACTORES SALARIALES COMUNES,VIATICOS DE LOS FUNCIONARIOS EN COMISION,No Aplica,No Aplica,No Aplica,VIGENCIA ACTUAL,ENTIDADES TERRITORIALES - ADMINISTRACION CENTRAL,NO APLICA,0,NO DEFINIDO,12000000.0,12000000.0,2023,Tercer Trimestre,,,,,,,,,,,,,,,,,,,,,,
4470954,20230901,218552585,Pupiales,2.2.2.02.02.002.02,BANCA COMERCIAL,GASTOS,SERVICIO DE LA DEUDA PUBLICA,SERVICIO DE LA DEUDA PUBLICA INTERNA,INTERESES,PRESTAMOS,ENTIDADES FINANCIERAS,BANCA COMERCIAL,No Aplica,No Aplica,No Aplica,VIGENCIA ACTUAL,ENTIDADES TERRITORIALES - ADMINISTRACION CENTRAL,NO DEFINIDO,,NO DEFINIDO,133541462.0,207008462.0,2023,Tercer Trimestre,,,,,,,,,,,,,,,,,,,,,,
4473271,20230901,218552585,Pupiales,2.99,INVERSIÓN CONSOLIDADA,GASTOS,INVERSIÓN CONSOLIDADA,No Aplica,No Aplica,No Aplica,No Aplica,No Aplica,No Aplica,No Aplica,No Aplica,CUENTAS POR PAGAR,ENTIDADES TERRITORIALES - ADMINISTRACION CENTRAL,INFRAESTRUCTURA RED VIAL REGIONAL,001,NO DEFINIDO,12000000.0,12000000.0,2023,Tercer Trimestre,,,,,,,,,,,,,,,,,,,,,,
4476022,20230901,218552585,Pupiales,2.99,INVERSIÓN CONSOLIDADA,GASTOS,INVERSIÓN CONSOLIDADA,No Aplica,No Aplica,No Aplica,No Aplica,No Aplica,No Aplica,No Aplica,No Aplica,RESERVAS,ENTIDADES TERRITORIALES - ADMINISTRACION CENTRAL,ACCESO DE LA POBLACION A LOS SERVICIOS DE AGUA POTABLE Y SANEAMIENTO BASICO,1,NO DEFINIDO,62000000.0,62000000.0,2023,Tercer Trimestre,,,,,,,,,,,,,,,,,,,,,,
4477443,20230901,218552585,Pupiales,2.99,INVERSIÓN CONSOLIDADA,GASTOS,INVERSIÓN CONSOLIDADA,No Aplica,No Aplica,No Aplica,No Aplica,No Aplica,No Aplica,No Aplica,No Aplica,VIGENCIA ACTUAL,ENTIDADES TERRITORIALES - ADMINISTRACION CENTRAL,ORDENAMIENTO AMBIENTAL TERRITORIAL,0,NO DEFINIDO,0.0,20001000.0,2023,Tercer Trimestre,,,,,,,,,,,,,,,,,,,,,,
4482141,20230901,218552585,Pupiales,2.1.1.01,PLANTA DE PERSONAL PERMANENTE,GASTOS,FUNCIONAMIENTO,GASTOS DE PERSONAL,PLANTA DE PERSONAL PERMANENTE,No Aplica,No Aplica,No Aplica,No Aplica,No Aplica,No Aplica,VIGENCIA ACTUAL,ENTIDADES TERRITORIALES - ADMINISTRACION CENTRAL,NO DEFINIDO,,NO DEFINIDO,1053489000.0,1130216000.0,2023,Tercer Trimestre,,,,,,,,,,,,,,,,,,,,,,
4487349,20230901,218552585,Pupiales,2.1.2.01.01.004,ACTIVOS FIJOS NO CLASIFICADOS COMO MAQUINARIA Y EQUIPO,GASTOS,FUNCIONAMIENTO,ADQUISICION DE BIENES Y SERVICIOS,ADQUISICION DE ACTIVOS NO FINANCIEROS,ACTIVOS FIJOS,ACTIVOS FIJOS NO CLASIFICADOS COMO MAQUINARIA Y EQUIPO,No Aplica,No Aplica,No Aplica,No Aplica,VIGENCIA ACTUAL,ENTIDADES TERRITORIALES - ADMINISTRACION CENTRAL,NO DEFINIDO,,NO DEFINIDO,3000000.0,0.0,2023,Tercer Trimestre,,,,,,,,,,,,,,,,,,,,,,
4488379,20230901,218552585,Pupiales,2.1.1.01.02.004,APORTES A CAJAS DE COMPENSACION FAMILIAR,GASTOS,FUNCIONAMIENTO,GASTOS DE PERSONAL,PLANTA DE PERSONAL PERMANENTE,CONTRIBUCIONES INHERENTES A LA NOMINA,APORTES A CAJAS DE COMPENSACION FAMILIAR,No Aplica,No Aplica,No Aplica,No Aplica,VIGENCIA ACTUAL,ENTIDADES TERRITORIALES - ADMINISTRACION CENTRAL,NO APLICA,0,NO DEFINIDO,24000000.0,24000000.0,2023,Tercer Trimestre,,,,,,,,,,,,,,,,,,,,,,
4491402,20230901,218552585,Pupiales,2.2.2.02.02.002,ENTIDADES FINANCIERAS,GASTOS,SERVICIO DE LA DEUDA PUBLICA,SERVICIO DE LA DEUDA PUBLICA INTERNA,INTERESES,PRESTAMOS,ENTIDADES FINANCIERAS,No Aplica,No Aplica,No Aplica,No Aplica,VIGENCIA ACTUAL,ENTIDADES TERRITORIALES - ADMINISTRACION CENTRAL,NO DEFINIDO,,NO DEFINIDO,133541462.0,207008462.0,2023,Tercer Trimestre,,,,,,,,,,,,,,,,,,,,,,
4491806,20230901,218552585,Pupiales,2.99,INVERSIÓN CONSOLIDADA,GASTOS,INVERSIÓN CONSOLIDADA,No Aplica,No Aplica,No Aplica,No Aplica,No Aplica,No Aplica,No Aplica,No Aplica,VIGENCIA ACTUAL,ENTIDADES TERRITORIALES - ADMINISTRACION CENTRAL,CONSERVACION DE LA BIODIVERSIDAD Y SUS SERVICIOS ECOSISTEMICOS,0,NO DEFINIDO,86001000.0,90575276.0,2023,Tercer Trimestre,,,,,,,,,,,,,,,,,,,,,,
4495330,20230901,218552585,Pupiales,2.99,INVERSIÓN CONSOLIDADA,GASTOS,INVERSIÓN CONSOLIDADA,No Aplica,No Aplica,No Aplica,No Aplica,No Aplica,No Aplica,No Aplica,No Aplica,VIGENCIA ACTUAL,ENTIDADES TERRITORIALES - ADMINISTRACION CENTRAL,"FOMENTO A LA RECREACION, LA ACTIVIDAD FISICA Y EL DEPORTE",0,NO DEFINIDO,107640053.0,109258243.0,2023,Tercer Trimestre,,,,,,,,,,,,,,,,,,,,,,
4495730,20230901,218552585,Pupiales,2.1.2,ADQUISICION DE BIENES Y SERVICIOS,GASTOS,FUNCIONAMIENTO,ADQUISICION DE BIENES Y SERVICIOS,No Aplica,No Aplica,No Aplica,No Aplica,No Aplica,No Aplica,No Aplica,CUENTAS POR PAGAR,ENTIDADES TERRITORIALES - ADMINISTRACION CENTRAL,NO DEFINIDO,,NO DEFINIDO,2200000.0,2200000.0,2023,Tercer Trimestre,,,,,,,,,,,,,,,,,,,,,,
4495923,20230901,218552585,Pupiales,2.1.1,GASTOS DE PERSONAL,GASTOS,FUNCIONAMIENTO,GASTOS DE PERSONAL,No Aplica,No Aplica,No Aplica,No Aplica,No Aplica,No Aplica,No Aplica,VIGENCIA ACTUAL,ENTIDADES TERRITORIALES - CONCEJO,NO DEFINIDO,,NO DEFINIDO,206511000.0,206511000.0,2023,Tercer Trimestre,,,,,,,,,,,,,,,,,,,,,,
4497877,20230901,218552585,Pupiales,2.1.2.02.02.007,SERVICIOS FINANCIEROS Y SERVICIOS CONEXOS; SERVICIOS INMOBILIARIOS; Y SERVICIOS DE ARRENDAMIENTO Y LEASING,GASTOS,FUNCIONAMIENTO,ADQUISICION DE BIENES Y SERVICIOS,ADQUISICIONES DIFERENTES DE ACTIVOS,ADQUISICION DE SERVICIOS,SERVICIOS FINANCIEROS Y SERVICIOS CONEXOS; SERVICIOS INMOBILIARIOS; Y SERVICIOS DE ARRENDAMIENTO Y LEASING,No Aplica,No Aplica,No Aplica,No Aplica,VIGENCIA ACTUAL,ENTIDADES TERRITORIALES - ADMINISTRACION CENTRAL,NO APLICA,0,NO DEFINIDO,25000000.0,27334099.0,2023,Tercer Trimestre,,,,,,,,,,,,,,,,,,,,,,
4499394,20230901,218552585,Pupiales,2.99,INVERSIÓN CONSOLIDADA,GASTOS,INVERSIÓN CONSOLIDADA,No Aplica,No Aplica,No Aplica,No Aplica,No Aplica,No Aplica,No Aplica,No Aplica,CUENTAS POR PAGAR,ENTIDADES TERRITORIALES - ADMINISTRACION CENTRAL,ATENCION INTEGRAL DE POBLACION EN SITUACION PERMANENTE DE DESPROTECCION SOCIAL Y/O FAMILIAR,001,NO DEFINIDO,4500000.0,4500000.0,2023,Tercer Trimestre,,,,,,,,,,,,,,,,,,,,,,
4499944,20230901,218552585,Pupiales,2.99,INVERSIÓN CONSOLIDADA,GASTOS,INVERSIÓN CONSOLIDADA,No Aplica,No Aplica,No Aplica,No Aplica,No Aplica,No Aplica,No Aplica,No Aplica,RESERVAS,ENTIDADES TERRITORIALES - ADMINISTRACION CENTRAL,INFRAESTRUCTURA RED VIAL REGIONAL,0,NO DEFINIDO,12180000.0,12180000.0,2023,Tercer Trimestre,,,,,,,,,,,,,,,,,,,,,,
4500472,20230901,218552585,Pupiales,2,GASTOS,GASTOS,No Aplica,No Aplica,No Aplica,No Aplica,No Aplica,No Aplica,No Aplica,No Aplica,No Aplica,VIGENCIA ACTUAL,ENTIDADES TERRITORIALES - PERSONERIA,NO DEFINIDO,,NO DEFINIDO,165000000.0,165000000.0,2023,Tercer Trimestre,,,,,,,,,,,,,,,,,,,,,,
4502389,20230901,218552585,Pupiales,2.1.1.01.01,FACTORES CONSTITUTIVOS DE SALARIO,GASTOS,FUNCIONAMIENTO,GASTOS DE PERSONAL,PLANTA DE PERSONAL PERMANENTE,FACTORES CONSTITUTIVOS DE SALARIO,No Aplica,No Aplica,No Aplica,No Aplica,No Aplica,VIGENCIA ACTUAL,ENTIDADES TERRITORIALES - ADMINISTRACION CENTRAL,NO DEFINIDO,,NO DEFINIDO,771050000.0,771501482.0,2023,Tercer Trimestre,,,,,,,,,,,,,,,,,,,,,,
4503270,20230901,218552585,Pupiales,2.1.2.02,ADQUISICIONES DIFERENTES DE ACTIVOS,GASTOS,FUNCIONAMIENTO,ADQUISICION DE BIENES Y SERVICIOS,ADQUISICIONES DIFERENTES DE ACTIVOS,No Aplica,No Aplica,No Aplica,No Aplica,No Aplica,No Aplica,VIGENCIA ACTUAL,ENTIDADES TERRITORIALES - CONCEJO,NO DEFINIDO,,NO DEFINIDO,10000000.0,10000000.0,2023,Tercer Trimestre,,,,,,,,,,,,,,,,,,,,,,
4504138,20230901,218552585,Pupiales,2.2.2.01.02,PRESTAMOS,GASTOS,SERVICIO DE LA DEUDA PUBLICA,SERVICIO DE LA DEUDA PUBLICA INTERNA,PRINCIPAL,PRESTAMOS,No Aplica,No Aplica,No Aplica,No Aplica,No Aplica,VIGENCIA ACTUAL,ENTIDADES TERRITORIALES - ADMINISTRACION CENTRAL,NO DEFINIDO,,NO DEFINIDO,379197251.0,379197251.0,2023,Tercer Trimestre,,,,,,,,,,,,,,,,,,,,,,
4507394,20230901,218552585,Pupiales,2.1.1.01.02.009,APORTES A ESCUELAS INDUSTRIALES E INSTITUTOS TECNICOS,GASTOS,FUNCIONAMIENTO,GASTOS DE PERSONAL,PLANTA DE PERSONAL PERMANENTE,CONTRIBUCIONES INHERENTES A LA NOMINA,APORTES A ESCUELAS INDUSTRIALES E INSTITUTOS TECNICOS,No Aplica,No Aplica,No Aplica,No Aplica,VIGENCIA ACTUAL,ENTIDADES TERRITORIALES - ADMINISTRACION CENTRAL,NO APLICA,0,NO DEFINIDO,6000000.0,6000000.0,2023,Tercer Trimestre,,,,,,,,,,,,,,,,,,,,,,
4514921,20230901,218552585,Pupiales,2.2.2.01.02.002.02,BANCA COMERCIAL,GASTOS,SERVICIO DE LA DEUDA PUBLICA,SERVICIO DE LA DEUDA PUBLICA INTERNA,PRINCIPAL,PRESTAMOS,ENTIDADES FINANCIERAS,BANCA COMERCIAL,No Aplica,No Aplica,No Aplica,VIGENCIA ACTUAL,ENTIDADES TERRITORIALES - ADMINISTRACION CENTRAL,NO DEFINIDO,,NO DEFINIDO,379197251.0,379197251.0,2023,Tercer Trimestre,,,,,,,,,,,,,,,,,,,,,,
4522441,20230901,218552585,Pupiales,2.99,INVERSIÓN CONSOLIDADA,GASTOS,INVERSIÓN CONSOLIDADA,No Aplica,No Aplica,No Aplica,No Aplica,No Aplica,No Aplica,No Aplica,No Aplica,VIGENCIA ACTUAL,ENTIDADES TERRITORIALES - ADMINISTRACION CENTRAL,ACCESO A SOLUCIONES DE VIVIENDA,0,NO DEFINIDO,20000000.0,0.0,2023,Tercer Trimestre,,,,,,,,,,,,,,,,,,,,,,
4523615,20230901,218552585,Pupiales,2.1.1.01.02.002,APORTES A LA SEGURIDAD SOCIAL EN SALUD,GASTOS,FUNCIONAMIENTO,GASTOS DE PERSONAL,PLANTA DE PERSONAL PERMANENTE,CONTRIBUCIONES INHERENTES A LA NOMINA,APORTES A LA SEGURIDAD SOCIAL EN SALUD,No Aplica,No Aplica,No Aplica,No Aplica,VIGENCIA ACTUAL,ENTIDADES TERRITORIALES - ADMINISTRACION CENTRAL,NO APLICA,0,NO DEFINIDO,58000000.0,58000000.0,2023,Tercer Trimestre,,,,,,,,,,,,,,,,,,,,,,
4523730,20230901,218552585,Pupiales,2.1.2.01.01.004.01,"MUEBLES, INSTRUMENTOS MUSICALES, ARTICULOS DE DEPORTE Y ANTIGÃ?EDADES",GASTOS,FUNCIONAMIENTO,ADQUISICION DE BIENES Y SERVICIOS,ADQUISICION DE ACTIVOS NO FINANCIEROS,ACTIVOS FIJOS,ACTIVOS FIJOS NO CLASIFICADOS COMO MAQUINARIA Y EQUIPO,"MUEBLES, INSTRUMENTOS MUSICALES, ARTICULOS DE DEPORTE Y ANTIGÃ?EDADES",No Aplica,No Aplica,No Aplica,VIGENCIA ACTUAL,ENTIDADES TERRITORIALES - ADMINISTRACION CENTRAL,NO DEFINIDO,,NO DEFINIDO,3000000.0,0.0,2023,Tercer Trimestre,,,,,,,,,,,,,,,,,,,,,,
4529371,20230901,218552585,Pupiales,2.99,INVERSIÓN CONSOLIDADA,GASTOS,INVERSIÓN CONSOLIDADA,No Aplica,No Aplica,No Aplica,No Aplica,No Aplica,No Aplica,No Aplica,No Aplica,CUENTAS POR PAGAR,ENTIDADES TERRITORIALES - ADMINISTRACION CENTRAL,FORTALECIMIENTO DE LA CONVIVENCIA Y LA SEGURIDAD CIUDADANA,1,NO DEFINIDO,14375488.0,14375488.0,2023,Tercer Trimestre,,,,,,,,,,,,,,,,,,,,,,
4533638,20230901,218552585,Pupiales,2.99,INVERSIÓN CONSOLIDADA,GASTOS,INVERSIÓN CONSOLIDADA,No Aplica,No Aplica,No Aplica,No Aplica,No Aplica,No Aplica,No Aplica,No Aplica,VIGENCIA ACTUAL,ENTIDADES TERRITORIALES - ADMINISTRACION CENTRAL,ORDENAMIENTO TERRITORIAL Y DESARROLLO URBANO,0,NO DEFINIDO,10000000.0,11800000.0,2023,Tercer Trimestre,,,,,,,,,,,,,,,,,,,,,,
4535933,20230901,218552585,Pupiales,2.1.1.01.02.004,APORTES A CAJAS DE COMPENSACION FAMILIAR,GASTOS,FUNCIONAMIENTO,GASTOS DE PERSONAL,PLANTA DE PERSONAL PERMANENTE,CONTRIBUCIONES INHERENTES A LA NOMINA,APORTES A CAJAS DE COMPENSACION FAMILIAR,No Aplica,No Aplica,No Aplica,No Aplica,VIGENCIA ACTUAL,ENTIDADES TERRITORIALES - CONCEJO,NO APLICA,0,NO DEFINIDO,2500000.0,2500000.0,2023,Tercer Trimestre,,,,,,,,,,,,,,,,,,,,,,
4538238,20230901,218552585,Pupiales,2.1.1.01.01.001,FACTORES SALARIALES COMUNES,GASTOS,FUNCIONAMIENTO,GASTOS DE PERSONAL,PLANTA DE PERSONAL PERMANENTE,FACTORES CONSTITUTIVOS DE SALARIO,FACTORES SALARIALES COMUNES,No Aplica,No Aplica,No Aplica,No Aplica,VIGENCIA ACTUAL,ENTIDADES TERRITORIALES - ADMINISTRACION CENTRAL,NO DEFINIDO,,NO DEFINIDO,771050000.0,771501482.0,2023,Tercer Trimestre,,,,,,,,,,,,,,,,,,,,,,
4538472,20230901,218552585,Pupiales,2.2.2.01.02.002,ENTIDADES FINANCIERAS,GASTOS,SERVICIO DE LA DEUDA PUBLICA,SERVICIO DE LA DEUDA PUBLICA INTERNA,PRINCIPAL,PRESTAMOS,ENTIDADES FINANCIERAS,No Aplica,No Aplica,No Aplica,No Aplica,VIGENCIA ACTUAL,ENTIDADES TERRITORIALES - ADMINISTRACION CENTRAL,NO DEFINIDO,,NO DEFINIDO,379197251.0,379197251.0,2023,Tercer Trimestre,,,,,,,,,,,,,,,,,,,,,,
4543937,20230901,218552585,Pupiales,2.99,INVERSIÓN CONSOLIDADA,GASTOS,INVERSIÓN CONSOLIDADA,No Aplica,No Aplica,No Aplica,No Aplica,No Aplica,No Aplica,No Aplica,No Aplica,VIGENCIA ACTUAL,ENTIDADES TERRITORIALES - ADMINISTRACION CENTRAL,FORTALECIMIENTO DE LA CONVIVENCIA Y LA SEGURIDAD CIUDADANA,0,NO DEFINIDO,120102000.0,601334736.0,2023,Tercer Trimestre,,,,,,,,,,,,,,,,,,,,,,
4545848,20230901,218552585,Pupiales,2.1.1.01.01.001.01,SUELDO BASICO,GASTOS,FUNCIONAMIENTO,GASTOS DE PERSONAL,PLANTA DE PERSONAL PERMANENTE,FACTORES CONSTITUTIVOS DE SALARIO,FACTORES SALARIALES COMUNES,SUELDO BASICO,No Aplica,No Aplica,No Aplica,VIGENCIA ACTUAL,ENTIDADES TERRITORIALES - ADMINISTRACION CENTRAL,NO APLICA,0,NO DEFINIDO,601000000.0,595727000.0,2023,Tercer Trimestre,,,,,,,,,,,,,,,,,,,,,,
4547912,20230901,218552585,Pupiales,2.1.2.02.02.009,"SERVICIOS PARA LA COMUNIDAD, SOCIALES Y PERSONALES",GASTOS,FUNCIONAMIENTO,ADQUISICION DE BIENES Y SERVICIOS,ADQUISICIONES DIFERENTES DE ACTIVOS,ADQUISICION DE SERVICIOS,"SERVICIOS PARA LA COMUNIDAD, SOCIALES Y PERSONALES",No Aplica,No Aplica,No Aplica,No Aplica,VIGENCIA ACTUAL,ENTIDADES TERRITORIALES - ADMINISTRACION CENTRAL,NO APLICA,0,NO DEFINIDO,457000000.0,237777960.0,2023,Tercer Trimestre,,,,,,,,,,,,,,,,,,,,,,
4548673,20230901,218552585,Pupiales,2.1.3,TRANSFERENCIAS CORRIENTES,GASTOS,FUNCIONAMIENTO,TRANSFERENCIAS CORRIENTES,No Aplica,No Aplica,No Aplica,No Aplica,No Aplica,No Aplica,No Aplica,VIGENCIA ACTUAL,ENTIDADES TERRITORIALES - ADMINISTRACION CENTRAL,NO DEFINIDO,,NO DEFINIDO,0.0,207574084.0,2023,Tercer Trimestre,,,,,,,,,,,,,,,,,,,,,,
4551148,20230901,218552585,Pupiales,2.99,INVERSIÓN CONSOLIDADA,GASTOS,INVERSIÓN CONSOLIDADA,No Aplica,No Aplica,No Aplica,No Aplica,No Aplica,No Aplica,No Aplica,No Aplica,CUENTAS POR PAGAR,ENTIDADES TERRITORIALES - ADMINISTRACION CENTRAL,CONSERVACION DE LA BIODIVERSIDAD Y SUS SERVICIOS ECOSISTEMICOS,1,NO DEFINIDO,6238423.0,6238423.0,2023,Tercer Trimestre,,,,,,,,,,,,,,,,,,,,,,
4557942,20230901,218552585,Pupiales,2.99,INVERSIÓN CONSOLIDADA,GASTOS,INVERSIÓN CONSOLIDADA,No Aplica,No Aplica,No Aplica,No Aplica,No Aplica,No Aplica,No Aplica,No Aplica,VIGENCIA ACTUAL,ENTIDADES TERRITORIALES - ADMINISTRACION CENTRAL,FORTALECIMIENTO A LA GESTION Y DIRECCION DE LA ADMINISTRACION PUBLICA TERRITORIAL,0,NO DEFINIDO,459900000.0,917955213.0,2023,Tercer Trimestre,,,,,,,,,,,,,,,,,,,,,,
4559055,20230901,218552585,Pupiales,2.2.2.02.02.002.02.03,BANCA COMERCIAL,GASTOS,SERVICIO DE LA DEUDA PUBLICA,SERVICIO DE LA DEUDA PUBLICA INTERNA,INTERESES,PRESTAMOS,ENTIDADES FINANCIERAS,BANCA COMERCIAL,BANCA COMERCIAL,No Aplica,No Aplica,VIGENCIA ACTUAL,ENTIDADES TERRITORIALES - ADMINISTRACION CENTRAL,NO APLICA,0,NO DEFINIDO,133541462.0,207008462.0,2023,Tercer Trimestre,,,,,,,,,,,,,,,,,,,,,,
4564050,20230901,218552585,Pupiales,2.1.3.13.01,FALLOS NACIONALES,GASTOS,FUNCIONAMIENTO,TRANSFERENCIAS CORRIENTES,SENTENCIAS Y CONCILIACIONES,FALLOS NACIONALES,No Aplica,No Aplica,No Aplica,No Aplica,No Aplica,VIGENCIA ACTUAL,ENTIDADES TERRITORIALES - ADMINISTRACION CENTRAL,NO DEFINIDO,,NO DEFINIDO,0.0,10546000.0,2023,Tercer Trimestre,,,,,,,,,,,,,,,,,,,,,,
4567007,20230901,218552585,Pupiales,2.1.1.01.02.003,APORTES DE CESANTIAS,GASTOS,FUNCIONAMIENTO,GASTOS DE PERSONAL,PLANTA DE PERSONAL PERMANENTE,CONTRIBUCIONES INHERENTES A LA NOMINA,APORTES DE CESANTIAS,No Aplica,No Aplica,No Aplica,No Aplica,CUENTAS POR PAGAR,ENTIDADES TERRITORIALES - ADMINISTRACION CENTRAL,NO APLICA,0,NO DEFINIDO,11427199.0,11427199.0,2023,Tercer Trimestre,,,,,,,,,,,,,,,,,,,,,,
4569448,20230901,218552585,Pupiales,2.1.2.02,ADQUISICIONES DIFERENTES DE ACTIVOS,GASTOS,FUNCIONAMIENTO,ADQUISICION DE BIENES Y SERVICIOS,ADQUISICIONES DIFERENTES DE ACTIVOS,No Aplica,No Aplica,No Aplica,No Aplica,No Aplica,No Aplica,CUENTAS POR PAGAR,ENTIDADES TERRITORIALES - ADMINISTRACION CENTRAL,NO DEFINIDO,,NO DEFINIDO,2200000.0,2200000.0,2023,Tercer Trimestre,,,,,,,,,,,,,,,,,,,,,,
4571569,20230901,218552585,Pupiales,2.99,INVERSIÓN CONSOLIDADA,GASTOS,INVERSIÓN CONSOLIDADA,No Aplica,No Aplica,No Aplica,No Aplica,No Aplica,No Aplica,No Aplica,No Aplica,VIGENCIA ACTUAL,ENTIDADES TERRITORIALES - ADMINISTRACION CENTRAL,PROMOCION AL ACCESO A LA JUSTICIA,0,NO DEFINIDO,300000000.0,286300000.0,2023,Tercer Trimestre,,,,,,,,,,,,,,,,,,,,,,
4572197,20230901,218552585,Pupiales,2.99,INVERSIÓN CONSOLIDADA,GASTOS,INVERSIÓN CONSOLIDADA,No Aplica,No Aplica,No Aplica,No Aplica,No Aplica,No Aplica,No Aplica,No Aplica,VIGENCIA ACTUAL,ENTIDADES TERRITORIALES - ADMINISTRACION CENTRAL,APROVECHAMIENTO DE MERCADOS EXTERNOS,0,NO DEFINIDO,15000000.0,32480000.0,2023,Tercer Trimestre,,,,,,,,,,,,,,,,,,,,,,
4573979,20230901,218552585,Pupiales,2.99,INVERSIÓN CONSOLIDADA,GASTOS,INVERSIÓN CONSOLIDADA,No Aplica,No Aplica,No Aplica,No Aplica,No Aplica,No Aplica,No Aplica,No Aplica,VIGENCIA ACTUAL,ENTIDADES TERRITORIALES - ADMINISTRACION CENTRAL,GESTION DEL RIESGO DE DESASTRES Y EMERGENCIAS,0,NO DEFINIDO,32000000.0,38569557.0,2023,Tercer Trimestre,,,,,,,,,,,,,,,,,,,,,,
4575487,20230901,218552585,Pupiales,2.1.1.01.02,CONTRIBUCIONES INHERENTES A LA NOMINA,GASTOS,FUNCIONAMIENTO,GASTOS DE PERSONAL,PLANTA DE PERSONAL PERMANENTE,CONTRIBUCIONES INHERENTES A LA NOMINA,No Aplica,No Aplica,No Aplica,No Aplica,No Aplica,VIGENCIA ACTUAL,ENTIDADES TERRITORIALES - ADMINISTRACION CENTRAL,NO DEFINIDO,,NO DEFINIDO,205250000.0,267250000.0,2023,Tercer Trimestre,,,,,,,,,,,,,,,,,,,,,,
4577198,20230901,218552585,Pupiales,2.99,INVERSIÓN CONSOLIDADA,GASTOS,INVERSIÓN CONSOLIDADA,No Aplica,No Aplica,No Aplica,No Aplica,No Aplica,No Aplica,No Aplica,No Aplica,VIGENCIA ACTUAL,ENTIDADES TERRITORIALES - ADMINISTRACION CENTRAL,FACILITAR EL ACCESO Y USO DE LAS TECNOLOGIAS DE LA INFORMACION Y LAS COMUNICACIONES EN TODO EL TERRITORIO NACIONAL,0,NO DEFINIDO,30000000.0,14600000.0,2023,Tercer Trimestre,,,,,,,,,,,,,,,,,,,,,,
4577924,20230901,218552585,Pupiales,2.1.2.01.01,ACTIVOS FIJOS,GASTOS,FUNCIONAMIENTO,ADQUISICION DE BIENES Y SERVICIOS,ADQUISICION DE ACTIVOS NO FINANCIEROS,ACTIVOS FIJOS,No Aplica,No Aplica,No Aplica,No Aplica,No Aplica,VIGENCIA ACTUAL,ENTIDADES TERRITORIALES - ADMINISTRACION CENTRAL,NO DEFINIDO,,NO DEFINIDO,6000000.0,23000000.0,2023,Tercer Trimestre,,,,,,,,,,,,,,,,,,,,,,
4582654,20230901,218552585,Pupiales,2.2.2,SERVICIO DE LA DEUDA PUBLICA INTERNA,GASTOS,SERVICIO DE LA DEUDA PUBLICA,SERVICIO DE LA DEUDA PUBLICA INTERNA,No Aplica,No Aplica,No Aplica,No Aplica,No Aplica,No Aplica,No Aplica,VIGENCIA ACTUAL,ENTIDADES TERRITORIALES - ADMINISTRACION CENTRAL,NO DEFINIDO,,NO DEFINIDO,512738713.0,586205713.0,2023,Tercer Trimestre,,,,,,,,,,,,,,,,,,,,,,
4584960,20230901,218552585,Pupiales,2.99,INVERSIÓN CONSOLIDADA,GASTOS,INVERSIÓN CONSOLIDADA,No Aplica,No Aplica,No Aplica,No Aplica,No Aplica,No Aplica,No Aplica,No Aplica,VIGENCIA ACTUAL,ENTIDADES TERRITORIALES - ADMINISTRACION CENTRAL,"CALIDAD, COBERTURA Y FORTALECIMIENTO DE LA EDUCACION INICIAL, PRESCOLAR, BASICA Y MEDIA",0,NO DEFINIDO,472884544.0,606834945.0,2023,Tercer Trimestre,,,,,,,,,,,,,,,,,,,,,,
4589022,20230901,218552585,Pupiales,2.99,INVERSIÓN CONSOLIDADA,GASTOS,INVERSIÓN CONSOLIDADA,No Aplica,No Aplica,No Aplica,No Aplica,No Aplica,No Aplica,No Aplica,No Aplica,VIGENCIA ACTUAL,ENTIDADES TERRITORIALES - ADMINISTRACION CENTRAL,ASEGURAMIENTO Y PRESTACION INTEGRAL DE SERVICIOS DE SALUD,0,NO DEFINIDO,14999195633.0,21551482431.0,2023,Tercer Trimestre,,,,,,,,,,,,,,,,,,,,,,
4601496,20230901,218552585,Pupiales,2.1,FUNCIONAMIENTO,GASTOS,FUNCIONAMIENTO,No Aplica,No Aplica,No Aplica,No Aplica,No Aplica,No Aplica,No Aplica,No Aplica,VIGENCIA ACTUAL,ENTIDADES TERRITORIALES - ADMINISTRACION CENTRAL,NO DEFINIDO,,NO DEFINIDO,1618489000.0,1708489000.0,2023,Tercer Trimestre,,,,,,,,,,,,,,,,,,,,,,
4602205,20230901,218552585,Pupiales,2.1.1.01,PLANTA DE PERSONAL PERMANENTE,GASTOS,FUNCIONAMIENTO,GASTOS DE PERSONAL,PLANTA DE PERSONAL PERMANENTE,No Aplica,No Aplica,No Aplica,No Aplica,No Aplica,No Aplica,VIGENCIA ACTUAL,ENTIDADES TERRITORIALES - CONCEJO,NO DEFINIDO,,NO DEFINIDO,206511000.0,206511000.0,2023,Tercer Trimestre,,,,,,,,,,,,,,,,,,,,,,
4603779,20230901,218552585,Pupiales,2.99,INVERSIÓN CONSOLIDADA,GASTOS,INVERSIÓN CONSOLIDADA,No Aplica,No Aplica,No Aplica,No Aplica,No Aplica,No Aplica,No Aplica,No Aplica,VIGENCIA ACTUAL,ENTIDADES TERRITORIALES - ADMINISTRACION CENTRAL,INCLUSION PRODUCTIVA DE PEQUEÑOS PRODUCTORES RURALES,0,NO DEFINIDO,125000000.0,74136000.0,2023,Tercer Trimestre,,,,,,,,,,,,,,,,,,,,,,
4606488,20230901,218552585,Pupiales,2.99,INVERSIÓN CONSOLIDADA,GASTOS,INVERSIÓN CONSOLIDADA,No Aplica,No Aplica,No Aplica,No Aplica,No Aplica,No Aplica,No Aplica,No Aplica,VIGENCIA ACTUAL,ENTIDADES TERRITORIALES - ADMINISTRACION CENTRAL,ACCESO AL SERVICIO PUBLICO DOMICILIARIO DE GAS COMBUSTIBLE,0,NO DEFINIDO,20000000.0,0.0,2023,Tercer Trimestre,,,,,,,,,,,,,,,,,,,,,,
4610052,20230901,218552585,Pupiales,2,GASTOS,GASTOS,No Aplica,No Aplica,No Aplica,No Aplica,No Aplica,No Aplica,No Aplica,No Aplica,No Aplica,CUENTAS POR PAGAR,ENTIDADES DIFERENTES A ENTIDADES TERRITORIALES - GESTION GENERAL,NO DEFINIDO,,NO DEFINIDO,3897204.0,3897204.0,2023,Tercer Trimestre,,,,,,,,,,,,,,,,,,,,,,
4619518,20230901,218552585,Pupiales,2.99,INVERSIÓN CONSOLIDADA,GASTOS,INVERSIÓN CONSOLIDADA,No Aplica,No Aplica,No Aplica,No Aplica,No Aplica,No Aplica,No Aplica,No Aplica,VIGENCIA ACTUAL,ENTIDADES TERRITORIALES - ADMINISTRACION CENTRAL,INFRAESTRUCTURA RED VIAL REGIONAL,0,NO DEFINIDO,578975664.0,909983241.0,2023,Tercer Trimestre,,,,,,,,,,,,,,,,,,,,,,
4621867,20230901,218552585,Pupiales,2.99,INVERSIÓN CONSOLIDADA,GASTOS,INVERSIÓN CONSOLIDADA,No Aplica,No Aplica,No Aplica,No Aplica,No Aplica,No Aplica,No Aplica,No Aplica,CUENTAS POR PAGAR,ENTIDADES TERRITORIALES - ADMINISTRACION CENTRAL,"INSPECCION, VIGILANCIA Y CONTROL",1,NO DEFINIDO,4351250.0,4351250.0,2023,Tercer Trimestre,,,,,,,,,,,,,,,,,,,,,,
4623185,20230901,218552585,Pupiales,2.99,INVERSIÓN CONSOLIDADA,GASTOS,INVERSIÓN CONSOLIDADA,No Aplica,No Aplica,No Aplica,No Aplica,No Aplica,No Aplica,No Aplica,No Aplica,VIGENCIA ACTUAL,ENTIDADES TERRITORIALES - ADMINISTRACION CENTRAL,INCLUSION SOCIAL Y PRODUCTIVA PARA LA POBLACION EN SITUACION DE VULNERABILIDAD,0,NO DEFINIDO,0.0,32480000.0,2023,Tercer Trimestre,,,,,,,,,,,,,,,,,,,,,,
4632929,20230901,218552585,Pupiales,2.1.2.02.01,MATERIALES Y SUMINISTROS,GASTOS,FUNCIONAMIENTO,ADQUISICION DE BIENES Y SERVICIOS,ADQUISICIONES DIFERENTES DE ACTIVOS,MATERIALES Y SUMINISTROS,No Aplica,No Aplica,No Aplica,No Aplica,No Aplica,VIGENCIA ACTUAL,ENTIDADES TERRITORIALES - ADMINISTRACION CENTRAL,NO DEFINIDO,,NO DEFINIDO,27000000.0,49296060.0,2023,Tercer Trimestre,,,,,,,,,,,,,,,,,,,,,,
4637289,20230901,218552585,Pupiales,2.1.2.01.01.004.01.01.02,MUEBLES DEL TIPO UTILIZADO EN LA OFICINA,GASTOS,FUNCIONAMIENTO,ADQUISICION DE BIENES Y SERVICIOS,ADQUISICION DE ACTIVOS NO FINANCIEROS,ACTIVOS FIJOS,ACTIVOS FIJOS NO CLASIFICADOS COMO MAQUINARIA Y EQUIPO,"MUEBLES, INSTRUMENTOS MUSICALES, ARTICULOS DE DEPORTE Y ANTIGÃ?EDADES",MUEBLES,MUEBLES DEL TIPO UTILIZADO EN LA OFICINA,No Aplica,VIGENCIA ACTUAL,ENTIDADES TERRITORIALES - ADMINISTRACION CENTRAL,NO APLICA,0,NO DEFINIDO,3000000.0,0.0,2023,Tercer Trimestre,,,,,,,,,,,,,,,,,,,,,,
4637700,20230901,218552585,Pupiales,2.1.1.01.02.005,APORTES GENERALES AL SISTEMA DE RIESGOS LABORALES,GASTOS,FUNCIONAMIENTO,GASTOS DE PERSONAL,PLANTA DE PERSONAL PERMANENTE,CONTRIBUCIONES INHERENTES A LA NOMINA,APORTES GENERALES AL SISTEMA DE RIESGOS LABORALES,No Aplica,No Aplica,No Aplica,No Aplica,VIGENCIA ACTUAL,ENTIDADES TERRITORIALES - ADMINISTRACION CENTRAL,NO APLICA,0,NO DEFINIDO,3000000.0,3000000.0,2023,Tercer Trimestre,,,,,,,,,,,,,,,,,,,,,,
4639613,20230901,218552585,Pupiales,2.1.1.01.01.001.05,AUXILIO DE TRANSPORTE,GASTOS,FUNCIONAMIENTO,GASTOS DE PERSONAL,PLANTA DE PERSONAL PERMANENTE,FACTORES CONSTITUTIVOS DE SALARIO,FACTORES SALARIALES COMUNES,AUXILIO DE TRANSPORTE,No Aplica,No Aplica,No Aplica,VIGENCIA ACTUAL,ENTIDADES TERRITORIALES - ADMINISTRACION CENTRAL,NO APLICA,0,NO DEFINIDO,19500000.0,19500000.0,2023,Tercer Trimestre,,,,,,,,,,,,,,,,,,,,,,
4640074,20230901,218552585,Pupiales,2.1.2.02.02,ADQUISICION DE SERVICIOS,GASTOS,FUNCIONAMIENTO,ADQUISICION DE BIENES Y SERVICIOS,ADQUISICIONES DIFERENTES DE ACTIVOS,ADQUISICION DE SERVICIOS,No Aplica,No Aplica,No Aplica,No Aplica,No Aplica,VIGENCIA ACTUAL,ENTIDADES TERRITORIALES - ADMINISTRACION CENTRAL,NO DEFINIDO,,NO DEFINIDO,532000000.0,298402856.0,2023,Tercer Trimestre,,,,,,,,,,,,,,,,,,,,,,
4641668,20230901,218552585,Pupiales,2.2,SERVICIO DE LA DEUDA PUBLICA,GASTOS,SERVICIO DE LA DEUDA PUBLICA,No Aplica,No Aplica,No Aplica,No Aplica,No Aplica,No Aplica,No Aplica,No Aplica,VIGENCIA ACTUAL,ENTIDADES TERRITORIALES - ADMINISTRACION CENTRAL,NO DEFINIDO,,NO DEFINIDO,512738713.0,586205713.0,2023,Tercer Trimestre,,,,,,,,,,,,,,,,,,,,,,
4642301,20230901,218552585,Pupiales,2.99,INVERSIÓN CONSOLIDADA,GASTOS,INVERSIÓN CONSOLIDADA,No Aplica,No Aplica,No Aplica,No Aplica,No Aplica,No Aplica,No Aplica,No Aplica,CUENTAS POR PAGAR,ENTIDADES TERRITORIALES - ADMINISTRACION CENTRAL,SISTEMA PENITENCIARIO Y CARCELARIO EN EL MARCO DE LOS DERECHOS HUMANOS,1,NO DEFINIDO,5883146.0,5883146.0,2023,Tercer Trimestre,,,,,,,,,,,,,,,,,,,,,,
4644929,20230901,218552585,Pupiales,2.2.2.01.02.002.02.03,BANCA COMERCIAL,GASTOS,SERVICIO DE LA DEUDA PUBLICA,SERVICIO DE LA DEUDA PUBLICA INTERNA,PRINCIPAL,PRESTAMOS,ENTIDADES FINANCIERAS,BANCA COMERCIAL,BANCA COMERCIAL,No Aplica,No Aplica,VIGENCIA ACTUAL,ENTIDADES TERRITORIALES - ADMINISTRACION CENTRAL,NO APLICA,0,NO DEFINIDO,379197251.0,379197251.0,2023,Tercer Trimestre,,,,,,,,,,,,,,,,,,,,,,
4645984,20230901,218552585,Pupiales,2.1.1.01.02,CONTRIBUCIONES INHERENTES A LA NOMINA,GASTOS,FUNCIONAMIENTO,GASTOS DE PERSONAL,PLANTA DE PERSONAL PERMANENTE,CONTRIBUCIONES INHERENTES A LA NOMINA,No Aplica,No Aplica,No Aplica,No Aplica,No Aplica,CUENTAS POR PAGAR,ENTIDADES TERRITORIALES - ADMINISTRACION CENTRAL,NO DEFINIDO,,NO DEFINIDO,11427199.0,11427199.0,2023,Tercer Trimestre,,,,,,,,,,,,,,,,,,,,,,
4646494,20230901,218552585,Pupiales,2,GASTOS,GASTOS,No Aplica,No Aplica,No Aplica,No Aplica,No Aplica,No Aplica,No Aplica,No Aplica,No Aplica,RESERVAS,ENTIDADES TERRITORIALES - ADMINISTRACION CENTRAL,NO DEFINIDO,,NO DEFINIDO,1140355793.0,1140355793.0,2023,Tercer Trimestre,,,,,,,,,,,,,,,,,,,,,,
4649271,20230901,218552585,Pupiales,2.1.3.14,APORTES AL FONPET,GASTOS,FUNCIONAMIENTO,TRANSFERENCIAS CORRIENTES,APORTES AL FONPET,No Aplica,No Aplica,No Aplica,No Aplica,No Aplica,No Aplica,VIGENCIA ACTUAL,ENTIDADES TERRITORIALES - ADMINISTRACION CENTRAL,NO DEFINIDO,,NO DEFINIDO,0.0,197028084.0,2023,Tercer Trimestre,,,,,,,,,,,,,,,,,,,,,,
4655202,20230901,218552585,Pupiales,2.1.1,GASTOS DE PERSONAL,GASTOS,FUNCIONAMIENTO,GASTOS DE PERSONAL,No Aplica,No Aplica,No Aplica,No Aplica,No Aplica,No Aplica,No Aplica,CUENTAS POR PAGAR,ENTIDADES TERRITORIALES - ADMINISTRACION CENTRAL,NO DEFINIDO,,NO DEFINIDO,11427199.0,11427199.0,2023,Tercer Trimestre,,,,,,,,,,,,,,,,,,,,,,
4661122,20230901,218552585,Pupiales,2.1.1.01.03.001.03,BONIFICACION ESPECIAL DE RECREACION,GASTOS,FUNCIONAMIENTO,GASTOS DE PERSONAL,PLANTA DE PERSONAL PERMANENTE,REMUNERACIONES NO CONSTITUTIVAS DE FACTOR SALARIAL,PRESTACIONES SOCIALES,BONIFICACION ESPECIAL DE RECREACION,No Aplica,No Aplica,No Aplica,VIGENCIA ACTUAL,ENTIDADES TERRITORIALES - ADMINISTRACION CENTRAL,NO APLICA,0,NO DEFINIDO,3500000.0,3500000.0,2023,Tercer Trimestre,,,,,,,,,,,,,,,,,,,,,,
4667950,20230901,218552585,Pupiales,2.1.1.01.01.001,FACTORES SALARIALES COMUNES,GASTOS,FUNCIONAMIENTO,GASTOS DE PERSONAL,PLANTA DE PERSONAL PERMANENTE,FACTORES CONSTITUTIVOS DE SALARIO,FACTORES SALARIALES COMUNES,No Aplica,No Aplica,No Aplica,No Aplica,VIGENCIA ACTUAL,ENTIDADES TERRITORIALES - CONCEJO,NO DEFINIDO,,NO DEFINIDO,69600000.0,69600000.0,2023,Tercer Trimestre,,,,,,,,,,,,,,,,,,,,,,
4669044,20230901,218552585,Pupiales,2.1.2.02.02,ADQUISICION DE SERVICIOS,GASTOS,FUNCIONAMIENTO,ADQUISICION DE BIENES Y SERVICIOS,ADQUISICIONES DIFERENTES DE ACTIVOS,ADQUISICION DE SERVICIOS,No Aplica,No Aplica,No Aplica,No Aplica,No Aplica,VIGENCIA ACTUAL,ENTIDADES TERRITORIALES - CONCEJO,NO DEFINIDO,,NO DEFINIDO,10000000.0,10000000.0,2023,Tercer Trimestre,,,,,,,,,,,,,,,,,,,,,,
4673098,20230901,218552585,Pupiales,2.99,INVERSIÓN CONSOLIDADA,GASTOS,INVERSIÓN CONSOLIDADA,No Aplica,No Aplica,No Aplica,No Aplica,No Aplica,No Aplica,No Aplica,No Aplica,RESERVAS,ENTIDADES TERRITORIALES - ADMINISTRACION CENTRAL,FORTALECIMIENTO A LA GESTION Y DIRECCION DE LA ADMINISTRACION PUBLICA TERRITORIAL,001,NO DEFINIDO,47909402.0,47909402.0,2023,Tercer Trimestre,,,,,,,,,,,,,,,,,,,,,,
4679606,20230901,218552585,Pupiales,2.1.3.14.03,POR LA VENTA DE ACTIVOS,GASTOS,FUNCIONAMIENTO,TRANSFERENCIAS CORRIENTES,APORTES AL FONPET,POR LA VENTA DE ACTIVOS,No Aplica,No Aplica,No Aplica,No Aplica,No Aplica,VIGENCIA ACTUAL,ENTIDADES TERRITORIALES - ADMINISTRACION CENTRAL,NO APLICA,0,NO DEFINIDO,0.0,197028084.0,2023,Tercer Trimestre,,,,,,,,,,,,,,,,,,,,,,
4681348,20230901,218552585,Pupiales,2.99,INVERSIÓN CONSOLIDADA,GASTOS,INVERSIÓN CONSOLIDADA,No Aplica,No Aplica,No Aplica,No Aplica,No Aplica,No Aplica,No Aplica,No Aplica,VIGENCIA ACTUAL,ENTIDADES TERRITORIALES - ADMINISTRACION CENTRAL,"INSPECCION, VIGILANCIA Y CONTROL",0,NO DEFINIDO,217063359.0,236594319.0,2023,Tercer Trimestre,,,,,,,,,,,,,,,,,,,,,,
4686536,20230901,218552585,Pupiales,2.1.2.01.01.003,MAQUINARIA Y EQUIPO,GASTOS,FUNCIONAMIENTO,ADQUISICION DE BIENES Y SERVICIOS,ADQUISICION DE ACTIVOS NO FINANCIEROS,ACTIVOS FIJOS,MAQUINARIA Y EQUIPO,No Aplica,No Aplica,No Aplica,No Aplica,VIGENCIA ACTUAL,ENTIDADES TERRITORIALES - ADMINISTRACION CENTRAL,NO DEFINIDO,,NO DEFINIDO,3000000.0,23000000.0,2023,Tercer Trimestre,,,,,,,,,,,,,,,,,,,,,,
4687230,20230901,218552585,Pupiales,2.99,INVERSIÓN CONSOLIDADA,GASTOS,INVERSIÓN CONSOLIDADA,No Aplica,No Aplica,No Aplica,No Aplica,No Aplica,No Aplica,No Aplica,No Aplica,VIGENCIA ACTUAL,ENTIDADES TERRITORIALES - ADMINISTRACION CENTRAL,PROMOCION Y ACCESO EFECTIVO A PROCESOS CULTURALES Y ARTISTICOS,0,NO DEFINIDO,526230040.0,600296731.0,2023,Tercer Trimestre,,,,,,,,,,,,,,,,,,,,,,
4691360,20230901,218552585,Pupiales,2.1.2,ADQUISICION DE BIENES Y SERVICIOS,GASTOS,FUNCIONAMIENTO,ADQUISICION DE BIENES Y SERVICIOS,No Aplica,No Aplica,No Aplica,No Aplica,No Aplica,No Aplica,No Aplica,VIGENCIA ACTUAL,ENTIDADES TERRITORIALES - CONCEJO,NO DEFINIDO,,NO DEFINIDO,10000000.0,10000000.0,2023,Tercer Trimestre,,,,,,,,,,,,,,,,,,,,,,
4691379,20230901,218552585,Pupiales,2.1.1.01.03.001,PRESTACIONES SOCIALES,GASTOS,FUNCIONAMIENTO,GASTOS DE PERSONAL,PLANTA DE PERSONAL PERMANENTE,REMUNERACIONES NO CONSTITUTIVAS DE FACTOR SALARIAL,PRESTACIONES SOCIALES,No Aplica,No Aplica,No Aplica,No Aplica,VIGENCIA ACTUAL,ENTIDADES TERRITORIALES - ADMINISTRACION CENTRAL,NO DEFINIDO,,NO DEFINIDO,25500000.0,39775518.0,2023,Tercer Trimestre,,,,,,,,,,,,,,,,,,,,,,
4694405,20230901,218552585,Pupiales,2.1.1.01.02.003,APORTES DE CESANTIAS,GASTOS,FUNCIONAMIENTO,GASTOS DE PERSONAL,PLANTA DE PERSONAL PERMANENTE,CONTRIBUCIONES INHERENTES A LA NOMINA,APORTES DE CESANTIAS,No Aplica,No Aplica,No Aplica,No Aplica,VIGENCIA ACTUAL,ENTIDADES TERRITORIALES - ADMINISTRACION CENTRAL,NO APLICA,0,NO DEFINIDO,18250000.0,80250000.0,2023,Tercer Trimestre,,,,,,,,,,,,,,,,,,,,,,
4698050,20230901,218552585,Pupiales,2.1,FUNCIONAMIENTO,GASTOS,FUNCIONAMIENTO,No Aplica,No Aplica,No Aplica,No Aplica,No Aplica,No Aplica,No Aplica,No Aplica,VIGENCIA ACTUAL,ENTIDADES TERRITORIALES - CONCEJO,NO DEFINIDO,,NO DEFINIDO,216511000.0,216511000.0,2023,Tercer Trimestre,,,,,,,,,,,,,,,,,,,,,,
4702242,20230901,218552585,Pupiales,2.1.2.01.01.004.01.01,MUEBLES,GASTOS,FUNCIONAMIENTO,ADQUISICION DE BIENES Y SERVICIOS,ADQUISICION DE ACTIVOS NO FINANCIEROS,ACTIVOS FIJOS,ACTIVOS FIJOS NO CLASIFICADOS COMO MAQUINARIA Y EQUIPO,"MUEBLES, INSTRUMENTOS MUSICALES, ARTICULOS DE DEPORTE Y ANTIGÃ?EDADES",MUEBLES,No Aplica,No Aplica,VIGENCIA ACTUAL,ENTIDADES TERRITORIALES - ADMINISTRACION CENTRAL,NO DEFINIDO,,NO DEFINIDO,3000000.0,0.0,2023,Tercer Trimestre,,,,,,,,,,,,,,,,,,,,,,
4706432,20230901,218552585,Pupiales,2.99,INVERSIÓN CONSOLIDADA,GASTOS,INVERSIÓN CONSOLIDADA,No Aplica,No Aplica,No Aplica,No Aplica,No Aplica,No Aplica,No Aplica,No Aplica,CUENTAS POR PAGAR,ENTIDADES TERRITORIALES - ADMINISTRACION CENTRAL,"GESTION, PROTECCION Y SALVAGUARDIA DEL PATRIMONIO CULTURAL COLOMBIANO",001,NO DEFINIDO,19960000.0,19960000.0,2023,Tercer Trimestre,,,,,,,,,,,,,,,,,,,,,,
4708751,20230901,218552585,Pupiales,2.1.1.01.01.001.01,SUELDO BASICO,GASTOS,FUNCIONAMIENTO,GASTOS DE PERSONAL,PLANTA DE PERSONAL PERMANENTE,FACTORES CONSTITUTIVOS DE SALARIO,FACTORES SALARIALES COMUNES,SUELDO BASICO,No Aplica,No Aplica,No Aplica,VIGENCIA ACTUAL,ENTIDADES TERRITORIALES - CONCEJO,NO APLICA,0,NO DEFINIDO,69600000.0,69600000.0,2023,Tercer Trimestre,,,,,,,,,,,,,,,,,,,,,,
4713927,20230901,218552585,Pupiales,2.1.1.01.02.006,APORTES AL ICBF,GASTOS,FUNCIONAMIENTO,GASTOS DE PERSONAL,PLANTA DE PERSONAL PERMANENTE,CONTRIBUCIONES INHERENTES A LA NOMINA,APORTES AL ICBF,No Aplica,No Aplica,No Aplica,No Aplica,VIGENCIA ACTUAL,ENTIDADES TERRITORIALES - ADMINISTRACION CENTRAL,NO APLICA,0,NO DEFINIDO,18000000.0,18000000.0,2023,Tercer Trimestre,,,,,,,,,,,,,,,,,,,,,,
4714103,20230901,218552585,Pupiales,2.1.1.01.01,FACTORES CONSTITUTIVOS DE SALARIO,GASTOS,FUNCIONAMIENTO,GASTOS DE PERSONAL,PLANTA DE PERSONAL PERMANENTE,FACTORES CONSTITUTIVOS DE SALARIO,No Aplica,No Aplica,No Aplica,No Aplica,No Aplica,VIGENCIA ACTUAL,ENTIDADES TERRITORIALES - CONCEJO,NO DEFINIDO,,NO DEFINIDO,69600000.0,69600000.0,2023,Tercer Trimestre,,,,,,,,,,,,,,,,,,,,,,
4717601,20230901,218552585,Pupiales,2.1.1.01.01.001.08,PRESTACIONES SOCIALES,GASTOS,FUNCIONAMIENTO,GASTOS DE PERSONAL,PLANTA DE PERSONAL PERMANENTE,FACTORES CONSTITUTIVOS DE SALARIO,FACTORES SALARIALES COMUNES,PRESTACIONES SOCIALES,No Aplica,No Aplica,No Aplica,VIGENCIA ACTUAL,ENTIDADES TERRITORIALES - ADMINISTRACION CENTRAL,NO DEFINIDO,,NO DEFINIDO,76250000.0,81974482.0,2023,Tercer Trimestre,,,,,,,,,,,,,,,,,,,,,,
4717916,20230901,218552585,Pupiales,2.1.1.01.01.001.04,SUBSIDIO DE ALIMENTACION,GASTOS,FUNCIONAMIENTO,GASTOS DE PERSONAL,PLANTA DE PERSONAL PERMANENTE,FACTORES CONSTITUTIVOS DE SALARIO,FACTORES SALARIALES COMUNES,SUBSIDIO DE ALIMENTACION,No Aplica,No Aplica,No Aplica,VIGENCIA ACTUAL,ENTIDADES TERRITORIALES - ADMINISTRACION CENTRAL,NO APLICA,0,NO DEFINIDO,15300000.0,15300000.0,2023,Tercer Trimestre,,,,,,,,,,,,,,,,,,,,,,
4724567,20230901,218552585,Pupiales,2.1.1.01.01.001.08.01,PRIMA DE NAVIDAD,GASTOS,FUNCIONAMIENTO,GASTOS DE PERSONAL,PLANTA DE PERSONAL PERMANENTE,FACTORES CONSTITUTIVOS DE SALARIO,FACTORES SALARIALES COMUNES,PRESTACIONES SOCIALES,PRIMA DE NAVIDAD,No Aplica,No Aplica,VIGENCIA ACTUAL,ENTIDADES TERRITORIALES - ADMINISTRACION CENTRAL,NO APLICA,0,NO DEFINIDO,56250000.0,56250000.0,2023,Tercer Trimestre,,,,,,,,,,,,,,,,,,,,,,
4727566,20230901,218552585,Pupiales,2.1.1.01.03.003,BONIFICACION DE DIRECCION PARA GOBERNADORES Y ALCALDES,GASTOS,FUNCIONAMIENTO,GASTOS DE PERSONAL,PLANTA DE PERSONAL PERMANENTE,REMUNERACIONES NO CONSTITUTIVAS DE FACTOR SALARIAL,BONIFICACION DE DIRECCION PARA GOBERNADORES Y ALCALDES,No Aplica,No Aplica,No Aplica,No Aplica,VIGENCIA ACTUAL,ENTIDADES TERRITORIALES - ADMINISTRACION CENTRAL,NO APLICA,0,NO DEFINIDO,43527000.0,43527000.0,2023,Tercer Trimestre,,,,,,,,,,,,,,,,,,,,,,
4742230,20230901,218552585,Pupiales,2.99,INVERSIÓN CONSOLIDADA,GASTOS,INVERSIÓN CONSOLIDADA,No Aplica,No Aplica,No Aplica,No Aplica,No Aplica,No Aplica,No Aplica,No Aplica,VIGENCIA ACTUAL,ENTIDADES TERRITORIALES - ADMINISTRACION CENTRAL,DEFENSA JURIDICA DEL ESTADO,0,NO DEFINIDO,27000000.0,28600000.0,2023,Tercer Trimestre,,,,,,,,,,,,,,,,,,,,,,
4742250,20230901,218552585,Pupiales,2.1.1,GASTOS DE PERSONAL,GASTOS,FUNCIONAMIENTO,GASTOS DE PERSONAL,No Aplica,No Aplica,No Aplica,No Aplica,No Aplica,No Aplica,No Aplica,VIGENCIA ACTUAL,ENTIDADES TERRITORIALES - PERSONERIA,NO DEFINIDO,,NO DEFINIDO,165000000.0,165000000.0,2023,Tercer Trimestre,,,,,,,,,,,,,,,,,,,,,,
4744384,20230901,218552585,Pupiales,2.99,INVERSIÓN CONSOLIDADA,GASTOS,INVERSIÓN CONSOLIDADA,No Aplica,No Aplica,No Aplica,No Aplica,No Aplica,No Aplica,No Aplica,No Aplica,VIGENCIA ACTUAL,ENTIDADES TERRITORIALES - ADMINISTRACION CENTRAL,FORTALECIMIENTO DEL BUEN GOBIERNO PARA EL RESPETO Y GARANTIA DE LOS DERECHOS HUMANOS,0,NO DEFINIDO,20000000.0,19200000.0,2023,Tercer Trimestre,,,,,,,,,,,,,,,,,,,,,,
4746389,20230901,218552585,Pupiales,2.1.1.01.01.001.08.02,PRIMA DE VACACIONES,GASTOS,FUNCIONAMIENTO,GASTOS DE PERSONAL,PLANTA DE PERSONAL PERMANENTE,FACTORES CONSTITUTIVOS DE SALARIO,FACTORES SALARIALES COMUNES,PRESTACIONES SOCIALES,PRIMA DE VACACIONES,No Aplica,No Aplica,VIGENCIA ACTUAL,ENTIDADES TERRITORIALES - ADMINISTRACION CENTRAL,NO APLICA,0,NO DEFINIDO,20000000.0,25724482.0,2023,Tercer Trimestre,,,,,,,,,,,,,,,,,,,,,,
4747177,20230901,218552585,Pupiales,2,GASTOS,GASTOS,No Aplica,No Aplica,No Aplica,No Aplica,No Aplica,No Aplica,No Aplica,No Aplica,No Aplica,VIGENCIA ACTUAL,ENTIDADES TERRITORIALES - ADMINISTRACION CENTRAL,NO DEFINIDO,,NO DEFINIDO,22588911127.0,31051322714.0,2023,Tercer Trimestre,,,,,,,,,,,,,,,,,,,,,,
4747890,20230901,218552585,Pupiales,2.1.2.02.02.006,"COMERCIO Y DISTRIBUCION; ALOJAMIENTO; SERVICIOS DE SUMINISTRO DE COMIDAS Y BEBIDAS; SERVICIOS DE TRANSPORTE; Y SERVICIOS DE DISTRIBUCION DE ELECTRICIDAD, GAS Y AGUA",GASTOS,FUNCIONAMIENTO,ADQUISICION DE BIENES Y SERVICIOS,ADQUISICIONES DIFERENTES DE ACTIVOS,ADQUISICION DE SERVICIOS,"COMERCIO Y DISTRIBUCION; ALOJAMIENTO; SERVICIOS DE SUMINISTRO DE COMIDAS Y BEBIDAS; SERVICIOS DE TRANSPORTE; Y SERVICIOS DE DISTRIBUCION DE ELECTRICIDAD, GAS Y AGUA",No Aplica,No Aplica,No Aplica,No Aplica,VIGENCIA ACTUAL,ENTIDADES TERRITORIALES - CONCEJO,NO APLICA,0,NO DEFINIDO,10000000.0,10000000.0,2023,Tercer Trimestre,,,,,,,,,,,,,,,,,,,,,,
4748203,20230901,218552585,Pupiales,2.1.1.01.01.001.07,BONIFICACION POR SERVICIOS PRESTADOS,GASTOS,FUNCIONAMIENTO,GASTOS DE PERSONAL,PLANTA DE PERSONAL PERMANENTE,FACTORES CONSTITUTIVOS DE SALARIO,FACTORES SALARIALES COMUNES,BONIFICACION POR SERVICIOS PRESTADOS,No Aplica,No Aplica,No Aplica,VIGENCIA ACTUAL,ENTIDADES TERRITORIALES - ADMINISTRACION CENTRAL,NO APLICA,0,NO DEFINIDO,21000000.0,21000000.0,2023,Tercer Trimestre,,,,,,,,,,,,,,,,,,,,,,
4756248,20230901,218552585,Pupiales,2.1.1.01.03,REMUNERACIONES NO CONSTITUTIVAS DE FACTOR SALARIAL,GASTOS,FUNCIONAMIENTO,GASTOS DE PERSONAL,PLANTA DE PERSONAL PERMANENTE,REMUNERACIONES NO CONSTITUTIVAS DE FACTOR SALARIAL,No Aplica,No Aplica,No Aplica,No Aplica,No Aplica,VIGENCIA ACTUAL,ENTIDADES TERRITORIALES - CONCEJO,NO DEFINIDO,,NO DEFINIDO,134000000.0,134000000.0,2023,Tercer Trimestre,,,,,,,,,,,,,,,,,,,,,,
4757050,20230901,218552585,Pupiales,2.99,INVERSIÓN CONSOLIDADA,GASTOS,INVERSIÓN CONSOLIDADA,No Aplica,No Aplica,No Aplica,No Aplica,No Aplica,No Aplica,No Aplica,No Aplica,VIGENCIA ACTUAL,ENTIDADES TERRITORIALES - ADMINISTRACION CENTRAL,GENERACION Y FORMALIZACION DEL EMPLEO,0,NO DEFINIDO,52000000.0,0.0,2023,Tercer Trimestre,,,,,,,,,,,,,,,,,,,,,,
4761023,20230901,218552585,Pupiales,2.99,INVERSIÓN CONSOLIDADA,GASTOS,INVERSIÓN CONSOLIDADA,No Aplica,No Aplica,No Aplica,No Aplica,No Aplica,No Aplica,No Aplica,No Aplica,VIGENCIA ACTUAL,ENTIDADES TERRITORIALES - ADMINISTRACION CENTRAL,PROTECCION SOCIAL,0,NO DEFINIDO,312402147.0,0.0,2023,Tercer Trimestre,,,,,,,,,,,,,,,,,,,,,,
4763499,20230901,218552585,Pupiales,2.99,INVERSIÓN CONSOLIDADA,GASTOS,INVERSIÓN CONSOLIDADA,No Aplica,No Aplica,No Aplica,No Aplica,No Aplica,No Aplica,No Aplica,No Aplica,VIGENCIA ACTUAL,ENTIDADES TERRITORIALES - ADMINISTRACION CENTRAL,ACCESO DE LA POBLACION A LOS SERVICIOS DE AGUA POTABLE Y SANEAMIENTO BASICO,0,NO DEFINIDO,958142565.0,1294575687.0,2023,Tercer Trimestre,,,,,,,,,,,,,,,,,,,,,,
4769256,20230901,218552585,Pupiales,2,GASTOS,GASTOS,No Aplica,No Aplica,No Aplica,No Aplica,No Aplica,No Aplica,No Aplica,No Aplica,No Aplica,VIGENCIA ACTUAL,ENTIDADES TERRITORIALES - CONCEJO,NO DEFINIDO,,NO DEFINIDO,216511000.0,216511000.0,2023,Tercer Trimestre,,,,,,,,,,,,,,,,,,,,,,
4773308,20230901,218552585,Pupiales,2.99,INVERSIÓN CONSOLIDADA,GASTOS,INVERSIÓN CONSOLIDADA,No Aplica,No Aplica,No Aplica,No Aplica,No Aplica,No Aplica,No Aplica,No Aplica,VIGENCIA ACTUAL,ENTIDADES TERRITORIALES - ADMINISTRACION CENTRAL,SALUD PUBLICA,0,NO DEFINIDO,299646410.0,374589187.0,2023,Tercer Trimestre,,,,,,,,,,,,,,,,,,,,,,
4773796,20230901,218552585,Pupiales,2.99,INVERSIÓN CONSOLIDADA,GASTOS,INVERSIÓN CONSOLIDADA,No Aplica,No Aplica,No Aplica,No Aplica,No Aplica,No Aplica,No Aplica,No Aplica,RESERVAS,ENTIDADES TERRITORIALES - ADMINISTRACION CENTRAL,FORTALECIMIENTO A LA GESTION Y DIRECCION DE LA ADMINISTRACION PUBLICA TERRITORIAL,1,NO DEFINIDO,917884770.0,917884770.0,2023,Tercer Trimestre,,,,,,,,,,,,,,,,,,,,,,
4774333,20230901,218552585,Pupiales,2.1.2,ADQUISICION DE BIENES Y SERVICIOS,GASTOS,FUNCIONAMIENTO,ADQUISICION DE BIENES Y SERVICIOS,No Aplica,No Aplica,No Aplica,No Aplica,No Aplica,No Aplica,No Aplica,VIGENCIA ACTUAL,ENTIDADES TERRITORIALES - ADMINISTRACION CENTRAL,NO DEFINIDO,,NO DEFINIDO,565000000.0,370698916.0,2023,Tercer Trimestre,,,,,,,,,,,,,,,,,,,,,,
4777399,20230901,218552585,Pupiales,2.99,INVERSIÓN CONSOLIDADA,GASTOS,INVERSIÓN CONSOLIDADA,No Aplica,No Aplica,No Aplica,No Aplica,No Aplica,No Aplica,No Aplica,No Aplica,VIGENCIA ACTUAL,ENTIDADES TERRITORIALES - ADMINISTRACION CENTRAL,LEVANTAMIENTO Y ACTUALIZACION DE INFORMACION ESTADISTICA DE CALIDAD,0,NO DEFINIDO,10000000.0,10000000.0,2023,Tercer Trimestre,,,,,,,,,,,,,,,,,,,,,,
4784551,20230901,218552585,Pupiales,2.99,INVERSIÓN CONSOLIDADA,GASTOS,INVERSIÓN CONSOLIDADA,No Aplica,No Aplica,No Aplica,No Aplica,No Aplica,No Aplica,No Aplica,No Aplica,CUENTAS POR PAGAR,ENTIDADES TERRITORIALES - ADMINISTRACION CENTRAL,GESTION DEL RIESGO DE DESASTRES Y EMERGENCIAS,0,NO DEFINIDO,15810000.0,15810000.0,2023,Tercer Trimestre,,,,,,,,,,,,,,,,,,,,,,
4787112,20230901,218552585,Pupiales,2.1.3.13.01.002,CONCILIACIONES,GASTOS,FUNCIONAMIENTO,TRANSFERENCIAS CORRIENTES,SENTENCIAS Y CONCILIACIONES,FALLOS NACIONALES,CONCILIACIONES,No Aplica,No Aplica,No Aplica,No Aplica,VIGENCIA ACTUAL,ENTIDADES TERRITORIALES - ADMINISTRACION CENTRAL,NO APLICA,0,NO DEFINIDO,0.0,10546000.0,2023,Tercer Trimestre,,,,,,,,,,,,,,,,,,,,,,
4787408,20230901,218552585,Pupiales,2.1.2.02.01.003,"OTROS BIENES TRANSPORTABLES EXCEPTO PRODUCTOS METALICOS, MAQUINARIA Y EQUIPO",GASTOS,FUNCIONAMIENTO,ADQUISICION DE BIENES Y SERVICIOS,ADQUISICIONES DIFERENTES DE ACTIVOS,MATERIALES Y SUMINISTROS,"OTROS BIENES TRANSPORTABLES EXCEPTO PRODUCTOS METALICOS, MAQUINARIA Y EQUIPO",No Aplica,No Aplica,No Aplica,No Aplica,VIGENCIA ACTUAL,ENTIDADES TERRITORIALES - ADMINISTRACION CENTRAL,NO APLICA,0,NO DEFINIDO,27000000.0,49296060.0,2023,Tercer Trimestre,,,,,,,,,,,,,,,,,,,,,,
4788030,20230901,218552585,Pupiales,2.99,INVERSIÓN CONSOLIDADA,GASTOS,INVERSIÓN CONSOLIDADA,No Aplica,No Aplica,No Aplica,No Aplica,No Aplica,No Aplica,No Aplica,No Aplica,VIGENCIA ACTUAL,ENTIDADES TERRITORIALES - ADMINISTRACION CENTRAL,"DESARROLLO INTEGRAL DE LA PRIMERA INFANCIA A LA JUVENTUD, Y FORTALECIMIENTO DE LAS CAPACIDADES DE LAS FAMILIAS DE NIÑAS, NIÑOS Y ADOLESCENTES",0,NO DEFINIDO,19043813.0,32707451.0,2023,Tercer Trimestre,,,,,,,,,,,,,,,,,,,,,,
4796367,20230901,218552585,Pupiales,2.99,INVERSIÓN CONSOLIDADA,GASTOS,INVERSIÓN CONSOLIDADA,No Aplica,No Aplica,No Aplica,No Aplica,No Aplica,No Aplica,No Aplica,No Aplica,RESERVAS,ENTIDADES TERRITORIALES - ADMINISTRACION CENTRAL,INFRAESTRUCTURA RED VIAL PRIMARIA,1,NO DEFINIDO,55975850.0,55975850.0,2023,Tercer Trimestre,,,,,,,,,,,,,,,,,,,,,,
4807785,20230901,218552585,Pupiales,2.1.1.01.03.004,BONIFICACION DE GESTION TERRITORIAL PARA ALCALDES,GASTOS,FUNCIONAMIENTO,GASTOS DE PERSONAL,PLANTA DE PERSONAL PERMANENTE,REMUNERACIONES NO CONSTITUTIVAS DE FACTOR SALARIAL,BONIFICACION DE GESTION TERRITORIAL PARA ALCALDES,No Aplica,No Aplica,No Aplica,No Aplica,VIGENCIA ACTUAL,ENTIDADES TERRITORIALES - ADMINISTRACION CENTRAL,NO APLICA,0,NO DEFINIDO,8162000.0,8162000.0,2023,Tercer Trimestre,,,,,,,,,,,,,,,,,,,,,,
4808385,20230901,218552585,Pupiales,2.99,INVERSIÓN CONSOLIDADA,GASTOS,INVERSIÓN CONSOLIDADA,No Aplica,No Aplica,No Aplica,No Aplica,No Aplica,No Aplica,No Aplica,No Aplica,VIGENCIA ACTUAL,ENTIDADES TERRITORIALES - ADMINISTRACION CENTRAL,SEGURIDAD DE TRANSPORTE,0,NO DEFINIDO,10000000.0,0.0,2023,Tercer Trimestre,,,,,,,,,,,,,,,,,,,,,,
4821159,20230901,218552585,Pupiales,2.1.1.01.03.006,HONORARIOS CONCEJALES,GASTOS,FUNCIONAMIENTO,GASTOS DE PERSONAL,PLANTA DE PERSONAL PERMANENTE,REMUNERACIONES NO CONSTITUTIVAS DE FACTOR SALARIAL,HONORARIOS CONCEJALES,No Aplica,No Aplica,No Aplica,No Aplica,VIGENCIA ACTUAL,ENTIDADES TERRITORIALES - CONCEJO,NO APLICA,0,NO DEFINIDO,134000000.0,134000000.0,2023,Tercer Trimestre,,,,,,,,,,,,,,,,,,,,,,
4828208,20230901,218552585,Pupiales,2.1.1.01.01.001,FACTORES SALARIALES COMUNES,GASTOS,FUNCIONAMIENTO,GASTOS DE PERSONAL,PLANTA DE PERSONAL PERMANENTE,FACTORES CONSTITUTIVOS DE SALARIO,FACTORES SALARIALES COMUNES,No Aplica,No Aplica,No Aplica,No Aplica,VIGENCIA ACTUAL,ENTIDADES TERRITORIALES - PERSONERIA,NO DEFINIDO,,NO DEFINIDO,165000000.0,165000000.0,2023,Tercer Trimestre,,,,,,,,,,,,,,,,,,,,,,
4830071,20230901,218552585,Pupiales,2.1.1.01.02.001,APORTES A LA SEGURIDAD SOCIAL EN PENSIONES,GASTOS,FUNCIONAMIENTO,GASTOS DE PERSONAL,PLANTA DE PERSONAL PERMANENTE,CONTRIBUCIONES INHERENTES A LA NOMINA,APORTES A LA SEGURIDAD SOCIAL EN PENSIONES,No Aplica,No Aplica,No Aplica,No Aplica,VIGENCIA ACTUAL,ENTIDADES TERRITORIALES - ADMINISTRACION CENTRAL,NO APLICA,0,NO DEFINIDO,72000000.0,72000000.0,2023,Tercer Trimestre,,,,,,,,,,,,,,,,,,,,,,
4835509,20230901,218552585,Pupiales,2.99,INVERSIÓN CONSOLIDADA,GASTOS,INVERSIÓN CONSOLIDADA,No Aplica,No Aplica,No Aplica,No Aplica,No Aplica,No Aplica,No Aplica,No Aplica,CUENTAS POR PAGAR,ENTIDADES TERRITORIALES - ADMINISTRACION CENTRAL,INFRAESTRUCTURA RED VIAL PRIMARIA,1,NO DEFINIDO,7220710.0,7220710.0,2023,Tercer Trimestre,,,,,,,,,,,,,,,,,,,,,,
4836554,20230901,218552585,Pupiales,2.99,INVERSIÓN CONSOLIDADA,GASTOS,INVERSIÓN CONSOLIDADA,No Aplica,No Aplica,No Aplica,No Aplica,No Aplica,No Aplica,No Aplica,No Aplica,CUENTAS POR PAGAR,ENTIDADES TERRITORIALES - ADMINISTRACION CENTRAL,LEVANTAMIENTO Y ACTUALIZACION DE INFORMACION ESTADISTICA DE CALIDAD,1,NO DEFINIDO,8500000.0,8500000.0,2023,Tercer Trimestre,,,,,,,,,,,,,,,,,,,,,,
4841831,20230901,218552585,Pupiales,2.99,INVERSIÓN CONSOLIDADA,GASTOS,INVERSIÓN CONSOLIDADA,No Aplica,No Aplica,No Aplica,No Aplica,No Aplica,No Aplica,No Aplica,No Aplica,VIGENCIA ACTUAL,ENTIDADES TERRITORIALES - ADMINISTRACION CENTRAL,"ATENCION, ASISTENCIA  Y REPARACION INTEGRAL A LAS VICTIMAS",0,NO DEFINIDO,50456186.0,50476186.0,2023,Tercer Trimestre,,,,,,,,,,,,,,,,,,,,,,
4845226,20230901,218552585,Pupiales,2.99,INVERSIÓN CONSOLIDADA,GASTOS,INVERSIÓN CONSOLIDADA,No Aplica,No Aplica,No Aplica,No Aplica,No Aplica,No Aplica,No Aplica,No Aplica,CUENTAS POR PAGAR,ENTIDADES DIFERENTES A ENTIDADES TERRITORIALES - GESTION GENERAL,GESTION DEL RIESGO DE DESASTRES Y EMERGENCIAS,001,NO DEFINIDO,3897204.0,3897204.0,2023,Tercer Trimestre,,,,,,,,,,,,,,,,,,,,,,
4851346,20230901,218552585,Pupiales,2.2.2.01,PRINCIPAL,GASTOS,SERVICIO DE LA DEUDA PUBLICA,SERVICIO DE LA DEUDA PUBLICA INTERNA,PRINCIPAL,No Aplica,No Aplica,No Aplica,No Aplica,No Aplica,No Aplica,VIGENCIA ACTUAL,ENTIDADES TERRITORIALES - ADMINISTRACION CENTRAL,NO DEFINIDO,,NO DEFINIDO,379197251.0,379197251.0,2023,Tercer Trimestre,,,,,,,,,,,,,,,,,,,,,,
4854527,20230901,218552585,Pupiales,2.1,FUNCIONAMIENTO,GASTOS,FUNCIONAMIENTO,No Aplica,No Aplica,No Aplica,No Aplica,No Aplica,No Aplica,No Aplica,No Aplica,VIGENCIA ACTUAL,ENTIDADES TERRITORIALES - PERSONERIA,NO DEFINIDO,,NO DEFINIDO,165000000.0,165000000.0,2023,Tercer Trimestre,,,,,,,,,,,,,,,,,,,,,,
4854587,20230901,218552585,Pupiales,2.99,INVERSIÓN CONSOLIDADA,GASTOS,INVERSIÓN CONSOLIDADA,No Aplica,No Aplica,No Aplica,No Aplica,No Aplica,No Aplica,No Aplica,No Aplica,CUENTAS POR PAGAR,ENTIDADES TERRITORIALES - ADMINISTRACION CENTRAL,ATENCION INTEGRAL DE POBLACION EN SITUACION PERMANENTE DE DESPROTECCION SOCIAL Y/O FAMILIAR,1,NO DEFINIDO,6925192.0,6925192.0,2023,Tercer Trimestre,,,,,,,,,,,,,,,,,,,,,,
4854598,20230901,218552585,Pupiales,2.1.1.01,PLANTA DE PERSONAL PERMANENTE,GASTOS,FUNCIONAMIENTO,GASTOS DE PERSONAL,PLANTA DE PERSONAL PERMANENTE,No Aplica,No Aplica,No Aplica,No Aplica,No Aplica,No Aplica,VIGENCIA ACTUAL,ENTIDADES TERRITORIALES - PERSONERIA,NO DEFINIDO,,NO DEFINIDO,165000000.0,165000000.0,2023,Tercer Trimestre,,,,,,,,,,,,,,,,,,,,,,
4857323,20230901,218552585,Pupiales,2.1.1.01.03,REMUNERACIONES NO CONSTITUTIVAS DE FACTOR SALARIAL,GASTOS,FUNCIONAMIENTO,GASTOS DE PERSONAL,PLANTA DE PERSONAL PERMANENTE,REMUNERACIONES NO CONSTITUTIVAS DE FACTOR SALARIAL,No Aplica,No Aplica,No Aplica,No Aplica,No Aplica,VIGENCIA ACTUAL,ENTIDADES TERRITORIALES - ADMINISTRACION CENTRAL,NO DEFINIDO,,NO DEFINIDO,77189000.0,91464518.0,2023,Tercer Trimestre,,,,,,,,,,,,,,,,,,,,,,
4857476,20230901,218552585,Pupiales,2.99,INVERSIÓN CONSOLIDADA,GASTOS,INVERSIÓN CONSOLIDADA,No Aplica,No Aplica,No Aplica,No Aplica,No Aplica,No Aplica,No Aplica,No Aplica,VIGENCIA ACTUAL,ENTIDADES TERRITORIALES - ADMINISTRACION CENTRAL,CONSOLIDACION PRODUCTIVA DEL SECTOR DE ENERGIA ELECTRICA,0,NO DEFINIDO,351000000.0,386000000.0,2023,Tercer Trimestre,,,,,,,,,,,,,,,,,,,,,,
4857821,20230901,218552585,Pupiales,2.1.1.01.02.008,APORTES A LA ESAP,GASTOS,FUNCIONAMIENTO,GASTOS DE PERSONAL,PLANTA DE PERSONAL PERMANENTE,CONTRIBUCIONES INHERENTES A LA NOMINA,APORTES A LA ESAP,No Aplica,No Aplica,No Aplica,No Aplica,VIGENCIA ACTUAL,ENTIDADES TERRITORIALES - ADMINISTRACION CENTRAL,NO APLICA,0,NO DEFINIDO,3000000.0,3000000.0,2023,Tercer Trimestre,,,,,,,,,,,,,,,,,,,,,,
4858054,20230901,218552585,Pupiales,2.1.1.01.02.007,APORTES AL SENA,GASTOS,FUNCIONAMIENTO,GASTOS DE PERSONAL,PLANTA DE PERSONAL PERMANENTE,CONTRIBUCIONES INHERENTES A LA NOMINA,APORTES AL SENA,No Aplica,No Aplica,No Aplica,No Aplica,VIGENCIA ACTUAL,ENTIDADES TERRITORIALES - ADMINISTRACION CENTRAL,NO APLICA,0,NO DEFINIDO,3000000.0,3000000.0,2023,Tercer Trimestre,,,,,,,,,,,,,,,,,,,,,,
4860673,20230901,218552585,Pupiales,2.1.2.01,ADQUISICION DE ACTIVOS NO FINANCIEROS,GASTOS,FUNCIONAMIENTO,ADQUISICION DE BIENES Y SERVICIOS,ADQUISICION DE ACTIVOS NO FINANCIEROS,No Aplica,No Aplica,No Aplica,No Aplica,No Aplica,No Aplica,VIGENCIA ACTUAL,ENTIDADES TERRITORIALES - ADMINISTRACION CENTRAL,NO DEFINIDO,,NO DEFINIDO,6000000.0,23000000.0,2023,Tercer Trimestre,,,,,,,,,,,,,,,,,,,,,,
4861552,20230901,218552585,Pupiales,2.1.2.01.01.003.03.01,"MAQUINAS PARA OFICINA Y CONTABILIDAD, Y SUS PARTES Y ACCESORIOS",GASTOS,FUNCIONAMIENTO,ADQUISICION DE BIENES Y SERVICIOS,ADQUISICION DE ACTIVOS NO FINANCIEROS,ACTIVOS FIJOS,MAQUINARIA Y EQUIPO,"MAQUINARIA DE OFICINA, CONTABILIDAD E INFORMATICA","MAQUINAS PARA OFICINA Y CONTABILIDAD, Y SUS PARTES Y ACCESORIOS",No Aplica,No Aplica,VIGENCIA ACTUAL,ENTIDADES TERRITORIALES - ADMINISTRACION CENTRAL,NO APLICA,0,NO DEFINIDO,3000000.0,23000000.0,2023,Tercer Trimestre,,,,,,,,,,,,,,,,,,,,,,
4863504,20220301,218552585,Pupiales,1.1.02.06.003,PARTICIPACIONES DISTINTAS DEL SGP,INGRESOS,INGRESOS CORRIENTES,INGRESOS NO TRIBUTARIOS,TRANSFERENCIAS CORRIENTES,PARTICIPACIONES DISTINTAS DEL SGP,No Aplica,No Aplica,No Aplica,No Aplica,No Aplica,,,,,,,,2022,Primer Trimestre,50000000.0,50000000.0,,,,,,,,,,,,,,,,,,,,
4863743,20220301,218552585,Pupiales,1.1.02.01,CONTRIBUCIONES,INGRESOS,INGRESOS CORRIENTES,INGRESOS NO TRIBUTARIOS,CONTRIBUCIONES,No Aplica,No Aplica,No Aplica,No Aplica,No Aplica,No Aplica,,,,,,,,2022,Primer Trimestre,102000000.0,102000000.0,,,,,,,,,,,,,,,,,,,,
4864963,20211201,218552585,Pupiales,1.2.01.02.003,DISPOSICION DE ACTIVOS NO PRODUCIDOS,INGRESOS,RECURSOS DE CAPITAL,DISPOSICION DE ACTIVOS,DISPOSICION DE ACTIVOS NO FINANCIEROS,DISPOSICION DE ACTIVOS NO PRODUCIDOS,No Aplica,No Aplica,No Aplica,No Aplica,No Aplica,,,,,,,,2021,Cuarto Trimestre,242000000.0,0.0,,,,,,,,,,,,,,,,,,,,
4867206,20220301,218552585,Pupiales,1.1.02.06.001.04.01,PROGRAMAS DE ALIMENTACION ESCOLAR,INGRESOS,INGRESOS CORRIENTES,INGRESOS NO TRIBUTARIOS,TRANSFERENCIAS CORRIENTES,SISTEMA GENERAL DE PARTICIPACIONES,ASIGNACIONES ESPECIALES,PROGRAMAS DE ALIMENTACION ESCOLAR,No Aplica,No Aplica,No Aplica,,,,,,,,2022,Primer Trimestre,35663195.0,97406326.0,,,,,,,,,,,,,,,,,,,,
4868025,20210901,218552585,Pupiales,1.1.01.02.204,IMPUESTO DE DELINEACION,INGRESOS,INGRESOS CORRIENTES,INGRESOS TRIBUTARIOS,IMPUESTOS INDIRECTOS,IMPUESTO DE DELINEACION,No Aplica,No Aplica,No Aplica,No Aplica,No Aplica,,,,,,,,2021,Tercer Trimestre,8886187.0,2000000.0,,,,,,,,,,,,,,,,,,,,
4869165,20221201,218552585,Pupiales,1.1.02.06.003.01.02,PARTICIPACION DEL IMPUESTO SOBRE VEHICULOS AUTOMOTORES,INGRESOS,INGRESOS CORRIENTES,INGRESOS NO TRIBUTARIOS,TRANSFERENCIAS CORRIENTES,PARTICIPACIONES DISTINTAS DEL SGP,PARTICIPACION EN IMPUESTOS,PARTICIPACION DEL IMPUESTO SOBRE VEHICULOS AUTOMOTORES,No Aplica,No Aplica,No Aplica,,,,,,,,2022,Cuarto Trimestre,62342254.0,50000000.0,,,,,,,,,,,,,,,,,,,,
4870362,20230601,218552585,Pupiales,1.1.02.06.003.01,PARTICIPACION EN IMPUESTOS,INGRESOS,INGRESOS CORRIENTES,INGRESOS NO TRIBUTARIOS,TRANSFERENCIAS CORRIENTES,PARTICIPACIONES DISTINTAS DEL SGP,PARTICIPACION EN IMPUESTOS,No Aplica,No Aplica,No Aplica,No Aplica,,,,,,,,2023,Segundo Trimestre,50000000.0,50000000.0,,,,,,,,,,,,,,,,,,,,
4871230,20220901,218552585,Pupiales,1.1.01.02,IMPUESTOS INDIRECTOS,INGRESOS,INGRESOS CORRIENTES,INGRESOS TRIBUTARIOS,IMPUESTOS INDIRECTOS,No Aplica,No Aplica,No Aplica,No Aplica,No Aplica,No Aplica,,,,,,,,2022,Tercer Trimestre,963373386.0,791004000.0,,,,,,,,,,,,,,,,,,,,
4873004,20210301,218552585,Pupiales,1.1.01.02.200.03,IMPUESTO DE INDUSTRIA Y COMERCIO - SOBRE ACTIVIDADES DE SERVICIOS,INGRESOS,INGRESOS CORRIENTES,INGRESOS TRIBUTARIOS,IMPUESTOS INDIRECTOS,IMPUESTO DE INDUSTRIA Y COMERCIO,IMPUESTO DE INDUSTRIA Y COMERCIO - SOBRE ACTIVIDADES DE SERVICIOS,No Aplica,No Aplica,No Aplica,No Aplica,,,,,,,,2021,Primer Trimestre,150000000.0,150000000.0,,,,,,,,,,,,,,,,,,,,
4875886,20211201,218552585,Pupiales,1.2.10,RECURSOS DEL BALANCE,INGRESOS,RECURSOS DE CAPITAL,RECURSOS DEL BALANCE,No Aplica,No Aplica,No Aplica,No Aplica,No Aplica,No Aplica,No Aplica,,,,,,,,2021,Cuarto Trimestre,901621098.0,0.0,,,,,,,,,,,,,,,,,,,,
4876553,20210301,218552585,Pupiales,1.1.02.03.001.22,MULTAS AMBIENTALES,INGRESOS,INGRESOS CORRIENTES,INGRESOS NO TRIBUTARIOS,"MULTAS, SANCIONES E INTERESES DE MORA",MULTAS Y SANCIONES,MULTAS AMBIENTALES,No Aplica,No Aplica,No Aplica,No Aplica,,,,,,,,2021,Primer Trimestre,1000.0,1000.0,,,,,,,,,,,,,,,,,,,,
4877556,20210601,218552585,Pupiales,1.1.01.01.014.01,SOBRETASA AMBIENTAL - URBANO,INGRESOS,INGRESOS CORRIENTES,INGRESOS TRIBUTARIOS,IMPUESTOS DIRECTOS,SOBRETASA AMBIENTAL,SOBRETASA AMBIENTAL - URBANO,No Aplica,No Aplica,No Aplica,No Aplica,,,,,,,,2021,Segundo Trimestre,25000000.0,25000000.0,,,,,,,,,,,,,,,,,,,,
4877627,20221201,218552585,Pupiales,1.1.02.03,"MULTAS, SANCIONES E INTERESES DE MORA",INGRESOS,INGRESOS CORRIENTES,INGRESOS NO TRIBUTARIOS,"MULTAS, SANCIONES E INTERESES DE MORA",No Aplica,No Aplica,No Aplica,No Aplica,No Aplica,No Aplica,,,,,,,,2022,Cuarto Trimestre,67031166.0,30001000.0,,,,,,,,,,,,,,,,,,,,
4880939,20230601,218552585,Pupiales,1.1.02.06.001.02,PARTICIPACION PARA SALUD,INGRESOS,INGRESOS CORRIENTES,INGRESOS NO TRIBUTARIOS,TRANSFERENCIAS CORRIENTES,SISTEMA GENERAL DE PARTICIPACIONES,PARTICIPACION PARA SALUD,No Aplica,No Aplica,No Aplica,No Aplica,,,,,,,,2023,Segundo Trimestre,7435961070.0,7129517210.0,,,,,,,,,,,,,,,,,,,,
4881154,20211201,218552585,Pupiales,1.1.02.06.009.01,SISTEMA GENERAL DE SEGURIDAD SOCIAL EN SALUD,INGRESOS,INGRESOS CORRIENTES,INGRESOS NO TRIBUTARIOS,TRANSFERENCIAS CORRIENTES,RECURSOS DEL SISTEMA DE SEGURIDAD SOCIAL INTEGRAL,SISTEMA GENERAL DE SEGURIDAD SOCIAL EN SALUD,No Aplica,No Aplica,No Aplica,No Aplica,,,,,,,,2021,Cuarto Trimestre,9167371773.0,7777949925.0,,,,,,,,,,,,,,,,,,,,
4881454,20221201,218552585,Pupiales,1.1.02.07,PARTICIPACION Y DERECHOS POR MONOPOLIO,INGRESOS,INGRESOS CORRIENTES,INGRESOS NO TRIBUTARIOS,PARTICIPACION Y DERECHOS POR MONOPOLIO,No Aplica,No Aplica,No Aplica,No Aplica,No Aplica,No Aplica,,,,,,,,2022,Cuarto Trimestre,252471826.0,240105489.0,,,,,,,,,,,,,,,,,,,,
4881905,20230601,218552585,Pupiales,1.1.02.06.001.02.01,REGIMEN SUBSIDIADO,INGRESOS,INGRESOS CORRIENTES,INGRESOS NO TRIBUTARIOS,TRANSFERENCIAS CORRIENTES,SISTEMA GENERAL DE PARTICIPACIONES,PARTICIPACION PARA SALUD,REGIMEN SUBSIDIADO,No Aplica,No Aplica,No Aplica,,,,,,,,2023,Segundo Trimestre,6952528779.0,6675307441.0,,,,,,,,,,,,,,,,,,,,
4882920,20220601,218552585,Pupiales,1.1.02.06.001.01.03.02,CALIDADPOR GRATUIDAD,INGRESOS,INGRESOS CORRIENTES,INGRESOS NO TRIBUTARIOS,TRANSFERENCIAS CORRIENTES,SISTEMA GENERAL DE PARTICIPACIONES,PARTICIPACION PARA EDUCACION,CALIDAD,CALIDADPOR GRATUIDAD,No Aplica,No Aplica,,,,,,,,2022,Segundo Trimestre,189241994.0,239694142.0,,,,,,,,,,,,,,,,,,,,
4884413,20210601,218552585,Pupiales,1.1.02.06.001.03.02,CULTURA,INGRESOS,INGRESOS CORRIENTES,INGRESOS NO TRIBUTARIOS,TRANSFERENCIAS CORRIENTES,SISTEMA GENERAL DE PARTICIPACIONES,PARTICIPACION PARA PROPOSITO GENERAL,CULTURA,No Aplica,No Aplica,No Aplica,,,,,,,,2021,Segundo Trimestre,55950633.0,69437994.0,,,,,,,,,,,,,,,,,,,,
4884838,20210901,218552585,Pupiales,1.1.01.02.216,IMPUESTO DE ESPECTACULOS PUBLICOS MUNICIPAL,INGRESOS,INGRESOS CORRIENTES,INGRESOS TRIBUTARIOS,IMPUESTOS INDIRECTOS,IMPUESTO DE ESPECTACULOS PUBLICOS MUNICIPAL,No Aplica,No Aplica,No Aplica,No Aplica,No Aplica,,,,,,,,2021,Tercer Trimestre,100000.0,100000.0,,,,,,,,,,,,,,,,,,,,
4885139,20210301,218552585,Pupiales,1.1.01.02.201,IMPUESTO COMPLEMENTARIO DE AVISOS Y TABLEROS,INGRESOS,INGRESOS CORRIENTES,INGRESOS TRIBUTARIOS,IMPUESTOS INDIRECTOS,IMPUESTO COMPLEMENTARIO DE AVISOS Y TABLEROS,No Aplica,No Aplica,No Aplica,No Aplica,No Aplica,,,,,,,,2021,Primer Trimestre,33000000.0,33000000.0,,,,,,,,,,,,,,,,,,,,
4887724,20220601,218552585,Pupiales,1.1.01.01.014.01,SOBRETASA AMBIENTAL - URBANO,INGRESOS,INGRESOS CORRIENTES,INGRESOS TRIBUTARIOS,IMPUESTOS DIRECTOS,SOBRETASA AMBIENTAL,SOBRETASA AMBIENTAL - URBANO,No Aplica,No Aplica,No Aplica,No Aplica,,,,,,,,2022,Segundo Trimestre,25000000.0,25000000.0,,,,,,,,,,,,,,,,,,,,
4888537,20220901,218552585,Pupiales,1.1.02.05.002.08,SERVICIOS PRESTADOS A LAS EMPRESAS Y SERVICIOS DE PRODUCCION,INGRESOS,INGRESOS CORRIENTES,INGRESOS NO TRIBUTARIOS,VENTA DE BIENES Y SERVICIOS,VENTAS INCIDENTALES DE ESTABLECIMIENTOS NO DE MERCADO,SERVICIOS PRESTADOS A LAS EMPRESAS Y SERVICIOS DE PRODUCCION,No Aplica,No Aplica,No Aplica,No Aplica,,,,,,,,2022,Tercer Trimestre,1000.0,1000.0,,,,,,,,,,,,,,,,,,,,
4889467,20210601,218552585,Pupiales,1.2.01,DISPOSICION DE ACTIVOS,INGRESOS,RECURSOS DE CAPITAL,DISPOSICION DE ACTIVOS,No Aplica,No Aplica,No Aplica,No Aplica,No Aplica,No Aplica,No Aplica,,,,,,,,2021,Segundo Trimestre,242000000.0,0.0,,,,,,,,,,,,,,,,,,,,
4890355,20210901,218552585,Pupiales,1.1.02.01.005,CONTRIBUCIONES DIVERSAS,INGRESOS,INGRESOS CORRIENTES,INGRESOS NO TRIBUTARIOS,CONTRIBUCIONES,CONTRIBUCIONES DIVERSAS,No Aplica,No Aplica,No Aplica,No Aplica,No Aplica,,,,,,,,2021,Tercer Trimestre,102000000.0,102000000.0,,,,,,,,,,,,,,,,,,,,
4890532,20220901,218552585,Pupiales,1.1.02.03.001.20.02,MULTAS CODIGO NACIONAL DE SEGURIDAD Y CONVIVENCIA CIUDADANA - MULTAS ESPECIALES,INGRESOS,INGRESOS CORRIENTES,INGRESOS NO TRIBUTARIOS,"MULTAS, SANCIONES E INTERESES DE MORA",MULTAS Y SANCIONES,MULTAS CODIGO NACIONAL DE SEGURIDAD Y CONVIVENCIA CIUDADANA,MULTAS CODIGO NACIONAL DE SEGURIDAD Y CONVIVENCIA CIUDADANA - MULTAS ESPECIALES,No Aplica,No Aplica,No Aplica,,,,,,,,2022,Tercer Trimestre,1000000.0,1000000.0,,,,,,,,,,,,,,,,,,,,
4890829,20230301,218552585,Pupiales,1.1.02.06.001.02.01,REGIMEN SUBSIDIADO,INGRESOS,INGRESOS CORRIENTES,INGRESOS NO TRIBUTARIOS,TRANSFERENCIAS CORRIENTES,SISTEMA GENERAL DE PARTICIPACIONES,PARTICIPACION PARA SALUD,REGIMEN SUBSIDIADO,No Aplica,No Aplica,No Aplica,,,,,,,,2023,Primer Trimestre,2466587168.0,2347008536.0,,,,,,,,,,,,,,,,,,,,
4891714,20220301,218552585,Pupiales,1.2.12.10,POR LA DEVOLUCION DE RECURSOS SGP PROPOSITO GENERAL,INGRESOS,RECURSOS DE CAPITAL,RETIROS FONPET,POR LA DEVOLUCION DE RECURSOS SGP PROPOSITO GENERAL,No Aplica,No Aplica,No Aplica,No Aplica,No Aplica,No Aplica,,,,,,,,2022,Primer Trimestre,109245366.0,109245366.0,,,,,,,,,,,,,,,,,,,,
4891918,20220301,218552585,Pupiales,1.1.01.02.212,SOBRETASA BOMBERIL,INGRESOS,INGRESOS CORRIENTES,INGRESOS TRIBUTARIOS,IMPUESTOS INDIRECTOS,SOBRETASA BOMBERIL,No Aplica,No Aplica,No Aplica,No Aplica,No Aplica,,,,,,,,2022,Primer Trimestre,10000000.0,10000000.0,,,,,,,,,,,,,,,,,,,,
4892328,20230601,218552585,Pupiales,1.1.02.06.001,SISTEMA GENERAL DE PARTICIPACIONES,INGRESOS,INGRESOS CORRIENTES,INGRESOS NO TRIBUTARIOS,TRANSFERENCIAS CORRIENTES,SISTEMA GENERAL DE PARTICIPACIONES,No Aplica,No Aplica,No Aplica,No Aplica,No Aplica,,,,,,,,2023,Segundo Trimestre,13644226050.0,12816323790.0,,,,,,,,,,,,,,,,,,,,
4893553,20220301,218552585,Pupiales,1.1.02.06.001.03.04,"PROPOSITO GENERAL LIBRE DESTINACION MUNICIPIOS CATEGORIAS 4, 5 Y 6",INGRESOS,INGRESOS CORRIENTES,INGRESOS NO TRIBUTARIOS,TRANSFERENCIAS CORRIENTES,SISTEMA GENERAL DE PARTICIPACIONES,PARTICIPACION PARA PROPOSITO GENERAL,"PROPOSITO GENERAL LIBRE DESTINACION MUNICIPIOS CATEGORIAS 4, 5 Y 6",No Aplica,No Aplica,No Aplica,,,,,,,,2022,Primer Trimestre,1552550513.0,1552550513.0,,,,,,,,,,,,,,,,,,,,
4894610,20211201,218552585,Pupiales,1.1.02.03,"MULTAS, SANCIONES E INTERESES DE MORA",INGRESOS,INGRESOS CORRIENTES,INGRESOS NO TRIBUTARIOS,"MULTAS, SANCIONES E INTERESES DE MORA",No Aplica,No Aplica,No Aplica,No Aplica,No Aplica,No Aplica,,,,,,,,2021,Cuarto Trimestre,41839580.0,25501000.0,,,,,,,,,,,,,,,,,,,,
4895827,20220601,218552585,Pupiales,1.1.01.02.212,SOBRETASA BOMBERIL,INGRESOS,INGRESOS CORRIENTES,INGRESOS TRIBUTARIOS,IMPUESTOS INDIRECTOS,SOBRETASA BOMBERIL,No Aplica,No Aplica,No Aplica,No Aplica,No Aplica,,,,,,,,2022,Segundo Trimestre,10000000.0,10000000.0,,,,,,,,,,,,,,,,,,,,
4897196,20220301,218552585,Pupiales,1.1.02.03.002,INTERESES DE MORA,INGRESOS,INGRESOS CORRIENTES,INGRESOS NO TRIBUTARIOS,"MULTAS, SANCIONES E INTERESES DE MORA",INTERESES DE MORA,No Aplica,No Aplica,No Aplica,No Aplica,No Aplica,,,,,,,,2022,Primer Trimestre,3000000.0,3000000.0,,,,,,,,,,,,,,,,,,,,
4900162,20220301,218552585,Pupiales,1.1.01.02.200.02,IMPUESTO DE INDUSTRIA Y COMERCIO - SOBRE ACTIVIDADES INDUSTRIALES,INGRESOS,INGRESOS CORRIENTES,INGRESOS TRIBUTARIOS,IMPUESTOS INDIRECTOS,IMPUESTO DE INDUSTRIA Y COMERCIO,IMPUESTO DE INDUSTRIA Y COMERCIO - SOBRE ACTIVIDADES INDUSTRIALES,No Aplica,No Aplica,No Aplica,No Aplica,,,,,,,,2022,Primer Trimestre,10000000.0,10000000.0,,,,,,,,,,,,,,,,,,,,
4901709,20220601,218552585,Pupiales,1.1.02.06.001.02.04,SUBSIDIO A LA OFERTA,INGRESOS,INGRESOS CORRIENTES,INGRESOS NO TRIBUTARIOS,TRANSFERENCIAS CORRIENTES,SISTEMA GENERAL DE PARTICIPACIONES,PARTICIPACION PARA SALUD,SUBSIDIO A LA OFERTA,No Aplica,No Aplica,No Aplica,,,,,,,,2022,Segundo Trimestre,216860475.0,209504409.0,,,,,,,,,,,,,,,,,,,,
4902350,20220901,218552585,Pupiales,1.1.01,INGRESOS TRIBUTARIOS,INGRESOS,INGRESOS CORRIENTES,INGRESOS TRIBUTARIOS,No Aplica,No Aplica,No Aplica,No Aplica,No Aplica,No Aplica,No Aplica,,,,,,,,2022,Tercer Trimestre,1343677600.0,1158004000.0,,,,,,,,,,,,,,,,,,,,
4903198,20230601,218552585,Pupiales,1.1.02.06.009.01.06,RECURSOS ADRES - COFINANCIACION UPC REGIMEN SUBSIDIADO,INGRESOS,INGRESOS CORRIENTES,INGRESOS NO TRIBUTARIOS,TRANSFERENCIAS CORRIENTES,RECURSOS DEL SISTEMA DE SEGURIDAD SOCIAL INTEGRAL,SISTEMA GENERAL DE SEGURIDAD SOCIAL EN SALUD,RECURSOS ADRES - COFINANCIACION UPC REGIMEN SUBSIDIADO,No Aplica,No Aplica,No Aplica,,,,,,,,2023,Segundo Trimestre,13601782158.0,7777949925.0,,,,,,,,,,,,,,,,,,,,
4905025,20211201,218552585,Pupiales,1.1.02.02.087,TASAS POR EL DERECHO DE PARQUEO SOBRE LAS VIAS PUBLICAS,INGRESOS,INGRESOS CORRIENTES,INGRESOS NO TRIBUTARIOS,TASAS Y DERECHOS ADMINISTRATIVOS,TASAS POR EL DERECHO DE PARQUEO SOBRE LAS VIAS PUBLICAS,No Aplica,No Aplica,No Aplica,No Aplica,No Aplica,,,,,,,,2021,Cuarto Trimestre,460202.0,1000000.0,,,,,,,,,,,,,,,,,,,,
4905108,20221201,218552585,Pupiales,1.1.02.03.001.20.01,MULTAS CODIGO NACIONAL DE SEGURIDAD Y CONVIVENCIA CIUDADANA - MULTAS GENERALES,INGRESOS,INGRESOS CORRIENTES,INGRESOS NO TRIBUTARIOS,"MULTAS, SANCIONES E INTERESES DE MORA",MULTAS Y SANCIONES,MULTAS CODIGO NACIONAL DE SEGURIDAD Y CONVIVENCIA CIUDADANA,MULTAS CODIGO NACIONAL DE SEGURIDAD Y CONVIVENCIA CIUDADANA - MULTAS GENERALES,No Aplica,No Aplica,No Aplica,,,,,,,,2022,Cuarto Trimestre,15761315.0,25000000.0,,,,,,,,,,,,,,,,,,,,
4905277,20210601,218552585,Pupiales,1.1,INGRESOS CORRIENTES,INGRESOS,INGRESOS CORRIENTES,No Aplica,No Aplica,No Aplica,No Aplica,No Aplica,No Aplica,No Aplica,No Aplica,,,,,,,,2021,Segundo Trimestre,21763654311.0,21303243980.0,,,,,,,,,,,,,,,,,,,,
4906556,20220601,218552585,Pupiales,1.1.02.06.001.03.04,"PROPOSITO GENERAL LIBRE DESTINACION MUNICIPIOS CATEGORIAS 4, 5 Y 6",INGRESOS,INGRESOS CORRIENTES,INGRESOS NO TRIBUTARIOS,TRANSFERENCIAS CORRIENTES,SISTEMA GENERAL DE PARTICIPACIONES,PARTICIPACION PARA PROPOSITO GENERAL,"PROPOSITO GENERAL LIBRE DESTINACION MUNICIPIOS CATEGORIAS 4, 5 Y 6",No Aplica,No Aplica,No Aplica,,,,,,,,2022,Segundo Trimestre,1784131340.0,1552550513.0,,,,,,,,,,,,,,,,,,,,
4907322,20211201,218552585,Pupiales,1.1.02.05.002.07,SERVICIOS FINANCIEROS Y SERVICIOS CONEXOS; SERVICIOS INMOBILIARIOS; Y SERVICIOS DE ARRENDAMIENTO Y LEASING,INGRESOS,INGRESOS CORRIENTES,INGRESOS NO TRIBUTARIOS,VENTA DE BIENES Y SERVICIOS,VENTAS INCIDENTALES DE ESTABLECIMIENTOS NO DE MERCADO,SERVICIOS FINANCIEROS Y SERVICIOS CONEXOS; SERVICIOS INMOBILIARIOS; Y SERVICIOS DE ARRENDAMIENTO Y LEASING,No Aplica,No Aplica,No Aplica,No Aplica,,,,,,,,2021,Cuarto Trimestre,12724962.0,10000000.0,,,,,,,,,,,,,,,,,,,,
4907638,20211201,218552585,Pupiales,1.1.02.06.001.02.02,SALUD PUBLICA,INGRESOS,INGRESOS CORRIENTES,INGRESOS NO TRIBUTARIOS,TRANSFERENCIAS CORRIENTES,SISTEMA GENERAL DE PARTICIPACIONES,PARTICIPACION PARA SALUD,SALUD PUBLICA,No Aplica,No Aplica,No Aplica,,,,,,,,2021,Cuarto Trimestre,211155678.0,153621808.0,,,,,,,,,,,,,,,,,,,,
4909435,20221201,218552585,Pupiales,1.1.02.06.006.06,OTRAS UNIDADES DE GOBIERNO,INGRESOS,INGRESOS CORRIENTES,INGRESOS NO TRIBUTARIOS,TRANSFERENCIAS CORRIENTES,TRANSFERENCIAS DE OTRAS ENTIDADES DEL GOBIERNO GENERAL,OTRAS UNIDADES DE GOBIERNO,No Aplica,No Aplica,No Aplica,No Aplica,,,,,,,,2022,Cuarto Trimestre,742899318.0,348438267.0,,,,,,,,,,,,,,,,,,,,
4910417,20210601,218552585,Pupiales,1.2.01.02,DISPOSICION DE ACTIVOS NO FINANCIEROS,INGRESOS,RECURSOS DE CAPITAL,DISPOSICION DE ACTIVOS,DISPOSICION DE ACTIVOS NO FINANCIEROS,No Aplica,No Aplica,No Aplica,No Aplica,No Aplica,No Aplica,,,,,,,,2021,Segundo Trimestre,242000000.0,0.0,,,,,,,,,,,,,,,,,,,,
4911085,20221201,218552585,Pupiales,1.1.02.01,CONTRIBUCIONES,INGRESOS,INGRESOS CORRIENTES,INGRESOS NO TRIBUTARIOS,CONTRIBUCIONES,No Aplica,No Aplica,No Aplica,No Aplica,No Aplica,No Aplica,,,,,,,,2022,Cuarto Trimestre,164367794.0,102000000.0,,,,,,,,,,,,,,,,,,,,
4911936,20211201,218552585,Pupiales,1.1.02.05.002,VENTAS INCIDENTALES DE ESTABLECIMIENTOS NO DE MERCADO,INGRESOS,INGRESOS CORRIENTES,INGRESOS NO TRIBUTARIOS,VENTA DE BIENES Y SERVICIOS,VENTAS INCIDENTALES DE ESTABLECIMIENTOS NO DE MERCADO,No Aplica,No Aplica,No Aplica,No Aplica,No Aplica,,,,,,,,2021,Cuarto Trimestre,37075774.0,25001000.0,,,,,,,,,,,,,,,,,,,,
4912380,20220301,218552585,Pupiales,1.1.02.06.009,RECURSOS DEL SISTEMA DE SEGURIDAD SOCIAL INTEGRAL,INGRESOS,INGRESOS CORRIENTES,INGRESOS NO TRIBUTARIOS,TRANSFERENCIAS CORRIENTES,RECURSOS DEL SISTEMA DE SEGURIDAD SOCIAL INTEGRAL,No Aplica,No Aplica,No Aplica,No Aplica,No Aplica,,,,,,,,2022,Primer Trimestre,7844630553.0,7844630553.0,,,,,,,,,,,,,,,,,,,,
4916159,20220601,218552585,Pupiales,1.1.02.03.001,MULTAS Y SANCIONES,INGRESOS,INGRESOS CORRIENTES,INGRESOS NO TRIBUTARIOS,"MULTAS, SANCIONES E INTERESES DE MORA",MULTAS Y SANCIONES,No Aplica,No Aplica,No Aplica,No Aplica,No Aplica,,,,,,,,2022,Segundo Trimestre,76629962.0,27001000.0,,,,,,,,,,,,,,,,,,,,
4917449,20210601,218552585,Pupiales,1.2,RECURSOS DE CAPITAL,INGRESOS,RECURSOS DE CAPITAL,No Aplica,No Aplica,No Aplica,No Aplica,No Aplica,No Aplica,No Aplica,No Aplica,,,,,,,,2021,Segundo Trimestre,3906218366.0,130729990.0,,,,,,,,,,,,,,,,,,,,
4917542,20230301,218552585,Pupiales,1.1.02.06.006.01,APORTES NACION,INGRESOS,INGRESOS CORRIENTES,INGRESOS NO TRIBUTARIOS,TRANSFERENCIAS CORRIENTES,TRANSFERENCIAS DE OTRAS ENTIDADES DEL GOBIERNO GENERAL,APORTES NACION,No Aplica,No Aplica,No Aplica,No Aplica,,,,,,,,2023,Primer Trimestre,223984756.0,0.0,,,,,,,,,,,,,,,,,,,,
4918512,20211201,218552585,Pupiales,1.1.01.02.206,IMPUESTO A LAS VENTAS POR EL SISTEMA DE CLUBES,INGRESOS,INGRESOS CORRIENTES,INGRESOS TRIBUTARIOS,IMPUESTOS INDIRECTOS,IMPUESTO A LAS VENTAS POR EL SISTEMA DE CLUBES,No Aplica,No Aplica,No Aplica,No Aplica,No Aplica,,,,,,,,2021,Cuarto Trimestre,0.0,1000.0,,,,,,,,,,,,,,,,,,,,
4918676,20211201,218552585,Pupiales,1.1.01.02.300.55,ESTAMPILLA PRO CULTURA,INGRESOS,INGRESOS CORRIENTES,INGRESOS TRIBUTARIOS,IMPUESTOS INDIRECTOS,ESTAMPILLAS,ESTAMPILLA PRO CULTURA,No Aplica,No Aplica,No Aplica,No Aplica,,,,,,,,2021,Cuarto Trimestre,125000000.0,100000000.0,,,,,,,,,,,,,,,,,,,,
4919580,20210301,218552585,Pupiales,1.2.10,RECURSOS DEL BALANCE,INGRESOS,RECURSOS DE CAPITAL,RECURSOS DEL BALANCE,No Aplica,No Aplica,No Aplica,No Aplica,No Aplica,No Aplica,No Aplica,,,,,,,,2021,Primer Trimestre,829842525.0,0.0,,,,,,,,,,,,,,,,,,,,
4924728,20220601,218552585,Pupiales,1.1.02.06.009.01,SISTEMA GENERAL DE SEGURIDAD SOCIAL EN SALUD,INGRESOS,INGRESOS CORRIENTES,INGRESOS NO TRIBUTARIOS,TRANSFERENCIAS CORRIENTES,RECURSOS DEL SISTEMA DE SEGURIDAD SOCIAL INTEGRAL,SISTEMA GENERAL DE SEGURIDAD SOCIAL EN SALUD,No Aplica,No Aplica,No Aplica,No Aplica,,,,,,,,2022,Segundo Trimestre,7844630553.0,7844630553.0,,,,,,,,,,,,,,,,,,,,
4925287,20210901,218552585,Pupiales,1.1.02.05.002.08,SERVICIOS PRESTADOS A LAS EMPRESAS Y SERVICIOS DE PRODUCCION,INGRESOS,INGRESOS CORRIENTES,INGRESOS NO TRIBUTARIOS,VENTA DE BIENES Y SERVICIOS,VENTAS INCIDENTALES DE ESTABLECIMIENTOS NO DE MERCADO,SERVICIOS PRESTADOS A LAS EMPRESAS Y SERVICIOS DE PRODUCCION,No Aplica,No Aplica,No Aplica,No Aplica,,,,,,,,2021,Tercer Trimestre,1000.0,1000.0,,,,,,,,,,,,,,,,,,,,
4925425,20230601,218552585,Pupiales,1.2.13,REINTEGROS Y OTROS RECURSOS NO APROPIADOS,INGRESOS,RECURSOS DE CAPITAL,REINTEGROS Y OTROS RECURSOS NO APROPIADOS,No Aplica,No Aplica,No Aplica,No Aplica,No Aplica,No Aplica,No Aplica,,,,,,,,2023,Segundo Trimestre,10000000.0,322402147.0,,,,,,,,,,,,,,,,,,,,
4925819,20211201,218552585,Pupiales,1.1.01.01,IMPUESTOS DIRECTOS,INGRESOS,INGRESOS CORRIENTES,INGRESOS TRIBUTARIOS,IMPUESTOS DIRECTOS,No Aplica,No Aplica,No Aplica,No Aplica,No Aplica,No Aplica,,,,,,,,2021,Cuarto Trimestre,518972442.0,315000000.0,,,,,,,,,,,,,,,,,,,,
4925944,20220301,218552585,Pupiales,1.1.01.02.200,IMPUESTO DE INDUSTRIA Y COMERCIO,INGRESOS,INGRESOS CORRIENTES,INGRESOS TRIBUTARIOS,IMPUESTOS INDIRECTOS,IMPUESTO DE INDUSTRIA Y COMERCIO,No Aplica,No Aplica,No Aplica,No Aplica,No Aplica,,,,,,,,2022,Primer Trimestre,250000000.0,250000000.0,,,,,,,,,,,,,,,,,,,,
4926858,20211201,218552585,Pupiales,1.2.07.01,RECURSOS DE CONTRATOS DE EMPRESTITOS INTERNOS,INGRESOS,RECURSOS DE CAPITAL,RECURSOS DE CREDITO INTERNO,RECURSOS DE CONTRATOS DE EMPRESTITOS INTERNOS,No Aplica,No Aplica,No Aplica,No Aplica,No Aplica,No Aplica,,,,,,,,2021,Cuarto Trimestre,1889000000.0,0.0,,,,,,,,,,,,,,,,,,,,
4927738,20210601,218552585,Pupiales,1.1.02.07,PARTICIPACION Y DERECHOS POR MONOPOLIO,INGRESOS,INGRESOS CORRIENTES,INGRESOS NO TRIBUTARIOS,PARTICIPACION Y DERECHOS POR MONOPOLIO,No Aplica,No Aplica,No Aplica,No Aplica,No Aplica,No Aplica,,,,,,,,2021,Segundo Trimestre,240105489.0,275493292.0,,,,,,,,,,,,,,,,,,,,
4927818,20210901,218552585,Pupiales,1.1.02.06.001.01,PARTICIPACION PARA EDUCACION,INGRESOS,INGRESOS CORRIENTES,INGRESOS NO TRIBUTARIOS,TRANSFERENCIAS CORRIENTES,SISTEMA GENERAL DE PARTICIPACIONES,PARTICIPACION PARA EDUCACION,No Aplica,No Aplica,No Aplica,No Aplica,,,,,,,,2021,Tercer Trimestre,443066304.0,480000000.0,,,,,,,,,,,,,,,,,,,,
4928435,20211201,218552585,Pupiales,1.1.01.02.207,IMPUESTO DE CASINOS,INGRESOS,INGRESOS CORRIENTES,INGRESOS TRIBUTARIOS,IMPUESTOS INDIRECTOS,IMPUESTO DE CASINOS,No Aplica,No Aplica,No Aplica,No Aplica,No Aplica,,,,,,,,2021,Cuarto Trimestre,0.0,1000.0,,,,,,,,,,,,,,,,,,,,
4928496,20220901,218552585,Pupiales,1.1.01.01.200,IMPUESTO PREDIAL UNIFICADO,INGRESOS,INGRESOS CORRIENTES,INGRESOS TRIBUTARIOS,IMPUESTOS DIRECTOS,IMPUESTO PREDIAL UNIFICADO,No Aplica,No Aplica,No Aplica,No Aplica,No Aplica,,,,,,,,2022,Tercer Trimestre,322000000.0,322000000.0,,,,,,,,,,,,,,,,,,,,
4930535,20220301,218552585,Pupiales,1.1.01,INGRESOS TRIBUTARIOS,INGRESOS,INGRESOS CORRIENTES,INGRESOS TRIBUTARIOS,No Aplica,No Aplica,No Aplica,No Aplica,No Aplica,No Aplica,No Aplica,,,,,,,,2022,Primer Trimestre,1158004000.0,1158004000.0,,,,,,,,,,,,,,,,,,,,
4931263,20210601,218552585,Pupiales,1.1.02.02.087,TASAS POR EL DERECHO DE PARQUEO SOBRE LAS VIAS PUBLICAS,INGRESOS,INGRESOS CORRIENTES,INGRESOS NO TRIBUTARIOS,TASAS Y DERECHOS ADMINISTRATIVOS,TASAS POR EL DERECHO DE PARQUEO SOBRE LAS VIAS PUBLICAS,No Aplica,No Aplica,No Aplica,No Aplica,No Aplica,,,,,,,,2021,Segundo Trimestre,1000000.0,1000000.0,,,,,,,,,,,,,,,,,,,,
4931925,20210601,218552585,Pupiales,1.1.02.01.005.59,CONTRIBUCION ESPECIAL SOBRE CONTRATOS DE OBRAS PUBLICAS,INGRESOS,INGRESOS CORRIENTES,INGRESOS NO TRIBUTARIOS,CONTRIBUCIONES,CONTRIBUCIONES DIVERSAS,CONTRIBUCION ESPECIAL SOBRE CONTRATOS DE OBRAS PUBLICAS,No Aplica,No Aplica,No Aplica,No Aplica,,,,,,,,2021,Segundo Trimestre,100000000.0,100000000.0,,,,,,,,,,,,,,,,,,,,
4932067,20210301,218552585,Pupiales,1.1.02.06.006.01,APORTES NACION,INGRESOS,INGRESOS CORRIENTES,INGRESOS NO TRIBUTARIOS,TRANSFERENCIAS CORRIENTES,TRANSFERENCIAS DE OTRAS ENTIDADES DEL GOBIERNO GENERAL,APORTES NACION,No Aplica,No Aplica,No Aplica,No Aplica,,,,,,,,2021,Primer Trimestre,1000.0,1000.0,,,,,,,,,,,,,,,,,,,,
4933450,20220301,218552585,Pupiales,1.1.02.06.001.04,ASIGNACIONES ESPECIALES,INGRESOS,INGRESOS CORRIENTES,INGRESOS NO TRIBUTARIOS,TRANSFERENCIAS CORRIENTES,SISTEMA GENERAL DE PARTICIPACIONES,ASIGNACIONES ESPECIALES,No Aplica,No Aplica,No Aplica,No Aplica,,,,,,,,2022,Primer Trimestre,35663195.0,97406326.0,,,,,,,,,,,,,,,,,,,,
4934910,20211201,218552585,Pupiales,1.2.05,RENDIMIENTOS FINANCIEROS,INGRESOS,RECURSOS DE CAPITAL,RENDIMIENTOS FINANCIEROS,No Aplica,No Aplica,No Aplica,No Aplica,No Aplica,No Aplica,No Aplica,,,,,,,,2021,Cuarto Trimestre,8771315.0,15000000.0,,,,,,,,,,,,,,,,,,,,
4935070,20210601,218552585,Pupiales,1.1.02.06.001.01.03,CALIDAD,INGRESOS,INGRESOS CORRIENTES,INGRESOS NO TRIBUTARIOS,TRANSFERENCIAS CORRIENTES,SISTEMA GENERAL DE PARTICIPACIONES,PARTICIPACION PARA EDUCACION,CALIDAD,No Aplica,No Aplica,No Aplica,,,,,,,,2021,Segundo Trimestre,443066304.0,480000000.0,,,,,,,,,,,,,,,,,,,,
4936095,20220601,218552585,Pupiales,1.1.02.06.006,TRANSFERENCIAS DE OTRAS ENTIDADES DEL GOBIERNO GENERAL,INGRESOS,INGRESOS CORRIENTES,INGRESOS NO TRIBUTARIOS,TRANSFERENCIAS CORRIENTES,TRANSFERENCIAS DE OTRAS ENTIDADES DEL GOBIERNO GENERAL,No Aplica,No Aplica,No Aplica,No Aplica,No Aplica,,,,,,,,2022,Segundo Trimestre,368439267.0,348439267.0,,,,,,,,,,,,,,,,,,,,
4936142,20211201,218552585,Pupiales,1.1.02.05.002.08,SERVICIOS PRESTADOS A LAS EMPRESAS Y SERVICIOS DE PRODUCCION,INGRESOS,INGRESOS CORRIENTES,INGRESOS NO TRIBUTARIOS,VENTA DE BIENES Y SERVICIOS,VENTAS INCIDENTALES DE ESTABLECIMIENTOS NO DE MERCADO,SERVICIOS PRESTADOS A LAS EMPRESAS Y SERVICIOS DE PRODUCCION,No Aplica,No Aplica,No Aplica,No Aplica,,,,,,,,2021,Cuarto Trimestre,0.0,1000.0,,,,,,,,,,,,,,,,,,,,
4936226,20221201,218552585,Pupiales,1.1.02.06.001.03.03,PROPOSITO GENERAL LIBRE INVERSION,INGRESOS,INGRESOS CORRIENTES,INGRESOS NO TRIBUTARIOS,TRANSFERENCIAS CORRIENTES,SISTEMA GENERAL DE PARTICIPACIONES,PARTICIPACION PARA PROPOSITO GENERAL,PROPOSITO GENERAL LIBRE INVERSION,No Aplica,No Aplica,No Aplica,,,,,,,,2022,Cuarto Trimestre,2177384337.0,1920195795.0,,,,,,,,,,,,,,,,,,,,
4937157,20220601,218552585,Pupiales,1.1.02.03.001.22,MULTAS AMBIENTALES,INGRESOS,INGRESOS CORRIENTES,INGRESOS NO TRIBUTARIOS,"MULTAS, SANCIONES E INTERESES DE MORA",MULTAS Y SANCIONES,MULTAS AMBIENTALES,No Aplica,No Aplica,No Aplica,No Aplica,,,,,,,,2022,Segundo Trimestre,1000.0,1000.0,,,,,,,,,,,,,,,,,,,,
4938123,20220901,218552585,Pupiales,1.2.12.10,POR LA DEVOLUCION DE RECURSOS SGP PROPOSITO GENERAL,INGRESOS,RECURSOS DE CAPITAL,RETIROS FONPET,POR LA DEVOLUCION DE RECURSOS SGP PROPOSITO GENERAL,No Aplica,No Aplica,No Aplica,No Aplica,No Aplica,No Aplica,,,,,,,,2022,Tercer Trimestre,135334345.0,109245366.0,,,,,,,,,,,,,,,,,,,,
4938645,20211201,218552585,Pupiales,1.2.10.02,SUPERAVIT FISCAL,INGRESOS,RECURSOS DE CAPITAL,RECURSOS DEL BALANCE,SUPERAVIT FISCAL,No Aplica,No Aplica,No Aplica,No Aplica,No Aplica,No Aplica,,,,,,,,2021,Cuarto Trimestre,901621098.0,0.0,,,,,,,,,,,,,,,,,,,,
4943715,20210301,218552585,Pupiales,1.1.02.06.006,TRANSFERENCIAS DE OTRAS ENTIDADES DEL GOBIERNO GENERAL,INGRESOS,INGRESOS CORRIENTES,INGRESOS NO TRIBUTARIOS,TRANSFERENCIAS CORRIENTES,TRANSFERENCIAS DE OTRAS ENTIDADES DEL GOBIERNO GENERAL,No Aplica,No Aplica,No Aplica,No Aplica,No Aplica,,,,,,,,2021,Primer Trimestre,348439267.0,348439267.0,,,,,,,,,,,,,,,,,,,,
4944027,20220301,218552585,Pupiales,1.1.02.06.001.03.02,CULTURA,INGRESOS,INGRESOS CORRIENTES,INGRESOS NO TRIBUTARIOS,TRANSFERENCIAS CORRIENTES,SISTEMA GENERAL DE PARTICIPACIONES,PARTICIPACION PARA PROPOSITO GENERAL,CULTURA,No Aplica,No Aplica,No Aplica,,,,,,,,2022,Primer Trimestre,55950633.0,55950633.0,,,,,,,,,,,,,,,,,,,,
4944288,20210301,218552585,Pupiales,1.1.02.03,"MULTAS, SANCIONES E INTERESES DE MORA",INGRESOS,INGRESOS CORRIENTES,INGRESOS NO TRIBUTARIOS,"MULTAS, SANCIONES E INTERESES DE MORA",No Aplica,No Aplica,No Aplica,No Aplica,No Aplica,No Aplica,,,,,,,,2021,Primer Trimestre,25501000.0,25501000.0,,,,,,,,,,,,,,,,,,,,
4944364,20220301,218552585,Pupiales,1.1.01.01.200.01,IMPUESTO PREDIAL UNIFICADO - URBANO,INGRESOS,INGRESOS CORRIENTES,INGRESOS TRIBUTARIOS,IMPUESTOS DIRECTOS,IMPUESTO PREDIAL UNIFICADO,IMPUESTO PREDIAL UNIFICADO - URBANO,No Aplica,No Aplica,No Aplica,No Aplica,,,,,,,,2022,Primer Trimestre,153000000.0,153000000.0,,,,,,,,,,,,,,,,,,,,
4944689,20210901,218552585,Pupiales,1,INGRESOS,INGRESOS,No Aplica,No Aplica,No Aplica,No Aplica,No Aplica,No Aplica,No Aplica,No Aplica,No Aplica,,,,,,,,2021,Tercer Trimestre,26031299194.0,21433973970.0,,,,,,,,,,,,,,,,,,,,
4945582,20210301,218552585,Pupiales,1.2.08.06,DE OTRAS ENTIDADES DEL GOBIERNO GENERAL,INGRESOS,RECURSOS DE CAPITAL,TRANSFERENCIAS DE CAPITAL,DE OTRAS ENTIDADES DEL GOBIERNO GENERAL,No Aplica,No Aplica,No Aplica,No Aplica,No Aplica,No Aplica,,,,,,,,2021,Primer Trimestre,756346212.0,0.0,,,,,,,,,,,,,,,,,,,,
4945602,20211201,218552585,Pupiales,1.1.02.03.001.22,MULTAS AMBIENTALES,INGRESOS,INGRESOS CORRIENTES,INGRESOS NO TRIBUTARIOS,"MULTAS, SANCIONES E INTERESES DE MORA",MULTAS Y SANCIONES,MULTAS AMBIENTALES,No Aplica,No Aplica,No Aplica,No Aplica,,,,,,,,2021,Cuarto Trimestre,0.0,1000.0,,,,,,,,,,,,,,,,,,,,
4945801,20210901,218552585,Pupiales,1.1.02.03,"MULTAS, SANCIONES E INTERESES DE MORA",INGRESOS,INGRESOS CORRIENTES,INGRESOS NO TRIBUTARIOS,"MULTAS, SANCIONES E INTERESES DE MORA",No Aplica,No Aplica,No Aplica,No Aplica,No Aplica,No Aplica,,,,,,,,2021,Tercer Trimestre,37344072.0,25501000.0,,,,,,,,,,,,,,,,,,,,
4947886,20210601,218552585,Pupiales,1.1.01.02.200.01,IMPUESTO DE INDUSTRIA Y COMERCIO - SOBRE ACTIVIDADES COMERCIALES,INGRESOS,INGRESOS CORRIENTES,INGRESOS TRIBUTARIOS,IMPUESTOS INDIRECTOS,IMPUESTO DE INDUSTRIA Y COMERCIO,IMPUESTO DE INDUSTRIA Y COMERCIO - SOBRE ACTIVIDADES COMERCIALES,No Aplica,No Aplica,No Aplica,No Aplica,,,,,,,,2021,Segundo Trimestre,60000000.0,60000000.0,,,,,,,,,,,,,,,,,,,,
4948395,20210601,218552585,Pupiales,1.2.07.01.001,BANCA COMERCIAL,INGRESOS,RECURSOS DE CAPITAL,RECURSOS DE CREDITO INTERNO,RECURSOS DE CONTRATOS DE EMPRESTITOS INTERNOS,BANCA COMERCIAL,No Aplica,No Aplica,No Aplica,No Aplica,No Aplica,,,,,,,,2021,Segundo Trimestre,1889000000.0,0.0,,,,,,,,,,,,,,,,,,,,
4948886,20220601,218552585,Pupiales,1.1.02.03.001.20.01,MULTAS CODIGO NACIONAL DE SEGURIDAD Y CONVIVENCIA CIUDADANA - MULTAS GENERALES,INGRESOS,INGRESOS CORRIENTES,INGRESOS NO TRIBUTARIOS,"MULTAS, SANCIONES E INTERESES DE MORA",MULTAS Y SANCIONES,MULTAS CODIGO NACIONAL DE SEGURIDAD Y CONVIVENCIA CIUDADANA,MULTAS CODIGO NACIONAL DE SEGURIDAD Y CONVIVENCIA CIUDADANA - MULTAS GENERALES,No Aplica,No Aplica,No Aplica,,,,,,,,2022,Segundo Trimestre,25000000.0,25000000.0,,,,,,,,,,,,,,,,,,,,
4949254,20210301,218552585,Pupiales,1.1.02.03.001.11,SANCIONES TRIBUTARIAS,INGRESOS,INGRESOS CORRIENTES,INGRESOS NO TRIBUTARIOS,"MULTAS, SANCIONES E INTERESES DE MORA",MULTAS Y SANCIONES,SANCIONES TRIBUTARIAS,No Aplica,No Aplica,No Aplica,No Aplica,,,,,,,,2021,Primer Trimestre,500000.0,500000.0,,,,,,,,,,,,,,,,,,,,
4950019,20220301,218552585,Pupiales,1.1.02.06.009.01.06,RECURSOS ADRES - COFINANCIACION UPC REGIMEN SUBSIDIADO,INGRESOS,INGRESOS CORRIENTES,INGRESOS NO TRIBUTARIOS,TRANSFERENCIAS CORRIENTES,RECURSOS DEL SISTEMA DE SEGURIDAD SOCIAL INTEGRAL,SISTEMA GENERAL DE SEGURIDAD SOCIAL EN SALUD,RECURSOS ADRES - COFINANCIACION UPC REGIMEN SUBSIDIADO,No Aplica,No Aplica,No Aplica,,,,,,,,2022,Primer Trimestre,7777949925.0,7777949925.0,,,,,,,,,,,,,,,,,,,,
4950394,20220601,218552585,Pupiales,1.1.02.05.002.09,"SERVICIOS PARA LA COMUNIDAD, SOCIALES Y PERSONALES",INGRESOS,INGRESOS CORRIENTES,INGRESOS NO TRIBUTARIOS,VENTA DE BIENES Y SERVICIOS,VENTAS INCIDENTALES DE ESTABLECIMIENTOS NO DE MERCADO,"SERVICIOS PARA LA COMUNIDAD, SOCIALES Y PERSONALES",No Aplica,No Aplica,No Aplica,No Aplica,,,,,,,,2022,Segundo Trimestre,15000000.0,15000000.0,,,,,,,,,,,,,,,,,,,,
4950417,20221201,218552585,Pupiales,1.1.02.06.001.05,AGUA POTABLE Y SANEAMIENTO BASICO,INGRESOS,INGRESOS CORRIENTES,INGRESOS NO TRIBUTARIOS,TRANSFERENCIAS CORRIENTES,SISTEMA GENERAL DE PARTICIPACIONES,AGUA POTABLE Y SANEAMIENTO BASICO,No Aplica,No Aplica,No Aplica,No Aplica,,,,,,,,2022,Cuarto Trimestre,1044588653.0,1150677680.0,,,,,,,,,,,,,,,,,,,,
4950447,20210601,218552585,Pupiales,1.1.02.02,TASAS Y DERECHOS ADMINISTRATIVOS,INGRESOS,INGRESOS CORRIENTES,INGRESOS NO TRIBUTARIOS,TASAS Y DERECHOS ADMINISTRATIVOS,No Aplica,No Aplica,No Aplica,No Aplica,No Aplica,No Aplica,,,,,,,,2021,Segundo Trimestre,1001000.0,1001000.0,,,,,,,,,,,,,,,,,,,,
4950927,20220601,218552585,Pupiales,1.1.02.03,"MULTAS, SANCIONES E INTERESES DE MORA",INGRESOS,INGRESOS CORRIENTES,INGRESOS NO TRIBUTARIOS,"MULTAS, SANCIONES E INTERESES DE MORA",No Aplica,No Aplica,No Aplica,No Aplica,No Aplica,No Aplica,,,,,,,,2022,Segundo Trimestre,79629962.0,30001000.0,,,,,,,,,,,,,,,,,,,,
4951263,20210901,218552585,Pupiales,1.1.02.06.001.01.03.01,CALIDADPOR MATRICULA OFICIAL,INGRESOS,INGRESOS CORRIENTES,INGRESOS NO TRIBUTARIOS,TRANSFERENCIAS CORRIENTES,SISTEMA GENERAL DE PARTICIPACIONES,PARTICIPACION PARA EDUCACION,CALIDAD,CALIDADPOR MATRICULA OFICIAL,No Aplica,No Aplica,,,,,,,,2021,Tercer Trimestre,213066304.0,250000000.0,,,,,,,,,,,,,,,,,,,,
4953602,20220301,218552585,Pupiales,1.1.02.06.001.03,PARTICIPACION PARA PROPOSITO GENERAL,INGRESOS,INGRESOS CORRIENTES,INGRESOS NO TRIBUTARIOS,TRANSFERENCIAS CORRIENTES,SISTEMA GENERAL DE PARTICIPACIONES,PARTICIPACION PARA PROPOSITO GENERAL,No Aplica,No Aplica,No Aplica,No Aplica,,,,,,,,2022,Primer Trimestre,3603297786.0,3603297786.0,,,,,,,,,,,,,,,,,,,,
4953667,20210301,218552585,Pupiales,1.1.01.01.200,IMPUESTO PREDIAL UNIFICADO,INGRESOS,INGRESOS CORRIENTES,INGRESOS TRIBUTARIOS,IMPUESTOS DIRECTOS,IMPUESTO PREDIAL UNIFICADO,No Aplica,No Aplica,No Aplica,No Aplica,No Aplica,,,,,,,,2021,Primer Trimestre,270000000.0,270000000.0,,,,,,,,,,,,,,,,,,,,
4954459,20221201,218552585,Pupiales,1.1.02.05.002,VENTAS INCIDENTALES DE ESTABLECIMIENTOS NO DE MERCADO,INGRESOS,INGRESOS CORRIENTES,INGRESOS NO TRIBUTARIOS,VENTA DE BIENES Y SERVICIOS,VENTAS INCIDENTALES DE ESTABLECIMIENTOS NO DE MERCADO,No Aplica,No Aplica,No Aplica,No Aplica,No Aplica,,,,,,,,2022,Cuarto Trimestre,1012815920.0,993001000.0,,,,,,,,,,,,,,,,,,,,
4957784,20220301,218552585,Pupiales,1.1.02.03.001,MULTAS Y SANCIONES,INGRESOS,INGRESOS CORRIENTES,INGRESOS NO TRIBUTARIOS,"MULTAS, SANCIONES E INTERESES DE MORA",MULTAS Y SANCIONES,No Aplica,No Aplica,No Aplica,No Aplica,No Aplica,,,,,,,,2022,Primer Trimestre,27001000.0,27001000.0,,,,,,,,,,,,,,,,,,,,
4957922,20230601,218552585,Pupiales,1.1.02.06.009,RECURSOS DEL SISTEMA DE SEGURIDAD SOCIAL INTEGRAL,INGRESOS,INGRESOS CORRIENTES,INGRESOS NO TRIBUTARIOS,TRANSFERENCIAS CORRIENTES,RECURSOS DEL SISTEMA DE SEGURIDAD SOCIAL INTEGRAL,No Aplica,No Aplica,No Aplica,No Aplica,No Aplica,,,,,,,,2023,Segundo Trimestre,13601782158.0,7777949925.0,,,,,,,,,,,,,,,,,,,,
4957957,20230301,218552585,Pupiales,1.1.02.01.005,CONTRIBUCIONES DIVERSAS,INGRESOS,INGRESOS CORRIENTES,INGRESOS NO TRIBUTARIOS,CONTRIBUCIONES,CONTRIBUCIONES DIVERSAS,No Aplica,No Aplica,No Aplica,No Aplica,No Aplica,,,,,,,,2023,Primer Trimestre,60000000.0,60000000.0,,,,,,,,,,,,,,,,,,,,
4960153,20211201,218552585,Pupiales,1.1.02.01.005.59,CONTRIBUCION ESPECIAL SOBRE CONTRATOS DE OBRAS PUBLICAS,INGRESOS,INGRESOS CORRIENTES,INGRESOS NO TRIBUTARIOS,CONTRIBUCIONES,CONTRIBUCIONES DIVERSAS,CONTRIBUCION ESPECIAL SOBRE CONTRATOS DE OBRAS PUBLICAS,No Aplica,No Aplica,No Aplica,No Aplica,,,,,,,,2021,Cuarto Trimestre,105482448.0,100000000.0,,,,,,,,,,,,,,,,,,,,
4960285,20210301,218552585,Pupiales,1.2.08.06.002,CONDICIONADAS A LA ADQUISICION DE UN ACTIVO,INGRESOS,RECURSOS DE CAPITAL,TRANSFERENCIAS DE CAPITAL,DE OTRAS ENTIDADES DEL GOBIERNO GENERAL,CONDICIONADAS A LA ADQUISICION DE UN ACTIVO,No Aplica,No Aplica,No Aplica,No Aplica,No Aplica,,,,,,,,2021,Primer Trimestre,756346212.0,0.0,,,,,,,,,,,,,,,,,,,,
4960615,20210601,218552585,Pupiales,1.1.02.03.001.22,MULTAS AMBIENTALES,INGRESOS,INGRESOS CORRIENTES,INGRESOS NO TRIBUTARIOS,"MULTAS, SANCIONES E INTERESES DE MORA",MULTAS Y SANCIONES,MULTAS AMBIENTALES,No Aplica,No Aplica,No Aplica,No Aplica,,,,,,,,2021,Segundo Trimestre,1000.0,1000.0,,,,,,,,,,,,,,,,,,,,
4961961,20230601,218552585,Pupiales,1.1.01.02.206,IMPUESTO A LAS VENTAS POR EL SISTEMA DE CLUBES,INGRESOS,INGRESOS CORRIENTES,INGRESOS TRIBUTARIOS,IMPUESTOS INDIRECTOS,IMPUESTO A LAS VENTAS POR EL SISTEMA DE CLUBES,No Aplica,No Aplica,No Aplica,No Aplica,No Aplica,,,,,,,,2023,Segundo Trimestre,1000.0,1000.0,,,,,,,,,,,,,,,,,,,,
4962518,20230601,218552585,Pupiales,1.1.02.06.006,TRANSFERENCIAS DE OTRAS ENTIDADES DEL GOBIERNO GENERAL,INGRESOS,INGRESOS CORRIENTES,INGRESOS NO TRIBUTARIOS,TRANSFERENCIAS CORRIENTES,TRANSFERENCIAS DE OTRAS ENTIDADES DEL GOBIERNO GENERAL,No Aplica,No Aplica,No Aplica,No Aplica,No Aplica,,,,,,,,2023,Segundo Trimestre,280194297.0,250000000.0,,,,,,,,,,,,,,,,,,,,
4962970,20210601,218552585,Pupiales,1.1.02.06.009,RECURSOS DEL SISTEMA DE SEGURIDAD SOCIAL INTEGRAL,INGRESOS,INGRESOS CORRIENTES,INGRESOS NO TRIBUTARIOS,TRANSFERENCIAS CORRIENTES,RECURSOS DEL SISTEMA DE SEGURIDAD SOCIAL INTEGRAL,No Aplica,No Aplica,No Aplica,No Aplica,No Aplica,,,,,,,,2021,Segundo Trimestre,7777949925.0,7777949925.0,,,,,,,,,,,,,,,,,,,,
4963234,20220301,218552585,Pupiales,1.1.01.02.200.03,IMPUESTO DE INDUSTRIA Y COMERCIO - SOBRE ACTIVIDADES DE SERVICIOS,INGRESOS,INGRESOS CORRIENTES,INGRESOS TRIBUTARIOS,IMPUESTOS INDIRECTOS,IMPUESTO DE INDUSTRIA Y COMERCIO,IMPUESTO DE INDUSTRIA Y COMERCIO - SOBRE ACTIVIDADES DE SERVICIOS,No Aplica,No Aplica,No Aplica,No Aplica,,,,,,,,2022,Primer Trimestre,5000000.0,5000000.0,,,,,,,,,,,,,,,,,,,,
4964403,20221201,218552585,Pupiales,1.1.02.06.001.03.01,DEPORTE Y RECREACION,INGRESOS,INGRESOS CORRIENTES,INGRESOS NO TRIBUTARIOS,TRANSFERENCIAS CORRIENTES,SISTEMA GENERAL DE PARTICIPACIONES,PARTICIPACION PARA PROPOSITO GENERAL,DEPORTE Y RECREACION,No Aplica,No Aplica,No Aplica,,,,,,,,2022,Cuarto Trimestre,95472028.0,74600845.0,,,,,,,,,,,,,,,,,,,,
4965373,20220901,218552585,Pupiales,1.2.05.02,DEPOSITOS,INGRESOS,RECURSOS DE CAPITAL,RENDIMIENTOS FINANCIEROS,DEPOSITOS,No Aplica,No Aplica,No Aplica,No Aplica,No Aplica,No Aplica,,,,,,,,2022,Tercer Trimestre,10280224.0,10000000.0,,,,,,,,,,,,,,,,,,,,
4967201,20211201,218552585,Pupiales,1.2.08.06.002,CONDICIONADAS A LA ADQUISICION DE UN ACTIVO,INGRESOS,RECURSOS DE CAPITAL,TRANSFERENCIAS DE CAPITAL,DE OTRAS ENTIDADES DEL GOBIERNO GENERAL,CONDICIONADAS A LA ADQUISICION DE UN ACTIVO,No Aplica,No Aplica,No Aplica,No Aplica,No Aplica,,,,,,,,2021,Cuarto Trimestre,765346212.0,0.0,,,,,,,,,,,,,,,,,,,,
4967676,20211201,218552585,Pupiales,1.2.01,DISPOSICION DE ACTIVOS,INGRESOS,RECURSOS DE CAPITAL,DISPOSICION DE ACTIVOS,No Aplica,No Aplica,No Aplica,No Aplica,No Aplica,No Aplica,No Aplica,,,,,,,,2021,Cuarto Trimestre,242000000.0,0.0,,,,,,,,,,,,,,,,,,,,
4968537,20210901,218552585,Pupiales,1.1.01.01,IMPUESTOS DIRECTOS,INGRESOS,INGRESOS CORRIENTES,INGRESOS TRIBUTARIOS,IMPUESTOS DIRECTOS,No Aplica,No Aplica,No Aplica,No Aplica,No Aplica,No Aplica,,,,,,,,2021,Tercer Trimestre,384101907.0,315000000.0,,,,,,,,,,,,,,,,,,,,
4969025,20211201,218552585,Pupiales,1.1.02.03.001.20,MULTAS CODIGO NACIONAL DE SEGURIDAD Y CONVIVENCIA CIUDADANA,INGRESOS,INGRESOS CORRIENTES,INGRESOS NO TRIBUTARIOS,"MULTAS, SANCIONES E INTERESES DE MORA",MULTAS Y SANCIONES,MULTAS CODIGO NACIONAL DE SEGURIDAD Y CONVIVENCIA CIUDADANA,No Aplica,No Aplica,No Aplica,No Aplica,,,,,,,,2021,Cuarto Trimestre,30261235.0,22000000.0,,,,,,,,,,,,,,,,,,,,
4970636,20210901,218552585,Pupiales,1.1.01.02.202,IMPUESTO A LA PUBLICIDAD EXTERIOR VISUAL,INGRESOS,INGRESOS CORRIENTES,INGRESOS TRIBUTARIOS,IMPUESTOS INDIRECTOS,IMPUESTO A LA PUBLICIDAD EXTERIOR VISUAL,No Aplica,No Aplica,No Aplica,No Aplica,No Aplica,,,,,,,,2021,Tercer Trimestre,1000.0,1000.0,,,,,,,,,,,,,,,,,,,,
4971413,20210601,218552585,Pupiales,1.1.02.03.001.20,MULTAS CODIGO NACIONAL DE SEGURIDAD Y CONVIVENCIA CIUDADANA,INGRESOS,INGRESOS CORRIENTES,INGRESOS NO TRIBUTARIOS,"MULTAS, SANCIONES E INTERESES DE MORA",MULTAS Y SANCIONES,MULTAS CODIGO NACIONAL DE SEGURIDAD Y CONVIVENCIA CIUDADANA,No Aplica,No Aplica,No Aplica,No Aplica,,,,,,,,2021,Segundo Trimestre,22000000.0,22000000.0,,,,,,,,,,,,,,,,,,,,
4972748,20210301,218552585,Pupiales,1.1.02.03.002,INTERESES DE MORA,INGRESOS,INGRESOS CORRIENTES,INGRESOS NO TRIBUTARIOS,"MULTAS, SANCIONES E INTERESES DE MORA",INTERESES DE MORA,No Aplica,No Aplica,No Aplica,No Aplica,No Aplica,,,,,,,,2021,Primer Trimestre,3000000.0,3000000.0,,,,,,,,,,,,,,,,,,,,
4974188,20210301,218552585,Pupiales,1.1.02.06.001.03.03,PROPOSITO GENERAL LIBRE INVERSION,INGRESOS,INGRESOS CORRIENTES,INGRESOS NO TRIBUTARIOS,TRANSFERENCIAS CORRIENTES,SISTEMA GENERAL DE PARTICIPACIONES,PARTICIPACION PARA PROPOSITO GENERAL,PROPOSITO GENERAL LIBRE INVERSION,No Aplica,No Aplica,No Aplica,,,,,,,,2021,Primer Trimestre,2040629714.0,2040629714.0,,,,,,,,,,,,,,,,,,,,
4974849,20210901,218552585,Pupiales,1.1.02.01,CONTRIBUCIONES,INGRESOS,INGRESOS CORRIENTES,INGRESOS NO TRIBUTARIOS,CONTRIBUCIONES,No Aplica,No Aplica,No Aplica,No Aplica,No Aplica,No Aplica,,,,,,,,2021,Tercer Trimestre,102000000.0,102000000.0,,,,,,,,,,,,,,,,,,,,
4975413,20210301,218552585,Pupiales,1.1.01.02.212,SOBRETASA BOMBERIL,INGRESOS,INGRESOS CORRIENTES,INGRESOS TRIBUTARIOS,IMPUESTOS INDIRECTOS,SOBRETASA BOMBERIL,No Aplica,No Aplica,No Aplica,No Aplica,No Aplica,,,,,,,,2021,Primer Trimestre,10000000.0,10000000.0,,,,,,,,,,,,,,,,,,,,
4975489,20220601,218552585,Pupiales,1.1.02.06.001.02.02,SALUD PUBLICA,INGRESOS,INGRESOS CORRIENTES,INGRESOS NO TRIBUTARIOS,TRANSFERENCIAS CORRIENTES,SISTEMA GENERAL DE PARTICIPACIONES,PARTICIPACION PARA SALUD,SALUD PUBLICA,No Aplica,No Aplica,No Aplica,,,,,,,,2022,Segundo Trimestre,236465200.0,211155678.0,,,,,,,,,,,,,,,,,,,,
4976132,20210301,218552585,Pupiales,1.1.02.06.001.05,AGUA POTABLE Y SANEAMIENTO BASICO,INGRESOS,INGRESOS CORRIENTES,INGRESOS NO TRIBUTARIOS,TRANSFERENCIAS CORRIENTES,SISTEMA GENERAL DE PARTICIPACIONES,AGUA POTABLE Y SANEAMIENTO BASICO,No Aplica,No Aplica,No Aplica,No Aplica,,,,,,,,2021,Primer Trimestre,1017984270.0,1017984270.0,,,,,,,,,,,,,,,,,,,,
4976232,20211201,218552585,Pupiales,1.1.01.01.200,IMPUESTO PREDIAL UNIFICADO,INGRESOS,INGRESOS CORRIENTES,INGRESOS TRIBUTARIOS,IMPUESTOS DIRECTOS,IMPUESTO PREDIAL UNIFICADO,No Aplica,No Aplica,No Aplica,No Aplica,No Aplica,,,,,,,,2021,Cuarto Trimestre,438959466.0,270000000.0,,,,,,,,,,,,,,,,,,,,
4976604,20220901,218552585,Pupiales,1.1.01.02.207,IMPUESTO DE CASINOS,INGRESOS,INGRESOS CORRIENTES,INGRESOS TRIBUTARIOS,IMPUESTOS INDIRECTOS,IMPUESTO DE CASINOS,No Aplica,No Aplica,No Aplica,No Aplica,No Aplica,,,,,,,,2022,Tercer Trimestre,1000.0,1000.0,,,,,,,,,,,,,,,,,,,,
4977076,20220901,218552585,Pupiales,1.1.01.02.201,IMPUESTO COMPLEMENTARIO DE AVISOS Y TABLEROS,INGRESOS,INGRESOS CORRIENTES,INGRESOS TRIBUTARIOS,IMPUESTOS INDIRECTOS,IMPUESTO COMPLEMENTARIO DE AVISOS Y TABLEROS,No Aplica,No Aplica,No Aplica,No Aplica,No Aplica,,,,,,,,2022,Tercer Trimestre,30000000.0,30000000.0,,,,,,,,,,,,,,,,,,,,
4977753,20210301,218552585,Pupiales,1.1.02.06.001.03,PARTICIPACION PARA PROPOSITO GENERAL,INGRESOS,INGRESOS CORRIENTES,INGRESOS NO TRIBUTARIOS,TRANSFERENCIAS CORRIENTES,SISTEMA GENERAL DE PARTICIPACIONES,PARTICIPACION PARA PROPOSITO GENERAL,No Aplica,No Aplica,No Aplica,No Aplica,,,,,,,,2021,Primer Trimestre,3881479821.0,3881479821.0,,,,,,,,,,,,,,,,,,,,
4978448,20211201,218552585,Pupiales,1.1.02.06.001.03.01,DEPORTE Y RECREACION,INGRESOS,INGRESOS CORRIENTES,INGRESOS NO TRIBUTARIOS,TRANSFERENCIAS CORRIENTES,SISTEMA GENERAL DE PARTICIPACIONES,PARTICIPACION PARA PROPOSITO GENERAL,DEPORTE Y RECREACION,No Aplica,No Aplica,No Aplica,,,,,,,,2021,Cuarto Trimestre,74600845.0,92583992.0,,,,,,,,,,,,,,,,,,,,
4980473,20220601,218552585,Pupiales,1.1.01.01.014.02,SOBRETASA AMBIENTAL -RURAL,INGRESOS,INGRESOS CORRIENTES,INGRESOS TRIBUTARIOS,IMPUESTOS DIRECTOS,SOBRETASA AMBIENTAL,SOBRETASA AMBIENTAL -RURAL,No Aplica,No Aplica,No Aplica,No Aplica,,,,,,,,2022,Segundo Trimestre,20000000.0,20000000.0,,,,,,,,,,,,,,,,,,,,
4982030,20220901,218552585,Pupiales,1.2.05,RENDIMIENTOS FINANCIEROS,INGRESOS,RECURSOS DE CAPITAL,RENDIMIENTOS FINANCIEROS,No Aplica,No Aplica,No Aplica,No Aplica,No Aplica,No Aplica,No Aplica,,,,,,,,2022,Tercer Trimestre,10280224.0,10000000.0,,,,,,,,,,,,,,,,,,,,
4982590,20230601,218552585,Pupiales,1.1.02.03.002,INTERESES DE MORA,INGRESOS,INGRESOS CORRIENTES,INGRESOS NO TRIBUTARIOS,"MULTAS, SANCIONES E INTERESES DE MORA",INTERESES DE MORA,No Aplica,No Aplica,No Aplica,No Aplica,No Aplica,,,,,,,,2023,Segundo Trimestre,2000000.0,2000000.0,,,,,,,,,,,,,,,,,,,,
4982649,20210901,218552585,Pupiales,1.1.02.07.001.05,DERECHOS POR LA EXPLOTACION JUEGOS DE SUERTE Y AZAR DE RIFAS,INGRESOS,INGRESOS CORRIENTES,INGRESOS NO TRIBUTARIOS,PARTICIPACION Y DERECHOS POR MONOPOLIO,DERECHOS POR LA EXPLOTACION JUEGOS DE SUERTE Y AZAR,DERECHOS POR LA EXPLOTACION JUEGOS DE SUERTE Y AZAR DE RIFAS,No Aplica,No Aplica,No Aplica,No Aplica,,,,,,,,2021,Tercer Trimestre,240105489.0,275493292.0,,,,,,,,,,,,,,,,,,,,
4982852,20220901,218552585,Pupiales,1.1.01.02.109,SOBRETASA A LA GASOLINA,INGRESOS,INGRESOS CORRIENTES,INGRESOS TRIBUTARIOS,IMPUESTOS INDIRECTOS,SOBRETASA A LA GASOLINA,No Aplica,No Aplica,No Aplica,No Aplica,No Aplica,,,,,,,,2022,Tercer Trimestre,339822000.0,225000000.0,,,,,,,,,,,,,,,,,,,,
4984084,20220301,218552585,Pupiales,1.1.02.06.009.01.07,TRANSFERENCIA NACIONAL - FINANCIACION DEL REGIMEN SUBSIDIADO EN SALUD - LEY 1530 DE 2012,INGRESOS,INGRESOS CORRIENTES,INGRESOS NO TRIBUTARIOS,TRANSFERENCIAS CORRIENTES,RECURSOS DEL SISTEMA DE SEGURIDAD SOCIAL INTEGRAL,SISTEMA GENERAL DE SEGURIDAD SOCIAL EN SALUD,TRANSFERENCIA NACIONAL - FINANCIACION DEL REGIMEN SUBSIDIADO EN SALUD - LEY 1530 DE 2012,No Aplica,No Aplica,No Aplica,,,,,,,,2022,Primer Trimestre,66680628.0,66680628.0,,,,,,,,,,,,,,,,,,,,
4984369,20210301,218552585,Pupiales,1.1.01,INGRESOS TRIBUTARIOS,INGRESOS,INGRESOS CORRIENTES,INGRESOS TRIBUTARIOS,No Aplica,No Aplica,No Aplica,No Aplica,No Aplica,No Aplica,No Aplica,,,,,,,,2021,Primer Trimestre,1060104000.0,1060104000.0,,,,,,,,,,,,,,,,,,,,
4984834,20211201,218552585,Pupiales,1.1.02.02,TASAS Y DERECHOS ADMINISTRATIVOS,INGRESOS,INGRESOS CORRIENTES,INGRESOS NO TRIBUTARIOS,TASAS Y DERECHOS ADMINISTRATIVOS,No Aplica,No Aplica,No Aplica,No Aplica,No Aplica,No Aplica,,,,,,,,2021,Cuarto Trimestre,460202.0,1001000.0,,,,,,,,,,,,,,,,,,,,
4985233,20220601,218552585,Pupiales,1.1.01.02.214,IMPUESTO DE TRANSPORTE POR OLEODUCTOS Y GASODUCTOS,INGRESOS,INGRESOS CORRIENTES,INGRESOS TRIBUTARIOS,IMPUESTOS INDIRECTOS,IMPUESTO DE TRANSPORTE POR OLEODUCTOS Y GASODUCTOS,No Aplica,No Aplica,No Aplica,No Aplica,No Aplica,,,,,,,,2022,Segundo Trimestre,15000000.0,15000000.0,,,,,,,,,,,,,,,,,,,,
4987469,20230601,218552585,Pupiales,1.1.01.02.211,IMPUESTO DE ALUMBRADO PUBLICO,INGRESOS,INGRESOS CORRIENTES,INGRESOS TRIBUTARIOS,IMPUESTOS INDIRECTOS,IMPUESTO DE ALUMBRADO PUBLICO,No Aplica,No Aplica,No Aplica,No Aplica,No Aplica,,,,,,,,2023,Segundo Trimestre,1000000.0,1000000.0,,,,,,,,,,,,,,,,,,,,
4987619,20210301,218552585,Pupiales,1.1.02.06.001.02.01,REGIMEN SUBSIDIADO,INGRESOS,INGRESOS CORRIENTES,INGRESOS NO TRIBUTARIOS,TRANSFERENCIAS CORRIENTES,SISTEMA GENERAL DE PARTICIPACIONES,PARTICIPACION PARA SALUD,REGIMEN SUBSIDIADO,No Aplica,No Aplica,No Aplica,,,,,,,,2021,Primer Trimestre,5831571134.0,5831571134.0,,,,,,,,,,,,,,,,,,,,
4987960,20230601,218552585,Pupiales,1.1.01.02.214,IMPUESTO DE TRANSPORTE POR OLEODUCTOS Y GASODUCTOS,INGRESOS,INGRESOS CORRIENTES,INGRESOS TRIBUTARIOS,IMPUESTOS INDIRECTOS,IMPUESTO DE TRANSPORTE POR OLEODUCTOS Y GASODUCTOS,No Aplica,No Aplica,No Aplica,No Aplica,No Aplica,,,,,,,,2023,Segundo Trimestre,20000000.0,20000000.0,,,,,,,,,,,,,,,,,,,,
4988268,20221201,218552585,Pupiales,1.1.01.02.200.02,IMPUESTO DE INDUSTRIA Y COMERCIO - SOBRE ACTIVIDADES INDUSTRIALES,INGRESOS,INGRESOS CORRIENTES,INGRESOS TRIBUTARIOS,IMPUESTOS INDIRECTOS,IMPUESTO DE INDUSTRIA Y COMERCIO,IMPUESTO DE INDUSTRIA Y COMERCIO - SOBRE ACTIVIDADES INDUSTRIALES,No Aplica,No Aplica,No Aplica,No Aplica,,,,,,,,2022,Cuarto Trimestre,6256000.0,10000000.0,,,,,,,,,,,,,,,,,,,,
4989681,20230601,218552585,Pupiales,1.1.01.02.200.01,IMPUESTO DE INDUSTRIA Y COMERCIO - SOBRE ACTIVIDADES COMERCIALES,INGRESOS,INGRESOS CORRIENTES,INGRESOS TRIBUTARIOS,IMPUESTOS INDIRECTOS,IMPUESTO DE INDUSTRIA Y COMERCIO,IMPUESTO DE INDUSTRIA Y COMERCIO - SOBRE ACTIVIDADES COMERCIALES,No Aplica,No Aplica,No Aplica,No Aplica,,,,,,,,2023,Segundo Trimestre,120000000.0,120000000.0,,,,,,,,,,,,,,,,,,,,
4990438,20210901,218552585,Pupiales,1.1.02.06.009.01.06,RECURSOS ADRES - COFINANCIACION UPC REGIMEN SUBSIDIADO,INGRESOS,INGRESOS CORRIENTES,INGRESOS NO TRIBUTARIOS,TRANSFERENCIAS CORRIENTES,RECURSOS DEL SISTEMA DE SEGURIDAD SOCIAL INTEGRAL,SISTEMA GENERAL DE SEGURIDAD SOCIAL EN SALUD,RECURSOS ADRES - COFINANCIACION UPC REGIMEN SUBSIDIADO,No Aplica,No Aplica,No Aplica,,,,,,,,2021,Tercer Trimestre,7777949925.0,7777949925.0,,,,,,,,,,,,,,,,,,,,
4990881,20210601,218552585,Pupiales,1.1.02.02.095,PLAZA DE MERCADO,INGRESOS,INGRESOS CORRIENTES,INGRESOS NO TRIBUTARIOS,TASAS Y DERECHOS ADMINISTRATIVOS,PLAZA DE MERCADO,No Aplica,No Aplica,No Aplica,No Aplica,No Aplica,,,,,,,,2021,Segundo Trimestre,1000.0,1000.0,,,,,,,,,,,,,,,,,,,,
4991264,20210901,218552585,Pupiales,1.2,RECURSOS DE CAPITAL,INGRESOS,RECURSOS DE CAPITAL,No Aplica,No Aplica,No Aplica,No Aplica,No Aplica,No Aplica,No Aplica,No Aplica,,,,,,,,2021,Tercer Trimestre,3906218366.0,130729990.0,,,,,,,,,,,,,,,,,,,,
4991608,20210901,218552585,Pupiales,1.1.02.02.095,PLAZA DE MERCADO,INGRESOS,INGRESOS CORRIENTES,INGRESOS NO TRIBUTARIOS,TASAS Y DERECHOS ADMINISTRATIVOS,PLAZA DE MERCADO,No Aplica,No Aplica,No Aplica,No Aplica,No Aplica,,,,,,,,2021,Tercer Trimestre,1000.0,1000.0,,,,,,,,,,,,,,,,,,,,
4994006,20230601,218552585,Pupiales,1.1.01.02.109,SOBRETASA A LA GASOLINA,INGRESOS,INGRESOS CORRIENTES,INGRESOS TRIBUTARIOS,IMPUESTOS INDIRECTOS,SOBRETASA A LA GASOLINA,No Aplica,No Aplica,No Aplica,No Aplica,No Aplica,,,,,,,,2023,Segundo Trimestre,300000000.0,300000000.0,,,,,,,,,,,,,,,,,,,,
4994676,20210601,218552585,Pupiales,1.1.01.02.300.01,ESTAMPILLA PARA EL BIENESTAR DEL ADULTO MAYOR,INGRESOS,INGRESOS CORRIENTES,INGRESOS TRIBUTARIOS,IMPUESTOS INDIRECTOS,ESTAMPILLAS,ESTAMPILLA PARA EL BIENESTAR DEL ADULTO MAYOR,No Aplica,No Aplica,No Aplica,No Aplica,,,,,,,,2021,Segundo Trimestre,150000000.0,150000000.0,,,,,,,,,,,,,,,,,,,,
4995211,20221201,218552585,Pupiales,1.1.01.02.201,IMPUESTO COMPLEMENTARIO DE AVISOS Y TABLEROS,INGRESOS,INGRESOS CORRIENTES,INGRESOS TRIBUTARIOS,IMPUESTOS INDIRECTOS,IMPUESTO COMPLEMENTARIO DE AVISOS Y TABLEROS,No Aplica,No Aplica,No Aplica,No Aplica,No Aplica,,,,,,,,2022,Cuarto Trimestre,21251760.0,30000000.0,,,,,,,,,,,,,,,,,,,,
4997716,20220901,218552585,Pupiales,1.1.01.01.200.02,IMPUESTO PREDIAL UNIFICADO - RURAL,INGRESOS,INGRESOS CORRIENTES,INGRESOS TRIBUTARIOS,IMPUESTOS DIRECTOS,IMPUESTO PREDIAL UNIFICADO,IMPUESTO PREDIAL UNIFICADO - RURAL,No Aplica,No Aplica,No Aplica,No Aplica,,,,,,,,2022,Tercer Trimestre,169000000.0,169000000.0,,,,,,,,,,,,,,,,,,,,
4998481,20230301,218552585,Pupiales,1.1.02.06.001.04,ASIGNACIONES ESPECIALES,INGRESOS,INGRESOS CORRIENTES,INGRESOS NO TRIBUTARIOS,TRANSFERENCIAS CORRIENTES,SISTEMA GENERAL DE PARTICIPACIONES,ASIGNACIONES ESPECIALES,No Aplica,No Aplica,No Aplica,No Aplica,,,,,,,,2023,Primer Trimestre,26868116.0,29745397.0,,,,,,,,,,,,,,,,,,,,
4998578,20220301,218552585,Pupiales,1.1.02.05.002.07,SERVICIOS FINANCIEROS Y SERVICIOS CONEXOS; SERVICIOS INMOBILIARIOS; Y SERVICIOS DE ARRENDAMIENTO Y LEASING,INGRESOS,INGRESOS CORRIENTES,INGRESOS NO TRIBUTARIOS,VENTA DE BIENES Y SERVICIOS,VENTAS INCIDENTALES DE ESTABLECIMIENTOS NO DE MERCADO,SERVICIOS FINANCIEROS Y SERVICIOS CONEXOS; SERVICIOS INMOBILIARIOS; Y SERVICIOS DE ARRENDAMIENTO Y LEASING,No Aplica,No Aplica,No Aplica,No Aplica,,,,,,,,2022,Primer Trimestre,968000000.0,978000000.0,,,,,,,,,,,,,,,,,,,,
4998921,20210301,218552585,Pupiales,1.1.01.02.200.02,IMPUESTO DE INDUSTRIA Y COMERCIO - SOBRE ACTIVIDADES INDUSTRIALES,INGRESOS,INGRESOS CORRIENTES,INGRESOS TRIBUTARIOS,IMPUESTOS INDIRECTOS,IMPUESTO DE INDUSTRIA Y COMERCIO,IMPUESTO DE INDUSTRIA Y COMERCIO - SOBRE ACTIVIDADES INDUSTRIALES,No Aplica,No Aplica,No Aplica,No Aplica,,,,,,,,2021,Primer Trimestre,10000000.0,10000000.0,,,,,,,,,,,,,,,,,,,,
5002347,20211201,218552585,Pupiales,1.1.01.02.200,IMPUESTO DE INDUSTRIA Y COMERCIO,INGRESOS,INGRESOS CORRIENTES,INGRESOS TRIBUTARIOS,IMPUESTOS INDIRECTOS,IMPUESTO DE INDUSTRIA Y COMERCIO,No Aplica,No Aplica,No Aplica,No Aplica,No Aplica,,,,,,,,2021,Cuarto Trimestre,337952312.0,220000000.0,,,,,,,,,,,,,,,,,,,,
5006554,20220901,218552585,Pupiales,1.1.02.05,VENTA DE BIENES Y SERVICIOS,INGRESOS,INGRESOS CORRIENTES,INGRESOS NO TRIBUTARIOS,VENTA DE BIENES Y SERVICIOS,No Aplica,No Aplica,No Aplica,No Aplica,No Aplica,No Aplica,,,,,,,,2022,Tercer Trimestre,1000576373.0,993001000.0,,,,,,,,,,,,,,,,,,,,
5007490,20210901,218552585,Pupiales,1.1.01.02.200,IMPUESTO DE INDUSTRIA Y COMERCIO,INGRESOS,INGRESOS CORRIENTES,INGRESOS TRIBUTARIOS,IMPUESTOS INDIRECTOS,IMPUESTO DE INDUSTRIA Y COMERCIO,No Aplica,No Aplica,No Aplica,No Aplica,No Aplica,,,,,,,,2021,Tercer Trimestre,292893554.0,220000000.0,,,,,,,,,,,,,,,,,,,,
5007700,20221201,218552585,Pupiales,1.1.02.03.001.04,SANCIONES CONTRACTUALES,INGRESOS,INGRESOS CORRIENTES,INGRESOS NO TRIBUTARIOS,"MULTAS, SANCIONES E INTERESES DE MORA",MULTAS Y SANCIONES,SANCIONES CONTRACTUALES,No Aplica,No Aplica,No Aplica,No Aplica,,,,,,,,2022,Cuarto Trimestre,49628962.0,0.0,,,,,,,,,,,,,,,,,,,,
5007712,20220301,218552585,Pupiales,1.1.02.01.005,CONTRIBUCIONES DIVERSAS,INGRESOS,INGRESOS CORRIENTES,INGRESOS NO TRIBUTARIOS,CONTRIBUCIONES,CONTRIBUCIONES DIVERSAS,No Aplica,No Aplica,No Aplica,No Aplica,No Aplica,,,,,,,,2022,Primer Trimestre,102000000.0,102000000.0,,,,,,,,,,,,,,,,,,,,
5008180,20210301,218552585,Pupiales,1.1.02.03.001,MULTAS Y SANCIONES,INGRESOS,INGRESOS CORRIENTES,INGRESOS NO TRIBUTARIOS,"MULTAS, SANCIONES E INTERESES DE MORA",MULTAS Y SANCIONES,No Aplica,No Aplica,No Aplica,No Aplica,No Aplica,,,,,,,,2021,Primer Trimestre,22501000.0,22501000.0,,,,,,,,,,,,,,,,,,,,
5008425,20230601,218552585,Pupiales,1.1.02.06.001.01.03.02,CALIDADPOR GRATUIDAD,INGRESOS,INGRESOS CORRIENTES,INGRESOS NO TRIBUTARIOS,TRANSFERENCIAS CORRIENTES,SISTEMA GENERAL DE PARTICIPACIONES,PARTICIPACION PARA EDUCACION,CALIDAD,CALIDADPOR GRATUIDAD,No Aplica,No Aplica,,,,,,,,2023,Segundo Trimestre,175578393.0,189241994.0,,,,,,,,,,,,,,,,,,,,
5008907,20210901,218552585,Pupiales,1.1.01.01.014.02,SOBRETASA AMBIENTAL -RURAL,INGRESOS,INGRESOS CORRIENTES,INGRESOS TRIBUTARIOS,IMPUESTOS DIRECTOS,SOBRETASA AMBIENTAL,SOBRETASA AMBIENTAL -RURAL,No Aplica,No Aplica,No Aplica,No Aplica,,,,,,,,2021,Tercer Trimestre,20000000.0,20000000.0,,,,,,,,,,,,,,,,,,,,
5009246,20230301,218552585,Pupiales,1.1.02.06.001.05,AGUA POTABLE Y SANEAMIENTO BASICO,INGRESOS,INGRESOS CORRIENTES,INGRESOS NO TRIBUTARIOS,TRANSFERENCIAS CORRIENTES,SISTEMA GENERAL DE PARTICIPACIONES,AGUA POTABLE Y SANEAMIENTO BASICO,No Aplica,No Aplica,No Aplica,No Aplica,,,,,,,,2023,Primer Trimestre,900883044.0,823708143.0,,,,,,,,,,,,,,,,,,,,
5009643,20210901,218552585,Pupiales,1.1.01.01.200,IMPUESTO PREDIAL UNIFICADO,INGRESOS,INGRESOS CORRIENTES,INGRESOS TRIBUTARIOS,IMPUESTOS DIRECTOS,IMPUESTO PREDIAL UNIFICADO,No Aplica,No Aplica,No Aplica,No Aplica,No Aplica,,,,,,,,2021,Tercer Trimestre,322828864.0,270000000.0,,,,,,,,,,,,,,,,,,,,
5011723,20210601,218552585,Pupiales,1.1.01.01.200.01,IMPUESTO PREDIAL UNIFICADO - URBANO,INGRESOS,INGRESOS CORRIENTES,INGRESOS TRIBUTARIOS,IMPUESTOS DIRECTOS,IMPUESTO PREDIAL UNIFICADO,IMPUESTO PREDIAL UNIFICADO - URBANO,No Aplica,No Aplica,No Aplica,No Aplica,,,,,,,,2021,Segundo Trimestre,140000000.0,140000000.0,,,,,,,,,,,,,,,,,,,,
5012454,20230601,218552585,Pupiales,1.1.02.06.001.03,PARTICIPACION PARA PROPOSITO GENERAL,INGRESOS,INGRESOS CORRIENTES,INGRESOS NO TRIBUTARIOS,TRANSFERENCIAS CORRIENTES,SISTEMA GENERAL DE PARTICIPACIONES,PARTICIPACION PARA PROPOSITO GENERAL,No Aplica,No Aplica,No Aplica,No Aplica,,,,,,,,2023,Segundo Trimestre,4449849631.0,4179074090.0,,,,,,,,,,,,,,,,,,,,
5012973,20210601,218552585,Pupiales,1.1.01.02.200.02,IMPUESTO DE INDUSTRIA Y COMERCIO - SOBRE ACTIVIDADES INDUSTRIALES,INGRESOS,INGRESOS CORRIENTES,INGRESOS TRIBUTARIOS,IMPUESTOS INDIRECTOS,IMPUESTO DE INDUSTRIA Y COMERCIO,IMPUESTO DE INDUSTRIA Y COMERCIO - SOBRE ACTIVIDADES INDUSTRIALES,No Aplica,No Aplica,No Aplica,No Aplica,,,,,,,,2021,Segundo Trimestre,10000000.0,10000000.0,,,,,,,,,,,,,,,,,,,,
5013232,20220301,218552585,Pupiales,1.1.02.03,"MULTAS, SANCIONES E INTERESES DE MORA",INGRESOS,INGRESOS CORRIENTES,INGRESOS NO TRIBUTARIOS,"MULTAS, SANCIONES E INTERESES DE MORA",No Aplica,No Aplica,No Aplica,No Aplica,No Aplica,No Aplica,,,,,,,,2022,Primer Trimestre,30001000.0,30001000.0,,,,,,,,,,,,,,,,,,,,
5013514,20210601,218552585,Pupiales,1.1.02.06.001.03,PARTICIPACION PARA PROPOSITO GENERAL,INGRESOS,INGRESOS CORRIENTES,INGRESOS NO TRIBUTARIOS,TRANSFERENCIAS CORRIENTES,SISTEMA GENERAL DE PARTICIPACIONES,PARTICIPACION PARA PROPOSITO GENERAL,No Aplica,No Aplica,No Aplica,No Aplica,,,,,,,,2021,Segundo Trimestre,3603297786.0,3881479821.0,,,,,,,,,,,,,,,,,,,,
5014515,20210901,218552585,Pupiales,1.1.02.06.001.01.03.02,CALIDADPOR GRATUIDAD,INGRESOS,INGRESOS CORRIENTES,INGRESOS NO TRIBUTARIOS,TRANSFERENCIAS CORRIENTES,SISTEMA GENERAL DE PARTICIPACIONES,PARTICIPACION PARA EDUCACION,CALIDAD,CALIDADPOR GRATUIDAD,No Aplica,No Aplica,,,,,,,,2021,Tercer Trimestre,230000000.0,230000000.0,,,,,,,,,,,,,,,,,,,,
5015163,20230301,218552585,Pupiales,1.1.01.02.300.01,ESTAMPILLA PARA EL BIENESTAR DEL ADULTO MAYOR,INGRESOS,INGRESOS CORRIENTES,INGRESOS TRIBUTARIOS,IMPUESTOS INDIRECTOS,ESTAMPILLAS,ESTAMPILLA PARA EL BIENESTAR DEL ADULTO MAYOR,No Aplica,No Aplica,No Aplica,No Aplica,,,,,,,,2023,Primer Trimestre,170000000.0,170000000.0,,,,,,,,,,,,,,,,,,,,
5018048,20230301,218552585,Pupiales,1.1.02.06.001.01.03.01,CALIDADPOR MATRICULA OFICIAL,INGRESOS,INGRESOS CORRIENTES,INGRESOS NO TRIBUTARIOS,TRANSFERENCIAS CORRIENTES,SISTEMA GENERAL DE PARTICIPACIONES,PARTICIPACION PARA EDUCACION,CALIDAD,CALIDADPOR MATRICULA OFICIAL,No Aplica,No Aplica,,,,,,,,2023,Primer Trimestre,54434153.0,65034504.0,,,,,,,,,,,,,,,,,,,,
5021261,20210601,218552585,Pupiales,1.1.02.05.002,VENTAS INCIDENTALES DE ESTABLECIMIENTOS NO DE MERCADO,INGRESOS,INGRESOS CORRIENTES,INGRESOS NO TRIBUTARIOS,VENTA DE BIENES Y SERVICIOS,VENTAS INCIDENTALES DE ESTABLECIMIENTOS NO DE MERCADO,No Aplica,No Aplica,No Aplica,No Aplica,No Aplica,,,,,,,,2021,Segundo Trimestre,25001000.0,25001000.0,,,,,,,,,,,,,,,,,,,,
5021262,20211201,218552585,Pupiales,1.1.02.03.001.20.01,MULTAS CODIGO NACIONAL DE SEGURIDAD Y CONVIVENCIA CIUDADANA - MULTAS GENERALES,INGRESOS,INGRESOS CORRIENTES,INGRESOS NO TRIBUTARIOS,"MULTAS, SANCIONES E INTERESES DE MORA",MULTAS Y SANCIONES,MULTAS CODIGO NACIONAL DE SEGURIDAD Y CONVIVENCIA CIUDADANA,MULTAS CODIGO NACIONAL DE SEGURIDAD Y CONVIVENCIA CIUDADANA - MULTAS GENERALES,No Aplica,No Aplica,No Aplica,,,,,,,,2021,Cuarto Trimestre,30261235.0,20000000.0,,,,,,,,,,,,,,,,,,,,
5021925,20211201,218552585,Pupiales,1.2.08.06,DE OTRAS ENTIDADES DEL GOBIERNO GENERAL,INGRESOS,RECURSOS DE CAPITAL,TRANSFERENCIAS DE CAPITAL,DE OTRAS ENTIDADES DEL GOBIERNO GENERAL,No Aplica,No Aplica,No Aplica,No Aplica,No Aplica,No Aplica,,,,,,,,2021,Cuarto Trimestre,765346212.0,0.0,,,,,,,,,,,,,,,,,,,,
5023154,20210601,218552585,Pupiales,1.1.02.06.003,PARTICIPACIONES DISTINTAS DEL SGP,INGRESOS,INGRESOS CORRIENTES,INGRESOS NO TRIBUTARIOS,TRANSFERENCIAS CORRIENTES,PARTICIPACIONES DISTINTAS DEL SGP,No Aplica,No Aplica,No Aplica,No Aplica,No Aplica,,,,,,,,2021,Segundo Trimestre,45000000.0,45000000.0,,,,,,,,,,,,,,,,,,,,
5023522,20220901,218552585,Pupiales,1.1.02.06.009.01.06,RECURSOS ADRES - COFINANCIACION UPC REGIMEN SUBSIDIADO,INGRESOS,INGRESOS CORRIENTES,INGRESOS NO TRIBUTARIOS,TRANSFERENCIAS CORRIENTES,RECURSOS DEL SISTEMA DE SEGURIDAD SOCIAL INTEGRAL,SISTEMA GENERAL DE SEGURIDAD SOCIAL EN SALUD,RECURSOS ADRES - COFINANCIACION UPC REGIMEN SUBSIDIADO,No Aplica,No Aplica,No Aplica,,,,,,,,2022,Tercer Trimestre,10813480482.0,7777949925.0,,,,,,,,,,,,,,,,,,,,
5024910,20211201,218552585,Pupiales,1.1.01.02.200.01,IMPUESTO DE INDUSTRIA Y COMERCIO - SOBRE ACTIVIDADES COMERCIALES,INGRESOS,INGRESOS CORRIENTES,INGRESOS TRIBUTARIOS,IMPUESTOS INDIRECTOS,IMPUESTO DE INDUSTRIA Y COMERCIO,IMPUESTO DE INDUSTRIA Y COMERCIO - SOBRE ACTIVIDADES COMERCIALES,No Aplica,No Aplica,No Aplica,No Aplica,,,,,,,,2021,Cuarto Trimestre,292919054.0,60000000.0,,,,,,,,,,,,,,,,,,,,
5027496,20221201,218552585,Pupiales,1.1.02.06.001.03.04,"PROPOSITO GENERAL LIBRE DESTINACION MUNICIPIOS CATEGORIAS 4, 5 Y 6",INGRESOS,INGRESOS CORRIENTES,INGRESOS NO TRIBUTARIOS,TRANSFERENCIAS CORRIENTES,SISTEMA GENERAL DE PARTICIPACIONES,PARTICIPACION PARA PROPOSITO GENERAL,"PROPOSITO GENERAL LIBRE DESTINACION MUNICIPIOS CATEGORIAS 4, 5 Y 6",No Aplica,No Aplica,No Aplica,,,,,,,,2022,Cuarto Trimestre,1784131340.0,1552550513.0,,,,,,,,,,,,,,,,,,,,
5028340,20230301,218552585,Pupiales,1.2.13.01,REINTEGROS,INGRESOS,RECURSOS DE CAPITAL,REINTEGROS Y OTROS RECURSOS NO APROPIADOS,REINTEGROS,No Aplica,No Aplica,No Aplica,No Aplica,No Aplica,No Aplica,,,,,,,,2023,Primer Trimestre,17000000.0,17000000.0,,,,,,,,,,,,,,,,,,,,
5029503,20210301,218552585,Pupiales,1.1.02.02,TASAS Y DERECHOS ADMINISTRATIVOS,INGRESOS,INGRESOS CORRIENTES,INGRESOS NO TRIBUTARIOS,TASAS Y DERECHOS ADMINISTRATIVOS,No Aplica,No Aplica,No Aplica,No Aplica,No Aplica,No Aplica,,,,,,,,2021,Primer Trimestre,1001000.0,1001000.0,,,,,,,,,,,,,,,,,,,,
5030473,20220901,218552585,Pupiales,1.1.01.02.200.03,IMPUESTO DE INDUSTRIA Y COMERCIO - SOBRE ACTIVIDADES DE SERVICIOS,INGRESOS,INGRESOS CORRIENTES,INGRESOS TRIBUTARIOS,IMPUESTOS INDIRECTOS,IMPUESTO DE INDUSTRIA Y COMERCIO,IMPUESTO DE INDUSTRIA Y COMERCIO - SOBRE ACTIVIDADES DE SERVICIOS,No Aplica,No Aplica,No Aplica,No Aplica,,,,,,,,2022,Tercer Trimestre,61204286.0,5000000.0,,,,,,,,,,,,,,,,,,,,
5031149,20220901,218552585,Pupiales,1.1.02.06.001.02.04,SUBSIDIO A LA OFERTA,INGRESOS,INGRESOS CORRIENTES,INGRESOS NO TRIBUTARIOS,TRANSFERENCIAS CORRIENTES,SISTEMA GENERAL DE PARTICIPACIONES,PARTICIPACION PARA SALUD,SUBSIDIO A LA OFERTA,No Aplica,No Aplica,No Aplica,,,,,,,,2022,Tercer Trimestre,216860475.0,209504409.0,,,,,,,,,,,,,,,,,,,,
5033018,20220901,218552585,Pupiales,1.1.02.03.002,INTERESES DE MORA,INGRESOS,INGRESOS CORRIENTES,INGRESOS NO TRIBUTARIOS,"MULTAS, SANCIONES E INTERESES DE MORA",INTERESES DE MORA,No Aplica,No Aplica,No Aplica,No Aplica,No Aplica,,,,,,,,2022,Tercer Trimestre,3000000.0,3000000.0,,,,,,,,,,,,,,,,,,,,
5033090,20210601,218552585,Pupiales,1.1.01.01.014,SOBRETASA AMBIENTAL,INGRESOS,INGRESOS CORRIENTES,INGRESOS TRIBUTARIOS,IMPUESTOS DIRECTOS,SOBRETASA AMBIENTAL,No Aplica,No Aplica,No Aplica,No Aplica,No Aplica,,,,,,,,2021,Segundo Trimestre,45000000.0,45000000.0,,,,,,,,,,,,,,,,,,,,
5033944,20210301,218552585,Pupiales,1.1.02.05,VENTA DE BIENES Y SERVICIOS,INGRESOS,INGRESOS CORRIENTES,INGRESOS NO TRIBUTARIOS,VENTA DE BIENES Y SERVICIOS,No Aplica,No Aplica,No Aplica,No Aplica,No Aplica,No Aplica,,,,,,,,2021,Primer Trimestre,25001000.0,25001000.0,,,,,,,,,,,,,,,,,,,,
5034473,20220301,218552585,Pupiales,1.1.02.06.006.06,OTRAS UNIDADES DE GOBIERNO,INGRESOS,INGRESOS CORRIENTES,INGRESOS NO TRIBUTARIOS,TRANSFERENCIAS CORRIENTES,TRANSFERENCIAS DE OTRAS ENTIDADES DEL GOBIERNO GENERAL,OTRAS UNIDADES DE GOBIERNO,No Aplica,No Aplica,No Aplica,No Aplica,,,,,,,,2022,Primer Trimestre,368438267.0,348438267.0,,,,,,,,,,,,,,,,,,,,
5034568,20210301,218552585,Pupiales,1.1.02.01.005.59,CONTRIBUCION ESPECIAL SOBRE CONTRATOS DE OBRAS PUBLICAS,INGRESOS,INGRESOS CORRIENTES,INGRESOS NO TRIBUTARIOS,CONTRIBUCIONES,CONTRIBUCIONES DIVERSAS,CONTRIBUCION ESPECIAL SOBRE CONTRATOS DE OBRAS PUBLICAS,No Aplica,No Aplica,No Aplica,No Aplica,,,,,,,,2021,Primer Trimestre,100000000.0,100000000.0,,,,,,,,,,,,,,,,,,,,
5035283,20220601,218552585,Pupiales,1.1.02.05,VENTA DE BIENES Y SERVICIOS,INGRESOS,INGRESOS CORRIENTES,INGRESOS NO TRIBUTARIOS,VENTA DE BIENES Y SERVICIOS,No Aplica,No Aplica,No Aplica,No Aplica,No Aplica,No Aplica,,,,,,,,2022,Segundo Trimestre,983001000.0,993001000.0,,,,,,,,,,,,,,,,,,,,
5035483,20210301,218552585,Pupiales,1.1.02.06.009,RECURSOS DEL SISTEMA DE SEGURIDAD SOCIAL INTEGRAL,INGRESOS,INGRESOS CORRIENTES,INGRESOS NO TRIBUTARIOS,TRANSFERENCIAS CORRIENTES,RECURSOS DEL SISTEMA DE SEGURIDAD SOCIAL INTEGRAL,No Aplica,No Aplica,No Aplica,No Aplica,No Aplica,,,,,,,,2021,Primer Trimestre,7777949925.0,7777949925.0,,,,,,,,,,,,,,,,,,,,
5035540,20211201,218552585,Pupiales,1.1.02,INGRESOS NO TRIBUTARIOS,INGRESOS,INGRESOS CORRIENTES,INGRESOS NO TRIBUTARIOS,No Aplica,No Aplica,No Aplica,No Aplica,No Aplica,No Aplica,No Aplica,,,,,,,,2021,Cuarto Trimestre,22383701459.0,20243139980.0,,,,,,,,,,,,,,,,,,,,
5036348,20230301,218552585,Pupiales,1.1.01.01,IMPUESTOS DIRECTOS,INGRESOS,INGRESOS CORRIENTES,INGRESOS TRIBUTARIOS,IMPUESTOS DIRECTOS,No Aplica,No Aplica,No Aplica,No Aplica,No Aplica,No Aplica,,,,,,,,2023,Primer Trimestre,70000000.0,70000000.0,,,,,,,,,,,,,,,,,,,,
5037392,20210901,218552585,Pupiales,1.1.01.02.200.01,IMPUESTO DE INDUSTRIA Y COMERCIO - SOBRE ACTIVIDADES COMERCIALES,INGRESOS,INGRESOS CORRIENTES,INGRESOS TRIBUTARIOS,IMPUESTOS INDIRECTOS,IMPUESTO DE INDUSTRIA Y COMERCIO,IMPUESTO DE INDUSTRIA Y COMERCIO - SOBRE ACTIVIDADES COMERCIALES,No Aplica,No Aplica,No Aplica,No Aplica,,,,,,,,2021,Tercer Trimestre,132893554.0,60000000.0,,,,,,,,,,,,,,,,,,,,
5037748,20230301,218552585,Pupiales,1.2.07,RECURSOS DE CREDITO INTERNO,INGRESOS,RECURSOS DE CAPITAL,RECURSOS DE CREDITO INTERNO,No Aplica,No Aplica,No Aplica,No Aplica,No Aplica,No Aplica,No Aplica,,,,,,,,2023,Primer Trimestre,400000000.0,0.0,,,,,,,,,,,,,,,,,,,,
5038489,20220601,218552585,Pupiales,1.1.01.02.109,SOBRETASA A LA GASOLINA,INGRESOS,INGRESOS CORRIENTES,INGRESOS TRIBUTARIOS,IMPUESTOS INDIRECTOS,SOBRETASA A LA GASOLINA,No Aplica,No Aplica,No Aplica,No Aplica,No Aplica,,,,,,,,2022,Segundo Trimestre,225000000.0,225000000.0,,,,,,,,,,,,,,,,,,,,
5039668,20221201,218552585,Pupiales,1.1.02.06.001.03,PARTICIPACION PARA PROPOSITO GENERAL,INGRESOS,INGRESOS CORRIENTES,INGRESOS NO TRIBUTARIOS,TRANSFERENCIAS CORRIENTES,SISTEMA GENERAL DE PARTICIPACIONES,PARTICIPACION PARA PROPOSITO GENERAL,No Aplica,No Aplica,No Aplica,No Aplica,,,,,,,,2022,Cuarto Trimestre,4128591726.0,3603297786.0,,,,,,,,,,,,,,,,,,,,
5039702,20220901,218552585,Pupiales,1.1.02.03,"MULTAS, SANCIONES E INTERESES DE MORA",INGRESOS,INGRESOS CORRIENTES,INGRESOS NO TRIBUTARIOS,"MULTAS, SANCIONES E INTERESES DE MORA",No Aplica,No Aplica,No Aplica,No Aplica,No Aplica,No Aplica,,,,,,,,2022,Tercer Trimestre,79629962.0,30001000.0,,,,,,,,,,,,,,,,,,,,
5040798,20230601,218552585,Pupiales,1.1.02,INGRESOS NO TRIBUTARIOS,INGRESOS,INGRESOS CORRIENTES,INGRESOS NO TRIBUTARIOS,No Aplica,No Aplica,No Aplica,No Aplica,No Aplica,No Aplica,No Aplica,,,,,,,,2023,Segundo Trimestre,27726505505.0,21044576715.0,,,,,,,,,,,,,,,,,,,,
5041801,20210901,218552585,Pupiales,1.1.02.03.001.22,MULTAS AMBIENTALES,INGRESOS,INGRESOS CORRIENTES,INGRESOS NO TRIBUTARIOS,"MULTAS, SANCIONES E INTERESES DE MORA",MULTAS Y SANCIONES,MULTAS AMBIENTALES,No Aplica,No Aplica,No Aplica,No Aplica,,,,,,,,2021,Tercer Trimestre,1000.0,1000.0,,,,,,,,,,,,,,,,,,,,
5041873,20211201,218552585,Pupiales,1.1.01.02.200.02,IMPUESTO DE INDUSTRIA Y COMERCIO - SOBRE ACTIVIDADES INDUSTRIALES,INGRESOS,INGRESOS CORRIENTES,INGRESOS TRIBUTARIOS,IMPUESTOS INDIRECTOS,IMPUESTO DE INDUSTRIA Y COMERCIO,IMPUESTO DE INDUSTRIA Y COMERCIO - SOBRE ACTIVIDADES INDUSTRIALES,No Aplica,No Aplica,No Aplica,No Aplica,,,,,,,,2021,Cuarto Trimestre,20811953.0,10000000.0,,,,,,,,,,,,,,,,,,,,
5043028,20230601,218552585,Pupiales,1.1,INGRESOS CORRIENTES,INGRESOS,INGRESOS CORRIENTES,No Aplica,No Aplica,No Aplica,No Aplica,No Aplica,No Aplica,No Aplica,No Aplica,,,,,,,,2023,Segundo Trimestre,28989509505.0,22307580715.0,,,,,,,,,,,,,,,,,,,,
5043297,20221201,218552585,Pupiales,1.1.02.06.001.04.01,PROGRAMAS DE ALIMENTACION ESCOLAR,INGRESOS,INGRESOS CORRIENTES,INGRESOS NO TRIBUTARIOS,TRANSFERENCIAS CORRIENTES,SISTEMA GENERAL DE PARTICIPACIONES,ASIGNACIONES ESPECIALES,PROGRAMAS DE ALIMENTACION ESCOLAR,No Aplica,No Aplica,No Aplica,,,,,,,,2022,Cuarto Trimestre,75947567.0,97406326.0,,,,,,,,,,,,,,,,,,,,
5044210,20210301,218552585,Pupiales,1.1.02.06.001.02.04,SUBSIDIO A LA OFERTA,INGRESOS,INGRESOS CORRIENTES,INGRESOS NO TRIBUTARIOS,TRANSFERENCIAS CORRIENTES,SISTEMA GENERAL DE PARTICIPACIONES,PARTICIPACION PARA SALUD,SUBSIDIO A LA OFERTA,No Aplica,No Aplica,No Aplica,,,,,,,,2021,Primer Trimestre,182301825.0,182301825.0,,,,,,,,,,,,,,,,,,,,
5044555,20210901,218552585,Pupiales,1.1.02.06.001.02.02,SALUD PUBLICA,INGRESOS,INGRESOS CORRIENTES,INGRESOS NO TRIBUTARIOS,TRANSFERENCIAS CORRIENTES,SISTEMA GENERAL DE PARTICIPACIONES,PARTICIPACION PARA SALUD,SALUD PUBLICA,No Aplica,No Aplica,No Aplica,,,,,,,,2021,Tercer Trimestre,211155678.0,153621808.0,,,,,,,,,,,,,,,,,,,,
5044570,20221201,218552585,Pupiales,1.1.02.01.005.59,CONTRIBUCION ESPECIAL SOBRE CONTRATOS DE OBRAS PUBLICAS,INGRESOS,INGRESOS CORRIENTES,INGRESOS NO TRIBUTARIOS,CONTRIBUCIONES,CONTRIBUCIONES DIVERSAS,CONTRIBUCION ESPECIAL SOBRE CONTRATOS DE OBRAS PUBLICAS,No Aplica,No Aplica,No Aplica,No Aplica,,,,,,,,2022,Cuarto Trimestre,164367794.0,100000000.0,,,,,,,,,,,,,,,,,,,,
5044610,20230301,218552585,Pupiales,1.1.02.06.001.01.03,CALIDAD,INGRESOS,INGRESOS CORRIENTES,INGRESOS NO TRIBUTARIOS,TRANSFERENCIAS CORRIENTES,SISTEMA GENERAL DE PARTICIPACIONES,PARTICIPACION PARA EDUCACION,CALIDAD,No Aplica,No Aplica,No Aplica,,,,,,,,2023,Primer Trimestre,103615279.0,122754792.0,,,,,,,,,,,,,,,,,,,,
5044794,20220901,218552585,Pupiales,1.1.02.05.002.09,"SERVICIOS PARA LA COMUNIDAD, SOCIALES Y PERSONALES",INGRESOS,INGRESOS CORRIENTES,INGRESOS NO TRIBUTARIOS,VENTA DE BIENES Y SERVICIOS,VENTAS INCIDENTALES DE ESTABLECIMIENTOS NO DE MERCADO,"SERVICIOS PARA LA COMUNIDAD, SOCIALES Y PERSONALES",No Aplica,No Aplica,No Aplica,No Aplica,,,,,,,,2022,Tercer Trimestre,32455373.0,15000000.0,,,,,,,,,,,,,,,,,,,,
5047224,20220301,218552585,Pupiales,1.1.02.06.001.01.03.01,CALIDADPOR MATRICULA OFICIAL,INGRESOS,INGRESOS CORRIENTES,INGRESOS NO TRIBUTARIOS,TRANSFERENCIAS CORRIENTES,SISTEMA GENERAL DE PARTICIPACIONES,PARTICIPACION PARA EDUCACION,CALIDAD,CALIDADPOR MATRICULA OFICIAL,No Aplica,No Aplica,,,,,,,,2022,Primer Trimestre,208219751.0,213066304.0,,,,,,,,,,,,,,,,,,,,
5047265,20210601,218552585,Pupiales,1.1.02.05.002.09,"SERVICIOS PARA LA COMUNIDAD, SOCIALES Y PERSONALES",INGRESOS,INGRESOS CORRIENTES,INGRESOS NO TRIBUTARIOS,VENTA DE BIENES Y SERVICIOS,VENTAS INCIDENTALES DE ESTABLECIMIENTOS NO DE MERCADO,"SERVICIOS PARA LA COMUNIDAD, SOCIALES Y PERSONALES",No Aplica,No Aplica,No Aplica,No Aplica,,,,,,,,2021,Segundo Trimestre,15000000.0,15000000.0,,,,,,,,,,,,,,,,,,,,
5048721,20211201,218552585,Pupiales,1.1.02.01,CONTRIBUCIONES,INGRESOS,INGRESOS CORRIENTES,INGRESOS NO TRIBUTARIOS,CONTRIBUCIONES,No Aplica,No Aplica,No Aplica,No Aplica,No Aplica,No Aplica,,,,,,,,2021,Cuarto Trimestre,107088866.0,102000000.0,,,,,,,,,,,,,,,,,,,,
5049247,20210901,218552585,Pupiales,1.1.02.06.001.05,AGUA POTABLE Y SANEAMIENTO BASICO,INGRESOS,INGRESOS CORRIENTES,INGRESOS NO TRIBUTARIOS,TRANSFERENCIAS CORRIENTES,SISTEMA GENERAL DE PARTICIPACIONES,AGUA POTABLE Y SANEAMIENTO BASICO,No Aplica,No Aplica,No Aplica,No Aplica,,,,,,,,2021,Tercer Trimestre,1150677680.0,1017984270.0,,,,,,,,,,,,,,,,,,,,
5049323,20230301,218552585,Pupiales,1.1.02.05,VENTA DE BIENES Y SERVICIOS,INGRESOS,INGRESOS CORRIENTES,INGRESOS NO TRIBUTARIOS,VENTA DE BIENES Y SERVICIOS,No Aplica,No Aplica,No Aplica,No Aplica,No Aplica,No Aplica,,,,,,,,2023,Primer Trimestre,25000000.0,25000000.0,,,,,,,,,,,,,,,,,,,,
5050422,20230301,218552585,Pupiales,1.1.02.06.001.03.01,DEPORTE Y RECREACION,INGRESOS,INGRESOS CORRIENTES,INGRESOS NO TRIBUTARIOS,TRANSFERENCIAS CORRIENTES,SISTEMA GENERAL DE PARTICIPACIONES,PARTICIPACION PARA PROPOSITO GENERAL,DEPORTE Y RECREACION,No Aplica,No Aplica,No Aplica,,,,,,,,2023,Primer Trimestre,76399694.0,57215944.0,,,,,,,,,,,,,,,,,,,,
5050558,20221201,218552585,Pupiales,1.1.02.06.001.01.03.02,CALIDADPOR GRATUIDAD,INGRESOS,INGRESOS CORRIENTES,INGRESOS NO TRIBUTARIOS,TRANSFERENCIAS CORRIENTES,SISTEMA GENERAL DE PARTICIPACIONES,PARTICIPACION PARA EDUCACION,CALIDAD,CALIDADPOR GRATUIDAD,No Aplica,No Aplica,,,,,,,,2022,Cuarto Trimestre,197796499.0,239694142.0,,,,,,,,,,,,,,,,,,,,
5051266,20230301,218552585,Pupiales,1.1.02.06.001.02.02,SALUD PUBLICA,INGRESOS,INGRESOS CORRIENTES,INGRESOS NO TRIBUTARIOS,TRANSFERENCIAS CORRIENTES,SISTEMA GENERAL DE PARTICIPACIONES,PARTICIPACION PARA SALUD,SALUD PUBLICA,No Aplica,No Aplica,No Aplica,,,,,,,,2023,Primer Trimestre,172872258.0,147545797.0,,,,,,,,,,,,,,,,,,,,
5051290,20221201,218552585,Pupiales,1.1.01.02,IMPUESTOS INDIRECTOS,INGRESOS,INGRESOS CORRIENTES,INGRESOS TRIBUTARIOS,IMPUESTOS INDIRECTOS,No Aplica,No Aplica,No Aplica,No Aplica,No Aplica,No Aplica,,,,,,,,2022,Cuarto Trimestre,1239718827.0,791004000.0,,,,,,,,,,,,,,,,,,,,
5052131,20210901,218552585,Pupiales,1.1.01.02.300.55,ESTAMPILLA PRO CULTURA,INGRESOS,INGRESOS CORRIENTES,INGRESOS TRIBUTARIOS,IMPUESTOS INDIRECTOS,ESTAMPILLAS,ESTAMPILLA PRO CULTURA,No Aplica,No Aplica,No Aplica,No Aplica,,,,,,,,2021,Tercer Trimestre,100000000.0,100000000.0,,,,,,,,,,,,,,,,,,,,
5053443,20230601,218552585,Pupiales,1.1.02.06,TRANSFERENCIAS CORRIENTES,INGRESOS,INGRESOS CORRIENTES,INGRESOS NO TRIBUTARIOS,TRANSFERENCIAS CORRIENTES,No Aplica,No Aplica,No Aplica,No Aplica,No Aplica,No Aplica,,,,,,,,2023,Segundo Trimestre,27576202505.0,20894273715.0,,,,,,,,,,,,,,,,,,,,
5053707,20221201,218552585,Pupiales,1.1.01.02.109,SOBRETASA A LA GASOLINA,INGRESOS,INGRESOS CORRIENTES,INGRESOS TRIBUTARIOS,IMPUESTOS INDIRECTOS,SOBRETASA A LA GASOLINA,No Aplica,No Aplica,No Aplica,No Aplica,No Aplica,,,,,,,,2022,Cuarto Trimestre,458637000.0,225000000.0,,,,,,,,,,,,,,,,,,,,
5054204,20211201,218552585,Pupiales,1.2.07,RECURSOS DE CREDITO INTERNO,INGRESOS,RECURSOS DE CAPITAL,RECURSOS DE CREDITO INTERNO,No Aplica,No Aplica,No Aplica,No Aplica,No Aplica,No Aplica,No Aplica,,,,,,,,2021,Cuarto Trimestre,1889000000.0,0.0,,,,,,,,,,,,,,,,,,,,
5054347,20220301,218552585,Pupiales,1.1.01.02.216,IMPUESTO DE ESPECTACULOS PUBLICOS MUNICIPAL,INGRESOS,INGRESOS CORRIENTES,INGRESOS TRIBUTARIOS,IMPUESTOS INDIRECTOS,IMPUESTO DE ESPECTACULOS PUBLICOS MUNICIPAL,No Aplica,No Aplica,No Aplica,No Aplica,No Aplica,,,,,,,,2022,Primer Trimestre,1000.0,1000.0,,,,,,,,,,,,,,,,,,,,
5054475,20230601,218552585,Pupiales,1.1.02.06.001.03.03,PROPOSITO GENERAL LIBRE INVERSION,INGRESOS,INGRESOS CORRIENTES,INGRESOS NO TRIBUTARIOS,TRANSFERENCIAS CORRIENTES,SISTEMA GENERAL DE PARTICIPACIONES,PARTICIPACION PARA PROPOSITO GENERAL,PROPOSITO GENERAL LIBRE INVERSION,No Aplica,No Aplica,No Aplica,,,,,,,,2023,Segundo Trimestre,2355100284.0,2201731851.0,,,,,,,,,,,,,,,,,,,,
5054879,20230301,218552585,Pupiales,1.1.01.02.204,IMPUESTO DE DELINEACION,INGRESOS,INGRESOS CORRIENTES,INGRESOS TRIBUTARIOS,IMPUESTOS INDIRECTOS,IMPUESTO DE DELINEACION,No Aplica,No Aplica,No Aplica,No Aplica,No Aplica,,,,,,,,2023,Primer Trimestre,1000000.0,1000000.0,,,,,,,,,,,,,,,,,,,,
5056041,20220901,218552585,Pupiales,1.1.01.02.202,IMPUESTO A LA PUBLICIDAD EXTERIOR VISUAL,INGRESOS,INGRESOS CORRIENTES,INGRESOS TRIBUTARIOS,IMPUESTOS INDIRECTOS,IMPUESTO A LA PUBLICIDAD EXTERIOR VISUAL,No Aplica,No Aplica,No Aplica,No Aplica,No Aplica,,,,,,,,2022,Tercer Trimestre,1000.0,1000.0,,,,,,,,,,,,,,,,,,,,
5056761,20211201,218552585,Pupiales,1.1.02.06.001.03.02,CULTURA,INGRESOS,INGRESOS CORRIENTES,INGRESOS NO TRIBUTARIOS,TRANSFERENCIAS CORRIENTES,SISTEMA GENERAL DE PARTICIPACIONES,PARTICIPACION PARA PROPOSITO GENERAL,CULTURA,No Aplica,No Aplica,No Aplica,,,,,,,,2021,Cuarto Trimestre,55950633.0,69437994.0,,,,,,,,,,,,,,,,,,,,
5056849,20210901,218552585,Pupiales,1.1.02.07.001,DERECHOS POR LA EXPLOTACION JUEGOS DE SUERTE Y AZAR,INGRESOS,INGRESOS CORRIENTES,INGRESOS NO TRIBUTARIOS,PARTICIPACION Y DERECHOS POR MONOPOLIO,DERECHOS POR LA EXPLOTACION JUEGOS DE SUERTE Y AZAR,No Aplica,No Aplica,No Aplica,No Aplica,No Aplica,,,,,,,,2021,Tercer Trimestre,240105489.0,275493292.0,,,,,,,,,,,,,,,,,,,,
5058296,20220301,218552585,Pupiales,1.2.12,RETIROS FONPET,INGRESOS,RECURSOS DE CAPITAL,RETIROS FONPET,No Aplica,No Aplica,No Aplica,No Aplica,No Aplica,No Aplica,No Aplica,,,,,,,,2022,Primer Trimestre,109245366.0,109245366.0,,,,,,,,,,,,,,,,,,,,
5058534,20220301,218552585,Pupiales,1.1.02.05,VENTA DE BIENES Y SERVICIOS,INGRESOS,INGRESOS CORRIENTES,INGRESOS NO TRIBUTARIOS,VENTA DE BIENES Y SERVICIOS,No Aplica,No Aplica,No Aplica,No Aplica,No Aplica,No Aplica,,,,,,,,2022,Primer Trimestre,983001000.0,993001000.0,,,,,,,,,,,,,,,,,,,,
5061813,20221201,218552585,Pupiales,1.1.01.02.206,IMPUESTO A LAS VENTAS POR EL SISTEMA DE CLUBES,INGRESOS,INGRESOS CORRIENTES,INGRESOS TRIBUTARIOS,IMPUESTOS INDIRECTOS,IMPUESTO A LAS VENTAS POR EL SISTEMA DE CLUBES,No Aplica,No Aplica,No Aplica,No Aplica,No Aplica,,,,,,,,2022,Cuarto Trimestre,0.0,1000.0,,,,,,,,,,,,,,,,,,,,
5061970,20211201,218552585,Pupiales,1.1.02.05,VENTA DE BIENES Y SERVICIOS,INGRESOS,INGRESOS CORRIENTES,INGRESOS NO TRIBUTARIOS,VENTA DE BIENES Y SERVICIOS,No Aplica,No Aplica,No Aplica,No Aplica,No Aplica,No Aplica,,,,,,,,2021,Cuarto Trimestre,37075774.0,25001000.0,,,,,,,,,,,,,,,,,,,,
5061987,20210301,218552585,Pupiales,1.1.02.02.087,TASAS POR EL DERECHO DE PARQUEO SOBRE LAS VIAS PUBLICAS,INGRESOS,INGRESOS CORRIENTES,INGRESOS NO TRIBUTARIOS,TASAS Y DERECHOS ADMINISTRATIVOS,TASAS POR EL DERECHO DE PARQUEO SOBRE LAS VIAS PUBLICAS,No Aplica,No Aplica,No Aplica,No Aplica,No Aplica,,,,,,,,2021,Primer Trimestre,1000000.0,1000000.0,,,,,,,,,,,,,,,,,,,,
5061993,20210901,218552585,Pupiales,1.1,INGRESOS CORRIENTES,INGRESOS,INGRESOS CORRIENTES,No Aplica,No Aplica,No Aplica,No Aplica,No Aplica,No Aplica,No Aplica,No Aplica,,,,,,,,2021,Tercer Trimestre,22125080828.0,21303243980.0,,,,,,,,,,,,,,,,,,,,
5062068,20220901,218552585,Pupiales,1.1.02.06.003.01.02,PARTICIPACION DEL IMPUESTO SOBRE VEHICULOS AUTOMOTORES,INGRESOS,INGRESOS CORRIENTES,INGRESOS NO TRIBUTARIOS,TRANSFERENCIAS CORRIENTES,PARTICIPACIONES DISTINTAS DEL SGP,PARTICIPACION EN IMPUESTOS,PARTICIPACION DEL IMPUESTO SOBRE VEHICULOS AUTOMOTORES,No Aplica,No Aplica,No Aplica,,,,,,,,2022,Tercer Trimestre,51598924.0,50000000.0,,,,,,,,,,,,,,,,,,,,
5062536,20230301,218552585,Pupiales,1.1.01.02.109,SOBRETASA A LA GASOLINA,INGRESOS,INGRESOS CORRIENTES,INGRESOS TRIBUTARIOS,IMPUESTOS INDIRECTOS,SOBRETASA A LA GASOLINA,No Aplica,No Aplica,No Aplica,No Aplica,No Aplica,,,,,,,,2023,Primer Trimestre,176228000.0,176228000.0,,,,,,,,,,,,,,,,,,,,
5063610,20220301,218552585,Pupiales,1.1.02.06.001.01,PARTICIPACION PARA EDUCACION,INGRESOS,INGRESOS CORRIENTES,INGRESOS NO TRIBUTARIOS,TRANSFERENCIAS CORRIENTES,SISTEMA GENERAL DE PARTICIPACIONES,PARTICIPACION PARA EDUCACION,No Aplica,No Aplica,No Aplica,No Aplica,,,,,,,,2022,Primer Trimestre,447913893.0,452760446.0,,,,,,,,,,,,,,,,,,,,
5063742,20220301,218552585,Pupiales,1.1.01.02.201,IMPUESTO COMPLEMENTARIO DE AVISOS Y TABLEROS,INGRESOS,INGRESOS CORRIENTES,INGRESOS TRIBUTARIOS,IMPUESTOS INDIRECTOS,IMPUESTO COMPLEMENTARIO DE AVISOS Y TABLEROS,No Aplica,No Aplica,No Aplica,No Aplica,No Aplica,,,,,,,,2022,Primer Trimestre,30000000.0,30000000.0,,,,,,,,,,,,,,,,,,,,
5064841,20220601,218552585,Pupiales,1.1.02.01.005.63,PARTICIPACION EN LA PLUSVALIA,INGRESOS,INGRESOS CORRIENTES,INGRESOS NO TRIBUTARIOS,CONTRIBUCIONES,CONTRIBUCIONES DIVERSAS,PARTICIPACION EN LA PLUSVALIA,No Aplica,No Aplica,No Aplica,No Aplica,,,,,,,,2022,Segundo Trimestre,2000000.0,2000000.0,,,,,,,,,,,,,,,,,,,,
5065089,20220601,218552585,Pupiales,1.1.01.02.300.55,ESTAMPILLA PRO CULTURA,INGRESOS,INGRESOS CORRIENTES,INGRESOS TRIBUTARIOS,IMPUESTOS INDIRECTOS,ESTAMPILLAS,ESTAMPILLA PRO CULTURA,No Aplica,No Aplica,No Aplica,No Aplica,,,,,,,,2022,Segundo Trimestre,100000000.0,100000000.0,,,,,,,,,,,,,,,,,,,,
5066629,20221201,218552585,Pupiales,1.1.01.02.300,ESTAMPILLAS,INGRESOS,INGRESOS CORRIENTES,INGRESOS TRIBUTARIOS,IMPUESTOS INDIRECTOS,ESTAMPILLAS,No Aplica,No Aplica,No Aplica,No Aplica,No Aplica,,,,,,,,2022,Cuarto Trimestre,446867627.0,250000000.0,,,,,,,,,,,,,,,,,,,,
5067737,20230301,218552585,Pupiales,1.1.01.02.300.55,ESTAMPILLA PRO CULTURA,INGRESOS,INGRESOS CORRIENTES,INGRESOS TRIBUTARIOS,IMPUESTOS INDIRECTOS,ESTAMPILLAS,ESTAMPILLA PRO CULTURA,No Aplica,No Aplica,No Aplica,No Aplica,,,,,,,,2023,Primer Trimestre,150000000.0,150000000.0,,,,,,,,,,,,,,,,,,,,
5068792,20210901,218552585,Pupiales,1.1.01.02,IMPUESTOS INDIRECTOS,INGRESOS,INGRESOS CORRIENTES,INGRESOS TRIBUTARIOS,IMPUESTOS INDIRECTOS,No Aplica,No Aplica,No Aplica,No Aplica,No Aplica,No Aplica,,,,,,,,2021,Tercer Trimestre,827164797.0,745104000.0,,,,,,,,,,,,,,,,,,,,
5069305,20221201,218552585,Pupiales,1.1.02.03.001,MULTAS Y SANCIONES,INGRESOS,INGRESOS CORRIENTES,INGRESOS NO TRIBUTARIOS,"MULTAS, SANCIONES E INTERESES DE MORA",MULTAS Y SANCIONES,No Aplica,No Aplica,No Aplica,No Aplica,No Aplica,,,,,,,,2022,Cuarto Trimestre,66390277.0,27001000.0,,,,,,,,,,,,,,,,,,,,
5069639,20211201,218552585,Pupiales,1,INGRESOS,INGRESOS,No Aplica,No Aplica,No Aplica,No Aplica,No Aplica,No Aplica,No Aplica,No Aplica,No Aplica,,,,,,,,2021,Cuarto Trimestre,27844486139.0,21433973970.0,,,,,,,,,,,,,,,,,,,,
5069690,20210601,218552585,Pupiales,1.1.02.06.001.03.01,DEPORTE Y RECREACION,INGRESOS,INGRESOS CORRIENTES,INGRESOS NO TRIBUTARIOS,TRANSFERENCIAS CORRIENTES,SISTEMA GENERAL DE PARTICIPACIONES,PARTICIPACION PARA PROPOSITO GENERAL,DEPORTE Y RECREACION,No Aplica,No Aplica,No Aplica,,,,,,,,2021,Segundo Trimestre,74600845.0,92583992.0,,,,,,,,,,,,,,,,,,,,
5070095,20210301,218552585,Pupiales,1.1.01.01,IMPUESTOS DIRECTOS,INGRESOS,INGRESOS CORRIENTES,INGRESOS TRIBUTARIOS,IMPUESTOS DIRECTOS,No Aplica,No Aplica,No Aplica,No Aplica,No Aplica,No Aplica,,,,,,,,2021,Primer Trimestre,315000000.0,315000000.0,,,,,,,,,,,,,,,,,,,,
5070781,20210601,218552585,Pupiales,1.1.02.03.002,INTERESES DE MORA,INGRESOS,INGRESOS CORRIENTES,INGRESOS NO TRIBUTARIOS,"MULTAS, SANCIONES E INTERESES DE MORA",INTERESES DE MORA,No Aplica,No Aplica,No Aplica,No Aplica,No Aplica,,,,,,,,2021,Segundo Trimestre,3000000.0,3000000.0,,,,,,,,,,,,,,,,,,,,
5071705,20210901,218552585,Pupiales,1.1.01.02.300.01,ESTAMPILLA PARA EL BIENESTAR DEL ADULTO MAYOR,INGRESOS,INGRESOS CORRIENTES,INGRESOS TRIBUTARIOS,IMPUESTOS INDIRECTOS,ESTAMPILLAS,ESTAMPILLA PARA EL BIENESTAR DEL ADULTO MAYOR,No Aplica,No Aplica,No Aplica,No Aplica,,,,,,,,2021,Tercer Trimestre,150000000.0,150000000.0,,,,,,,,,,,,,,,,,,,,
5071748,20230301,218552585,Pupiales,1.1.02,INGRESOS NO TRIBUTARIOS,INGRESOS,INGRESOS CORRIENTES,INGRESOS NO TRIBUTARIOS,No Aplica,No Aplica,No Aplica,No Aplica,No Aplica,No Aplica,No Aplica,,,,,,,,2023,Primer Trimestre,10871129786.0,9868014209.0,,,,,,,,,,,,,,,,,,,,
5074181,20210301,218552585,Pupiales,1.2.10.02,SUPERAVIT FISCAL,INGRESOS,RECURSOS DE CAPITAL,RECURSOS DEL BALANCE,SUPERAVIT FISCAL,No Aplica,No Aplica,No Aplica,No Aplica,No Aplica,No Aplica,,,,,,,,2021,Primer Trimestre,829842525.0,0.0,,,,,,,,,,,,,,,,,,,,
5075914,20230601,218552585,Pupiales,1.1.02.06.001.04.01,PROGRAMAS DE ALIMENTACION ESCOLAR,INGRESOS,INGRESOS CORRIENTES,INGRESOS NO TRIBUTARIOS,TRANSFERENCIAS CORRIENTES,SISTEMA GENERAL DE PARTICIPACIONES,ASIGNACIONES ESPECIALES,PROGRAMAS DE ALIMENTACION ESCOLAR,No Aplica,No Aplica,No Aplica,,,,,,,,2023,Segundo Trimestre,84005434.0,75422799.0,,,,,,,,,,,,,,,,,,,,
5075939,20210901,218552585,Pupiales,1.1.01,INGRESOS TRIBUTARIOS,INGRESOS,INGRESOS CORRIENTES,INGRESOS TRIBUTARIOS,No Aplica,No Aplica,No Aplica,No Aplica,No Aplica,No Aplica,No Aplica,,,,,,,,2021,Tercer Trimestre,1211266704.0,1060104000.0,,,,,,,,,,,,,,,,,,,,
5076496,20221201,218552585,Pupiales,1.2.12,RETIROS FONPET,INGRESOS,RECURSOS DE CAPITAL,RETIROS FONPET,No Aplica,No Aplica,No Aplica,No Aplica,No Aplica,No Aplica,No Aplica,,,,,,,,2022,Cuarto Trimestre,135334345.0,109245366.0,,,,,,,,,,,,,,,,,,,,
5078716,20210301,218552585,Pupiales,1.1.02.06,TRANSFERENCIAS CORRIENTES,INGRESOS,INGRESOS CORRIENTES,INGRESOS NO TRIBUTARIOS,TRANSFERENCIAS CORRIENTES,No Aplica,No Aplica,No Aplica,No Aplica,No Aplica,No Aplica,,,,,,,,2021,Primer Trimestre,19814143688.0,19814143688.0,,,,,,,,,,,,,,,,,,,,
5078855,20210901,218552585,Pupiales,1.2.08,TRANSFERENCIAS DE CAPITAL,INGRESOS,RECURSOS DE CAPITAL,TRANSFERENCIAS DE CAPITAL,No Aplica,No Aplica,No Aplica,No Aplica,No Aplica,No Aplica,No Aplica,,,,,,,,2021,Tercer Trimestre,765346212.0,0.0,,,,,,,,,,,,,,,,,,,,
5078914,20230301,218552585,Pupiales,1.1.01.01.200.01,IMPUESTO PREDIAL UNIFICADO - URBANO,INGRESOS,INGRESOS CORRIENTES,INGRESOS TRIBUTARIOS,IMPUESTOS DIRECTOS,IMPUESTO PREDIAL UNIFICADO,IMPUESTO PREDIAL UNIFICADO - URBANO,No Aplica,No Aplica,No Aplica,No Aplica,,,,,,,,2023,Primer Trimestre,17000000.0,17000000.0,,,,,,,,,,,,,,,,,,,,
5079150,20230601,218552585,Pupiales,1.1.02.06.001.01.03.01,CALIDADPOR MATRICULA OFICIAL,INGRESOS,INGRESOS CORRIENTES,INGRESOS NO TRIBUTARIOS,TRANSFERENCIAS CORRIENTES,SISTEMA GENERAL DE PARTICIPACIONES,PARTICIPACION PARA EDUCACION,CALIDAD,CALIDADPOR MATRICULA OFICIAL,No Aplica,No Aplica,,,,,,,,2023,Segundo Trimestre,228419420.0,208219751.0,,,,,,,,,,,,,,,,,,,,
5079858,20210901,218552585,Pupiales,1.1.02.06.001.03.04,"PROPOSITO GENERAL LIBRE DESTINACION MUNICIPIOS CATEGORIAS 4, 5 Y 6",INGRESOS,INGRESOS CORRIENTES,INGRESOS NO TRIBUTARIOS,TRANSFERENCIAS CORRIENTES,SISTEMA GENERAL DE PARTICIPACIONES,PARTICIPACION PARA PROPOSITO GENERAL,"PROPOSITO GENERAL LIBRE DESTINACION MUNICIPIOS CATEGORIAS 4, 5 Y 6",No Aplica,No Aplica,No Aplica,,,,,,,,2021,Tercer Trimestre,1552550513.0,1678828121.0,,,,,,,,,,,,,,,,,,,,
5082035,20220901,218552585,Pupiales,1.1.01.02.212,SOBRETASA BOMBERIL,INGRESOS,INGRESOS CORRIENTES,INGRESOS TRIBUTARIOS,IMPUESTOS INDIRECTOS,SOBRETASA BOMBERIL,No Aplica,No Aplica,No Aplica,No Aplica,No Aplica,,,,,,,,2022,Tercer Trimestre,11343100.0,10000000.0,,,,,,,,,,,,,,,,,,,,
5083115,20210601,218552585,Pupiales,1.1.02.03.001.11,SANCIONES TRIBUTARIAS,INGRESOS,INGRESOS CORRIENTES,INGRESOS NO TRIBUTARIOS,"MULTAS, SANCIONES E INTERESES DE MORA",MULTAS Y SANCIONES,SANCIONES TRIBUTARIAS,No Aplica,No Aplica,No Aplica,No Aplica,,,,,,,,2021,Segundo Trimestre,500000.0,500000.0,,,,,,,,,,,,,,,,,,,,
5083200,20230301,218552585,Pupiales,1.1.01.02.200.03,IMPUESTO DE INDUSTRIA Y COMERCIO - SOBRE ACTIVIDADES DE SERVICIOS,INGRESOS,INGRESOS CORRIENTES,INGRESOS TRIBUTARIOS,IMPUESTOS INDIRECTOS,IMPUESTO DE INDUSTRIA Y COMERCIO,IMPUESTO DE INDUSTRIA Y COMERCIO - SOBRE ACTIVIDADES DE SERVICIOS,No Aplica,No Aplica,No Aplica,No Aplica,,,,,,,,2023,Primer Trimestre,45000000.0,45000000.0,,,,,,,,,,,,,,,,,,,,
5083405,20220601,218552585,Pupiales,1.1.01.01,IMPUESTOS DIRECTOS,INGRESOS,INGRESOS CORRIENTES,INGRESOS TRIBUTARIOS,IMPUESTOS DIRECTOS,No Aplica,No Aplica,No Aplica,No Aplica,No Aplica,No Aplica,,,,,,,,2022,Segundo Trimestre,367000000.0,367000000.0,,,,,,,,,,,,,,,,,,,,
5084232,20210601,218552585,Pupiales,1.1.01.01.200,IMPUESTO PREDIAL UNIFICADO,INGRESOS,INGRESOS CORRIENTES,INGRESOS TRIBUTARIOS,IMPUESTOS DIRECTOS,IMPUESTO PREDIAL UNIFICADO,No Aplica,No Aplica,No Aplica,No Aplica,No Aplica,,,,,,,,2021,Segundo Trimestre,270000000.0,270000000.0,,,,,,,,,,,,,,,,,,,,
5085761,20211201,218552585,Pupiales,1.1.01.02.216,IMPUESTO DE ESPECTACULOS PUBLICOS MUNICIPAL,INGRESOS,INGRESOS CORRIENTES,INGRESOS TRIBUTARIOS,IMPUESTOS INDIRECTOS,IMPUESTO DE ESPECTACULOS PUBLICOS MUNICIPAL,No Aplica,No Aplica,No Aplica,No Aplica,No Aplica,,,,,,,,2021,Cuarto Trimestre,0.0,100000.0,,,,,,,,,,,,,,,,,,,,
5086221,20210601,218552585,Pupiales,1.1.02.06.001.05,AGUA POTABLE Y SANEAMIENTO BASICO,INGRESOS,INGRESOS CORRIENTES,INGRESOS NO TRIBUTARIOS,TRANSFERENCIAS CORRIENTES,SISTEMA GENERAL DE PARTICIPACIONES,AGUA POTABLE Y SANEAMIENTO BASICO,No Aplica,No Aplica,No Aplica,No Aplica,,,,,,,,2021,Segundo Trimestre,1096203002.0,1017984270.0,,,,,,,,,,,,,,,,,,,,
5086901,20220901,218552585,Pupiales,1.1.02.06.001.03.04,"PROPOSITO GENERAL LIBRE DESTINACION MUNICIPIOS CATEGORIAS 4, 5 Y 6",INGRESOS,INGRESOS CORRIENTES,INGRESOS NO TRIBUTARIOS,TRANSFERENCIAS CORRIENTES,SISTEMA GENERAL DE PARTICIPACIONES,PARTICIPACION PARA PROPOSITO GENERAL,"PROPOSITO GENERAL LIBRE DESTINACION MUNICIPIOS CATEGORIAS 4, 5 Y 6",No Aplica,No Aplica,No Aplica,,,,,,,,2022,Tercer Trimestre,1784131340.0,1552550513.0,,,,,,,,,,,,,,,,,,,,
5087087,20220901,218552585,Pupiales,1.1.02.06.001.03,PARTICIPACION PARA PROPOSITO GENERAL,INGRESOS,INGRESOS CORRIENTES,INGRESOS NO TRIBUTARIOS,TRANSFERENCIAS CORRIENTES,SISTEMA GENERAL DE PARTICIPACIONES,PARTICIPACION PARA PROPOSITO GENERAL,No Aplica,No Aplica,No Aplica,No Aplica,,,,,,,,2022,Tercer Trimestre,4128591726.0,3603297786.0,,,,,,,,,,,,,,,,,,,,
5087439,20220601,218552585,Pupiales,1.1.01.02.200.02,IMPUESTO DE INDUSTRIA Y COMERCIO - SOBRE ACTIVIDADES INDUSTRIALES,INGRESOS,INGRESOS CORRIENTES,INGRESOS TRIBUTARIOS,IMPUESTOS INDIRECTOS,IMPUESTO DE INDUSTRIA Y COMERCIO,IMPUESTO DE INDUSTRIA Y COMERCIO - SOBRE ACTIVIDADES INDUSTRIALES,No Aplica,No Aplica,No Aplica,No Aplica,,,,,,,,2022,Segundo Trimestre,10000000.0,10000000.0,,,,,,,,,,,,,,,,,,,,
5087499,20220601,218552585,Pupiales,1.1.02.06.001.01.03,CALIDAD,INGRESOS,INGRESOS CORRIENTES,INGRESOS NO TRIBUTARIOS,TRANSFERENCIAS CORRIENTES,SISTEMA GENERAL DE PARTICIPACIONES,PARTICIPACION PARA EDUCACION,CALIDAD,No Aplica,No Aplica,No Aplica,,,,,,,,2022,Segundo Trimestre,397461745.0,452760446.0,,,,,,,,,,,,,,,,,,,,
5089945,20210601,218552585,Pupiales,1.1.01.02.212,SOBRETASA BOMBERIL,INGRESOS,INGRESOS CORRIENTES,INGRESOS TRIBUTARIOS,IMPUESTOS INDIRECTOS,SOBRETASA BOMBERIL,No Aplica,No Aplica,No Aplica,No Aplica,No Aplica,,,,,,,,2021,Segundo Trimestre,10000000.0,10000000.0,,,,,,,,,,,,,,,,,,,,
5090071,20220301,218552585,Pupiales,1.1.02.06.001.01.03.02,CALIDADPOR GRATUIDAD,INGRESOS,INGRESOS CORRIENTES,INGRESOS NO TRIBUTARIOS,TRANSFERENCIAS CORRIENTES,SISTEMA GENERAL DE PARTICIPACIONES,PARTICIPACION PARA EDUCACION,CALIDAD,CALIDADPOR GRATUIDAD,No Aplica,No Aplica,,,,,,,,2022,Primer Trimestre,239694142.0,239694142.0,,,,,,,,,,,,,,,,,,,,
5090279,20210301,218552585,Pupiales,1.1.02.01.005.63,PARTICIPACION EN LA PLUSVALIA,INGRESOS,INGRESOS CORRIENTES,INGRESOS NO TRIBUTARIOS,CONTRIBUCIONES,CONTRIBUCIONES DIVERSAS,PARTICIPACION EN LA PLUSVALIA,No Aplica,No Aplica,No Aplica,No Aplica,,,,,,,,2021,Primer Trimestre,2000000.0,2000000.0,,,,,,,,,,,,,,,,,,,,
5091068,20210601,218552585,Pupiales,1.1.01.02.211,IMPUESTO DE ALUMBRADO PUBLICO,INGRESOS,INGRESOS CORRIENTES,INGRESOS TRIBUTARIOS,IMPUESTOS INDIRECTOS,IMPUESTO DE ALUMBRADO PUBLICO,No Aplica,No Aplica,No Aplica,No Aplica,No Aplica,,,,,,,,2021,Segundo Trimestre,1000.0,1000.0,,,,,,,,,,,,,,,,,,,,
5091171,20220601,218552585,Pupiales,1.1.02.06.001.02,PARTICIPACION PARA SALUD,INGRESOS,INGRESOS CORRIENTES,INGRESOS NO TRIBUTARIOS,TRANSFERENCIAS CORRIENTES,SISTEMA GENERAL DE PARTICIPACIONES,PARTICIPACION PARA SALUD,No Aplica,No Aplica,No Aplica,No Aplica,,,,,,,,2022,Segundo Trimestre,7121379742.0,6889204937.0,,,,,,,,,,,,,,,,,,,,
5092599,20210901,218552585,Pupiales,1.1.02.03.001.20.01,MULTAS CODIGO NACIONAL DE SEGURIDAD Y CONVIVENCIA CIUDADANA - MULTAS GENERALES,INGRESOS,INGRESOS CORRIENTES,INGRESOS NO TRIBUTARIOS,"MULTAS, SANCIONES E INTERESES DE MORA",MULTAS Y SANCIONES,MULTAS CODIGO NACIONAL DE SEGURIDAD Y CONVIVENCIA CIUDADANA,MULTAS CODIGO NACIONAL DE SEGURIDAD Y CONVIVENCIA CIUDADANA - MULTAS GENERALES,No Aplica,No Aplica,No Aplica,,,,,,,,2021,Tercer Trimestre,27037435.0,20000000.0,,,,,,,,,,,,,,,,,,,,
5093043,20230301,218552585,Pupiales,1.1.02.06,TRANSFERENCIAS CORRIENTES,INGRESOS,INGRESOS CORRIENTES,INGRESOS NO TRIBUTARIOS,TRANSFERENCIAS CORRIENTES,No Aplica,No Aplica,No Aplica,No Aplica,No Aplica,No Aplica,,,,,,,,2023,Primer Trimestre,10781628786.0,9778513209.0,,,,,,,,,,,,,,,,,,,,
5093321,20210901,218552585,Pupiales,1.1.01.02.211,IMPUESTO DE ALUMBRADO PUBLICO,INGRESOS,INGRESOS CORRIENTES,INGRESOS TRIBUTARIOS,IMPUESTOS INDIRECTOS,IMPUESTO DE ALUMBRADO PUBLICO,No Aplica,No Aplica,No Aplica,No Aplica,No Aplica,,,,,,,,2021,Tercer Trimestre,1000.0,1000.0,,,,,,,,,,,,,,,,,,,,
5093342,20220601,218552585,Pupiales,1.2.05.02,DEPOSITOS,INGRESOS,RECURSOS DE CAPITAL,RENDIMIENTOS FINANCIEROS,DEPOSITOS,No Aplica,No Aplica,No Aplica,No Aplica,No Aplica,No Aplica,,,,,,,,2022,Segundo Trimestre,10000000.0,10000000.0,,,,,,,,,,,,,,,,,,,,
5093971,20210301,218552585,Pupiales,1.1.02.07.001.05,DERECHOS POR LA EXPLOTACION JUEGOS DE SUERTE Y AZAR DE RIFAS,INGRESOS,INGRESOS CORRIENTES,INGRESOS NO TRIBUTARIOS,PARTICIPACION Y DERECHOS POR MONOPOLIO,DERECHOS POR LA EXPLOTACION JUEGOS DE SUERTE Y AZAR,DERECHOS POR LA EXPLOTACION JUEGOS DE SUERTE Y AZAR DE RIFAS,No Aplica,No Aplica,No Aplica,No Aplica,,,,,,,,2021,Primer Trimestre,275493292.0,275493292.0,,,,,,,,,,,,,,,,,,,,
5094415,20221201,218552585,Pupiales,1.1.02.06.006,TRANSFERENCIAS DE OTRAS ENTIDADES DEL GOBIERNO GENERAL,INGRESOS,INGRESOS CORRIENTES,INGRESOS NO TRIBUTARIOS,TRANSFERENCIAS CORRIENTES,TRANSFERENCIAS DE OTRAS ENTIDADES DEL GOBIERNO GENERAL,No Aplica,No Aplica,No Aplica,No Aplica,No Aplica,,,,,,,,2022,Cuarto Trimestre,742899318.0,348439267.0,,,,,,,,,,,,,,,,,,,,
5094542,20210301,218552585,Pupiales,1.1.01.02.207,IMPUESTO DE CASINOS,INGRESOS,INGRESOS CORRIENTES,INGRESOS TRIBUTARIOS,IMPUESTOS INDIRECTOS,IMPUESTO DE CASINOS,No Aplica,No Aplica,No Aplica,No Aplica,No Aplica,,,,,,,,2021,Primer Trimestre,1000.0,1000.0,,,,,,,,,,,,,,,,,,,,
5094660,20220301,218552585,Pupiales,1.1.01.01.014.01,SOBRETASA AMBIENTAL - URBANO,INGRESOS,INGRESOS CORRIENTES,INGRESOS TRIBUTARIOS,IMPUESTOS DIRECTOS,SOBRETASA AMBIENTAL,SOBRETASA AMBIENTAL - URBANO,No Aplica,No Aplica,No Aplica,No Aplica,,,,,,,,2022,Primer Trimestre,25000000.0,25000000.0,,,,,,,,,,,,,,,,,,,,
5094970,20220301,218552585,Pupiales,1.2.05.02,DEPOSITOS,INGRESOS,RECURSOS DE CAPITAL,RENDIMIENTOS FINANCIEROS,DEPOSITOS,No Aplica,No Aplica,No Aplica,No Aplica,No Aplica,No Aplica,,,,,,,,2022,Primer Trimestre,10000000.0,10000000.0,,,,,,,,,,,,,,,,,,,,
5095438,20221201,218552585,Pupiales,1.1.02.02,TASAS Y DERECHOS ADMINISTRATIVOS,INGRESOS,INGRESOS CORRIENTES,INGRESOS NO TRIBUTARIOS,TASAS Y DERECHOS ADMINISTRATIVOS,No Aplica,No Aplica,No Aplica,No Aplica,No Aplica,No Aplica,,,,,,,,2022,Cuarto Trimestre,399580.0,2000.0,,,,,,,,,,,,,,,,,,,,
5095532,20210901,218552585,Pupiales,1.1.02.06.001.03.02,CULTURA,INGRESOS,INGRESOS CORRIENTES,INGRESOS NO TRIBUTARIOS,TRANSFERENCIAS CORRIENTES,SISTEMA GENERAL DE PARTICIPACIONES,PARTICIPACION PARA PROPOSITO GENERAL,CULTURA,No Aplica,No Aplica,No Aplica,,,,,,,,2021,Tercer Trimestre,55950633.0,69437994.0,,,,,,,,,,,,,,,,,,,,
5096507,20210301,218552585,Pupiales,1.1.02.06.009.01.06,RECURSOS ADRES - COFINANCIACION UPC REGIMEN SUBSIDIADO,INGRESOS,INGRESOS CORRIENTES,INGRESOS NO TRIBUTARIOS,TRANSFERENCIAS CORRIENTES,RECURSOS DEL SISTEMA DE SEGURIDAD SOCIAL INTEGRAL,SISTEMA GENERAL DE SEGURIDAD SOCIAL EN SALUD,RECURSOS ADRES - COFINANCIACION UPC REGIMEN SUBSIDIADO,No Aplica,No Aplica,No Aplica,,,,,,,,2021,Primer Trimestre,7777949925.0,7777949925.0,,,,,,,,,,,,,,,,,,,,
5096541,20230301,218552585,Pupiales,1.1.02.03.001,MULTAS Y SANCIONES,INGRESOS,INGRESOS CORRIENTES,INGRESOS NO TRIBUTARIOS,"MULTAS, SANCIONES E INTERESES DE MORA",MULTAS Y SANCIONES,No Aplica,No Aplica,No Aplica,No Aplica,No Aplica,,,,,,,,2023,Primer Trimestre,3000000.0,3000000.0,,,,,,,,,,,,,,,,,,,,
5096960,20220601,218552585,Pupiales,1.1.02.02.087,TASAS POR EL DERECHO DE PARQUEO SOBRE LAS VIAS PUBLICAS,INGRESOS,INGRESOS CORRIENTES,INGRESOS NO TRIBUTARIOS,TASAS Y DERECHOS ADMINISTRATIVOS,TASAS POR EL DERECHO DE PARQUEO SOBRE LAS VIAS PUBLICAS,No Aplica,No Aplica,No Aplica,No Aplica,No Aplica,,,,,,,,2022,Segundo Trimestre,1000.0,1000.0,,,,,,,,,,,,,,,,,,,,
5100239,20230301,218552585,Pupiales,1.1.01.02.216,IMPUESTO DE ESPECTACULOS PUBLICOS MUNICIPAL,INGRESOS,INGRESOS CORRIENTES,INGRESOS TRIBUTARIOS,IMPUESTOS INDIRECTOS,IMPUESTO DE ESPECTACULOS PUBLICOS MUNICIPAL,No Aplica,No Aplica,No Aplica,No Aplica,No Aplica,,,,,,,,2023,Primer Trimestre,1000.0,1000.0,,,,,,,,,,,,,,,,,,,,
5100322,20210301,218552585,Pupiales,1.1.01.02.214,IMPUESTO DE TRANSPORTE POR OLEODUCTOS Y GASODUCTOS,INGRESOS,INGRESOS CORRIENTES,INGRESOS TRIBUTARIOS,IMPUESTOS INDIRECTOS,IMPUESTO DE TRANSPORTE POR OLEODUCTOS Y GASODUCTOS,No Aplica,No Aplica,No Aplica,No Aplica,No Aplica,,,,,,,,2021,Primer Trimestre,30000000.0,30000000.0,,,,,,,,,,,,,,,,,,,,
5100591,20210601,218552585,Pupiales,1.2.05.02,DEPOSITOS,INGRESOS,RECURSOS DE CAPITAL,RENDIMIENTOS FINANCIEROS,DEPOSITOS,No Aplica,No Aplica,No Aplica,No Aplica,No Aplica,No Aplica,,,,,,,,2021,Segundo Trimestre,15000000.0,15000000.0,,,,,,,,,,,,,,,,,,,,
5100617,20221201,218552585,Pupiales,1.1.02.07.001,DERECHOS POR LA EXPLOTACION JUEGOS DE SUERTE Y AZAR,INGRESOS,INGRESOS CORRIENTES,INGRESOS NO TRIBUTARIOS,PARTICIPACION Y DERECHOS POR MONOPOLIO,DERECHOS POR LA EXPLOTACION JUEGOS DE SUERTE Y AZAR,No Aplica,No Aplica,No Aplica,No Aplica,No Aplica,,,,,,,,2022,Cuarto Trimestre,252471826.0,240105489.0,,,,,,,,,,,,,,,,,,,,
5101197,20210301,218552585,Pupiales,1.1.01.02.202,IMPUESTO A LA PUBLICIDAD EXTERIOR VISUAL,INGRESOS,INGRESOS CORRIENTES,INGRESOS TRIBUTARIOS,IMPUESTOS INDIRECTOS,IMPUESTO A LA PUBLICIDAD EXTERIOR VISUAL,No Aplica,No Aplica,No Aplica,No Aplica,No Aplica,,,,,,,,2021,Primer Trimestre,1000.0,1000.0,,,,,,,,,,,,,,,,,,,,
5103617,20220301,218552585,Pupiales,1.1.02.01.005.63,PARTICIPACION EN LA PLUSVALIA,INGRESOS,INGRESOS CORRIENTES,INGRESOS NO TRIBUTARIOS,CONTRIBUCIONES,CONTRIBUCIONES DIVERSAS,PARTICIPACION EN LA PLUSVALIA,No Aplica,No Aplica,No Aplica,No Aplica,,,,,,,,2022,Primer Trimestre,2000000.0,2000000.0,,,,,,,,,,,,,,,,,,,,
5104890,20210901,218552585,Pupiales,1.1.02.06.009.01,SISTEMA GENERAL DE SEGURIDAD SOCIAL EN SALUD,INGRESOS,INGRESOS CORRIENTES,INGRESOS NO TRIBUTARIOS,TRANSFERENCIAS CORRIENTES,RECURSOS DEL SISTEMA DE SEGURIDAD SOCIAL INTEGRAL,SISTEMA GENERAL DE SEGURIDAD SOCIAL EN SALUD,No Aplica,No Aplica,No Aplica,No Aplica,,,,,,,,2021,Tercer Trimestre,7844630553.0,7777949925.0,,,,,,,,,,,,,,,,,,,,
5105052,20230301,218552585,Pupiales,1.1.01.02.200.02,IMPUESTO DE INDUSTRIA Y COMERCIO - SOBRE ACTIVIDADES INDUSTRIALES,INGRESOS,INGRESOS CORRIENTES,INGRESOS TRIBUTARIOS,IMPUESTOS INDIRECTOS,IMPUESTO DE INDUSTRIA Y COMERCIO,IMPUESTO DE INDUSTRIA Y COMERCIO - SOBRE ACTIVIDADES INDUSTRIALES,No Aplica,No Aplica,No Aplica,No Aplica,,,,,,,,2023,Primer Trimestre,1000.0,1000.0,,,,,,,,,,,,,,,,,,,,
5108351,20220901,218552585,Pupiales,1.1.02.06.001.02.02,SALUD PUBLICA,INGRESOS,INGRESOS CORRIENTES,INGRESOS NO TRIBUTARIOS,TRANSFERENCIAS CORRIENTES,SISTEMA GENERAL DE PARTICIPACIONES,PARTICIPACION PARA SALUD,SALUD PUBLICA,No Aplica,No Aplica,No Aplica,,,,,,,,2022,Tercer Trimestre,236465200.0,211155678.0,,,,,,,,,,,,,,,,,,,,
5108435,20230601,218552585,Pupiales,1.1.02.02.087,TASAS POR EL DERECHO DE PARQUEO SOBRE LAS VIAS PUBLICAS,INGRESOS,INGRESOS CORRIENTES,INGRESOS NO TRIBUTARIOS,TASAS Y DERECHOS ADMINISTRATIVOS,TASAS POR EL DERECHO DE PARQUEO SOBRE LAS VIAS PUBLICAS,No Aplica,No Aplica,No Aplica,No Aplica,No Aplica,,,,,,,,2023,Segundo Trimestre,200000.0,200000.0,,,,,,,,,,,,,,,,,,,,
5108784,20220601,218552585,Pupiales,1.2,RECURSOS DE CAPITAL,INGRESOS,RECURSOS DE CAPITAL,No Aplica,No Aplica,No Aplica,No Aplica,No Aplica,No Aplica,No Aplica,No Aplica,,,,,,,,2022,Segundo Trimestre,1687894934.0,119245366.0,,,,,,,,,,,,,,,,,,,,
5109436,20210601,218552585,Pupiales,1.1.01.02.200.03,IMPUESTO DE INDUSTRIA Y COMERCIO - SOBRE ACTIVIDADES DE SERVICIOS,INGRESOS,INGRESOS CORRIENTES,INGRESOS TRIBUTARIOS,IMPUESTOS INDIRECTOS,IMPUESTO DE INDUSTRIA Y COMERCIO,IMPUESTO DE INDUSTRIA Y COMERCIO - SOBRE ACTIVIDADES DE SERVICIOS,No Aplica,No Aplica,No Aplica,No Aplica,,,,,,,,2021,Segundo Trimestre,150000000.0,150000000.0,,,,,,,,,,,,,,,,,,,,
5110609,20210601,218552585,Pupiales,1.1.02.06.003.01,PARTICIPACION EN IMPUESTOS,INGRESOS,INGRESOS CORRIENTES,INGRESOS NO TRIBUTARIOS,TRANSFERENCIAS CORRIENTES,PARTICIPACIONES DISTINTAS DEL SGP,PARTICIPACION EN IMPUESTOS,No Aplica,No Aplica,No Aplica,No Aplica,,,,,,,,2021,Segundo Trimestre,45000000.0,45000000.0,,,,,,,,,,,,,,,,,,,,
5110686,20220301,218552585,Pupiales,1.1.01.02.204,IMPUESTO DE DELINEACION,INGRESOS,INGRESOS CORRIENTES,INGRESOS TRIBUTARIOS,IMPUESTOS INDIRECTOS,IMPUESTO DE DELINEACION,No Aplica,No Aplica,No Aplica,No Aplica,No Aplica,,,,,,,,2022,Primer Trimestre,10000000.0,10000000.0,,,,,,,,,,,,,,,,,,,,
5110694,20230301,218552585,Pupiales,1.1.01.01.200,IMPUESTO PREDIAL UNIFICADO,INGRESOS,INGRESOS CORRIENTES,INGRESOS TRIBUTARIOS,IMPUESTOS DIRECTOS,IMPUESTO PREDIAL UNIFICADO,No Aplica,No Aplica,No Aplica,No Aplica,No Aplica,,,,,,,,2023,Primer Trimestre,52000000.0,52000000.0,,,,,,,,,,,,,,,,,,,,
5111916,20210601,218552585,Pupiales,1.1.01.02.109,SOBRETASA A LA GASOLINA,INGRESOS,INGRESOS CORRIENTES,INGRESOS TRIBUTARIOS,IMPUESTOS INDIRECTOS,SOBRETASA A LA GASOLINA,No Aplica,No Aplica,No Aplica,No Aplica,No Aplica,,,,,,,,2021,Segundo Trimestre,200000000.0,200000000.0,,,,,,,,,,,,,,,,,,,,
5112468,20210301,218552585,Pupiales,1.1.01.01.014.02,SOBRETASA AMBIENTAL -RURAL,INGRESOS,INGRESOS CORRIENTES,INGRESOS TRIBUTARIOS,IMPUESTOS DIRECTOS,SOBRETASA AMBIENTAL,SOBRETASA AMBIENTAL -RURAL,No Aplica,No Aplica,No Aplica,No Aplica,,,,,,,,2021,Primer Trimestre,20000000.0,20000000.0,,,,,,,,,,,,,,,,,,,,
5112783,20210301,218552585,Pupiales,1.1.02.06.003.01.02,PARTICIPACION DEL IMPUESTO SOBRE VEHICULOS AUTOMOTORES,INGRESOS,INGRESOS CORRIENTES,INGRESOS NO TRIBUTARIOS,TRANSFERENCIAS CORRIENTES,PARTICIPACIONES DISTINTAS DEL SGP,PARTICIPACION EN IMPUESTOS,PARTICIPACION DEL IMPUESTO SOBRE VEHICULOS AUTOMOTORES,No Aplica,No Aplica,No Aplica,,,,,,,,2021,Primer Trimestre,45000000.0,45000000.0,,,,,,,,,,,,,,,,,,,,
5113807,20211201,218552585,Pupiales,1.1.02.06.001.03,PARTICIPACION PARA PROPOSITO GENERAL,INGRESOS,INGRESOS CORRIENTES,INGRESOS NO TRIBUTARIOS,TRANSFERENCIAS CORRIENTES,SISTEMA GENERAL DE PARTICIPACIONES,PARTICIPACION PARA PROPOSITO GENERAL,No Aplica,No Aplica,No Aplica,No Aplica,,,,,,,,2021,Cuarto Trimestre,3603297786.0,3881479821.0,,,,,,,,,,,,,,,,,,,,
5114851,20210901,218552585,Pupiales,1.1.02.05.002.07,SERVICIOS FINANCIEROS Y SERVICIOS CONEXOS; SERVICIOS INMOBILIARIOS; Y SERVICIOS DE ARRENDAMIENTO Y LEASING,INGRESOS,INGRESOS CORRIENTES,INGRESOS NO TRIBUTARIOS,VENTA DE BIENES Y SERVICIOS,VENTAS INCIDENTALES DE ESTABLECIMIENTOS NO DE MERCADO,SERVICIOS FINANCIEROS Y SERVICIOS CONEXOS; SERVICIOS INMOBILIARIOS; Y SERVICIOS DE ARRENDAMIENTO Y LEASING,No Aplica,No Aplica,No Aplica,No Aplica,,,,,,,,2021,Tercer Trimestre,10000000.0,10000000.0,,,,,,,,,,,,,,,,,,,,
5115625,20221201,218552585,Pupiales,1.2.12.10,POR LA DEVOLUCION DE RECURSOS SGP PROPOSITO GENERAL,INGRESOS,RECURSOS DE CAPITAL,RETIROS FONPET,POR LA DEVOLUCION DE RECURSOS SGP PROPOSITO GENERAL,No Aplica,No Aplica,No Aplica,No Aplica,No Aplica,No Aplica,,,,,,,,2022,Cuarto Trimestre,135334345.0,109245366.0,,,,,,,,,,,,,,,,,,,,
5115791,20220301,218552585,Pupiales,1.1.01.01.200.02,IMPUESTO PREDIAL UNIFICADO - RURAL,INGRESOS,INGRESOS CORRIENTES,INGRESOS TRIBUTARIOS,IMPUESTOS DIRECTOS,IMPUESTO PREDIAL UNIFICADO,IMPUESTO PREDIAL UNIFICADO - RURAL,No Aplica,No Aplica,No Aplica,No Aplica,,,,,,,,2022,Primer Trimestre,169000000.0,169000000.0,,,,,,,,,,,,,,,,,,,,
5117028,20220601,218552585,Pupiales,1.1.02.06.009,RECURSOS DEL SISTEMA DE SEGURIDAD SOCIAL INTEGRAL,INGRESOS,INGRESOS CORRIENTES,INGRESOS NO TRIBUTARIOS,TRANSFERENCIAS CORRIENTES,RECURSOS DEL SISTEMA DE SEGURIDAD SOCIAL INTEGRAL,No Aplica,No Aplica,No Aplica,No Aplica,No Aplica,,,,,,,,2022,Segundo Trimestre,7844630553.0,7844630553.0,,,,,,,,,,,,,,,,,,,,
5117378,20211201,218552585,Pupiales,1.1.02.06.006.06,OTRAS UNIDADES DE GOBIERNO,INGRESOS,INGRESOS CORRIENTES,INGRESOS NO TRIBUTARIOS,TRANSFERENCIAS CORRIENTES,TRANSFERENCIAS DE OTRAS ENTIDADES DEL GOBIERNO GENERAL,OTRAS UNIDADES DE GOBIERNO,No Aplica,No Aplica,No Aplica,No Aplica,,,,,,,,2021,Cuarto Trimestre,598428745.0,348438267.0,,,,,,,,,,,,,,,,,,,,
5118697,20211201,218552585,Pupiales,1.1.02.03.001.11,SANCIONES TRIBUTARIAS,INGRESOS,INGRESOS CORRIENTES,INGRESOS NO TRIBUTARIOS,"MULTAS, SANCIONES E INTERESES DE MORA",MULTAS Y SANCIONES,SANCIONES TRIBUTARIAS,No Aplica,No Aplica,No Aplica,No Aplica,,,,,,,,2021,Cuarto Trimestre,8061686.0,500000.0,,,,,,,,,,,,,,,,,,,,
5118748,20210901,218552585,Pupiales,1.2.10.02,SUPERAVIT FISCAL,INGRESOS,RECURSOS DE CAPITAL,RECURSOS DEL BALANCE,SUPERAVIT FISCAL,No Aplica,No Aplica,No Aplica,No Aplica,No Aplica,No Aplica,,,,,,,,2021,Tercer Trimestre,901621098.0,0.0,,,,,,,,,,,,,,,,,,,,
5120141,20211201,218552585,Pupiales,1.1.02.06.001.05,AGUA POTABLE Y SANEAMIENTO BASICO,INGRESOS,INGRESOS CORRIENTES,INGRESOS NO TRIBUTARIOS,TRANSFERENCIAS CORRIENTES,SISTEMA GENERAL DE PARTICIPACIONES,AGUA POTABLE Y SANEAMIENTO BASICO,No Aplica,No Aplica,No Aplica,No Aplica,,,,,,,,2021,Cuarto Trimestre,1150677680.0,1017984270.0,,,,,,,,,,,,,,,,,,,,
5120453,20230601,218552585,Pupiales,1.1.02.06.001.04,ASIGNACIONES ESPECIALES,INGRESOS,INGRESOS CORRIENTES,INGRESOS NO TRIBUTARIOS,TRANSFERENCIAS CORRIENTES,SISTEMA GENERAL DE PARTICIPACIONES,ASIGNACIONES ESPECIALES,No Aplica,No Aplica,No Aplica,No Aplica,,,,,,,,2023,Segundo Trimestre,84005434.0,75422799.0,,,,,,,,,,,,,,,,,,,,
5120987,20220601,218552585,Pupiales,1.1.02.06.001.04,ASIGNACIONES ESPECIALES,INGRESOS,INGRESOS CORRIENTES,INGRESOS NO TRIBUTARIOS,TRANSFERENCIAS CORRIENTES,SISTEMA GENERAL DE PARTICIPACIONES,ASIGNACIONES ESPECIALES,No Aplica,No Aplica,No Aplica,No Aplica,,,,,,,,2022,Segundo Trimestre,86115343.0,97406326.0,,,,,,,,,,,,,,,,,,,,
5121359,20210901,218552585,Pupiales,1.1.02.06.001.02.04,SUBSIDIO A LA OFERTA,INGRESOS,INGRESOS CORRIENTES,INGRESOS NO TRIBUTARIOS,TRANSFERENCIAS CORRIENTES,SISTEMA GENERAL DE PARTICIPACIONES,PARTICIPACION PARA SALUD,SUBSIDIO A LA OFERTA,No Aplica,No Aplica,No Aplica,,,,,,,,2021,Tercer Trimestre,209504409.0,182301825.0,,,,,,,,,,,,,,,,,,,,
5122065,20220301,218552585,Pupiales,1.1.02.01.005.59,CONTRIBUCION ESPECIAL SOBRE CONTRATOS DE OBRAS PUBLICAS,INGRESOS,INGRESOS CORRIENTES,INGRESOS NO TRIBUTARIOS,CONTRIBUCIONES,CONTRIBUCIONES DIVERSAS,CONTRIBUCION ESPECIAL SOBRE CONTRATOS DE OBRAS PUBLICAS,No Aplica,No Aplica,No Aplica,No Aplica,,,,,,,,2022,Primer Trimestre,100000000.0,100000000.0,,,,,,,,,,,,,,,,,,,,
5122787,20230601,218552585,Pupiales,1.1.02.03.001.20.02,MULTAS CODIGO NACIONAL DE SEGURIDAD Y CONVIVENCIA CIUDADANA - MULTAS ESPECIALES,INGRESOS,INGRESOS CORRIENTES,INGRESOS NO TRIBUTARIOS,"MULTAS, SANCIONES E INTERESES DE MORA",MULTAS Y SANCIONES,MULTAS CODIGO NACIONAL DE SEGURIDAD Y CONVIVENCIA CIUDADANA,MULTAS CODIGO NACIONAL DE SEGURIDAD Y CONVIVENCIA CIUDADANA - MULTAS ESPECIALES,No Aplica,No Aplica,No Aplica,,,,,,,,2023,Segundo Trimestre,1000.0,1000.0,,,,,,,,,,,,,,,,,,,,
5122888,20220901,218552585,Pupiales,1.1.02.06.001.04,ASIGNACIONES ESPECIALES,INGRESOS,INGRESOS CORRIENTES,INGRESOS NO TRIBUTARIOS,TRANSFERENCIAS CORRIENTES,SISTEMA GENERAL DE PARTICIPACIONES,ASIGNACIONES ESPECIALES,No Aplica,No Aplica,No Aplica,No Aplica,,,,,,,,2022,Tercer Trimestre,86115343.0,97406326.0,,,,,,,,,,,,,,,,,,,,
5122894,20230601,218552585,Pupiales,1.1.01.02,IMPUESTOS INDIRECTOS,INGRESOS,INGRESOS CORRIENTES,INGRESOS TRIBUTARIOS,IMPUESTOS INDIRECTOS,No Aplica,No Aplica,No Aplica,No Aplica,No Aplica,No Aplica,,,,,,,,2023,Segundo Trimestre,878004000.0,878004000.0,,,,,,,,,,,,,,,,,,,,
5124058,20221201,218552585,Pupiales,1.1.02.01.005,CONTRIBUCIONES DIVERSAS,INGRESOS,INGRESOS CORRIENTES,INGRESOS NO TRIBUTARIOS,CONTRIBUCIONES,CONTRIBUCIONES DIVERSAS,No Aplica,No Aplica,No Aplica,No Aplica,No Aplica,,,,,,,,2022,Cuarto Trimestre,164367794.0,102000000.0,,,,,,,,,,,,,,,,,,,,
5125057,20220601,218552585,Pupiales,1.1.02.05.002,VENTAS INCIDENTALES DE ESTABLECIMIENTOS NO DE MERCADO,INGRESOS,INGRESOS CORRIENTES,INGRESOS NO TRIBUTARIOS,VENTA DE BIENES Y SERVICIOS,VENTAS INCIDENTALES DE ESTABLECIMIENTOS NO DE MERCADO,No Aplica,No Aplica,No Aplica,No Aplica,No Aplica,,,,,,,,2022,Segundo Trimestre,983001000.0,993001000.0,,,,,,,,,,,,,,,,,,,,
5126219,20220901,218552585,Pupiales,1.1.02.01.005,CONTRIBUCIONES DIVERSAS,INGRESOS,INGRESOS CORRIENTES,INGRESOS NO TRIBUTARIOS,CONTRIBUCIONES,CONTRIBUCIONES DIVERSAS,No Aplica,No Aplica,No Aplica,No Aplica,No Aplica,,,,,,,,2022,Tercer Trimestre,102000000.0,102000000.0,,,,,,,,,,,,,,,,,,,,
5127850,20210901,218552585,Pupiales,1.1.01.02.109,SOBRETASA A LA GASOLINA,INGRESOS,INGRESOS CORRIENTES,INGRESOS TRIBUTARIOS,IMPUESTOS INDIRECTOS,SOBRETASA A LA GASOLINA,No Aplica,No Aplica,No Aplica,No Aplica,No Aplica,,,,,,,,2021,Tercer Trimestre,200000000.0,200000000.0,,,,,,,,,,,,,,,,,,,,
5127950,20230601,218552585,Pupiales,1.1.02.06.006.06,OTRAS UNIDADES DE GOBIERNO,INGRESOS,INGRESOS CORRIENTES,INGRESOS NO TRIBUTARIOS,TRANSFERENCIAS CORRIENTES,TRANSFERENCIAS DE OTRAS ENTIDADES DEL GOBIERNO GENERAL,OTRAS UNIDADES DE GOBIERNO,No Aplica,No Aplica,No Aplica,No Aplica,,,,,,,,2023,Segundo Trimestre,280194297.0,250000000.0,,,,,,,,,,,,,,,,,,,,
5129122,20221201,218552585,Pupiales,1.1.01.02.200.03,IMPUESTO DE INDUSTRIA Y COMERCIO - SOBRE ACTIVIDADES DE SERVICIOS,INGRESOS,INGRESOS CORRIENTES,INGRESOS TRIBUTARIOS,IMPUESTOS INDIRECTOS,IMPUESTO DE INDUSTRIA Y COMERCIO,IMPUESTO DE INDUSTRIA Y COMERCIO - SOBRE ACTIVIDADES DE SERVICIOS,No Aplica,No Aplica,No Aplica,No Aplica,,,,,,,,2022,Cuarto Trimestre,61613286.0,5000000.0,,,,,,,,,,,,,,,,,,,,
5133198,20220901,218552585,Pupiales,1.1.02.06.001.01.03.02,CALIDADPOR GRATUIDAD,INGRESOS,INGRESOS CORRIENTES,INGRESOS NO TRIBUTARIOS,TRANSFERENCIAS CORRIENTES,SISTEMA GENERAL DE PARTICIPACIONES,PARTICIPACION PARA EDUCACION,CALIDAD,CALIDADPOR GRATUIDAD,No Aplica,No Aplica,,,,,,,,2022,Tercer Trimestre,189241994.0,239694142.0,,,,,,,,,,,,,,,,,,,,
5134695,20230301,218552585,Pupiales,1.1.02.06.001.03.04,"PROPOSITO GENERAL LIBRE DESTINACION MUNICIPIOS CATEGORIAS 4, 5 Y 6",INGRESOS,INGRESOS CORRIENTES,INGRESOS NO TRIBUTARIOS,TRANSFERENCIAS CORRIENTES,SISTEMA GENERAL DE PARTICIPACIONES,PARTICIPACION PARA PROPOSITO GENERAL,"PROPOSITO GENERAL LIBRE DESTINACION MUNICIPIOS CATEGORIAS 4, 5 Y 6",No Aplica,No Aplica,No Aplica,,,,,,,,2023,Primer Trimestre,1499154101.0,1255945700.0,,,,,,,,,,,,,,,,,,,,
5136688,20220901,218552585,Pupiales,1.1.02.06.001,SISTEMA GENERAL DE PARTICIPACIONES,INGRESOS,INGRESOS CORRIENTES,INGRESOS NO TRIBUTARIOS,TRANSFERENCIAS CORRIENTES,SISTEMA GENERAL DE PARTICIPACIONES,No Aplica,No Aplica,No Aplica,No Aplica,No Aplica,,,,,,,,2022,Tercer Trimestre,12778137209.0,12193347175.0,,,,,,,,,,,,,,,,,,,,
5138541,20230301,218552585,Pupiales,1.1.02.06.003.01,PARTICIPACION EN IMPUESTOS,INGRESOS,INGRESOS CORRIENTES,INGRESOS NO TRIBUTARIOS,TRANSFERENCIAS CORRIENTES,PARTICIPACIONES DISTINTAS DEL SGP,PARTICIPACION EN IMPUESTOS,No Aplica,No Aplica,No Aplica,No Aplica,,,,,,,,2023,Primer Trimestre,5000000.0,5000000.0,,,,,,,,,,,,,,,,,,,,
5140446,20221201,218552585,Pupiales,1.1.02.06.009,RECURSOS DEL SISTEMA DE SEGURIDAD SOCIAL INTEGRAL,INGRESOS,INGRESOS CORRIENTES,INGRESOS NO TRIBUTARIOS,TRANSFERENCIAS CORRIENTES,RECURSOS DEL SISTEMA DE SEGURIDAD SOCIAL INTEGRAL,No Aplica,No Aplica,No Aplica,No Aplica,No Aplica,,,,,,,,2022,Cuarto Trimestre,10717123033.0,7844630553.0,,,,,,,,,,,,,,,,,,,,
5141223,20210301,218552585,Pupiales,1.1.02.03.001.20,MULTAS CODIGO NACIONAL DE SEGURIDAD Y CONVIVENCIA CIUDADANA,INGRESOS,INGRESOS CORRIENTES,INGRESOS NO TRIBUTARIOS,"MULTAS, SANCIONES E INTERESES DE MORA",MULTAS Y SANCIONES,MULTAS CODIGO NACIONAL DE SEGURIDAD Y CONVIVENCIA CIUDADANA,No Aplica,No Aplica,No Aplica,No Aplica,,,,,,,,2021,Primer Trimestre,22000000.0,22000000.0,,,,,,,,,,,,,,,,,,,,
5142701,20220901,218552585,Pupiales,1,INGRESOS,INGRESOS,No Aplica,No Aplica,No Aplica,No Aplica,No Aplica,No Aplica,No Aplica,No Aplica,No Aplica,,,,,,,,2022,Tercer Trimestre,28903716225.0,23078775850.0,,,,,,,,,,,,,,,,,,,,
5142821,20220901,218552585,Pupiales,1.1.02.01,CONTRIBUCIONES,INGRESOS,INGRESOS CORRIENTES,INGRESOS NO TRIBUTARIOS,CONTRIBUCIONES,No Aplica,No Aplica,No Aplica,No Aplica,No Aplica,No Aplica,,,,,,,,2022,Tercer Trimestre,102000000.0,102000000.0,,,,,,,,,,,,,,,,,,,,
5143274,20220601,218552585,Pupiales,1.1.01.02.201,IMPUESTO COMPLEMENTARIO DE AVISOS Y TABLEROS,INGRESOS,INGRESOS CORRIENTES,INGRESOS TRIBUTARIOS,IMPUESTOS INDIRECTOS,IMPUESTO COMPLEMENTARIO DE AVISOS Y TABLEROS,No Aplica,No Aplica,No Aplica,No Aplica,No Aplica,,,,,,,,2022,Segundo Trimestre,30000000.0,30000000.0,,,,,,,,,,,,,,,,,,,,
5143526,20220301,218552585,Pupiales,1.1.01.02.214,IMPUESTO DE TRANSPORTE POR OLEODUCTOS Y GASODUCTOS,INGRESOS,INGRESOS CORRIENTES,INGRESOS TRIBUTARIOS,IMPUESTOS INDIRECTOS,IMPUESTO DE TRANSPORTE POR OLEODUCTOS Y GASODUCTOS,No Aplica,No Aplica,No Aplica,No Aplica,No Aplica,,,,,,,,2022,Primer Trimestre,15000000.0,15000000.0,,,,,,,,,,,,,,,,,,,,
5143533,20210601,218552585,Pupiales,1.1.01.02.202,IMPUESTO A LA PUBLICIDAD EXTERIOR VISUAL,INGRESOS,INGRESOS CORRIENTES,INGRESOS TRIBUTARIOS,IMPUESTOS INDIRECTOS,IMPUESTO A LA PUBLICIDAD EXTERIOR VISUAL,No Aplica,No Aplica,No Aplica,No Aplica,No Aplica,,,,,,,,2021,Segundo Trimestre,1000.0,1000.0,,,,,,,,,,,,,,,,,,,,
5146858,20211201,218552585,Pupiales,1.2.08,TRANSFERENCIAS DE CAPITAL,INGRESOS,RECURSOS DE CAPITAL,TRANSFERENCIAS DE CAPITAL,No Aplica,No Aplica,No Aplica,No Aplica,No Aplica,No Aplica,No Aplica,,,,,,,,2021,Cuarto Trimestre,765346212.0,0.0,,,,,,,,,,,,,,,,,,,,
5147364,20210901,218552585,Pupiales,1.1.02.05,VENTA DE BIENES Y SERVICIOS,INGRESOS,INGRESOS CORRIENTES,INGRESOS NO TRIBUTARIOS,VENTA DE BIENES Y SERVICIOS,No Aplica,No Aplica,No Aplica,No Aplica,No Aplica,No Aplica,,,,,,,,2021,Tercer Trimestre,26554242.0,25001000.0,,,,,,,,,,,,,,,,,,,,
5147856,20220601,218552585,Pupiales,1.1.02.03.001.20.02,MULTAS CODIGO NACIONAL DE SEGURIDAD Y CONVIVENCIA CIUDADANA - MULTAS ESPECIALES,INGRESOS,INGRESOS CORRIENTES,INGRESOS NO TRIBUTARIOS,"MULTAS, SANCIONES E INTERESES DE MORA",MULTAS Y SANCIONES,MULTAS CODIGO NACIONAL DE SEGURIDAD Y CONVIVENCIA CIUDADANA,MULTAS CODIGO NACIONAL DE SEGURIDAD Y CONVIVENCIA CIUDADANA - MULTAS ESPECIALES,No Aplica,No Aplica,No Aplica,,,,,,,,2022,Segundo Trimestre,1000000.0,1000000.0,,,,,,,,,,,,,,,,,,,,
5149822,20220601,218552585,Pupiales,1.1.02.06.001.03.03,PROPOSITO GENERAL LIBRE INVERSION,INGRESOS,INGRESOS CORRIENTES,INGRESOS NO TRIBUTARIOS,TRANSFERENCIAS CORRIENTES,SISTEMA GENERAL DE PARTICIPACIONES,PARTICIPACION PARA PROPOSITO GENERAL,PROPOSITO GENERAL LIBRE INVERSION,No Aplica,No Aplica,No Aplica,,,,,,,,2022,Segundo Trimestre,2177384337.0,1920195795.0,,,,,,,,,,,,,,,,,,,,
5149992,20210901,218552585,Pupiales,1.1.02.06.001,SISTEMA GENERAL DE PARTICIPACIONES,INGRESOS,INGRESOS CORRIENTES,INGRESOS NO TRIBUTARIOS,TRANSFERENCIAS CORRIENTES,SISTEMA GENERAL DE PARTICIPACIONES,No Aplica,No Aplica,No Aplica,No Aplica,No Aplica,,,,,,,,2021,Tercer Trimestre,12193027308.0,11642754496.0,,,,,,,,,,,,,,,,,,,,
5151451,20211201,218552585,Pupiales,1.2.01.02.003.01,DISPOSICION DETIERRAS Y TERRENOS,INGRESOS,RECURSOS DE CAPITAL,DISPOSICION DE ACTIVOS,DISPOSICION DE ACTIVOS NO FINANCIEROS,DISPOSICION DE ACTIVOS NO PRODUCIDOS,DISPOSICION DETIERRAS Y TERRENOS,No Aplica,No Aplica,No Aplica,No Aplica,,,,,,,,2021,Cuarto Trimestre,242000000.0,0.0,,,,,,,,,,,,,,,,,,,,
5153006,20230601,218552585,Pupiales,1.1.02.05,VENTA DE BIENES Y SERVICIOS,INGRESOS,INGRESOS CORRIENTES,INGRESOS NO TRIBUTARIOS,VENTA DE BIENES Y SERVICIOS,No Aplica,No Aplica,No Aplica,No Aplica,No Aplica,No Aplica,,,,,,,,2023,Segundo Trimestre,30000000.0,30000000.0,,,,,,,,,,,,,,,,,,,,
5153255,20230601,218552585,Pupiales,1.1.01.02.201,IMPUESTO COMPLEMENTARIO DE AVISOS Y TABLEROS,INGRESOS,INGRESOS CORRIENTES,INGRESOS TRIBUTARIOS,IMPUESTOS INDIRECTOS,IMPUESTO COMPLEMENTARIO DE AVISOS Y TABLEROS,No Aplica,No Aplica,No Aplica,No Aplica,No Aplica,,,,,,,,2023,Segundo Trimestre,28000000.0,28000000.0,,,,,,,,,,,,,,,,,,,,
5153810,20220901,218552585,Pupiales,1.1,INGRESOS CORRIENTES,INGRESOS,INGRESOS CORRIENTES,No Aplica,No Aplica,No Aplica,No Aplica,No Aplica,No Aplica,No Aplica,No Aplica,,,,,,,,2022,Tercer Trimestre,27136185862.0,22959530484.0,,,,,,,,,,,,,,,,,,,,
5154198,20220301,218552585,Pupiales,1.1.01.02.206,IMPUESTO A LAS VENTAS POR EL SISTEMA DE CLUBES,INGRESOS,INGRESOS CORRIENTES,INGRESOS TRIBUTARIOS,IMPUESTOS INDIRECTOS,IMPUESTO A LAS VENTAS POR EL SISTEMA DE CLUBES,No Aplica,No Aplica,No Aplica,No Aplica,No Aplica,,,,,,,,2022,Primer Trimestre,1000.0,1000.0,,,,,,,,,,,,,,,,,,,,
5154377,20230301,218552585,Pupiales,1.2,RECURSOS DE CAPITAL,INGRESOS,RECURSOS DE CAPITAL,No Aplica,No Aplica,No Aplica,No Aplica,No Aplica,No Aplica,No Aplica,No Aplica,,,,,,,,2023,Primer Trimestre,417000000.0,17000000.0,,,,,,,,,,,,,,,,,,,,
5154669,20220901,218552585,Pupiales,1.1.01.02.200.01,IMPUESTO DE INDUSTRIA Y COMERCIO - SOBRE ACTIVIDADES COMERCIALES,INGRESOS,INGRESOS CORRIENTES,INGRESOS TRIBUTARIOS,IMPUESTOS INDIRECTOS,IMPUESTO DE INDUSTRIA Y COMERCIO,IMPUESTO DE INDUSTRIA Y COMERCIO - SOBRE ACTIVIDADES COMERCIALES,No Aplica,No Aplica,No Aplica,No Aplica,,,,,,,,2022,Tercer Trimestre,235000000.0,235000000.0,,,,,,,,,,,,,,,,,,,,
5154878,20221201,218552585,Pupiales,1.1.02.06.001.01.03,CALIDAD,INGRESOS,INGRESOS CORRIENTES,INGRESOS NO TRIBUTARIOS,TRANSFERENCIAS CORRIENTES,SISTEMA GENERAL DE PARTICIPACIONES,PARTICIPACION PARA EDUCACION,CALIDAD,No Aplica,No Aplica,No Aplica,,,,,,,,2022,Cuarto Trimestre,406016250.0,452760446.0,,,,,,,,,,,,,,,,,,,,
5155206,20220901,218552585,Pupiales,1.2.13,REINTEGROS Y OTROS RECURSOS NO APROPIADOS,INGRESOS,RECURSOS DE CAPITAL,REINTEGROS Y OTROS RECURSOS NO APROPIADOS,No Aplica,No Aplica,No Aplica,No Aplica,No Aplica,No Aplica,No Aplica,,,,,,,,2022,Tercer Trimestre,439950149.0,0.0,,,,,,,,,,,,,,,,,,,,
5157715,20220301,218552585,Pupiales,1.1.02.03.001.20,MULTAS CODIGO NACIONAL DE SEGURIDAD Y CONVIVENCIA CIUDADANA,INGRESOS,INGRESOS CORRIENTES,INGRESOS NO TRIBUTARIOS,"MULTAS, SANCIONES E INTERESES DE MORA",MULTAS Y SANCIONES,MULTAS CODIGO NACIONAL DE SEGURIDAD Y CONVIVENCIA CIUDADANA,No Aplica,No Aplica,No Aplica,No Aplica,,,,,,,,2022,Primer Trimestre,26000000.0,26000000.0,,,,,,,,,,,,,,,,,,,,
5158783,20211201,218552585,Pupiales,1.1.02.06.009.01.06,RECURSOS ADRES - COFINANCIACION UPC REGIMEN SUBSIDIADO,INGRESOS,INGRESOS CORRIENTES,INGRESOS NO TRIBUTARIOS,TRANSFERENCIAS CORRIENTES,RECURSOS DEL SISTEMA DE SEGURIDAD SOCIAL INTEGRAL,SISTEMA GENERAL DE SEGURIDAD SOCIAL EN SALUD,RECURSOS ADRES - COFINANCIACION UPC REGIMEN SUBSIDIADO,No Aplica,No Aplica,No Aplica,,,,,,,,2021,Cuarto Trimestre,9134031459.0,7777949925.0,,,,,,,,,,,,,,,,,,,,
5159170,20221201,218552585,Pupiales,1.1.01,INGRESOS TRIBUTARIOS,INGRESOS,INGRESOS CORRIENTES,INGRESOS TRIBUTARIOS,No Aplica,No Aplica,No Aplica,No Aplica,No Aplica,No Aplica,No Aplica,,,,,,,,2022,Cuarto Trimestre,1651218678.0,1158004000.0,,,,,,,,,,,,,,,,,,,,
5159432,20210901,218552585,Pupiales,1.1.01.02.212,SOBRETASA BOMBERIL,INGRESOS,INGRESOS CORRIENTES,INGRESOS TRIBUTARIOS,IMPUESTOS INDIRECTOS,SOBRETASA BOMBERIL,No Aplica,No Aplica,No Aplica,No Aplica,No Aplica,,,,,,,,2021,Tercer Trimestre,12281056.0,10000000.0,,,,,,,,,,,,,,,,,,,,
5160654,20211201,218552585,Pupiales,1.1.01.02,IMPUESTOS INDIRECTOS,INGRESOS,INGRESOS CORRIENTES,INGRESOS TRIBUTARIOS,IMPUESTOS INDIRECTOS,No Aplica,No Aplica,No Aplica,No Aplica,No Aplica,No Aplica,,,,,,,,2021,Cuarto Trimestre,1041822557.0,745104000.0,,,,,,,,,,,,,,,,,,,,
5161199,20220301,218552585,Pupiales,1.1.02.06.006.01,APORTES NACION,INGRESOS,INGRESOS CORRIENTES,INGRESOS NO TRIBUTARIOS,TRANSFERENCIAS CORRIENTES,TRANSFERENCIAS DE OTRAS ENTIDADES DEL GOBIERNO GENERAL,APORTES NACION,No Aplica,No Aplica,No Aplica,No Aplica,,,,,,,,2022,Primer Trimestre,1000.0,1000.0,,,,,,,,,,,,,,,,,,,,
5162054,20210901,218552585,Pupiales,1.2.05.02,DEPOSITOS,INGRESOS,RECURSOS DE CAPITAL,RENDIMIENTOS FINANCIEROS,DEPOSITOS,No Aplica,No Aplica,No Aplica,No Aplica,No Aplica,No Aplica,,,,,,,,2021,Tercer Trimestre,15000000.0,15000000.0,,,,,,,,,,,,,,,,,,,,
5163099,20210601,218552585,Pupiales,1.2.05,RENDIMIENTOS FINANCIEROS,INGRESOS,RECURSOS DE CAPITAL,RENDIMIENTOS FINANCIEROS,No Aplica,No Aplica,No Aplica,No Aplica,No Aplica,No Aplica,No Aplica,,,,,,,,2021,Segundo Trimestre,15000000.0,15000000.0,,,,,,,,,,,,,,,,,,,,
5164562,20211201,218552585,Pupiales,1.1.02.06.001.02.01,REGIMEN SUBSIDIADO,INGRESOS,INGRESOS CORRIENTES,INGRESOS NO TRIBUTARIOS,TRANSFERENCIAS CORRIENTES,SISTEMA GENERAL DE PARTICIPACIONES,PARTICIPACION PARA SALUD,REGIMEN SUBSIDIADO,No Aplica,No Aplica,No Aplica,,,,,,,,2021,Cuarto Trimestre,6468544850.0,5831571134.0,,,,,,,,,,,,,,,,,,,,
5164750,20220601,218552585,Pupiales,1.1.01.01.200.02,IMPUESTO PREDIAL UNIFICADO - RURAL,INGRESOS,INGRESOS CORRIENTES,INGRESOS TRIBUTARIOS,IMPUESTOS DIRECTOS,IMPUESTO PREDIAL UNIFICADO,IMPUESTO PREDIAL UNIFICADO - RURAL,No Aplica,No Aplica,No Aplica,No Aplica,,,,,,,,2022,Segundo Trimestre,169000000.0,169000000.0,,,,,,,,,,,,,,,,,,,,
5167312,20230601,218552585,Pupiales,1.1.02.03.001,MULTAS Y SANCIONES,INGRESOS,INGRESOS CORRIENTES,INGRESOS NO TRIBUTARIOS,"MULTAS, SANCIONES E INTERESES DE MORA",MULTAS Y SANCIONES,No Aplica,No Aplica,No Aplica,No Aplica,No Aplica,,,,,,,,2023,Segundo Trimestre,8102000.0,8102000.0,,,,,,,,,,,,,,,,,,,,
5168100,20210601,218552585,Pupiales,1.1.02.06.001.04.01,PROGRAMAS DE ALIMENTACION ESCOLAR,INGRESOS,INGRESOS CORRIENTES,INGRESOS NO TRIBUTARIOS,TRANSFERENCIAS CORRIENTES,SISTEMA GENERAL DE PARTICIPACIONES,ASIGNACIONES ESPECIALES,PROGRAMAS DE ALIMENTACION ESCOLAR,No Aplica,No Aplica,No Aplica,,,,,,,,2021,Segundo Trimestre,106780601.0,95795638.0,,,,,,,,,,,,,,,,,,,,
5168519,20211201,218552585,Pupiales,1.1.02.06.006.01,APORTES NACION,INGRESOS,INGRESOS CORRIENTES,INGRESOS NO TRIBUTARIOS,TRANSFERENCIAS CORRIENTES,TRANSFERENCIAS DE OTRAS ENTIDADES DEL GOBIERNO GENERAL,APORTES NACION,No Aplica,No Aplica,No Aplica,No Aplica,,,,,,,,2021,Cuarto Trimestre,1000.0,1000.0,,,,,,,,,,,,,,,,,,,,
5169146,20220301,218552585,Pupiales,1.1.01.02.109,SOBRETASA A LA GASOLINA,INGRESOS,INGRESOS CORRIENTES,INGRESOS TRIBUTARIOS,IMPUESTOS INDIRECTOS,SOBRETASA A LA GASOLINA,No Aplica,No Aplica,No Aplica,No Aplica,No Aplica,,,,,,,,2022,Primer Trimestre,225000000.0,225000000.0,,,,,,,,,,,,,,,,,,,,
5169209,20220601,218552585,Pupiales,1.1.02.06,TRANSFERENCIAS CORRIENTES,INGRESOS,INGRESOS CORRIENTES,INGRESOS NO TRIBUTARIOS,TRANSFERENCIAS CORRIENTES,No Aplica,No Aplica,No Aplica,No Aplica,No Aplica,No Aplica,,,,,,,,2022,Segundo Trimestre,21041207029.0,20436416995.0,,,,,,,,,,,,,,,,,,,,
5169447,20220901,218552585,Pupiales,1.1.02.06.001.02,PARTICIPACION PARA SALUD,INGRESOS,INGRESOS CORRIENTES,INGRESOS NO TRIBUTARIOS,TRANSFERENCIAS CORRIENTES,SISTEMA GENERAL DE PARTICIPACIONES,PARTICIPACION PARA SALUD,No Aplica,No Aplica,No Aplica,No Aplica,,,,,,,,2022,Tercer Trimestre,7121379742.0,6889204937.0,,,,,,,,,,,,,,,,,,,,
5170039,20210901,218552585,Pupiales,1.1.01.01.200.01,IMPUESTO PREDIAL UNIFICADO - URBANO,INGRESOS,INGRESOS CORRIENTES,INGRESOS TRIBUTARIOS,IMPUESTOS DIRECTOS,IMPUESTO PREDIAL UNIFICADO,IMPUESTO PREDIAL UNIFICADO - URBANO,No Aplica,No Aplica,No Aplica,No Aplica,,,,,,,,2021,Tercer Trimestre,153110743.0,140000000.0,,,,,,,,,,,,,,,,,,,,
5170923,20210301,218552585,Pupiales,1.2.12.10,POR LA DEVOLUCION DE RECURSOS SGP PROPOSITO GENERAL,INGRESOS,RECURSOS DE CAPITAL,RETIROS FONPET,POR LA DEVOLUCION DE RECURSOS SGP PROPOSITO GENERAL,No Aplica,No Aplica,No Aplica,No Aplica,No Aplica,No Aplica,,,,,,,,2021,Primer Trimestre,115729990.0,115729990.0,,,,,,,,,,,,,,,,,,,,
5171388,20210301,218552585,Pupiales,1.1.01.02,IMPUESTOS INDIRECTOS,INGRESOS,INGRESOS CORRIENTES,INGRESOS TRIBUTARIOS,IMPUESTOS INDIRECTOS,No Aplica,No Aplica,No Aplica,No Aplica,No Aplica,No Aplica,,,,,,,,2021,Primer Trimestre,745104000.0,745104000.0,,,,,,,,,,,,,,,,,,,,
5171391,20211201,218552585,Pupiales,1.1.01.01.014,SOBRETASA AMBIENTAL,INGRESOS,INGRESOS CORRIENTES,INGRESOS TRIBUTARIOS,IMPUESTOS DIRECTOS,SOBRETASA AMBIENTAL,No Aplica,No Aplica,No Aplica,No Aplica,No Aplica,,,,,,,,2021,Cuarto Trimestre,80012976.0,45000000.0,,,,,,,,,,,,,,,,,,,,
5172170,20220301,218552585,Pupiales,1.1.01.01.200,IMPUESTO PREDIAL UNIFICADO,INGRESOS,INGRESOS CORRIENTES,INGRESOS TRIBUTARIOS,IMPUESTOS DIRECTOS,IMPUESTO PREDIAL UNIFICADO,No Aplica,No Aplica,No Aplica,No Aplica,No Aplica,,,,,,,,2022,Primer Trimestre,322000000.0,322000000.0,,,,,,,,,,,,,,,,,,,,
5172594,20210301,218552585,Pupiales,1.1.02.06.009.01,SISTEMA GENERAL DE SEGURIDAD SOCIAL EN SALUD,INGRESOS,INGRESOS CORRIENTES,INGRESOS NO TRIBUTARIOS,TRANSFERENCIAS CORRIENTES,RECURSOS DEL SISTEMA DE SEGURIDAD SOCIAL INTEGRAL,SISTEMA GENERAL DE SEGURIDAD SOCIAL EN SALUD,No Aplica,No Aplica,No Aplica,No Aplica,,,,,,,,2021,Primer Trimestre,7777949925.0,7777949925.0,,,,,,,,,,,,,,,,,,,,
5172893,20221201,218552585,Pupiales,1,INGRESOS,INGRESOS,No Aplica,No Aplica,No Aplica,No Aplica,No Aplica,No Aplica,No Aplica,No Aplica,No Aplica,,,,,,,,2022,Cuarto Trimestre,29220210850.0,23078775850.0,,,,,,,,,,,,,,,,,,,,
5173222,20211201,218552585,Pupiales,1.1.01.02.300,ESTAMPILLAS,INGRESOS,INGRESOS CORRIENTES,INGRESOS TRIBUTARIOS,IMPUESTOS INDIRECTOS,ESTAMPILLAS,No Aplica,No Aplica,No Aplica,No Aplica,No Aplica,,,,,,,,2021,Cuarto Trimestre,328844394.0,250000000.0,,,,,,,,,,,,,,,,,,,,
5173245,20210301,218552585,Pupiales,1.1.02.06.001.01.03,CALIDAD,INGRESOS,INGRESOS CORRIENTES,INGRESOS NO TRIBUTARIOS,TRANSFERENCIAS CORRIENTES,SISTEMA GENERAL DE PARTICIPACIONES,PARTICIPACION PARA EDUCACION,CALIDAD,No Aplica,No Aplica,No Aplica,,,,,,,,2021,Primer Trimestre,480000000.0,480000000.0,,,,,,,,,,,,,,,,,,,,
5174164,20210301,218552585,Pupiales,1.1.02.05.002.07,SERVICIOS FINANCIEROS Y SERVICIOS CONEXOS; SERVICIOS INMOBILIARIOS; Y SERVICIOS DE ARRENDAMIENTO Y LEASING,INGRESOS,INGRESOS CORRIENTES,INGRESOS NO TRIBUTARIOS,VENTA DE BIENES Y SERVICIOS,VENTAS INCIDENTALES DE ESTABLECIMIENTOS NO DE MERCADO,SERVICIOS FINANCIEROS Y SERVICIOS CONEXOS; SERVICIOS INMOBILIARIOS; Y SERVICIOS DE ARRENDAMIENTO Y LEASING,No Aplica,No Aplica,No Aplica,No Aplica,,,,,,,,2021,Primer Trimestre,10000000.0,10000000.0,,,,,,,,,,,,,,,,,,,,
5175076,20221201,218552585,Pupiales,1.1.02.06.003,PARTICIPACIONES DISTINTAS DEL SGP,INGRESOS,INGRESOS CORRIENTES,INGRESOS NO TRIBUTARIOS,TRANSFERENCIAS CORRIENTES,PARTICIPACIONES DISTINTAS DEL SGP,No Aplica,No Aplica,No Aplica,No Aplica,No Aplica,,,,,,,,2022,Cuarto Trimestre,62342254.0,50000000.0,,,,,,,,,,,,,,,,,,,,
5177911,20220601,218552585,Pupiales,1.1.02.01,CONTRIBUCIONES,INGRESOS,INGRESOS CORRIENTES,INGRESOS NO TRIBUTARIOS,CONTRIBUCIONES,No Aplica,No Aplica,No Aplica,No Aplica,No Aplica,No Aplica,,,,,,,,2022,Segundo Trimestre,102000000.0,102000000.0,,,,,,,,,,,,,,,,,,,,
5178064,20210601,218552585,Pupiales,1.1.01.02.206,IMPUESTO A LAS VENTAS POR EL SISTEMA DE CLUBES,INGRESOS,INGRESOS CORRIENTES,INGRESOS TRIBUTARIOS,IMPUESTOS INDIRECTOS,IMPUESTO A LAS VENTAS POR EL SISTEMA DE CLUBES,No Aplica,No Aplica,No Aplica,No Aplica,No Aplica,,,,,,,,2021,Segundo Trimestre,1000.0,1000.0,,,,,,,,,,,,,,,,,,,,
5178465,20210901,218552585,Pupiales,1.1.02.06.009,RECURSOS DEL SISTEMA DE SEGURIDAD SOCIAL INTEGRAL,INGRESOS,INGRESOS CORRIENTES,INGRESOS NO TRIBUTARIOS,TRANSFERENCIAS CORRIENTES,RECURSOS DEL SISTEMA DE SEGURIDAD SOCIAL INTEGRAL,No Aplica,No Aplica,No Aplica,No Aplica,No Aplica,,,,,,,,2021,Tercer Trimestre,7844630553.0,7777949925.0,,,,,,,,,,,,,,,,,,,,
5178476,20230301,218552585,Pupiales,1.1.02.06.003.01.02,PARTICIPACION DEL IMPUESTO SOBRE VEHICULOS AUTOMOTORES,INGRESOS,INGRESOS CORRIENTES,INGRESOS NO TRIBUTARIOS,TRANSFERENCIAS CORRIENTES,PARTICIPACIONES DISTINTAS DEL SGP,PARTICIPACION EN IMPUESTOS,PARTICIPACION DEL IMPUESTO SOBRE VEHICULOS AUTOMOTORES,No Aplica,No Aplica,No Aplica,,,,,,,,2023,Primer Trimestre,5000000.0,5000000.0,,,,,,,,,,,,,,,,,,,,
5178652,20210901,218552585,Pupiales,1.1.02.06.006,TRANSFERENCIAS DE OTRAS ENTIDADES DEL GOBIERNO GENERAL,INGRESOS,INGRESOS CORRIENTES,INGRESOS NO TRIBUTARIOS,TRANSFERENCIAS CORRIENTES,TRANSFERENCIAS DE OTRAS ENTIDADES DEL GOBIERNO GENERAL,No Aplica,No Aplica,No Aplica,No Aplica,No Aplica,,,,,,,,2021,Tercer Trimestre,424151460.0,348439267.0,,,,,,,,,,,,,,,,,,,,
5180703,20210601,218552585,Pupiales,1.1.02.06,TRANSFERENCIAS CORRIENTES,INGRESOS,INGRESOS CORRIENTES,INGRESOS NO TRIBUTARIOS,TRANSFERENCIAS CORRIENTES,No Aplica,No Aplica,No Aplica,No Aplica,No Aplica,No Aplica,,,,,,,,2021,Segundo Trimestre,20309941822.0,19814143688.0,,,,,,,,,,,,,,,,,,,,
5181425,20230601,218552585,Pupiales,1.1.02.05.002.09,"SERVICIOS PARA LA COMUNIDAD, SOCIALES Y PERSONALES",INGRESOS,INGRESOS CORRIENTES,INGRESOS NO TRIBUTARIOS,VENTA DE BIENES Y SERVICIOS,VENTAS INCIDENTALES DE ESTABLECIMIENTOS NO DE MERCADO,"SERVICIOS PARA LA COMUNIDAD, SOCIALES Y PERSONALES",No Aplica,No Aplica,No Aplica,No Aplica,,,,,,,,2023,Segundo Trimestre,30000000.0,30000000.0,,,,,,,,,,,,,,,,,,,,
5182422,20221201,218552585,Pupiales,1.1.01.01,IMPUESTOS DIRECTOS,INGRESOS,INGRESOS CORRIENTES,INGRESOS TRIBUTARIOS,IMPUESTOS DIRECTOS,No Aplica,No Aplica,No Aplica,No Aplica,No Aplica,No Aplica,,,,,,,,2022,Cuarto Trimestre,411499851.0,367000000.0,,,,,,,,,,,,,,,,,,,,
5182636,20220301,218552585,Pupiales,1.1.02.06.003.01.02,PARTICIPACION DEL IMPUESTO SOBRE VEHICULOS AUTOMOTORES,INGRESOS,INGRESOS CORRIENTES,INGRESOS NO TRIBUTARIOS,TRANSFERENCIAS CORRIENTES,PARTICIPACIONES DISTINTAS DEL SGP,PARTICIPACION EN IMPUESTOS,PARTICIPACION DEL IMPUESTO SOBRE VEHICULOS AUTOMOTORES,No Aplica,No Aplica,No Aplica,,,,,,,,2022,Primer Trimestre,50000000.0,50000000.0,,,,,,,,,,,,,,,,,,,,
5187348,20220901,218552585,Pupiales,1.2.10.02,SUPERAVIT FISCAL,INGRESOS,RECURSOS DE CAPITAL,RECURSOS DEL BALANCE,SUPERAVIT FISCAL,No Aplica,No Aplica,No Aplica,No Aplica,No Aplica,No Aplica,,,,,,,,2022,Tercer Trimestre,1181965645.0,0.0,,,,,,,,,,,,,,,,,,,,
5187396,20230601,218552585,Pupiales,1.1.02.06.003,PARTICIPACIONES DISTINTAS DEL SGP,INGRESOS,INGRESOS CORRIENTES,INGRESOS NO TRIBUTARIOS,TRANSFERENCIAS CORRIENTES,PARTICIPACIONES DISTINTAS DEL SGP,No Aplica,No Aplica,No Aplica,No Aplica,No Aplica,,,,,,,,2023,Segundo Trimestre,50000000.0,50000000.0,,,,,,,,,,,,,,,,,,,,
5188009,20210301,218552585,Pupiales,1.1.02.02.095,PLAZA DE MERCADO,INGRESOS,INGRESOS CORRIENTES,INGRESOS NO TRIBUTARIOS,TASAS Y DERECHOS ADMINISTRATIVOS,PLAZA DE MERCADO,No Aplica,No Aplica,No Aplica,No Aplica,No Aplica,,,,,,,,2021,Primer Trimestre,1000.0,1000.0,,,,,,,,,,,,,,,,,,,,
5188511,20221201,218552585,Pupiales,1.1.02.06.003.01,PARTICIPACION EN IMPUESTOS,INGRESOS,INGRESOS CORRIENTES,INGRESOS NO TRIBUTARIOS,TRANSFERENCIAS CORRIENTES,PARTICIPACIONES DISTINTAS DEL SGP,PARTICIPACION EN IMPUESTOS,No Aplica,No Aplica,No Aplica,No Aplica,,,,,,,,2022,Cuarto Trimestre,62342254.0,50000000.0,,,,,,,,,,,,,,,,,,,,
5189176,20230601,218552585,Pupiales,1.1.01.01.200.01,IMPUESTO PREDIAL UNIFICADO - URBANO,INGRESOS,INGRESOS CORRIENTES,INGRESOS TRIBUTARIOS,IMPUESTOS DIRECTOS,IMPUESTO PREDIAL UNIFICADO,IMPUESTO PREDIAL UNIFICADO - URBANO,No Aplica,No Aplica,No Aplica,No Aplica,,,,,,,,2023,Segundo Trimestre,155000000.0,155000000.0,,,,,,,,,,,,,,,,,,,,
5191306,20221201,218552585,Pupiales,1.1.02.03.001.22,MULTAS AMBIENTALES,INGRESOS,INGRESOS CORRIENTES,INGRESOS NO TRIBUTARIOS,"MULTAS, SANCIONES E INTERESES DE MORA",MULTAS Y SANCIONES,MULTAS AMBIENTALES,No Aplica,No Aplica,No Aplica,No Aplica,,,,,,,,2022,Cuarto Trimestre,0.0,1000.0,,,,,,,,,,,,,,,,,,,,
5191590,20221201,218552585,Pupiales,1.1.01.01.014.01,SOBRETASA AMBIENTAL - URBANO,INGRESOS,INGRESOS CORRIENTES,INGRESOS TRIBUTARIOS,IMPUESTOS DIRECTOS,SOBRETASA AMBIENTAL,SOBRETASA AMBIENTAL - URBANO,No Aplica,No Aplica,No Aplica,No Aplica,,,,,,,,2022,Cuarto Trimestre,29627419.0,25000000.0,,,,,,,,,,,,,,,,,,,,
5191656,20230601,218552585,Pupiales,1.1.01.02.300,ESTAMPILLAS,INGRESOS,INGRESOS CORRIENTES,INGRESOS TRIBUTARIOS,IMPUESTOS INDIRECTOS,ESTAMPILLAS,No Aplica,No Aplica,No Aplica,No Aplica,No Aplica,,,,,,,,2023,Segundo Trimestre,330000000.0,330000000.0,,,,,,,,,,,,,,,,,,,,
5192115,20220301,218552585,Pupiales,1.1.01.02.211,IMPUESTO DE ALUMBRADO PUBLICO,INGRESOS,INGRESOS CORRIENTES,INGRESOS TRIBUTARIOS,IMPUESTOS INDIRECTOS,IMPUESTO DE ALUMBRADO PUBLICO,No Aplica,No Aplica,No Aplica,No Aplica,No Aplica,,,,,,,,2022,Primer Trimestre,1000000.0,1000000.0,,,,,,,,,,,,,,,,,,,,
5193432,20220301,218552585,Pupiales,1.1.01.01.014.02,SOBRETASA AMBIENTAL -RURAL,INGRESOS,INGRESOS CORRIENTES,INGRESOS TRIBUTARIOS,IMPUESTOS DIRECTOS,SOBRETASA AMBIENTAL,SOBRETASA AMBIENTAL -RURAL,No Aplica,No Aplica,No Aplica,No Aplica,,,,,,,,2022,Primer Trimestre,20000000.0,20000000.0,,,,,,,,,,,,,,,,,,,,
5194565,20230301,218552585,Pupiales,1.1.02.01.005.59,CONTRIBUCION ESPECIAL SOBRE CONTRATOS DE OBRAS PUBLICAS,INGRESOS,INGRESOS CORRIENTES,INGRESOS NO TRIBUTARIOS,CONTRIBUCIONES,CONTRIBUCIONES DIVERSAS,CONTRIBUCION ESPECIAL SOBRE CONTRATOS DE OBRAS PUBLICAS,No Aplica,No Aplica,No Aplica,No Aplica,,,,,,,,2023,Primer Trimestre,60000000.0,60000000.0,,,,,,,,,,,,,,,,,,,,
5197209,20210601,218552585,Pupiales,1.2.08.06.002,CONDICIONADAS A LA ADQUISICION DE UN ACTIVO,INGRESOS,RECURSOS DE CAPITAL,TRANSFERENCIAS DE CAPITAL,DE OTRAS ENTIDADES DEL GOBIERNO GENERAL,CONDICIONADAS A LA ADQUISICION DE UN ACTIVO,No Aplica,No Aplica,No Aplica,No Aplica,No Aplica,,,,,,,,2021,Segundo Trimestre,765346212.0,0.0,,,,,,,,,,,,,,,,,,,,
5197710,20220601,218552585,Pupiales,1,INGRESOS,INGRESOS,No Aplica,No Aplica,No Aplica,No Aplica,No Aplica,No Aplica,No Aplica,No Aplica,No Aplica,,,,,,,,2022,Segundo Trimestre,25291844414.0,23078775850.0,,,,,,,,,,,,,,,,,,,,
5198080,20211201,218552585,Pupiales,1.2.07.01.001,BANCA COMERCIAL,INGRESOS,RECURSOS DE CAPITAL,RECURSOS DE CREDITO INTERNO,RECURSOS DE CONTRATOS DE EMPRESTITOS INTERNOS,BANCA COMERCIAL,No Aplica,No Aplica,No Aplica,No Aplica,No Aplica,,,,,,,,2021,Cuarto Trimestre,1889000000.0,0.0,,,,,,,,,,,,,,,,,,,,
5198469,20210901,218552585,Pupiales,1.2.01.02,DISPOSICION DE ACTIVOS NO FINANCIEROS,INGRESOS,RECURSOS DE CAPITAL,DISPOSICION DE ACTIVOS,DISPOSICION DE ACTIVOS NO FINANCIEROS,No Aplica,No Aplica,No Aplica,No Aplica,No Aplica,No Aplica,,,,,,,,2021,Tercer Trimestre,242000000.0,0.0,,,,,,,,,,,,,,,,,,,,
5198985,20210301,218552585,Pupiales,1.1.01.01.014,SOBRETASA AMBIENTAL,INGRESOS,INGRESOS CORRIENTES,INGRESOS TRIBUTARIOS,IMPUESTOS DIRECTOS,SOBRETASA AMBIENTAL,No Aplica,No Aplica,No Aplica,No Aplica,No Aplica,,,,,,,,2021,Primer Trimestre,45000000.0,45000000.0,,,,,,,,,,,,,,,,,,,,
5200141,20220901,218552585,Pupiales,1.1.02.03.001.04,SANCIONES CONTRACTUALES,INGRESOS,INGRESOS CORRIENTES,INGRESOS NO TRIBUTARIOS,"MULTAS, SANCIONES E INTERESES DE MORA",MULTAS Y SANCIONES,SANCIONES CONTRACTUALES,No Aplica,No Aplica,No Aplica,No Aplica,,,,,,,,2022,Tercer Trimestre,49628962.0,0.0,,,,,,,,,,,,,,,,,,,,
5200830,20210301,218552585,Pupiales,1.1.01.01.200.01,IMPUESTO PREDIAL UNIFICADO - URBANO,INGRESOS,INGRESOS CORRIENTES,INGRESOS TRIBUTARIOS,IMPUESTOS DIRECTOS,IMPUESTO PREDIAL UNIFICADO,IMPUESTO PREDIAL UNIFICADO - URBANO,No Aplica,No Aplica,No Aplica,No Aplica,,,,,,,,2021,Primer Trimestre,140000000.0,140000000.0,,,,,,,,,,,,,,,,,,,,
5200930,20220301,218552585,Pupiales,1.2.05,RENDIMIENTOS FINANCIEROS,INGRESOS,RECURSOS DE CAPITAL,RENDIMIENTOS FINANCIEROS,No Aplica,No Aplica,No Aplica,No Aplica,No Aplica,No Aplica,No Aplica,,,,,,,,2022,Primer Trimestre,10000000.0,10000000.0,,,,,,,,,,,,,,,,,,,,
5201586,20211201,218552585,Pupiales,1.1.02.03.001.20.02,MULTAS CODIGO NACIONAL DE SEGURIDAD Y CONVIVENCIA CIUDADANA - MULTAS ESPECIALES,INGRESOS,INGRESOS CORRIENTES,INGRESOS NO TRIBUTARIOS,"MULTAS, SANCIONES E INTERESES DE MORA",MULTAS Y SANCIONES,MULTAS CODIGO NACIONAL DE SEGURIDAD Y CONVIVENCIA CIUDADANA,MULTAS CODIGO NACIONAL DE SEGURIDAD Y CONVIVENCIA CIUDADANA - MULTAS ESPECIALES,No Aplica,No Aplica,No Aplica,,,,,,,,2021,Cuarto Trimestre,0.0,2000000.0,,,,,,,,,,,,,,,,,,,,
5201690,20221201,218552585,Pupiales,1.1.02.06.001.02.01,REGIMEN SUBSIDIADO,INGRESOS,INGRESOS CORRIENTES,INGRESOS NO TRIBUTARIOS,TRANSFERENCIAS CORRIENTES,SISTEMA GENERAL DE PARTICIPACIONES,PARTICIPACION PARA SALUD,REGIMEN SUBSIDIADO,No Aplica,No Aplica,No Aplica,,,,,,,,2022,Cuarto Trimestre,6668054067.0,6468544850.0,,,,,,,,,,,,,,,,,,,,
5201842,20220901,218552585,Pupiales,1.1.02.06.009,RECURSOS DEL SISTEMA DE SEGURIDAD SOCIAL INTEGRAL,INGRESOS,INGRESOS CORRIENTES,INGRESOS NO TRIBUTARIOS,TRANSFERENCIAS CORRIENTES,RECURSOS DEL SISTEMA DE SEGURIDAD SOCIAL INTEGRAL,No Aplica,No Aplica,No Aplica,No Aplica,No Aplica,,,,,,,,2022,Tercer Trimestre,10880161110.0,7844630553.0,,,,,,,,,,,,,,,,,,,,
5202032,20210901,218552585,Pupiales,1.1.02,INGRESOS NO TRIBUTARIOS,INGRESOS,INGRESOS CORRIENTES,INGRESOS NO TRIBUTARIOS,No Aplica,No Aplica,No Aplica,No Aplica,No Aplica,No Aplica,No Aplica,,,,,,,,2021,Tercer Trimestre,20913814124.0,20243139980.0,,,,,,,,,,,,,,,,,,,,
5202162,20220301,218552585,Pupiales,1.1.02.06.003.01,PARTICIPACION EN IMPUESTOS,INGRESOS,INGRESOS CORRIENTES,INGRESOS NO TRIBUTARIOS,TRANSFERENCIAS CORRIENTES,PARTICIPACIONES DISTINTAS DEL SGP,PARTICIPACION EN IMPUESTOS,No Aplica,No Aplica,No Aplica,No Aplica,,,,,,,,2022,Primer Trimestre,50000000.0,50000000.0,,,,,,,,,,,,,,,,,,,,
5202710,20221201,218552585,Pupiales,1.1.02.06.001.02,PARTICIPACION PARA SALUD,INGRESOS,INGRESOS CORRIENTES,INGRESOS NO TRIBUTARIOS,TRANSFERENCIAS CORRIENTES,SISTEMA GENERAL DE PARTICIPACIONES,PARTICIPACION PARA SALUD,No Aplica,No Aplica,No Aplica,No Aplica,,,,,,,,2022,Cuarto Trimestre,7121379742.0,6889204937.0,,,,,,,,,,,,,,,,,,,,
5202973,20220301,218552585,Pupiales,1.1.02.06.001.02.01,REGIMEN SUBSIDIADO,INGRESOS,INGRESOS CORRIENTES,INGRESOS NO TRIBUTARIOS,TRANSFERENCIAS CORRIENTES,SISTEMA GENERAL DE PARTICIPACIONES,PARTICIPACION PARA SALUD,REGIMEN SUBSIDIADO,No Aplica,No Aplica,No Aplica,,,,,,,,2022,Primer Trimestre,6468544850.0,6468544850.0,,,,,,,,,,,,,,,,,,,,
5204320,20210601,218552585,Pupiales,1.1.01.01,IMPUESTOS DIRECTOS,INGRESOS,INGRESOS CORRIENTES,INGRESOS TRIBUTARIOS,IMPUESTOS DIRECTOS,No Aplica,No Aplica,No Aplica,No Aplica,No Aplica,No Aplica,,,,,,,,2021,Segundo Trimestre,315000000.0,315000000.0,,,,,,,,,,,,,,,,,,,,
5204390,20230601,218552585,Pupiales,1.1.01.02.300.01,ESTAMPILLA PARA EL BIENESTAR DEL ADULTO MAYOR,INGRESOS,INGRESOS CORRIENTES,INGRESOS TRIBUTARIOS,IMPUESTOS INDIRECTOS,ESTAMPILLAS,ESTAMPILLA PARA EL BIENESTAR DEL ADULTO MAYOR,No Aplica,No Aplica,No Aplica,No Aplica,,,,,,,,2023,Segundo Trimestre,220000000.0,220000000.0,,,,,,,,,,,,,,,,,,,,
5204423,20210301,218552585,Pupiales,1.2,RECURSOS DE CAPITAL,INGRESOS,RECURSOS DE CAPITAL,No Aplica,No Aplica,No Aplica,No Aplica,No Aplica,No Aplica,No Aplica,No Aplica,,,,,,,,2021,Primer Trimestre,1716918727.0,130729990.0,,,,,,,,,,,,,,,,,,,,
5204853,20220301,218552585,Pupiales,1.1.02.06.001.03.03,PROPOSITO GENERAL LIBRE INVERSION,INGRESOS,INGRESOS CORRIENTES,INGRESOS NO TRIBUTARIOS,TRANSFERENCIAS CORRIENTES,SISTEMA GENERAL DE PARTICIPACIONES,PARTICIPACION PARA PROPOSITO GENERAL,PROPOSITO GENERAL LIBRE INVERSION,No Aplica,No Aplica,No Aplica,,,,,,,,2022,Primer Trimestre,1920195795.0,1920195795.0,,,,,,,,,,,,,,,,,,,,
5205193,20220601,218552585,Pupiales,1.1.02.05.002.08,SERVICIOS PRESTADOS A LAS EMPRESAS Y SERVICIOS DE PRODUCCION,INGRESOS,INGRESOS CORRIENTES,INGRESOS NO TRIBUTARIOS,VENTA DE BIENES Y SERVICIOS,VENTAS INCIDENTALES DE ESTABLECIMIENTOS NO DE MERCADO,SERVICIOS PRESTADOS A LAS EMPRESAS Y SERVICIOS DE PRODUCCION,No Aplica,No Aplica,No Aplica,No Aplica,,,,,,,,2022,Segundo Trimestre,1000.0,1000.0,,,,,,,,,,,,,,,,,,,,
5205922,20210901,218552585,Pupiales,1.1.01.02.200.02,IMPUESTO DE INDUSTRIA Y COMERCIO - SOBRE ACTIVIDADES INDUSTRIALES,INGRESOS,INGRESOS CORRIENTES,INGRESOS TRIBUTARIOS,IMPUESTOS INDIRECTOS,IMPUESTO DE INDUSTRIA Y COMERCIO,IMPUESTO DE INDUSTRIA Y COMERCIO - SOBRE ACTIVIDADES INDUSTRIALES,No Aplica,No Aplica,No Aplica,No Aplica,,,,,,,,2021,Tercer Trimestre,10000000.0,10000000.0,,,,,,,,,,,,,,,,,,,,
5206432,20210901,218552585,Pupiales,1.1.01.02.200.03,IMPUESTO DE INDUSTRIA Y COMERCIO - SOBRE ACTIVIDADES DE SERVICIOS,INGRESOS,INGRESOS CORRIENTES,INGRESOS TRIBUTARIOS,IMPUESTOS INDIRECTOS,IMPUESTO DE INDUSTRIA Y COMERCIO,IMPUESTO DE INDUSTRIA Y COMERCIO - SOBRE ACTIVIDADES DE SERVICIOS,No Aplica,No Aplica,No Aplica,No Aplica,,,,,,,,2021,Tercer Trimestre,150000000.0,150000000.0,,,,,,,,,,,,,,,,,,,,
5206577,20220601,218552585,Pupiales,1.1.01.02.207,IMPUESTO DE CASINOS,INGRESOS,INGRESOS CORRIENTES,INGRESOS TRIBUTARIOS,IMPUESTOS INDIRECTOS,IMPUESTO DE CASINOS,No Aplica,No Aplica,No Aplica,No Aplica,No Aplica,,,,,,,,2022,Segundo Trimestre,1000.0,1000.0,,,,,,,,,,,,,,,,,,,,
5207357,20230301,218552585,Pupiales,1.1.01.02.212,SOBRETASA BOMBERIL,INGRESOS,INGRESOS CORRIENTES,INGRESOS TRIBUTARIOS,IMPUESTOS INDIRECTOS,SOBRETASA BOMBERIL,No Aplica,No Aplica,No Aplica,No Aplica,No Aplica,,,,,,,,2023,Primer Trimestre,2000000.0,2000000.0,,,,,,,,,,,,,,,,,,,,
5207583,20221201,218552585,Pupiales,1.1.02.05,VENTA DE BIENES Y SERVICIOS,INGRESOS,INGRESOS CORRIENTES,INGRESOS NO TRIBUTARIOS,VENTA DE BIENES Y SERVICIOS,No Aplica,No Aplica,No Aplica,No Aplica,No Aplica,No Aplica,,,,,,,,2022,Cuarto Trimestre,1012815920.0,993001000.0,,,,,,,,,,,,,,,,,,,,
5208098,20221201,218552585,Pupiales,1.2,RECURSOS DE CAPITAL,INGRESOS,RECURSOS DE CAPITAL,No Aplica,No Aplica,No Aplica,No Aplica,No Aplica,No Aplica,No Aplica,No Aplica,,,,,,,,2022,Cuarto Trimestre,1773017343.0,119245366.0,,,,,,,,,,,,,,,,,,,,
5208513,20230301,218552585,Pupiales,1.1.02.03.001.20,MULTAS CODIGO NACIONAL DE SEGURIDAD Y CONVIVENCIA CIUDADANA,INGRESOS,INGRESOS CORRIENTES,INGRESOS NO TRIBUTARIOS,"MULTAS, SANCIONES E INTERESES DE MORA",MULTAS Y SANCIONES,MULTAS CODIGO NACIONAL DE SEGURIDAD Y CONVIVENCIA CIUDADANA,No Aplica,No Aplica,No Aplica,No Aplica,,,,,,,,2023,Primer Trimestre,3000000.0,3000000.0,,,,,,,,,,,,,,,,,,,,
5209218,20211201,218552585,Pupiales,1.1.01.02.211,IMPUESTO DE ALUMBRADO PUBLICO,INGRESOS,INGRESOS CORRIENTES,INGRESOS TRIBUTARIOS,IMPUESTOS INDIRECTOS,IMPUESTO DE ALUMBRADO PUBLICO,No Aplica,No Aplica,No Aplica,No Aplica,No Aplica,,,,,,,,2021,Cuarto Trimestre,0.0,1000.0,,,,,,,,,,,,,,,,,,,,
5211549,20220301,218552585,Pupiales,1.1.02.03.001.20.01,MULTAS CODIGO NACIONAL DE SEGURIDAD Y CONVIVENCIA CIUDADANA - MULTAS GENERALES,INGRESOS,INGRESOS CORRIENTES,INGRESOS NO TRIBUTARIOS,"MULTAS, SANCIONES E INTERESES DE MORA",MULTAS Y SANCIONES,MULTAS CODIGO NACIONAL DE SEGURIDAD Y CONVIVENCIA CIUDADANA,MULTAS CODIGO NACIONAL DE SEGURIDAD Y CONVIVENCIA CIUDADANA - MULTAS GENERALES,No Aplica,No Aplica,No Aplica,,,,,,,,2022,Primer Trimestre,25000000.0,25000000.0,,,,,,,,,,,,,,,,,,,,
5211554,20210901,218552585,Pupiales,1.1.02.05.002,VENTAS INCIDENTALES DE ESTABLECIMIENTOS NO DE MERCADO,INGRESOS,INGRESOS CORRIENTES,INGRESOS NO TRIBUTARIOS,VENTA DE BIENES Y SERVICIOS,VENTAS INCIDENTALES DE ESTABLECIMIENTOS NO DE MERCADO,No Aplica,No Aplica,No Aplica,No Aplica,No Aplica,,,,,,,,2021,Tercer Trimestre,26554242.0,25001000.0,,,,,,,,,,,,,,,,,,,,
5212450,20210901,218552585,Pupiales,1.1.02.01.005.59,CONTRIBUCION ESPECIAL SOBRE CONTRATOS DE OBRAS PUBLICAS,INGRESOS,INGRESOS CORRIENTES,INGRESOS NO TRIBUTARIOS,CONTRIBUCIONES,CONTRIBUCIONES DIVERSAS,CONTRIBUCION ESPECIAL SOBRE CONTRATOS DE OBRAS PUBLICAS,No Aplica,No Aplica,No Aplica,No Aplica,,,,,,,,2021,Tercer Trimestre,100000000.0,100000000.0,,,,,,,,,,,,,,,,,,,,
5214368,20220601,218552585,Pupiales,1.1.02.03.001.20,MULTAS CODIGO NACIONAL DE SEGURIDAD Y CONVIVENCIA CIUDADANA,INGRESOS,INGRESOS CORRIENTES,INGRESOS NO TRIBUTARIOS,"MULTAS, SANCIONES E INTERESES DE MORA",MULTAS Y SANCIONES,MULTAS CODIGO NACIONAL DE SEGURIDAD Y CONVIVENCIA CIUDADANA,No Aplica,No Aplica,No Aplica,No Aplica,,,,,,,,2022,Segundo Trimestre,26000000.0,26000000.0,,,,,,,,,,,,,,,,,,,,
5214414,20210301,218552585,Pupiales,1.1.02.07,PARTICIPACION Y DERECHOS POR MONOPOLIO,INGRESOS,INGRESOS CORRIENTES,INGRESOS NO TRIBUTARIOS,PARTICIPACION Y DERECHOS POR MONOPOLIO,No Aplica,No Aplica,No Aplica,No Aplica,No Aplica,No Aplica,,,,,,,,2021,Primer Trimestre,275493292.0,275493292.0,,,,,,,,,,,,,,,,,,,,
5214843,20210901,218552585,Pupiales,1.1.02.06.001.04.01,PROGRAMAS DE ALIMENTACION ESCOLAR,INGRESOS,INGRESOS CORRIENTES,INGRESOS NO TRIBUTARIOS,TRANSFERENCIAS CORRIENTES,SISTEMA GENERAL DE PARTICIPACIONES,ASIGNACIONES ESPECIALES,PROGRAMAS DE ALIMENTACION ESCOLAR,No Aplica,No Aplica,No Aplica,,,,,,,,2021,Tercer Trimestre,106780601.0,95795638.0,,,,,,,,,,,,,,,,,,,,
5215132,20211201,218552585,Pupiales,1.1.01.01.200.01,IMPUESTO PREDIAL UNIFICADO - URBANO,INGRESOS,INGRESOS CORRIENTES,INGRESOS TRIBUTARIOS,IMPUESTOS DIRECTOS,IMPUESTO PREDIAL UNIFICADO,IMPUESTO PREDIAL UNIFICADO - URBANO,No Aplica,No Aplica,No Aplica,No Aplica,,,,,,,,2021,Cuarto Trimestre,184241345.0,140000000.0,,,,,,,,,,,,,,,,,,,,
5216273,20210601,218552585,Pupiales,1,INGRESOS,INGRESOS,No Aplica,No Aplica,No Aplica,No Aplica,No Aplica,No Aplica,No Aplica,No Aplica,No Aplica,,,,,,,,2021,Segundo Trimestre,25669872677.0,21433973970.0,,,,,,,,,,,,,,,,,,,,
5216859,20230601,218552585,Pupiales,1.1.01.02.212,SOBRETASA BOMBERIL,INGRESOS,INGRESOS CORRIENTES,INGRESOS TRIBUTARIOS,IMPUESTOS INDIRECTOS,SOBRETASA BOMBERIL,No Aplica,No Aplica,No Aplica,No Aplica,No Aplica,,,,,,,,2023,Segundo Trimestre,12000000.0,12000000.0,,,,,,,,,,,,,,,,,,,,
5217306,20221201,218552585,Pupiales,1.1.02.06.001.01.03.01,CALIDADPOR MATRICULA OFICIAL,INGRESOS,INGRESOS CORRIENTES,INGRESOS NO TRIBUTARIOS,TRANSFERENCIAS CORRIENTES,SISTEMA GENERAL DE PARTICIPACIONES,PARTICIPACION PARA EDUCACION,CALIDAD,CALIDADPOR MATRICULA OFICIAL,No Aplica,No Aplica,,,,,,,,2022,Cuarto Trimestre,208219751.0,213066304.0,,,,,,,,,,,,,,,,,,,,
5218618,20211201,218552585,Pupiales,1.1.02.06.001.02.04,SUBSIDIO A LA OFERTA,INGRESOS,INGRESOS CORRIENTES,INGRESOS NO TRIBUTARIOS,TRANSFERENCIAS CORRIENTES,SISTEMA GENERAL DE PARTICIPACIONES,PARTICIPACION PARA SALUD,SUBSIDIO A LA OFERTA,No Aplica,No Aplica,No Aplica,,,,,,,,2021,Cuarto Trimestre,209504409.0,182301825.0,,,,,,,,,,,,,,,,,,,,
5222040,20220301,218552585,Pupiales,1.1.02.06.001,SISTEMA GENERAL DE PARTICIPACIONES,INGRESOS,INGRESOS CORRIENTES,INGRESOS NO TRIBUTARIOS,TRANSFERENCIAS CORRIENTES,SISTEMA GENERAL DE PARTICIPACIONES,No Aplica,No Aplica,No Aplica,No Aplica,No Aplica,,,,,,,,2022,Primer Trimestre,12020668464.0,12193347175.0,,,,,,,,,,,,,,,,,,,,
5222269,20211201,218552585,Pupiales,1.1.02.01.005,CONTRIBUCIONES DIVERSAS,INGRESOS,INGRESOS CORRIENTES,INGRESOS NO TRIBUTARIOS,CONTRIBUCIONES,CONTRIBUCIONES DIVERSAS,No Aplica,No Aplica,No Aplica,No Aplica,No Aplica,,,,,,,,2021,Cuarto Trimestre,107088866.0,102000000.0,,,,,,,,,,,,,,,,,,,,
5222308,20220301,218552585,Pupiales,1.1.01.02.300,ESTAMPILLAS,INGRESOS,INGRESOS CORRIENTES,INGRESOS TRIBUTARIOS,IMPUESTOS INDIRECTOS,ESTAMPILLAS,No Aplica,No Aplica,No Aplica,No Aplica,No Aplica,,,,,,,,2022,Primer Trimestre,250000000.0,250000000.0,,,,,,,,,,,,,,,,,,,,
5222316,20230601,218552585,Pupiales,1.1.01.01.014,SOBRETASA AMBIENTAL,INGRESOS,INGRESOS CORRIENTES,INGRESOS TRIBUTARIOS,IMPUESTOS DIRECTOS,SOBRETASA AMBIENTAL,No Aplica,No Aplica,No Aplica,No Aplica,No Aplica,,,,,,,,2023,Segundo Trimestre,60000000.0,60000000.0,,,,,,,,,,,,,,,,,,,,
5223510,20230301,218552585,Pupiales,1.1.02.01,CONTRIBUCIONES,INGRESOS,INGRESOS CORRIENTES,INGRESOS NO TRIBUTARIOS,CONTRIBUCIONES,No Aplica,No Aplica,No Aplica,No Aplica,No Aplica,No Aplica,,,,,,,,2023,Primer Trimestre,60000000.0,60000000.0,,,,,,,,,,,,,,,,,,,,
5223867,20211201,218552585,Pupiales,1.1.02.06.001.03.04,"PROPOSITO GENERAL LIBRE DESTINACION MUNICIPIOS CATEGORIAS 4, 5 Y 6",INGRESOS,INGRESOS CORRIENTES,INGRESOS NO TRIBUTARIOS,TRANSFERENCIAS CORRIENTES,SISTEMA GENERAL DE PARTICIPACIONES,PARTICIPACION PARA PROPOSITO GENERAL,"PROPOSITO GENERAL LIBRE DESTINACION MUNICIPIOS CATEGORIAS 4, 5 Y 6",No Aplica,No Aplica,No Aplica,,,,,,,,2021,Cuarto Trimestre,1552550513.0,1678828121.0,,,,,,,,,,,,,,,,,,,,
5223911,20220301,218552585,Pupiales,1.1.01.02.300.55,ESTAMPILLA PRO CULTURA,INGRESOS,INGRESOS CORRIENTES,INGRESOS TRIBUTARIOS,IMPUESTOS INDIRECTOS,ESTAMPILLAS,ESTAMPILLA PRO CULTURA,No Aplica,No Aplica,No Aplica,No Aplica,,,,,,,,2022,Primer Trimestre,100000000.0,100000000.0,,,,,,,,,,,,,,,,,,,,
5224491,20210601,218552585,Pupiales,1.1.02,INGRESOS NO TRIBUTARIOS,INGRESOS,INGRESOS CORRIENTES,INGRESOS NO TRIBUTARIOS,No Aplica,No Aplica,No Aplica,No Aplica,No Aplica,No Aplica,No Aplica,,,,,,,,2021,Segundo Trimestre,20703550311.0,20243139980.0,,,,,,,,,,,,,,,,,,,,
5224998,20230301,218552585,Pupiales,1.1.02.06.006,TRANSFERENCIAS DE OTRAS ENTIDADES DEL GOBIERNO GENERAL,INGRESOS,INGRESOS CORRIENTES,INGRESOS NO TRIBUTARIOS,TRANSFERENCIAS CORRIENTES,TRANSFERENCIAS DE OTRAS ENTIDADES DEL GOBIERNO GENERAL,No Aplica,No Aplica,No Aplica,No Aplica,No Aplica,,,,,,,,2023,Primer Trimestre,223984756.0,0.0,,,,,,,,,,,,,,,,,,,,
5225134,20221201,218552585,Pupiales,1.1.02.06.001.02.02,SALUD PUBLICA,INGRESOS,INGRESOS CORRIENTES,INGRESOS NO TRIBUTARIOS,TRANSFERENCIAS CORRIENTES,SISTEMA GENERAL DE PARTICIPACIONES,PARTICIPACION PARA SALUD,SALUD PUBLICA,No Aplica,No Aplica,No Aplica,,,,,,,,2022,Cuarto Trimestre,236465200.0,211155678.0,,,,,,,,,,,,,,,,,,,,
5227144,20220601,218552585,Pupiales,1.1.01,INGRESOS TRIBUTARIOS,INGRESOS,INGRESOS CORRIENTES,INGRESOS TRIBUTARIOS,No Aplica,No Aplica,No Aplica,No Aplica,No Aplica,No Aplica,No Aplica,,,,,,,,2022,Segundo Trimestre,1158004000.0,1158004000.0,,,,,,,,,,,,,,,,,,,,
5228129,20210901,218552585,Pupiales,1.1.02.06.001.03.01,DEPORTE Y RECREACION,INGRESOS,INGRESOS CORRIENTES,INGRESOS NO TRIBUTARIOS,TRANSFERENCIAS CORRIENTES,SISTEMA GENERAL DE PARTICIPACIONES,PARTICIPACION PARA PROPOSITO GENERAL,DEPORTE Y RECREACION,No Aplica,No Aplica,No Aplica,,,,,,,,2021,Tercer Trimestre,74600845.0,92583992.0,,,,,,,,,,,,,,,,,,,,
5228162,20210901,218552585,Pupiales,1.1.02.06.001.01.03,CALIDAD,INGRESOS,INGRESOS CORRIENTES,INGRESOS NO TRIBUTARIOS,TRANSFERENCIAS CORRIENTES,SISTEMA GENERAL DE PARTICIPACIONES,PARTICIPACION PARA EDUCACION,CALIDAD,No Aplica,No Aplica,No Aplica,,,,,,,,2021,Tercer Trimestre,443066304.0,480000000.0,,,,,,,,,,,,,,,,,,,,
5228634,20210901,218552585,Pupiales,1.1.02.03.001,MULTAS Y SANCIONES,INGRESOS,INGRESOS CORRIENTES,INGRESOS NO TRIBUTARIOS,"MULTAS, SANCIONES E INTERESES DE MORA",MULTAS Y SANCIONES,No Aplica,No Aplica,No Aplica,No Aplica,No Aplica,,,,,,,,2021,Tercer Trimestre,34344072.0,22501000.0,,,,,,,,,,,,,,,,,,,,
5228722,20210601,218552585,Pupiales,1.1.02.07.001,DERECHOS POR LA EXPLOTACION JUEGOS DE SUERTE Y AZAR,INGRESOS,INGRESOS CORRIENTES,INGRESOS NO TRIBUTARIOS,PARTICIPACION Y DERECHOS POR MONOPOLIO,DERECHOS POR LA EXPLOTACION JUEGOS DE SUERTE Y AZAR,No Aplica,No Aplica,No Aplica,No Aplica,No Aplica,,,,,,,,2021,Segundo Trimestre,240105489.0,275493292.0,,,,,,,,,,,,,,,,,,,,
5229238,20230601,218552585,Pupiales,1.1.01.02.200.03,IMPUESTO DE INDUSTRIA Y COMERCIO - SOBRE ACTIVIDADES DE SERVICIOS,INGRESOS,INGRESOS CORRIENTES,INGRESOS TRIBUTARIOS,IMPUESTOS INDIRECTOS,IMPUESTO DE INDUSTRIA Y COMERCIO,IMPUESTO DE INDUSTRIA Y COMERCIO - SOBRE ACTIVIDADES DE SERVICIOS,No Aplica,No Aplica,No Aplica,No Aplica,,,,,,,,2023,Segundo Trimestre,60000000.0,60000000.0,,,,,,,,,,,,,,,,,,,,
5229288,20210301,218552585,Pupiales,1.1.02.06.006.06,OTRAS UNIDADES DE GOBIERNO,INGRESOS,INGRESOS CORRIENTES,INGRESOS NO TRIBUTARIOS,TRANSFERENCIAS CORRIENTES,TRANSFERENCIAS DE OTRAS ENTIDADES DEL GOBIERNO GENERAL,OTRAS UNIDADES DE GOBIERNO,No Aplica,No Aplica,No Aplica,No Aplica,,,,,,,,2021,Primer Trimestre,348438267.0,348438267.0,,,,,,,,,,,,,,,,,,,,
5229583,20220601,218552585,Pupiales,1.1.02.06.001.04.01,PROGRAMAS DE ALIMENTACION ESCOLAR,INGRESOS,INGRESOS CORRIENTES,INGRESOS NO TRIBUTARIOS,TRANSFERENCIAS CORRIENTES,SISTEMA GENERAL DE PARTICIPACIONES,ASIGNACIONES ESPECIALES,PROGRAMAS DE ALIMENTACION ESCOLAR,No Aplica,No Aplica,No Aplica,,,,,,,,2022,Segundo Trimestre,86115343.0,97406326.0,,,,,,,,,,,,,,,,,,,,
5229865,20210301,218552585,Pupiales,1.1.02.06.001.02.02,SALUD PUBLICA,INGRESOS,INGRESOS CORRIENTES,INGRESOS NO TRIBUTARIOS,TRANSFERENCIAS CORRIENTES,SISTEMA GENERAL DE PARTICIPACIONES,PARTICIPACION PARA SALUD,SALUD PUBLICA,No Aplica,No Aplica,No Aplica,,,,,,,,2021,Primer Trimestre,153621808.0,153621808.0,,,,,,,,,,,,,,,,,,,,
5229924,20211201,218552585,Pupiales,1.1.02.06.006,TRANSFERENCIAS DE OTRAS ENTIDADES DEL GOBIERNO GENERAL,INGRESOS,INGRESOS CORRIENTES,INGRESOS NO TRIBUTARIOS,TRANSFERENCIAS CORRIENTES,TRANSFERENCIAS DE OTRAS ENTIDADES DEL GOBIERNO GENERAL,No Aplica,No Aplica,No Aplica,No Aplica,No Aplica,,,,,,,,2021,Cuarto Trimestre,598429745.0,348439267.0,,,,,,,,,,,,,,,,,,,,
5229949,20230301,218552585,Pupiales,1.1.02.06.009.01.06,RECURSOS ADRES - COFINANCIACION UPC REGIMEN SUBSIDIADO,INGRESOS,INGRESOS CORRIENTES,INGRESOS NO TRIBUTARIOS,TRANSFERENCIAS CORRIENTES,RECURSOS DEL SISTEMA DE SEGURIDAD SOCIAL INTEGRAL,SISTEMA GENERAL DE SEGURIDAD SOCIAL EN SALUD,RECURSOS ADRES - COFINANCIACION UPC REGIMEN SUBSIDIADO,No Aplica,No Aplica,No Aplica,,,,,,,,2023,Primer Trimestre,3350498878.0,3350498878.0,,,,,,,,,,,,,,,,,,,,
5230364,20221201,218552585,Pupiales,1.1.02.05.002.09,"SERVICIOS PARA LA COMUNIDAD, SOCIALES Y PERSONALES",INGRESOS,INGRESOS CORRIENTES,INGRESOS NO TRIBUTARIOS,VENTA DE BIENES Y SERVICIOS,VENTAS INCIDENTALES DE ESTABLECIMIENTOS NO DE MERCADO,"SERVICIOS PARA LA COMUNIDAD, SOCIALES Y PERSONALES",No Aplica,No Aplica,No Aplica,No Aplica,,,,,,,,2022,Cuarto Trimestre,44695920.0,15000000.0,,,,,,,,,,,,,,,,,,,,
5230658,20220601,218552585,Pupiales,1.1.01.02.202,IMPUESTO A LA PUBLICIDAD EXTERIOR VISUAL,INGRESOS,INGRESOS CORRIENTES,INGRESOS TRIBUTARIOS,IMPUESTOS INDIRECTOS,IMPUESTO A LA PUBLICIDAD EXTERIOR VISUAL,No Aplica,No Aplica,No Aplica,No Aplica,No Aplica,,,,,,,,2022,Segundo Trimestre,1000.0,1000.0,,,,,,,,,,,,,,,,,,,,
5232293,20220601,218552585,Pupiales,1.1.01.02,IMPUESTOS INDIRECTOS,INGRESOS,INGRESOS CORRIENTES,INGRESOS TRIBUTARIOS,IMPUESTOS INDIRECTOS,No Aplica,No Aplica,No Aplica,No Aplica,No Aplica,No Aplica,,,,,,,,2022,Segundo Trimestre,791004000.0,791004000.0,,,,,,,,,,,,,,,,,,,,
5233129,20230301,218552585,Pupiales,1.1.02.03.002,INTERESES DE MORA,INGRESOS,INGRESOS CORRIENTES,INGRESOS NO TRIBUTARIOS,"MULTAS, SANCIONES E INTERESES DE MORA",INTERESES DE MORA,No Aplica,No Aplica,No Aplica,No Aplica,No Aplica,,,,,,,,2023,Primer Trimestre,1000.0,1000.0,,,,,,,,,,,,,,,,,,,,
5233533,20220601,218552585,Pupiales,1.1.02.06.003.01,PARTICIPACION EN IMPUESTOS,INGRESOS,INGRESOS CORRIENTES,INGRESOS NO TRIBUTARIOS,TRANSFERENCIAS CORRIENTES,PARTICIPACIONES DISTINTAS DEL SGP,PARTICIPACION EN IMPUESTOS,No Aplica,No Aplica,No Aplica,No Aplica,,,,,,,,2022,Segundo Trimestre,50000000.0,50000000.0,,,,,,,,,,,,,,,,,,,,
5235217,20230301,218552585,Pupiales,1.1.02.06.001.04.01,PROGRAMAS DE ALIMENTACION ESCOLAR,INGRESOS,INGRESOS CORRIENTES,INGRESOS NO TRIBUTARIOS,TRANSFERENCIAS CORRIENTES,SISTEMA GENERAL DE PARTICIPACIONES,ASIGNACIONES ESPECIALES,PROGRAMAS DE ALIMENTACION ESCOLAR,No Aplica,No Aplica,No Aplica,,,,,,,,2023,Primer Trimestre,26868116.0,29745397.0,,,,,,,,,,,,,,,,,,,,
5235579,20220901,218552585,Pupiales,1.1.01.02.206,IMPUESTO A LAS VENTAS POR EL SISTEMA DE CLUBES,INGRESOS,INGRESOS CORRIENTES,INGRESOS TRIBUTARIOS,IMPUESTOS INDIRECTOS,IMPUESTO A LAS VENTAS POR EL SISTEMA DE CLUBES,No Aplica,No Aplica,No Aplica,No Aplica,No Aplica,,,,,,,,2022,Tercer Trimestre,1000.0,1000.0,,,,,,,,,,,,,,,,,,,,
5235784,20230601,218552585,Pupiales,1.1.02.06.001.03.01,DEPORTE Y RECREACION,INGRESOS,INGRESOS CORRIENTES,INGRESOS NO TRIBUTARIOS,TRANSFERENCIAS CORRIENTES,SISTEMA GENERAL DE PARTICIPACIONES,PARTICIPACION PARA PROPOSITO GENERAL,DEPORTE Y RECREACION,No Aplica,No Aplica,No Aplica,,,,,,,,2023,Segundo Trimestre,99258243.0,97640053.0,,,,,,,,,,,,,,,,,,,,
5236244,20220601,218552585,Pupiales,1.1.02.06.001.01.03.01,CALIDADPOR MATRICULA OFICIAL,INGRESOS,INGRESOS CORRIENTES,INGRESOS NO TRIBUTARIOS,TRANSFERENCIAS CORRIENTES,SISTEMA GENERAL DE PARTICIPACIONES,PARTICIPACION PARA EDUCACION,CALIDAD,CALIDADPOR MATRICULA OFICIAL,No Aplica,No Aplica,,,,,,,,2022,Segundo Trimestre,208219751.0,213066304.0,,,,,,,,,,,,,,,,,,,,
5236313,20210301,218552585,Pupiales,1.1.02.07.001,DERECHOS POR LA EXPLOTACION JUEGOS DE SUERTE Y AZAR,INGRESOS,INGRESOS CORRIENTES,INGRESOS NO TRIBUTARIOS,PARTICIPACION Y DERECHOS POR MONOPOLIO,DERECHOS POR LA EXPLOTACION JUEGOS DE SUERTE Y AZAR,No Aplica,No Aplica,No Aplica,No Aplica,No Aplica,,,,,,,,2021,Primer Trimestre,275493292.0,275493292.0,,,,,,,,,,,,,,,,,,,,
5237432,20230301,218552585,Pupiales,1.1.02.02.095,PLAZA DE MERCADO,INGRESOS,INGRESOS CORRIENTES,INGRESOS NO TRIBUTARIOS,TASAS Y DERECHOS ADMINISTRATIVOS,PLAZA DE MERCADO,No Aplica,No Aplica,No Aplica,No Aplica,No Aplica,,,,,,,,2023,Primer Trimestre,1500000.0,1500000.0,,,,,,,,,,,,,,,,,,,,
5238491,20220901,218552585,Pupiales,1.1.02.03.001.20.01,MULTAS CODIGO NACIONAL DE SEGURIDAD Y CONVIVENCIA CIUDADANA - MULTAS GENERALES,INGRESOS,INGRESOS CORRIENTES,INGRESOS NO TRIBUTARIOS,"MULTAS, SANCIONES E INTERESES DE MORA",MULTAS Y SANCIONES,MULTAS CODIGO NACIONAL DE SEGURIDAD Y CONVIVENCIA CIUDADANA,MULTAS CODIGO NACIONAL DE SEGURIDAD Y CONVIVENCIA CIUDADANA - MULTAS GENERALES,No Aplica,No Aplica,No Aplica,,,,,,,,2022,Tercer Trimestre,25000000.0,25000000.0,,,,,,,,,,,,,,,,,,,,
5239189,20211201,218552585,Pupiales,1.1.01.02.300.01,ESTAMPILLA PARA EL BIENESTAR DEL ADULTO MAYOR,INGRESOS,INGRESOS CORRIENTES,INGRESOS TRIBUTARIOS,IMPUESTOS INDIRECTOS,ESTAMPILLAS,ESTAMPILLA PARA EL BIENESTAR DEL ADULTO MAYOR,No Aplica,No Aplica,No Aplica,No Aplica,,,,,,,,2021,Cuarto Trimestre,203844394.0,150000000.0,,,,,,,,,,,,,,,,,,,,
5240365,20221201,218552585,Pupiales,1.1.02.06,TRANSFERENCIAS CORRIENTES,INGRESOS,INGRESOS CORRIENTES,INGRESOS NO TRIBUTARIOS,TRANSFERENCIAS CORRIENTES,No Aplica,No Aplica,No Aplica,No Aplica,No Aplica,No Aplica,,,,,,,,2022,Cuarto Trimestre,24298888543.0,20436416995.0,,,,,,,,,,,,,,,,,,,,
5240486,20220601,218552585,Pupiales,1.1.02.02,TASAS Y DERECHOS ADMINISTRATIVOS,INGRESOS,INGRESOS CORRIENTES,INGRESOS NO TRIBUTARIOS,TASAS Y DERECHOS ADMINISTRATIVOS,No Aplica,No Aplica,No Aplica,No Aplica,No Aplica,No Aplica,,,,,,,,2022,Segundo Trimestre,2000.0,2000.0,,,,,,,,,,,,,,,,,,,,
5241457,20210301,218552585,Pupiales,1.1.02.06.001.04,ASIGNACIONES ESPECIALES,INGRESOS,INGRESOS CORRIENTES,INGRESOS NO TRIBUTARIOS,TRANSFERENCIAS CORRIENTES,SISTEMA GENERAL DE PARTICIPACIONES,ASIGNACIONES ESPECIALES,No Aplica,No Aplica,No Aplica,No Aplica,,,,,,,,2021,Primer Trimestre,95795638.0,95795638.0,,,,,,,,,,,,,,,,,,,,
5241522,20210601,218552585,Pupiales,1.1.02.03.001.20.01,MULTAS CODIGO NACIONAL DE SEGURIDAD Y CONVIVENCIA CIUDADANA - MULTAS GENERALES,INGRESOS,INGRESOS CORRIENTES,INGRESOS NO TRIBUTARIOS,"MULTAS, SANCIONES E INTERESES DE MORA",MULTAS Y SANCIONES,MULTAS CODIGO NACIONAL DE SEGURIDAD Y CONVIVENCIA CIUDADANA,MULTAS CODIGO NACIONAL DE SEGURIDAD Y CONVIVENCIA CIUDADANA - MULTAS GENERALES,No Aplica,No Aplica,No Aplica,,,,,,,,2021,Segundo Trimestre,20000000.0,20000000.0,,,,,,,,,,,,,,,,,,,,
5242095,20220901,218552585,Pupiales,1.1.02.05.002,VENTAS INCIDENTALES DE ESTABLECIMIENTOS NO DE MERCADO,INGRESOS,INGRESOS CORRIENTES,INGRESOS NO TRIBUTARIOS,VENTA DE BIENES Y SERVICIOS,VENTAS INCIDENTALES DE ESTABLECIMIENTOS NO DE MERCADO,No Aplica,No Aplica,No Aplica,No Aplica,No Aplica,,,,,,,,2022,Tercer Trimestre,1000576373.0,993001000.0,,,,,,,,,,,,,,,,,,,,
5243214,20210601,218552585,Pupiales,1.1.02.01.005.63,PARTICIPACION EN LA PLUSVALIA,INGRESOS,INGRESOS CORRIENTES,INGRESOS NO TRIBUTARIOS,CONTRIBUCIONES,CONTRIBUCIONES DIVERSAS,PARTICIPACION EN LA PLUSVALIA,No Aplica,No Aplica,No Aplica,No Aplica,,,,,,,,2021,Segundo Trimestre,2000000.0,2000000.0,,,,,,,,,,,,,,,,,,,,
5244268,20210301,218552585,Pupiales,1.1.01.02.200.01,IMPUESTO DE INDUSTRIA Y COMERCIO - SOBRE ACTIVIDADES COMERCIALES,INGRESOS,INGRESOS CORRIENTES,INGRESOS TRIBUTARIOS,IMPUESTOS INDIRECTOS,IMPUESTO DE INDUSTRIA Y COMERCIO,IMPUESTO DE INDUSTRIA Y COMERCIO - SOBRE ACTIVIDADES COMERCIALES,No Aplica,No Aplica,No Aplica,No Aplica,,,,,,,,2021,Primer Trimestre,60000000.0,60000000.0,,,,,,,,,,,,,,,,,,,,
5244440,20230301,218552585,Pupiales,1.1.02.06.009,RECURSOS DEL SISTEMA DE SEGURIDAD SOCIAL INTEGRAL,INGRESOS,INGRESOS CORRIENTES,INGRESOS NO TRIBUTARIOS,TRANSFERENCIAS CORRIENTES,RECURSOS DEL SISTEMA DE SEGURIDAD SOCIAL INTEGRAL,No Aplica,No Aplica,No Aplica,No Aplica,No Aplica,,,,,,,,2023,Primer Trimestre,3350498878.0,3350498878.0,,,,,,,,,,,,,,,,,,,,
5245808,20210601,218552585,Pupiales,1.1.02.06.001.04,ASIGNACIONES ESPECIALES,INGRESOS,INGRESOS CORRIENTES,INGRESOS NO TRIBUTARIOS,TRANSFERENCIAS CORRIENTES,SISTEMA GENERAL DE PARTICIPACIONES,ASIGNACIONES ESPECIALES,No Aplica,No Aplica,No Aplica,No Aplica,,,,,,,,2021,Segundo Trimestre,106780601.0,95795638.0,,,,,,,,,,,,,,,,,,,,
5246101,20210601,218552585,Pupiales,1.1.02.07.001.05,DERECHOS POR LA EXPLOTACION JUEGOS DE SUERTE Y AZAR DE RIFAS,INGRESOS,INGRESOS CORRIENTES,INGRESOS NO TRIBUTARIOS,PARTICIPACION Y DERECHOS POR MONOPOLIO,DERECHOS POR LA EXPLOTACION JUEGOS DE SUERTE Y AZAR,DERECHOS POR LA EXPLOTACION JUEGOS DE SUERTE Y AZAR DE RIFAS,No Aplica,No Aplica,No Aplica,No Aplica,,,,,,,,2021,Segundo Trimestre,240105489.0,275493292.0,,,,,,,,,,,,,,,,,,,,
5246311,20221201,218552585,Pupiales,1.1.01.02.204,IMPUESTO DE DELINEACION,INGRESOS,INGRESOS CORRIENTES,INGRESOS TRIBUTARIOS,IMPUESTOS INDIRECTOS,IMPUESTO DE DELINEACION,No Aplica,No Aplica,No Aplica,No Aplica,No Aplica,,,,,,,,2022,Cuarto Trimestre,10000000.0,10000000.0,,,,,,,,,,,,,,,,,,,,
5247048,20230301,218552585,Pupiales,1.1.01.01.014.02,SOBRETASA AMBIENTAL -RURAL,INGRESOS,INGRESOS CORRIENTES,INGRESOS TRIBUTARIOS,IMPUESTOS DIRECTOS,SOBRETASA AMBIENTAL,SOBRETASA AMBIENTAL -RURAL,No Aplica,No Aplica,No Aplica,No Aplica,,,,,,,,2023,Primer Trimestre,12000000.0,12000000.0,,,,,,,,,,,,,,,,,,,,
5247695,20230301,218552585,Pupiales,1.1.01.02.200,IMPUESTO DE INDUSTRIA Y COMERCIO,INGRESOS,INGRESOS CORRIENTES,INGRESOS TRIBUTARIOS,IMPUESTOS INDIRECTOS,IMPUESTO DE INDUSTRIA Y COMERCIO,No Aplica,No Aplica,No Aplica,No Aplica,No Aplica,,,,,,,,2023,Primer Trimestre,65001000.0,65001000.0,,,,,,,,,,,,,,,,,,,,
5248563,20210301,218552585,Pupiales,1.2.05,RENDIMIENTOS FINANCIEROS,INGRESOS,RECURSOS DE CAPITAL,RENDIMIENTOS FINANCIEROS,No Aplica,No Aplica,No Aplica,No Aplica,No Aplica,No Aplica,No Aplica,,,,,,,,2021,Primer Trimestre,15000000.0,15000000.0,,,,,,,,,,,,,,,,,,,,
5249128,20220601,218552585,Pupiales,1.1.01.01.014,SOBRETASA AMBIENTAL,INGRESOS,INGRESOS CORRIENTES,INGRESOS TRIBUTARIOS,IMPUESTOS DIRECTOS,SOBRETASA AMBIENTAL,No Aplica,No Aplica,No Aplica,No Aplica,No Aplica,,,,,,,,2022,Segundo Trimestre,45000000.0,45000000.0,,,,,,,,,,,,,,,,,,,,
5250187,20210601,218552585,Pupiales,1.1.02.06.001.01.03.02,CALIDADPOR GRATUIDAD,INGRESOS,INGRESOS CORRIENTES,INGRESOS NO TRIBUTARIOS,TRANSFERENCIAS CORRIENTES,SISTEMA GENERAL DE PARTICIPACIONES,PARTICIPACION PARA EDUCACION,CALIDAD,CALIDADPOR GRATUIDAD,No Aplica,No Aplica,,,,,,,,2021,Segundo Trimestre,230000000.0,230000000.0,,,,,,,,,,,,,,,,,,,,
5250468,20220901,218552585,Pupiales,1.1.02.02,TASAS Y DERECHOS ADMINISTRATIVOS,INGRESOS,INGRESOS CORRIENTES,INGRESOS NO TRIBUTARIOS,TASAS Y DERECHOS ADMINISTRATIVOS,No Aplica,No Aplica,No Aplica,No Aplica,No Aplica,No Aplica,,,,,,,,2022,Tercer Trimestre,136328.0,2000.0,,,,,,,,,,,,,,,,,,,,
5250687,20211201,218552585,Pupiales,1.1.01.02.214,IMPUESTO DE TRANSPORTE POR OLEODUCTOS Y GASODUCTOS,INGRESOS,INGRESOS CORRIENTES,INGRESOS TRIBUTARIOS,IMPUESTOS INDIRECTOS,IMPUESTO DE TRANSPORTE POR OLEODUCTOS Y GASODUCTOS,No Aplica,No Aplica,No Aplica,No Aplica,No Aplica,,,,,,,,2021,Cuarto Trimestre,24888892.0,30000000.0,,,,,,,,,,,,,,,,,,,,
5250717,20210601,218552585,Pupiales,1.1.02.06.001.01.03.01,CALIDADPOR MATRICULA OFICIAL,INGRESOS,INGRESOS CORRIENTES,INGRESOS NO TRIBUTARIOS,TRANSFERENCIAS CORRIENTES,SISTEMA GENERAL DE PARTICIPACIONES,PARTICIPACION PARA EDUCACION,CALIDAD,CALIDADPOR MATRICULA OFICIAL,No Aplica,No Aplica,,,,,,,,2021,Segundo Trimestre,213066304.0,250000000.0,,,,,,,,,,,,,,,,,,,,
5251519,20230301,218552585,Pupiales,1.1.02.06.001.02,PARTICIPACION PARA SALUD,INGRESOS,INGRESOS CORRIENTES,INGRESOS NO TRIBUTARIOS,TRANSFERENCIAS CORRIENTES,SISTEMA GENERAL DE PARTICIPACIONES,PARTICIPACION PARA SALUD,No Aplica,No Aplica,No Aplica,No Aplica,,,,,,,,2023,Primer Trimestre,2639459426.0,2494554333.0,,,,,,,,,,,,,,,,,,,,
5251998,20220901,218552585,Pupiales,1.1.02.06.009.01,SISTEMA GENERAL DE SEGURIDAD SOCIAL EN SALUD,INGRESOS,INGRESOS CORRIENTES,INGRESOS NO TRIBUTARIOS,TRANSFERENCIAS CORRIENTES,RECURSOS DEL SISTEMA DE SEGURIDAD SOCIAL INTEGRAL,SISTEMA GENERAL DE SEGURIDAD SOCIAL EN SALUD,No Aplica,No Aplica,No Aplica,No Aplica,,,,,,,,2022,Tercer Trimestre,10880161110.0,7844630553.0,,,,,,,,,,,,,,,,,,,,
5252069,20210601,218552585,Pupiales,1.2.08,TRANSFERENCIAS DE CAPITAL,INGRESOS,RECURSOS DE CAPITAL,TRANSFERENCIAS DE CAPITAL,No Aplica,No Aplica,No Aplica,No Aplica,No Aplica,No Aplica,No Aplica,,,,,,,,2021,Segundo Trimestre,765346212.0,0.0,,,,,,,,,,,,,,,,,,,,
5252171,20221201,218552585,Pupiales,1.1.02.03.001.11,SANCIONES TRIBUTARIAS,INGRESOS,INGRESOS CORRIENTES,INGRESOS NO TRIBUTARIOS,"MULTAS, SANCIONES E INTERESES DE MORA",MULTAS Y SANCIONES,SANCIONES TRIBUTARIAS,No Aplica,No Aplica,No Aplica,No Aplica,,,,,,,,2022,Cuarto Trimestre,1000000.0,1000000.0,,,,,,,,,,,,,,,,,,,,
5252505,20220901,218552585,Pupiales,1.1.01.01.014.01,SOBRETASA AMBIENTAL - URBANO,INGRESOS,INGRESOS CORRIENTES,INGRESOS TRIBUTARIOS,IMPUESTOS DIRECTOS,SOBRETASA AMBIENTAL,SOBRETASA AMBIENTAL - URBANO,No Aplica,No Aplica,No Aplica,No Aplica,,,,,,,,2022,Tercer Trimestre,27585658.0,25000000.0,,,,,,,,,,,,,,,,,,,,
5252942,20210601,218552585,Pupiales,1.1.01.02.201,IMPUESTO COMPLEMENTARIO DE AVISOS Y TABLEROS,INGRESOS,INGRESOS CORRIENTES,INGRESOS TRIBUTARIOS,IMPUESTOS INDIRECTOS,IMPUESTO COMPLEMENTARIO DE AVISOS Y TABLEROS,No Aplica,No Aplica,No Aplica,No Aplica,No Aplica,,,,,,,,2021,Segundo Trimestre,33000000.0,33000000.0,,,,,,,,,,,,,,,,,,,,
5252988,20210301,218552585,Pupiales,1.1.02,INGRESOS NO TRIBUTARIOS,INGRESOS,INGRESOS CORRIENTES,INGRESOS NO TRIBUTARIOS,No Aplica,No Aplica,No Aplica,No Aplica,No Aplica,No Aplica,No Aplica,,,,,,,,2021,Primer Trimestre,20243139980.0,20243139980.0,,,,,,,,,,,,,,,,,,,,
5253652,20220601,218552585,Pupiales,1.2.14.04,RECURSOS DE TERCEROS EN ADMINISTRACION,INGRESOS,RECURSOS DE CAPITAL,RECURSOS DE TERCEROS,RECURSOS DE TERCEROS EN ADMINISTRACION,No Aplica,No Aplica,No Aplica,No Aplica,No Aplica,No Aplica,,,,,,,,2022,Segundo Trimestre,439950149.0,0.0,,,,,,,,,,,,,,,,,,,,
5253952,20220601,218552585,Pupiales,1.1.02.06.009.01.06,RECURSOS ADRES - COFINANCIACION UPC REGIMEN SUBSIDIADO,INGRESOS,INGRESOS CORRIENTES,INGRESOS NO TRIBUTARIOS,TRANSFERENCIAS CORRIENTES,RECURSOS DEL SISTEMA DE SEGURIDAD SOCIAL INTEGRAL,SISTEMA GENERAL DE SEGURIDAD SOCIAL EN SALUD,RECURSOS ADRES - COFINANCIACION UPC REGIMEN SUBSIDIADO,No Aplica,No Aplica,No Aplica,,,,,,,,2022,Segundo Trimestre,7777949925.0,7777949925.0,,,,,,,,,,,,,,,,,,,,
5254435,20230301,218552585,Pupiales,1.1.02.03,"MULTAS, SANCIONES E INTERESES DE MORA",INGRESOS,INGRESOS CORRIENTES,INGRESOS NO TRIBUTARIOS,"MULTAS, SANCIONES E INTERESES DE MORA",No Aplica,No Aplica,No Aplica,No Aplica,No Aplica,No Aplica,,,,,,,,2023,Primer Trimestre,3001000.0,3001000.0,,,,,,,,,,,,,,,,,,,,
5255385,20210301,218552585,Pupiales,1.1.02.05.002.08,SERVICIOS PRESTADOS A LAS EMPRESAS Y SERVICIOS DE PRODUCCION,INGRESOS,INGRESOS CORRIENTES,INGRESOS NO TRIBUTARIOS,VENTA DE BIENES Y SERVICIOS,VENTAS INCIDENTALES DE ESTABLECIMIENTOS NO DE MERCADO,SERVICIOS PRESTADOS A LAS EMPRESAS Y SERVICIOS DE PRODUCCION,No Aplica,No Aplica,No Aplica,No Aplica,,,,,,,,2021,Primer Trimestre,1000.0,1000.0,,,,,,,,,,,,,,,,,,,,
5256574,20211201,218552585,Pupiales,1.2.05.02,DEPOSITOS,INGRESOS,RECURSOS DE CAPITAL,RENDIMIENTOS FINANCIEROS,DEPOSITOS,No Aplica,No Aplica,No Aplica,No Aplica,No Aplica,No Aplica,,,,,,,,2021,Cuarto Trimestre,8771315.0,15000000.0,,,,,,,,,,,,,,,,,,,,
5257319,20220301,218552585,Pupiales,1.2,RECURSOS DE CAPITAL,INGRESOS,RECURSOS DE CAPITAL,No Aplica,No Aplica,No Aplica,No Aplica,No Aplica,No Aplica,No Aplica,No Aplica,,,,,,,,2022,Primer Trimestre,119245366.0,119245366.0,,,,,,,,,,,,,,,,,,,,
5258908,20211201,218552585,Pupiales,1.2.12.10,POR LA DEVOLUCION DE RECURSOS SGP PROPOSITO GENERAL,INGRESOS,RECURSOS DE CAPITAL,RETIROS FONPET,POR LA DEVOLUCION DE RECURSOS SGP PROPOSITO GENERAL,No Aplica,No Aplica,No Aplica,No Aplica,No Aplica,No Aplica,,,,,,,,2021,Cuarto Trimestre,93251056.0,115729990.0,,,,,,,,,,,,,,,,,,,,
5261179,20220601,218552585,Pupiales,1.1.01.02.300,ESTAMPILLAS,INGRESOS,INGRESOS CORRIENTES,INGRESOS TRIBUTARIOS,IMPUESTOS INDIRECTOS,ESTAMPILLAS,No Aplica,No Aplica,No Aplica,No Aplica,No Aplica,,,,,,,,2022,Segundo Trimestre,250000000.0,250000000.0,,,,,,,,,,,,,,,,,,,,
5261302,20210301,218552585,Pupiales,1.1.02.06.001,SISTEMA GENERAL DE PARTICIPACIONES,INGRESOS,INGRESOS CORRIENTES,INGRESOS NO TRIBUTARIOS,TRANSFERENCIAS CORRIENTES,SISTEMA GENERAL DE PARTICIPACIONES,No Aplica,No Aplica,No Aplica,No Aplica,No Aplica,,,,,,,,2021,Primer Trimestre,11642754496.0,11642754496.0,,,,,,,,,,,,,,,,,,,,
5261492,20230301,218552585,Pupiales,1.1.02.06.001.01.03.02,CALIDADPOR GRATUIDAD,INGRESOS,INGRESOS CORRIENTES,INGRESOS NO TRIBUTARIOS,TRANSFERENCIAS CORRIENTES,SISTEMA GENERAL DE PARTICIPACIONES,PARTICIPACION PARA EDUCACION,CALIDAD,CALIDADPOR GRATUIDAD,No Aplica,No Aplica,,,,,,,,2023,Primer Trimestre,49181126.0,57720288.0,,,,,,,,,,,,,,,,,,,,
5261530,20221201,218552585,Pupiales,1.1.02.06.009.01.06,RECURSOS ADRES - COFINANCIACION UPC REGIMEN SUBSIDIADO,INGRESOS,INGRESOS CORRIENTES,INGRESOS NO TRIBUTARIOS,TRANSFERENCIAS CORRIENTES,RECURSOS DEL SISTEMA DE SEGURIDAD SOCIAL INTEGRAL,SISTEMA GENERAL DE SEGURIDAD SOCIAL EN SALUD,RECURSOS ADRES - COFINANCIACION UPC REGIMEN SUBSIDIADO,No Aplica,No Aplica,No Aplica,,,,,,,,2022,Cuarto Trimestre,10717123033.0,7777949925.0,,,,,,,,,,,,,,,,,,,,
5261819,20230601,218552585,Pupiales,1.1.01.02.207,IMPUESTO DE CASINOS,INGRESOS,INGRESOS CORRIENTES,INGRESOS TRIBUTARIOS,IMPUESTOS INDIRECTOS,IMPUESTO DE CASINOS,No Aplica,No Aplica,No Aplica,No Aplica,No Aplica,,,,,,,,2023,Segundo Trimestre,1000.0,1000.0,,,,,,,,,,,,,,,,,,,,
5262360,20220601,218552585,Pupiales,1.1.01.01.200,IMPUESTO PREDIAL UNIFICADO,INGRESOS,INGRESOS CORRIENTES,INGRESOS TRIBUTARIOS,IMPUESTOS DIRECTOS,IMPUESTO PREDIAL UNIFICADO,No Aplica,No Aplica,No Aplica,No Aplica,No Aplica,,,,,,,,2022,Segundo Trimestre,322000000.0,322000000.0,,,,,,,,,,,,,,,,,,,,
5264053,20211201,218552585,Pupiales,1.1.01.01.200.02,IMPUESTO PREDIAL UNIFICADO - RURAL,INGRESOS,INGRESOS CORRIENTES,INGRESOS TRIBUTARIOS,IMPUESTOS DIRECTOS,IMPUESTO PREDIAL UNIFICADO,IMPUESTO PREDIAL UNIFICADO - RURAL,No Aplica,No Aplica,No Aplica,No Aplica,,,,,,,,2021,Cuarto Trimestre,254718121.0,130000000.0,,,,,,,,,,,,,,,,,,,,
5264067,20230301,218552585,Pupiales,1.1.01.02.201,IMPUESTO COMPLEMENTARIO DE AVISOS Y TABLEROS,INGRESOS,INGRESOS CORRIENTES,INGRESOS TRIBUTARIOS,IMPUESTOS INDIRECTOS,IMPUESTO COMPLEMENTARIO DE AVISOS Y TABLEROS,No Aplica,No Aplica,No Aplica,No Aplica,No Aplica,,,,,,,,2023,Primer Trimestre,9750150.0,9750150.0,,,,,,,,,,,,,,,,,,,,
5267289,20230301,218552585,Pupiales,1.1.02.06.001.03.03,PROPOSITO GENERAL LIBRE INVERSION,INGRESOS,INGRESOS CORRIENTES,INGRESOS NO TRIBUTARIOS,TRANSFERENCIAS CORRIENTES,SISTEMA GENERAL DE PARTICIPACIONES,PARTICIPACION PARA PROPOSITO GENERAL,PROPOSITO GENERAL LIBRE INVERSION,No Aplica,No Aplica,No Aplica,,,,,,,,2023,Primer Trimestre,1898465721.0,1596178064.0,,,,,,,,,,,,,,,,,,,,
5267525,20220301,218552585,Pupiales,1.1.02.06,TRANSFERENCIAS CORRIENTES,INGRESOS,INGRESOS CORRIENTES,INGRESOS NO TRIBUTARIOS,TRANSFERENCIAS CORRIENTES,No Aplica,No Aplica,No Aplica,No Aplica,No Aplica,No Aplica,,,,,,,,2022,Primer Trimestre,20283738284.0,20436416995.0,,,,,,,,,,,,,,,,,,,,
5267845,20210301,218552585,Pupiales,1.1.02.06.001.03.04,"PROPOSITO GENERAL LIBRE DESTINACION MUNICIPIOS CATEGORIAS 4, 5 Y 6",INGRESOS,INGRESOS CORRIENTES,INGRESOS NO TRIBUTARIOS,TRANSFERENCIAS CORRIENTES,SISTEMA GENERAL DE PARTICIPACIONES,PARTICIPACION PARA PROPOSITO GENERAL,"PROPOSITO GENERAL LIBRE DESTINACION MUNICIPIOS CATEGORIAS 4, 5 Y 6",No Aplica,No Aplica,No Aplica,,,,,,,,2021,Primer Trimestre,1678828121.0,1678828121.0,,,,,,,,,,,,,,,,,,,,
5270243,20210301,218552585,Pupiales,1.1.02.05.002.09,"SERVICIOS PARA LA COMUNIDAD, SOCIALES Y PERSONALES",INGRESOS,INGRESOS CORRIENTES,INGRESOS NO TRIBUTARIOS,VENTA DE BIENES Y SERVICIOS,VENTAS INCIDENTALES DE ESTABLECIMIENTOS NO DE MERCADO,"SERVICIOS PARA LA COMUNIDAD, SOCIALES Y PERSONALES",No Aplica,No Aplica,No Aplica,No Aplica,,,,,,,,2021,Primer Trimestre,15000000.0,15000000.0,,,,,,,,,,,,,,,,,,,,
5270354,20220601,218552585,Pupiales,1.1.02.03.001.11,SANCIONES TRIBUTARIAS,INGRESOS,INGRESOS CORRIENTES,INGRESOS NO TRIBUTARIOS,"MULTAS, SANCIONES E INTERESES DE MORA",MULTAS Y SANCIONES,SANCIONES TRIBUTARIAS,No Aplica,No Aplica,No Aplica,No Aplica,,,,,,,,2022,Segundo Trimestre,1000000.0,1000000.0,,,,,,,,,,,,,,,,,,,,
5270909,20230301,218552585,Pupiales,1.1.02.06.001.03,PARTICIPACION PARA PROPOSITO GENERAL,INGRESOS,INGRESOS CORRIENTES,INGRESOS NO TRIBUTARIOS,TRANSFERENCIAS CORRIENTES,SISTEMA GENERAL DE PARTICIPACIONES,PARTICIPACION PARA PROPOSITO GENERAL,No Aplica,No Aplica,No Aplica,No Aplica,,,,,,,,2023,Primer Trimestre,3531319287.0,2952251666.0,,,,,,,,,,,,,,,,,,,,
5271956,20220601,218552585,Pupiales,1.1.02.06.001,SISTEMA GENERAL DE PARTICIPACIONES,INGRESOS,INGRESOS CORRIENTES,INGRESOS NO TRIBUTARIOS,TRANSFERENCIAS CORRIENTES,SISTEMA GENERAL DE PARTICIPACIONES,No Aplica,No Aplica,No Aplica,No Aplica,No Aplica,,,,,,,,2022,Segundo Trimestre,12778137209.0,12193347175.0,,,,,,,,,,,,,,,,,,,,
5272429,20220901,218552585,Pupiales,1.1.02.06.006.01,APORTES NACION,INGRESOS,INGRESOS CORRIENTES,INGRESOS NO TRIBUTARIOS,TRANSFERENCIAS CORRIENTES,TRANSFERENCIAS DE OTRAS ENTIDADES DEL GOBIERNO GENERAL,APORTES NACION,No Aplica,No Aplica,No Aplica,No Aplica,,,,,,,,2022,Tercer Trimestre,1000.0,1000.0,,,,,,,,,,,,,,,,,,,,
5273245,20220301,218552585,Pupiales,1.1.01.02,IMPUESTOS INDIRECTOS,INGRESOS,INGRESOS CORRIENTES,INGRESOS TRIBUTARIOS,IMPUESTOS INDIRECTOS,No Aplica,No Aplica,No Aplica,No Aplica,No Aplica,No Aplica,,,,,,,,2022,Primer Trimestre,791004000.0,791004000.0,,,,,,,,,,,,,,,,,,,,
5274135,20220901,218552585,Pupiales,1.1.02.06.003.01,PARTICIPACION EN IMPUESTOS,INGRESOS,INGRESOS CORRIENTES,INGRESOS NO TRIBUTARIOS,TRANSFERENCIAS CORRIENTES,PARTICIPACIONES DISTINTAS DEL SGP,PARTICIPACION EN IMPUESTOS,No Aplica,No Aplica,No Aplica,No Aplica,,,,,,,,2022,Tercer Trimestre,51598924.0,50000000.0,,,,,,,,,,,,,,,,,,,,
5276190,20221201,218552585,Pupiales,1.1.01.01.200,IMPUESTO PREDIAL UNIFICADO,INGRESOS,INGRESOS CORRIENTES,INGRESOS TRIBUTARIOS,IMPUESTOS DIRECTOS,IMPUESTO PREDIAL UNIFICADO,No Aplica,No Aplica,No Aplica,No Aplica,No Aplica,,,,,,,,2022,Cuarto Trimestre,346243802.0,322000000.0,,,,,,,,,,,,,,,,,,,,
5277729,20210301,218552585,Pupiales,1.1.02.01.005,CONTRIBUCIONES DIVERSAS,INGRESOS,INGRESOS CORRIENTES,INGRESOS NO TRIBUTARIOS,CONTRIBUCIONES,CONTRIBUCIONES DIVERSAS,No Aplica,No Aplica,No Aplica,No Aplica,No Aplica,,,,,,,,2021,Primer Trimestre,102000000.0,102000000.0,,,,,,,,,,,,,,,,,,,,
5278032,20210601,218552585,Pupiales,1.1.01.02.200,IMPUESTO DE INDUSTRIA Y COMERCIO,INGRESOS,INGRESOS CORRIENTES,INGRESOS TRIBUTARIOS,IMPUESTOS INDIRECTOS,IMPUESTO DE INDUSTRIA Y COMERCIO,No Aplica,No Aplica,No Aplica,No Aplica,No Aplica,,,,,,,,2021,Segundo Trimestre,220000000.0,220000000.0,,,,,,,,,,,,,,,,,,,,
5278692,20210301,218552585,Pupiales,1.1.01.02.109,SOBRETASA A LA GASOLINA,INGRESOS,INGRESOS CORRIENTES,INGRESOS TRIBUTARIOS,IMPUESTOS INDIRECTOS,SOBRETASA A LA GASOLINA,No Aplica,No Aplica,No Aplica,No Aplica,No Aplica,,,,,,,,2021,Primer Trimestre,200000000.0,200000000.0,,,,,,,,,,,,,,,,,,,,
5279801,20220601,218552585,Pupiales,1.1.02.06.001.05,AGUA POTABLE Y SANEAMIENTO BASICO,INGRESOS,INGRESOS CORRIENTES,INGRESOS NO TRIBUTARIOS,TRANSFERENCIAS CORRIENTES,SISTEMA GENERAL DE PARTICIPACIONES,AGUA POTABLE Y SANEAMIENTO BASICO,No Aplica,No Aplica,No Aplica,No Aplica,,,,,,,,2022,Segundo Trimestre,1044588653.0,1150677680.0,,,,,,,,,,,,,,,,,,,,
5280097,20210901,218552585,Pupiales,1.1.02.03.001.20,MULTAS CODIGO NACIONAL DE SEGURIDAD Y CONVIVENCIA CIUDADANA,INGRESOS,INGRESOS CORRIENTES,INGRESOS NO TRIBUTARIOS,"MULTAS, SANCIONES E INTERESES DE MORA",MULTAS Y SANCIONES,MULTAS CODIGO NACIONAL DE SEGURIDAD Y CONVIVENCIA CIUDADANA,No Aplica,No Aplica,No Aplica,No Aplica,,,,,,,,2021,Tercer Trimestre,29037435.0,22000000.0,,,,,,,,,,,,,,,,,,,,
5280682,20211201,218552585,Pupiales,1.1.02.07.001,DERECHOS POR LA EXPLOTACION JUEGOS DE SUERTE Y AZAR,INGRESOS,INGRESOS CORRIENTES,INGRESOS NO TRIBUTARIOS,PARTICIPACION Y DERECHOS POR MONOPOLIO,DERECHOS POR LA EXPLOTACION JUEGOS DE SUERTE Y AZAR,No Aplica,No Aplica,No Aplica,No Aplica,No Aplica,,,,,,,,2021,Cuarto Trimestre,186350803.0,275493292.0,,,,,,,,,,,,,,,,,,,,
5281790,20221201,218552585,Pupiales,1.2.10,RECURSOS DEL BALANCE,INGRESOS,RECURSOS DE CAPITAL,RECURSOS DEL BALANCE,No Aplica,No Aplica,No Aplica,No Aplica,No Aplica,No Aplica,No Aplica,,,,,,,,2022,Cuarto Trimestre,1194145645.0,0.0,,,,,,,,,,,,,,,,,,,,
5282614,20230301,218552585,Pupiales,1.1.02.06.009.01,SISTEMA GENERAL DE SEGURIDAD SOCIAL EN SALUD,INGRESOS,INGRESOS CORRIENTES,INGRESOS NO TRIBUTARIOS,TRANSFERENCIAS CORRIENTES,RECURSOS DEL SISTEMA DE SEGURIDAD SOCIAL INTEGRAL,SISTEMA GENERAL DE SEGURIDAD SOCIAL EN SALUD,No Aplica,No Aplica,No Aplica,No Aplica,,,,,,,,2023,Primer Trimestre,3350498878.0,3350498878.0,,,,,,,,,,,,,,,,,,,,
5282927,20230301,218552585,Pupiales,1.1.01.01.200.02,IMPUESTO PREDIAL UNIFICADO - RURAL,INGRESOS,INGRESOS CORRIENTES,INGRESOS TRIBUTARIOS,IMPUESTOS DIRECTOS,IMPUESTO PREDIAL UNIFICADO,IMPUESTO PREDIAL UNIFICADO - RURAL,No Aplica,No Aplica,No Aplica,No Aplica,,,,,,,,2023,Primer Trimestre,35000000.0,35000000.0,,,,,,,,,,,,,,,,,,,,
5283238,20211201,218552585,Pupiales,1.1.02.06.001.01.03,CALIDAD,INGRESOS,INGRESOS CORRIENTES,INGRESOS NO TRIBUTARIOS,TRANSFERENCIAS CORRIENTES,SISTEMA GENERAL DE PARTICIPACIONES,PARTICIPACION PARA EDUCACION,CALIDAD,No Aplica,No Aplica,No Aplica,,,,,,,,2021,Cuarto Trimestre,452760446.0,480000000.0,,,,,,,,,,,,,,,,,,,,
5283280,20220601,218552585,Pupiales,1.1.02.07.001,DERECHOS POR LA EXPLOTACION JUEGOS DE SUERTE Y AZAR,INGRESOS,INGRESOS CORRIENTES,INGRESOS NO TRIBUTARIOS,PARTICIPACION Y DERECHOS POR MONOPOLIO,DERECHOS POR LA EXPLOTACION JUEGOS DE SUERTE Y AZAR,No Aplica,No Aplica,No Aplica,No Aplica,No Aplica,,,,,,,,2022,Segundo Trimestre,240105489.0,240105489.0,,,,,,,,,,,,,,,,,,,,
5283813,20220301,218552585,Pupiales,1.1.01.02.207,IMPUESTO DE CASINOS,INGRESOS,INGRESOS CORRIENTES,INGRESOS TRIBUTARIOS,IMPUESTOS INDIRECTOS,IMPUESTO DE CASINOS,No Aplica,No Aplica,No Aplica,No Aplica,No Aplica,,,,,,,,2022,Primer Trimestre,1000.0,1000.0,,,,,,,,,,,,,,,,,,,,
5284724,20220901,218552585,Pupiales,1.1.02.06.001.01.03.01,CALIDADPOR MATRICULA OFICIAL,INGRESOS,INGRESOS CORRIENTES,INGRESOS NO TRIBUTARIOS,TRANSFERENCIAS CORRIENTES,SISTEMA GENERAL DE PARTICIPACIONES,PARTICIPACION PARA EDUCACION,CALIDAD,CALIDADPOR MATRICULA OFICIAL,No Aplica,No Aplica,,,,,,,,2022,Tercer Trimestre,208219751.0,213066304.0,,,,,,,,,,,,,,,,,,,,
5287005,20210301,218552585,Pupiales,1.1.01.02.300.55,ESTAMPILLA PRO CULTURA,INGRESOS,INGRESOS CORRIENTES,INGRESOS TRIBUTARIOS,IMPUESTOS INDIRECTOS,ESTAMPILLAS,ESTAMPILLA PRO CULTURA,No Aplica,No Aplica,No Aplica,No Aplica,,,,,,,,2021,Primer Trimestre,100000000.0,100000000.0,,,,,,,,,,,,,,,,,,,,
5287675,20220301,218552585,Pupiales,1.1.01.01.014,SOBRETASA AMBIENTAL,INGRESOS,INGRESOS CORRIENTES,INGRESOS TRIBUTARIOS,IMPUESTOS DIRECTOS,SOBRETASA AMBIENTAL,No Aplica,No Aplica,No Aplica,No Aplica,No Aplica,,,,,,,,2022,Primer Trimestre,45000000.0,45000000.0,,,,,,,,,,,,,,,,,,,,
5289053,20210901,218552585,Pupiales,1.1.01.02.201,IMPUESTO COMPLEMENTARIO DE AVISOS Y TABLEROS,INGRESOS,INGRESOS CORRIENTES,INGRESOS TRIBUTARIOS,IMPUESTOS INDIRECTOS,IMPUESTO COMPLEMENTARIO DE AVISOS Y TABLEROS,No Aplica,No Aplica,No Aplica,No Aplica,No Aplica,,,,,,,,2021,Tercer Trimestre,33000000.0,33000000.0,,,,,,,,,,,,,,,,,,,,
5289357,20210901,218552585,Pupiales,1.2.07.01.001,BANCA COMERCIAL,INGRESOS,RECURSOS DE CAPITAL,RECURSOS DE CREDITO INTERNO,RECURSOS DE CONTRATOS DE EMPRESTITOS INTERNOS,BANCA COMERCIAL,No Aplica,No Aplica,No Aplica,No Aplica,No Aplica,,,,,,,,2021,Tercer Trimestre,1889000000.0,0.0,,,,,,,,,,,,,,,,,,,,
5289388,20210901,218552585,Pupiales,1.1.02.06.003.01,PARTICIPACION EN IMPUESTOS,INGRESOS,INGRESOS CORRIENTES,INGRESOS NO TRIBUTARIOS,TRANSFERENCIAS CORRIENTES,PARTICIPACIONES DISTINTAS DEL SGP,PARTICIPACION EN IMPUESTOS,No Aplica,No Aplica,No Aplica,No Aplica,,,,,,,,2021,Tercer Trimestre,45000000.0,45000000.0,,,,,,,,,,,,,,,,,,,,
5290005,20211201,218552585,Pupiales,1.1.01.02.201,IMPUESTO COMPLEMENTARIO DE AVISOS Y TABLEROS,INGRESOS,INGRESOS CORRIENTES,INGRESOS TRIBUTARIOS,IMPUESTOS INDIRECTOS,IMPUESTO COMPLEMENTARIO DE AVISOS Y TABLEROS,No Aplica,No Aplica,No Aplica,No Aplica,No Aplica,,,,,,,,2021,Cuarto Trimestre,30536613.0,33000000.0,,,,,,,,,,,,,,,,,,,,
5290561,20210301,218552585,Pupiales,1.1.02.06.001.04.01,PROGRAMAS DE ALIMENTACION ESCOLAR,INGRESOS,INGRESOS CORRIENTES,INGRESOS NO TRIBUTARIOS,TRANSFERENCIAS CORRIENTES,SISTEMA GENERAL DE PARTICIPACIONES,ASIGNACIONES ESPECIALES,PROGRAMAS DE ALIMENTACION ESCOLAR,No Aplica,No Aplica,No Aplica,,,,,,,,2021,Primer Trimestre,95795638.0,95795638.0,,,,,,,,,,,,,,,,,,,,
5290658,20211201,218552585,Pupiales,1.1.02.03.002,INTERESES DE MORA,INGRESOS,INGRESOS CORRIENTES,INGRESOS NO TRIBUTARIOS,"MULTAS, SANCIONES E INTERESES DE MORA",INTERESES DE MORA,No Aplica,No Aplica,No Aplica,No Aplica,No Aplica,,,,,,,,2021,Cuarto Trimestre,3516659.0,3000000.0,,,,,,,,,,,,,,,,,,,,
5290786,20210601,218552585,Pupiales,1.1.02.06.006.06,OTRAS UNIDADES DE GOBIERNO,INGRESOS,INGRESOS CORRIENTES,INGRESOS NO TRIBUTARIOS,TRANSFERENCIAS CORRIENTES,TRANSFERENCIAS DE OTRAS ENTIDADES DEL GOBIERNO GENERAL,OTRAS UNIDADES DE GOBIERNO,No Aplica,No Aplica,No Aplica,No Aplica,,,,,,,,2021,Segundo Trimestre,348438267.0,348438267.0,,,,,,,,,,,,,,,,,,,,
5292246,20210901,218552585,Pupiales,1.2.01,DISPOSICION DE ACTIVOS,INGRESOS,RECURSOS DE CAPITAL,DISPOSICION DE ACTIVOS,No Aplica,No Aplica,No Aplica,No Aplica,No Aplica,No Aplica,No Aplica,,,,,,,,2021,Tercer Trimestre,242000000.0,0.0,,,,,,,,,,,,,,,,,,,,
5292425,20221201,218552585,Pupiales,1.1.02.03.002,INTERESES DE MORA,INGRESOS,INGRESOS CORRIENTES,INGRESOS NO TRIBUTARIOS,"MULTAS, SANCIONES E INTERESES DE MORA",INTERESES DE MORA,No Aplica,No Aplica,No Aplica,No Aplica,No Aplica,,,,,,,,2022,Cuarto Trimestre,640889.0,3000000.0,,,,,,,,,,,,,,,,,,,,
5292817,20210301,218552585,Pupiales,1.1.01.02.216,IMPUESTO DE ESPECTACULOS PUBLICOS MUNICIPAL,INGRESOS,INGRESOS CORRIENTES,INGRESOS TRIBUTARIOS,IMPUESTOS INDIRECTOS,IMPUESTO DE ESPECTACULOS PUBLICOS MUNICIPAL,No Aplica,No Aplica,No Aplica,No Aplica,No Aplica,,,,,,,,2021,Primer Trimestre,100000.0,100000.0,,,,,,,,,,,,,,,,,,,,
5294344,20230601,218552585,Pupiales,1.1.02.06.009.01,SISTEMA GENERAL DE SEGURIDAD SOCIAL EN SALUD,INGRESOS,INGRESOS CORRIENTES,INGRESOS NO TRIBUTARIOS,TRANSFERENCIAS CORRIENTES,RECURSOS DEL SISTEMA DE SEGURIDAD SOCIAL INTEGRAL,SISTEMA GENERAL DE SEGURIDAD SOCIAL EN SALUD,No Aplica,No Aplica,No Aplica,No Aplica,,,,,,,,2023,Segundo Trimestre,13601782158.0,7777949925.0,,,,,,,,,,,,,,,,,,,,
5294974,20230601,218552585,Pupiales,1.1.01.02.200.02,IMPUESTO DE INDUSTRIA Y COMERCIO - SOBRE ACTIVIDADES INDUSTRIALES,INGRESOS,INGRESOS CORRIENTES,INGRESOS TRIBUTARIOS,IMPUESTOS INDIRECTOS,IMPUESTO DE INDUSTRIA Y COMERCIO,IMPUESTO DE INDUSTRIA Y COMERCIO - SOBRE ACTIVIDADES INDUSTRIALES,No Aplica,No Aplica,No Aplica,No Aplica,,,,,,,,2023,Segundo Trimestre,6000000.0,6000000.0,,,,,,,,,,,,,,,,,,,,
5296817,20230601,218552585,Pupiales,1.1.02.06.001.01.03,CALIDAD,INGRESOS,INGRESOS CORRIENTES,INGRESOS NO TRIBUTARIOS,TRANSFERENCIAS CORRIENTES,SISTEMA GENERAL DE PARTICIPACIONES,PARTICIPACION PARA EDUCACION,CALIDAD,No Aplica,No Aplica,No Aplica,,,,,,,,2023,Segundo Trimestre,403997813.0,397461745.0,,,,,,,,,,,,,,,,,,,,
5297602,20220301,218552585,Pupiales,1.1.02.06.001.02,PARTICIPACION PARA SALUD,INGRESOS,INGRESOS CORRIENTES,INGRESOS NO TRIBUTARIOS,TRANSFERENCIAS CORRIENTES,SISTEMA GENERAL DE PARTICIPACIONES,PARTICIPACION PARA SALUD,No Aplica,No Aplica,No Aplica,No Aplica,,,,,,,,2022,Primer Trimestre,6889204937.0,6889204937.0,,,,,,,,,,,,,,,,,,,,
5299538,20230601,218552585,Pupiales,1.1.01.01.200,IMPUESTO PREDIAL UNIFICADO,INGRESOS,INGRESOS CORRIENTES,INGRESOS TRIBUTARIOS,IMPUESTOS DIRECTOS,IMPUESTO PREDIAL UNIFICADO,No Aplica,No Aplica,No Aplica,No Aplica,No Aplica,,,,,,,,2023,Segundo Trimestre,325000000.0,325000000.0,,,,,,,,,,,,,,,,,,,,
5300122,20220901,218552585,Pupiales,1.1.02.06.001.05,AGUA POTABLE Y SANEAMIENTO BASICO,INGRESOS,INGRESOS CORRIENTES,INGRESOS NO TRIBUTARIOS,TRANSFERENCIAS CORRIENTES,SISTEMA GENERAL DE PARTICIPACIONES,AGUA POTABLE Y SANEAMIENTO BASICO,No Aplica,No Aplica,No Aplica,No Aplica,,,,,,,,2022,Tercer Trimestre,1044588653.0,1150677680.0,,,,,,,,,,,,,,,,,,,,
5301625,20210901,218552585,Pupiales,1.2.05,RENDIMIENTOS FINANCIEROS,INGRESOS,RECURSOS DE CAPITAL,RENDIMIENTOS FINANCIEROS,No Aplica,No Aplica,No Aplica,No Aplica,No Aplica,No Aplica,No Aplica,,,,,,,,2021,Tercer Trimestre,15000000.0,15000000.0,,,,,,,,,,,,,,,,,,,,
5302455,20220901,218552585,Pupiales,1.1.02.03.001.22,MULTAS AMBIENTALES,INGRESOS,INGRESOS CORRIENTES,INGRESOS NO TRIBUTARIOS,"MULTAS, SANCIONES E INTERESES DE MORA",MULTAS Y SANCIONES,MULTAS AMBIENTALES,No Aplica,No Aplica,No Aplica,No Aplica,,,,,,,,2022,Tercer Trimestre,1000.0,1000.0,,,,,,,,,,,,,,,,,,,,
5303733,20210301,218552585,Pupiales,1.1.02.06.003,PARTICIPACIONES DISTINTAS DEL SGP,INGRESOS,INGRESOS CORRIENTES,INGRESOS NO TRIBUTARIOS,TRANSFERENCIAS CORRIENTES,PARTICIPACIONES DISTINTAS DEL SGP,No Aplica,No Aplica,No Aplica,No Aplica,No Aplica,,,,,,,,2021,Primer Trimestre,45000000.0,45000000.0,,,,,,,,,,,,,,,,,,,,
5304255,20211201,218552585,Pupiales,1.1.02.06.001.03.03,PROPOSITO GENERAL LIBRE INVERSION,INGRESOS,INGRESOS CORRIENTES,INGRESOS NO TRIBUTARIOS,TRANSFERENCIAS CORRIENTES,SISTEMA GENERAL DE PARTICIPACIONES,PARTICIPACION PARA PROPOSITO GENERAL,PROPOSITO GENERAL LIBRE INVERSION,No Aplica,No Aplica,No Aplica,,,,,,,,2021,Cuarto Trimestre,1920195795.0,2040629714.0,,,,,,,,,,,,,,,,,,,,
5308791,20220901,218552585,Pupiales,1.1.02.06.001.01,PARTICIPACION PARA EDUCACION,INGRESOS,INGRESOS CORRIENTES,INGRESOS NO TRIBUTARIOS,TRANSFERENCIAS CORRIENTES,SISTEMA GENERAL DE PARTICIPACIONES,PARTICIPACION PARA EDUCACION,No Aplica,No Aplica,No Aplica,No Aplica,,,,,,,,2022,Tercer Trimestre,397461745.0,452760446.0,,,,,,,,,,,,,,,,,,,,
5309035,20230601,218552585,Pupiales,1.1.02.01.005.59,CONTRIBUCION ESPECIAL SOBRE CONTRATOS DE OBRAS PUBLICAS,INGRESOS,INGRESOS CORRIENTES,INGRESOS NO TRIBUTARIOS,CONTRIBUCIONES,CONTRIBUCIONES DIVERSAS,CONTRIBUCION ESPECIAL SOBRE CONTRATOS DE OBRAS PUBLICAS,No Aplica,No Aplica,No Aplica,No Aplica,,,,,,,,2023,Segundo Trimestre,110000000.0,110000000.0,,,,,,,,,,,,,,,,,,,,
5310030,20220301,218552585,Pupiales,1.1.01.02.300.01,ESTAMPILLA PARA EL BIENESTAR DEL ADULTO MAYOR,INGRESOS,INGRESOS CORRIENTES,INGRESOS TRIBUTARIOS,IMPUESTOS INDIRECTOS,ESTAMPILLAS,ESTAMPILLA PARA EL BIENESTAR DEL ADULTO MAYOR,No Aplica,No Aplica,No Aplica,No Aplica,,,,,,,,2022,Primer Trimestre,150000000.0,150000000.0,,,,,,,,,,,,,,,,,,,,
5312811,20210901,218552585,Pupiales,1.1.02.06.006.06,OTRAS UNIDADES DE GOBIERNO,INGRESOS,INGRESOS CORRIENTES,INGRESOS NO TRIBUTARIOS,TRANSFERENCIAS CORRIENTES,TRANSFERENCIAS DE OTRAS ENTIDADES DEL GOBIERNO GENERAL,OTRAS UNIDADES DE GOBIERNO,No Aplica,No Aplica,No Aplica,No Aplica,,,,,,,,2021,Tercer Trimestre,424150460.0,348438267.0,,,,,,,,,,,,,,,,,,,,
5314334,20230601,218552585,Pupiales,1.1.01.01.014.02,SOBRETASA AMBIENTAL -RURAL,INGRESOS,INGRESOS CORRIENTES,INGRESOS TRIBUTARIOS,IMPUESTOS DIRECTOS,SOBRETASA AMBIENTAL,SOBRETASA AMBIENTAL -RURAL,No Aplica,No Aplica,No Aplica,No Aplica,,,,,,,,2023,Segundo Trimestre,31000000.0,31000000.0,,,,,,,,,,,,,,,,,,,,
5314612,20220601,218552585,Pupiales,1.1.02.06.001.03.02,CULTURA,INGRESOS,INGRESOS CORRIENTES,INGRESOS NO TRIBUTARIOS,TRANSFERENCIAS CORRIENTES,SISTEMA GENERAL DE PARTICIPACIONES,PARTICIPACION PARA PROPOSITO GENERAL,CULTURA,No Aplica,No Aplica,No Aplica,,,,,,,,2022,Segundo Trimestre,71604021.0,55950633.0,,,,,,,,,,,,,,,,,,,,
5315562,20220301,218552585,Pupiales,1.1.02.05.002.08,SERVICIOS PRESTADOS A LAS EMPRESAS Y SERVICIOS DE PRODUCCION,INGRESOS,INGRESOS CORRIENTES,INGRESOS NO TRIBUTARIOS,VENTA DE BIENES Y SERVICIOS,VENTAS INCIDENTALES DE ESTABLECIMIENTOS NO DE MERCADO,SERVICIOS PRESTADOS A LAS EMPRESAS Y SERVICIOS DE PRODUCCION,No Aplica,No Aplica,No Aplica,No Aplica,,,,,,,,2022,Primer Trimestre,1000.0,1000.0,,,,,,,,,,,,,,,,,,,,
5319580,20210301,218552585,Pupiales,1.1.02.01,CONTRIBUCIONES,INGRESOS,INGRESOS CORRIENTES,INGRESOS NO TRIBUTARIOS,CONTRIBUCIONES,No Aplica,No Aplica,No Aplica,No Aplica,No Aplica,No Aplica,,,,,,,,2021,Primer Trimestre,102000000.0,102000000.0,,,,,,,,,,,,,,,,,,,,
5319631,20210901,218552585,Pupiales,1.1.02.03.001.11,SANCIONES TRIBUTARIAS,INGRESOS,INGRESOS CORRIENTES,INGRESOS NO TRIBUTARIOS,"MULTAS, SANCIONES E INTERESES DE MORA",MULTAS Y SANCIONES,SANCIONES TRIBUTARIAS,No Aplica,No Aplica,No Aplica,No Aplica,,,,,,,,2021,Tercer Trimestre,5305637.0,500000.0,,,,,,,,,,,,,,,,,,,,
5320158,20230601,218552585,Pupiales,1.1.02.02,TASAS Y DERECHOS ADMINISTRATIVOS,INGRESOS,INGRESOS CORRIENTES,INGRESOS NO TRIBUTARIOS,TASAS Y DERECHOS ADMINISTRATIVOS,No Aplica,No Aplica,No Aplica,No Aplica,No Aplica,No Aplica,,,,,,,,2023,Segundo Trimestre,200000.0,200000.0,,,,,,,,,,,,,,,,,,,,
5321243,20220601,218552585,Pupiales,1.2.14,RECURSOS DE TERCEROS,INGRESOS,RECURSOS DE CAPITAL,RECURSOS DE TERCEROS,No Aplica,No Aplica,No Aplica,No Aplica,No Aplica,No Aplica,No Aplica,,,,,,,,2022,Segundo Trimestre,439950149.0,0.0,,,,,,,,,,,,,,,,,,,,
5321851,20220901,218552585,Pupiales,1.1.02.03.001.20,MULTAS CODIGO NACIONAL DE SEGURIDAD Y CONVIVENCIA CIUDADANA,INGRESOS,INGRESOS CORRIENTES,INGRESOS NO TRIBUTARIOS,"MULTAS, SANCIONES E INTERESES DE MORA",MULTAS Y SANCIONES,MULTAS CODIGO NACIONAL DE SEGURIDAD Y CONVIVENCIA CIUDADANA,No Aplica,No Aplica,No Aplica,No Aplica,,,,,,,,2022,Tercer Trimestre,26000000.0,26000000.0,,,,,,,,,,,,,,,,,,,,
5323009,20211201,218552585,Pupiales,1.1.02.07,PARTICIPACION Y DERECHOS POR MONOPOLIO,INGRESOS,INGRESOS CORRIENTES,INGRESOS NO TRIBUTARIOS,PARTICIPACION Y DERECHOS POR MONOPOLIO,No Aplica,No Aplica,No Aplica,No Aplica,No Aplica,No Aplica,,,,,,,,2021,Cuarto Trimestre,186350803.0,275493292.0,,,,,,,,,,,,,,,,,,,,
5323931,20210301,218552585,Pupiales,1.2.05.02,DEPOSITOS,INGRESOS,RECURSOS DE CAPITAL,RENDIMIENTOS FINANCIEROS,DEPOSITOS,No Aplica,No Aplica,No Aplica,No Aplica,No Aplica,No Aplica,,,,,,,,2021,Primer Trimestre,15000000.0,15000000.0,,,,,,,,,,,,,,,,,,,,
5325471,20220901,218552585,Pupiales,1.1.02.06.001.04.01,PROGRAMAS DE ALIMENTACION ESCOLAR,INGRESOS,INGRESOS CORRIENTES,INGRESOS NO TRIBUTARIOS,TRANSFERENCIAS CORRIENTES,SISTEMA GENERAL DE PARTICIPACIONES,ASIGNACIONES ESPECIALES,PROGRAMAS DE ALIMENTACION ESCOLAR,No Aplica,No Aplica,No Aplica,,,,,,,,2022,Tercer Trimestre,86115343.0,97406326.0,,,,,,,,,,,,,,,,,,,,
5326812,20220901,218552585,Pupiales,1.1.02.06.001.03.03,PROPOSITO GENERAL LIBRE INVERSION,INGRESOS,INGRESOS CORRIENTES,INGRESOS NO TRIBUTARIOS,TRANSFERENCIAS CORRIENTES,SISTEMA GENERAL DE PARTICIPACIONES,PARTICIPACION PARA PROPOSITO GENERAL,PROPOSITO GENERAL LIBRE INVERSION,No Aplica,No Aplica,No Aplica,,,,,,,,2022,Tercer Trimestre,2177384337.0,1920195795.0,,,,,,,,,,,,,,,,,,,,
5327266,20230601,218552585,Pupiales,1.1.01.02.216,IMPUESTO DE ESPECTACULOS PUBLICOS MUNICIPAL,INGRESOS,INGRESOS CORRIENTES,INGRESOS TRIBUTARIOS,IMPUESTOS INDIRECTOS,IMPUESTO DE ESPECTACULOS PUBLICOS MUNICIPAL,No Aplica,No Aplica,No Aplica,No Aplica,No Aplica,,,,,,,,2023,Segundo Trimestre,1000.0,1000.0,,,,,,,,,,,,,,,,,,,,
5327467,20210301,218552585,Pupiales,1.1.01.02.200,IMPUESTO DE INDUSTRIA Y COMERCIO,INGRESOS,INGRESOS CORRIENTES,INGRESOS TRIBUTARIOS,IMPUESTOS INDIRECTOS,IMPUESTO DE INDUSTRIA Y COMERCIO,No Aplica,No Aplica,No Aplica,No Aplica,No Aplica,,,,,,,,2021,Primer Trimestre,220000000.0,220000000.0,,,,,,,,,,,,,,,,,,,,
5328588,20210601,218552585,Pupiales,1.2.07,RECURSOS DE CREDITO INTERNO,INGRESOS,RECURSOS DE CAPITAL,RECURSOS DE CREDITO INTERNO,No Aplica,No Aplica,No Aplica,No Aplica,No Aplica,No Aplica,No Aplica,,,,,,,,2021,Segundo Trimestre,1889000000.0,0.0,,,,,,,,,,,,,,,,,,,,
5328840,20230601,218552585,Pupiales,1.1.02.06.001.03.04,"PROPOSITO GENERAL LIBRE DESTINACION MUNICIPIOS CATEGORIAS 4, 5 Y 6",INGRESOS,INGRESOS CORRIENTES,INGRESOS NO TRIBUTARIOS,TRANSFERENCIAS CORRIENTES,SISTEMA GENERAL DE PARTICIPACIONES,PARTICIPACION PARA PROPOSITO GENERAL,"PROPOSITO GENERAL LIBRE DESTINACION MUNICIPIOS CATEGORIAS 4, 5 Y 6",No Aplica,No Aplica,No Aplica,,,,,,,,2023,Segundo Trimestre,1921047422.0,1806472146.0,,,,,,,,,,,,,,,,,,,,
5329491,20210901,218552585,Pupiales,1.1.02.06.001.03,PARTICIPACION PARA PROPOSITO GENERAL,INGRESOS,INGRESOS CORRIENTES,INGRESOS NO TRIBUTARIOS,TRANSFERENCIAS CORRIENTES,SISTEMA GENERAL DE PARTICIPACIONES,PARTICIPACION PARA PROPOSITO GENERAL,No Aplica,No Aplica,No Aplica,No Aplica,,,,,,,,2021,Tercer Trimestre,3603297786.0,3881479821.0,,,,,,,,,,,,,,,,,,,,
5331215,20211201,218552585,Pupiales,1.1.02.06.003.01,PARTICIPACION EN IMPUESTOS,INGRESOS,INGRESOS CORRIENTES,INGRESOS NO TRIBUTARIOS,TRANSFERENCIAS CORRIENTES,PARTICIPACIONES DISTINTAS DEL SGP,PARTICIPACION EN IMPUESTOS,No Aplica,No Aplica,No Aplica,No Aplica,,,,,,,,2021,Cuarto Trimestre,51737541.0,45000000.0,,,,,,,,,,,,,,,,,,,,
5331255,20230601,218552585,Pupiales,1.1.01.02.204,IMPUESTO DE DELINEACION,INGRESOS,INGRESOS CORRIENTES,INGRESOS TRIBUTARIOS,IMPUESTOS INDIRECTOS,IMPUESTO DE DELINEACION,No Aplica,No Aplica,No Aplica,No Aplica,No Aplica,,,,,,,,2023,Segundo Trimestre,1000000.0,1000000.0,,,,,,,,,,,,,,,,,,,,
5332130,20210601,218552585,Pupiales,1.1.02.06.001.02.01,REGIMEN SUBSIDIADO,INGRESOS,INGRESOS CORRIENTES,INGRESOS NO TRIBUTARIOS,TRANSFERENCIAS CORRIENTES,SISTEMA GENERAL DE PARTICIPACIONES,PARTICIPACION PARA SALUD,REGIMEN SUBSIDIADO,No Aplica,No Aplica,No Aplica,,,,,,,,2021,Segundo Trimestre,6468544850.0,5831571134.0,,,,,,,,,,,,,,,,,,,,
5333112,20220301,218552585,Pupiales,1.1.02.03.001.11,SANCIONES TRIBUTARIAS,INGRESOS,INGRESOS CORRIENTES,INGRESOS NO TRIBUTARIOS,"MULTAS, SANCIONES E INTERESES DE MORA",MULTAS Y SANCIONES,SANCIONES TRIBUTARIAS,No Aplica,No Aplica,No Aplica,No Aplica,,,,,,,,2022,Primer Trimestre,1000000.0,1000000.0,,,,,,,,,,,,,,,,,,,,
5334250,20211201,218552585,Pupiales,1.1.01,INGRESOS TRIBUTARIOS,INGRESOS,INGRESOS CORRIENTES,INGRESOS TRIBUTARIOS,No Aplica,No Aplica,No Aplica,No Aplica,No Aplica,No Aplica,No Aplica,,,,,,,,2021,Cuarto Trimestre,1560794999.0,1060104000.0,,,,,,,,,,,,,,,,,,,,
5334698,20221201,218552585,Pupiales,1.1.02.03.001.20,MULTAS CODIGO NACIONAL DE SEGURIDAD Y CONVIVENCIA CIUDADANA,INGRESOS,INGRESOS CORRIENTES,INGRESOS NO TRIBUTARIOS,"MULTAS, SANCIONES E INTERESES DE MORA",MULTAS Y SANCIONES,MULTAS CODIGO NACIONAL DE SEGURIDAD Y CONVIVENCIA CIUDADANA,No Aplica,No Aplica,No Aplica,No Aplica,,,,,,,,2022,Cuarto Trimestre,15761315.0,26000000.0,,,,,,,,,,,,,,,,,,,,
5335276,20210601,218552585,Pupiales,1.1.01.02.204,IMPUESTO DE DELINEACION,INGRESOS,INGRESOS CORRIENTES,INGRESOS TRIBUTARIOS,IMPUESTOS INDIRECTOS,IMPUESTO DE DELINEACION,No Aplica,No Aplica,No Aplica,No Aplica,No Aplica,,,,,,,,2021,Segundo Trimestre,2000000.0,2000000.0,,,,,,,,,,,,,,,,,,,,
5336455,20220301,218552585,Pupiales,1.1.02.06.006,TRANSFERENCIAS DE OTRAS ENTIDADES DEL GOBIERNO GENERAL,INGRESOS,INGRESOS CORRIENTES,INGRESOS NO TRIBUTARIOS,TRANSFERENCIAS CORRIENTES,TRANSFERENCIAS DE OTRAS ENTIDADES DEL GOBIERNO GENERAL,No Aplica,No Aplica,No Aplica,No Aplica,No Aplica,,,,,,,,2022,Primer Trimestre,368439267.0,348439267.0,,,,,,,,,,,,,,,,,,,,
5337943,20210601,218552585,Pupiales,1.1.01.02,IMPUESTOS INDIRECTOS,INGRESOS,INGRESOS CORRIENTES,INGRESOS TRIBUTARIOS,IMPUESTOS INDIRECTOS,No Aplica,No Aplica,No Aplica,No Aplica,No Aplica,No Aplica,,,,,,,,2021,Segundo Trimestre,745104000.0,745104000.0,,,,,,,,,,,,,,,,,,,,
5339215,20221201,218552585,Pupiales,1.1.01.02.200,IMPUESTO DE INDUSTRIA Y COMERCIO,INGRESOS,INGRESOS CORRIENTES,INGRESOS TRIBUTARIOS,IMPUESTOS INDIRECTOS,IMPUESTO DE INDUSTRIA Y COMERCIO,No Aplica,No Aplica,No Aplica,No Aplica,No Aplica,,,,,,,,2022,Cuarto Trimestre,235424560.0,250000000.0,,,,,,,,,,,,,,,,,,,,
5339566,20220601,218552585,Pupiales,1.1.02.06.003,PARTICIPACIONES DISTINTAS DEL SGP,INGRESOS,INGRESOS CORRIENTES,INGRESOS NO TRIBUTARIOS,TRANSFERENCIAS CORRIENTES,PARTICIPACIONES DISTINTAS DEL SGP,No Aplica,No Aplica,No Aplica,No Aplica,No Aplica,,,,,,,,2022,Segundo Trimestre,50000000.0,50000000.0,,,,,,,,,,,,,,,,,,,,
5339695,20211201,218552585,Pupiales,1.1.01.02.200.03,IMPUESTO DE INDUSTRIA Y COMERCIO - SOBRE ACTIVIDADES DE SERVICIOS,INGRESOS,INGRESOS CORRIENTES,INGRESOS TRIBUTARIOS,IMPUESTOS INDIRECTOS,IMPUESTO DE INDUSTRIA Y COMERCIO,IMPUESTO DE INDUSTRIA Y COMERCIO - SOBRE ACTIVIDADES DE SERVICIOS,No Aplica,No Aplica,No Aplica,No Aplica,,,,,,,,2021,Cuarto Trimestre,24221305.0,150000000.0,,,,,,,,,,,,,,,,,,,,
5339799,20211201,218552585,Pupiales,1.2.01.02,DISPOSICION DE ACTIVOS NO FINANCIEROS,INGRESOS,RECURSOS DE CAPITAL,DISPOSICION DE ACTIVOS,DISPOSICION DE ACTIVOS NO FINANCIEROS,No Aplica,No Aplica,No Aplica,No Aplica,No Aplica,No Aplica,,,,,,,,2021,Cuarto Trimestre,242000000.0,0.0,,,,,,,,,,,,,,,,,,,,
5339840,20211201,218552585,Pupiales,1.2.12,RETIROS FONPET,INGRESOS,RECURSOS DE CAPITAL,RETIROS FONPET,No Aplica,No Aplica,No Aplica,No Aplica,No Aplica,No Aplica,No Aplica,,,,,,,,2021,Cuarto Trimestre,93251056.0,115729990.0,,,,,,,,,,,,,,,,,,,,
5340933,20220601,218552585,Pupiales,1.1.02.07,PARTICIPACION Y DERECHOS POR MONOPOLIO,INGRESOS,INGRESOS CORRIENTES,INGRESOS NO TRIBUTARIOS,PARTICIPACION Y DERECHOS POR MONOPOLIO,No Aplica,No Aplica,No Aplica,No Aplica,No Aplica,No Aplica,,,,,,,,2022,Segundo Trimestre,240105489.0,240105489.0,,,,,,,,,,,,,,,,,,,,
5341406,20210901,218552585,Pupiales,1.1.02.02,TASAS Y DERECHOS ADMINISTRATIVOS,INGRESOS,INGRESOS CORRIENTES,INGRESOS NO TRIBUTARIOS,TASAS Y DERECHOS ADMINISTRATIVOS,No Aplica,No Aplica,No Aplica,No Aplica,No Aplica,No Aplica,,,,,,,,2021,Tercer Trimestre,1001000.0,1001000.0,,,,,,,,,,,,,,,,,,,,
5341673,20230601,218552585,Pupiales,1.1.01.01.014.01,SOBRETASA AMBIENTAL - URBANO,INGRESOS,INGRESOS CORRIENTES,INGRESOS TRIBUTARIOS,IMPUESTOS DIRECTOS,SOBRETASA AMBIENTAL,SOBRETASA AMBIENTAL - URBANO,No Aplica,No Aplica,No Aplica,No Aplica,,,,,,,,2023,Segundo Trimestre,29000000.0,29000000.0,,,,,,,,,,,,,,,,,,,,
5342163,20220601,218552585,Pupiales,1.1.01.02.204,IMPUESTO DE DELINEACION,INGRESOS,INGRESOS CORRIENTES,INGRESOS TRIBUTARIOS,IMPUESTOS INDIRECTOS,IMPUESTO DE DELINEACION,No Aplica,No Aplica,No Aplica,No Aplica,No Aplica,,,,,,,,2022,Segundo Trimestre,10000000.0,10000000.0,,,,,,,,,,,,,,,,,,,,
5342316,20230601,218552585,Pupiales,1.1.01,INGRESOS TRIBUTARIOS,INGRESOS,INGRESOS CORRIENTES,INGRESOS TRIBUTARIOS,No Aplica,No Aplica,No Aplica,No Aplica,No Aplica,No Aplica,No Aplica,,,,,,,,2023,Segundo Trimestre,1263004000.0,1263004000.0,,,,,,,,,,,,,,,,,,,,
5342877,20211201,218552585,Pupiales,1.1.02.06.001.01.03.01,CALIDADPOR MATRICULA OFICIAL,INGRESOS,INGRESOS CORRIENTES,INGRESOS NO TRIBUTARIOS,TRANSFERENCIAS CORRIENTES,SISTEMA GENERAL DE PARTICIPACIONES,PARTICIPACION PARA EDUCACION,CALIDAD,CALIDADPOR MATRICULA OFICIAL,No Aplica,No Aplica,,,,,,,,2021,Cuarto Trimestre,213066304.0,250000000.0,,,,,,,,,,,,,,,,,,,,
5343760,20230601,218552585,Pupiales,1.2.13.01,REINTEGROS,INGRESOS,RECURSOS DE CAPITAL,REINTEGROS Y OTROS RECURSOS NO APROPIADOS,REINTEGROS,No Aplica,No Aplica,No Aplica,No Aplica,No Aplica,No Aplica,,,,,,,,2023,Segundo Trimestre,10000000.0,322402147.0,,,,,,,,,,,,,,,,,,,,
5344683,20211201,218552585,Pupiales,1.1.02.03.001,MULTAS Y SANCIONES,INGRESOS,INGRESOS CORRIENTES,INGRESOS NO TRIBUTARIOS,"MULTAS, SANCIONES E INTERESES DE MORA",MULTAS Y SANCIONES,No Aplica,No Aplica,No Aplica,No Aplica,No Aplica,,,,,,,,2021,Cuarto Trimestre,38322921.0,22501000.0,,,,,,,,,,,,,,,,,,,,
5345371,20220301,218552585,Pupiales,1.1.02.07,PARTICIPACION Y DERECHOS POR MONOPOLIO,INGRESOS,INGRESOS CORRIENTES,INGRESOS NO TRIBUTARIOS,PARTICIPACION Y DERECHOS POR MONOPOLIO,No Aplica,No Aplica,No Aplica,No Aplica,No Aplica,No Aplica,,,,,,,,2022,Primer Trimestre,240105489.0,240105489.0,,,,,,,,,,,,,,,,,,,,
5346076,20221201,218552585,Pupiales,1.2.05,RENDIMIENTOS FINANCIEROS,INGRESOS,RECURSOS DE CAPITAL,RENDIMIENTOS FINANCIEROS,No Aplica,No Aplica,No Aplica,No Aplica,No Aplica,No Aplica,No Aplica,,,,,,,,2022,Cuarto Trimestre,3587204.0,10000000.0,,,,,,,,,,,,,,,,,,,,
5346936,20210901,218552585,Pupiales,1.2.08.06.002,CONDICIONADAS A LA ADQUISICION DE UN ACTIVO,INGRESOS,RECURSOS DE CAPITAL,TRANSFERENCIAS DE CAPITAL,DE OTRAS ENTIDADES DEL GOBIERNO GENERAL,CONDICIONADAS A LA ADQUISICION DE UN ACTIVO,No Aplica,No Aplica,No Aplica,No Aplica,No Aplica,,,,,,,,2021,Tercer Trimestre,765346212.0,0.0,,,,,,,,,,,,,,,,,,,,
5348176,20210301,218552585,Pupiales,1.1.01.02.300,ESTAMPILLAS,INGRESOS,INGRESOS CORRIENTES,INGRESOS TRIBUTARIOS,IMPUESTOS INDIRECTOS,ESTAMPILLAS,No Aplica,No Aplica,No Aplica,No Aplica,No Aplica,,,,,,,,2021,Primer Trimestre,250000000.0,250000000.0,,,,,,,,,,,,,,,,,,,,
5348772,20220901,218552585,Pupiales,1.1.02,INGRESOS NO TRIBUTARIOS,INGRESOS,INGRESOS CORRIENTES,INGRESOS NO TRIBUTARIOS,No Aplica,No Aplica,No Aplica,No Aplica,No Aplica,No Aplica,No Aplica,,,,,,,,2022,Tercer Trimestre,25792508262.0,21801526484.0,,,,,,,,,,,,,,,,,,,,
5349291,20210901,218552585,Pupiales,1.1.02.01.005.63,PARTICIPACION EN LA PLUSVALIA,INGRESOS,INGRESOS CORRIENTES,INGRESOS NO TRIBUTARIOS,CONTRIBUCIONES,CONTRIBUCIONES DIVERSAS,PARTICIPACION EN LA PLUSVALIA,No Aplica,No Aplica,No Aplica,No Aplica,,,,,,,,2021,Tercer Trimestre,2000000.0,2000000.0,,,,,,,,,,,,,,,,,,,,
5349554,20220601,218552585,Pupiales,1.1.02.06.001.03,PARTICIPACION PARA PROPOSITO GENERAL,INGRESOS,INGRESOS CORRIENTES,INGRESOS NO TRIBUTARIOS,TRANSFERENCIAS CORRIENTES,SISTEMA GENERAL DE PARTICIPACIONES,PARTICIPACION PARA PROPOSITO GENERAL,No Aplica,No Aplica,No Aplica,No Aplica,,,,,,,,2022,Segundo Trimestre,4128591726.0,3603297786.0,,,,,,,,,,,,,,,,,,,,
5351869,20221201,218552585,Pupiales,1.1.02.06.001.02.04,SUBSIDIO A LA OFERTA,INGRESOS,INGRESOS CORRIENTES,INGRESOS NO TRIBUTARIOS,TRANSFERENCIAS CORRIENTES,SISTEMA GENERAL DE PARTICIPACIONES,PARTICIPACION PARA SALUD,SUBSIDIO A LA OFERTA,No Aplica,No Aplica,No Aplica,,,,,,,,2022,Cuarto Trimestre,216860475.0,209504409.0,,,,,,,,,,,,,,,,,,,,
5352662,20230601,218552585,Pupiales,1.1.02.03.001.20,MULTAS CODIGO NACIONAL DE SEGURIDAD Y CONVIVENCIA CIUDADANA,INGRESOS,INGRESOS CORRIENTES,INGRESOS NO TRIBUTARIOS,"MULTAS, SANCIONES E INTERESES DE MORA",MULTAS Y SANCIONES,MULTAS CODIGO NACIONAL DE SEGURIDAD Y CONVIVENCIA CIUDADANA,No Aplica,No Aplica,No Aplica,No Aplica,,,,,,,,2023,Segundo Trimestre,8001000.0,8001000.0,,,,,,,,,,,,,,,,,,,,
5354432,20220901,218552585,Pupiales,1.1.01.01.014.02,SOBRETASA AMBIENTAL -RURAL,INGRESOS,INGRESOS CORRIENTES,INGRESOS TRIBUTARIOS,IMPUESTOS DIRECTOS,SOBRETASA AMBIENTAL,SOBRETASA AMBIENTAL -RURAL,No Aplica,No Aplica,No Aplica,No Aplica,,,,,,,,2022,Tercer Trimestre,30718556.0,20000000.0,,,,,,,,,,,,,,,,,,,,
5355935,20221201,218552585,Pupiales,1.1.01.01.200.01,IMPUESTO PREDIAL UNIFICADO - URBANO,INGRESOS,INGRESOS CORRIENTES,INGRESOS TRIBUTARIOS,IMPUESTOS DIRECTOS,IMPUESTO PREDIAL UNIFICADO,IMPUESTO PREDIAL UNIFICADO - URBANO,No Aplica,No Aplica,No Aplica,No Aplica,,,,,,,,2022,Cuarto Trimestre,159403865.0,153000000.0,,,,,,,,,,,,,,,,,,,,
5358202,20230601,218552585,Pupiales,1.1.01.02.300.55,ESTAMPILLA PRO CULTURA,INGRESOS,INGRESOS CORRIENTES,INGRESOS TRIBUTARIOS,IMPUESTOS INDIRECTOS,ESTAMPILLAS,ESTAMPILLA PRO CULTURA,No Aplica,No Aplica,No Aplica,No Aplica,,,,,,,,2023,Segundo Trimestre,110000000.0,110000000.0,,,,,,,,,,,,,,,,,,,,
5359444,20220301,218552585,Pupiales,1.1.02.03.001.20.02,MULTAS CODIGO NACIONAL DE SEGURIDAD Y CONVIVENCIA CIUDADANA - MULTAS ESPECIALES,INGRESOS,INGRESOS CORRIENTES,INGRESOS NO TRIBUTARIOS,"MULTAS, SANCIONES E INTERESES DE MORA",MULTAS Y SANCIONES,MULTAS CODIGO NACIONAL DE SEGURIDAD Y CONVIVENCIA CIUDADANA,MULTAS CODIGO NACIONAL DE SEGURIDAD Y CONVIVENCIA CIUDADANA - MULTAS ESPECIALES,No Aplica,No Aplica,No Aplica,,,,,,,,2022,Primer Trimestre,1000000.0,1000000.0,,,,,,,,,,,,,,,,,,,,
5359793,20211201,218552585,Pupiales,1.1.02.06.003,PARTICIPACIONES DISTINTAS DEL SGP,INGRESOS,INGRESOS CORRIENTES,INGRESOS NO TRIBUTARIOS,TRANSFERENCIAS CORRIENTES,PARTICIPACIONES DISTINTAS DEL SGP,No Aplica,No Aplica,No Aplica,No Aplica,No Aplica,,,,,,,,2021,Cuarto Trimestre,51737541.0,45000000.0,,,,,,,,,,,,,,,,,,,,
5360422,20230601,218552585,Pupiales,1.1.01.02.202,IMPUESTO A LA PUBLICIDAD EXTERIOR VISUAL,INGRESOS,INGRESOS CORRIENTES,INGRESOS TRIBUTARIOS,IMPUESTOS INDIRECTOS,IMPUESTO A LA PUBLICIDAD EXTERIOR VISUAL,No Aplica,No Aplica,No Aplica,No Aplica,No Aplica,,,,,,,,2023,Segundo Trimestre,1000.0,1000.0,,,,,,,,,,,,,,,,,,,,
5361498,20230301,218552585,Pupiales,1.2.07.01.001,BANCA COMERCIAL,INGRESOS,RECURSOS DE CAPITAL,RECURSOS DE CREDITO INTERNO,RECURSOS DE CONTRATOS DE EMPRESTITOS INTERNOS,BANCA COMERCIAL,No Aplica,No Aplica,No Aplica,No Aplica,No Aplica,,,,,,,,2023,Primer Trimestre,400000000.0,0.0,,,,,,,,,,,,,,,,,,,,
5361765,20230301,218552585,Pupiales,1.1.02.02,TASAS Y DERECHOS ADMINISTRATIVOS,INGRESOS,INGRESOS CORRIENTES,INGRESOS NO TRIBUTARIOS,TASAS Y DERECHOS ADMINISTRATIVOS,No Aplica,No Aplica,No Aplica,No Aplica,No Aplica,No Aplica,,,,,,,,2023,Primer Trimestre,1500000.0,1500000.0,,,,,,,,,,,,,,,,,,,,
5362063,20210901,218552585,Pupiales,1.1.02.06.006.01,APORTES NACION,INGRESOS,INGRESOS CORRIENTES,INGRESOS NO TRIBUTARIOS,TRANSFERENCIAS CORRIENTES,TRANSFERENCIAS DE OTRAS ENTIDADES DEL GOBIERNO GENERAL,APORTES NACION,No Aplica,No Aplica,No Aplica,No Aplica,,,,,,,,2021,Tercer Trimestre,1000.0,1000.0,,,,,,,,,,,,,,,,,,,,
5363233,20221201,218552585,Pupiales,1.1.01.01.014.02,SOBRETASA AMBIENTAL -RURAL,INGRESOS,INGRESOS CORRIENTES,INGRESOS TRIBUTARIOS,IMPUESTOS DIRECTOS,SOBRETASA AMBIENTAL,SOBRETASA AMBIENTAL -RURAL,No Aplica,No Aplica,No Aplica,No Aplica,,,,,,,,2022,Cuarto Trimestre,35628630.0,20000000.0,,,,,,,,,,,,,,,,,,,,
5364813,20220301,218552585,Pupiales,1.1.02.07.001,DERECHOS POR LA EXPLOTACION JUEGOS DE SUERTE Y AZAR,INGRESOS,INGRESOS CORRIENTES,INGRESOS NO TRIBUTARIOS,PARTICIPACION Y DERECHOS POR MONOPOLIO,DERECHOS POR LA EXPLOTACION JUEGOS DE SUERTE Y AZAR,No Aplica,No Aplica,No Aplica,No Aplica,No Aplica,,,,,,,,2022,Primer Trimestre,240105489.0,240105489.0,,,,,,,,,,,,,,,,,,,,
5365121,20210301,218552585,Pupiales,1.1.01.01.200.02,IMPUESTO PREDIAL UNIFICADO - RURAL,INGRESOS,INGRESOS CORRIENTES,INGRESOS TRIBUTARIOS,IMPUESTOS DIRECTOS,IMPUESTO PREDIAL UNIFICADO,IMPUESTO PREDIAL UNIFICADO - RURAL,No Aplica,No Aplica,No Aplica,No Aplica,,,,,,,,2021,Primer Trimestre,130000000.0,130000000.0,,,,,,,,,,,,,,,,,,,,
5365318,20211201,218552585,Pupiales,1.1.01.02.212,SOBRETASA BOMBERIL,INGRESOS,INGRESOS CORRIENTES,INGRESOS TRIBUTARIOS,IMPUESTOS INDIRECTOS,SOBRETASA BOMBERIL,No Aplica,No Aplica,No Aplica,No Aplica,No Aplica,,,,,,,,2021,Cuarto Trimestre,13389129.0,10000000.0,,,,,,,,,,,,,,,,,,,,
5365641,20210601,218552585,Pupiales,1.1.02.06.001.01,PARTICIPACION PARA EDUCACION,INGRESOS,INGRESOS CORRIENTES,INGRESOS NO TRIBUTARIOS,TRANSFERENCIAS CORRIENTES,SISTEMA GENERAL DE PARTICIPACIONES,PARTICIPACION PARA EDUCACION,No Aplica,No Aplica,No Aplica,No Aplica,,,,,,,,2021,Segundo Trimestre,443066304.0,480000000.0,,,,,,,,,,,,,,,,,,,,
5366043,20221201,218552585,Pupiales,1.1.01.02.212,SOBRETASA BOMBERIL,INGRESOS,INGRESOS CORRIENTES,INGRESOS TRIBUTARIOS,IMPUESTOS INDIRECTOS,SOBRETASA BOMBERIL,No Aplica,No Aplica,No Aplica,No Aplica,No Aplica,,,,,,,,2022,Cuarto Trimestre,12050594.0,10000000.0,,,,,,,,,,,,,,,,,,,,
5366361,20220301,218552585,Pupiales,1.1.02,INGRESOS NO TRIBUTARIOS,INGRESOS,INGRESOS CORRIENTES,INGRESOS NO TRIBUTARIOS,No Aplica,No Aplica,No Aplica,No Aplica,No Aplica,No Aplica,No Aplica,,,,,,,,2022,Primer Trimestre,21638847773.0,21801526484.0,,,,,,,,,,,,,,,,,,,,
5366665,20210601,218552585,Pupiales,1.1.02.03.001.20.02,MULTAS CODIGO NACIONAL DE SEGURIDAD Y CONVIVENCIA CIUDADANA - MULTAS ESPECIALES,INGRESOS,INGRESOS CORRIENTES,INGRESOS NO TRIBUTARIOS,"MULTAS, SANCIONES E INTERESES DE MORA",MULTAS Y SANCIONES,MULTAS CODIGO NACIONAL DE SEGURIDAD Y CONVIVENCIA CIUDADANA,MULTAS CODIGO NACIONAL DE SEGURIDAD Y CONVIVENCIA CIUDADANA - MULTAS ESPECIALES,No Aplica,No Aplica,No Aplica,,,,,,,,2021,Segundo Trimestre,2000000.0,2000000.0,,,,,,,,,,,,,,,,,,,,
5366880,20220601,218552585,Pupiales,1.1.02.02.095,PLAZA DE MERCADO,INGRESOS,INGRESOS CORRIENTES,INGRESOS NO TRIBUTARIOS,TASAS Y DERECHOS ADMINISTRATIVOS,PLAZA DE MERCADO,No Aplica,No Aplica,No Aplica,No Aplica,No Aplica,,,,,,,,2022,Segundo Trimestre,1000.0,1000.0,,,,,,,,,,,,,,,,,,,,
5367545,20210901,218552585,Pupiales,1.1.01.01.200.02,IMPUESTO PREDIAL UNIFICADO - RURAL,INGRESOS,INGRESOS CORRIENTES,INGRESOS TRIBUTARIOS,IMPUESTOS DIRECTOS,IMPUESTO PREDIAL UNIFICADO,IMPUESTO PREDIAL UNIFICADO - RURAL,No Aplica,No Aplica,No Aplica,No Aplica,,,,,,,,2021,Tercer Trimestre,169718121.0,130000000.0,,,,,,,,,,,,,,,,,,,,
5367568,20220901,218552585,Pupiales,1.1.02.06.001.01.03,CALIDAD,INGRESOS,INGRESOS CORRIENTES,INGRESOS NO TRIBUTARIOS,TRANSFERENCIAS CORRIENTES,SISTEMA GENERAL DE PARTICIPACIONES,PARTICIPACION PARA EDUCACION,CALIDAD,No Aplica,No Aplica,No Aplica,,,,,,,,2022,Tercer Trimestre,397461745.0,452760446.0,,,,,,,,,,,,,,,,,,,,
5369142,20210601,218552585,Pupiales,1.2.12.10,POR LA DEVOLUCION DE RECURSOS SGP PROPOSITO GENERAL,INGRESOS,RECURSOS DE CAPITAL,RETIROS FONPET,POR LA DEVOLUCION DE RECURSOS SGP PROPOSITO GENERAL,No Aplica,No Aplica,No Aplica,No Aplica,No Aplica,No Aplica,,,,,,,,2021,Segundo Trimestre,93251056.0,115729990.0,,,,,,,,,,,,,,,,,,,,
5371515,20230601,218552585,Pupiales,1.1.02.06.001.02.04,SUBSIDIO A LA OFERTA,INGRESOS,INGRESOS CORRIENTES,INGRESOS NO TRIBUTARIOS,TRANSFERENCIAS CORRIENTES,SISTEMA GENERAL DE PARTICIPACIONES,PARTICIPACION PARA SALUD,SUBSIDIO A LA OFERTA,No Aplica,No Aplica,No Aplica,,,,,,,,2023,Segundo Trimestre,236594319.0,217063359.0,,,,,,,,,,,,,,,,,,,,
5372250,20221201,218552585,Pupiales,1.1.02.05.002.07,SERVICIOS FINANCIEROS Y SERVICIOS CONEXOS; SERVICIOS INMOBILIARIOS; Y SERVICIOS DE ARRENDAMIENTO Y LEASING,INGRESOS,INGRESOS CORRIENTES,INGRESOS NO TRIBUTARIOS,VENTA DE BIENES Y SERVICIOS,VENTAS INCIDENTALES DE ESTABLECIMIENTOS NO DE MERCADO,SERVICIOS FINANCIEROS Y SERVICIOS CONEXOS; SERVICIOS INMOBILIARIOS; Y SERVICIOS DE ARRENDAMIENTO Y LEASING,No Aplica,No Aplica,No Aplica,No Aplica,,,,,,,,2022,Cuarto Trimestre,968120000.0,978000000.0,,,,,,,,,,,,,,,,,,,,
5373195,20230601,218552585,Pupiales,1.1.01.01,IMPUESTOS DIRECTOS,INGRESOS,INGRESOS CORRIENTES,INGRESOS TRIBUTARIOS,IMPUESTOS DIRECTOS,No Aplica,No Aplica,No Aplica,No Aplica,No Aplica,No Aplica,,,,,,,,2023,Segundo Trimestre,385000000.0,385000000.0,,,,,,,,,,,,,,,,,,,,
5375012,20210901,218552585,Pupiales,1.2.08.06,DE OTRAS ENTIDADES DEL GOBIERNO GENERAL,INGRESOS,RECURSOS DE CAPITAL,TRANSFERENCIAS DE CAPITAL,DE OTRAS ENTIDADES DEL GOBIERNO GENERAL,No Aplica,No Aplica,No Aplica,No Aplica,No Aplica,No Aplica,,,,,,,,2021,Tercer Trimestre,765346212.0,0.0,,,,,,,,,,,,,,,,,,,,
5375210,20210601,218552585,Pupiales,1.2.08.06,DE OTRAS ENTIDADES DEL GOBIERNO GENERAL,INGRESOS,RECURSOS DE CAPITAL,TRANSFERENCIAS DE CAPITAL,DE OTRAS ENTIDADES DEL GOBIERNO GENERAL,No Aplica,No Aplica,No Aplica,No Aplica,No Aplica,No Aplica,,,,,,,,2021,Segundo Trimestre,765346212.0,0.0,,,,,,,,,,,,,,,,,,,,
5376187,20220601,218552585,Pupiales,1.1,INGRESOS CORRIENTES,INGRESOS,INGRESOS CORRIENTES,No Aplica,No Aplica,No Aplica,No Aplica,No Aplica,No Aplica,No Aplica,No Aplica,,,,,,,,2022,Segundo Trimestre,23603949480.0,22959530484.0,,,,,,,,,,,,,,,,,,,,
5376447,20220901,218552585,Pupiales,1.1.01.01,IMPUESTOS DIRECTOS,INGRESOS,INGRESOS CORRIENTES,INGRESOS TRIBUTARIOS,IMPUESTOS DIRECTOS,No Aplica,No Aplica,No Aplica,No Aplica,No Aplica,No Aplica,,,,,,,,2022,Tercer Trimestre,380304214.0,367000000.0,,,,,,,,,,,,,,,,,,,,
5377184,20220901,218552585,Pupiales,1.1.02.06.001.03.01,DEPORTE Y RECREACION,INGRESOS,INGRESOS CORRIENTES,INGRESOS NO TRIBUTARIOS,TRANSFERENCIAS CORRIENTES,SISTEMA GENERAL DE PARTICIPACIONES,PARTICIPACION PARA PROPOSITO GENERAL,DEPORTE Y RECREACION,No Aplica,No Aplica,No Aplica,,,,,,,,2022,Tercer Trimestre,95472028.0,74600845.0,,,,,,,,,,,,,,,,,,,,
5378420,20220901,218552585,Pupiales,1.1.02.06,TRANSFERENCIAS CORRIENTES,INGRESOS,INGRESOS CORRIENTES,INGRESOS NO TRIBUTARIOS,TRANSFERENCIAS CORRIENTES,No Aplica,No Aplica,No Aplica,No Aplica,No Aplica,No Aplica,,,,,,,,2022,Tercer Trimestre,24370060110.0,20436416995.0,,,,,,,,,,,,,,,,,,,,
5379062,20220601,218552585,Pupiales,1.1.02.05.002.07,SERVICIOS FINANCIEROS Y SERVICIOS CONEXOS; SERVICIOS INMOBILIARIOS; Y SERVICIOS DE ARRENDAMIENTO Y LEASING,INGRESOS,INGRESOS CORRIENTES,INGRESOS NO TRIBUTARIOS,VENTA DE BIENES Y SERVICIOS,VENTAS INCIDENTALES DE ESTABLECIMIENTOS NO DE MERCADO,SERVICIOS FINANCIEROS Y SERVICIOS CONEXOS; SERVICIOS INMOBILIARIOS; Y SERVICIOS DE ARRENDAMIENTO Y LEASING,No Aplica,No Aplica,No Aplica,No Aplica,,,,,,,,2022,Segundo Trimestre,968000000.0,978000000.0,,,,,,,,,,,,,,,,,,,,
5379082,20220901,218552585,Pupiales,1.2.10,RECURSOS DEL BALANCE,INGRESOS,RECURSOS DE CAPITAL,RECURSOS DEL BALANCE,No Aplica,No Aplica,No Aplica,No Aplica,No Aplica,No Aplica,No Aplica,,,,,,,,2022,Tercer Trimestre,1181965645.0,0.0,,,,,,,,,,,,,,,,,,,,
5379369,20211201,218552585,Pupiales,1.1.02.06.001.04,ASIGNACIONES ESPECIALES,INGRESOS,INGRESOS CORRIENTES,INGRESOS NO TRIBUTARIOS,TRANSFERENCIAS CORRIENTES,SISTEMA GENERAL DE PARTICIPACIONES,ASIGNACIONES ESPECIALES,No Aplica,No Aplica,No Aplica,No Aplica,,,,,,,,2021,Cuarto Trimestre,97406326.0,95795638.0,,,,,,,,,,,,,,,,,,,,
5379911,20210901,218552585,Pupiales,1.1.01.02.300,ESTAMPILLAS,INGRESOS,INGRESOS CORRIENTES,INGRESOS TRIBUTARIOS,IMPUESTOS INDIRECTOS,ESTAMPILLAS,No Aplica,No Aplica,No Aplica,No Aplica,No Aplica,,,,,,,,2021,Tercer Trimestre,250000000.0,250000000.0,,,,,,,,,,,,,,,,,,,,
5381841,20220601,218552585,Pupiales,1.1.01.02.206,IMPUESTO A LAS VENTAS POR EL SISTEMA DE CLUBES,INGRESOS,INGRESOS CORRIENTES,INGRESOS TRIBUTARIOS,IMPUESTOS INDIRECTOS,IMPUESTO A LAS VENTAS POR EL SISTEMA DE CLUBES,No Aplica,No Aplica,No Aplica,No Aplica,No Aplica,,,,,,,,2022,Segundo Trimestre,1000.0,1000.0,,,,,,,,,,,,,,,,,,,,
5382708,20210601,218552585,Pupiales,1.1.02.03.001,MULTAS Y SANCIONES,INGRESOS,INGRESOS CORRIENTES,INGRESOS NO TRIBUTARIOS,"MULTAS, SANCIONES E INTERESES DE MORA",MULTAS Y SANCIONES,No Aplica,No Aplica,No Aplica,No Aplica,No Aplica,,,,,,,,2021,Segundo Trimestre,22501000.0,22501000.0,,,,,,,,,,,,,,,,,,,,
5383576,20211201,218552585,Pupiales,1.1.01.01.014.01,SOBRETASA AMBIENTAL - URBANO,INGRESOS,INGRESOS CORRIENTES,INGRESOS TRIBUTARIOS,IMPUESTOS DIRECTOS,SOBRETASA AMBIENTAL,SOBRETASA AMBIENTAL - URBANO,No Aplica,No Aplica,No Aplica,No Aplica,,,,,,,,2021,Cuarto Trimestre,63359194.0,25000000.0,,,,,,,,,,,,,,,,,,,,
5384383,20210901,218552585,Pupiales,1.1.02.06,TRANSFERENCIAS CORRIENTES,INGRESOS,INGRESOS CORRIENTES,INGRESOS NO TRIBUTARIOS,TRANSFERENCIAS CORRIENTES,No Aplica,No Aplica,No Aplica,No Aplica,No Aplica,No Aplica,,,,,,,,2021,Tercer Trimestre,20506809321.0,19814143688.0,,,,,,,,,,,,,,,,,,,,
5385410,20221201,218552585,Pupiales,1.1.01.02.202,IMPUESTO A LA PUBLICIDAD EXTERIOR VISUAL,INGRESOS,INGRESOS CORRIENTES,INGRESOS TRIBUTARIOS,IMPUESTOS INDIRECTOS,IMPUESTO A LA PUBLICIDAD EXTERIOR VISUAL,No Aplica,No Aplica,No Aplica,No Aplica,No Aplica,,,,,,,,2022,Cuarto Trimestre,0.0,1000.0,,,,,,,,,,,,,,,,,,,,
5386217,20220301,218552585,Pupiales,1.1.02.02.095,PLAZA DE MERCADO,INGRESOS,INGRESOS CORRIENTES,INGRESOS NO TRIBUTARIOS,TASAS Y DERECHOS ADMINISTRATIVOS,PLAZA DE MERCADO,No Aplica,No Aplica,No Aplica,No Aplica,No Aplica,,,,,,,,2022,Primer Trimestre,1000.0,1000.0,,,,,,,,,,,,,,,,,,,,
5386258,20210301,218552585,Pupiales,1.1.01.02.211,IMPUESTO DE ALUMBRADO PUBLICO,INGRESOS,INGRESOS CORRIENTES,INGRESOS TRIBUTARIOS,IMPUESTOS INDIRECTOS,IMPUESTO DE ALUMBRADO PUBLICO,No Aplica,No Aplica,No Aplica,No Aplica,No Aplica,,,,,,,,2021,Primer Trimestre,1000.0,1000.0,,,,,,,,,,,,,,,,,,,,
5386403,20210901,218552585,Pupiales,1.1.02.06.003.01.02,PARTICIPACION DEL IMPUESTO SOBRE VEHICULOS AUTOMOTORES,INGRESOS,INGRESOS CORRIENTES,INGRESOS NO TRIBUTARIOS,TRANSFERENCIAS CORRIENTES,PARTICIPACIONES DISTINTAS DEL SGP,PARTICIPACION EN IMPUESTOS,PARTICIPACION DEL IMPUESTO SOBRE VEHICULOS AUTOMOTORES,No Aplica,No Aplica,No Aplica,,,,,,,,2021,Tercer Trimestre,45000000.0,45000000.0,,,,,,,,,,,,,,,,,,,,
5386696,20210601,218552585,Pupiales,1.1.02.06.001.03.03,PROPOSITO GENERAL LIBRE INVERSION,INGRESOS,INGRESOS CORRIENTES,INGRESOS NO TRIBUTARIOS,TRANSFERENCIAS CORRIENTES,SISTEMA GENERAL DE PARTICIPACIONES,PARTICIPACION PARA PROPOSITO GENERAL,PROPOSITO GENERAL LIBRE INVERSION,No Aplica,No Aplica,No Aplica,,,,,,,,2021,Segundo Trimestre,1920195795.0,2040629714.0,,,,,,,,,,,,,,,,,,,,
5386872,20210901,218552585,Pupiales,1.1.02.03.002,INTERESES DE MORA,INGRESOS,INGRESOS CORRIENTES,INGRESOS NO TRIBUTARIOS,"MULTAS, SANCIONES E INTERESES DE MORA",INTERESES DE MORA,No Aplica,No Aplica,No Aplica,No Aplica,No Aplica,,,,,,,,2021,Tercer Trimestre,3000000.0,3000000.0,,,,,,,,,,,,,,,,,,,,
5387396,20210901,218552585,Pupiales,1.1.02.06.001.02.01,REGIMEN SUBSIDIADO,INGRESOS,INGRESOS CORRIENTES,INGRESOS NO TRIBUTARIOS,TRANSFERENCIAS CORRIENTES,SISTEMA GENERAL DE PARTICIPACIONES,PARTICIPACION PARA SALUD,REGIMEN SUBSIDIADO,No Aplica,No Aplica,No Aplica,,,,,,,,2021,Tercer Trimestre,6468544850.0,5831571134.0,,,,,,,,,,,,,,,,,,,,
5387554,20230601,218552585,Pupiales,1.2,RECURSOS DE CAPITAL,INGRESOS,RECURSOS DE CAPITAL,No Aplica,No Aplica,No Aplica,No Aplica,No Aplica,No Aplica,No Aplica,No Aplica,,,,,,,,2023,Segundo Trimestre,1667647017.0,324403147.0,,,,,,,,,,,,,,,,,,,,
5387714,20210601,218552585,Pupiales,1.1.01.02.300,ESTAMPILLAS,INGRESOS,INGRESOS CORRIENTES,INGRESOS TRIBUTARIOS,IMPUESTOS INDIRECTOS,ESTAMPILLAS,No Aplica,No Aplica,No Aplica,No Aplica,No Aplica,,,,,,,,2021,Segundo Trimestre,250000000.0,250000000.0,,,,,,,,,,,,,,,,,,,,
5387913,20210901,218552585,Pupiales,1.2.10,RECURSOS DEL BALANCE,INGRESOS,RECURSOS DE CAPITAL,RECURSOS DEL BALANCE,No Aplica,No Aplica,No Aplica,No Aplica,No Aplica,No Aplica,No Aplica,,,,,,,,2021,Tercer Trimestre,901621098.0,0.0,,,,,,,,,,,,,,,,,,,,
5390576,20210601,218552585,Pupiales,1.2.01.02.003.01,DISPOSICION DETIERRAS Y TERRENOS,INGRESOS,RECURSOS DE CAPITAL,DISPOSICION DE ACTIVOS,DISPOSICION DE ACTIVOS NO FINANCIEROS,DISPOSICION DE ACTIVOS NO PRODUCIDOS,DISPOSICION DETIERRAS Y TERRENOS,No Aplica,No Aplica,No Aplica,No Aplica,,,,,,,,2021,Segundo Trimestre,242000000.0,0.0,,,,,,,,,,,,,,,,,,,,
5391066,20230301,218552585,Pupiales,1.1.02.06.001.01,PARTICIPACION PARA EDUCACION,INGRESOS,INGRESOS CORRIENTES,INGRESOS NO TRIBUTARIOS,TRANSFERENCIAS CORRIENTES,SISTEMA GENERAL DE PARTICIPACIONES,PARTICIPACION PARA EDUCACION,No Aplica,No Aplica,No Aplica,No Aplica,,,,,,,,2023,Primer Trimestre,103615279.0,122754792.0,,,,,,,,,,,,,,,,,,,,
5391684,20210601,218552585,Pupiales,1.1.01.01.014.02,SOBRETASA AMBIENTAL -RURAL,INGRESOS,INGRESOS CORRIENTES,INGRESOS TRIBUTARIOS,IMPUESTOS DIRECTOS,SOBRETASA AMBIENTAL,SOBRETASA AMBIENTAL -RURAL,No Aplica,No Aplica,No Aplica,No Aplica,,,,,,,,2021,Segundo Trimestre,20000000.0,20000000.0,,,,,,,,,,,,,,,,,,,,
5391867,20220601,218552585,Pupiales,1.1.01.02.200,IMPUESTO DE INDUSTRIA Y COMERCIO,INGRESOS,INGRESOS CORRIENTES,INGRESOS TRIBUTARIOS,IMPUESTOS INDIRECTOS,IMPUESTO DE INDUSTRIA Y COMERCIO,No Aplica,No Aplica,No Aplica,No Aplica,No Aplica,,,,,,,,2022,Segundo Trimestre,250000000.0,250000000.0,,,,,,,,,,,,,,,,,,,,
5392893,20220901,218552585,Pupiales,1.1.01.02.200.02,IMPUESTO DE INDUSTRIA Y COMERCIO - SOBRE ACTIVIDADES INDUSTRIALES,INGRESOS,INGRESOS CORRIENTES,INGRESOS TRIBUTARIOS,IMPUESTOS INDIRECTOS,IMPUESTO DE INDUSTRIA Y COMERCIO,IMPUESTO DE INDUSTRIA Y COMERCIO - SOBRE ACTIVIDADES INDUSTRIALES,No Aplica,No Aplica,No Aplica,No Aplica,,,,,,,,2022,Tercer Trimestre,10000000.0,10000000.0,,,,,,,,,,,,,,,,,,,,
5394109,20210301,218552585,Pupiales,1.1.02.03.001.20.02,MULTAS CODIGO NACIONAL DE SEGURIDAD Y CONVIVENCIA CIUDADANA - MULTAS ESPECIALES,INGRESOS,INGRESOS CORRIENTES,INGRESOS NO TRIBUTARIOS,"MULTAS, SANCIONES E INTERESES DE MORA",MULTAS Y SANCIONES,MULTAS CODIGO NACIONAL DE SEGURIDAD Y CONVIVENCIA CIUDADANA,MULTAS CODIGO NACIONAL DE SEGURIDAD Y CONVIVENCIA CIUDADANA - MULTAS ESPECIALES,No Aplica,No Aplica,No Aplica,,,,,,,,2021,Primer Trimestre,2000000.0,2000000.0,,,,,,,,,,,,,,,,,,,,
5394772,20211201,218552585,Pupiales,1.1.02.06.009,RECURSOS DEL SISTEMA DE SEGURIDAD SOCIAL INTEGRAL,INGRESOS,INGRESOS CORRIENTES,INGRESOS NO TRIBUTARIOS,TRANSFERENCIAS CORRIENTES,RECURSOS DEL SISTEMA DE SEGURIDAD SOCIAL INTEGRAL,No Aplica,No Aplica,No Aplica,No Aplica,No Aplica,,,,,,,,2021,Cuarto Trimestre,9167371773.0,7777949925.0,,,,,,,,,,,,,,,,,,,,
5395406,20230601,218552585,Pupiales,1.1.02.03,"MULTAS, SANCIONES E INTERESES DE MORA",INGRESOS,INGRESOS CORRIENTES,INGRESOS NO TRIBUTARIOS,"MULTAS, SANCIONES E INTERESES DE MORA",No Aplica,No Aplica,No Aplica,No Aplica,No Aplica,No Aplica,,,,,,,,2023,Segundo Trimestre,10102000.0,10102000.0,,,,,,,,,,,,,,,,,,,,
5395773,20210601,218552585,Pupiales,1.1.02.05,VENTA DE BIENES Y SERVICIOS,INGRESOS,INGRESOS CORRIENTES,INGRESOS NO TRIBUTARIOS,VENTA DE BIENES Y SERVICIOS,No Aplica,No Aplica,No Aplica,No Aplica,No Aplica,No Aplica,,,,,,,,2021,Segundo Trimestre,25001000.0,25001000.0,,,,,,,,,,,,,,,,,,,,
5395974,20210601,218552585,Pupiales,1.1.01.02.214,IMPUESTO DE TRANSPORTE POR OLEODUCTOS Y GASODUCTOS,INGRESOS,INGRESOS CORRIENTES,INGRESOS TRIBUTARIOS,IMPUESTOS INDIRECTOS,IMPUESTO DE TRANSPORTE POR OLEODUCTOS Y GASODUCTOS,No Aplica,No Aplica,No Aplica,No Aplica,No Aplica,,,,,,,,2021,Segundo Trimestre,30000000.0,30000000.0,,,,,,,,,,,,,,,,,,,,
5396376,20220901,218552585,Pupiales,1.1.02.06.009.01.07,TRANSFERENCIA NACIONAL - FINANCIACION DEL REGIMEN SUBSIDIADO EN SALUD - LEY 1530 DE 2012,INGRESOS,INGRESOS CORRIENTES,INGRESOS NO TRIBUTARIOS,TRANSFERENCIAS CORRIENTES,RECURSOS DEL SISTEMA DE SEGURIDAD SOCIAL INTEGRAL,SISTEMA GENERAL DE SEGURIDAD SOCIAL EN SALUD,TRANSFERENCIA NACIONAL - FINANCIACION DEL REGIMEN SUBSIDIADO EN SALUD - LEY 1530 DE 2012,No Aplica,No Aplica,No Aplica,,,,,,,,2022,Tercer Trimestre,66680628.0,66680628.0,,,,,,,,,,,,,,,,,,,,
5396942,20230601,218552585,Pupiales,1.1.02.01.005.63,PARTICIPACION EN LA PLUSVALIA,INGRESOS,INGRESOS CORRIENTES,INGRESOS NO TRIBUTARIOS,CONTRIBUCIONES,CONTRIBUCIONES DIVERSAS,PARTICIPACION EN LA PLUSVALIA,No Aplica,No Aplica,No Aplica,No Aplica,,,,,,,,2023,Segundo Trimestre,1000.0,1000.0,,,,,,,,,,,,,,,,,,,,
5397289,20210601,218552585,Pupiales,1.1.01.02.300.55,ESTAMPILLA PRO CULTURA,INGRESOS,INGRESOS CORRIENTES,INGRESOS TRIBUTARIOS,IMPUESTOS INDIRECTOS,ESTAMPILLAS,ESTAMPILLA PRO CULTURA,No Aplica,No Aplica,No Aplica,No Aplica,,,,,,,,2021,Segundo Trimestre,100000000.0,100000000.0,,,,,,,,,,,,,,,,,,,,
5398009,20220901,218552585,Pupiales,1.1.02.06.006.06,OTRAS UNIDADES DE GOBIERNO,INGRESOS,INGRESOS CORRIENTES,INGRESOS NO TRIBUTARIOS,TRANSFERENCIAS CORRIENTES,TRANSFERENCIAS DE OTRAS ENTIDADES DEL GOBIERNO GENERAL,OTRAS UNIDADES DE GOBIERNO,No Aplica,No Aplica,No Aplica,No Aplica,,,,,,,,2022,Tercer Trimestre,660161867.0,348438267.0,,,,,,,,,,,,,,,,,,,,
5398735,20210301,218552585,Pupiales,1.1,INGRESOS CORRIENTES,INGRESOS,INGRESOS CORRIENTES,No Aplica,No Aplica,No Aplica,No Aplica,No Aplica,No Aplica,No Aplica,No Aplica,,,,,,,,2021,Primer Trimestre,21303243980.0,21303243980.0,,,,,,,,,,,,,,,,,,,,
5401077,20211201,218552585,Pupiales,1.1.01.02.204,IMPUESTO DE DELINEACION,INGRESOS,INGRESOS CORRIENTES,INGRESOS TRIBUTARIOS,IMPUESTOS INDIRECTOS,IMPUESTO DE DELINEACION,No Aplica,No Aplica,No Aplica,No Aplica,No Aplica,,,,,,,,2021,Cuarto Trimestre,14211217.0,2000000.0,,,,,,,,,,,,,,,,,,,,
5402553,20221201,218552585,Pupiales,1.1.01.02.300.01,ESTAMPILLA PARA EL BIENESTAR DEL ADULTO MAYOR,INGRESOS,INGRESOS CORRIENTES,INGRESOS TRIBUTARIOS,IMPUESTOS INDIRECTOS,ESTAMPILLAS,ESTAMPILLA PARA EL BIENESTAR DEL ADULTO MAYOR,No Aplica,No Aplica,No Aplica,No Aplica,,,,,,,,2022,Cuarto Trimestre,278027573.0,150000000.0,,,,,,,,,,,,,,,,,,,,
5403551,20220901,218552585,Pupiales,1.1.02.07.001.05,DERECHOS POR LA EXPLOTACION JUEGOS DE SUERTE Y AZAR DE RIFAS,INGRESOS,INGRESOS CORRIENTES,INGRESOS NO TRIBUTARIOS,PARTICIPACION Y DERECHOS POR MONOPOLIO,DERECHOS POR LA EXPLOTACION JUEGOS DE SUERTE Y AZAR,DERECHOS POR LA EXPLOTACION JUEGOS DE SUERTE Y AZAR DE RIFAS,No Aplica,No Aplica,No Aplica,No Aplica,,,,,,,,2022,Tercer Trimestre,240105489.0,240105489.0,,,,,,,,,,,,,,,,,,,,
5403678,20211201,218552585,Pupiales,1.1.02.06.001.01.03.02,CALIDADPOR GRATUIDAD,INGRESOS,INGRESOS CORRIENTES,INGRESOS NO TRIBUTARIOS,TRANSFERENCIAS CORRIENTES,SISTEMA GENERAL DE PARTICIPACIONES,PARTICIPACION PARA EDUCACION,CALIDAD,CALIDADPOR GRATUIDAD,No Aplica,No Aplica,,,,,,,,2021,Cuarto Trimestre,239694142.0,230000000.0,,,,,,,,,,,,,,,,,,,,
5405563,20220901,218552585,Pupiales,1.1.02.06.003,PARTICIPACIONES DISTINTAS DEL SGP,INGRESOS,INGRESOS CORRIENTES,INGRESOS NO TRIBUTARIOS,TRANSFERENCIAS CORRIENTES,PARTICIPACIONES DISTINTAS DEL SGP,No Aplica,No Aplica,No Aplica,No Aplica,No Aplica,,,,,,,,2022,Tercer Trimestre,51598924.0,50000000.0,,,,,,,,,,,,,,,,,,,,
5406214,20230601,218552585,Pupiales,1.1.02.01.005,CONTRIBUCIONES DIVERSAS,INGRESOS,INGRESOS CORRIENTES,INGRESOS NO TRIBUTARIOS,CONTRIBUCIONES,CONTRIBUCIONES DIVERSAS,No Aplica,No Aplica,No Aplica,No Aplica,No Aplica,,,,,,,,2023,Segundo Trimestre,110001000.0,110001000.0,,,,,,,,,,,,,,,,,,,,
5407858,20230301,218552585,Pupiales,1.1.02.03.001.20.01,MULTAS CODIGO NACIONAL DE SEGURIDAD Y CONVIVENCIA CIUDADANA - MULTAS GENERALES,INGRESOS,INGRESOS CORRIENTES,INGRESOS NO TRIBUTARIOS,"MULTAS, SANCIONES E INTERESES DE MORA",MULTAS Y SANCIONES,MULTAS CODIGO NACIONAL DE SEGURIDAD Y CONVIVENCIA CIUDADANA,MULTAS CODIGO NACIONAL DE SEGURIDAD Y CONVIVENCIA CIUDADANA - MULTAS GENERALES,No Aplica,No Aplica,No Aplica,,,,,,,,2023,Primer Trimestre,3000000.0,3000000.0,,,,,,,,,,,,,,,,,,,,
5407940,20210301,218552585,Pupiales,1.2.08,TRANSFERENCIAS DE CAPITAL,INGRESOS,RECURSOS DE CAPITAL,TRANSFERENCIAS DE CAPITAL,No Aplica,No Aplica,No Aplica,No Aplica,No Aplica,No Aplica,No Aplica,,,,,,,,2021,Primer Trimestre,756346212.0,0.0,,,,,,,,,,,,,,,,,,,,
5408175,20210301,218552585,Pupiales,1.1.01.02.300.01,ESTAMPILLA PARA EL BIENESTAR DEL ADULTO MAYOR,INGRESOS,INGRESOS CORRIENTES,INGRESOS TRIBUTARIOS,IMPUESTOS INDIRECTOS,ESTAMPILLAS,ESTAMPILLA PARA EL BIENESTAR DEL ADULTO MAYOR,No Aplica,No Aplica,No Aplica,No Aplica,,,,,,,,2021,Primer Trimestre,150000000.0,150000000.0,,,,,,,,,,,,,,,,,,,,
5409513,20210901,218552585,Pupiales,1.1.02.02.087,TASAS POR EL DERECHO DE PARQUEO SOBRE LAS VIAS PUBLICAS,INGRESOS,INGRESOS CORRIENTES,INGRESOS NO TRIBUTARIOS,TASAS Y DERECHOS ADMINISTRATIVOS,TASAS POR EL DERECHO DE PARQUEO SOBRE LAS VIAS PUBLICAS,No Aplica,No Aplica,No Aplica,No Aplica,No Aplica,,,,,,,,2021,Tercer Trimestre,1000000.0,1000000.0,,,,,,,,,,,,,,,,,,,,
5409515,20230301,218552585,Pupiales,1.1.01.01.014.01,SOBRETASA AMBIENTAL - URBANO,INGRESOS,INGRESOS CORRIENTES,INGRESOS TRIBUTARIOS,IMPUESTOS DIRECTOS,SOBRETASA AMBIENTAL,SOBRETASA AMBIENTAL - URBANO,No Aplica,No Aplica,No Aplica,No Aplica,,,,,,,,2023,Primer Trimestre,6000000.0,6000000.0,,,,,,,,,,,,,,,,,,,,
5410046,20210601,218552585,Pupiales,1.2.01.02.003,DISPOSICION DE ACTIVOS NO PRODUCIDOS,INGRESOS,RECURSOS DE CAPITAL,DISPOSICION DE ACTIVOS,DISPOSICION DE ACTIVOS NO FINANCIEROS,DISPOSICION DE ACTIVOS NO PRODUCIDOS,No Aplica,No Aplica,No Aplica,No Aplica,No Aplica,,,,,,,,2021,Segundo Trimestre,242000000.0,0.0,,,,,,,,,,,,,,,,,,,,
5410344,20220601,218552585,Pupiales,1.2.10.02,SUPERAVIT FISCAL,INGRESOS,RECURSOS DE CAPITAL,RECURSOS DEL BALANCE,SUPERAVIT FISCAL,No Aplica,No Aplica,No Aplica,No Aplica,No Aplica,No Aplica,,,,,,,,2022,Segundo Trimestre,1237944785.0,109245366.0,,,,,,,,,,,,,,,,,,,,
5410901,20220901,218552585,Pupiales,1.1.01.02.211,IMPUESTO DE ALUMBRADO PUBLICO,INGRESOS,INGRESOS CORRIENTES,INGRESOS TRIBUTARIOS,IMPUESTOS INDIRECTOS,IMPUESTO DE ALUMBRADO PUBLICO,No Aplica,No Aplica,No Aplica,No Aplica,No Aplica,,,,,,,,2022,Tercer Trimestre,1000000.0,1000000.0,,,,,,,,,,,,,,,,,,,,
5411892,20220301,218552585,Pupiales,1.1.02.06.001.02.02,SALUD PUBLICA,INGRESOS,INGRESOS CORRIENTES,INGRESOS NO TRIBUTARIOS,TRANSFERENCIAS CORRIENTES,SISTEMA GENERAL DE PARTICIPACIONES,PARTICIPACION PARA SALUD,SALUD PUBLICA,No Aplica,No Aplica,No Aplica,,,,,,,,2022,Primer Trimestre,211155678.0,211155678.0,,,,,,,,,,,,,,,,,,,,
5415673,20211201,218552585,Pupiales,1.1.01.02.202,IMPUESTO A LA PUBLICIDAD EXTERIOR VISUAL,INGRESOS,INGRESOS CORRIENTES,INGRESOS TRIBUTARIOS,IMPUESTOS INDIRECTOS,IMPUESTO A LA PUBLICIDAD EXTERIOR VISUAL,No Aplica,No Aplica,No Aplica,No Aplica,No Aplica,,,,,,,,2021,Cuarto Trimestre,0.0,1000.0,,,,,,,,,,,,,,,,,,,,
5417502,20211201,218552585,Pupiales,1.1.01.01.014.02,SOBRETASA AMBIENTAL -RURAL,INGRESOS,INGRESOS CORRIENTES,INGRESOS TRIBUTARIOS,IMPUESTOS DIRECTOS,SOBRETASA AMBIENTAL,SOBRETASA AMBIENTAL -RURAL,No Aplica,No Aplica,No Aplica,No Aplica,,,,,,,,2021,Cuarto Trimestre,16653782.0,20000000.0,,,,,,,,,,,,,,,,,,,,
5418938,20211201,218552585,Pupiales,1.1.02.06.009.01.07,TRANSFERENCIA NACIONAL - FINANCIACION DEL REGIMEN SUBSIDIADO EN SALUD - LEY 1530 DE 2012,INGRESOS,INGRESOS CORRIENTES,INGRESOS NO TRIBUTARIOS,TRANSFERENCIAS CORRIENTES,RECURSOS DEL SISTEMA DE SEGURIDAD SOCIAL INTEGRAL,SISTEMA GENERAL DE SEGURIDAD SOCIAL EN SALUD,TRANSFERENCIA NACIONAL - FINANCIACION DEL REGIMEN SUBSIDIADO EN SALUD - LEY 1530 DE 2012,No Aplica,No Aplica,No Aplica,,,,,,,,2021,Cuarto Trimestre,33340314.0,0.0,,,,,,,,,,,,,,,,,,,,
5419178,20211201,218552585,Pupiales,1.1.02.06,TRANSFERENCIAS CORRIENTES,INGRESOS,INGRESOS CORRIENTES,INGRESOS NO TRIBUTARIOS,TRANSFERENCIAS CORRIENTES,No Aplica,No Aplica,No Aplica,No Aplica,No Aplica,No Aplica,,,,,,,,2021,Cuarto Trimestre,22010886234.0,19814143688.0,,,,,,,,,,,,,,,,,,,,
5419699,20221201,218552585,Pupiales,1.2.13.02,RECURSOS NO APROPIADOS,INGRESOS,RECURSOS DE CAPITAL,REINTEGROS Y OTROS RECURSOS NO APROPIADOS,RECURSOS NO APROPIADOS,No Aplica,No Aplica,No Aplica,No Aplica,No Aplica,No Aplica,,,,,,,,2022,Cuarto Trimestre,439950149.0,0.0,,,,,,,,,,,,,,,,,,,,
5420193,20230301,218552585,Pupiales,1.1.01.02.300,ESTAMPILLAS,INGRESOS,INGRESOS CORRIENTES,INGRESOS TRIBUTARIOS,IMPUESTOS INDIRECTOS,ESTAMPILLAS,No Aplica,No Aplica,No Aplica,No Aplica,No Aplica,,,,,,,,2023,Primer Trimestre,320000000.0,320000000.0,,,,,,,,,,,,,,,,,,,,
5423019,20211201,218552585,Pupiales,1.1.02.01.005.63,PARTICIPACION EN LA PLUSVALIA,INGRESOS,INGRESOS CORRIENTES,INGRESOS NO TRIBUTARIOS,CONTRIBUCIONES,CONTRIBUCIONES DIVERSAS,PARTICIPACION EN LA PLUSVALIA,No Aplica,No Aplica,No Aplica,No Aplica,,,,,,,,2021,Cuarto Trimestre,1606418.0,2000000.0,,,,,,,,,,,,,,,,,,,,
5424131,20210601,218552585,Pupiales,1.2.12,RETIROS FONPET,INGRESOS,RECURSOS DE CAPITAL,RETIROS FONPET,No Aplica,No Aplica,No Aplica,No Aplica,No Aplica,No Aplica,No Aplica,,,,,,,,2021,Segundo Trimestre,93251056.0,115729990.0,,,,,,,,,,,,,,,,,,,,
5426488,20220301,218552585,Pupiales,1,INGRESOS,INGRESOS,No Aplica,No Aplica,No Aplica,No Aplica,No Aplica,No Aplica,No Aplica,No Aplica,No Aplica,,,,,,,,2022,Primer Trimestre,22916097139.0,23078775850.0,,,,,,,,,,,,,,,,,,,,
5427024,20211201,218552585,Pupiales,1.1,INGRESOS CORRIENTES,INGRESOS,INGRESOS CORRIENTES,No Aplica,No Aplica,No Aplica,No Aplica,No Aplica,No Aplica,No Aplica,No Aplica,,,,,,,,2021,Cuarto Trimestre,23944496458.0,21303243980.0,,,,,,,,,,,,,,,,,,,,
5427745,20210601,218552585,Pupiales,1.1.02.06.001.02.04,SUBSIDIO A LA OFERTA,INGRESOS,INGRESOS CORRIENTES,INGRESOS NO TRIBUTARIOS,TRANSFERENCIAS CORRIENTES,SISTEMA GENERAL DE PARTICIPACIONES,PARTICIPACION PARA SALUD,SUBSIDIO A LA OFERTA,No Aplica,No Aplica,No Aplica,,,,,,,,2021,Segundo Trimestre,209504409.0,182301825.0,,,,,,,,,,,,,,,,,,,,
5431280,20220601,218552585,Pupiales,1.1.01.02.200.01,IMPUESTO DE INDUSTRIA Y COMERCIO - SOBRE ACTIVIDADES COMERCIALES,INGRESOS,INGRESOS CORRIENTES,INGRESOS TRIBUTARIOS,IMPUESTOS INDIRECTOS,IMPUESTO DE INDUSTRIA Y COMERCIO,IMPUESTO DE INDUSTRIA Y COMERCIO - SOBRE ACTIVIDADES COMERCIALES,No Aplica,No Aplica,No Aplica,No Aplica,,,,,,,,2022,Segundo Trimestre,235000000.0,235000000.0,,,,,,,,,,,,,,,,,,,,
5431488,20220601,218552585,Pupiales,1.1.01.01.200.01,IMPUESTO PREDIAL UNIFICADO - URBANO,INGRESOS,INGRESOS CORRIENTES,INGRESOS TRIBUTARIOS,IMPUESTOS DIRECTOS,IMPUESTO PREDIAL UNIFICADO,IMPUESTO PREDIAL UNIFICADO - URBANO,No Aplica,No Aplica,No Aplica,No Aplica,,,,,,,,2022,Segundo Trimestre,153000000.0,153000000.0,,,,,,,,,,,,,,,,,,,,
5431965,20220901,218552585,Pupiales,1.1.02.01.005.63,PARTICIPACION EN LA PLUSVALIA,INGRESOS,INGRESOS CORRIENTES,INGRESOS NO TRIBUTARIOS,CONTRIBUCIONES,CONTRIBUCIONES DIVERSAS,PARTICIPACION EN LA PLUSVALIA,No Aplica,No Aplica,No Aplica,No Aplica,,,,,,,,2022,Tercer Trimestre,2000000.0,2000000.0,,,,,,,,,,,,,,,,,,,,
5432253,20221201,218552585,Pupiales,1.1.02.06.009.01,SISTEMA GENERAL DE SEGURIDAD SOCIAL EN SALUD,INGRESOS,INGRESOS CORRIENTES,INGRESOS NO TRIBUTARIOS,TRANSFERENCIAS CORRIENTES,RECURSOS DEL SISTEMA DE SEGURIDAD SOCIAL INTEGRAL,SISTEMA GENERAL DE SEGURIDAD SOCIAL EN SALUD,No Aplica,No Aplica,No Aplica,No Aplica,,,,,,,,2022,Cuarto Trimestre,10717123033.0,7844630553.0,,,,,,,,,,,,,,,,,,,,
5432751,20221201,218552585,Pupiales,1.1.01.02.207,IMPUESTO DE CASINOS,INGRESOS,INGRESOS CORRIENTES,INGRESOS TRIBUTARIOS,IMPUESTOS INDIRECTOS,IMPUESTO DE CASINOS,No Aplica,No Aplica,No Aplica,No Aplica,No Aplica,,,,,,,,2022,Cuarto Trimestre,0.0,1000.0,,,,,,,,,,,,,,,,,,,,
5432858,20220601,218552585,Pupiales,1.1.02.03.001.04,SANCIONES CONTRACTUALES,INGRESOS,INGRESOS CORRIENTES,INGRESOS NO TRIBUTARIOS,"MULTAS, SANCIONES E INTERESES DE MORA",MULTAS Y SANCIONES,SANCIONES CONTRACTUALES,No Aplica,No Aplica,No Aplica,No Aplica,,,,,,,,2022,Segundo Trimestre,49628962.0,0.0,,,,,,,,,,,,,,,,,,,,
5433137,20221201,218552585,Pupiales,1.1.02.06.001.03.02,CULTURA,INGRESOS,INGRESOS CORRIENTES,INGRESOS NO TRIBUTARIOS,TRANSFERENCIAS CORRIENTES,SISTEMA GENERAL DE PARTICIPACIONES,PARTICIPACION PARA PROPOSITO GENERAL,CULTURA,No Aplica,No Aplica,No Aplica,,,,,,,,2022,Cuarto Trimestre,71604021.0,55950633.0,,,,,,,,,,,,,,,,,,,,
5433766,20230301,218552585,Pupiales,1.2.07.01,RECURSOS DE CONTRATOS DE EMPRESTITOS INTERNOS,INGRESOS,RECURSOS DE CAPITAL,RECURSOS DE CREDITO INTERNO,RECURSOS DE CONTRATOS DE EMPRESTITOS INTERNOS,No Aplica,No Aplica,No Aplica,No Aplica,No Aplica,No Aplica,,,,,,,,2023,Primer Trimestre,400000000.0,0.0,,,,,,,,,,,,,,,,,,,,
5434221,20220901,218552585,Pupiales,1.1.01.02.216,IMPUESTO DE ESPECTACULOS PUBLICOS MUNICIPAL,INGRESOS,INGRESOS CORRIENTES,INGRESOS TRIBUTARIOS,IMPUESTOS INDIRECTOS,IMPUESTO DE ESPECTACULOS PUBLICOS MUNICIPAL,No Aplica,No Aplica,No Aplica,No Aplica,No Aplica,,,,,,,,2022,Tercer Trimestre,1000.0,1000.0,,,,,,,,,,,,,,,,,,,,
5434464,20221201,218552585,Pupiales,1.1.02.01.005.63,PARTICIPACION EN LA PLUSVALIA,INGRESOS,INGRESOS CORRIENTES,INGRESOS NO TRIBUTARIOS,CONTRIBUCIONES,CONTRIBUCIONES DIVERSAS,PARTICIPACION EN LA PLUSVALIA,No Aplica,No Aplica,No Aplica,No Aplica,,,,,,,,2022,Cuarto Trimestre,0.0,2000000.0,,,,,,,,,,,,,,,,,,,,
5435391,20210901,218552585,Pupiales,1.2.12.10,POR LA DEVOLUCION DE RECURSOS SGP PROPOSITO GENERAL,INGRESOS,RECURSOS DE CAPITAL,RETIROS FONPET,POR LA DEVOLUCION DE RECURSOS SGP PROPOSITO GENERAL,No Aplica,No Aplica,No Aplica,No Aplica,No Aplica,No Aplica,,,,,,,,2021,Tercer Trimestre,93251056.0,115729990.0,,,,,,,,,,,,,,,,,,,,
5435878,20221201,218552585,Pupiales,1.1.02.03.001.20.02,MULTAS CODIGO NACIONAL DE SEGURIDAD Y CONVIVENCIA CIUDADANA - MULTAS ESPECIALES,INGRESOS,INGRESOS CORRIENTES,INGRESOS NO TRIBUTARIOS,"MULTAS, SANCIONES E INTERESES DE MORA",MULTAS Y SANCIONES,MULTAS CODIGO NACIONAL DE SEGURIDAD Y CONVIVENCIA CIUDADANA,MULTAS CODIGO NACIONAL DE SEGURIDAD Y CONVIVENCIA CIUDADANA - MULTAS ESPECIALES,No Aplica,No Aplica,No Aplica,,,,,,,,2022,Cuarto Trimestre,0.0,1000000.0,,,,,,,,,,,,,,,,,,,,
5435881,20220301,218552585,Pupiales,1.1,INGRESOS CORRIENTES,INGRESOS,INGRESOS CORRIENTES,No Aplica,No Aplica,No Aplica,No Aplica,No Aplica,No Aplica,No Aplica,No Aplica,,,,,,,,2022,Primer Trimestre,22796851773.0,22959530484.0,,,,,,,,,,,,,,,,,,,,
5437517,20211201,218552585,Pupiales,1.1.01.02.109,SOBRETASA A LA GASOLINA,INGRESOS,INGRESOS CORRIENTES,INGRESOS TRIBUTARIOS,IMPUESTOS INDIRECTOS,SOBRETASA A LA GASOLINA,No Aplica,No Aplica,No Aplica,No Aplica,No Aplica,,,,,,,,2021,Cuarto Trimestre,292000000.0,200000000.0,,,,,,,,,,,,,,,,,,,,
5438056,20230301,218552585,Pupiales,1.1.01.02.218,TASA PRODEPORTE Y RECREACION,INGRESOS,INGRESOS CORRIENTES,INGRESOS TRIBUTARIOS,IMPUESTOS INDIRECTOS,TASA PRODEPORTE Y RECREACION,No Aplica,No Aplica,No Aplica,No Aplica,No Aplica,,,,,,,,2023,Primer Trimestre,60000000.0,60000000.0,,,,,,,,,,,,,,,,,,,,
5439748,20210601,218552585,Pupiales,1.1.02.01,CONTRIBUCIONES,INGRESOS,INGRESOS CORRIENTES,INGRESOS NO TRIBUTARIOS,CONTRIBUCIONES,No Aplica,No Aplica,No Aplica,No Aplica,No Aplica,No Aplica,,,,,,,,2021,Segundo Trimestre,102000000.0,102000000.0,,,,,,,,,,,,,,,,,,,,
5440958,20230301,218552585,Pupiales,1.1.01.01.014,SOBRETASA AMBIENTAL,INGRESOS,INGRESOS CORRIENTES,INGRESOS TRIBUTARIOS,IMPUESTOS DIRECTOS,SOBRETASA AMBIENTAL,No Aplica,No Aplica,No Aplica,No Aplica,No Aplica,,,,,,,,2023,Primer Trimestre,18000000.0,18000000.0,,,,,,,,,,,,,,,,,,,,
5443040,20210901,218552585,Pupiales,1.1.02.06.001.02,PARTICIPACION PARA SALUD,INGRESOS,INGRESOS CORRIENTES,INGRESOS NO TRIBUTARIOS,TRANSFERENCIAS CORRIENTES,SISTEMA GENERAL DE PARTICIPACIONES,PARTICIPACION PARA SALUD,No Aplica,No Aplica,No Aplica,No Aplica,,,,,,,,2021,Tercer Trimestre,6889204937.0,6167494767.0,,,,,,,,,,,,,,,,,,,,
5443246,20220601,218552585,Pupiales,1.2.05,RENDIMIENTOS FINANCIEROS,INGRESOS,RECURSOS DE CAPITAL,RENDIMIENTOS FINANCIEROS,No Aplica,No Aplica,No Aplica,No Aplica,No Aplica,No Aplica,No Aplica,,,,,,,,2022,Segundo Trimestre,10000000.0,10000000.0,,,,,,,,,,,,,,,,,,,,
5443648,20210901,218552585,Pupiales,1.1.01.01.014.01,SOBRETASA AMBIENTAL - URBANO,INGRESOS,INGRESOS CORRIENTES,INGRESOS TRIBUTARIOS,IMPUESTOS DIRECTOS,SOBRETASA AMBIENTAL,SOBRETASA AMBIENTAL - URBANO,No Aplica,No Aplica,No Aplica,No Aplica,,,,,,,,2021,Tercer Trimestre,41273043.0,25000000.0,,,,,,,,,,,,,,,,,,,,
5444857,20211201,218552585,Pupiales,1.1.02.06.001.02,PARTICIPACION PARA SALUD,INGRESOS,INGRESOS CORRIENTES,INGRESOS NO TRIBUTARIOS,TRANSFERENCIAS CORRIENTES,SISTEMA GENERAL DE PARTICIPACIONES,PARTICIPACION PARA SALUD,No Aplica,No Aplica,No Aplica,No Aplica,,,,,,,,2021,Cuarto Trimestre,6889204937.0,6167494767.0,,,,,,,,,,,,,,,,,,,,
5445023,20210901,218552585,Pupiales,1.1.02.05.002.09,"SERVICIOS PARA LA COMUNIDAD, SOCIALES Y PERSONALES",INGRESOS,INGRESOS CORRIENTES,INGRESOS NO TRIBUTARIOS,VENTA DE BIENES Y SERVICIOS,VENTAS INCIDENTALES DE ESTABLECIMIENTOS NO DE MERCADO,"SERVICIOS PARA LA COMUNIDAD, SOCIALES Y PERSONALES",No Aplica,No Aplica,No Aplica,No Aplica,,,,,,,,2021,Tercer Trimestre,16553242.0,15000000.0,,,,,,,,,,,,,,,,,,,,
5445633,20221201,218552585,Pupiales,1.1.02,INGRESOS NO TRIBUTARIOS,INGRESOS,INGRESOS CORRIENTES,INGRESOS NO TRIBUTARIOS,No Aplica,No Aplica,No Aplica,No Aplica,No Aplica,No Aplica,No Aplica,,,,,,,,2022,Cuarto Trimestre,25795974829.0,21801526484.0,,,,,,,,,,,,,,,,,,,,
5447359,20211201,218552585,Pupiales,1.2,RECURSOS DE CAPITAL,INGRESOS,RECURSOS DE CAPITAL,No Aplica,No Aplica,No Aplica,No Aplica,No Aplica,No Aplica,No Aplica,No Aplica,,,,,,,,2021,Cuarto Trimestre,3899989681.0,130729990.0,,,,,,,,,,,,,,,,,,,,
5447551,20210901,218552585,Pupiales,1.1.01.02.206,IMPUESTO A LAS VENTAS POR EL SISTEMA DE CLUBES,INGRESOS,INGRESOS CORRIENTES,INGRESOS TRIBUTARIOS,IMPUESTOS INDIRECTOS,IMPUESTO A LAS VENTAS POR EL SISTEMA DE CLUBES,No Aplica,No Aplica,No Aplica,No Aplica,No Aplica,,,,,,,,2021,Tercer Trimestre,1000.0,1000.0,,,,,,,,,,,,,,,,,,,,
5448624,20211201,218552585,Pupiales,1.1.02.02.095,PLAZA DE MERCADO,INGRESOS,INGRESOS CORRIENTES,INGRESOS NO TRIBUTARIOS,TASAS Y DERECHOS ADMINISTRATIVOS,PLAZA DE MERCADO,No Aplica,No Aplica,No Aplica,No Aplica,No Aplica,,,,,,,,2021,Cuarto Trimestre,0.0,1000.0,,,,,,,,,,,,,,,,,,,,
5448878,20220601,218552585,Pupiales,1.2.10,RECURSOS DEL BALANCE,INGRESOS,RECURSOS DE CAPITAL,RECURSOS DEL BALANCE,No Aplica,No Aplica,No Aplica,No Aplica,No Aplica,No Aplica,No Aplica,,,,,,,,2022,Segundo Trimestre,1237944785.0,109245366.0,,,,,,,,,,,,,,,,,,,,
5449329,20220601,218552585,Pupiales,1.1.01.02.200.03,IMPUESTO DE INDUSTRIA Y COMERCIO - SOBRE ACTIVIDADES DE SERVICIOS,INGRESOS,INGRESOS CORRIENTES,INGRESOS TRIBUTARIOS,IMPUESTOS INDIRECTOS,IMPUESTO DE INDUSTRIA Y COMERCIO,IMPUESTO DE INDUSTRIA Y COMERCIO - SOBRE ACTIVIDADES DE SERVICIOS,No Aplica,No Aplica,No Aplica,No Aplica,,,,,,,,2022,Segundo Trimestre,5000000.0,5000000.0,,,,,,,,,,,,,,,,,,,,
5449661,20210301,218552585,Pupiales,1.1.01.01.014.01,SOBRETASA AMBIENTAL - URBANO,INGRESOS,INGRESOS CORRIENTES,INGRESOS TRIBUTARIOS,IMPUESTOS DIRECTOS,SOBRETASA AMBIENTAL,SOBRETASA AMBIENTAL - URBANO,No Aplica,No Aplica,No Aplica,No Aplica,,,,,,,,2021,Primer Trimestre,25000000.0,25000000.0,,,,,,,,,,,,,,,,,,,,
5450594,20221201,218552585,Pupiales,1.1.02.06.001.04,ASIGNACIONES ESPECIALES,INGRESOS,INGRESOS CORRIENTES,INGRESOS NO TRIBUTARIOS,TRANSFERENCIAS CORRIENTES,SISTEMA GENERAL DE PARTICIPACIONES,ASIGNACIONES ESPECIALES,No Aplica,No Aplica,No Aplica,No Aplica,,,,,,,,2022,Cuarto Trimestre,75947567.0,97406326.0,,,,,,,,,,,,,,,,,,,,
5451495,20221201,218552585,Pupiales,1.2.05.02,DEPOSITOS,INGRESOS,RECURSOS DE CAPITAL,RENDIMIENTOS FINANCIEROS,DEPOSITOS,No Aplica,No Aplica,No Aplica,No Aplica,No Aplica,No Aplica,,,,,,,,2022,Cuarto Trimestre,3587204.0,10000000.0,,,,,,,,,,,,,,,,,,,,
5452740,20221201,218552585,Pupiales,1.1,INGRESOS CORRIENTES,INGRESOS,INGRESOS CORRIENTES,No Aplica,No Aplica,No Aplica,No Aplica,No Aplica,No Aplica,No Aplica,No Aplica,,,,,,,,2022,Cuarto Trimestre,27447193507.0,22959530484.0,,,,,,,,,,,,,,,,,,,,
5453634,20230601,218552585,Pupiales,1.2.10.02,SUPERAVIT FISCAL,INGRESOS,RECURSOS DE CAPITAL,RECURSOS DEL BALANCE,SUPERAVIT FISCAL,No Aplica,No Aplica,No Aplica,No Aplica,No Aplica,No Aplica,,,,,,,,2023,Segundo Trimestre,1655647017.0,1000.0,,,,,,,,,,,,,,,,,,,,
5453726,20210601,218552585,Pupiales,1.1.01.02.216,IMPUESTO DE ESPECTACULOS PUBLICOS MUNICIPAL,INGRESOS,INGRESOS CORRIENTES,INGRESOS TRIBUTARIOS,IMPUESTOS INDIRECTOS,IMPUESTO DE ESPECTACULOS PUBLICOS MUNICIPAL,No Aplica,No Aplica,No Aplica,No Aplica,No Aplica,,,,,,,,2021,Segundo Trimestre,100000.0,100000.0,,,,,,,,,,,,,,,,,,,,
5453893,20220901,218552585,Pupiales,1.1.02.07,PARTICIPACION Y DERECHOS POR MONOPOLIO,INGRESOS,INGRESOS CORRIENTES,INGRESOS NO TRIBUTARIOS,PARTICIPACION Y DERECHOS POR MONOPOLIO,No Aplica,No Aplica,No Aplica,No Aplica,No Aplica,No Aplica,,,,,,,,2022,Tercer Trimestre,240105489.0,240105489.0,,,,,,,,,,,,,,,,,,,,
5454813,20221201,218552585,Pupiales,1.2.13,REINTEGROS Y OTROS RECURSOS NO APROPIADOS,INGRESOS,RECURSOS DE CAPITAL,REINTEGROS Y OTROS RECURSOS NO APROPIADOS,No Aplica,No Aplica,No Aplica,No Aplica,No Aplica,No Aplica,No Aplica,,,,,,,,2022,Cuarto Trimestre,439950149.0,0.0,,,,,,,,,,,,,,,,,,,,
5455286,20210601,218552585,Pupiales,1.1.02.06.001.03.04,"PROPOSITO GENERAL LIBRE DESTINACION MUNICIPIOS CATEGORIAS 4, 5 Y 6",INGRESOS,INGRESOS CORRIENTES,INGRESOS NO TRIBUTARIOS,TRANSFERENCIAS CORRIENTES,SISTEMA GENERAL DE PARTICIPACIONES,PARTICIPACION PARA PROPOSITO GENERAL,"PROPOSITO GENERAL LIBRE DESTINACION MUNICIPIOS CATEGORIAS 4, 5 Y 6",No Aplica,No Aplica,No Aplica,,,,,,,,2021,Segundo Trimestre,1552550513.0,1678828121.0,,,,,,,,,,,,,,,,,,,,
5455767,20210301,218552585,Pupiales,1.1.02.05.002,VENTAS INCIDENTALES DE ESTABLECIMIENTOS NO DE MERCADO,INGRESOS,INGRESOS CORRIENTES,INGRESOS NO TRIBUTARIOS,VENTA DE BIENES Y SERVICIOS,VENTAS INCIDENTALES DE ESTABLECIMIENTOS NO DE MERCADO,No Aplica,No Aplica,No Aplica,No Aplica,No Aplica,,,,,,,,2021,Primer Trimestre,25001000.0,25001000.0,,,,,,,,,,,,,,,,,,,,
5456528,20220601,218552585,Pupiales,1.1.02.06.001.02.01,REGIMEN SUBSIDIADO,INGRESOS,INGRESOS CORRIENTES,INGRESOS NO TRIBUTARIOS,TRANSFERENCIAS CORRIENTES,SISTEMA GENERAL DE PARTICIPACIONES,PARTICIPACION PARA SALUD,REGIMEN SUBSIDIADO,No Aplica,No Aplica,No Aplica,,,,,,,,2022,Segundo Trimestre,6668054067.0,6468544850.0,,,,,,,,,,,,,,,,,,,,
5457069,20211201,218552585,Pupiales,1.1.02.05.002.09,"SERVICIOS PARA LA COMUNIDAD, SOCIALES Y PERSONALES",INGRESOS,INGRESOS CORRIENTES,INGRESOS NO TRIBUTARIOS,VENTA DE BIENES Y SERVICIOS,VENTAS INCIDENTALES DE ESTABLECIMIENTOS NO DE MERCADO,"SERVICIOS PARA LA COMUNIDAD, SOCIALES Y PERSONALES",No Aplica,No Aplica,No Aplica,No Aplica,,,,,,,,2021,Cuarto Trimestre,24350812.0,15000000.0,,,,,,,,,,,,,,,,,,,,
5457227,20210901,218552585,Pupiales,1.1.02.06.003,PARTICIPACIONES DISTINTAS DEL SGP,INGRESOS,INGRESOS CORRIENTES,INGRESOS NO TRIBUTARIOS,TRANSFERENCIAS CORRIENTES,PARTICIPACIONES DISTINTAS DEL SGP,No Aplica,No Aplica,No Aplica,No Aplica,No Aplica,,,,,,,,2021,Tercer Trimestre,45000000.0,45000000.0,,,,,,,,,,,,,,,,,,,,
5457950,20230301,218552585,Pupiales,1.1.02.06.001.03.02,CULTURA,INGRESOS,INGRESOS CORRIENTES,INGRESOS NO TRIBUTARIOS,TRANSFERENCIAS CORRIENTES,SISTEMA GENERAL DE PARTICIPACIONES,PARTICIPACION PARA PROPOSITO GENERAL,CULTURA,No Aplica,No Aplica,No Aplica,,,,,,,,2023,Primer Trimestre,57299771.0,42911958.0,,,,,,,,,,,,,,,,,,,,
5458642,20210601,218552585,Pupiales,1.1.02.03,"MULTAS, SANCIONES E INTERESES DE MORA",INGRESOS,INGRESOS CORRIENTES,INGRESOS NO TRIBUTARIOS,"MULTAS, SANCIONES E INTERESES DE MORA",No Aplica,No Aplica,No Aplica,No Aplica,No Aplica,No Aplica,,,,,,,,2021,Segundo Trimestre,25501000.0,25501000.0,,,,,,,,,,,,,,,,,,,,
5459162,20210601,218552585,Pupiales,1.1.02.06.001,SISTEMA GENERAL DE PARTICIPACIONES,INGRESOS,INGRESOS CORRIENTES,INGRESOS NO TRIBUTARIOS,TRANSFERENCIAS CORRIENTES,SISTEMA GENERAL DE PARTICIPACIONES,No Aplica,No Aplica,No Aplica,No Aplica,No Aplica,,,,,,,,2021,Segundo Trimestre,12138552630.0,11642754496.0,,,,,,,,,,,,,,,,,,,,
5459227,20230601,218552585,Pupiales,1.1.02.01,CONTRIBUCIONES,INGRESOS,INGRESOS CORRIENTES,INGRESOS NO TRIBUTARIOS,CONTRIBUCIONES,No Aplica,No Aplica,No Aplica,No Aplica,No Aplica,No Aplica,,,,,,,,2023,Segundo Trimestre,110001000.0,110001000.0,,,,,,,,,,,,,,,,,,,,
5459248,20220901,218552585,Pupiales,1.1.01.01.014,SOBRETASA AMBIENTAL,INGRESOS,INGRESOS CORRIENTES,INGRESOS TRIBUTARIOS,IMPUESTOS DIRECTOS,SOBRETASA AMBIENTAL,No Aplica,No Aplica,No Aplica,No Aplica,No Aplica,,,,,,,,2022,Tercer Trimestre,58304214.0,45000000.0,,,,,,,,,,,,,,,,,,,,
5459690,20230301,218552585,Pupiales,1.1.01.02.200.01,IMPUESTO DE INDUSTRIA Y COMERCIO - SOBRE ACTIVIDADES COMERCIALES,INGRESOS,INGRESOS CORRIENTES,INGRESOS TRIBUTARIOS,IMPUESTOS INDIRECTOS,IMPUESTO DE INDUSTRIA Y COMERCIO,IMPUESTO DE INDUSTRIA Y COMERCIO - SOBRE ACTIVIDADES COMERCIALES,No Aplica,No Aplica,No Aplica,No Aplica,,,,,,,,2023,Primer Trimestre,20000000.0,20000000.0,,,,,,,,,,,,,,,,,,,,
5459792,20221201,218552585,Pupiales,1.2.10.02,SUPERAVIT FISCAL,INGRESOS,RECURSOS DE CAPITAL,RECURSOS DEL BALANCE,SUPERAVIT FISCAL,No Aplica,No Aplica,No Aplica,No Aplica,No Aplica,No Aplica,,,,,,,,2022,Cuarto Trimestre,1194145645.0,0.0,,,,,,,,,,,,,,,,,,,,
5460651,20220301,218552585,Pupiales,1.1.02.06.001.02.04,SUBSIDIO A LA OFERTA,INGRESOS,INGRESOS CORRIENTES,INGRESOS NO TRIBUTARIOS,TRANSFERENCIAS CORRIENTES,SISTEMA GENERAL DE PARTICIPACIONES,PARTICIPACION PARA SALUD,SUBSIDIO A LA OFERTA,No Aplica,No Aplica,No Aplica,,,,,,,,2022,Primer Trimestre,209504409.0,209504409.0,,,,,,,,,,,,,,,,,,,,
5461689,20221201,218552585,Pupiales,1.1.02.06.001.01,PARTICIPACION PARA EDUCACION,INGRESOS,INGRESOS CORRIENTES,INGRESOS NO TRIBUTARIOS,TRANSFERENCIAS CORRIENTES,SISTEMA GENERAL DE PARTICIPACIONES,PARTICIPACION PARA EDUCACION,No Aplica,No Aplica,No Aplica,No Aplica,,,,,,,,2022,Cuarto Trimestre,406016250.0,452760446.0,,,,,,,,,,,,,,,,,,,,
5462264,20210901,218552585,Pupiales,1.1.02.06.001.03.03,PROPOSITO GENERAL LIBRE INVERSION,INGRESOS,INGRESOS CORRIENTES,INGRESOS NO TRIBUTARIOS,TRANSFERENCIAS CORRIENTES,SISTEMA GENERAL DE PARTICIPACIONES,PARTICIPACION PARA PROPOSITO GENERAL,PROPOSITO GENERAL LIBRE INVERSION,No Aplica,No Aplica,No Aplica,,,,,,,,2021,Tercer Trimestre,1920195795.0,2040629714.0,,,,,,,,,,,,,,,,,,,,
5462859,20230601,218552585,Pupiales,1.1.02.06.001.03.02,CULTURA,INGRESOS,INGRESOS CORRIENTES,INGRESOS NO TRIBUTARIOS,TRANSFERENCIAS CORRIENTES,SISTEMA GENERAL DE PARTICIPACIONES,PARTICIPACION PARA PROPOSITO GENERAL,CULTURA,No Aplica,No Aplica,No Aplica,,,,,,,,2023,Segundo Trimestre,74443682.0,73230040.0,,,,,,,,,,,,,,,,,,,,
5463953,20210601,218552585,Pupiales,1.1.01.01.200.02,IMPUESTO PREDIAL UNIFICADO - RURAL,INGRESOS,INGRESOS CORRIENTES,INGRESOS TRIBUTARIOS,IMPUESTOS DIRECTOS,IMPUESTO PREDIAL UNIFICADO,IMPUESTO PREDIAL UNIFICADO - RURAL,No Aplica,No Aplica,No Aplica,No Aplica,,,,,,,,2021,Segundo Trimestre,130000000.0,130000000.0,,,,,,,,,,,,,,,,,,,,
5464152,20221201,218552585,Pupiales,1.1.01.01.200.02,IMPUESTO PREDIAL UNIFICADO - RURAL,INGRESOS,INGRESOS CORRIENTES,INGRESOS TRIBUTARIOS,IMPUESTOS DIRECTOS,IMPUESTO PREDIAL UNIFICADO,IMPUESTO PREDIAL UNIFICADO - RURAL,No Aplica,No Aplica,No Aplica,No Aplica,,,,,,,,2022,Cuarto Trimestre,186839937.0,169000000.0,,,,,,,,,,,,,,,,,,,,
5468440,20230601,218552585,Pupiales,1.2.10,RECURSOS DEL BALANCE,INGRESOS,RECURSOS DE CAPITAL,RECURSOS DEL BALANCE,No Aplica,No Aplica,No Aplica,No Aplica,No Aplica,No Aplica,No Aplica,,,,,,,,2023,Segundo Trimestre,1655647017.0,1000.0,,,,,,,,,,,,,,,,,,,,
5468510,20221201,218552585,Pupiales,1.1.02.06.001,SISTEMA GENERAL DE PARTICIPACIONES,INGRESOS,INGRESOS CORRIENTES,INGRESOS NO TRIBUTARIOS,TRANSFERENCIAS CORRIENTES,SISTEMA GENERAL DE PARTICIPACIONES,No Aplica,No Aplica,No Aplica,No Aplica,No Aplica,,,,,,,,2022,Cuarto Trimestre,12776523938.0,12193347175.0,,,,,,,,,,,,,,,,,,,,
5468737,20220901,218552585,Pupiales,1.1.02.01.005.59,CONTRIBUCION ESPECIAL SOBRE CONTRATOS DE OBRAS PUBLICAS,INGRESOS,INGRESOS CORRIENTES,INGRESOS NO TRIBUTARIOS,CONTRIBUCIONES,CONTRIBUCIONES DIVERSAS,CONTRIBUCION ESPECIAL SOBRE CONTRATOS DE OBRAS PUBLICAS,No Aplica,No Aplica,No Aplica,No Aplica,,,,,,,,2022,Tercer Trimestre,100000000.0,100000000.0,,,,,,,,,,,,,,,,,,,,
5473313,20210601,218552585,Pupiales,1.1.02.05.002.07,SERVICIOS FINANCIEROS Y SERVICIOS CONEXOS; SERVICIOS INMOBILIARIOS; Y SERVICIOS DE ARRENDAMIENTO Y LEASING,INGRESOS,INGRESOS CORRIENTES,INGRESOS NO TRIBUTARIOS,VENTA DE BIENES Y SERVICIOS,VENTAS INCIDENTALES DE ESTABLECIMIENTOS NO DE MERCADO,SERVICIOS FINANCIEROS Y SERVICIOS CONEXOS; SERVICIOS INMOBILIARIOS; Y SERVICIOS DE ARRENDAMIENTO Y LEASING,No Aplica,No Aplica,No Aplica,No Aplica,,,,,,,,2021,Segundo Trimestre,10000000.0,10000000.0,,,,,,,,,,,,,,,,,,,,
5474440,20230601,218552585,Pupiales,1.2.05,RENDIMIENTOS FINANCIEROS,INGRESOS,RECURSOS DE CAPITAL,RENDIMIENTOS FINANCIEROS,No Aplica,No Aplica,No Aplica,No Aplica,No Aplica,No Aplica,No Aplica,,,,,,,,2023,Segundo Trimestre,2000000.0,2000000.0,,,,,,,,,,,,,,,,,,,,
5474847,20220601,218552585,Pupiales,1.1.01.02.216,IMPUESTO DE ESPECTACULOS PUBLICOS MUNICIPAL,INGRESOS,INGRESOS CORRIENTES,INGRESOS TRIBUTARIOS,IMPUESTOS INDIRECTOS,IMPUESTO DE ESPECTACULOS PUBLICOS MUNICIPAL,No Aplica,No Aplica,No Aplica,No Aplica,No Aplica,,,,,,,,2022,Segundo Trimestre,1000.0,1000.0,,,,,,,,,,,,,,,,,,,,
5475586,20220901,218552585,Pupiales,1.1.02.02.087,TASAS POR EL DERECHO DE PARQUEO SOBRE LAS VIAS PUBLICAS,INGRESOS,INGRESOS CORRIENTES,INGRESOS NO TRIBUTARIOS,TASAS Y DERECHOS ADMINISTRATIVOS,TASAS POR EL DERECHO DE PARQUEO SOBRE LAS VIAS PUBLICAS,No Aplica,No Aplica,No Aplica,No Aplica,No Aplica,,,,,,,,2022,Tercer Trimestre,135328.0,1000.0,,,,,,,,,,,,,,,,,,,,
5476167,20220301,218552585,Pupiales,1.1.02.05.002,VENTAS INCIDENTALES DE ESTABLECIMIENTOS NO DE MERCADO,INGRESOS,INGRESOS CORRIENTES,INGRESOS NO TRIBUTARIOS,VENTA DE BIENES Y SERVICIOS,VENTAS INCIDENTALES DE ESTABLECIMIENTOS NO DE MERCADO,No Aplica,No Aplica,No Aplica,No Aplica,No Aplica,,,,,,,,2022,Primer Trimestre,983001000.0,993001000.0,,,,,,,,,,,,,,,,,,,,
5476170,20210901,218552585,Pupiales,1.2.07,RECURSOS DE CREDITO INTERNO,INGRESOS,RECURSOS DE CAPITAL,RECURSOS DE CREDITO INTERNO,No Aplica,No Aplica,No Aplica,No Aplica,No Aplica,No Aplica,No Aplica,,,,,,,,2021,Tercer Trimestre,1889000000.0,0.0,,,,,,,,,,,,,,,,,,,,
5476316,20220901,218552585,Pupiales,1.1.02.06.001.03.02,CULTURA,INGRESOS,INGRESOS CORRIENTES,INGRESOS NO TRIBUTARIOS,TRANSFERENCIAS CORRIENTES,SISTEMA GENERAL DE PARTICIPACIONES,PARTICIPACION PARA PROPOSITO GENERAL,CULTURA,No Aplica,No Aplica,No Aplica,,,,,,,,2022,Tercer Trimestre,71604021.0,55950633.0,,,,,,,,,,,,,,,,,,,,
5476839,20230301,218552585,Pupiales,1.1.01.02,IMPUESTOS INDIRECTOS,INGRESOS,INGRESOS CORRIENTES,INGRESOS TRIBUTARIOS,IMPUESTOS INDIRECTOS,No Aplica,No Aplica,No Aplica,No Aplica,No Aplica,No Aplica,,,,,,,,2023,Primer Trimestre,633980150.0,633980150.0,,,,,,,,,,,,,,,,,,,,
5478226,20220901,218552585,Pupiales,1.2.12,RETIROS FONPET,INGRESOS,RECURSOS DE CAPITAL,RETIROS FONPET,No Aplica,No Aplica,No Aplica,No Aplica,No Aplica,No Aplica,No Aplica,,,,,,,,2022,Tercer Trimestre,135334345.0,109245366.0,,,,,,,,,,,,,,,,,,,,
5478554,20210301,218552585,Pupiales,1.1.01.02.206,IMPUESTO A LAS VENTAS POR EL SISTEMA DE CLUBES,INGRESOS,INGRESOS CORRIENTES,INGRESOS TRIBUTARIOS,IMPUESTOS INDIRECTOS,IMPUESTO A LAS VENTAS POR EL SISTEMA DE CLUBES,No Aplica,No Aplica,No Aplica,No Aplica,No Aplica,,,,,,,,2021,Primer Trimestre,1000.0,1000.0,,,,,,,,,,,,,,,,,,,,
5478653,20230301,218552585,Pupiales,1.1,INGRESOS CORRIENTES,INGRESOS,INGRESOS CORRIENTES,No Aplica,No Aplica,No Aplica,No Aplica,No Aplica,No Aplica,No Aplica,No Aplica,,,,,,,,2023,Primer Trimestre,11575109936.0,10571994359.0,,,,,,,,,,,,,,,,,,,,
5478711,20220601,218552585,Pupiales,1.1.02,INGRESOS NO TRIBUTARIOS,INGRESOS,INGRESOS CORRIENTES,INGRESOS NO TRIBUTARIOS,No Aplica,No Aplica,No Aplica,No Aplica,No Aplica,No Aplica,No Aplica,,,,,,,,2022,Segundo Trimestre,22445945480.0,21801526484.0,,,,,,,,,,,,,,,,,,,,
5479782,20210301,218552585,Pupiales,1.1.02.06.001.01,PARTICIPACION PARA EDUCACION,INGRESOS,INGRESOS CORRIENTES,INGRESOS NO TRIBUTARIOS,TRANSFERENCIAS CORRIENTES,SISTEMA GENERAL DE PARTICIPACIONES,PARTICIPACION PARA EDUCACION,No Aplica,No Aplica,No Aplica,No Aplica,,,,,,,,2021,Primer Trimestre,480000000.0,480000000.0,,,,,,,,,,,,,,,,,,,,
5479794,20220601,218552585,Pupiales,1.1.01.02.300.01,ESTAMPILLA PARA EL BIENESTAR DEL ADULTO MAYOR,INGRESOS,INGRESOS CORRIENTES,INGRESOS TRIBUTARIOS,IMPUESTOS INDIRECTOS,ESTAMPILLAS,ESTAMPILLA PARA EL BIENESTAR DEL ADULTO MAYOR,No Aplica,No Aplica,No Aplica,No Aplica,,,,,,,,2022,Segundo Trimestre,150000000.0,150000000.0,,,,,,,,,,,,,,,,,,,,
5481132,20230601,218552585,Pupiales,1.2.05.02,DEPOSITOS,INGRESOS,RECURSOS DE CAPITAL,RENDIMIENTOS FINANCIEROS,DEPOSITOS,No Aplica,No Aplica,No Aplica,No Aplica,No Aplica,No Aplica,,,,,,,,2023,Segundo Trimestre,2000000.0,2000000.0,,,,,,,,,,,,,,,,,,,,
5482478,20221201,218552585,Pupiales,1.1.01.02.300.55,ESTAMPILLA PRO CULTURA,INGRESOS,INGRESOS CORRIENTES,INGRESOS TRIBUTARIOS,IMPUESTOS INDIRECTOS,ESTAMPILLAS,ESTAMPILLA PRO CULTURA,No Aplica,No Aplica,No Aplica,No Aplica,,,,,,,,2022,Cuarto Trimestre,168840054.0,100000000.0,,,,,,,,,,,,,,,,,,,,
5484062,20230301,218552585,Pupiales,1.1.02.06.003,PARTICIPACIONES DISTINTAS DEL SGP,INGRESOS,INGRESOS CORRIENTES,INGRESOS NO TRIBUTARIOS,TRANSFERENCIAS CORRIENTES,PARTICIPACIONES DISTINTAS DEL SGP,No Aplica,No Aplica,No Aplica,No Aplica,No Aplica,,,,,,,,2023,Primer Trimestre,5000000.0,5000000.0,,,,,,,,,,,,,,,,,,,,
5485280,20210601,218552585,Pupiales,1.1.02.06.006.01,APORTES NACION,INGRESOS,INGRESOS CORRIENTES,INGRESOS NO TRIBUTARIOS,TRANSFERENCIAS CORRIENTES,TRANSFERENCIAS DE OTRAS ENTIDADES DEL GOBIERNO GENERAL,APORTES NACION,No Aplica,No Aplica,No Aplica,No Aplica,,,,,,,,2021,Segundo Trimestre,1000.0,1000.0,,,,,,,,,,,,,,,,,,,,
5485954,20210901,218552585,Pupiales,1.2.01.02.003.01,DISPOSICION DETIERRAS Y TERRENOS,INGRESOS,RECURSOS DE CAPITAL,DISPOSICION DE ACTIVOS,DISPOSICION DE ACTIVOS NO FINANCIEROS,DISPOSICION DE ACTIVOS NO PRODUCIDOS,DISPOSICION DETIERRAS Y TERRENOS,No Aplica,No Aplica,No Aplica,No Aplica,,,,,,,,2021,Tercer Trimestre,242000000.0,0.0,,,,,,,,,,,,,,,,,,,,
5487355,20230301,218552585,Pupiales,1.1.02.06.001,SISTEMA GENERAL DE PARTICIPACIONES,INGRESOS,INGRESOS CORRIENTES,INGRESOS NO TRIBUTARIOS,TRANSFERENCIAS CORRIENTES,SISTEMA GENERAL DE PARTICIPACIONES,No Aplica,No Aplica,No Aplica,No Aplica,No Aplica,,,,,,,,2023,Primer Trimestre,7202145152.0,6423014331.0,,,,,,,,,,,,,,,,,,,,
5487448,20221201,218552585,Pupiales,1.1.01.02.200.01,IMPUESTO DE INDUSTRIA Y COMERCIO - SOBRE ACTIVIDADES COMERCIALES,INGRESOS,INGRESOS CORRIENTES,INGRESOS TRIBUTARIOS,IMPUESTOS INDIRECTOS,IMPUESTO DE INDUSTRIA Y COMERCIO,IMPUESTO DE INDUSTRIA Y COMERCIO - SOBRE ACTIVIDADES COMERCIALES,No Aplica,No Aplica,No Aplica,No Aplica,,,,,,,,2022,Cuarto Trimestre,167555274.0,235000000.0,,,,,,,,,,,,,,,,,,,,
5488066,20210601,218552585,Pupiales,1.2.07.01,RECURSOS DE CONTRATOS DE EMPRESTITOS INTERNOS,INGRESOS,RECURSOS DE CAPITAL,RECURSOS DE CREDITO INTERNO,RECURSOS DE CONTRATOS DE EMPRESTITOS INTERNOS,No Aplica,No Aplica,No Aplica,No Aplica,No Aplica,No Aplica,,,,,,,,2021,Segundo Trimestre,1889000000.0,0.0,,,,,,,,,,,,,,,,,,,,
5488861,20220601,218552585,Pupiales,1.1.02.01.005,CONTRIBUCIONES DIVERSAS,INGRESOS,INGRESOS CORRIENTES,INGRESOS NO TRIBUTARIOS,CONTRIBUCIONES,CONTRIBUCIONES DIVERSAS,No Aplica,No Aplica,No Aplica,No Aplica,No Aplica,,,,,,,,2022,Segundo Trimestre,102000000.0,102000000.0,,,,,,,,,,,,,,,,,,,,
5491069,20210301,218552585,Pupiales,1.2.12,RETIROS FONPET,INGRESOS,RECURSOS DE CAPITAL,RETIROS FONPET,No Aplica,No Aplica,No Aplica,No Aplica,No Aplica,No Aplica,No Aplica,,,,,,,,2021,Primer Trimestre,115729990.0,115729990.0,,,,,,,,,,,,,,,,,,,,
5492752,20220901,218552585,Pupiales,1.2.13.02,RECURSOS NO APROPIADOS,INGRESOS,RECURSOS DE CAPITAL,REINTEGROS Y OTROS RECURSOS NO APROPIADOS,RECURSOS NO APROPIADOS,No Aplica,No Aplica,No Aplica,No Aplica,No Aplica,No Aplica,,,,,,,,2022,Tercer Trimestre,439950149.0,0.0,,,,,,,,,,,,,,,,,,,,
5494118,20220601,218552585,Pupiales,1.1.02.06.003.01.02,PARTICIPACION DEL IMPUESTO SOBRE VEHICULOS AUTOMOTORES,INGRESOS,INGRESOS CORRIENTES,INGRESOS NO TRIBUTARIOS,TRANSFERENCIAS CORRIENTES,PARTICIPACIONES DISTINTAS DEL SGP,PARTICIPACION EN IMPUESTOS,PARTICIPACION DEL IMPUESTO SOBRE VEHICULOS AUTOMOTORES,No Aplica,No Aplica,No Aplica,,,,,,,,2022,Segundo Trimestre,50000000.0,50000000.0,,,,,,,,,,,,,,,,,,,,
5495519,20221201,218552585,Pupiales,1.1.02.06.009.01.07,TRANSFERENCIA NACIONAL - FINANCIACION DEL REGIMEN SUBSIDIADO EN SALUD - LEY 1530 DE 2012,INGRESOS,INGRESOS CORRIENTES,INGRESOS NO TRIBUTARIOS,TRANSFERENCIAS CORRIENTES,RECURSOS DEL SISTEMA DE SEGURIDAD SOCIAL INTEGRAL,SISTEMA GENERAL DE SEGURIDAD SOCIAL EN SALUD,TRANSFERENCIA NACIONAL - FINANCIACION DEL REGIMEN SUBSIDIADO EN SALUD - LEY 1530 DE 2012,No Aplica,No Aplica,No Aplica,,,,,,,,2022,Cuarto Trimestre,0.0,66680628.0,,,,,,,,,,,,,,,,,,,,
5495523,20230301,218552585,Pupiales,1,INGRESOS,INGRESOS,No Aplica,No Aplica,No Aplica,No Aplica,No Aplica,No Aplica,No Aplica,No Aplica,No Aplica,,,,,,,,2023,Primer Trimestre,11992109936.0,10588994359.0,,,,,,,,,,,,,,,,,,,,
5496775,20210301,218552585,Pupiales,1.1.02.06.003.01,PARTICIPACION EN IMPUESTOS,INGRESOS,INGRESOS CORRIENTES,INGRESOS NO TRIBUTARIOS,TRANSFERENCIAS CORRIENTES,PARTICIPACIONES DISTINTAS DEL SGP,PARTICIPACION EN IMPUESTOS,No Aplica,No Aplica,No Aplica,No Aplica,,,,,,,,2021,Primer Trimestre,45000000.0,45000000.0,,,,,,,,,,,,,,,,,,,,
5497023,20220601,218552585,Pupiales,1.1.02.03.002,INTERESES DE MORA,INGRESOS,INGRESOS CORRIENTES,INGRESOS NO TRIBUTARIOS,"MULTAS, SANCIONES E INTERESES DE MORA",INTERESES DE MORA,No Aplica,No Aplica,No Aplica,No Aplica,No Aplica,,,,,,,,2022,Segundo Trimestre,3000000.0,3000000.0,,,,,,,,,,,,,,,,,,,,
5497277,20211201,218552585,Pupiales,1.1.02.06.001.04.01,PROGRAMAS DE ALIMENTACION ESCOLAR,INGRESOS,INGRESOS CORRIENTES,INGRESOS NO TRIBUTARIOS,TRANSFERENCIAS CORRIENTES,SISTEMA GENERAL DE PARTICIPACIONES,ASIGNACIONES ESPECIALES,PROGRAMAS DE ALIMENTACION ESCOLAR,No Aplica,No Aplica,No Aplica,,,,,,,,2021,Cuarto Trimestre,97406326.0,95795638.0,,,,,,,,,,,,,,,,,,,,
5498922,20230601,218552585,Pupiales,1.1.02.03.001.20.01,MULTAS CODIGO NACIONAL DE SEGURIDAD Y CONVIVENCIA CIUDADANA - MULTAS GENERALES,INGRESOS,INGRESOS CORRIENTES,INGRESOS NO TRIBUTARIOS,"MULTAS, SANCIONES E INTERESES DE MORA",MULTAS Y SANCIONES,MULTAS CODIGO NACIONAL DE SEGURIDAD Y CONVIVENCIA CIUDADANA,MULTAS CODIGO NACIONAL DE SEGURIDAD Y CONVIVENCIA CIUDADANA - MULTAS GENERALES,No Aplica,No Aplica,No Aplica,,,,,,,,2023,Segundo Trimestre,8000000.0,8000000.0,,,,,,,,,,,,,,,,,,,,
5499205,20221201,218552585,Pupiales,1.1.01.02.216,IMPUESTO DE ESPECTACULOS PUBLICOS MUNICIPAL,INGRESOS,INGRESOS CORRIENTES,INGRESOS TRIBUTARIOS,IMPUESTOS INDIRECTOS,IMPUESTO DE ESPECTACULOS PUBLICOS MUNICIPAL,No Aplica,No Aplica,No Aplica,No Aplica,No Aplica,,,,,,,,2022,Cuarto Trimestre,1000.0,1000.0,,,,,,,,,,,,,,,,,,,,
5499231,20220901,218552585,Pupiales,1.1.01.02.300.01,ESTAMPILLA PARA EL BIENESTAR DEL ADULTO MAYOR,INGRESOS,INGRESOS CORRIENTES,INGRESOS TRIBUTARIOS,IMPUESTOS INDIRECTOS,ESTAMPILLAS,ESTAMPILLA PARA EL BIENESTAR DEL ADULTO MAYOR,No Aplica,No Aplica,No Aplica,No Aplica,,,,,,,,2022,Tercer Trimestre,150000000.0,150000000.0,,,,,,,,,,,,,,,,,,,,
5499378,20210301,218552585,Pupiales,1.1.02.06.001.01.03.02,CALIDADPOR GRATUIDAD,INGRESOS,INGRESOS CORRIENTES,INGRESOS NO TRIBUTARIOS,TRANSFERENCIAS CORRIENTES,SISTEMA GENERAL DE PARTICIPACIONES,PARTICIPACION PARA EDUCACION,CALIDAD,CALIDADPOR GRATUIDAD,No Aplica,No Aplica,,,,,,,,2021,Primer Trimestre,230000000.0,230000000.0,,,,,,,,,,,,,,,,,,,,
5499674,20220301,218552585,Pupiales,1.1.02.02,TASAS Y DERECHOS ADMINISTRATIVOS,INGRESOS,INGRESOS CORRIENTES,INGRESOS NO TRIBUTARIOS,TASAS Y DERECHOS ADMINISTRATIVOS,No Aplica,No Aplica,No Aplica,No Aplica,No Aplica,No Aplica,,,,,,,,2022,Primer Trimestre,2000.0,2000.0,,,,,,,,,,,,,,,,,,,,
5501708,20210601,218552585,Pupiales,1.1.02.06.001.02.02,SALUD PUBLICA,INGRESOS,INGRESOS CORRIENTES,INGRESOS NO TRIBUTARIOS,TRANSFERENCIAS CORRIENTES,SISTEMA GENERAL DE PARTICIPACIONES,PARTICIPACION PARA SALUD,SALUD PUBLICA,No Aplica,No Aplica,No Aplica,,,,,,,,2021,Segundo Trimestre,211155678.0,153621808.0,,,,,,,,,,,,,,,,,,,,
5501903,20210601,218552585,Pupiales,1.1.01,INGRESOS TRIBUTARIOS,INGRESOS,INGRESOS CORRIENTES,INGRESOS TRIBUTARIOS,No Aplica,No Aplica,No Aplica,No Aplica,No Aplica,No Aplica,No Aplica,,,,,,,,2021,Segundo Trimestre,1060104000.0,1060104000.0,,,,,,,,,,,,,,,,,,,,
5502024,20230601,218552585,Pupiales,1.1.02.05.002,VENTAS INCIDENTALES DE ESTABLECIMIENTOS NO DE MERCADO,INGRESOS,INGRESOS CORRIENTES,INGRESOS NO TRIBUTARIOS,VENTA DE BIENES Y SERVICIOS,VENTAS INCIDENTALES DE ESTABLECIMIENTOS NO DE MERCADO,No Aplica,No Aplica,No Aplica,No Aplica,No Aplica,,,,,,,,2023,Segundo Trimestre,30000000.0,30000000.0,,,,,,,,,,,,,,,,,,,,
5502391,20210901,218552585,Pupiales,1.1.02.06.009.01.07,TRANSFERENCIA NACIONAL - FINANCIACION DEL REGIMEN SUBSIDIADO EN SALUD - LEY 1530 DE 2012,INGRESOS,INGRESOS CORRIENTES,INGRESOS NO TRIBUTARIOS,TRANSFERENCIAS CORRIENTES,RECURSOS DEL SISTEMA DE SEGURIDAD SOCIAL INTEGRAL,SISTEMA GENERAL DE SEGURIDAD SOCIAL EN SALUD,TRANSFERENCIA NACIONAL - FINANCIACION DEL REGIMEN SUBSIDIADO EN SALUD - LEY 1530 DE 2012,No Aplica,No Aplica,No Aplica,,,,,,,,2021,Tercer Trimestre,66680628.0,0.0,,,,,,,,,,,,,,,,,,,,
5502762,20230601,218552585,Pupiales,1.1.02.06.003.01.02,PARTICIPACION DEL IMPUESTO SOBRE VEHICULOS AUTOMOTORES,INGRESOS,INGRESOS CORRIENTES,INGRESOS NO TRIBUTARIOS,TRANSFERENCIAS CORRIENTES,PARTICIPACIONES DISTINTAS DEL SGP,PARTICIPACION EN IMPUESTOS,PARTICIPACION DEL IMPUESTO SOBRE VEHICULOS AUTOMOTORES,No Aplica,No Aplica,No Aplica,,,,,,,,2023,Segundo Trimestre,50000000.0,50000000.0,,,,,,,,,,,,,,,,,,,,
5502853,20211201,218552585,Pupiales,1.1.02.06.003.01.02,PARTICIPACION DEL IMPUESTO SOBRE VEHICULOS AUTOMOTORES,INGRESOS,INGRESOS CORRIENTES,INGRESOS NO TRIBUTARIOS,TRANSFERENCIAS CORRIENTES,PARTICIPACIONES DISTINTAS DEL SGP,PARTICIPACION EN IMPUESTOS,PARTICIPACION DEL IMPUESTO SOBRE VEHICULOS AUTOMOTORES,No Aplica,No Aplica,No Aplica,,,,,,,,2021,Cuarto Trimestre,51737541.0,45000000.0,,,,,,,,,,,,,,,,,,,,
5502991,20221201,218552585,Pupiales,1.1.02.02.087,TASAS POR EL DERECHO DE PARQUEO SOBRE LAS VIAS PUBLICAS,INGRESOS,INGRESOS CORRIENTES,INGRESOS NO TRIBUTARIOS,TASAS Y DERECHOS ADMINISTRATIVOS,TASAS POR EL DERECHO DE PARQUEO SOBRE LAS VIAS PUBLICAS,No Aplica,No Aplica,No Aplica,No Aplica,No Aplica,,,,,,,,2022,Cuarto Trimestre,399580.0,1000.0,,,,,,,,,,,,,,,,,,,,
5503046,20210901,218552585,Pupiales,1.1.02.03.001.20.02,MULTAS CODIGO NACIONAL DE SEGURIDAD Y CONVIVENCIA CIUDADANA - MULTAS ESPECIALES,INGRESOS,INGRESOS CORRIENTES,INGRESOS NO TRIBUTARIOS,"MULTAS, SANCIONES E INTERESES DE MORA",MULTAS Y SANCIONES,MULTAS CODIGO NACIONAL DE SEGURIDAD Y CONVIVENCIA CIUDADANA,MULTAS CODIGO NACIONAL DE SEGURIDAD Y CONVIVENCIA CIUDADANA - MULTAS ESPECIALES,No Aplica,No Aplica,No Aplica,,,,,,,,2021,Tercer Trimestre,2000000.0,2000000.0,,,,,,,,,,,,,,,,,,,,
5503219,20210601,218552585,Pupiales,1.1.02.06.006,TRANSFERENCIAS DE OTRAS ENTIDADES DEL GOBIERNO GENERAL,INGRESOS,INGRESOS CORRIENTES,INGRESOS NO TRIBUTARIOS,TRANSFERENCIAS CORRIENTES,TRANSFERENCIAS DE OTRAS ENTIDADES DEL GOBIERNO GENERAL,No Aplica,No Aplica,No Aplica,No Aplica,No Aplica,,,,,,,,2021,Segundo Trimestre,348439267.0,348439267.0,,,,,,,,,,,,,,,,,,,,
5503245,20220901,218552585,Pupiales,1.1.01.02.214,IMPUESTO DE TRANSPORTE POR OLEODUCTOS Y GASODUCTOS,INGRESOS,INGRESOS CORRIENTES,INGRESOS TRIBUTARIOS,IMPUESTOS INDIRECTOS,IMPUESTO DE TRANSPORTE POR OLEODUCTOS Y GASODUCTOS,No Aplica,No Aplica,No Aplica,No Aplica,No Aplica,,,,,,,,2022,Tercer Trimestre,15000000.0,15000000.0,,,,,,,,,,,,,,,,,,,,
5503703,20210601,218552585,Pupiales,1.1.02.01.005,CONTRIBUCIONES DIVERSAS,INGRESOS,INGRESOS CORRIENTES,INGRESOS NO TRIBUTARIOS,CONTRIBUCIONES,CONTRIBUCIONES DIVERSAS,No Aplica,No Aplica,No Aplica,No Aplica,No Aplica,,,,,,,,2021,Segundo Trimestre,102000000.0,102000000.0,,,,,,,,,,,,,,,,,,,,
5504377,20210301,218552585,Pupiales,1.1.02.06.001.02,PARTICIPACION PARA SALUD,INGRESOS,INGRESOS CORRIENTES,INGRESOS NO TRIBUTARIOS,TRANSFERENCIAS CORRIENTES,SISTEMA GENERAL DE PARTICIPACIONES,PARTICIPACION PARA SALUD,No Aplica,No Aplica,No Aplica,No Aplica,,,,,,,,2021,Primer Trimestre,6167494767.0,6167494767.0,,,,,,,,,,,,,,,,,,,,
5504700,20220301,218552585,Pupiales,1.1.01.01,IMPUESTOS DIRECTOS,INGRESOS,INGRESOS CORRIENTES,INGRESOS TRIBUTARIOS,IMPUESTOS DIRECTOS,No Aplica,No Aplica,No Aplica,No Aplica,No Aplica,No Aplica,,,,,,,,2022,Primer Trimestre,367000000.0,367000000.0,,,,,,,,,,,,,,,,,,,,
5504906,20230301,218552585,Pupiales,1.1.02.05.002.09,"SERVICIOS PARA LA COMUNIDAD, SOCIALES Y PERSONALES",INGRESOS,INGRESOS CORRIENTES,INGRESOS NO TRIBUTARIOS,VENTA DE BIENES Y SERVICIOS,VENTAS INCIDENTALES DE ESTABLECIMIENTOS NO DE MERCADO,"SERVICIOS PARA LA COMUNIDAD, SOCIALES Y PERSONALES",No Aplica,No Aplica,No Aplica,No Aplica,,,,,,,,2023,Primer Trimestre,25000000.0,25000000.0,,,,,,,,,,,,,,,,,,,,
5504909,20220901,218552585,Pupiales,1.1.02.06.006,TRANSFERENCIAS DE OTRAS ENTIDADES DEL GOBIERNO GENERAL,INGRESOS,INGRESOS CORRIENTES,INGRESOS NO TRIBUTARIOS,TRANSFERENCIAS CORRIENTES,TRANSFERENCIAS DE OTRAS ENTIDADES DEL GOBIERNO GENERAL,No Aplica,No Aplica,No Aplica,No Aplica,No Aplica,,,,,,,,2022,Tercer Trimestre,660162867.0,348439267.0,,,,,,,,,,,,,,,,,,,,
5505193,20220901,218552585,Pupiales,1.1.02.02.095,PLAZA DE MERCADO,INGRESOS,INGRESOS CORRIENTES,INGRESOS NO TRIBUTARIOS,TASAS Y DERECHOS ADMINISTRATIVOS,PLAZA DE MERCADO,No Aplica,No Aplica,No Aplica,No Aplica,No Aplica,,,,,,,,2022,Tercer Trimestre,1000.0,1000.0,,,,,,,,,,,,,,,,,,,,
5505745,20221201,218552585,Pupiales,1.1.02.07.001.05,DERECHOS POR LA EXPLOTACION JUEGOS DE SUERTE Y AZAR DE RIFAS,INGRESOS,INGRESOS CORRIENTES,INGRESOS NO TRIBUTARIOS,PARTICIPACION Y DERECHOS POR MONOPOLIO,DERECHOS POR LA EXPLOTACION JUEGOS DE SUERTE Y AZAR,DERECHOS POR LA EXPLOTACION JUEGOS DE SUERTE Y AZAR DE RIFAS,No Aplica,No Aplica,No Aplica,No Aplica,,,,,,,,2022,Cuarto Trimestre,252471826.0,240105489.0,,,,,,,,,,,,,,,,,,,,
5506679,20220301,218552585,Pupiales,1.1.02.06.001.03.01,DEPORTE Y RECREACION,INGRESOS,INGRESOS CORRIENTES,INGRESOS NO TRIBUTARIOS,TRANSFERENCIAS CORRIENTES,SISTEMA GENERAL DE PARTICIPACIONES,PARTICIPACION PARA PROPOSITO GENERAL,DEPORTE Y RECREACION,No Aplica,No Aplica,No Aplica,,,,,,,,2022,Primer Trimestre,74600845.0,74600845.0,,,,,,,,,,,,,,,,,,,,
5506968,20220601,218552585,Pupiales,1.1.02.01.005.59,CONTRIBUCION ESPECIAL SOBRE CONTRATOS DE OBRAS PUBLICAS,INGRESOS,INGRESOS CORRIENTES,INGRESOS NO TRIBUTARIOS,CONTRIBUCIONES,CONTRIBUCIONES DIVERSAS,CONTRIBUCION ESPECIAL SOBRE CONTRATOS DE OBRAS PUBLICAS,No Aplica,No Aplica,No Aplica,No Aplica,,,,,,,,2022,Segundo Trimestre,100000000.0,100000000.0,,,,,,,,,,,,,,,,,,,,
5507372,20210601,218552585,Pupiales,1.2.10.02,SUPERAVIT FISCAL,INGRESOS,RECURSOS DE CAPITAL,RECURSOS DEL BALANCE,SUPERAVIT FISCAL,No Aplica,No Aplica,No Aplica,No Aplica,No Aplica,No Aplica,,,,,,,,2021,Segundo Trimestre,901621098.0,0.0,,,,,,,,,,,,,,,,,,,,
5507682,20221201,218552585,Pupiales,1.1.01.01.014,SOBRETASA AMBIENTAL,INGRESOS,INGRESOS CORRIENTES,INGRESOS TRIBUTARIOS,IMPUESTOS DIRECTOS,SOBRETASA AMBIENTAL,No Aplica,No Aplica,No Aplica,No Aplica,No Aplica,,,,,,,,2022,Cuarto Trimestre,65256049.0,45000000.0,,,,,,,,,,,,,,,,,,,,
5509516,20210601,218552585,Pupiales,1.1.02.06.009.01,SISTEMA GENERAL DE SEGURIDAD SOCIAL EN SALUD,INGRESOS,INGRESOS CORRIENTES,INGRESOS NO TRIBUTARIOS,TRANSFERENCIAS CORRIENTES,RECURSOS DEL SISTEMA DE SEGURIDAD SOCIAL INTEGRAL,SISTEMA GENERAL DE SEGURIDAD SOCIAL EN SALUD,No Aplica,No Aplica,No Aplica,No Aplica,,,,,,,,2021,Segundo Trimestre,7777949925.0,7777949925.0,,,,,,,,,,,,,,,,,,,,
5510987,20210601,218552585,Pupiales,1.1.02.06.009.01.06,RECURSOS ADRES - COFINANCIACION UPC REGIMEN SUBSIDIADO,INGRESOS,INGRESOS CORRIENTES,INGRESOS NO TRIBUTARIOS,TRANSFERENCIAS CORRIENTES,RECURSOS DEL SISTEMA DE SEGURIDAD SOCIAL INTEGRAL,SISTEMA GENERAL DE SEGURIDAD SOCIAL EN SALUD,RECURSOS ADRES - COFINANCIACION UPC REGIMEN SUBSIDIADO,No Aplica,No Aplica,No Aplica,,,,,,,,2021,Segundo Trimestre,7777949925.0,7777949925.0,,,,,,,,,,,,,,,,,,,,
5511742,20220901,218552585,Pupiales,1.1.02.03.001.11,SANCIONES TRIBUTARIAS,INGRESOS,INGRESOS CORRIENTES,INGRESOS NO TRIBUTARIOS,"MULTAS, SANCIONES E INTERESES DE MORA",MULTAS Y SANCIONES,SANCIONES TRIBUTARIAS,No Aplica,No Aplica,No Aplica,No Aplica,,,,,,,,2022,Tercer Trimestre,1000000.0,1000000.0,,,,,,,,,,,,,,,,,,,,
5514515,20211201,218552585,Pupiales,1.1.02.06.001.01,PARTICIPACION PARA EDUCACION,INGRESOS,INGRESOS CORRIENTES,INGRESOS NO TRIBUTARIOS,TRANSFERENCIAS CORRIENTES,SISTEMA GENERAL DE PARTICIPACIONES,PARTICIPACION PARA EDUCACION,No Aplica,No Aplica,No Aplica,No Aplica,,,,,,,,2021,Cuarto Trimestre,452760446.0,480000000.0,,,,,,,,,,,,,,,,,,,,
5515982,20220601,218552585,Pupiales,1.1.02.06.006.06,OTRAS UNIDADES DE GOBIERNO,INGRESOS,INGRESOS CORRIENTES,INGRESOS NO TRIBUTARIOS,TRANSFERENCIAS CORRIENTES,TRANSFERENCIAS DE OTRAS ENTIDADES DEL GOBIERNO GENERAL,OTRAS UNIDADES DE GOBIERNO,No Aplica,No Aplica,No Aplica,No Aplica,,,,,,,,2022,Segundo Trimestre,368438267.0,348438267.0,,,,,,,,,,,,,,,,,,,,
5516291,20220301,218552585,Pupiales,1.1.02.07.001.05,DERECHOS POR LA EXPLOTACION JUEGOS DE SUERTE Y AZAR DE RIFAS,INGRESOS,INGRESOS CORRIENTES,INGRESOS NO TRIBUTARIOS,PARTICIPACION Y DERECHOS POR MONOPOLIO,DERECHOS POR LA EXPLOTACION JUEGOS DE SUERTE Y AZAR,DERECHOS POR LA EXPLOTACION JUEGOS DE SUERTE Y AZAR DE RIFAS,No Aplica,No Aplica,No Aplica,No Aplica,,,,,,,,2022,Primer Trimestre,240105489.0,240105489.0,,,,,,,,,,,,,,,,,,,,
5517047,20221201,218552585,Pupiales,1.1.02.06.006.01,APORTES NACION,INGRESOS,INGRESOS CORRIENTES,INGRESOS NO TRIBUTARIOS,TRANSFERENCIAS CORRIENTES,TRANSFERENCIAS DE OTRAS ENTIDADES DEL GOBIERNO GENERAL,APORTES NACION,No Aplica,No Aplica,No Aplica,No Aplica,,,,,,,,2022,Cuarto Trimestre,0.0,1000.0,,,,,,,,,,,,,,,,,,,,
5517752,20211201,218552585,Pupiales,1.1.02.06.001,SISTEMA GENERAL DE PARTICIPACIONES,INGRESOS,INGRESOS CORRIENTES,INGRESOS NO TRIBUTARIOS,TRANSFERENCIAS CORRIENTES,SISTEMA GENERAL DE PARTICIPACIONES,No Aplica,No Aplica,No Aplica,No Aplica,No Aplica,,,,,,,,2021,Cuarto Trimestre,12193347175.0,11642754496.0,,,,,,,,,,,,,,,,,,,,
5517759,20220301,218552585,Pupiales,1.1.02.05.002.09,"SERVICIOS PARA LA COMUNIDAD, SOCIALES Y PERSONALES",INGRESOS,INGRESOS CORRIENTES,INGRESOS NO TRIBUTARIOS,VENTA DE BIENES Y SERVICIOS,VENTAS INCIDENTALES DE ESTABLECIMIENTOS NO DE MERCADO,"SERVICIOS PARA LA COMUNIDAD, SOCIALES Y PERSONALES",No Aplica,No Aplica,No Aplica,No Aplica,,,,,,,,2022,Primer Trimestre,15000000.0,15000000.0,,,,,,,,,,,,,,,,,,,,
5519832,20220901,218552585,Pupiales,1.1.01.02.300.55,ESTAMPILLA PRO CULTURA,INGRESOS,INGRESOS CORRIENTES,INGRESOS TRIBUTARIOS,IMPUESTOS INDIRECTOS,ESTAMPILLAS,ESTAMPILLA PRO CULTURA,No Aplica,No Aplica,No Aplica,No Aplica,,,,,,,,2022,Tercer Trimestre,100000000.0,100000000.0,,,,,,,,,,,,,,,,,,,,
5520193,20210901,218552585,Pupiales,1.1.01.02.214,IMPUESTO DE TRANSPORTE POR OLEODUCTOS Y GASODUCTOS,INGRESOS,INGRESOS CORRIENTES,INGRESOS TRIBUTARIOS,IMPUESTOS INDIRECTOS,IMPUESTO DE TRANSPORTE POR OLEODUCTOS Y GASODUCTOS,No Aplica,No Aplica,No Aplica,No Aplica,No Aplica,,,,,,,,2021,Tercer Trimestre,30000000.0,30000000.0,,,,,,,,,,,,,,,,,,,,
5520689,20210901,218552585,Pupiales,1.2.01.02.003,DISPOSICION DE ACTIVOS NO PRODUCIDOS,INGRESOS,RECURSOS DE CAPITAL,DISPOSICION DE ACTIVOS,DISPOSICION DE ACTIVOS NO FINANCIEROS,DISPOSICION DE ACTIVOS NO PRODUCIDOS,No Aplica,No Aplica,No Aplica,No Aplica,No Aplica,,,,,,,,2021,Tercer Trimestre,242000000.0,0.0,,,,,,,,,,,,,,,,,,,,
5522987,20220301,218552585,Pupiales,1.1.02.03.001.22,MULTAS AMBIENTALES,INGRESOS,INGRESOS CORRIENTES,INGRESOS NO TRIBUTARIOS,"MULTAS, SANCIONES E INTERESES DE MORA",MULTAS Y SANCIONES,MULTAS AMBIENTALES,No Aplica,No Aplica,No Aplica,No Aplica,,,,,,,,2022,Primer Trimestre,1000.0,1000.0,,,,,,,,,,,,,,,,,,,,
5524027,20220901,218552585,Pupiales,1.1.02.05.002.07,SERVICIOS FINANCIEROS Y SERVICIOS CONEXOS; SERVICIOS INMOBILIARIOS; Y SERVICIOS DE ARRENDAMIENTO Y LEASING,INGRESOS,INGRESOS CORRIENTES,INGRESOS NO TRIBUTARIOS,VENTA DE BIENES Y SERVICIOS,VENTAS INCIDENTALES DE ESTABLECIMIENTOS NO DE MERCADO,SERVICIOS FINANCIEROS Y SERVICIOS CONEXOS; SERVICIOS INMOBILIARIOS; Y SERVICIOS DE ARRENDAMIENTO Y LEASING,No Aplica,No Aplica,No Aplica,No Aplica,,,,,,,,2022,Tercer Trimestre,968120000.0,978000000.0,,,,,,,,,,,,,,,,,,,,
5524650,20220901,218552585,Pupiales,1.1.02.06.001.02.01,REGIMEN SUBSIDIADO,INGRESOS,INGRESOS CORRIENTES,INGRESOS NO TRIBUTARIOS,TRANSFERENCIAS CORRIENTES,SISTEMA GENERAL DE PARTICIPACIONES,PARTICIPACION PARA SALUD,REGIMEN SUBSIDIADO,No Aplica,No Aplica,No Aplica,,,,,,,,2022,Tercer Trimestre,6668054067.0,6468544850.0,,,,,,,,,,,,,,,,,,,,
5526064,20210301,218552585,Pupiales,1.1.02.06.001.03.01,DEPORTE Y RECREACION,INGRESOS,INGRESOS CORRIENTES,INGRESOS NO TRIBUTARIOS,TRANSFERENCIAS CORRIENTES,SISTEMA GENERAL DE PARTICIPACIONES,PARTICIPACION PARA PROPOSITO GENERAL,DEPORTE Y RECREACION,No Aplica,No Aplica,No Aplica,,,,,,,,2021,Primer Trimestre,92583992.0,92583992.0,,,,,,,,,,,,,,,,,,,,
5526833,20210301,218552585,Pupiales,1.1.02.06.001.01.03.01,CALIDADPOR MATRICULA OFICIAL,INGRESOS,INGRESOS CORRIENTES,INGRESOS NO TRIBUTARIOS,TRANSFERENCIAS CORRIENTES,SISTEMA GENERAL DE PARTICIPACIONES,PARTICIPACION PARA EDUCACION,CALIDAD,CALIDADPOR MATRICULA OFICIAL,No Aplica,No Aplica,,,,,,,,2021,Primer Trimestre,250000000.0,250000000.0,,,,,,,,,,,,,,,,,,,,
5526869,20210601,218552585,Pupiales,1.1.02.06.003.01.02,PARTICIPACION DEL IMPUESTO SOBRE VEHICULOS AUTOMOTORES,INGRESOS,INGRESOS CORRIENTES,INGRESOS NO TRIBUTARIOS,TRANSFERENCIAS CORRIENTES,PARTICIPACIONES DISTINTAS DEL SGP,PARTICIPACION EN IMPUESTOS,PARTICIPACION DEL IMPUESTO SOBRE VEHICULOS AUTOMOTORES,No Aplica,No Aplica,No Aplica,,,,,,,,2021,Segundo Trimestre,45000000.0,45000000.0,,,,,,,,,,,,,,,,,,,,
5527440,20211201,218552585,Pupiales,1.1.02.07.001.05,DERECHOS POR LA EXPLOTACION JUEGOS DE SUERTE Y AZAR DE RIFAS,INGRESOS,INGRESOS CORRIENTES,INGRESOS NO TRIBUTARIOS,PARTICIPACION Y DERECHOS POR MONOPOLIO,DERECHOS POR LA EXPLOTACION JUEGOS DE SUERTE Y AZAR,DERECHOS POR LA EXPLOTACION JUEGOS DE SUERTE Y AZAR DE RIFAS,No Aplica,No Aplica,No Aplica,No Aplica,,,,,,,,2021,Cuarto Trimestre,186350803.0,275493292.0,,,,,,,,,,,,,,,,,,,,
5527888,20230301,218552585,Pupiales,1.2.13,REINTEGROS Y OTROS RECURSOS NO APROPIADOS,INGRESOS,RECURSOS DE CAPITAL,REINTEGROS Y OTROS RECURSOS NO APROPIADOS,No Aplica,No Aplica,No Aplica,No Aplica,No Aplica,No Aplica,No Aplica,,,,,,,,2023,Primer Trimestre,17000000.0,17000000.0,,,,,,,,,,,,,,,,,,,,
5528690,20221201,218552585,Pupiales,1.1.02.05.002.08,SERVICIOS PRESTADOS A LAS EMPRESAS Y SERVICIOS DE PRODUCCION,INGRESOS,INGRESOS CORRIENTES,INGRESOS NO TRIBUTARIOS,VENTA DE BIENES Y SERVICIOS,VENTAS INCIDENTALES DE ESTABLECIMIENTOS NO DE MERCADO,SERVICIOS PRESTADOS A LAS EMPRESAS Y SERVICIOS DE PRODUCCION,No Aplica,No Aplica,No Aplica,No Aplica,,,,,,,,2022,Cuarto Trimestre,0.0,1000.0,,,,,,,,,,,,,,,,,,,,
5529422,20210301,218552585,Pupiales,1,INGRESOS,INGRESOS,No Aplica,No Aplica,No Aplica,No Aplica,No Aplica,No Aplica,No Aplica,No Aplica,No Aplica,,,,,,,,2021,Primer Trimestre,23020162707.0,21433973970.0,,,,,,,,,,,,,,,,,,,,
5530305,20220601,218552585,Pupiales,1.1.02.06.006.01,APORTES NACION,INGRESOS,INGRESOS CORRIENTES,INGRESOS NO TRIBUTARIOS,TRANSFERENCIAS CORRIENTES,TRANSFERENCIAS DE OTRAS ENTIDADES DEL GOBIERNO GENERAL,APORTES NACION,No Aplica,No Aplica,No Aplica,No Aplica,,,,,,,,2022,Segundo Trimestre,1000.0,1000.0,,,,,,,,,,,,,,,,,,,,
5530423,20230601,218552585,Pupiales,1.1.02.06.001.01,PARTICIPACION PARA EDUCACION,INGRESOS,INGRESOS CORRIENTES,INGRESOS NO TRIBUTARIOS,TRANSFERENCIAS CORRIENTES,SISTEMA GENERAL DE PARTICIPACIONES,PARTICIPACION PARA EDUCACION,No Aplica,No Aplica,No Aplica,No Aplica,,,,,,,,2023,Segundo Trimestre,403997813.0,397461745.0,,,,,,,,,,,,,,,,,,,,
5531319,20220301,218552585,Pupiales,1.1.01.02.200.01,IMPUESTO DE INDUSTRIA Y COMERCIO - SOBRE ACTIVIDADES COMERCIALES,INGRESOS,INGRESOS CORRIENTES,INGRESOS TRIBUTARIOS,IMPUESTOS INDIRECTOS,IMPUESTO DE INDUSTRIA Y COMERCIO,IMPUESTO DE INDUSTRIA Y COMERCIO - SOBRE ACTIVIDADES COMERCIALES,No Aplica,No Aplica,No Aplica,No Aplica,,,,,,,,2022,Primer Trimestre,235000000.0,235000000.0,,,,,,,,,,,,,,,,,,,,
5531418,20230601,218552585,Pupiales,1.1.02.03.001.11,SANCIONES TRIBUTARIAS,INGRESOS,INGRESOS CORRIENTES,INGRESOS NO TRIBUTARIOS,"MULTAS, SANCIONES E INTERESES DE MORA",MULTAS Y SANCIONES,SANCIONES TRIBUTARIAS,No Aplica,No Aplica,No Aplica,No Aplica,,,,,,,,2023,Segundo Trimestre,100000.0,100000.0,,,,,,,,,,,,,,,,,,,,
5531453,20230301,218552585,Pupiales,1.1.02.05.002,VENTAS INCIDENTALES DE ESTABLECIMIENTOS NO DE MERCADO,INGRESOS,INGRESOS CORRIENTES,INGRESOS NO TRIBUTARIOS,VENTA DE BIENES Y SERVICIOS,VENTAS INCIDENTALES DE ESTABLECIMIENTOS NO DE MERCADO,No Aplica,No Aplica,No Aplica,No Aplica,No Aplica,,,,,,,,2023,Primer Trimestre,25000000.0,25000000.0,,,,,,,,,,,,,,,,,,,,
5531529,20210901,218552585,Pupiales,1.1.02.07,PARTICIPACION Y DERECHOS POR MONOPOLIO,INGRESOS,INGRESOS CORRIENTES,INGRESOS NO TRIBUTARIOS,PARTICIPACION Y DERECHOS POR MONOPOLIO,No Aplica,No Aplica,No Aplica,No Aplica,No Aplica,No Aplica,,,,,,,,2021,Tercer Trimestre,240105489.0,275493292.0,,,,,,,,,,,,,,,,,,,,
5531950,20220301,218552585,Pupiales,1.1.02.06.009.01,SISTEMA GENERAL DE SEGURIDAD SOCIAL EN SALUD,INGRESOS,INGRESOS CORRIENTES,INGRESOS NO TRIBUTARIOS,TRANSFERENCIAS CORRIENTES,RECURSOS DEL SISTEMA DE SEGURIDAD SOCIAL INTEGRAL,SISTEMA GENERAL DE SEGURIDAD SOCIAL EN SALUD,No Aplica,No Aplica,No Aplica,No Aplica,,,,,,,,2022,Primer Trimestre,7844630553.0,7844630553.0,,,,,,,,,,,,,,,,,,,,
5532031,20220301,218552585,Pupiales,1.1.01.02.202,IMPUESTO A LA PUBLICIDAD EXTERIOR VISUAL,INGRESOS,INGRESOS CORRIENTES,INGRESOS TRIBUTARIOS,IMPUESTOS INDIRECTOS,IMPUESTO A LA PUBLICIDAD EXTERIOR VISUAL,No Aplica,No Aplica,No Aplica,No Aplica,No Aplica,,,,,,,,2022,Primer Trimestre,1000.0,1000.0,,,,,,,,,,,,,,,,,,,,
5532907,20221201,218552585,Pupiales,1.1.02.02.095,PLAZA DE MERCADO,INGRESOS,INGRESOS CORRIENTES,INGRESOS NO TRIBUTARIOS,TASAS Y DERECHOS ADMINISTRATIVOS,PLAZA DE MERCADO,No Aplica,No Aplica,No Aplica,No Aplica,No Aplica,,,,,,,,2022,Cuarto Trimestre,0.0,1000.0,,,,,,,,,,,,,,,,,,,,
5532999,20220301,218552585,Pupiales,1.1.02.02.087,TASAS POR EL DERECHO DE PARQUEO SOBRE LAS VIAS PUBLICAS,INGRESOS,INGRESOS CORRIENTES,INGRESOS NO TRIBUTARIOS,TASAS Y DERECHOS ADMINISTRATIVOS,TASAS POR EL DERECHO DE PARQUEO SOBRE LAS VIAS PUBLICAS,No Aplica,No Aplica,No Aplica,No Aplica,No Aplica,,,,,,,,2022,Primer Trimestre,1000.0,1000.0,,,,,,,,,,,,,,,,,,,,
5533194,20210601,218552585,Pupiales,1.2.10,RECURSOS DEL BALANCE,INGRESOS,RECURSOS DE CAPITAL,RECURSOS DEL BALANCE,No Aplica,No Aplica,No Aplica,No Aplica,No Aplica,No Aplica,No Aplica,,,,,,,,2021,Segundo Trimestre,901621098.0,0.0,,,,,,,,,,,,,,,,,,,,
5533206,20210901,218552585,Pupiales,1.1.01.01.014,SOBRETASA AMBIENTAL,INGRESOS,INGRESOS CORRIENTES,INGRESOS TRIBUTARIOS,IMPUESTOS DIRECTOS,SOBRETASA AMBIENTAL,No Aplica,No Aplica,No Aplica,No Aplica,No Aplica,,,,,,,,2021,Tercer Trimestre,61273043.0,45000000.0,,,,,,,,,,,,,,,,,,,,
5533310,20210901,218552585,Pupiales,1.2.07.01,RECURSOS DE CONTRATOS DE EMPRESTITOS INTERNOS,INGRESOS,RECURSOS DE CAPITAL,RECURSOS DE CREDITO INTERNO,RECURSOS DE CONTRATOS DE EMPRESTITOS INTERNOS,No Aplica,No Aplica,No Aplica,No Aplica,No Aplica,No Aplica,,,,,,,,2021,Tercer Trimestre,1889000000.0,0.0,,,,,,,,,,,,,,,,,,,,
5533826,20220901,218552585,Pupiales,1.1.01.02.200,IMPUESTO DE INDUSTRIA Y COMERCIO,INGRESOS,INGRESOS CORRIENTES,INGRESOS TRIBUTARIOS,IMPUESTOS INDIRECTOS,IMPUESTO DE INDUSTRIA Y COMERCIO,No Aplica,No Aplica,No Aplica,No Aplica,No Aplica,,,,,,,,2022,Tercer Trimestre,306204286.0,250000000.0,,,,,,,,,,,,,,,,,,,,
5534471,20220301,218552585,Pupiales,1.1.02.06.001.01.03,CALIDAD,INGRESOS,INGRESOS CORRIENTES,INGRESOS NO TRIBUTARIOS,TRANSFERENCIAS CORRIENTES,SISTEMA GENERAL DE PARTICIPACIONES,PARTICIPACION PARA EDUCACION,CALIDAD,No Aplica,No Aplica,No Aplica,,,,,,,,2022,Primer Trimestre,447913893.0,452760446.0,,,,,,,,,,,,,,,,,,,,
5535215,20220301,218552585,Pupiales,1.1.02.06.001.05,AGUA POTABLE Y SANEAMIENTO BASICO,INGRESOS,INGRESOS CORRIENTES,INGRESOS NO TRIBUTARIOS,TRANSFERENCIAS CORRIENTES,SISTEMA GENERAL DE PARTICIPACIONES,AGUA POTABLE Y SANEAMIENTO BASICO,No Aplica,No Aplica,No Aplica,No Aplica,,,,,,,,2022,Primer Trimestre,1044588653.0,1150677680.0,,,,,,,,,,,,,,,,,,,,
5535510,20210301,218552585,Pupiales,1.1.01.02.204,IMPUESTO DE DELINEACION,INGRESOS,INGRESOS CORRIENTES,INGRESOS TRIBUTARIOS,IMPUESTOS INDIRECTOS,IMPUESTO DE DELINEACION,No Aplica,No Aplica,No Aplica,No Aplica,No Aplica,,,,,,,,2021,Primer Trimestre,2000000.0,2000000.0,,,,,,,,,,,,,,,,,,,,
5536070,20220901,218552585,Pupiales,1.1.02.03.001,MULTAS Y SANCIONES,INGRESOS,INGRESOS CORRIENTES,INGRESOS NO TRIBUTARIOS,"MULTAS, SANCIONES E INTERESES DE MORA",MULTAS Y SANCIONES,No Aplica,No Aplica,No Aplica,No Aplica,No Aplica,,,,,,,,2022,Tercer Trimestre,76629962.0,27001000.0,,,,,,,,,,,,,,,,,,,,
5536177,20220901,218552585,Pupiales,1.1.01.02.300,ESTAMPILLAS,INGRESOS,INGRESOS CORRIENTES,INGRESOS TRIBUTARIOS,IMPUESTOS INDIRECTOS,ESTAMPILLAS,No Aplica,No Aplica,No Aplica,No Aplica,No Aplica,,,,,,,,2022,Tercer Trimestre,250000000.0,250000000.0,,,,,,,,,,,,,,,,,,,,
5536536,20210901,218552585,Pupiales,1.1.02.06.001.04,ASIGNACIONES ESPECIALES,INGRESOS,INGRESOS CORRIENTES,INGRESOS NO TRIBUTARIOS,TRANSFERENCIAS CORRIENTES,SISTEMA GENERAL DE PARTICIPACIONES,ASIGNACIONES ESPECIALES,No Aplica,No Aplica,No Aplica,No Aplica,,,,,,,,2021,Tercer Trimestre,106780601.0,95795638.0,,,,,,,,,,,,,,,,,,,,
5538914,20230601,218552585,Pupiales,1,INGRESOS,INGRESOS,No Aplica,No Aplica,No Aplica,No Aplica,No Aplica,No Aplica,No Aplica,No Aplica,No Aplica,,,,,,,,2023,Segundo Trimestre,30657156522.0,22631983862.0,,,,,,,,,,,,,,,,,,,,
5539059,20210301,218552585,Pupiales,1.1.02.03.001.20.01,MULTAS CODIGO NACIONAL DE SEGURIDAD Y CONVIVENCIA CIUDADANA - MULTAS GENERALES,INGRESOS,INGRESOS CORRIENTES,INGRESOS NO TRIBUTARIOS,"MULTAS, SANCIONES E INTERESES DE MORA",MULTAS Y SANCIONES,MULTAS CODIGO NACIONAL DE SEGURIDAD Y CONVIVENCIA CIUDADANA,MULTAS CODIGO NACIONAL DE SEGURIDAD Y CONVIVENCIA CIUDADANA - MULTAS GENERALES,No Aplica,No Aplica,No Aplica,,,,,,,,2021,Primer Trimestre,20000000.0,20000000.0,,,,,,,,,,,,,,,,,,,,
5540750,20221201,218552585,Pupiales,1.1.01.02.211,IMPUESTO DE ALUMBRADO PUBLICO,INGRESOS,INGRESOS CORRIENTES,INGRESOS TRIBUTARIOS,IMPUESTOS INDIRECTOS,IMPUESTO DE ALUMBRADO PUBLICO,No Aplica,No Aplica,No Aplica,No Aplica,No Aplica,,,,,,,,2022,Cuarto Trimestre,25946261.0,1000000.0,,,,,,,,,,,,,,,,,,,,
5541688,20210301,218552585,Pupiales,1.1.02.06.001.03.02,CULTURA,INGRESOS,INGRESOS CORRIENTES,INGRESOS NO TRIBUTARIOS,TRANSFERENCIAS CORRIENTES,SISTEMA GENERAL DE PARTICIPACIONES,PARTICIPACION PARA PROPOSITO GENERAL,CULTURA,No Aplica,No Aplica,No Aplica,,,,,,,,2021,Primer Trimestre,69437994.0,69437994.0,,,,,,,,,,,,,,,,,,,,
5542006,20230601,218552585,Pupiales,1.1.01.01.200.02,IMPUESTO PREDIAL UNIFICADO - RURAL,INGRESOS,INGRESOS CORRIENTES,INGRESOS TRIBUTARIOS,IMPUESTOS DIRECTOS,IMPUESTO PREDIAL UNIFICADO,IMPUESTO PREDIAL UNIFICADO - RURAL,No Aplica,No Aplica,No Aplica,No Aplica,,,,,,,,2023,Segundo Trimestre,170000000.0,170000000.0,,,,,,,,,,,,,,,,,,,,
5542271,20220901,218552585,Pupiales,1.1.01.02.204,IMPUESTO DE DELINEACION,INGRESOS,INGRESOS CORRIENTES,INGRESOS TRIBUTARIOS,IMPUESTOS INDIRECTOS,IMPUESTO DE DELINEACION,No Aplica,No Aplica,No Aplica,No Aplica,No Aplica,,,,,,,,2022,Tercer Trimestre,10000000.0,10000000.0,,,,,,,,,,,,,,,,,,,,
5543007,20230301,218552585,Pupiales,1.1.01,INGRESOS TRIBUTARIOS,INGRESOS,INGRESOS CORRIENTES,INGRESOS TRIBUTARIOS,No Aplica,No Aplica,No Aplica,No Aplica,No Aplica,No Aplica,No Aplica,,,,,,,,2023,Primer Trimestre,703980150.0,703980150.0,,,,,,,,,,,,,,,,,,,,
5543087,20220601,218552585,Pupiales,1.1.02.06.001.01,PARTICIPACION PARA EDUCACION,INGRESOS,INGRESOS CORRIENTES,INGRESOS NO TRIBUTARIOS,TRANSFERENCIAS CORRIENTES,SISTEMA GENERAL DE PARTICIPACIONES,PARTICIPACION PARA EDUCACION,No Aplica,No Aplica,No Aplica,No Aplica,,,,,,,,2022,Segundo Trimestre,397461745.0,452760446.0,,,,,,,,,,,,,,,,,,,,
5543643,20220601,218552585,Pupiales,1.1.02.07.001.05,DERECHOS POR LA EXPLOTACION JUEGOS DE SUERTE Y AZAR DE RIFAS,INGRESOS,INGRESOS CORRIENTES,INGRESOS NO TRIBUTARIOS,PARTICIPACION Y DERECHOS POR MONOPOLIO,DERECHOS POR LA EXPLOTACION JUEGOS DE SUERTE Y AZAR,DERECHOS POR LA EXPLOTACION JUEGOS DE SUERTE Y AZAR DE RIFAS,No Aplica,No Aplica,No Aplica,No Aplica,,,,,,,,2022,Segundo Trimestre,240105489.0,240105489.0,,,,,,,,,,,,,,,,,,,,
5544442,20220901,218552585,Pupiales,1.2,RECURSOS DE CAPITAL,INGRESOS,RECURSOS DE CAPITAL,No Aplica,No Aplica,No Aplica,No Aplica,No Aplica,No Aplica,No Aplica,No Aplica,,,,,,,,2022,Tercer Trimestre,1767530363.0,119245366.0,,,,,,,,,,,,,,,,,,,,
5545034,20220601,218552585,Pupiales,1.1.01.02.211,IMPUESTO DE ALUMBRADO PUBLICO,INGRESOS,INGRESOS CORRIENTES,INGRESOS TRIBUTARIOS,IMPUESTOS INDIRECTOS,IMPUESTO DE ALUMBRADO PUBLICO,No Aplica,No Aplica,No Aplica,No Aplica,No Aplica,,,,,,,,2022,Segundo Trimestre,1000000.0,1000000.0,,,,,,,,,,,,,,,,,,,,
5545804,20230601,218552585,Pupiales,1.1.02.03.001.22,MULTAS AMBIENTALES,INGRESOS,INGRESOS CORRIENTES,INGRESOS NO TRIBUTARIOS,"MULTAS, SANCIONES E INTERESES DE MORA",MULTAS Y SANCIONES,MULTAS AMBIENTALES,No Aplica,No Aplica,No Aplica,No Aplica,,,,,,,,2023,Segundo Trimestre,1000.0,1000.0,,,,,,,,,,,,,,,,,,,,
5546189,20210601,218552585,Pupiales,1.1.02.06.001.02,PARTICIPACION PARA SALUD,INGRESOS,INGRESOS CORRIENTES,INGRESOS NO TRIBUTARIOS,TRANSFERENCIAS CORRIENTES,SISTEMA GENERAL DE PARTICIPACIONES,PARTICIPACION PARA SALUD,No Aplica,No Aplica,No Aplica,No Aplica,,,,,,,,2021,Segundo Trimestre,6889204937.0,6167494767.0,,,,,,,,,,,,,,,,,,,,
5546993,20220601,218552585,Pupiales,1.1.02.06.009.01.07,TRANSFERENCIA NACIONAL - FINANCIACION DEL REGIMEN SUBSIDIADO EN SALUD - LEY 1530 DE 2012,INGRESOS,INGRESOS CORRIENTES,INGRESOS NO TRIBUTARIOS,TRANSFERENCIAS CORRIENTES,RECURSOS DEL SISTEMA DE SEGURIDAD SOCIAL INTEGRAL,SISTEMA GENERAL DE SEGURIDAD SOCIAL EN SALUD,TRANSFERENCIA NACIONAL - FINANCIACION DEL REGIMEN SUBSIDIADO EN SALUD - LEY 1530 DE 2012,No Aplica,No Aplica,No Aplica,,,,,,,,2022,Segundo Trimestre,66680628.0,66680628.0,,,,,,,,,,,,,,,,,,,,
5547201,20210901,218552585,Pupiales,1.2.12,RETIROS FONPET,INGRESOS,RECURSOS DE CAPITAL,RETIROS FONPET,No Aplica,No Aplica,No Aplica,No Aplica,No Aplica,No Aplica,No Aplica,,,,,,,,2021,Tercer Trimestre,93251056.0,115729990.0,,,,,,,,,,,,,,,,,,,,
5547637,20210601,218552585,Pupiales,1.1.01.02.207,IMPUESTO DE CASINOS,INGRESOS,INGRESOS CORRIENTES,INGRESOS TRIBUTARIOS,IMPUESTOS INDIRECTOS,IMPUESTO DE CASINOS,No Aplica,No Aplica,No Aplica,No Aplica,No Aplica,,,,,,,,2021,Segundo Trimestre,1000.0,1000.0,,,,,,,,,,,,,,,,,,,,
5548449,20221201,218552585,Pupiales,1.1.01.02.214,IMPUESTO DE TRANSPORTE POR OLEODUCTOS Y GASODUCTOS,INGRESOS,INGRESOS CORRIENTES,INGRESOS TRIBUTARIOS,IMPUESTOS INDIRECTOS,IMPUESTO DE TRANSPORTE POR OLEODUCTOS Y GASODUCTOS,No Aplica,No Aplica,No Aplica,No Aplica,No Aplica,,,,,,,,2022,Cuarto Trimestre,29540025.0,15000000.0,,,,,,,,,,,,,,,,,,,,
5548586,20210601,218552585,Pupiales,1.1.02.05.002.08,SERVICIOS PRESTADOS A LAS EMPRESAS Y SERVICIOS DE PRODUCCION,INGRESOS,INGRESOS CORRIENTES,INGRESOS NO TRIBUTARIOS,VENTA DE BIENES Y SERVICIOS,VENTAS INCIDENTALES DE ESTABLECIMIENTOS NO DE MERCADO,SERVICIOS PRESTADOS A LAS EMPRESAS Y SERVICIOS DE PRODUCCION,No Aplica,No Aplica,No Aplica,No Aplica,,,,,,,,2021,Segundo Trimestre,1000.0,1000.0,,,,,,,,,,,,,,,,,,,,
5549640,20230601,218552585,Pupiales,1.1.01.02.200,IMPUESTO DE INDUSTRIA Y COMERCIO,INGRESOS,INGRESOS CORRIENTES,INGRESOS TRIBUTARIOS,IMPUESTOS INDIRECTOS,IMPUESTO DE INDUSTRIA Y COMERCIO,No Aplica,No Aplica,No Aplica,No Aplica,No Aplica,,,,,,,,2023,Segundo Trimestre,186000000.0,186000000.0,,,,,,,,,,,,,,,,,,,,
5551218,20220601,218552585,Pupiales,1.1.02.06.001.03.01,DEPORTE Y RECREACION,INGRESOS,INGRESOS CORRIENTES,INGRESOS NO TRIBUTARIOS,TRANSFERENCIAS CORRIENTES,SISTEMA GENERAL DE PARTICIPACIONES,PARTICIPACION PARA PROPOSITO GENERAL,DEPORTE Y RECREACION,No Aplica,No Aplica,No Aplica,,,,,,,,2022,Segundo Trimestre,95472028.0,74600845.0,,,,,,,,,,,,,,,,,,,,
5551239,20220901,218552585,Pupiales,1.1.01.01.200.01,IMPUESTO PREDIAL UNIFICADO - URBANO,INGRESOS,INGRESOS CORRIENTES,INGRESOS TRIBUTARIOS,IMPUESTOS DIRECTOS,IMPUESTO PREDIAL UNIFICADO,IMPUESTO PREDIAL UNIFICADO - URBANO,No Aplica,No Aplica,No Aplica,No Aplica,,,,,,,,2022,Tercer Trimestre,153000000.0,153000000.0,,,,,,,,,,,,,,,,,,,,
5552483,20230601,218552585,Pupiales,1.1.02.06.001.05,AGUA POTABLE Y SANEAMIENTO BASICO,INGRESOS,INGRESOS CORRIENTES,INGRESOS NO TRIBUTARIOS,TRANSFERENCIAS CORRIENTES,SISTEMA GENERAL DE PARTICIPACIONES,AGUA POTABLE Y SANEAMIENTO BASICO,No Aplica,No Aplica,No Aplica,No Aplica,,,,,,,,2023,Segundo Trimestre,1270412102.0,1034847946.0,,,,,,,,,,,,,,,,,,,,
5553398,20220901,218552585,Pupiales,1.1.02.07.001,DERECHOS POR LA EXPLOTACION JUEGOS DE SUERTE Y AZAR,INGRESOS,INGRESOS CORRIENTES,INGRESOS NO TRIBUTARIOS,PARTICIPACION Y DERECHOS POR MONOPOLIO,DERECHOS POR LA EXPLOTACION JUEGOS DE SUERTE Y AZAR,No Aplica,No Aplica,No Aplica,No Aplica,No Aplica,,,,,,,,2022,Tercer Trimestre,240105489.0,240105489.0,,,,,,,,,,,,,,,,,,,,
5554185,20230601,218552585,Pupiales,1.1.02.06.001.02.02,SALUD PUBLICA,INGRESOS,INGRESOS CORRIENTES,INGRESOS NO TRIBUTARIOS,TRANSFERENCIAS CORRIENTES,SISTEMA GENERAL DE PARTICIPACIONES,PARTICIPACION PARA SALUD,SALUD PUBLICA,No Aplica,No Aplica,No Aplica,,,,,,,,2023,Segundo Trimestre,246837972.0,237146410.0,,,,,,,,,,,,,,,,,,,,
5554467,20210901,218552585,Pupiales,1.1.01.02.207,IMPUESTO DE CASINOS,INGRESOS,INGRESOS CORRIENTES,INGRESOS TRIBUTARIOS,IMPUESTOS INDIRECTOS,IMPUESTO DE CASINOS,No Aplica,No Aplica,No Aplica,No Aplica,No Aplica,,,,,,,,2021,Tercer Trimestre,1000.0,1000.0,,,,,,,,,,,,,,,,,,,,
6103498,20230901,218552585,Pupiales,1.1.01.02.206,IMPUESTO A LAS VENTAS POR EL SISTEMA DE CLUBES,INGRESOS,INGRESOS CORRIENTES,INGRESOS TRIBUTARIOS,IMPUESTOS INDIRECTOS,IMPUESTO A LAS VENTAS POR EL SISTEMA DE CLUBES,No Aplica,No Aplica,No Aplica,No Aplica,No Aplica,,,,,,,,2023,Tercer Trimestre,1000.0,1000.0,,,,,,,,,,,,,,,,,,,,
6103516,20230901,218552585,Pupiales,1.1.02.06.009.01,SISTEMA GENERAL DE SEGURIDAD SOCIAL EN SALUD,INGRESOS,INGRESOS CORRIENTES,INGRESOS NO TRIBUTARIOS,TRANSFERENCIAS CORRIENTES,RECURSOS DEL SISTEMA DE SEGURIDAD SOCIAL INTEGRAL,SISTEMA GENERAL DE SEGURIDAD SOCIAL EN SALUD,No Aplica,No Aplica,No Aplica,No Aplica,,,,,,,,2023,Tercer Trimestre,13601782158.0,7777949925.0,,,,,,,,,,,,,,,,,,,,
6106249,20230901,218552585,Pupiales,1.1.01.02.200.01,IMPUESTO DE INDUSTRIA Y COMERCIO - SOBRE ACTIVIDADES COMERCIALES,INGRESOS,INGRESOS CORRIENTES,INGRESOS TRIBUTARIOS,IMPUESTOS INDIRECTOS,IMPUESTO DE INDUSTRIA Y COMERCIO,IMPUESTO DE INDUSTRIA Y COMERCIO - SOBRE ACTIVIDADES COMERCIALES,No Aplica,No Aplica,No Aplica,No Aplica,,,,,,,,2023,Tercer Trimestre,120000000.0,120000000.0,,,,,,,,,,,,,,,,,,,,
6106281,20230901,218552585,Pupiales,1.1.02.06.001.01.03,CALIDAD,INGRESOS,INGRESOS CORRIENTES,INGRESOS NO TRIBUTARIOS,TRANSFERENCIAS CORRIENTES,SISTEMA GENERAL DE PARTICIPACIONES,PARTICIPACION PARA EDUCACION,CALIDAD,No Aplica,No Aplica,No Aplica,,,,,,,,2023,Tercer Trimestre,403997813.0,397461745.0,,,,,,,,,,,,,,,,,,,,
6113530,20230901,218552585,Pupiales,1.1.02.06.003,PARTICIPACIONES DISTINTAS DEL SGP,INGRESOS,INGRESOS CORRIENTES,INGRESOS NO TRIBUTARIOS,TRANSFERENCIAS CORRIENTES,PARTICIPACIONES DISTINTAS DEL SGP,No Aplica,No Aplica,No Aplica,No Aplica,No Aplica,,,,,,,,2023,Tercer Trimestre,50000000.0,50000000.0,,,,,,,,,,,,,,,,,,,,
6113568,20230901,218552585,Pupiales,1.1.01.02.200.02,IMPUESTO DE INDUSTRIA Y COMERCIO - SOBRE ACTIVIDADES INDUSTRIALES,INGRESOS,INGRESOS CORRIENTES,INGRESOS TRIBUTARIOS,IMPUESTOS INDIRECTOS,IMPUESTO DE INDUSTRIA Y COMERCIO,IMPUESTO DE INDUSTRIA Y COMERCIO - SOBRE ACTIVIDADES INDUSTRIALES,No Aplica,No Aplica,No Aplica,No Aplica,,,,,,,,2023,Tercer Trimestre,6000000.0,6000000.0,,,,,,,,,,,,,,,,,,,,
6114289,20230901,218552585,Pupiales,1.1.02.06.001.02.01,REGIMEN SUBSIDIADO,INGRESOS,INGRESOS CORRIENTES,INGRESOS NO TRIBUTARIOS,TRANSFERENCIAS CORRIENTES,SISTEMA GENERAL DE PARTICIPACIONES,PARTICIPACION PARA SALUD,REGIMEN SUBSIDIADO,No Aplica,No Aplica,No Aplica,,,,,,,,2023,Tercer Trimestre,6952528779.0,6675307441.0,,,,,,,,,,,,,,,,,,,,
6116845,20230901,218552585,Pupiales,1.1.01.02.200,IMPUESTO DE INDUSTRIA Y COMERCIO,INGRESOS,INGRESOS CORRIENTES,INGRESOS TRIBUTARIOS,IMPUESTOS INDIRECTOS,IMPUESTO DE INDUSTRIA Y COMERCIO,No Aplica,No Aplica,No Aplica,No Aplica,No Aplica,,,,,,,,2023,Tercer Trimestre,186000000.0,186000000.0,,,,,,,,,,,,,,,,,,,,
6120456,20230901,218552585,Pupiales,1.1.02.06.009.01.06,RECURSOS ADRES - COFINANCIACION UPC REGIMEN SUBSIDIADO,INGRESOS,INGRESOS CORRIENTES,INGRESOS NO TRIBUTARIOS,TRANSFERENCIAS CORRIENTES,RECURSOS DEL SISTEMA DE SEGURIDAD SOCIAL INTEGRAL,SISTEMA GENERAL DE SEGURIDAD SOCIAL EN SALUD,RECURSOS ADRES - COFINANCIACION UPC REGIMEN SUBSIDIADO,No Aplica,No Aplica,No Aplica,,,,,,,,2023,Tercer Trimestre,13601782158.0,7777949925.0,,,,,,,,,,,,,,,,,,,,
6120927,20230901,218552585,Pupiales,1.1.01.02.207,IMPUESTO DE CASINOS,INGRESOS,INGRESOS CORRIENTES,INGRESOS TRIBUTARIOS,IMPUESTOS INDIRECTOS,IMPUESTO DE CASINOS,No Aplica,No Aplica,No Aplica,No Aplica,No Aplica,,,,,,,,2023,Tercer Trimestre,1000.0,1000.0,,,,,,,,,,,,,,,,,,,,
6126452,20230901,218552585,Pupiales,1.1.01.01.200.01,IMPUESTO PREDIAL UNIFICADO - URBANO,INGRESOS,INGRESOS CORRIENTES,INGRESOS TRIBUTARIOS,IMPUESTOS DIRECTOS,IMPUESTO PREDIAL UNIFICADO,IMPUESTO PREDIAL UNIFICADO - URBANO,No Aplica,No Aplica,No Aplica,No Aplica,,,,,,,,2023,Tercer Trimestre,155000000.0,155000000.0,,,,,,,,,,,,,,,,,,,,
6127038,20230901,218552585,Pupiales,1.2.10,RECURSOS DEL BALANCE,INGRESOS,RECURSOS DE CAPITAL,RECURSOS DEL BALANCE,No Aplica,No Aplica,No Aplica,No Aplica,No Aplica,No Aplica,No Aplica,,,,,,,,2023,Tercer Trimestre,1665647017.0,322403147.0,,,,,,,,,,,,,,,,,,,,
6128194,20230901,218552585,Pupiales,1.1.01.02.211,IMPUESTO DE ALUMBRADO PUBLICO,INGRESOS,INGRESOS CORRIENTES,INGRESOS TRIBUTARIOS,IMPUESTOS INDIRECTOS,IMPUESTO DE ALUMBRADO PUBLICO,No Aplica,No Aplica,No Aplica,No Aplica,No Aplica,,,,,,,,2023,Tercer Trimestre,1000000.0,1000000.0,,,,,,,,,,,,,,,,,,,,
6131026,20230901,218552585,Pupiales,1.1.01.02.300.01,ESTAMPILLA PARA EL BIENESTAR DEL ADULTO MAYOR,INGRESOS,INGRESOS CORRIENTES,INGRESOS TRIBUTARIOS,IMPUESTOS INDIRECTOS,ESTAMPILLAS,ESTAMPILLA PARA EL BIENESTAR DEL ADULTO MAYOR,No Aplica,No Aplica,No Aplica,No Aplica,,,,,,,,2023,Tercer Trimestre,220000000.0,220000000.0,,,,,,,,,,,,,,,,,,,,
6132736,20230901,218552585,Pupiales,1.1.02.06.003.01.02,PARTICIPACION DEL IMPUESTO SOBRE VEHICULOS AUTOMOTORES,INGRESOS,INGRESOS CORRIENTES,INGRESOS NO TRIBUTARIOS,TRANSFERENCIAS CORRIENTES,PARTICIPACIONES DISTINTAS DEL SGP,PARTICIPACION EN IMPUESTOS,PARTICIPACION DEL IMPUESTO SOBRE VEHICULOS AUTOMOTORES,No Aplica,No Aplica,No Aplica,,,,,,,,2023,Tercer Trimestre,50000000.0,50000000.0,,,,,,,,,,,,,,,,,,,,
6133060,20230901,218552585,Pupiales,1.1.02.06.001.03.04,"PROPOSITO GENERAL LIBRE DESTINACION MUNICIPIOS CATEGORIAS 4, 5 Y 6",INGRESOS,INGRESOS CORRIENTES,INGRESOS NO TRIBUTARIOS,TRANSFERENCIAS CORRIENTES,SISTEMA GENERAL DE PARTICIPACIONES,PARTICIPACION PARA PROPOSITO GENERAL,"PROPOSITO GENERAL LIBRE DESTINACION MUNICIPIOS CATEGORIAS 4, 5 Y 6",No Aplica,No Aplica,No Aplica,,,,,,,,2023,Tercer Trimestre,1921047422.0,1806472146.0,,,,,,,,,,,,,,,,,,,,
6133497,20230901,218552585,Pupiales,1.1.01.02.300.55,ESTAMPILLA PRO CULTURA,INGRESOS,INGRESOS CORRIENTES,INGRESOS TRIBUTARIOS,IMPUESTOS INDIRECTOS,ESTAMPILLAS,ESTAMPILLA PRO CULTURA,No Aplica,No Aplica,No Aplica,No Aplica,,,,,,,,2023,Tercer Trimestre,110000000.0,110000000.0,,,,,,,,,,,,,,,,,,,,
6133909,20230901,218552585,Pupiales,1.1.02.06.001.03.02,CULTURA,INGRESOS,INGRESOS CORRIENTES,INGRESOS NO TRIBUTARIOS,TRANSFERENCIAS CORRIENTES,SISTEMA GENERAL DE PARTICIPACIONES,PARTICIPACION PARA PROPOSITO GENERAL,CULTURA,No Aplica,No Aplica,No Aplica,,,,,,,,2023,Tercer Trimestre,74443682.0,73230040.0,,,,,,,,,,,,,,,,,,,,
6133949,20230901,218552585,Pupiales,1.1.01.02.216,IMPUESTO DE ESPECTACULOS PUBLICOS MUNICIPAL,INGRESOS,INGRESOS CORRIENTES,INGRESOS TRIBUTARIOS,IMPUESTOS INDIRECTOS,IMPUESTO DE ESPECTACULOS PUBLICOS MUNICIPAL,No Aplica,No Aplica,No Aplica,No Aplica,No Aplica,,,,,,,,2023,Tercer Trimestre,1000.0,1000.0,,,,,,,,,,,,,,,,,,,,
6135869,20230901,218552585,Pupiales,1.1.01.02.212,SOBRETASA BOMBERIL,INGRESOS,INGRESOS CORRIENTES,INGRESOS TRIBUTARIOS,IMPUESTOS INDIRECTOS,SOBRETASA BOMBERIL,No Aplica,No Aplica,No Aplica,No Aplica,No Aplica,,,,,,,,2023,Tercer Trimestre,12000000.0,12000000.0,,,,,,,,,,,,,,,,,,,,
6138058,20230901,218552585,Pupiales,1.1.01.01,IMPUESTOS DIRECTOS,INGRESOS,INGRESOS CORRIENTES,INGRESOS TRIBUTARIOS,IMPUESTOS DIRECTOS,No Aplica,No Aplica,No Aplica,No Aplica,No Aplica,No Aplica,,,,,,,,2023,Tercer Trimestre,385000000.0,385000000.0,,,,,,,,,,,,,,,,,,,,
6138874,20230901,218552585,Pupiales,1.1.01.01.200.02,IMPUESTO PREDIAL UNIFICADO - RURAL,INGRESOS,INGRESOS CORRIENTES,INGRESOS TRIBUTARIOS,IMPUESTOS DIRECTOS,IMPUESTO PREDIAL UNIFICADO,IMPUESTO PREDIAL UNIFICADO - RURAL,No Aplica,No Aplica,No Aplica,No Aplica,,,,,,,,2023,Tercer Trimestre,170000000.0,170000000.0,,,,,,,,,,,,,,,,,,,,
6140222,20230901,218552585,Pupiales,1.1.02.06.009,RECURSOS DEL SISTEMA DE SEGURIDAD SOCIAL INTEGRAL,INGRESOS,INGRESOS CORRIENTES,INGRESOS NO TRIBUTARIOS,TRANSFERENCIAS CORRIENTES,RECURSOS DEL SISTEMA DE SEGURIDAD SOCIAL INTEGRAL,No Aplica,No Aplica,No Aplica,No Aplica,No Aplica,,,,,,,,2023,Tercer Trimestre,13601782158.0,7777949925.0,,,,,,,,,,,,,,,,,,,,
6140228,20230901,218552585,Pupiales,1.1.02.06.003.01,PARTICIPACION EN IMPUESTOS,INGRESOS,INGRESOS CORRIENTES,INGRESOS NO TRIBUTARIOS,TRANSFERENCIAS CORRIENTES,PARTICIPACIONES DISTINTAS DEL SGP,PARTICIPACION EN IMPUESTOS,No Aplica,No Aplica,No Aplica,No Aplica,,,,,,,,2023,Tercer Trimestre,50000000.0,50000000.0,,,,,,,,,,,,,,,,,,,,
6141830,20230901,218552585,Pupiales,1.1.02.01.005.59,CONTRIBUCION ESPECIAL SOBRE CONTRATOS DE OBRAS PUBLICAS,INGRESOS,INGRESOS CORRIENTES,INGRESOS NO TRIBUTARIOS,CONTRIBUCIONES,CONTRIBUCIONES DIVERSAS,CONTRIBUCION ESPECIAL SOBRE CONTRATOS DE OBRAS PUBLICAS,No Aplica,No Aplica,No Aplica,No Aplica,,,,,,,,2023,Tercer Trimestre,110000000.0,110000000.0,,,,,,,,,,,,,,,,,,,,
6143305,20230901,218552585,Pupiales,1.1.01.02.204,IMPUESTO DE DELINEACION,INGRESOS,INGRESOS CORRIENTES,INGRESOS TRIBUTARIOS,IMPUESTOS INDIRECTOS,IMPUESTO DE DELINEACION,No Aplica,No Aplica,No Aplica,No Aplica,No Aplica,,,,,,,,2023,Tercer Trimestre,1000000.0,1000000.0,,,,,,,,,,,,,,,,,,,,
6144218,20230901,218552585,Pupiales,1.1.02.06.001.04,ASIGNACIONES ESPECIALES,INGRESOS,INGRESOS CORRIENTES,INGRESOS NO TRIBUTARIOS,TRANSFERENCIAS CORRIENTES,SISTEMA GENERAL DE PARTICIPACIONES,ASIGNACIONES ESPECIALES,No Aplica,No Aplica,No Aplica,No Aplica,,,,,,,,2023,Tercer Trimestre,84005434.0,75422799.0,,,,,,,,,,,,,,,,,,,,
6144561,20230901,218552585,Pupiales,1.1.02.06.001.03.01,DEPORTE Y RECREACION,INGRESOS,INGRESOS CORRIENTES,INGRESOS NO TRIBUTARIOS,TRANSFERENCIAS CORRIENTES,SISTEMA GENERAL DE PARTICIPACIONES,PARTICIPACION PARA PROPOSITO GENERAL,DEPORTE Y RECREACION,No Aplica,No Aplica,No Aplica,,,,,,,,2023,Tercer Trimestre,99258243.0,97640053.0,,,,,,,,,,,,,,,,,,,,
6144996,20230901,218552585,Pupiales,1.1.01.02,IMPUESTOS INDIRECTOS,INGRESOS,INGRESOS CORRIENTES,INGRESOS TRIBUTARIOS,IMPUESTOS INDIRECTOS,No Aplica,No Aplica,No Aplica,No Aplica,No Aplica,No Aplica,,,,,,,,2023,Tercer Trimestre,878004000.0,878004000.0,,,,,,,,,,,,,,,,,,,,
6146179,20230901,218552585,Pupiales,1.1.02.06.001.04.01,PROGRAMAS DE ALIMENTACION ESCOLAR,INGRESOS,INGRESOS CORRIENTES,INGRESOS NO TRIBUTARIOS,TRANSFERENCIAS CORRIENTES,SISTEMA GENERAL DE PARTICIPACIONES,ASIGNACIONES ESPECIALES,PROGRAMAS DE ALIMENTACION ESCOLAR,No Aplica,No Aplica,No Aplica,,,,,,,,2023,Tercer Trimestre,84005434.0,75422799.0,,,,,,,,,,,,,,,,,,,,
6148761,20230901,218552585,Pupiales,1.2,RECURSOS DE CAPITAL,INGRESOS,RECURSOS DE CAPITAL,No Aplica,No Aplica,No Aplica,No Aplica,No Aplica,No Aplica,No Aplica,No Aplica,,,,,,,,2023,Tercer Trimestre,1667647017.0,324403147.0,,,,,,,,,,,,,,,,,,,,
6148836,20230901,218552585,Pupiales,1.1.01.02.201,IMPUESTO COMPLEMENTARIO DE AVISOS Y TABLEROS,INGRESOS,INGRESOS CORRIENTES,INGRESOS TRIBUTARIOS,IMPUESTOS INDIRECTOS,IMPUESTO COMPLEMENTARIO DE AVISOS Y TABLEROS,No Aplica,No Aplica,No Aplica,No Aplica,No Aplica,,,,,,,,2023,Tercer Trimestre,28000000.0,28000000.0,,,,,,,,,,,,,,,,,,,,
6149714,20230901,218552585,Pupiales,1.1.02.06.001.03.03,PROPOSITO GENERAL LIBRE INVERSION,INGRESOS,INGRESOS CORRIENTES,INGRESOS NO TRIBUTARIOS,TRANSFERENCIAS CORRIENTES,SISTEMA GENERAL DE PARTICIPACIONES,PARTICIPACION PARA PROPOSITO GENERAL,PROPOSITO GENERAL LIBRE INVERSION,No Aplica,No Aplica,No Aplica,,,,,,,,2023,Tercer Trimestre,2355100284.0,2201731851.0,,,,,,,,,,,,,,,,,,,,
6150591,20230901,218552585,Pupiales,1.1.02.03.001.20.02,MULTAS CODIGO NACIONAL DE SEGURIDAD Y CONVIVENCIA CIUDADANA - MULTAS ESPECIALES,INGRESOS,INGRESOS CORRIENTES,INGRESOS NO TRIBUTARIOS,"MULTAS, SANCIONES E INTERESES DE MORA",MULTAS Y SANCIONES,MULTAS CODIGO NACIONAL DE SEGURIDAD Y CONVIVENCIA CIUDADANA,MULTAS CODIGO NACIONAL DE SEGURIDAD Y CONVIVENCIA CIUDADANA - MULTAS ESPECIALES,No Aplica,No Aplica,No Aplica,,,,,,,,2023,Tercer Trimestre,1000.0,1000.0,,,,,,,,,,,,,,,,,,,,
6151326,20230901,218552585,Pupiales,1.1.02.06.001.03,PARTICIPACION PARA PROPOSITO GENERAL,INGRESOS,INGRESOS CORRIENTES,INGRESOS NO TRIBUTARIOS,TRANSFERENCIAS CORRIENTES,SISTEMA GENERAL DE PARTICIPACIONES,PARTICIPACION PARA PROPOSITO GENERAL,No Aplica,No Aplica,No Aplica,No Aplica,,,,,,,,2023,Tercer Trimestre,4449849631.0,4179074090.0,,,,,,,,,,,,,,,,,,,,
6152527,20230901,218552585,Pupiales,1.1.02.03.001,MULTAS Y SANCIONES,INGRESOS,INGRESOS CORRIENTES,INGRESOS NO TRIBUTARIOS,"MULTAS, SANCIONES E INTERESES DE MORA",MULTAS Y SANCIONES,No Aplica,No Aplica,No Aplica,No Aplica,No Aplica,,,,,,,,2023,Tercer Trimestre,8102000.0,8102000.0,,,,,,,,,,,,,,,,,,,,
6153185,20230901,218552585,Pupiales,1,INGRESOS,INGRESOS,No Aplica,No Aplica,No Aplica,No Aplica,No Aplica,No Aplica,No Aplica,No Aplica,No Aplica,,,,,,,,2023,Tercer Trimestre,30657156522.0,22631983862.0,,,,,,,,,,,,,,,,,,,,
6155976,20230901,218552585,Pupiales,1.1.02.03.001.20.01,MULTAS CODIGO NACIONAL DE SEGURIDAD Y CONVIVENCIA CIUDADANA - MULTAS GENERALES,INGRESOS,INGRESOS CORRIENTES,INGRESOS NO TRIBUTARIOS,"MULTAS, SANCIONES E INTERESES DE MORA",MULTAS Y SANCIONES,MULTAS CODIGO NACIONAL DE SEGURIDAD Y CONVIVENCIA CIUDADANA,MULTAS CODIGO NACIONAL DE SEGURIDAD Y CONVIVENCIA CIUDADANA - MULTAS GENERALES,No Aplica,No Aplica,No Aplica,,,,,,,,2023,Tercer Trimestre,8000000.0,8000000.0,,,,,,,,,,,,,,,,,,,,
6156392,20230901,218552585,Pupiales,1.1.02.03,"MULTAS, SANCIONES E INTERESES DE MORA",INGRESOS,INGRESOS CORRIENTES,INGRESOS NO TRIBUTARIOS,"MULTAS, SANCIONES E INTERESES DE MORA",No Aplica,No Aplica,No Aplica,No Aplica,No Aplica,No Aplica,,,,,,,,2023,Tercer Trimestre,10102000.0,10102000.0,,,,,,,,,,,,,,,,,,,,
6158548,20230901,218552585,Pupiales,1.1.02.06.001.02,PARTICIPACION PARA SALUD,INGRESOS,INGRESOS CORRIENTES,INGRESOS NO TRIBUTARIOS,TRANSFERENCIAS CORRIENTES,SISTEMA GENERAL DE PARTICIPACIONES,PARTICIPACION PARA SALUD,No Aplica,No Aplica,No Aplica,No Aplica,,,,,,,,2023,Tercer Trimestre,7435961070.0,7129517210.0,,,,,,,,,,,,,,,,,,,,
6158700,20230901,218552585,Pupiales,1.1.02.02.087,TASAS POR EL DERECHO DE PARQUEO SOBRE LAS VIAS PUBLICAS,INGRESOS,INGRESOS CORRIENTES,INGRESOS NO TRIBUTARIOS,TASAS Y DERECHOS ADMINISTRATIVOS,TASAS POR EL DERECHO DE PARQUEO SOBRE LAS VIAS PUBLICAS,No Aplica,No Aplica,No Aplica,No Aplica,No Aplica,,,,,,,,2023,Tercer Trimestre,200000.0,200000.0,,,,,,,,,,,,,,,,,,,,
6164061,20230901,218552585,Pupiales,1.2.05.02,DEPOSITOS,INGRESOS,RECURSOS DE CAPITAL,RENDIMIENTOS FINANCIEROS,DEPOSITOS,No Aplica,No Aplica,No Aplica,No Aplica,No Aplica,No Aplica,,,,,,,,2023,Tercer Trimestre,2000000.0,2000000.0,,,,,,,,,,,,,,,,,,,,
6165379,20230901,218552585,Pupiales,1.1.02.06.001.02.04,SUBSIDIO A LA OFERTA,INGRESOS,INGRESOS CORRIENTES,INGRESOS NO TRIBUTARIOS,TRANSFERENCIAS CORRIENTES,SISTEMA GENERAL DE PARTICIPACIONES,PARTICIPACION PARA SALUD,SUBSIDIO A LA OFERTA,No Aplica,No Aplica,No Aplica,,,,,,,,2023,Tercer Trimestre,236594319.0,217063359.0,,,,,,,,,,,,,,,,,,,,
6167436,20230901,218552585,Pupiales,1.1.02,INGRESOS NO TRIBUTARIOS,INGRESOS,INGRESOS CORRIENTES,INGRESOS NO TRIBUTARIOS,No Aplica,No Aplica,No Aplica,No Aplica,No Aplica,No Aplica,No Aplica,,,,,,,,2023,Tercer Trimestre,27726505505.0,21044576715.0,,,,,,,,,,,,,,,,,,,,
6167907,20230901,218552585,Pupiales,1.1.01.02.214,IMPUESTO DE TRANSPORTE POR OLEODUCTOS Y GASODUCTOS,INGRESOS,INGRESOS CORRIENTES,INGRESOS TRIBUTARIOS,IMPUESTOS INDIRECTOS,IMPUESTO DE TRANSPORTE POR OLEODUCTOS Y GASODUCTOS,No Aplica,No Aplica,No Aplica,No Aplica,No Aplica,,,,,,,,2023,Tercer Trimestre,20000000.0,20000000.0,,,,,,,,,,,,,,,,,,,,
6167931,20230901,218552585,Pupiales,1.1.02.06.001.01,PARTICIPACION PARA EDUCACION,INGRESOS,INGRESOS CORRIENTES,INGRESOS NO TRIBUTARIOS,TRANSFERENCIAS CORRIENTES,SISTEMA GENERAL DE PARTICIPACIONES,PARTICIPACION PARA EDUCACION,No Aplica,No Aplica,No Aplica,No Aplica,,,,,,,,2023,Tercer Trimestre,403997813.0,397461745.0,,,,,,,,,,,,,,,,,,,,
6169557,20230901,218552585,Pupiales,1.1.02.06.001.02.02,SALUD PUBLICA,INGRESOS,INGRESOS CORRIENTES,INGRESOS NO TRIBUTARIOS,TRANSFERENCIAS CORRIENTES,SISTEMA GENERAL DE PARTICIPACIONES,PARTICIPACION PARA SALUD,SALUD PUBLICA,No Aplica,No Aplica,No Aplica,,,,,,,,2023,Tercer Trimestre,246837972.0,237146410.0,,,,,,,,,,,,,,,,,,,,
6172231,20230901,218552585,Pupiales,1.1.02.06.006,TRANSFERENCIAS DE OTRAS ENTIDADES DEL GOBIERNO GENERAL,INGRESOS,INGRESOS CORRIENTES,INGRESOS NO TRIBUTARIOS,TRANSFERENCIAS CORRIENTES,TRANSFERENCIAS DE OTRAS ENTIDADES DEL GOBIERNO GENERAL,No Aplica,No Aplica,No Aplica,No Aplica,No Aplica,,,,,,,,2023,Tercer Trimestre,280194297.0,250000000.0,,,,,,,,,,,,,,,,,,,,
6172260,20230901,218552585,Pupiales,1.1.01.01.014,SOBRETASA AMBIENTAL,INGRESOS,INGRESOS CORRIENTES,INGRESOS TRIBUTARIOS,IMPUESTOS DIRECTOS,SOBRETASA AMBIENTAL,No Aplica,No Aplica,No Aplica,No Aplica,No Aplica,,,,,,,,2023,Tercer Trimestre,60000000.0,60000000.0,,,,,,,,,,,,,,,,,,,,
6172735,20230901,218552585,Pupiales,1.1.01.02.202,IMPUESTO A LA PUBLICIDAD EXTERIOR VISUAL,INGRESOS,INGRESOS CORRIENTES,INGRESOS TRIBUTARIOS,IMPUESTOS INDIRECTOS,IMPUESTO A LA PUBLICIDAD EXTERIOR VISUAL,No Aplica,No Aplica,No Aplica,No Aplica,No Aplica,,,,,,,,2023,Tercer Trimestre,1000.0,1000.0,,,,,,,,,,,,,,,,,,,,
6173815,20230901,218552585,Pupiales,1.1.02.03.001.20,MULTAS CODIGO NACIONAL DE SEGURIDAD Y CONVIVENCIA CIUDADANA,INGRESOS,INGRESOS CORRIENTES,INGRESOS NO TRIBUTARIOS,"MULTAS, SANCIONES E INTERESES DE MORA",MULTAS Y SANCIONES,MULTAS CODIGO NACIONAL DE SEGURIDAD Y CONVIVENCIA CIUDADANA,No Aplica,No Aplica,No Aplica,No Aplica,,,,,,,,2023,Tercer Trimestre,8001000.0,8001000.0,,,,,,,,,,,,,,,,,,,,
6177594,20230901,218552585,Pupiales,1.1.02.06.001,SISTEMA GENERAL DE PARTICIPACIONES,INGRESOS,INGRESOS CORRIENTES,INGRESOS NO TRIBUTARIOS,TRANSFERENCIAS CORRIENTES,SISTEMA GENERAL DE PARTICIPACIONES,No Aplica,No Aplica,No Aplica,No Aplica,No Aplica,,,,,,,,2023,Tercer Trimestre,13644226050.0,12816323790.0,,,,,,,,,,,,,,,,,,,,
6177970,20230901,218552585,Pupiales,1.1.01.02.300,ESTAMPILLAS,INGRESOS,INGRESOS CORRIENTES,INGRESOS TRIBUTARIOS,IMPUESTOS INDIRECTOS,ESTAMPILLAS,No Aplica,No Aplica,No Aplica,No Aplica,No Aplica,,,,,,,,2023,Tercer Trimestre,330000000.0,330000000.0,,,,,,,,,,,,,,,,,,,,
6179843,20230901,218552585,Pupiales,1.1.01.01.200,IMPUESTO PREDIAL UNIFICADO,INGRESOS,INGRESOS CORRIENTES,INGRESOS TRIBUTARIOS,IMPUESTOS DIRECTOS,IMPUESTO PREDIAL UNIFICADO,No Aplica,No Aplica,No Aplica,No Aplica,No Aplica,,,,,,,,2023,Tercer Trimestre,325000000.0,325000000.0,,,,,,,,,,,,,,,,,,,,
6179963,20230901,218552585,Pupiales,1.1.01.01.014.02,SOBRETASA AMBIENTAL -RURAL,INGRESOS,INGRESOS CORRIENTES,INGRESOS TRIBUTARIOS,IMPUESTOS DIRECTOS,SOBRETASA AMBIENTAL,SOBRETASA AMBIENTAL -RURAL,No Aplica,No Aplica,No Aplica,No Aplica,,,,,,,,2023,Tercer Trimestre,31000000.0,31000000.0,,,,,,,,,,,,,,,,,,,,
6180174,20230901,218552585,Pupiales,1.1.02.05.002.09,"SERVICIOS PARA LA COMUNIDAD, SOCIALES Y PERSONALES",INGRESOS,INGRESOS CORRIENTES,INGRESOS NO TRIBUTARIOS,VENTA DE BIENES Y SERVICIOS,VENTAS INCIDENTALES DE ESTABLECIMIENTOS NO DE MERCADO,"SERVICIOS PARA LA COMUNIDAD, SOCIALES Y PERSONALES",No Aplica,No Aplica,No Aplica,No Aplica,,,,,,,,2023,Tercer Trimestre,30000000.0,30000000.0,,,,,,,,,,,,,,,,,,,,
6181288,20230901,218552585,Pupiales,1.1.02.05.002,VENTAS INCIDENTALES DE ESTABLECIMIENTOS NO DE MERCADO,INGRESOS,INGRESOS CORRIENTES,INGRESOS NO TRIBUTARIOS,VENTA DE BIENES Y SERVICIOS,VENTAS INCIDENTALES DE ESTABLECIMIENTOS NO DE MERCADO,No Aplica,No Aplica,No Aplica,No Aplica,No Aplica,,,,,,,,2023,Tercer Trimestre,30000000.0,30000000.0,,,,,,,,,,,,,,,,,,,,
6181622,20230901,218552585,Pupiales,1.1.02.01.005.63,PARTICIPACION EN LA PLUSVALIA,INGRESOS,INGRESOS CORRIENTES,INGRESOS NO TRIBUTARIOS,CONTRIBUCIONES,CONTRIBUCIONES DIVERSAS,PARTICIPACION EN LA PLUSVALIA,No Aplica,No Aplica,No Aplica,No Aplica,,,,,,,,2023,Tercer Trimestre,1000.0,1000.0,,,,,,,,,,,,,,,,,,,,
6187162,20230901,218552585,Pupiales,1.1.02.05,VENTA DE BIENES Y SERVICIOS,INGRESOS,INGRESOS CORRIENTES,INGRESOS NO TRIBUTARIOS,VENTA DE BIENES Y SERVICIOS,No Aplica,No Aplica,No Aplica,No Aplica,No Aplica,No Aplica,,,,,,,,2023,Tercer Trimestre,30000000.0,30000000.0,,,,,,,,,,,,,,,,,,,,
6188553,20230901,218552585,Pupiales,1.1.02.03.001.22,MULTAS AMBIENTALES,INGRESOS,INGRESOS CORRIENTES,INGRESOS NO TRIBUTARIOS,"MULTAS, SANCIONES E INTERESES DE MORA",MULTAS Y SANCIONES,MULTAS AMBIENTALES,No Aplica,No Aplica,No Aplica,No Aplica,,,,,,,,2023,Tercer Trimestre,1000.0,1000.0,,,,,,,,,,,,,,,,,,,,
6192287,20230901,218552585,Pupiales,1.2.10.02,SUPERAVIT FISCAL,INGRESOS,RECURSOS DE CAPITAL,RECURSOS DEL BALANCE,SUPERAVIT FISCAL,No Aplica,No Aplica,No Aplica,No Aplica,No Aplica,No Aplica,,,,,,,,2023,Tercer Trimestre,1665647017.0,322403147.0,,,,,,,,,,,,,,,,,,,,
6200511,20230901,218552585,Pupiales,1.1.01.02.109,SOBRETASA A LA GASOLINA,INGRESOS,INGRESOS CORRIENTES,INGRESOS TRIBUTARIOS,IMPUESTOS INDIRECTOS,SOBRETASA A LA GASOLINA,No Aplica,No Aplica,No Aplica,No Aplica,No Aplica,,,,,,,,2023,Tercer Trimestre,300000000.0,300000000.0,,,,,,,,,,,,,,,,,,,,
6201200,20230901,218552585,Pupiales,1.1.02.01,CONTRIBUCIONES,INGRESOS,INGRESOS CORRIENTES,INGRESOS NO TRIBUTARIOS,CONTRIBUCIONES,No Aplica,No Aplica,No Aplica,No Aplica,No Aplica,No Aplica,,,,,,,,2023,Tercer Trimestre,110001000.0,110001000.0,,,,,,,,,,,,,,,,,,,,
6202281,20230901,218552585,Pupiales,1.1.02.03.002,INTERESES DE MORA,INGRESOS,INGRESOS CORRIENTES,INGRESOS NO TRIBUTARIOS,"MULTAS, SANCIONES E INTERESES DE MORA",INTERESES DE MORA,No Aplica,No Aplica,No Aplica,No Aplica,No Aplica,,,,,,,,2023,Tercer Trimestre,2000000.0,2000000.0,,,,,,,,,,,,,,,,,,,,
6206336,20230901,218552585,Pupiales,1.1.02.03.001.11,SANCIONES TRIBUTARIAS,INGRESOS,INGRESOS CORRIENTES,INGRESOS NO TRIBUTARIOS,"MULTAS, SANCIONES E INTERESES DE MORA",MULTAS Y SANCIONES,SANCIONES TRIBUTARIAS,No Aplica,No Aplica,No Aplica,No Aplica,,,,,,,,2023,Tercer Trimestre,100000.0,100000.0,,,,,,,,,,,,,,,,,,,,
6207190,20230901,218552585,Pupiales,1.1.01.01.014.01,SOBRETASA AMBIENTAL - URBANO,INGRESOS,INGRESOS CORRIENTES,INGRESOS TRIBUTARIOS,IMPUESTOS DIRECTOS,SOBRETASA AMBIENTAL,SOBRETASA AMBIENTAL - URBANO,No Aplica,No Aplica,No Aplica,No Aplica,,,,,,,,2023,Tercer Trimestre,29000000.0,29000000.0,,,,,,,,,,,,,,,,,,,,
6211420,20230901,218552585,Pupiales,1.2.05,RENDIMIENTOS FINANCIEROS,INGRESOS,RECURSOS DE CAPITAL,RENDIMIENTOS FINANCIEROS,No Aplica,No Aplica,No Aplica,No Aplica,No Aplica,No Aplica,No Aplica,,,,,,,,2023,Tercer Trimestre,2000000.0,2000000.0,,,,,,,,,,,,,,,,,,,,
6212432,20230901,218552585,Pupiales,1.1.02.06.001.01.03.01,CALIDADPOR MATRICULA OFICIAL,INGRESOS,INGRESOS CORRIENTES,INGRESOS NO TRIBUTARIOS,TRANSFERENCIAS CORRIENTES,SISTEMA GENERAL DE PARTICIPACIONES,PARTICIPACION PARA EDUCACION,CALIDAD,CALIDADPOR MATRICULA OFICIAL,No Aplica,No Aplica,,,,,,,,2023,Tercer Trimestre,228419420.0,208219751.0,,,,,,,,,,,,,,,,,,,,
6214434,20230901,218552585,Pupiales,1.1,INGRESOS CORRIENTES,INGRESOS,INGRESOS CORRIENTES,No Aplica,No Aplica,No Aplica,No Aplica,No Aplica,No Aplica,No Aplica,No Aplica,,,,,,,,2023,Tercer Trimestre,28989509505.0,22307580715.0,,,,,,,,,,,,,,,,,,,,
6215344,20230901,218552585,Pupiales,1.1.01,INGRESOS TRIBUTARIOS,INGRESOS,INGRESOS CORRIENTES,INGRESOS TRIBUTARIOS,No Aplica,No Aplica,No Aplica,No Aplica,No Aplica,No Aplica,No Aplica,,,,,,,,2023,Tercer Trimestre,1263004000.0,1263004000.0,,,,,,,,,,,,,,,,,,,,
6221843,20230901,218552585,Pupiales,1.1.02.06.001.01.03.02,CALIDADPOR GRATUIDAD,INGRESOS,INGRESOS CORRIENTES,INGRESOS NO TRIBUTARIOS,TRANSFERENCIAS CORRIENTES,SISTEMA GENERAL DE PARTICIPACIONES,PARTICIPACION PARA EDUCACION,CALIDAD,CALIDADPOR GRATUIDAD,No Aplica,No Aplica,,,,,,,,2023,Tercer Trimestre,175578393.0,189241994.0,,,,,,,,,,,,,,,,,,,,
6224823,20230901,218552585,Pupiales,1.1.02.01.005,CONTRIBUCIONES DIVERSAS,INGRESOS,INGRESOS CORRIENTES,INGRESOS NO TRIBUTARIOS,CONTRIBUCIONES,CONTRIBUCIONES DIVERSAS,No Aplica,No Aplica,No Aplica,No Aplica,No Aplica,,,,,,,,2023,Tercer Trimestre,110001000.0,110001000.0,,,,,,,,,,,,,,,,,,,,
6225489,20230901,218552585,Pupiales,1.1.01.02.200.03,IMPUESTO DE INDUSTRIA Y COMERCIO - SOBRE ACTIVIDADES DE SERVICIOS,INGRESOS,INGRESOS CORRIENTES,INGRESOS TRIBUTARIOS,IMPUESTOS INDIRECTOS,IMPUESTO DE INDUSTRIA Y COMERCIO,IMPUESTO DE INDUSTRIA Y COMERCIO - SOBRE ACTIVIDADES DE SERVICIOS,No Aplica,No Aplica,No Aplica,No Aplica,,,,,,,,2023,Tercer Trimestre,60000000.0,60000000.0,,,,,,,,,,,,,,,,,,,,
6233375,20230901,218552585,Pupiales,1.1.02.06.001.05,AGUA POTABLE Y SANEAMIENTO BASICO,INGRESOS,INGRESOS CORRIENTES,INGRESOS NO TRIBUTARIOS,TRANSFERENCIAS CORRIENTES,SISTEMA GENERAL DE PARTICIPACIONES,AGUA POTABLE Y SANEAMIENTO BASICO,No Aplica,No Aplica,No Aplica,No Aplica,,,,,,,,2023,Tercer Trimestre,1270412102.0,1034847946.0,,,,,,,,,,,,,,,,,,,,
6236213,20230901,218552585,Pupiales,1.1.02.06,TRANSFERENCIAS CORRIENTES,INGRESOS,INGRESOS CORRIENTES,INGRESOS NO TRIBUTARIOS,TRANSFERENCIAS CORRIENTES,No Aplica,No Aplica,No Aplica,No Aplica,No Aplica,No Aplica,,,,,,,,2023,Tercer Trimestre,27576202505.0,20894273715.0,,,,,,,,,,,,,,,,,,,,
6236884,20230901,218552585,Pupiales,1.1.02.06.006.06,OTRAS UNIDADES DE GOBIERNO,INGRESOS,INGRESOS CORRIENTES,INGRESOS NO TRIBUTARIOS,TRANSFERENCIAS CORRIENTES,TRANSFERENCIAS DE OTRAS ENTIDADES DEL GOBIERNO GENERAL,OTRAS UNIDADES DE GOBIERNO,No Aplica,No Aplica,No Aplica,No Aplica,,,,,,,,2023,Tercer Trimestre,280194297.0,250000000.0,,,,,,,,,,,,,,,,,,,,
6236921,20230901,218552585,Pupiales,1.1.02.02,TASAS Y DERECHOS ADMINISTRATIVOS,INGRESOS,INGRESOS CORRIENTES,INGRESOS NO TRIBUTARIOS,TASAS Y DERECHOS ADMINISTRATIVOS,No Aplica,No Aplica,No Aplica,No Aplica,No Aplica,No Aplica,,,,,,,,2023,Tercer Trimestre,200000.0,200000.0,,,,,,,,,,,,,,,,,,,,
6247952,20230301,218552585,Pupiales,1.1.02.05.002,VENTAS INCIDENTALES DE ESTABLECIMIENTOS NO DE MERCADO,INGRESOS,INGRESOS CORRIENTES,INGRESOS NO TRIBUTARIOS,VENTA DE BIENES Y SERVICIOS,VENTAS INCIDENTALES DE ESTABLECIMIENTOS NO DE MERCADO,No Aplica,No Aplica,No Aplica,No Aplica,No Aplica,,,,,,,,2023,Primer Trimestre,,,6979220.0,NO APLICA,NO APLICA,NO APLICA,NO APLICA,NO APLICA,NO APLICA,NO APLICA,NO APLICA,NO APLICA,0.0,6979220.0,0.0,0.0,,,,,,
6248375,20230901,218552585,Pupiales,1.1.02.06.009.01.06,RECURSOS ADRES - COFINANCIACION UPC REGIMEN SUBSIDIADO,INGRESOS,INGRESOS CORRIENTES,INGRESOS NO TRIBUTARIOS,TRANSFERENCIAS CORRIENTES,RECURSOS DEL SISTEMA DE SEGURIDAD SOCIAL INTEGRAL,SISTEMA GENERAL DE SEGURIDAD SOCIAL EN SALUD,RECURSOS ADRES - COFINANCIACION UPC REGIMEN SUBSIDIADO,No Aplica,No Aplica,No Aplica,,,,,,,,2023,Tercer Trimestre,,,10197838251.0,NO APLICA,PARTICIPACIONES DISTINTAS DEL SGP CON DESTINACION ESPECIFICA LEGAL,NO APLICA,NO APLICA,NO APLICA,NO APLICA,MINISTERIO DE SALUD Y PROTECCION SOCIAL,NO APLICA,NO APLICA,0.0,10197838251.0,0.0,0.0,,,,,,
6249531,20230601,218552585,Pupiales,1.1.02,INGRESOS NO TRIBUTARIOS,INGRESOS,INGRESOS CORRIENTES,INGRESOS NO TRIBUTARIOS,No Aplica,No Aplica,No Aplica,No Aplica,No Aplica,No Aplica,No Aplica,,,,,,,,2023,Segundo Trimestre,,,14489766469.0,NO APLICA,NO APLICA,NO APLICA,NO APLICA,NO APLICA,NO APLICA,NO APLICA,NO APLICA,NO APLICA,0.0,14489766469.0,0.0,0.0,,,,,,
6250256,20230301,218552585,Pupiales,1.1.01.02.300,ESTAMPILLAS,INGRESOS,INGRESOS CORRIENTES,INGRESOS TRIBUTARIOS,IMPUESTOS INDIRECTOS,ESTAMPILLAS,No Aplica,No Aplica,No Aplica,No Aplica,No Aplica,,,,,,,,2023,Primer Trimestre,,,116633535.0,NO APLICA,NO APLICA,NO APLICA,NO APLICA,NO APLICA,NO APLICA,NO APLICA,NO APLICA,NO APLICA,0.0,116633535.0,0.0,0.0,,,,,,
6250398,20210901,218552585,Pupiales,1.2.10.02,SUPERAVIT FISCAL,INGRESOS,RECURSOS DE CAPITAL,RECURSOS DEL BALANCE,SUPERAVIT FISCAL,No Aplica,No Aplica,No Aplica,No Aplica,No Aplica,No Aplica,,,,,,,,2021,Tercer Trimestre,,,8441335.0,NO APLICA,1.3.3.1.10 - R.B. IMPUESTO AL CONSUMO DE CIGARRILLOS Y TABACO,NO,NO APLICA,NO APLICA,0,NO APLICA,NO APLICA,NO APLICA,0.0,8441335.0,0.0,0.0,,,,,,
6251994,20230601,218552585,Pupiales,1.1.01.02.200.03,IMPUESTO DE INDUSTRIA Y COMERCIO - SOBRE ACTIVIDADES DE SERVICIOS,INGRESOS,INGRESOS CORRIENTES,INGRESOS TRIBUTARIOS,IMPUESTOS INDIRECTOS,IMPUESTO DE INDUSTRIA Y COMERCIO,IMPUESTO DE INDUSTRIA Y COMERCIO - SOBRE ACTIVIDADES DE SERVICIOS,No Aplica,No Aplica,No Aplica,No Aplica,,,,,,,,2023,Segundo Trimestre,,,12000.0,NO APLICA,INGRESOS CORRIENTES DE LIBRE DESTINACION,NO APLICA,NO APLICA,NO APLICA,NO APLICA,E.S.P. EMPRESA DE TELECOMUNICACIONES DE BOGOTA S.A.,NO APLICA,NO APLICA,0.0,12000.0,0.0,0.0,,,,,,
6258432,20210601,218552585,Pupiales,1.2.07.01,RECURSOS DE CONTRATOS DE EMPRESTITOS INTERNOS,INGRESOS,RECURSOS DE CAPITAL,RECURSOS DE CREDITO INTERNO,RECURSOS DE CONTRATOS DE EMPRESTITOS INTERNOS,No Aplica,No Aplica,No Aplica,No Aplica,No Aplica,No Aplica,,,,,,,,2021,Segundo Trimestre,,,1889000000.0,NO APLICA,NO APLICA,NO,NO APLICA,NO APLICA,,NO APLICA,NO APLICA,NO APLICA,0.0,1889000000.0,0.0,0.0,,,,,,
6260911,20210301,218552585,Pupiales,1.1.02.06,TRANSFERENCIAS CORRIENTES,INGRESOS,INGRESOS CORRIENTES,INGRESOS NO TRIBUTARIOS,TRANSFERENCIAS CORRIENTES,No Aplica,No Aplica,No Aplica,No Aplica,No Aplica,No Aplica,,,,,,,,2021,Primer Trimestre,,,5115097828.0,NO APLICA,NO APLICA,NO,NO APLICA,NO APLICA,,NO APLICA,NO APLICA,NO APLICA,3993246084.0,1121851744.0,0.0,0.0,,,,,,
6262695,20220601,218552585,Pupiales,1.1.02.05.002,VENTAS INCIDENTALES DE ESTABLECIMIENTOS NO DE MERCADO,INGRESOS,INGRESOS CORRIENTES,INGRESOS NO TRIBUTARIOS,VENTA DE BIENES Y SERVICIOS,VENTAS INCIDENTALES DE ESTABLECIMIENTOS NO DE MERCADO,No Aplica,No Aplica,No Aplica,No Aplica,No Aplica,,,,,,,,2022,Segundo Trimestre,,,995599249.0,NO APLICA,NO APLICA,NO APLICA,NO APLICA,NO APLICA,NO APLICA,NO APLICA,NO APLICA,NO APLICA,0.0,995599249.0,0.0,0.0,,,,,,
6263795,20230601,218552585,Pupiales,1.1.01.02.212,SOBRETASA BOMBERIL,INGRESOS,INGRESOS CORRIENTES,INGRESOS TRIBUTARIOS,IMPUESTOS INDIRECTOS,SOBRETASA BOMBERIL,No Aplica,No Aplica,No Aplica,No Aplica,No Aplica,,,,,,,,2023,Segundo Trimestre,,,8901339.0,NO APLICA,SOBRETASA BOMBERIL,NO APLICA,NO APLICA,NO APLICA,NO APLICA,NO APLICA,NO APLICA,NO APLICA,0.0,8901339.0,0.0,0.0,,,,,,
6263815,20230301,218552585,Pupiales,1.1.02.06.001.03.03,PROPOSITO GENERAL LIBRE INVERSION,INGRESOS,INGRESOS CORRIENTES,INGRESOS NO TRIBUTARIOS,TRANSFERENCIAS CORRIENTES,SISTEMA GENERAL DE PARTICIPACIONES,PARTICIPACION PARA PROPOSITO GENERAL,PROPOSITO GENERAL LIBRE INVERSION,No Aplica,No Aplica,No Aplica,,,,,,,,2023,Primer Trimestre,,,300008352.0,NO APLICA,SGP-PROPOSITO GENERAL-PROPOSITO GENERAL LIBRE INVERSION,NO APLICA,NO APLICA,NO APLICA,NO APLICA,TESORO NACIONAL,NO APLICA,NO APLICA,0.0,300008352.0,0.0,0.0,,,,,,
6266784,20230601,218552585,Pupiales,1.1.01.02.200,IMPUESTO DE INDUSTRIA Y COMERCIO,INGRESOS,INGRESOS CORRIENTES,INGRESOS TRIBUTARIOS,IMPUESTOS INDIRECTOS,IMPUESTO DE INDUSTRIA Y COMERCIO,No Aplica,No Aplica,No Aplica,No Aplica,No Aplica,,,,,,,,2023,Segundo Trimestre,,,206343502.0,NO APLICA,NO APLICA,NO APLICA,NO APLICA,NO APLICA,NO APLICA,NO APLICA,NO APLICA,NO APLICA,0.0,206343502.0,0.0,0.0,,,,,,
6272092,20230301,218552585,Pupiales,1.1.02.06.009.01,SISTEMA GENERAL DE SEGURIDAD SOCIAL EN SALUD,INGRESOS,INGRESOS CORRIENTES,INGRESOS NO TRIBUTARIOS,TRANSFERENCIAS CORRIENTES,RECURSOS DEL SISTEMA DE SEGURIDAD SOCIAL INTEGRAL,SISTEMA GENERAL DE SEGURIDAD SOCIAL EN SALUD,No Aplica,No Aplica,No Aplica,No Aplica,,,,,,,,2023,Primer Trimestre,,,1371277380.0,NO APLICA,NO APLICA,NO APLICA,NO APLICA,NO APLICA,NO APLICA,NO APLICA,NO APLICA,NO APLICA,1371277380.0,0.0,0.0,0.0,,,,,,
6272321,20210301,218552585,Pupiales,1.1.02.06.003.01,PARTICIPACION EN IMPUESTOS,INGRESOS,INGRESOS CORRIENTES,INGRESOS NO TRIBUTARIOS,TRANSFERENCIAS CORRIENTES,PARTICIPACIONES DISTINTAS DEL SGP,PARTICIPACION EN IMPUESTOS,No Aplica,No Aplica,No Aplica,No Aplica,,,,,,,,2021,Primer Trimestre,,,11953980.0,NO APLICA,NO APLICA,NO,NO APLICA,NO APLICA,,NO APLICA,NO APLICA,NO APLICA,0.0,11953980.0,0.0,0.0,,,,,,
6272542,20230601,218552585,Pupiales,1.1.02.03.001,MULTAS Y SANCIONES,INGRESOS,INGRESOS CORRIENTES,INGRESOS NO TRIBUTARIOS,"MULTAS, SANCIONES E INTERESES DE MORA",MULTAS Y SANCIONES,No Aplica,No Aplica,No Aplica,No Aplica,No Aplica,,,,,,,,2023,Segundo Trimestre,,,5517344.0,NO APLICA,NO APLICA,NO APLICA,NO APLICA,NO APLICA,NO APLICA,NO APLICA,NO APLICA,NO APLICA,0.0,5517344.0,0.0,0.0,,,,,,
6272722,20230601,218552585,Pupiales,1.1.01.01.014.01,SOBRETASA AMBIENTAL - URBANO,INGRESOS,INGRESOS CORRIENTES,INGRESOS TRIBUTARIOS,IMPUESTOS DIRECTOS,SOBRETASA AMBIENTAL,SOBRETASA AMBIENTAL - URBANO,No Aplica,No Aplica,No Aplica,No Aplica,,,,,,,,2023,Segundo Trimestre,,,27757412.0,NO APLICA,SOBRETASA - PARTICIPACION AMBIENTAL - CORPORACIONES AUTONOMAS REGIONALES,NO APLICA,NO APLICA,NO APLICA,NO APLICA,NO APLICA,NO APLICA,NO APLICA,0.0,27757412.0,0.0,0.0,,,,,,
6272790,20210301,218552585,Pupiales,1.1.02,INGRESOS NO TRIBUTARIOS,INGRESOS,INGRESOS CORRIENTES,INGRESOS NO TRIBUTARIOS,No Aplica,No Aplica,No Aplica,No Aplica,No Aplica,No Aplica,No Aplica,,,,,,,,2021,Primer Trimestre,,,5181082113.0,NO APLICA,NO APLICA,NO,NO APLICA,NO APLICA,,NO APLICA,NO APLICA,NO APLICA,3993246084.0,1187836029.0,0.0,0.0,,,,,,
6273238,20211201,218552585,Pupiales,1.1.01.01,IMPUESTOS DIRECTOS,INGRESOS,INGRESOS CORRIENTES,INGRESOS TRIBUTARIOS,IMPUESTOS DIRECTOS,No Aplica,No Aplica,No Aplica,No Aplica,No Aplica,No Aplica,,,,,,,,2021,Cuarto Trimestre,,,526801355.0,NO APLICA,NO APLICA,NO APLICA,NO APLICA,NO APLICA,NO APLICA,NO APLICA,NO APLICA,NO APLICA,0.0,526801355.0,0.0,0.0,,,,,,
6274231,20220901,218552585,Pupiales,1.1.02.07,PARTICIPACION Y DERECHOS POR MONOPOLIO,INGRESOS,INGRESOS CORRIENTES,INGRESOS NO TRIBUTARIOS,PARTICIPACION Y DERECHOS POR MONOPOLIO,No Aplica,No Aplica,No Aplica,No Aplica,No Aplica,No Aplica,,,,,,,,2022,Tercer Trimestre,,,212502986.0,NO APLICA,NO APLICA,NO APLICA,NO APLICA,NO APLICA,NO APLICA,NO APLICA,NO APLICA,NO APLICA,161771628.0,50731358.0,0.0,0.0,,,,,,
6274488,20220901,218552585,Pupiales,1.1.01.02.200,IMPUESTO DE INDUSTRIA Y COMERCIO,INGRESOS,INGRESOS CORRIENTES,INGRESOS TRIBUTARIOS,IMPUESTOS INDIRECTOS,IMPUESTO DE INDUSTRIA Y COMERCIO,No Aplica,No Aplica,No Aplica,No Aplica,No Aplica,,,,,,,,2022,Tercer Trimestre,,,193984898.0,NO APLICA,NO APLICA,NO APLICA,NO APLICA,NO APLICA,NO APLICA,NO APLICA,NO APLICA,NO APLICA,0.0,193984898.0,0.0,0.0,,,,,,
6274515,20221201,218552585,Pupiales,1.1.02.06.006,TRANSFERENCIAS DE OTRAS ENTIDADES DEL GOBIERNO GENERAL,INGRESOS,INGRESOS CORRIENTES,INGRESOS NO TRIBUTARIOS,TRANSFERENCIAS CORRIENTES,TRANSFERENCIAS DE OTRAS ENTIDADES DEL GOBIERNO GENERAL,No Aplica,No Aplica,No Aplica,No Aplica,No Aplica,,,,,,,,2022,Cuarto Trimestre,,,733487318.0,NO APLICA,NO APLICA,NO APLICA,NO APLICA,NO APLICA,NO APLICA,NO APLICA,NO APLICA,NO APLICA,713349318.0,20138000.0,0.0,0.0,,,,,,
6277126,20220901,218552585,Pupiales,1.1.02.06.009.01,SISTEMA GENERAL DE SEGURIDAD SOCIAL EN SALUD,INGRESOS,INGRESOS CORRIENTES,INGRESOS NO TRIBUTARIOS,TRANSFERENCIAS CORRIENTES,RECURSOS DEL SISTEMA DE SEGURIDAD SOCIAL INTEGRAL,SISTEMA GENERAL DE SEGURIDAD SOCIAL EN SALUD,No Aplica,No Aplica,No Aplica,No Aplica,,,,,,,,2022,Tercer Trimestre,,,8004316228.0,NO APLICA,NO APLICA,NO APLICA,NO APLICA,NO APLICA,NO APLICA,NO APLICA,NO APLICA,NO APLICA,8004316228.0,0.0,0.0,0.0,,,,,,
6278604,20220301,218552585,Pupiales,1.1.02.03.002,INTERESES DE MORA,INGRESOS,INGRESOS CORRIENTES,INGRESOS NO TRIBUTARIOS,"MULTAS, SANCIONES E INTERESES DE MORA",INTERESES DE MORA,No Aplica,No Aplica,No Aplica,No Aplica,No Aplica,,,,,,,,2022,Primer Trimestre,,,26000.0,NO APLICA,"OTRAS MULTAS, SANCIONES E INTERESES DE MORA CON DESTINACION ESPECIFICA LEGAL",NO APLICA,NO APLICA,NO APLICA,NO APLICA,NO APLICA,NO APLICA,NO APLICA,0.0,26000.0,0.0,0.0,,,,,,
6280727,20210601,218552585,Pupiales,1.2.10.02,SUPERAVIT FISCAL,INGRESOS,RECURSOS DE CAPITAL,RECURSOS DEL BALANCE,SUPERAVIT FISCAL,No Aplica,No Aplica,No Aplica,No Aplica,No Aplica,No Aplica,,,,,,,,2021,Segundo Trimestre,,,202159675.0,NO APLICA,1.3.3.0.00 - RECURSOS DEL BALANCE DE LIBRE DESTINACION,NO,NO APLICA,NO APLICA,0,NO APLICA,NO APLICA,NO APLICA,0.0,202159675.0,0.0,0.0,,,,,,
6281703,20230301,218552585,Pupiales,1.1.02.06.006.06,OTRAS UNIDADES DE GOBIERNO,INGRESOS,INGRESOS CORRIENTES,INGRESOS NO TRIBUTARIOS,TRANSFERENCIAS CORRIENTES,TRANSFERENCIAS DE OTRAS ENTIDADES DEL GOBIERNO GENERAL,OTRAS UNIDADES DE GOBIERNO,No Aplica,No Aplica,No Aplica,No Aplica,,,,,,,,2023,Primer Trimestre,,,7278844.0,NO APLICA,OTRAS TRANSFERENCIAS CORRIENTES DE OTRAS ENTIDADES CON DESTINACION ESPECIFICA LEGAL DEL GOBIERNO GENERAL,NO APLICA,NO APLICA,NO APLICA,NO APLICA,ADMINISTRADORA DEL MONOPOLIO RENTISTICO DE LOS JUEGOS DE SUERTE Y AZAR.,NO APLICA,NO APLICA,0.0,7278844.0,0.0,0.0,,,,,,
6281733,20210601,218552585,Pupiales,1.1.02.05.002,VENTAS INCIDENTALES DE ESTABLECIMIENTOS NO DE MERCADO,INGRESOS,INGRESOS CORRIENTES,INGRESOS NO TRIBUTARIOS,VENTA DE BIENES Y SERVICIOS,VENTAS INCIDENTALES DE ESTABLECIMIENTOS NO DE MERCADO,No Aplica,No Aplica,No Aplica,No Aplica,No Aplica,,,,,,,,2021,Segundo Trimestre,,,23185950.0,NO APLICA,NO APLICA,NO,NO APLICA,NO APLICA,,NO APLICA,NO APLICA,NO APLICA,0.0,23185950.0,0.0,0.0,,,,,,
6282787,20230301,218552585,Pupiales,1.1.01.02.300.55,ESTAMPILLA PRO CULTURA,INGRESOS,INGRESOS CORRIENTES,INGRESOS TRIBUTARIOS,IMPUESTOS INDIRECTOS,ESTAMPILLAS,ESTAMPILLA PRO CULTURA,No Aplica,No Aplica,No Aplica,No Aplica,,,,,,,,2023,Primer Trimestre,,,1691756.0,NO APLICA,ESTAMPILLAS,NO APLICA,NO APLICA,NO APLICA,NO APLICA,NO APLICA,NO APLICA,NO APLICA,0.0,1691756.0,0.0,0.0,,,,,,
6283493,20230901,218552585,Pupiales,1.1.01.02.109,SOBRETASA A LA GASOLINA,INGRESOS,INGRESOS CORRIENTES,INGRESOS TRIBUTARIOS,IMPUESTOS INDIRECTOS,SOBRETASA A LA GASOLINA,No Aplica,No Aplica,No Aplica,No Aplica,No Aplica,,,,,,,,2023,Tercer Trimestre,,,363708000.0,NO APLICA,INGRESOS CORRIENTES DE LIBRE DESTINACION,NO APLICA,NO APLICA,NO APLICA,NO APLICA,NO APLICA,NO APLICA,NO APLICA,0.0,363708000.0,0.0,0.0,,,,,,
6284067,20220601,218552585,Pupiales,1.1.02.03.001,MULTAS Y SANCIONES,INGRESOS,INGRESOS CORRIENTES,INGRESOS NO TRIBUTARIOS,"MULTAS, SANCIONES E INTERESES DE MORA",MULTAS Y SANCIONES,No Aplica,No Aplica,No Aplica,No Aplica,No Aplica,,,,,,,,2022,Segundo Trimestre,,,8613712.0,NO APLICA,NO APLICA,NO APLICA,NO APLICA,NO APLICA,NO APLICA,NO APLICA,NO APLICA,NO APLICA,0.0,8613712.0,0.0,0.0,,,,,,
6286675,20230601,218552585,Pupiales,1.1.01.02.200.03,IMPUESTO DE INDUSTRIA Y COMERCIO - SOBRE ACTIVIDADES DE SERVICIOS,INGRESOS,INGRESOS CORRIENTES,INGRESOS TRIBUTARIOS,IMPUESTOS INDIRECTOS,IMPUESTO DE INDUSTRIA Y COMERCIO,IMPUESTO DE INDUSTRIA Y COMERCIO - SOBRE ACTIVIDADES DE SERVICIOS,No Aplica,No Aplica,No Aplica,No Aplica,,,,,,,,2023,Segundo Trimestre,,,22007000.0,NO APLICA,INGRESOS CORRIENTES DE LIBRE DESTINACION,NO APLICA,NO APLICA,NO APLICA,NO APLICA,BANCO AGRARIO DE COLOMBIA,NO APLICA,NO APLICA,0.0,22007000.0,0.0,0.0,,,,,,
6287956,20220601,218552585,Pupiales,1.2.12.10,POR LA DEVOLUCION DE RECURSOS SGP PROPOSITO GENERAL,INGRESOS,RECURSOS DE CAPITAL,RETIROS FONPET,POR LA DEVOLUCION DE RECURSOS SGP PROPOSITO GENERAL,No Aplica,No Aplica,No Aplica,No Aplica,No Aplica,No Aplica,,,,,,,,2022,Segundo Trimestre,,,57888255.0,NO APLICA,SGP-PROPOSITO GENERAL-PROPOSITO GENERAL LIBRE INVERSION,NO APLICA,NO APLICA,NO APLICA,NO APLICA,DIRECCION NACIONAL DEL TESORO MINISTERIO DE HACIENDA Y CREDITO PUBLICO,NO APLICA,NO APLICA,57888255.0,0.0,0.0,0.0,,,,,,
6290021,20210301,218552585,Pupiales,1.1.02.07.001,DERECHOS POR LA EXPLOTACION JUEGOS DE SUERTE Y AZAR,INGRESOS,INGRESOS CORRIENTES,INGRESOS NO TRIBUTARIOS,PARTICIPACION Y DERECHOS POR MONOPOLIO,DERECHOS POR LA EXPLOTACION JUEGOS DE SUERTE Y AZAR,No Aplica,No Aplica,No Aplica,No Aplica,No Aplica,,,,,,,,2021,Primer Trimestre,,,31418009.0,NO APLICA,NO APLICA,NO,NO APLICA,NO APLICA,,NO APLICA,NO APLICA,NO APLICA,0.0,31418009.0,0.0,0.0,,,,,,
6290248,20211201,218552585,Pupiales,1.2.01.02,DISPOSICION DE ACTIVOS NO FINANCIEROS,INGRESOS,RECURSOS DE CAPITAL,DISPOSICION DE ACTIVOS,DISPOSICION DE ACTIVOS NO FINANCIEROS,No Aplica,No Aplica,No Aplica,No Aplica,No Aplica,No Aplica,,,,,,,,2021,Cuarto Trimestre,,,242000000.0,NO APLICA,NO APLICA,NO APLICA,NO APLICA,NO APLICA,NO APLICA,NO APLICA,NO APLICA,NO APLICA,0.0,242000000.0,0.0,0.0,,,,,,
6290879,20220301,218552585,Pupiales,1.1.02.06.001.01,PARTICIPACION PARA EDUCACION,INGRESOS,INGRESOS CORRIENTES,INGRESOS NO TRIBUTARIOS,TRANSFERENCIAS CORRIENTES,SISTEMA GENERAL DE PARTICIPACIONES,PARTICIPACION PARA EDUCACION,No Aplica,No Aplica,No Aplica,No Aplica,,,,,,,,2022,Primer Trimestre,,,34703292.0,NO APLICA,NO APLICA,NO APLICA,NO APLICA,NO APLICA,NO APLICA,NO APLICA,NO APLICA,NO APLICA,0.0,34703292.0,0.0,0.0,,,,,,
6292400,20230901,218552585,Pupiales,1.1.01.01.200.02,IMPUESTO PREDIAL UNIFICADO - RURAL,INGRESOS,INGRESOS CORRIENTES,INGRESOS TRIBUTARIOS,IMPUESTOS DIRECTOS,IMPUESTO PREDIAL UNIFICADO,IMPUESTO PREDIAL UNIFICADO - RURAL,No Aplica,No Aplica,No Aplica,No Aplica,,,,,,,,2023,Tercer Trimestre,,,870000.0,NO APLICA,INGRESOS CORRIENTES DE LIBRE DESTINACION,NO APLICA,NO APLICA,NO APLICA,NO APLICA,CENIT TRANSPORTE Y LOGISTICA DE HIDROCARBUROS S.A.S.,NO APLICA,NO APLICA,0.0,870000.0,0.0,0.0,,,,,,
6292740,20230601,218552585,Pupiales,1.1,INGRESOS CORRIENTES,INGRESOS,INGRESOS CORRIENTES,No Aplica,No Aplica,No Aplica,No Aplica,No Aplica,No Aplica,No Aplica,No Aplica,,,,,,,,2023,Segundo Trimestre,,,15516154184.0,NO APLICA,NO APLICA,NO APLICA,NO APLICA,NO APLICA,NO APLICA,NO APLICA,NO APLICA,NO APLICA,0.0,15516154184.0,0.0,0.0,,,,,,
6294505,20230301,218552585,Pupiales,1.1.02.06.001.03.04,"PROPOSITO GENERAL LIBRE DESTINACION MUNICIPIOS CATEGORIAS 4, 5 Y 6",INGRESOS,INGRESOS CORRIENTES,INGRESOS NO TRIBUTARIOS,TRANSFERENCIAS CORRIENTES,SISTEMA GENERAL DE PARTICIPACIONES,PARTICIPACION PARA PROPOSITO GENERAL,"PROPOSITO GENERAL LIBRE DESTINACION MUNICIPIOS CATEGORIAS 4, 5 Y 6",No Aplica,No Aplica,No Aplica,,,,,,,,2023,Primer Trimestre,,,233545208.0,NO APLICA,"SGP-PROPOSITO GENERAL-LIBRE DESTINACION MUNICIPIOS CATEGORIAS 4, 5 Y 6",NO APLICA,NO APLICA,NO APLICA,NO APLICA,TESORO NACIONAL,NO APLICA,NO APLICA,0.0,233545208.0,0.0,0.0,,,,,,
6294736,20210601,218552585,Pupiales,1.1.01.01.014.01,SOBRETASA AMBIENTAL - URBANO,INGRESOS,INGRESOS CORRIENTES,INGRESOS TRIBUTARIOS,IMPUESTOS DIRECTOS,SOBRETASA AMBIENTAL,SOBRETASA AMBIENTAL - URBANO,No Aplica,No Aplica,No Aplica,No Aplica,,,,,,,,2021,Segundo Trimestre,,,59067788.0,NO APLICA,1.2.3.1.01 - SOBRETASA / PARTICIPACION AMBIENTAL - CORPORACIONES AUTONOMAS REGIONALES,NO,NO APLICA,NO APLICA,0,NO APLICA,NO APLICA,NO APLICA,0.0,59067788.0,0.0,0.0,,,,,,
6295819,20221201,218552585,Pupiales,1.1.02.02,TASAS Y DERECHOS ADMINISTRATIVOS,INGRESOS,INGRESOS CORRIENTES,INGRESOS NO TRIBUTARIOS,TASAS Y DERECHOS ADMINISTRATIVOS,No Aplica,No Aplica,No Aplica,No Aplica,No Aplica,No Aplica,,,,,,,,2022,Cuarto Trimestre,,,1269580.0,NO APLICA,NO APLICA,NO APLICA,NO APLICA,NO APLICA,NO APLICA,NO APLICA,NO APLICA,NO APLICA,0.0,1269580.0,0.0,0.0,,,,,,
6296936,20220301,218552585,Pupiales,1.1.02.06.001.04.01,PROGRAMAS DE ALIMENTACION ESCOLAR,INGRESOS,INGRESOS CORRIENTES,INGRESOS NO TRIBUTARIOS,TRANSFERENCIAS CORRIENTES,SISTEMA GENERAL DE PARTICIPACIONES,ASIGNACIONES ESPECIALES,PROGRAMAS DE ALIMENTACION ESCOLAR,No Aplica,No Aplica,No Aplica,,,,,,,,2022,Primer Trimestre,,,12658372.0,NO APLICA,SGP-ASIGNACION ESPECIAL-PROGRAMAS DE ALIMENTACION ESCOLAR,NO APLICA,NO APLICA,NO APLICA,NO APLICA,DIRECCION NACIONAL DEL TESORO MINISTERIO DE HACIENDA Y CREDITO PUBLICO,NO APLICA,NO APLICA,0.0,12658372.0,0.0,0.0,,,,,,
6300800,20210601,218552585,Pupiales,1.1.02.06.001.04,ASIGNACIONES ESPECIALES,INGRESOS,INGRESOS CORRIENTES,INGRESOS NO TRIBUTARIOS,TRANSFERENCIAS CORRIENTES,SISTEMA GENERAL DE PARTICIPACIONES,ASIGNACIONES ESPECIALES,No Aplica,No Aplica,No Aplica,No Aplica,,,,,,,,2021,Segundo Trimestre,,,39295170.0,NO APLICA,NO APLICA,NO,NO APLICA,NO APLICA,,NO APLICA,NO APLICA,NO APLICA,0.0,39295170.0,0.0,0.0,,,,,,
6301732,20220301,218552585,Pupiales,1.1.02.07.001.05,DERECHOS POR LA EXPLOTACION JUEGOS DE SUERTE Y AZAR DE RIFAS,INGRESOS,INGRESOS CORRIENTES,INGRESOS NO TRIBUTARIOS,PARTICIPACION Y DERECHOS POR MONOPOLIO,DERECHOS POR LA EXPLOTACION JUEGOS DE SUERTE Y AZAR,DERECHOS POR LA EXPLOTACION JUEGOS DE SUERTE Y AZAR DE RIFAS,No Aplica,No Aplica,No Aplica,No Aplica,,,,,,,,2022,Primer Trimestre,,,76659131.0,NO APLICA,DERECHOS POR LA EXPLOTACION JUEGOS DE SUERTE Y AZAR,NO APLICA,NO APLICA,NO APLICA,NO APLICA,DIRECCION NACIONAL DEL TESORO MINISTERIO DE HACIENDA Y CREDITO PUBLICO,NO APLICA,NO APLICA,58287999.0,18371132.0,0.0,0.0,,,,,,
6307339,20220601,218552585,Pupiales,1.1.02.06.001,SISTEMA GENERAL DE PARTICIPACIONES,INGRESOS,INGRESOS CORRIENTES,INGRESOS NO TRIBUTARIOS,TRANSFERENCIAS CORRIENTES,SISTEMA GENERAL DE PARTICIPACIONES,No Aplica,No Aplica,No Aplica,No Aplica,No Aplica,,,,,,,,2022,Segundo Trimestre,,,6310058422.0,NO APLICA,NO APLICA,NO APLICA,NO APLICA,NO APLICA,NO APLICA,NO APLICA,NO APLICA,NO APLICA,3573204182.0,2736854240.0,0.0,0.0,,,,,,
6308758,20230901,218552585,Pupiales,1.1.01.02.204,IMPUESTO DE DELINEACION,INGRESOS,INGRESOS CORRIENTES,INGRESOS TRIBUTARIOS,IMPUESTOS INDIRECTOS,IMPUESTO DE DELINEACION,No Aplica,No Aplica,No Aplica,No Aplica,No Aplica,,,,,,,,2023,Tercer Trimestre,,,1377600.0,NO APLICA,INGRESOS CORRIENTES DE LIBRE DESTINACION,NO APLICA,NO APLICA,NO APLICA,NO APLICA,NO APLICA,NO APLICA,NO APLICA,0.0,1377600.0,0.0,0.0,,,,,,
6310974,20220901,218552585,Pupiales,1.2.10.02,SUPERAVIT FISCAL,INGRESOS,RECURSOS DE CAPITAL,RECURSOS DEL BALANCE,SUPERAVIT FISCAL,No Aplica,No Aplica,No Aplica,No Aplica,No Aplica,No Aplica,,,,,,,,2022,Tercer Trimestre,,,7293621.0,NO APLICA,R.B. SGP-ASIGNACION-ATENCION INTEGRAL DE LA PRIMERA INFANCIA,NO APLICA,NO APLICA,ACUERDO,NO APLICA,DIRECCION NACIONAL DEL TESORO MINISTERIO DE HACIENDA Y CREDITO PUBLICO,NO APLICA,NO APLICA,0.0,0.0,0.0,7293621.0,,,,,,
6311261,20230301,218552585,Pupiales,1.1.01.02.200.01,IMPUESTO DE INDUSTRIA Y COMERCIO - SOBRE ACTIVIDADES COMERCIALES,INGRESOS,INGRESOS CORRIENTES,INGRESOS TRIBUTARIOS,IMPUESTOS INDIRECTOS,IMPUESTO DE INDUSTRIA Y COMERCIO,IMPUESTO DE INDUSTRIA Y COMERCIO - SOBRE ACTIVIDADES COMERCIALES,No Aplica,No Aplica,No Aplica,No Aplica,,,,,,,,2023,Primer Trimestre,,,10000.0,NO APLICA,INGRESOS CORRIENTES DE LIBRE DESTINACION,NO APLICA,NO APLICA,NO APLICA,NO APLICA,E.S.P. EMPRESA DE TELECOMUNICACIONES DE BOGOTA S.A.,NO APLICA,NO APLICA,0.0,10000.0,0.0,0.0,,,,,,
6313462,20211201,218552585,Pupiales,1.1.01.01.014.02,SOBRETASA AMBIENTAL -RURAL,INGRESOS,INGRESOS CORRIENTES,INGRESOS TRIBUTARIOS,IMPUESTOS DIRECTOS,SOBRETASA AMBIENTAL,SOBRETASA AMBIENTAL -RURAL,No Aplica,No Aplica,No Aplica,No Aplica,,,,,,,,2021,Cuarto Trimestre,,,16653782.0,NO APLICA,SOBRETASA - PARTICIPACION AMBIENTAL - CORPORACIONES AUTONOMAS REGIONALES,NO APLICA,NO APLICA,NO APLICA,NO APLICA,NO APLICA,NO APLICA,NO APLICA,0.0,16653782.0,0.0,0.0,,,,,,
6315840,20211201,218552585,Pupiales,1.1.01.01.200,IMPUESTO PREDIAL UNIFICADO,INGRESOS,INGRESOS CORRIENTES,INGRESOS TRIBUTARIOS,IMPUESTOS DIRECTOS,IMPUESTO PREDIAL UNIFICADO,No Aplica,No Aplica,No Aplica,No Aplica,No Aplica,,,,,,,,2021,Cuarto Trimestre,,,446788379.0,NO APLICA,NO APLICA,NO APLICA,NO APLICA,NO APLICA,NO APLICA,NO APLICA,NO APLICA,NO APLICA,0.0,446788379.0,0.0,0.0,,,,,,
6316466,20211201,218552585,Pupiales,1.1.02.03.001.11,SANCIONES TRIBUTARIAS,INGRESOS,INGRESOS CORRIENTES,INGRESOS NO TRIBUTARIOS,"MULTAS, SANCIONES E INTERESES DE MORA",MULTAS Y SANCIONES,SANCIONES TRIBUTARIAS,No Aplica,No Aplica,No Aplica,No Aplica,,,,,,,,2021,Cuarto Trimestre,,,8605686.0,NO APLICA,"OTRAS MULTAS, SANCIONES E INTERESES DE MORA CON DESTINACION ESPECIFICA LEGAL",NO APLICA,NO APLICA,NO APLICA,NO APLICA,NO APLICA,NO APLICA,NO APLICA,0.0,8605686.0,0.0,0.0,,,,,,
6318192,20230301,218552585,Pupiales,1.1.01.01.200.02,IMPUESTO PREDIAL UNIFICADO - RURAL,INGRESOS,INGRESOS CORRIENTES,INGRESOS TRIBUTARIOS,IMPUESTOS DIRECTOS,IMPUESTO PREDIAL UNIFICADO,IMPUESTO PREDIAL UNIFICADO - RURAL,No Aplica,No Aplica,No Aplica,No Aplica,,,,,,,,2023,Primer Trimestre,,,14077930.0,NO APLICA,INGRESOS CORRIENTES DE LIBRE DESTINACION,NO APLICA,NO APLICA,NO APLICA,NO APLICA,EL PEÑOL - NARIÑO,NO APLICA,NO APLICA,0.0,14077930.0,0.0,0.0,,,,,,
6320202,20211201,218552585,Pupiales,1.2.10.02,SUPERAVIT FISCAL,INGRESOS,RECURSOS DE CAPITAL,RECURSOS DEL BALANCE,SUPERAVIT FISCAL,No Aplica,No Aplica,No Aplica,No Aplica,No Aplica,No Aplica,,,,,,,,2021,Cuarto Trimestre,,,15390842.0,NO APLICA,R.B. SGP-AGUA POTABLE Y SANEAMIENTO BASICO,NO APLICA,NO APLICA,NO APLICA,NO APLICA,DIRECCION NACIONAL DEL TESORO MINISTERIO DE HACIENDA Y CREDITO PUBLICO,NO APLICA,NO APLICA,0.0,15390842.0,0.0,0.0,,,,,,
6322201,20230601,218552585,Pupiales,1.1.01.02.201,IMPUESTO COMPLEMENTARIO DE AVISOS Y TABLEROS,INGRESOS,INGRESOS CORRIENTES,INGRESOS TRIBUTARIOS,IMPUESTOS INDIRECTOS,IMPUESTO COMPLEMENTARIO DE AVISOS Y TABLEROS,No Aplica,No Aplica,No Aplica,No Aplica,No Aplica,,,,,,,,2023,Segundo Trimestre,,,17349565.0,NO APLICA,INGRESOS CORRIENTES DE LIBRE DESTINACION,NO APLICA,NO APLICA,NO APLICA,NO APLICA,NO APLICA,NO APLICA,NO APLICA,0.0,17349565.0,0.0,0.0,,,,,,
6324720,20220901,218552585,Pupiales,1.1.02.06.001.03,PARTICIPACION PARA PROPOSITO GENERAL,INGRESOS,INGRESOS CORRIENTES,INGRESOS NO TRIBUTARIOS,TRANSFERENCIAS CORRIENTES,SISTEMA GENERAL DE PARTICIPACIONES,PARTICIPACION PARA PROPOSITO GENERAL,No Aplica,No Aplica,No Aplica,No Aplica,,,,,,,,2022,Tercer Trimestre,,,3076517130.0,NO APLICA,NO APLICA,NO APLICA,NO APLICA,NO APLICA,NO APLICA,NO APLICA,NO APLICA,NO APLICA,0.0,3076517130.0,0.0,0.0,,,,,,
6326775,20210901,218552585,Pupiales,1.1.02.05,VENTA DE BIENES Y SERVICIOS,INGRESOS,INGRESOS CORRIENTES,INGRESOS NO TRIBUTARIOS,VENTA DE BIENES Y SERVICIOS,No Aplica,No Aplica,No Aplica,No Aplica,No Aplica,No Aplica,,,,,,,,2021,Tercer Trimestre,,,33356356.0,NO APLICA,NO APLICA,NO,NO APLICA,NO APLICA,,NO APLICA,NO APLICA,NO APLICA,0.0,33356356.0,0.0,0.0,,,,,,
6328711,20230301,218552585,Pupiales,1,INGRESOS,INGRESOS,No Aplica,No Aplica,No Aplica,No Aplica,No Aplica,No Aplica,No Aplica,No Aplica,No Aplica,,,,,,,,2023,Primer Trimestre,,,3627966212.0,NO APLICA,NO APLICA,NO APLICA,NO APLICA,NO APLICA,NO APLICA,NO APLICA,NO APLICA,NO APLICA,2059068236.0,1568897976.0,0.0,0.0,,,,,,
6328827,20230901,218552585,Pupiales,1.1.02.06.001.05,AGUA POTABLE Y SANEAMIENTO BASICO,INGRESOS,INGRESOS CORRIENTES,INGRESOS NO TRIBUTARIOS,TRANSFERENCIAS CORRIENTES,SISTEMA GENERAL DE PARTICIPACIONES,AGUA POTABLE Y SANEAMIENTO BASICO,No Aplica,No Aplica,No Aplica,No Aplica,,,,,,,,2023,Tercer Trimestre,,,100171289.0,NO APLICA,SGP-AGUA POTABLE Y SANEAMIENTO BASICO,NO APLICA,NO APLICA,NO APLICA,NO APLICA,NO APLICA,NO APLICA,NO APLICA,0.0,100171289.0,0.0,0.0,,,,,,
6332609,20220301,218552585,Pupiales,1.1.02.06.009,RECURSOS DEL SISTEMA DE SEGURIDAD SOCIAL INTEGRAL,INGRESOS,INGRESOS CORRIENTES,INGRESOS NO TRIBUTARIOS,TRANSFERENCIAS CORRIENTES,RECURSOS DEL SISTEMA DE SEGURIDAD SOCIAL INTEGRAL,No Aplica,No Aplica,No Aplica,No Aplica,No Aplica,,,,,,,,2022,Primer Trimestre,,,2773234020.0,NO APLICA,NO APLICA,NO APLICA,NO APLICA,NO APLICA,NO APLICA,NO APLICA,NO APLICA,NO APLICA,2773234020.0,0.0,0.0,0.0,,,,,,
6334599,20221201,218552585,Pupiales,1.2.10.02,SUPERAVIT FISCAL,INGRESOS,RECURSOS DE CAPITAL,RECURSOS DEL BALANCE,SUPERAVIT FISCAL,No Aplica,No Aplica,No Aplica,No Aplica,No Aplica,No Aplica,,,,,,,,2022,Cuarto Trimestre,,,135330440.0,NO APLICA,R.B. CONTRIBUCION SOBRE CONTRATOS DE OBRA PUBLICA,NO APLICA,NO APLICA,ACUERDO,NO APLICA,NO APLICA,NO APLICA,NO APLICA,0.0,0.0,0.0,135330440.0,,,,,,
6336027,20220301,218552585,Pupiales,1.1.02.05,VENTA DE BIENES Y SERVICIOS,INGRESOS,INGRESOS CORRIENTES,INGRESOS NO TRIBUTARIOS,VENTA DE BIENES Y SERVICIOS,No Aplica,No Aplica,No Aplica,No Aplica,No Aplica,No Aplica,,,,,,,,2022,Primer Trimestre,,,14091509.0,NO APLICA,NO APLICA,NO APLICA,NO APLICA,NO APLICA,NO APLICA,NO APLICA,NO APLICA,NO APLICA,0.0,14091509.0,0.0,0.0,,,,,,
6339818,20220901,218552585,Pupiales,1.1.02.06.001.01.03.01,CALIDADPOR MATRICULA OFICIAL,INGRESOS,INGRESOS CORRIENTES,INGRESOS NO TRIBUTARIOS,TRANSFERENCIAS CORRIENTES,SISTEMA GENERAL DE PARTICIPACIONES,PARTICIPACION PARA EDUCACION,CALIDAD,CALIDADPOR MATRICULA OFICIAL,No Aplica,No Aplica,,,,,,,,2022,Tercer Trimestre,,,156164814.0,NO APLICA,SGP-EDUCACION-CALIDAD  POR MATRICULA OFICIAL,NO APLICA,NO APLICA,NO APLICA,NO APLICA,DIRECCION NACIONAL DEL TESORO MINISTERIO DE HACIENDA Y CREDITO PUBLICO,NO APLICA,NO APLICA,0.0,156164814.0,0.0,0.0,,,,,,
6339841,20230601,218552585,Pupiales,1.1.02.03.001.11,SANCIONES TRIBUTARIAS,INGRESOS,INGRESOS CORRIENTES,INGRESOS NO TRIBUTARIOS,"MULTAS, SANCIONES E INTERESES DE MORA",MULTAS Y SANCIONES,SANCIONES TRIBUTARIAS,No Aplica,No Aplica,No Aplica,No Aplica,,,,,,,,2023,Segundo Trimestre,,,657260.0,NO APLICA,"OTRAS MULTAS, SANCIONES E INTERESES DE MORA CON DESTINACION ESPECIFICA LEGAL",NO APLICA,NO APLICA,NO APLICA,NO APLICA,NO APLICA,NO APLICA,NO APLICA,0.0,657260.0,0.0,0.0,,,,,,
6341597,20210901,218552585,Pupiales,1.1.01.02.300.01,ESTAMPILLA PARA EL BIENESTAR DEL ADULTO MAYOR,INGRESOS,INGRESOS CORRIENTES,INGRESOS TRIBUTARIOS,IMPUESTOS INDIRECTOS,ESTAMPILLAS,ESTAMPILLA PARA EL BIENESTAR DEL ADULTO MAYOR,No Aplica,No Aplica,No Aplica,No Aplica,,,,,,,,2021,Tercer Trimestre,,,125348275.0,NO APLICA,1.2.3.1.19 - ESTAMPILLAS,NO,NO APLICA,NO APLICA,0,NO APLICA,NO APLICA,NO APLICA,0.0,125348275.0,0.0,0.0,,,,,,
6343134,20230601,218552585,Pupiales,1.1.02.06.001.03.04,"PROPOSITO GENERAL LIBRE DESTINACION MUNICIPIOS CATEGORIAS 4, 5 Y 6",INGRESOS,INGRESOS CORRIENTES,INGRESOS NO TRIBUTARIOS,TRANSFERENCIAS CORRIENTES,SISTEMA GENERAL DE PARTICIPACIONES,PARTICIPACION PARA PROPOSITO GENERAL,"PROPOSITO GENERAL LIBRE DESTINACION MUNICIPIOS CATEGORIAS 4, 5 Y 6",No Aplica,No Aplica,No Aplica,,,,,,,,2023,Segundo Trimestre,,,971296457.0,NO APLICA,"SGP-PROPOSITO GENERAL-LIBRE DESTINACION MUNICIPIOS CATEGORIAS 4, 5 Y 6",NO APLICA,NO APLICA,NO APLICA,NO APLICA,NO APLICA,NO APLICA,NO APLICA,0.0,971296457.0,0.0,0.0,,,,,,
6346568,20210601,218552585,Pupiales,1.2.10.02,SUPERAVIT FISCAL,INGRESOS,RECURSOS DE CAPITAL,RECURSOS DEL BALANCE,SUPERAVIT FISCAL,No Aplica,No Aplica,No Aplica,No Aplica,No Aplica,No Aplica,,,,,,,,2021,Segundo Trimestre,,,10538226.0,NO APLICA,1.3.3.2.01 - R.B. CONTRIBUCION SOBRE CONTRATOS DE OBRA PUBLICA,NO,NO APLICA,NO APLICA,0,OTRO,NO APLICA,NO APLICA,0.0,10538226.0,0.0,0.0,,,,,,
6347808,20210301,218552585,Pupiales,1.2.10.02,SUPERAVIT FISCAL,INGRESOS,RECURSOS DE CAPITAL,RECURSOS DEL BALANCE,SUPERAVIT FISCAL,No Aplica,No Aplica,No Aplica,No Aplica,No Aplica,No Aplica,,,,,,,,2021,Primer Trimestre,,,11885478.0,NO APLICA,1.3.3.5.02 - R.B. SGP - SALUD - SALUD PUBLICA,NO,NO APLICA,NO APLICA,0,DIRECCION NACIONAL DEL TESORO MINISTERIO DE HACIENDA Y CREDITO PUBLICO,NO APLICA,NO APLICA,0.0,0.0,0.0,11885478.0,,,,,,
6348481,20230901,218552585,Pupiales,1.1.02.06.001.02.02,SALUD PUBLICA,INGRESOS,INGRESOS CORRIENTES,INGRESOS NO TRIBUTARIOS,TRANSFERENCIAS CORRIENTES,SISTEMA GENERAL DE PARTICIPACIONES,PARTICIPACION PARA SALUD,SALUD PUBLICA,No Aplica,No Aplica,No Aplica,,,,,,,,2023,Tercer Trimestre,,,186003140.0,NO APLICA,SGP-SALUD-SALUD PUBLICA,NO APLICA,NO APLICA,NO APLICA,NO APLICA,MINISTERIO DE SALUD Y PROTECCION SOCIAL,NO APLICA,NO APLICA,0.0,186003140.0,0.0,0.0,,,,,,
6349109,20220601,218552585,Pupiales,1.1.01.01.014,SOBRETASA AMBIENTAL,INGRESOS,INGRESOS CORRIENTES,INGRESOS TRIBUTARIOS,IMPUESTOS DIRECTOS,SOBRETASA AMBIENTAL,No Aplica,No Aplica,No Aplica,No Aplica,No Aplica,,,,,,,,2022,Segundo Trimestre,,,53664651.0,NO APLICA,NO APLICA,NO APLICA,NO APLICA,NO APLICA,NO APLICA,NO APLICA,NO APLICA,NO APLICA,0.0,53664651.0,0.0,0.0,,,,,,
6349757,20230301,218552585,Pupiales,1.1.02.06,TRANSFERENCIAS CORRIENTES,INGRESOS,INGRESOS CORRIENTES,INGRESOS NO TRIBUTARIOS,TRANSFERENCIAS CORRIENTES,No Aplica,No Aplica,No Aplica,No Aplica,No Aplica,No Aplica,,,,,,,,2023,Primer Trimestre,,,3233868452.0,NO APLICA,NO APLICA,NO APLICA,NO APLICA,NO APLICA,NO APLICA,NO APLICA,NO APLICA,NO APLICA,2059068236.0,1174800216.0,0.0,0.0,,,,,,
6351143,20220601,218552585,Pupiales,1.1.02.06.009.01.06,RECURSOS ADRES - COFINANCIACION UPC REGIMEN SUBSIDIADO,INGRESOS,INGRESOS CORRIENTES,INGRESOS NO TRIBUTARIOS,TRANSFERENCIAS CORRIENTES,RECURSOS DEL SISTEMA DE SEGURIDAD SOCIAL INTEGRAL,SISTEMA GENERAL DE SEGURIDAD SOCIAL EN SALUD,RECURSOS ADRES - COFINANCIACION UPC REGIMEN SUBSIDIADO,No Aplica,No Aplica,No Aplica,,,,,,,,2022,Segundo Trimestre,,,5389106478.0,NO APLICA,PARTICIPACIONES DISTINTAS DEL SGP CON DESTINACION ESPECIFICA LEGAL,NO APLICA,NO APLICA,NO APLICA,NO APLICA,MINISTERIO DE SALUD Y PROTECCION SOCIAL,NO APLICA,NO APLICA,5389106478.0,0.0,0.0,0.0,,,,,,
6351820,20210301,218552585,Pupiales,1.1.02.06.003,PARTICIPACIONES DISTINTAS DEL SGP,INGRESOS,INGRESOS CORRIENTES,INGRESOS NO TRIBUTARIOS,TRANSFERENCIAS CORRIENTES,PARTICIPACIONES DISTINTAS DEL SGP,No Aplica,No Aplica,No Aplica,No Aplica,No Aplica,,,,,,,,2021,Primer Trimestre,,,11953980.0,NO APLICA,NO APLICA,NO,NO APLICA,NO APLICA,,NO APLICA,NO APLICA,NO APLICA,0.0,11953980.0,0.0,0.0,,,,,,
6360657,20220301,218552585,Pupiales,1.1.01.02.109,SOBRETASA A LA GASOLINA,INGRESOS,INGRESOS CORRIENTES,INGRESOS TRIBUTARIOS,IMPUESTOS INDIRECTOS,SOBRETASA A LA GASOLINA,No Aplica,No Aplica,No Aplica,No Aplica,No Aplica,,,,,,,,2022,Primer Trimestre,,,112963000.0,NO APLICA,INGRESOS CORRIENTES DE LIBRE DESTINACION,NO APLICA,NO APLICA,NO APLICA,NO APLICA,NO APLICA,NO APLICA,NO APLICA,0.0,112963000.0,0.0,0.0,,,,,,
6361898,20211201,218552585,Pupiales,1.1.02.01.005.59,CONTRIBUCION ESPECIAL SOBRE CONTRATOS DE OBRAS PUBLICAS,INGRESOS,INGRESOS CORRIENTES,INGRESOS NO TRIBUTARIOS,CONTRIBUCIONES,CONTRIBUCIONES DIVERSAS,CONTRIBUCION ESPECIAL SOBRE CONTRATOS DE OBRAS PUBLICAS,No Aplica,No Aplica,No Aplica,No Aplica,,,,,,,,2021,Cuarto Trimestre,,,133347127.0,NO APLICA,CONTRIBUCION SOBRE CONTRATOS DE OBRA PUBLICA,NO APLICA,NO APLICA,NO APLICA,NO APLICA,NO APLICA,NO APLICA,NO APLICA,0.0,133347127.0,0.0,0.0,,,,,,
6364638,20210601,218552585,Pupiales,1.1.02.06.006,TRANSFERENCIAS DE OTRAS ENTIDADES DEL GOBIERNO GENERAL,INGRESOS,INGRESOS CORRIENTES,INGRESOS NO TRIBUTARIOS,TRANSFERENCIAS CORRIENTES,TRANSFERENCIAS DE OTRAS ENTIDADES DEL GOBIERNO GENERAL,No Aplica,No Aplica,No Aplica,No Aplica,No Aplica,,,,,,,,2021,Segundo Trimestre,,,248972128.0,NO APLICA,NO APLICA,NO,NO APLICA,NO APLICA,,NO APLICA,NO APLICA,NO APLICA,0.0,248972128.0,0.0,0.0,,,,,,
6367727,20230901,218552585,Pupiales,1.1.02.02.087,TASAS POR EL DERECHO DE PARQUEO SOBRE LAS VIAS PUBLICAS,INGRESOS,INGRESOS CORRIENTES,INGRESOS NO TRIBUTARIOS,TASAS Y DERECHOS ADMINISTRATIVOS,TASAS POR EL DERECHO DE PARQUEO SOBRE LAS VIAS PUBLICAS,No Aplica,No Aplica,No Aplica,No Aplica,No Aplica,,,,,,,,2023,Tercer Trimestre,,,2085200.0,NO APLICA,INGRESOS CORRIENTES DE LIBRE DESTINACION,NO APLICA,NO APLICA,NO APLICA,NO APLICA,NO APLICA,NO APLICA,NO APLICA,0.0,2085200.0,0.0,0.0,,,,,,
6372832,20220601,218552585,Pupiales,1.1.01.02.214,IMPUESTO DE TRANSPORTE POR OLEODUCTOS Y GASODUCTOS,INGRESOS,INGRESOS CORRIENTES,INGRESOS TRIBUTARIOS,IMPUESTOS INDIRECTOS,IMPUESTO DE TRANSPORTE POR OLEODUCTOS Y GASODUCTOS,No Aplica,No Aplica,No Aplica,No Aplica,No Aplica,,,,,,,,2022,Segundo Trimestre,,,13833457.0,NO APLICA,IMPUESTO DE TRANSPORTE POR OLEODUCTOS Y GASODUCTOS,NO APLICA,NO APLICA,NO APLICA,NO APLICA,NO APLICA,NO APLICA,NO APLICA,0.0,13833457.0,0.0,0.0,,,,,,
6375549,20210901,218552585,Pupiales,1.1.02.05.002,VENTAS INCIDENTALES DE ESTABLECIMIENTOS NO DE MERCADO,INGRESOS,INGRESOS CORRIENTES,INGRESOS NO TRIBUTARIOS,VENTA DE BIENES Y SERVICIOS,VENTAS INCIDENTALES DE ESTABLECIMIENTOS NO DE MERCADO,No Aplica,No Aplica,No Aplica,No Aplica,No Aplica,,,,,,,,2021,Tercer Trimestre,,,33356356.0,NO APLICA,NO APLICA,NO,NO APLICA,NO APLICA,,NO APLICA,NO APLICA,NO APLICA,0.0,33356356.0,0.0,0.0,,,,,,
6376610,20211201,218552585,Pupiales,1.2.05,RENDIMIENTOS FINANCIEROS,INGRESOS,RECURSOS DE CAPITAL,RENDIMIENTOS FINANCIEROS,No Aplica,No Aplica,No Aplica,No Aplica,No Aplica,No Aplica,No Aplica,,,,,,,,2021,Cuarto Trimestre,,,8771315.0,NO APLICA,NO APLICA,NO APLICA,NO APLICA,NO APLICA,NO APLICA,NO APLICA,NO APLICA,NO APLICA,0.0,8771315.0,0.0,0.0,,,,,,
6379585,20220301,218552585,Pupiales,1.1.01.02.200.01,IMPUESTO DE INDUSTRIA Y COMERCIO - SOBRE ACTIVIDADES COMERCIALES,INGRESOS,INGRESOS CORRIENTES,INGRESOS TRIBUTARIOS,IMPUESTOS INDIRECTOS,IMPUESTO DE INDUSTRIA Y COMERCIO,IMPUESTO DE INDUSTRIA Y COMERCIO - SOBRE ACTIVIDADES COMERCIALES,No Aplica,No Aplica,No Aplica,No Aplica,,,,,,,,2022,Primer Trimestre,,,94629866.0,NO APLICA,INGRESOS CORRIENTES DE LIBRE DESTINACION,NO APLICA,NO APLICA,NO APLICA,NO APLICA,NO APLICA,NO APLICA,NO APLICA,0.0,94629866.0,0.0,0.0,,,,,,
6381182,20221201,218552585,Pupiales,1.1.01.02.201,IMPUESTO COMPLEMENTARIO DE AVISOS Y TABLEROS,INGRESOS,INGRESOS CORRIENTES,INGRESOS TRIBUTARIOS,IMPUESTOS INDIRECTOS,IMPUESTO COMPLEMENTARIO DE AVISOS Y TABLEROS,No Aplica,No Aplica,No Aplica,No Aplica,No Aplica,,,,,,,,2022,Cuarto Trimestre,,,21251760.0,NO APLICA,INGRESOS CORRIENTES DE LIBRE DESTINACION,NO APLICA,NO APLICA,NO APLICA,NO APLICA,NO APLICA,NO APLICA,NO APLICA,0.0,21251760.0,0.0,0.0,,,,,,
6382998,20221201,218552585,Pupiales,1.1.01.02.300,ESTAMPILLAS,INGRESOS,INGRESOS CORRIENTES,INGRESOS TRIBUTARIOS,IMPUESTOS INDIRECTOS,ESTAMPILLAS,No Aplica,No Aplica,No Aplica,No Aplica,No Aplica,,,,,,,,2022,Cuarto Trimestre,,,668941539.0,NO APLICA,NO APLICA,NO APLICA,NO APLICA,NO APLICA,NO APLICA,NO APLICA,NO APLICA,NO APLICA,0.0,668941539.0,0.0,0.0,,,,,,
6384479,20220601,218552585,Pupiales,1.1.02.03,"MULTAS, SANCIONES E INTERESES DE MORA",INGRESOS,INGRESOS CORRIENTES,INGRESOS NO TRIBUTARIOS,"MULTAS, SANCIONES E INTERESES DE MORA",No Aplica,No Aplica,No Aplica,No Aplica,No Aplica,No Aplica,,,,,,,,2022,Segundo Trimestre,,,8719712.0,NO APLICA,NO APLICA,NO APLICA,NO APLICA,NO APLICA,NO APLICA,NO APLICA,NO APLICA,NO APLICA,0.0,8719712.0,0.0,0.0,,,,,,
6389425,20210901,218552585,Pupiales,1.1.02.06.006.06,OTRAS UNIDADES DE GOBIERNO,INGRESOS,INGRESOS CORRIENTES,INGRESOS NO TRIBUTARIOS,TRANSFERENCIAS CORRIENTES,TRANSFERENCIAS DE OTRAS ENTIDADES DEL GOBIERNO GENERAL,OTRAS UNIDADES DE GOBIERNO,No Aplica,No Aplica,No Aplica,No Aplica,,,,,,,,2021,Tercer Trimestre,,,415559550.0,NO APLICA,1.2.3.3.04 - OTRAS TRANSFERENCIAS CORRIENTES DE OTRAS ENTIDADES DEL GOBIERNO GENERAL,NO,NO APLICA,NO APLICA,0,DEPARTAMENTO DE NARIÑO,NO APLICA,NO APLICA,0.0,415559550.0,0.0,0.0,,,,,,
6390571,20230901,218552585,Pupiales,1.1.01.02.200.01,IMPUESTO DE INDUSTRIA Y COMERCIO - SOBRE ACTIVIDADES COMERCIALES,INGRESOS,INGRESOS CORRIENTES,INGRESOS TRIBUTARIOS,IMPUESTOS INDIRECTOS,IMPUESTO DE INDUSTRIA Y COMERCIO,IMPUESTO DE INDUSTRIA Y COMERCIO - SOBRE ACTIVIDADES COMERCIALES,No Aplica,No Aplica,No Aplica,No Aplica,,,,,,,,2023,Tercer Trimestre,,,42000.0,NO APLICA,INGRESOS CORRIENTES DE LIBRE DESTINACION,NO APLICA,NO APLICA,NO APLICA,NO APLICA,SKYNET DE COLOMBIA S.A. E.S.P.,NO APLICA,NO APLICA,0.0,42000.0,0.0,0.0,,,,,,
6391196,20210301,218552585,Pupiales,1.2.05,RENDIMIENTOS FINANCIEROS,INGRESOS,RECURSOS DE CAPITAL,RENDIMIENTOS FINANCIEROS,No Aplica,No Aplica,No Aplica,No Aplica,No Aplica,No Aplica,No Aplica,,,,,,,,2021,Primer Trimestre,,,1422899.0,NO APLICA,NO APLICA,NO,NO APLICA,NO APLICA,,NO APLICA,NO APLICA,NO APLICA,0.0,1422899.0,0.0,0.0,,,,,,
6392103,20220901,218552585,Pupiales,1.1.02.06.009,RECURSOS DEL SISTEMA DE SEGURIDAD SOCIAL INTEGRAL,INGRESOS,INGRESOS CORRIENTES,INGRESOS NO TRIBUTARIOS,TRANSFERENCIAS CORRIENTES,RECURSOS DEL SISTEMA DE SEGURIDAD SOCIAL INTEGRAL,No Aplica,No Aplica,No Aplica,No Aplica,No Aplica,,,,,,,,2022,Tercer Trimestre,,,8004316228.0,NO APLICA,NO APLICA,NO APLICA,NO APLICA,NO APLICA,NO APLICA,NO APLICA,NO APLICA,NO APLICA,8004316228.0,0.0,0.0,0.0,,,,,,
6392117,20210601,218552585,Pupiales,1.1.01.01.014,SOBRETASA AMBIENTAL,INGRESOS,INGRESOS CORRIENTES,INGRESOS TRIBUTARIOS,IMPUESTOS DIRECTOS,SOBRETASA AMBIENTAL,No Aplica,No Aplica,No Aplica,No Aplica,No Aplica,,,,,,,,2021,Segundo Trimestre,,,59067788.0,NO APLICA,NO APLICA,NO,NO APLICA,NO APLICA,,NO APLICA,NO APLICA,NO APLICA,0.0,59067788.0,0.0,0.0,,,,,,
6392141,20221201,218552585,Pupiales,1.2.13,REINTEGROS Y OTROS RECURSOS NO APROPIADOS,INGRESOS,RECURSOS DE CAPITAL,REINTEGROS Y OTROS RECURSOS NO APROPIADOS,No Aplica,No Aplica,No Aplica,No Aplica,No Aplica,No Aplica,No Aplica,,,,,,,,2022,Cuarto Trimestre,,,439950149.0,NO APLICA,NO APLICA,NO APLICA,NO APLICA,NO APLICA,NO APLICA,NO APLICA,NO APLICA,NO APLICA,0.0,0.0,0.0,439950149.0,,,,,,
6392370,20210901,218552585,Pupiales,1.1.01.02.212,SOBRETASA BOMBERIL,INGRESOS,INGRESOS CORRIENTES,INGRESOS TRIBUTARIOS,IMPUESTOS INDIRECTOS,SOBRETASA BOMBERIL,No Aplica,No Aplica,No Aplica,No Aplica,No Aplica,,,,,,,,2021,Tercer Trimestre,,,13140431.0,NO APLICA,1.2.3.1.15 - SOBRETASA BOMBERIL,NO,NO APLICA,NO APLICA,0,NO APLICA,NO APLICA,NO APLICA,0.0,13140431.0,0.0,0.0,,,,,,
6393785,20230301,218552585,Pupiales,1.2.05.02,DEPOSITOS,INGRESOS,RECURSOS DE CAPITAL,RENDIMIENTOS FINANCIEROS,DEPOSITOS,No Aplica,No Aplica,No Aplica,No Aplica,No Aplica,No Aplica,,,,,,,,2023,Primer Trimestre,,,33653.0,NO APLICA,R.F. SGP - PROPOSITO GENERAL,NO APLICA,NO APLICA,NO APLICA,NO APLICA,EL PEÑOL - NARIÑO,NO APLICA,NO APLICA,0.0,33653.0,0.0,0.0,,,,,,
6395133,20230601,218552585,Pupiales,1.1.01.01.014.02,SOBRETASA AMBIENTAL -RURAL,INGRESOS,INGRESOS CORRIENTES,INGRESOS TRIBUTARIOS,IMPUESTOS DIRECTOS,SOBRETASA AMBIENTAL,SOBRETASA AMBIENTAL -RURAL,No Aplica,No Aplica,No Aplica,No Aplica,,,,,,,,2023,Segundo Trimestre,,,27079851.0,NO APLICA,SOBRETASA - PARTICIPACION AMBIENTAL - CORPORACIONES AUTONOMAS REGIONALES,NO APLICA,NO APLICA,NO APLICA,NO APLICA,NO APLICA,NO APLICA,NO APLICA,0.0,27079851.0,0.0,0.0,,,,,,
6395839,20211201,218552585,Pupiales,1.2.12,RETIROS FONPET,INGRESOS,RECURSOS DE CAPITAL,RETIROS FONPET,No Aplica,No Aplica,No Aplica,No Aplica,No Aplica,No Aplica,No Aplica,,,,,,,,2021,Cuarto Trimestre,,,93251059.0,NO APLICA,NO APLICA,NO APLICA,NO APLICA,NO APLICA,NO APLICA,NO APLICA,NO APLICA,NO APLICA,93251059.0,0.0,0.0,0.0,,,,,,
6397123,20230901,218552585,Pupiales,1.1.02.05.002.09,"SERVICIOS PARA LA COMUNIDAD, SOCIALES Y PERSONALES",INGRESOS,INGRESOS CORRIENTES,INGRESOS NO TRIBUTARIOS,VENTA DE BIENES Y SERVICIOS,VENTAS INCIDENTALES DE ESTABLECIMIENTOS NO DE MERCADO,"SERVICIOS PARA LA COMUNIDAD, SOCIALES Y PERSONALES",No Aplica,No Aplica,No Aplica,No Aplica,,,,,,,,2023,Tercer Trimestre,,,46429978.0,OTROS SERVICIOS DE LA ADMINISTRACION PUBLICA N C P,INGRESOS CORRIENTES DE LIBRE DESTINACION,NO APLICA,NO APLICA,NO APLICA,NO APLICA,NO APLICA,NO APLICA,NO APLICA,0.0,46429978.0,0.0,0.0,,,,,,
6398075,20230301,218552585,Pupiales,1.2.05.02,DEPOSITOS,INGRESOS,RECURSOS DE CAPITAL,RENDIMIENTOS FINANCIEROS,DEPOSITOS,No Aplica,No Aplica,No Aplica,No Aplica,No Aplica,No Aplica,,,,,,,,2023,Primer Trimestre,,,13859.0,NO APLICA,R.F. SGP - AGUA POTABLE Y SANEAMIENTO BASICO,NO APLICA,NO APLICA,NO APLICA,NO APLICA,EL PEÑOL - NARIÑO,NO APLICA,NO APLICA,0.0,13859.0,0.0,0.0,,,,,,
6401975,20230901,218552585,Pupiales,1.1.02.06.001.02.04,SUBSIDIO A LA OFERTA,INGRESOS,INGRESOS CORRIENTES,INGRESOS NO TRIBUTARIOS,TRANSFERENCIAS CORRIENTES,SISTEMA GENERAL DE PARTICIPACIONES,PARTICIPACION PARA SALUD,SUBSIDIO A LA OFERTA,No Aplica,No Aplica,No Aplica,,,,,,,,2023,Tercer Trimestre,,,19560670.0,NO APLICA,SGP-SALUD-SUBSIDIO A LA OFERTA,NO APLICA,NO APLICA,NO APLICA,NO APLICA,"MINISTERIO DE VIVIENDA, CIUDAD Y TERRITORIO",NO APLICA,NO APLICA,0.0,19560670.0,0.0,0.0,,,,,,
6402787,20220601,218552585,Pupiales,1.1.01.02.300.01,ESTAMPILLA PARA EL BIENESTAR DEL ADULTO MAYOR,INGRESOS,INGRESOS CORRIENTES,INGRESOS TRIBUTARIOS,IMPUESTOS INDIRECTOS,ESTAMPILLAS,ESTAMPILLA PARA EL BIENESTAR DEL ADULTO MAYOR,No Aplica,No Aplica,No Aplica,No Aplica,,,,,,,,2022,Segundo Trimestre,,,123539945.0,NO APLICA,ESTAMPILLAS,NO APLICA,NO APLICA,NO APLICA,NO APLICA,NO APLICA,NO APLICA,NO APLICA,0.0,123539945.0,0.0,0.0,,,,,,
6406290,20220601,218552585,Pupiales,1.1.02.07.001.05,DERECHOS POR LA EXPLOTACION JUEGOS DE SUERTE Y AZAR DE RIFAS,INGRESOS,INGRESOS CORRIENTES,INGRESOS NO TRIBUTARIOS,PARTICIPACION Y DERECHOS POR MONOPOLIO,DERECHOS POR LA EXPLOTACION JUEGOS DE SUERTE Y AZAR,DERECHOS POR LA EXPLOTACION JUEGOS DE SUERTE Y AZAR DE RIFAS,No Aplica,No Aplica,No Aplica,No Aplica,,,,,,,,2022,Segundo Trimestre,,,111326502.0,NO APLICA,DERECHOS POR LA EXPLOTACION JUEGOS DE SUERTE Y AZAR,NO APLICA,NO APLICA,NO APLICA,NO APLICA,DIRECCION NACIONAL DEL TESORO MINISTERIO DE HACIENDA Y CREDITO PUBLICO,NO APLICA,NO APLICA,83921526.0,27404976.0,0.0,0.0,,,,,,
6407768,20210601,218552585,Pupiales,1.2.12,RETIROS FONPET,INGRESOS,RECURSOS DE CAPITAL,RETIROS FONPET,No Aplica,No Aplica,No Aplica,No Aplica,No Aplica,No Aplica,No Aplica,,,,,,,,2021,Segundo Trimestre,,,45235032.0,NO APLICA,NO APLICA,NO,NO APLICA,NO APLICA,,NO APLICA,NO APLICA,NO APLICA,45235032.0,0.0,0.0,0.0,,,,,,
6408822,20220901,218552585,Pupiales,1.1.02.01.005,CONTRIBUCIONES DIVERSAS,INGRESOS,INGRESOS CORRIENTES,INGRESOS NO TRIBUTARIOS,CONTRIBUCIONES,CONTRIBUCIONES DIVERSAS,No Aplica,No Aplica,No Aplica,No Aplica,No Aplica,,,,,,,,2022,Tercer Trimestre,,,133219073.0,NO APLICA,NO APLICA,NO APLICA,NO APLICA,NO APLICA,NO APLICA,NO APLICA,NO APLICA,NO APLICA,0.0,133219073.0,0.0,0.0,,,,,,
6415151,20211201,218552585,Pupiales,1.1.02.06.001.01.03.02,CALIDADPOR GRATUIDAD,INGRESOS,INGRESOS CORRIENTES,INGRESOS NO TRIBUTARIOS,TRANSFERENCIAS CORRIENTES,SISTEMA GENERAL DE PARTICIPACIONES,PARTICIPACION PARA EDUCACION,CALIDAD,CALIDADPOR GRATUIDAD,No Aplica,No Aplica,,,,,,,,2021,Cuarto Trimestre,,,239694142.0,NO APLICA,SGP-EDUCACION-CALIDAD  POR GRATUIDAD,NO APLICA,NO APLICA,NO APLICA,NO APLICA,DIRECCION NACIONAL DEL TESORO MINISTERIO DE HACIENDA Y CREDITO PUBLICO,NO APLICA,NO APLICA,239694142.0,0.0,0.0,0.0,,,,,,
6419525,20220901,218552585,Pupiales,1.2.05.02,DEPOSITOS,INGRESOS,RECURSOS DE CAPITAL,RENDIMIENTOS FINANCIEROS,DEPOSITOS,No Aplica,No Aplica,No Aplica,No Aplica,No Aplica,No Aplica,,,,,,,,2022,Tercer Trimestre,,,1747887.0,NO APLICA,OTROS RENDIMIENTOS FINANCIEROS,NO APLICA,NO APLICA,NO APLICA,NO APLICA,NO APLICA,NO APLICA,NO APLICA,0.0,1747887.0,0.0,0.0,,,,,,
6421745,20230301,218552585,Pupiales,1.1.02.06.001.05,AGUA POTABLE Y SANEAMIENTO BASICO,INGRESOS,INGRESOS CORRIENTES,INGRESOS NO TRIBUTARIOS,TRANSFERENCIAS CORRIENTES,SISTEMA GENERAL DE PARTICIPACIONES,AGUA POTABLE Y SANEAMIENTO BASICO,No Aplica,No Aplica,No Aplica,No Aplica,,,,,,,,2023,Primer Trimestre,,,173024386.0,NO APLICA,SGP-AGUA POTABLE Y SANEAMIENTO BASICO,NO APLICA,NO APLICA,NO APLICA,NO APLICA,MINISTERIO DE AMBIENTE Y DESARROLLO SOSTENIBLE,NO APLICA,NO APLICA,0.0,173024386.0,0.0,0.0,,,,,,
6423166,20220601,218552585,Pupiales,1.2.10.02,SUPERAVIT FISCAL,INGRESOS,RECURSOS DE CAPITAL,RECURSOS DEL BALANCE,SUPERAVIT FISCAL,No Aplica,No Aplica,No Aplica,No Aplica,No Aplica,No Aplica,,,,,,,,2022,Segundo Trimestre,,,1102610440.0,NO APLICA,R.B. ESTAMPILLAS,NO APLICA,NO APLICA,ACUERDO,NO APLICA,NO APLICA,NO APLICA,NO APLICA,0.0,1102610440.0,0.0,0.0,,,,,,
6423600,20230301,218552585,Pupiales,1.1.01.02.300.55,ESTAMPILLA PRO CULTURA,INGRESOS,INGRESOS CORRIENTES,INGRESOS TRIBUTARIOS,IMPUESTOS INDIRECTOS,ESTAMPILLAS,ESTAMPILLA PRO CULTURA,No Aplica,No Aplica,No Aplica,No Aplica,,,,,,,,2023,Primer Trimestre,,,2511494.0,NO APLICA,ESTAMPILLAS,NO APLICA,NO APLICA,NO APLICA,NO APLICA,EL PEÑOL - NARIÑO,NO APLICA,NO APLICA,0.0,2511494.0,0.0,0.0,,,,,,
6424697,20220901,218552585,Pupiales,1.2.10.02,SUPERAVIT FISCAL,INGRESOS,RECURSOS DE CAPITAL,RECURSOS DEL BALANCE,SUPERAVIT FISCAL,No Aplica,No Aplica,No Aplica,No Aplica,No Aplica,No Aplica,,,,,,,,2022,Tercer Trimestre,,,31059294.0,NO APLICA,R.B. RETIROS FONPET,NO APLICA,NO APLICA,ACUERDO,NO APLICA,DIRECCION NACIONAL DEL TESORO MINISTERIO DE HACIENDA Y CREDITO PUBLICO,NO APLICA,NO APLICA,0.0,0.0,0.0,31059294.0,,,,,,
6427178,20210301,218552585,Pupiales,1.1.02.06.003.01.02,PARTICIPACION DEL IMPUESTO SOBRE VEHICULOS AUTOMOTORES,INGRESOS,INGRESOS CORRIENTES,INGRESOS NO TRIBUTARIOS,TRANSFERENCIAS CORRIENTES,PARTICIPACIONES DISTINTAS DEL SGP,PARTICIPACION EN IMPUESTOS,PARTICIPACION DEL IMPUESTO SOBRE VEHICULOS AUTOMOTORES,No Aplica,No Aplica,No Aplica,,,,,,,,2021,Primer Trimestre,,,11953980.0,NO APLICA,1.2.3.1.03 - IMPUESTO SOBRE VEHICULOS AUTOMOTORES,NO,NO APLICA,NO APLICA,0,DEPARTAMENTO DE NARIÑO,NO APLICA,NO APLICA,0.0,11953980.0,0.0,0.0,,,,,,
6430485,20220901,218552585,Pupiales,1.1.02.01,CONTRIBUCIONES,INGRESOS,INGRESOS CORRIENTES,INGRESOS NO TRIBUTARIOS,CONTRIBUCIONES,No Aplica,No Aplica,No Aplica,No Aplica,No Aplica,No Aplica,,,,,,,,2022,Tercer Trimestre,,,133219073.0,NO APLICA,NO APLICA,NO APLICA,NO APLICA,NO APLICA,NO APLICA,NO APLICA,NO APLICA,NO APLICA,0.0,133219073.0,0.0,0.0,,,,,,
6433707,20230601,218552585,Pupiales,1.1.02.06.001.05,AGUA POTABLE Y SANEAMIENTO BASICO,INGRESOS,INGRESOS CORRIENTES,INGRESOS NO TRIBUTARIOS,TRANSFERENCIAS CORRIENTES,SISTEMA GENERAL DE PARTICIPACIONES,AGUA POTABLE Y SANEAMIENTO BASICO,No Aplica,No Aplica,No Aplica,No Aplica,,,,,,,,2023,Segundo Trimestre,,,531927640.0,NO APLICA,SGP-AGUA POTABLE Y SANEAMIENTO BASICO,NO APLICA,NO APLICA,NO APLICA,NO APLICA,"MINISTERIO DE VIVIENDA, CIUDAD Y TERRITORIO",NO APLICA,NO APLICA,0.0,531927640.0,0.0,0.0,,,,,,
6434828,20220901,218552585,Pupiales,1.1.02.06.001.03.02,CULTURA,INGRESOS,INGRESOS CORRIENTES,INGRESOS NO TRIBUTARIOS,TRANSFERENCIAS CORRIENTES,SISTEMA GENERAL DE PARTICIPACIONES,PARTICIPACION PARA PROPOSITO GENERAL,CULTURA,No Aplica,No Aplica,No Aplica,,,,,,,,2022,Tercer Trimestre,,,53168493.0,NO APLICA,SGP-PROPOSITO GENERAL-CULTURA,NO APLICA,NO APLICA,NO APLICA,NO APLICA,DIRECCION NACIONAL DEL TESORO MINISTERIO DE HACIENDA Y CREDITO PUBLICO,NO APLICA,NO APLICA,0.0,53168493.0,0.0,0.0,,,,,,
6435205,20230601,218552585,Pupiales,1.1.01.02.201,IMPUESTO COMPLEMENTARIO DE AVISOS Y TABLEROS,INGRESOS,INGRESOS CORRIENTES,INGRESOS TRIBUTARIOS,IMPUESTOS INDIRECTOS,IMPUESTO COMPLEMENTARIO DE AVISOS Y TABLEROS,No Aplica,No Aplica,No Aplica,No Aplica,No Aplica,,,,,,,,2023,Segundo Trimestre,,,3705000.0,NO APLICA,INGRESOS CORRIENTES DE LIBRE DESTINACION,NO APLICA,NO APLICA,NO APLICA,NO APLICA,BANCO AGRARIO DE COLOMBIA,NO APLICA,NO APLICA,0.0,3705000.0,0.0,0.0,,,,,,
6436761,20230901,218552585,Pupiales,1.1.01.02.212,SOBRETASA BOMBERIL,INGRESOS,INGRESOS CORRIENTES,INGRESOS TRIBUTARIOS,IMPUESTOS INDIRECTOS,SOBRETASA BOMBERIL,No Aplica,No Aplica,No Aplica,No Aplica,No Aplica,,,,,,,,2023,Tercer Trimestre,,,9390661.0,NO APLICA,SOBRETASA BOMBERIL,NO APLICA,NO APLICA,NO APLICA,NO APLICA,NO APLICA,NO APLICA,NO APLICA,0.0,9390661.0,0.0,0.0,,,,,,
6439864,20230601,218552585,Pupiales,1.1.02.01.005,CONTRIBUCIONES DIVERSAS,INGRESOS,INGRESOS CORRIENTES,INGRESOS NO TRIBUTARIOS,CONTRIBUCIONES,CONTRIBUCIONES DIVERSAS,No Aplica,No Aplica,No Aplica,No Aplica,No Aplica,,,,,,,,2023,Segundo Trimestre,,,69544794.0,NO APLICA,NO APLICA,NO APLICA,NO APLICA,NO APLICA,NO APLICA,NO APLICA,NO APLICA,NO APLICA,0.0,69544794.0,0.0,0.0,,,,,,
6440093,20230901,218552585,Pupiales,1.1.02.06.001,SISTEMA GENERAL DE PARTICIPACIONES,INGRESOS,INGRESOS CORRIENTES,INGRESOS NO TRIBUTARIOS,TRANSFERENCIAS CORRIENTES,SISTEMA GENERAL DE PARTICIPACIONES,No Aplica,No Aplica,No Aplica,No Aplica,No Aplica,,,,,,,,2023,Tercer Trimestre,,,10330033947.0,NO APLICA,NO APLICA,NO APLICA,NO APLICA,NO APLICA,NO APLICA,NO APLICA,NO APLICA,NO APLICA,0.0,10330033947.0,0.0,0.0,,,,,,
6442779,20210901,218552585,Pupiales,1.1.02.03.001.20.01,MULTAS CODIGO NACIONAL DE SEGURIDAD Y CONVIVENCIA CIUDADANA - MULTAS GENERALES,INGRESOS,INGRESOS CORRIENTES,INGRESOS NO TRIBUTARIOS,"MULTAS, SANCIONES E INTERESES DE MORA",MULTAS Y SANCIONES,MULTAS CODIGO NACIONAL DE SEGURIDAD Y CONVIVENCIA CIUDADANA,MULTAS CODIGO NACIONAL DE SEGURIDAD Y CONVIVENCIA CIUDADANA - MULTAS GENERALES,No Aplica,No Aplica,No Aplica,,,,,,,,2021,Tercer Trimestre,,,30261235.0,NO APLICA,1.2.3.2.06 - MULTAS CODIGO NACIONAL DE POLICIA Y CONVIVENCIA,NO,NO APLICA,NO APLICA,0,NO APLICA,NO APLICA,NO APLICA,0.0,30261235.0,0.0,0.0,,,,,,
6444863,20230901,218552585,Pupiales,1.2.05,RENDIMIENTOS FINANCIEROS,INGRESOS,RECURSOS DE CAPITAL,RENDIMIENTOS FINANCIEROS,No Aplica,No Aplica,No Aplica,No Aplica,No Aplica,No Aplica,No Aplica,,,,,,,,2023,Tercer Trimestre,,,13921186.0,NO APLICA,NO APLICA,NO APLICA,NO APLICA,NO APLICA,NO APLICA,NO APLICA,NO APLICA,NO APLICA,0.0,13921186.0,0.0,0.0,,,,,,
6447651,20220901,218552585,Pupiales,1.1,INGRESOS CORRIENTES,INGRESOS,INGRESOS CORRIENTES,No Aplica,No Aplica,No Aplica,No Aplica,No Aplica,No Aplica,No Aplica,No Aplica,,,,,,,,2022,Tercer Trimestre,,,20933251118.0,NO APLICA,NO APLICA,NO APLICA,NO APLICA,NO APLICA,NO APLICA,NO APLICA,NO APLICA,NO APLICA,14140127822.0,6793123296.0,0.0,0.0,,,,,,
6449650,20220301,218552585,Pupiales,1,INGRESOS,INGRESOS,No Aplica,No Aplica,No Aplica,No Aplica,No Aplica,No Aplica,No Aplica,No Aplica,No Aplica,,,,,,,,2022,Primer Trimestre,,,5900258277.0,NO APLICA,NO APLICA,NO APLICA,NO APLICA,NO APLICA,NO APLICA,NO APLICA,NO APLICA,NO APLICA,4587340105.0,1312918172.0,0.0,0.0,,,,,,
6450278,20220301,218552585,Pupiales,1.1.02.06.001.01.03,CALIDAD,INGRESOS,INGRESOS CORRIENTES,INGRESOS NO TRIBUTARIOS,TRANSFERENCIAS CORRIENTES,SISTEMA GENERAL DE PARTICIPACIONES,PARTICIPACION PARA EDUCACION,CALIDAD,No Aplica,No Aplica,No Aplica,,,,,,,,2022,Primer Trimestre,,,34703292.0,NO APLICA,NO APLICA,NO APLICA,NO APLICA,NO APLICA,NO APLICA,NO APLICA,NO APLICA,NO APLICA,0.0,34703292.0,0.0,0.0,,,,,,
6454356,20221201,218552585,Pupiales,1.1.02.06.001.01,PARTICIPACION PARA EDUCACION,INGRESOS,INGRESOS CORRIENTES,INGRESOS NO TRIBUTARIOS,TRANSFERENCIAS CORRIENTES,SISTEMA GENERAL DE PARTICIPACIONES,PARTICIPACION PARA EDUCACION,No Aplica,No Aplica,No Aplica,No Aplica,,,,,,,,2022,Cuarto Trimestre,,,406016250.0,NO APLICA,NO APLICA,NO APLICA,NO APLICA,NO APLICA,NO APLICA,NO APLICA,NO APLICA,NO APLICA,197796499.0,208219751.0,0.0,0.0,,,,,,
6454566,20220301,218552585,Pupiales,1.1.02.03,"MULTAS, SANCIONES E INTERESES DE MORA",INGRESOS,INGRESOS CORRIENTES,INGRESOS NO TRIBUTARIOS,"MULTAS, SANCIONES E INTERESES DE MORA",No Aplica,No Aplica,No Aplica,No Aplica,No Aplica,No Aplica,,,,,,,,2022,Primer Trimestre,,,1827582.0,NO APLICA,NO APLICA,NO APLICA,NO APLICA,NO APLICA,NO APLICA,NO APLICA,NO APLICA,NO APLICA,0.0,1827582.0,0.0,0.0,,,,,,
6456064,20210901,218552585,Pupiales,1.2.10.02,SUPERAVIT FISCAL,INGRESOS,RECURSOS DE CAPITAL,RECURSOS DEL BALANCE,SUPERAVIT FISCAL,No Aplica,No Aplica,No Aplica,No Aplica,No Aplica,No Aplica,,,,,,,,2021,Tercer Trimestre,,,202159675.0,NO APLICA,1.3.3.0.00 - RECURSOS DEL BALANCE DE LIBRE DESTINACION,NO,NO APLICA,NO APLICA,0,NO APLICA,NO APLICA,NO APLICA,0.0,202159675.0,0.0,0.0,,,,,,
6456943,20210901,218552585,Pupiales,1.1.02.06.009.01.07,TRANSFERENCIA NACIONAL - FINANCIACION DEL REGIMEN SUBSIDIADO EN SALUD - LEY 1530 DE 2012,INGRESOS,INGRESOS CORRIENTES,INGRESOS NO TRIBUTARIOS,TRANSFERENCIAS CORRIENTES,RECURSOS DEL SISTEMA DE SEGURIDAD SOCIAL INTEGRAL,SISTEMA GENERAL DE SEGURIDAD SOCIAL EN SALUD,TRANSFERENCIA NACIONAL - FINANCIACION DEL REGIMEN SUBSIDIADO EN SALUD - LEY 1530 DE 2012,No Aplica,No Aplica,No Aplica,,,,,,,,2021,Tercer Trimestre,,,0.0,NO APLICA,1.3.1.1.08 - OTRAS TRANSFERENCIAS DE CAPITAL,NO,NO APLICA,NO APLICA,0,CAJA DE COMPENSACION FAMILIAR DE NARIÑO,NO APLICA,NO APLICA,0.0,0.0,0.0,0.0,,,,,,
6457882,20211201,218552585,Pupiales,1.1.02.03.002,INTERESES DE MORA,INGRESOS,INGRESOS CORRIENTES,INGRESOS NO TRIBUTARIOS,"MULTAS, SANCIONES E INTERESES DE MORA",INTERESES DE MORA,No Aplica,No Aplica,No Aplica,No Aplica,No Aplica,,,,,,,,2021,Cuarto Trimestre,,,3867659.0,NO APLICA,"OTRAS MULTAS, SANCIONES E INTERESES DE MORA CON DESTINACION ESPECIFICA LEGAL",NO APLICA,NO APLICA,NO APLICA,NO APLICA,NO APLICA,NO APLICA,NO APLICA,0.0,3867659.0,0.0,0.0,,,,,,
6461023,20230901,218552585,Pupiales,1.2.05.02,DEPOSITOS,INGRESOS,RECURSOS DE CAPITAL,RENDIMIENTOS FINANCIEROS,DEPOSITOS,No Aplica,No Aplica,No Aplica,No Aplica,No Aplica,No Aplica,,,,,,,,2023,Tercer Trimestre,,,984636.0,NO APLICA,R.F. DISTINTOS AL SGP,NO APLICA,NO APLICA,NO APLICA,NO APLICA,BANCO AGRARIO DE COLOMBIA,NO APLICA,NO APLICA,0.0,984636.0,0.0,0.0,,,,,,
6461043,20230601,218552585,Pupiales,1.1.02.06.001.03.03,PROPOSITO GENERAL LIBRE INVERSION,INGRESOS,INGRESOS CORRIENTES,INGRESOS NO TRIBUTARIOS,TRANSFERENCIAS CORRIENTES,SISTEMA GENERAL DE PARTICIPACIONES,PARTICIPACION PARA PROPOSITO GENERAL,PROPOSITO GENERAL LIBRE INVERSION,No Aplica,No Aplica,No Aplica,,,,,,,,2023,Segundo Trimestre,,,1190032351.0,NO APLICA,SGP-PROPOSITO GENERAL-PROPOSITO GENERAL LIBRE INVERSION,NO APLICA,NO APLICA,NO APLICA,NO APLICA,NO APLICA,NO APLICA,NO APLICA,0.0,1190032351.0,0.0,0.0,,,,,,
6461733,20230901,218552585,Pupiales,1.1.02,INGRESOS NO TRIBUTARIOS,INGRESOS,INGRESOS CORRIENTES,INGRESOS NO TRIBUTARIOS,No Aplica,No Aplica,No Aplica,No Aplica,No Aplica,No Aplica,No Aplica,,,,,,,,2023,Tercer Trimestre,,,21657432234.0,NO APLICA,NO APLICA,NO APLICA,NO APLICA,NO APLICA,NO APLICA,NO APLICA,NO APLICA,NO APLICA,0.0,21657432234.0,0.0,0.0,,,,,,
6465111,20230301,218552585,Pupiales,1.1.02.06.006,TRANSFERENCIAS DE OTRAS ENTIDADES DEL GOBIERNO GENERAL,INGRESOS,INGRESOS CORRIENTES,INGRESOS NO TRIBUTARIOS,TRANSFERENCIAS CORRIENTES,TRANSFERENCIAS DE OTRAS ENTIDADES DEL GOBIERNO GENERAL,No Aplica,No Aplica,No Aplica,No Aplica,No Aplica,,,,,,,,2023,Primer Trimestre,,,388430567.0,NO APLICA,NO APLICA,NO APLICA,NO APLICA,NO APLICA,NO APLICA,NO APLICA,NO APLICA,NO APLICA,0.0,388430567.0,0.0,0.0,,,,,,
6468333,20230901,218552585,Pupiales,1.1.01.01.200,IMPUESTO PREDIAL UNIFICADO,INGRESOS,INGRESOS CORRIENTES,INGRESOS TRIBUTARIOS,IMPUESTOS DIRECTOS,IMPUESTO PREDIAL UNIFICADO,No Aplica,No Aplica,No Aplica,No Aplica,No Aplica,,,,,,,,2023,Tercer Trimestre,,,305829378.0,NO APLICA,NO APLICA,NO APLICA,NO APLICA,NO APLICA,NO APLICA,NO APLICA,NO APLICA,NO APLICA,0.0,305829378.0,0.0,0.0,,,,,,
6469769,20210901,218552585,Pupiales,1.1.02.05.002.07,SERVICIOS FINANCIEROS Y SERVICIOS CONEXOS; SERVICIOS INMOBILIARIOS; Y SERVICIOS DE ARRENDAMIENTO Y LEASING,INGRESOS,INGRESOS CORRIENTES,INGRESOS NO TRIBUTARIOS,VENTA DE BIENES Y SERVICIOS,VENTAS INCIDENTALES DE ESTABLECIMIENTOS NO DE MERCADO,SERVICIOS FINANCIEROS Y SERVICIOS CONEXOS; SERVICIOS INMOBILIARIOS; Y SERVICIOS DE ARRENDAMIENTO Y LEASING,No Aplica,No Aplica,No Aplica,No Aplica,,,,,,,,2021,Tercer Trimestre,,,11118544.0,"91114 - SERVICIOS DE PLANIFICACIÓN ECONÓMICA, SOCIAL Y ESTADÍSTICA DE LA ADMINISTRACIÓN PUBLICA",1.2.3.2.09 - VENTA DE BIENES Y SERVICIOS,NO,NO APLICA,NO APLICA,0,NO APLICA,NO APLICA,NO APLICA,0.0,11118544.0,0.0,0.0,,,,,,
6470284,20210901,218552585,Pupiales,1.1.02.01.005,CONTRIBUCIONES DIVERSAS,INGRESOS,INGRESOS CORRIENTES,INGRESOS NO TRIBUTARIOS,CONTRIBUCIONES,CONTRIBUCIONES DIVERSAS,No Aplica,No Aplica,No Aplica,No Aplica,No Aplica,,,,,,,,2021,Tercer Trimestre,,,103702593.0,NO APLICA,NO APLICA,NO,NO APLICA,NO APLICA,,NO APLICA,NO APLICA,NO APLICA,0.0,103702593.0,0.0,0.0,,,,,,
6471089,20210601,218552585,Pupiales,1.1.02.06.001.02,PARTICIPACION PARA SALUD,INGRESOS,INGRESOS CORRIENTES,INGRESOS NO TRIBUTARIOS,TRANSFERENCIAS CORRIENTES,SISTEMA GENERAL DE PARTICIPACIONES,PARTICIPACION PARA SALUD,No Aplica,No Aplica,No Aplica,No Aplica,,,,,,,,2021,Segundo Trimestre,,,3457077434.0,NO APLICA,NO APLICA,NO,NO APLICA,NO APLICA,,NO APLICA,NO APLICA,NO APLICA,3351409517.0,105667917.0,0.0,0.0,,,,,,
6474162,20220301,218552585,Pupiales,1.1.01.02.200.03,IMPUESTO DE INDUSTRIA Y COMERCIO - SOBRE ACTIVIDADES DE SERVICIOS,INGRESOS,INGRESOS CORRIENTES,INGRESOS TRIBUTARIOS,IMPUESTOS INDIRECTOS,IMPUESTO DE INDUSTRIA Y COMERCIO,IMPUESTO DE INDUSTRIA Y COMERCIO - SOBRE ACTIVIDADES DE SERVICIOS,No Aplica,No Aplica,No Aplica,No Aplica,,,,,,,,2022,Primer Trimestre,,,35838744.0,NO APLICA,INGRESOS CORRIENTES DE LIBRE DESTINACION,NO APLICA,NO APLICA,NO APLICA,NO APLICA,NO APLICA,NO APLICA,NO APLICA,0.0,35838744.0,0.0,0.0,,,,,,
6475403,20230301,218552585,Pupiales,1.1.02.01,CONTRIBUCIONES,INGRESOS,INGRESOS CORRIENTES,INGRESOS NO TRIBUTARIOS,CONTRIBUCIONES,No Aplica,No Aplica,No Aplica,No Aplica,No Aplica,No Aplica,,,,,,,,2023,Primer Trimestre,,,107426486.0,NO APLICA,NO APLICA,NO APLICA,NO APLICA,NO APLICA,NO APLICA,NO APLICA,NO APLICA,NO APLICA,0.0,107426486.0,0.0,0.0,,,,,,
6476829,20230901,218552585,Pupiales,1.1.02.06.001.01.03.02,CALIDADPOR GRATUIDAD,INGRESOS,INGRESOS CORRIENTES,INGRESOS NO TRIBUTARIOS,TRANSFERENCIAS CORRIENTES,SISTEMA GENERAL DE PARTICIPACIONES,PARTICIPACION PARA EDUCACION,CALIDAD,CALIDADPOR GRATUIDAD,No Aplica,No Aplica,,,,,,,,2023,Tercer Trimestre,,,175578393.0,NO APLICA,SGP-EDUCACION-CALIDAD  POR GRATUIDAD,NO APLICA,NO APLICA,NO APLICA,NO APLICA,MINISTERIO DE EDUCACION NACIONAL,NO APLICA,NO APLICA,0.0,175578393.0,0.0,0.0,,,,,,
6476853,20230301,218552585,Pupiales,1.1.02.06.001.01.03,CALIDAD,INGRESOS,INGRESOS CORRIENTES,INGRESOS NO TRIBUTARIOS,TRANSFERENCIAS CORRIENTES,SISTEMA GENERAL DE PARTICIPACIONES,PARTICIPACION PARA EDUCACION,CALIDAD,No Aplica,No Aplica,No Aplica,,,,,,,,2023,Primer Trimestre,,,67325842.0,NO APLICA,NO APLICA,NO APLICA,NO APLICA,NO APLICA,NO APLICA,NO APLICA,NO APLICA,NO APLICA,49181126.0,18144716.0,0.0,0.0,,,,,,
6482539,20210601,218552585,Pupiales,1.1.01.02.204,IMPUESTO DE DELINEACION,INGRESOS,INGRESOS CORRIENTES,INGRESOS TRIBUTARIOS,IMPUESTOS INDIRECTOS,IMPUESTO DE DELINEACION,No Aplica,No Aplica,No Aplica,No Aplica,No Aplica,,,,,,,,2021,Segundo Trimestre,,,8370687.0,NO APLICA,1.2.1.0.00 - INGRESOS CORRIENTES DE LIBRE DESTINACION,NO,NO APLICA,NO APLICA,0,NO APLICA,NO APLICA,NO APLICA,0.0,8370687.0,0.0,0.0,,,,,,
6482657,20230601,218552585,Pupiales,1.1.01.02.300.01,ESTAMPILLA PARA EL BIENESTAR DEL ADULTO MAYOR,INGRESOS,INGRESOS CORRIENTES,INGRESOS TRIBUTARIOS,IMPUESTOS INDIRECTOS,ESTAMPILLAS,ESTAMPILLA PARA EL BIENESTAR DEL ADULTO MAYOR,No Aplica,No Aplica,No Aplica,No Aplica,,,,,,,,2023,Segundo Trimestre,,,65045493.0,NO APLICA,ESTAMPILLAS,NO APLICA,NO APLICA,NO APLICA,NO APLICA,PUPIALES,NO APLICA,NO APLICA,0.0,65045493.0,0.0,0.0,,,,,,
6483577,20230601,218552585,Pupiales,1.2.10.02,SUPERAVIT FISCAL,INGRESOS,RECURSOS DE CAPITAL,RECURSOS DEL BALANCE,SUPERAVIT FISCAL,No Aplica,No Aplica,No Aplica,No Aplica,No Aplica,No Aplica,,,,,,,,2023,Segundo Trimestre,,,226016183.0,NO APLICA,R.B. SGP-PROPOSITO GENERAL-PROPOSITO GENERAL LIBRE INVERSION,NO APLICA,NO APLICA,NO APLICA,NO APLICA,PUPIALES,NO APLICA,NO APLICA,0.0,226016183.0,0.0,0.0,,,,,,
6486258,20230601,218552585,Pupiales,1.1.01.02.300,ESTAMPILLAS,INGRESOS,INGRESOS CORRIENTES,INGRESOS TRIBUTARIOS,IMPUESTOS INDIRECTOS,ESTAMPILLAS,No Aplica,No Aplica,No Aplica,No Aplica,No Aplica,,,,,,,,2023,Segundo Trimestre,,,186706270.0,NO APLICA,NO APLICA,NO APLICA,NO APLICA,NO APLICA,NO APLICA,NO APLICA,NO APLICA,NO APLICA,0.0,186706270.0,0.0,0.0,,,,,,
6487166,20221201,218552585,Pupiales,1.1.02.06.001.01.03,CALIDAD,INGRESOS,INGRESOS CORRIENTES,INGRESOS NO TRIBUTARIOS,TRANSFERENCIAS CORRIENTES,SISTEMA GENERAL DE PARTICIPACIONES,PARTICIPACION PARA EDUCACION,CALIDAD,No Aplica,No Aplica,No Aplica,,,,,,,,2022,Cuarto Trimestre,,,406016250.0,NO APLICA,NO APLICA,NO APLICA,NO APLICA,NO APLICA,NO APLICA,NO APLICA,NO APLICA,NO APLICA,197796499.0,208219751.0,0.0,0.0,,,,,,
6488776,20210901,218552585,Pupiales,1.1.01.02.211,IMPUESTO DE ALUMBRADO PUBLICO,INGRESOS,INGRESOS CORRIENTES,INGRESOS TRIBUTARIOS,IMPUESTOS INDIRECTOS,IMPUESTO DE ALUMBRADO PUBLICO,No Aplica,No Aplica,No Aplica,No Aplica,No Aplica,,,,,,,,2021,Tercer Trimestre,,,0.0,NO APLICA,1.2.3.1.14 - IMPUESTO DE ALUMBRADO PUBLICO,NO,NO APLICA,NO APLICA,0,NO APLICA,NO APLICA,NO APLICA,0.0,0.0,0.0,0.0,,,,,,
6489868,20220301,218552585,Pupiales,1.1.02.05.002.09,"SERVICIOS PARA LA COMUNIDAD, SOCIALES Y PERSONALES",INGRESOS,INGRESOS CORRIENTES,INGRESOS NO TRIBUTARIOS,VENTA DE BIENES Y SERVICIOS,VENTAS INCIDENTALES DE ESTABLECIMIENTOS NO DE MERCADO,"SERVICIOS PARA LA COMUNIDAD, SOCIALES Y PERSONALES",No Aplica,No Aplica,No Aplica,No Aplica,,,,,,,,2022,Primer Trimestre,,,13971509.0,OTROS SERVICIOS DIVERSOS N C P,VENTA DE BIENES Y SERVICIOS CON DESTINACION ESPECIFICA LEGAL,NO APLICA,NO APLICA,NO APLICA,NO APLICA,NO APLICA,NO APLICA,NO APLICA,0.0,13971509.0,0.0,0.0,,,,,,
6492315,20211201,218552585,Pupiales,1.2.10.02,SUPERAVIT FISCAL,INGRESOS,RECURSOS DE CAPITAL,RECURSOS DEL BALANCE,SUPERAVIT FISCAL,No Aplica,No Aplica,No Aplica,No Aplica,No Aplica,No Aplica,,,,,,,,2021,Cuarto Trimestre,,,354422707.0,NO APLICA,R.B. SGP-PROPOSITO GENERAL-PROPOSITO GENERAL LIBRE INVERSION,NO APLICA,NO APLICA,NO APLICA,NO APLICA,DIRECCION NACIONAL DEL TESORO MINISTERIO DE HACIENDA Y CREDITO PUBLICO,NO APLICA,NO APLICA,0.0,354422707.0,0.0,0.0,,,,,,
6495050,20230601,218552585,Pupiales,1.1.02.01.005.59,CONTRIBUCION ESPECIAL SOBRE CONTRATOS DE OBRAS PUBLICAS,INGRESOS,INGRESOS CORRIENTES,INGRESOS NO TRIBUTARIOS,CONTRIBUCIONES,CONTRIBUCIONES DIVERSAS,CONTRIBUCION ESPECIAL SOBRE CONTRATOS DE OBRAS PUBLICAS,No Aplica,No Aplica,No Aplica,No Aplica,,,,,,,,2023,Segundo Trimestre,,,24822950.0,NO APLICA,CONTRIBUCION SOBRE CONTRATOS DE OBRA PUBLICA,NO APLICA,NO APLICA,NO APLICA,NO APLICA,NO APLICA,NO APLICA,NO APLICA,0.0,24822950.0,0.0,0.0,,,,,,
6495509,20211201,218552585,Pupiales,1.1.02.06.001.05,AGUA POTABLE Y SANEAMIENTO BASICO,INGRESOS,INGRESOS CORRIENTES,INGRESOS NO TRIBUTARIOS,TRANSFERENCIAS CORRIENTES,SISTEMA GENERAL DE PARTICIPACIONES,AGUA POTABLE Y SANEAMIENTO BASICO,No Aplica,No Aplica,No Aplica,No Aplica,,,,,,,,2021,Cuarto Trimestre,,,1150677680.0,NO APLICA,SGP-AGUA POTABLE Y SANEAMIENTO BASICO,NO APLICA,NO APLICA,NO APLICA,NO APLICA,DIRECCION NACIONAL DEL TESORO MINISTERIO DE HACIENDA Y CREDITO PUBLICO,NO APLICA,NO APLICA,0.0,1150677680.0,0.0,0.0,,,,,,
6497601,20220901,218552585,Pupiales,1.2.10.02,SUPERAVIT FISCAL,INGRESOS,RECURSOS DE CAPITAL,RECURSOS DEL BALANCE,SUPERAVIT FISCAL,No Aplica,No Aplica,No Aplica,No Aplica,No Aplica,No Aplica,,,,,,,,2022,Tercer Trimestre,,,18286371.0,NO APLICA,R.B. DERECHOS POR LA EXPLOTACION JUEGOS DE SUERTE Y AZAR,NO APLICA,NO APLICA,ACUERDO,NO APLICA,DIRECCION NACIONAL DEL TESORO MINISTERIO DE HACIENDA Y CREDITO PUBLICO,NO APLICA,NO APLICA,0.0,0.0,0.0,18286371.0,,,,,,
6498715,20211201,218552585,Pupiales,1.1.02.06.003.01.02,PARTICIPACION DEL IMPUESTO SOBRE VEHICULOS AUTOMOTORES,INGRESOS,INGRESOS CORRIENTES,INGRESOS NO TRIBUTARIOS,TRANSFERENCIAS CORRIENTES,PARTICIPACIONES DISTINTAS DEL SGP,PARTICIPACION EN IMPUESTOS,PARTICIPACION DEL IMPUESTO SOBRE VEHICULOS AUTOMOTORES,No Aplica,No Aplica,No Aplica,,,,,,,,2021,Cuarto Trimestre,,,61870030.0,NO APLICA,IMPUESTO SOBRE VEHICULOS AUTOMOTORES CON DESTINACION ESPECIFICA LEGAL,NO APLICA,NO APLICA,NO APLICA,NO APLICA,DEPARTAMENTO DE NARIÑO,NO APLICA,NO APLICA,0.0,61870030.0,0.0,0.0,,,,,,
6503254,20230301,218552585,Pupiales,1.1.01.02.200.01,IMPUESTO DE INDUSTRIA Y COMERCIO - SOBRE ACTIVIDADES COMERCIALES,INGRESOS,INGRESOS CORRIENTES,INGRESOS TRIBUTARIOS,IMPUESTOS INDIRECTOS,IMPUESTO DE INDUSTRIA Y COMERCIO,IMPUESTO DE INDUSTRIA Y COMERCIO - SOBRE ACTIVIDADES COMERCIALES,No Aplica,No Aplica,No Aplica,No Aplica,,,,,,,,2023,Primer Trimestre,,,8782047.0,NO APLICA,INGRESOS CORRIENTES DE LIBRE DESTINACION,NO APLICA,NO APLICA,NO APLICA,NO APLICA,NO APLICA,NO APLICA,NO APLICA,0.0,8782047.0,0.0,0.0,,,,,,
6505597,20230901,218552585,Pupiales,1.1.02.03.002,INTERESES DE MORA,INGRESOS,INGRESOS CORRIENTES,INGRESOS NO TRIBUTARIOS,"MULTAS, SANCIONES E INTERESES DE MORA",INTERESES DE MORA,No Aplica,No Aplica,No Aplica,No Aplica,No Aplica,,,,,,,,2023,Tercer Trimestre,,,570800.0,NO APLICA,"OTRAS MULTAS, SANCIONES E INTERESES DE MORA CON DESTINACION ESPECIFICA LEGAL",NO APLICA,NO APLICA,NO APLICA,NO APLICA,NO APLICA,NO APLICA,NO APLICA,0.0,570800.0,0.0,0.0,,,,,,
6506351,20230301,218552585,Pupiales,1.1.01,INGRESOS TRIBUTARIOS,INGRESOS,INGRESOS CORRIENTES,INGRESOS TRIBUTARIOS,No Aplica,No Aplica,No Aplica,No Aplica,No Aplica,No Aplica,No Aplica,,,,,,,,2023,Primer Trimestre,,,263389694.0,NO APLICA,NO APLICA,NO APLICA,NO APLICA,NO APLICA,NO APLICA,NO APLICA,NO APLICA,NO APLICA,0.0,263389694.0,0.0,0.0,,,,,,
6509256,20230901,218552585,Pupiales,1.1.01,INGRESOS TRIBUTARIOS,INGRESOS,INGRESOS CORRIENTES,INGRESOS TRIBUTARIOS,No Aplica,No Aplica,No Aplica,No Aplica,No Aplica,No Aplica,No Aplica,,,,,,,,2023,Tercer Trimestre,,,1315624355.0,NO APLICA,NO APLICA,NO APLICA,NO APLICA,NO APLICA,NO APLICA,NO APLICA,NO APLICA,NO APLICA,0.0,1315624355.0,0.0,0.0,,,,,,
6509589,20220601,218552585,Pupiales,1.1.01.02.200.02,IMPUESTO DE INDUSTRIA Y COMERCIO - SOBRE ACTIVIDADES INDUSTRIALES,INGRESOS,INGRESOS CORRIENTES,INGRESOS TRIBUTARIOS,IMPUESTOS INDIRECTOS,IMPUESTO DE INDUSTRIA Y COMERCIO,IMPUESTO DE INDUSTRIA Y COMERCIO - SOBRE ACTIVIDADES INDUSTRIALES,No Aplica,No Aplica,No Aplica,No Aplica,,,,,,,,2022,Segundo Trimestre,,,6256000.0,NO APLICA,INGRESOS CORRIENTES DE LIBRE DESTINACION,NO APLICA,NO APLICA,NO APLICA,NO APLICA,NO APLICA,NO APLICA,NO APLICA,0.0,6256000.0,0.0,0.0,,,,,,
6511194,20230901,218552585,Pupiales,1.1.01.02.212,SOBRETASA BOMBERIL,INGRESOS,INGRESOS CORRIENTES,INGRESOS TRIBUTARIOS,IMPUESTOS INDIRECTOS,SOBRETASA BOMBERIL,No Aplica,No Aplica,No Aplica,No Aplica,No Aplica,,,,,,,,2023,Tercer Trimestre,,,1242000.0,NO APLICA,SOBRETASA BOMBERIL,NO APLICA,NO APLICA,NO APLICA,NO APLICA,E.S.P. CENTRALES ELECTRICAS DE NARIÑO S.A.,NO APLICA,NO APLICA,0.0,1242000.0,0.0,0.0,,,,,,
6511940,20220901,218552585,Pupiales,1.1.01.02.214,IMPUESTO DE TRANSPORTE POR OLEODUCTOS Y GASODUCTOS,INGRESOS,INGRESOS CORRIENTES,INGRESOS TRIBUTARIOS,IMPUESTOS INDIRECTOS,IMPUESTO DE TRANSPORTE POR OLEODUCTOS Y GASODUCTOS,No Aplica,No Aplica,No Aplica,No Aplica,No Aplica,,,,,,,,2022,Tercer Trimestre,,,29540025.0,NO APLICA,IMPUESTO DE TRANSPORTE POR OLEODUCTOS Y GASODUCTOS,NO APLICA,NO APLICA,NO APLICA,NO APLICA,NO APLICA,NO APLICA,NO APLICA,0.0,29540025.0,0.0,0.0,,,,,,
6515960,20220901,218552585,Pupiales,1.1.02.03.001,MULTAS Y SANCIONES,INGRESOS,INGRESOS CORRIENTES,INGRESOS NO TRIBUTARIOS,"MULTAS, SANCIONES E INTERESES DE MORA",MULTAS Y SANCIONES,No Aplica,No Aplica,No Aplica,No Aplica,No Aplica,,,,,,,,2022,Tercer Trimestre,,,62065610.0,NO APLICA,NO APLICA,NO APLICA,NO APLICA,NO APLICA,NO APLICA,NO APLICA,NO APLICA,NO APLICA,0.0,62065610.0,0.0,0.0,,,,,,
6518329,20210601,218552585,Pupiales,1.1.02.06.003.01,PARTICIPACION EN IMPUESTOS,INGRESOS,INGRESOS CORRIENTES,INGRESOS NO TRIBUTARIOS,TRANSFERENCIAS CORRIENTES,PARTICIPACIONES DISTINTAS DEL SGP,PARTICIPACION EN IMPUESTOS,No Aplica,No Aplica,No Aplica,No Aplica,,,,,,,,2021,Segundo Trimestre,,,35575234.0,NO APLICA,NO APLICA,NO,NO APLICA,NO APLICA,,NO APLICA,NO APLICA,NO APLICA,0.0,35575234.0,0.0,0.0,,,,,,
6519958,20210601,218552585,Pupiales,1.2.10.02,SUPERAVIT FISCAL,INGRESOS,RECURSOS DE CAPITAL,RECURSOS DEL BALANCE,SUPERAVIT FISCAL,No Aplica,No Aplica,No Aplica,No Aplica,No Aplica,No Aplica,,,,,,,,2021,Segundo Trimestre,,,354422707.0,NO APLICA,1.3.3.6.03 - R.B. SGP - PROPOSITO GENERAL - PROPOSITO GENERAL LIBRE INVERSION,NO,NO APLICA,NO APLICA,0,DIRECCION NACIONAL DEL TESORO MINISTERIO DE HACIENDA Y CREDITO PUBLICO,NO APLICA,NO APLICA,0.0,354422707.0,0.0,0.0,,,,,,
6519960,20220601,218552585,Pupiales,1.1.02.07.001,DERECHOS POR LA EXPLOTACION JUEGOS DE SUERTE Y AZAR,INGRESOS,INGRESOS CORRIENTES,INGRESOS NO TRIBUTARIOS,PARTICIPACION Y DERECHOS POR MONOPOLIO,DERECHOS POR LA EXPLOTACION JUEGOS DE SUERTE Y AZAR,No Aplica,No Aplica,No Aplica,No Aplica,No Aplica,,,,,,,,2022,Segundo Trimestre,,,111326502.0,NO APLICA,NO APLICA,NO APLICA,NO APLICA,NO APLICA,NO APLICA,NO APLICA,NO APLICA,NO APLICA,83921526.0,27404976.0,0.0,0.0,,,,,,
6520499,20211201,218552585,Pupiales,1.1.02.06.001.02.04,SUBSIDIO A LA OFERTA,INGRESOS,INGRESOS CORRIENTES,INGRESOS NO TRIBUTARIOS,TRANSFERENCIAS CORRIENTES,SISTEMA GENERAL DE PARTICIPACIONES,PARTICIPACION PARA SALUD,SUBSIDIO A LA OFERTA,No Aplica,No Aplica,No Aplica,,,,,,,,2021,Cuarto Trimestre,,,209504409.0,NO APLICA,SGP-SALUD-SUBSIDIO A LA OFERTA,NO APLICA,NO APLICA,NO APLICA,NO APLICA,DIRECCION NACIONAL DEL TESORO MINISTERIO DE HACIENDA Y CREDITO PUBLICO,NO APLICA,NO APLICA,209504409.0,0.0,0.0,0.0,,,,,,
6521677,20210601,218552585,Pupiales,1.1.02.06.001.01.03.01,CALIDADPOR MATRICULA OFICIAL,INGRESOS,INGRESOS CORRIENTES,INGRESOS NO TRIBUTARIOS,TRANSFERENCIAS CORRIENTES,SISTEMA GENERAL DE PARTICIPACIONES,PARTICIPACION PARA EDUCACION,CALIDAD,CALIDADPOR MATRICULA OFICIAL,No Aplica,No Aplica,,,,,,,,2021,Segundo Trimestre,,,106533150.0,NO APLICA,1.2.4.1.03 - SGP-EDUCACION-CALIDAD  POR MATRICULA OFICIAL,NO,NO APLICA,NO APLICA,0,DIRECCION NACIONAL DEL TESORO MINISTERIO DE HACIENDA Y CREDITO PUBLICO,NO APLICA,NO APLICA,0.0,106533150.0,0.0,0.0,,,,,,
6524738,20220601,218552585,Pupiales,1.1.02.06.001.01.03,CALIDAD,INGRESOS,INGRESOS CORRIENTES,INGRESOS NO TRIBUTARIOS,TRANSFERENCIAS CORRIENTES,SISTEMA GENERAL DE PARTICIPACIONES,PARTICIPACION PARA EDUCACION,CALIDAD,No Aplica,No Aplica,No Aplica,,,,,,,,2022,Segundo Trimestre,,,198730876.0,NO APLICA,NO APLICA,NO APLICA,NO APLICA,NO APLICA,NO APLICA,NO APLICA,NO APLICA,NO APLICA,94621000.0,104109876.0,0.0,0.0,,,,,,
6526811,20230901,218552585,Pupiales,1.1.01.02.200.01,IMPUESTO DE INDUSTRIA Y COMERCIO - SOBRE ACTIVIDADES COMERCIALES,INGRESOS,INGRESOS CORRIENTES,INGRESOS TRIBUTARIOS,IMPUESTOS INDIRECTOS,IMPUESTO DE INDUSTRIA Y COMERCIO,IMPUESTO DE INDUSTRIA Y COMERCIO - SOBRE ACTIVIDADES COMERCIALES,No Aplica,No Aplica,No Aplica,No Aplica,,,,,,,,2023,Tercer Trimestre,,,137000.0,NO APLICA,INGRESOS CORRIENTES DE LIBRE DESTINACION,NO APLICA,NO APLICA,NO APLICA,NO APLICA,CENIT TRANSPORTE Y LOGISTICA DE HIDROCARBUROS S.A.S.,NO APLICA,NO APLICA,0.0,137000.0,0.0,0.0,,,,,,
6527501,20210901,218552585,Pupiales,1.1.02.06.006.01,APORTES NACION,INGRESOS,INGRESOS CORRIENTES,INGRESOS NO TRIBUTARIOS,TRANSFERENCIAS CORRIENTES,TRANSFERENCIAS DE OTRAS ENTIDADES DEL GOBIERNO GENERAL,APORTES NACION,No Aplica,No Aplica,No Aplica,No Aplica,,,,,,,,2021,Tercer Trimestre,,,0.0,NO APLICA,1.3.1.1.08 - OTRAS TRANSFERENCIAS DE CAPITAL,NO,NO APLICA,NO APLICA,0,NO APLICA,NO APLICA,NO APLICA,0.0,0.0,0.0,0.0,,,,,,
6530120,20230901,218552585,Pupiales,1.1.01.02.200.03,IMPUESTO DE INDUSTRIA Y COMERCIO - SOBRE ACTIVIDADES DE SERVICIOS,INGRESOS,INGRESOS CORRIENTES,INGRESOS TRIBUTARIOS,IMPUESTOS INDIRECTOS,IMPUESTO DE INDUSTRIA Y COMERCIO,IMPUESTO DE INDUSTRIA Y COMERCIO - SOBRE ACTIVIDADES DE SERVICIOS,No Aplica,No Aplica,No Aplica,No Aplica,,,,,,,,2023,Tercer Trimestre,,,12000.0,NO APLICA,INGRESOS CORRIENTES DE LIBRE DESTINACION,NO APLICA,NO APLICA,NO APLICA,NO APLICA,E.S.P. EMPRESA DE TELECOMUNICACIONES DE BOGOTA S.A.,NO APLICA,NO APLICA,0.0,12000.0,0.0,0.0,,,,,,
6530174,20221201,218552585,Pupiales,1.1.01.02.214,IMPUESTO DE TRANSPORTE POR OLEODUCTOS Y GASODUCTOS,INGRESOS,INGRESOS CORRIENTES,INGRESOS TRIBUTARIOS,IMPUESTOS INDIRECTOS,IMPUESTO DE TRANSPORTE POR OLEODUCTOS Y GASODUCTOS,No Aplica,No Aplica,No Aplica,No Aplica,No Aplica,,,,,,,,2022,Cuarto Trimestre,,,39119996.0,NO APLICA,IMPUESTO DE TRANSPORTE POR OLEODUCTOS Y GASODUCTOS,NO APLICA,NO APLICA,NO APLICA,NO APLICA,NO APLICA,NO APLICA,NO APLICA,0.0,39119996.0,0.0,0.0,,,,,,
6532940,20210901,218552585,Pupiales,1.1.02.01.005.63,PARTICIPACION EN LA PLUSVALIA,INGRESOS,INGRESOS CORRIENTES,INGRESOS NO TRIBUTARIOS,CONTRIBUCIONES,CONTRIBUCIONES DIVERSAS,PARTICIPACION EN LA PLUSVALIA,No Aplica,No Aplica,No Aplica,No Aplica,,,,,,,,2021,Tercer Trimestre,,,0.0,NO APLICA,1.2.3.2.02 - OTRAS CONTRIBUCIONES,NO,NO APLICA,NO APLICA,0,NO APLICA,NO APLICA,NO APLICA,0.0,0.0,0.0,0.0,,,,,,
6533452,20210301,218552585,Pupiales,1.2.10.02,SUPERAVIT FISCAL,INGRESOS,RECURSOS DE CAPITAL,RECURSOS DEL BALANCE,SUPERAVIT FISCAL,No Aplica,No Aplica,No Aplica,No Aplica,No Aplica,No Aplica,,,,,,,,2021,Primer Trimestre,,,15390842.0,NO APLICA,1.3.3.8.00 - R.B. SGP - AGUA POTABLE Y SANEAMIENTO BASICO,NO,NO APLICA,NO APLICA,0,DIRECCION NACIONAL DEL TESORO MINISTERIO DE HACIENDA Y CREDITO PUBLICO,NO APLICA,NO APLICA,0.0,0.0,0.0,15390842.0,,,,,,
6534131,20211201,218552585,Pupiales,1.1,INGRESOS CORRIENTES,INGRESOS,INGRESOS CORRIENTES,No Aplica,No Aplica,No Aplica,No Aplica,No Aplica,No Aplica,No Aplica,No Aplica,,,,,,,,2021,Cuarto Trimestre,,,24191824446.0,NO APLICA,NO APLICA,NO APLICA,NO APLICA,NO APLICA,NO APLICA,NO APLICA,NO APLICA,NO APLICA,16085115174.0,8106709272.0,0.0,0.0,,,,,,
6535060,20210601,218552585,Pupiales,1.1.02.03.002,INTERESES DE MORA,INGRESOS,INGRESOS CORRIENTES,INGRESOS NO TRIBUTARIOS,"MULTAS, SANCIONES E INTERESES DE MORA",INTERESES DE MORA,No Aplica,No Aplica,No Aplica,No Aplica,No Aplica,,,,,,,,2021,Segundo Trimestre,,,1995235.0,NO APLICA,"1.2.3.2.07 - OTRAS MULTAS, SANCIONES E INTERESES DE MORA",NO,NO APLICA,NO APLICA,0,NO APLICA,NO APLICA,NO APLICA,0.0,1995235.0,0.0,0.0,,,,,,
6536740,20210601,218552585,Pupiales,1.1.02.03.001.20.01,MULTAS CODIGO NACIONAL DE SEGURIDAD Y CONVIVENCIA CIUDADANA - MULTAS GENERALES,INGRESOS,INGRESOS CORRIENTES,INGRESOS NO TRIBUTARIOS,"MULTAS, SANCIONES E INTERESES DE MORA",MULTAS Y SANCIONES,MULTAS CODIGO NACIONAL DE SEGURIDAD Y CONVIVENCIA CIUDADANA,MULTAS CODIGO NACIONAL DE SEGURIDAD Y CONVIVENCIA CIUDADANA - MULTAS GENERALES,No Aplica,No Aplica,No Aplica,,,,,,,,2021,Segundo Trimestre,,,27037435.0,NO APLICA,1.2.3.2.06 - MULTAS CODIGO NACIONAL DE POLICIA Y CONVIVENCIA,NO,NO APLICA,NO APLICA,0,NO APLICA,NO APLICA,NO APLICA,0.0,27037435.0,0.0,0.0,,,,,,
6538597,20220301,218552585,Pupiales,1.2.05.02,DEPOSITOS,INGRESOS,RECURSOS DE CAPITAL,RENDIMIENTOS FINANCIEROS,DEPOSITOS,No Aplica,No Aplica,No Aplica,No Aplica,No Aplica,No Aplica,,,,,,,,2022,Primer Trimestre,,,654965.0,NO APLICA,OTROS RENDIMIENTOS FINANCIEROS,NO APLICA,NO APLICA,NO APLICA,NO APLICA,NO APLICA,NO APLICA,NO APLICA,0.0,654965.0,0.0,0.0,,,,,,
6538836,20210301,218552585,Pupiales,1.1.01.01.200.01,IMPUESTO PREDIAL UNIFICADO - URBANO,INGRESOS,INGRESOS CORRIENTES,INGRESOS TRIBUTARIOS,IMPUESTOS DIRECTOS,IMPUESTO PREDIAL UNIFICADO,IMPUESTO PREDIAL UNIFICADO - URBANO,No Aplica,No Aplica,No Aplica,No Aplica,,,,,,,,2021,Primer Trimestre,,,84586276.0,NO APLICA,1.2.1.0.00 - INGRESOS CORRIENTES DE LIBRE DESTINACION,NO,NO APLICA,NO APLICA,0,NO APLICA,NO APLICA,NO APLICA,0.0,84586276.0,0.0,0.0,,,,,,
6539891,20221201,218552585,Pupiales,1.1.02.05,VENTA DE BIENES Y SERVICIOS,INGRESOS,INGRESOS CORRIENTES,INGRESOS NO TRIBUTARIOS,VENTA DE BIENES Y SERVICIOS,No Aplica,No Aplica,No Aplica,No Aplica,No Aplica,No Aplica,,,,,,,,2022,Cuarto Trimestre,,,1018622090.0,NO APLICA,NO APLICA,NO APLICA,NO APLICA,NO APLICA,NO APLICA,NO APLICA,NO APLICA,NO APLICA,0.0,1018622090.0,0.0,0.0,,,,,,
6542211,20220901,218552585,Pupiales,1.1.01.02.109,SOBRETASA A LA GASOLINA,INGRESOS,INGRESOS CORRIENTES,INGRESOS TRIBUTARIOS,IMPUESTOS INDIRECTOS,SOBRETASA A LA GASOLINA,No Aplica,No Aplica,No Aplica,No Aplica,No Aplica,,,,,,,,2022,Tercer Trimestre,,,347719000.0,NO APLICA,INGRESOS CORRIENTES DE LIBRE DESTINACION,NO APLICA,NO APLICA,NO APLICA,NO APLICA,NO APLICA,NO APLICA,NO APLICA,0.0,347719000.0,0.0,0.0,,,,,,
6542958,20221201,218552585,Pupiales,1.2.05.02,DEPOSITOS,INGRESOS,RECURSOS DE CAPITAL,RENDIMIENTOS FINANCIEROS,DEPOSITOS,No Aplica,No Aplica,No Aplica,No Aplica,No Aplica,No Aplica,,,,,,,,2022,Cuarto Trimestre,,,280224.0,NO APLICA,R.F. SGP - AGUA POTABLE Y SANEAMIENTO BASICO,NO APLICA,NO APLICA,NO APLICA,NO APLICA,DIRECCION NACIONAL DEL TESORO MINISTERIO DE HACIENDA Y CREDITO PUBLICO,NO APLICA,NO APLICA,0.0,280224.0,0.0,0.0,,,,,,
6543464,20210901,218552585,Pupiales,1.1.02.03.001.20,MULTAS CODIGO NACIONAL DE SEGURIDAD Y CONVIVENCIA CIUDADANA,INGRESOS,INGRESOS CORRIENTES,INGRESOS NO TRIBUTARIOS,"MULTAS, SANCIONES E INTERESES DE MORA",MULTAS Y SANCIONES,MULTAS CODIGO NACIONAL DE SEGURIDAD Y CONVIVENCIA CIUDADANA,No Aplica,No Aplica,No Aplica,No Aplica,,,,,,,,2021,Tercer Trimestre,,,30261235.0,NO APLICA,NO APLICA,NO,NO APLICA,NO APLICA,,NO APLICA,NO APLICA,NO APLICA,0.0,30261235.0,0.0,0.0,,,,,,
6544615,20211201,218552585,Pupiales,1.1.01,INGRESOS TRIBUTARIOS,INGRESOS,INGRESOS CORRIENTES,INGRESOS TRIBUTARIOS,No Aplica,No Aplica,No Aplica,No Aplica,No Aplica,No Aplica,No Aplica,,,,,,,,2021,Cuarto Trimestre,,,1761508447.0,NO APLICA,NO APLICA,NO APLICA,NO APLICA,NO APLICA,NO APLICA,NO APLICA,NO APLICA,NO APLICA,0.0,1761508447.0,0.0,0.0,,,,,,
6545126,20230901,218552585,Pupiales,1.1.02.03,"MULTAS, SANCIONES E INTERESES DE MORA",INGRESOS,INGRESOS CORRIENTES,INGRESOS NO TRIBUTARIOS,"MULTAS, SANCIONES E INTERESES DE MORA",No Aplica,No Aplica,No Aplica,No Aplica,No Aplica,No Aplica,,,,,,,,2023,Tercer Trimestre,,,11076279.0,NO APLICA,NO APLICA,NO APLICA,NO APLICA,NO APLICA,NO APLICA,NO APLICA,NO APLICA,NO APLICA,0.0,11076279.0,0.0,0.0,,,,,,
6545700,20221201,218552585,Pupiales,1.1.02.01,CONTRIBUCIONES,INGRESOS,INGRESOS CORRIENTES,INGRESOS NO TRIBUTARIOS,CONTRIBUCIONES,No Aplica,No Aplica,No Aplica,No Aplica,No Aplica,No Aplica,,,,,,,,2022,Cuarto Trimestre,,,322358645.0,NO APLICA,NO APLICA,NO APLICA,NO APLICA,NO APLICA,NO APLICA,NO APLICA,NO APLICA,NO APLICA,0.0,322358645.0,0.0,0.0,,,,,,
6551307,20230901,218552585,Pupiales,1.1.02.01.005.59,CONTRIBUCION ESPECIAL SOBRE CONTRATOS DE OBRAS PUBLICAS,INGRESOS,INGRESOS CORRIENTES,INGRESOS NO TRIBUTARIOS,CONTRIBUCIONES,CONTRIBUCIONES DIVERSAS,CONTRIBUCION ESPECIAL SOBRE CONTRATOS DE OBRAS PUBLICAS,No Aplica,No Aplica,No Aplica,No Aplica,,,,,,,,2023,Tercer Trimestre,,,24822950.0,NO APLICA,CONTRIBUCION SOBRE CONTRATOS DE OBRA PUBLICA,NO APLICA,NO APLICA,NO APLICA,NO APLICA,NO APLICA,NO APLICA,NO APLICA,0.0,24822950.0,0.0,0.0,,,,,,
6552449,20210601,218552585,Pupiales,1.1.02.06.003,PARTICIPACIONES DISTINTAS DEL SGP,INGRESOS,INGRESOS CORRIENTES,INGRESOS NO TRIBUTARIOS,TRANSFERENCIAS CORRIENTES,PARTICIPACIONES DISTINTAS DEL SGP,No Aplica,No Aplica,No Aplica,No Aplica,No Aplica,,,,,,,,2021,Segundo Trimestre,,,35575234.0,NO APLICA,NO APLICA,NO,NO APLICA,NO APLICA,,NO APLICA,NO APLICA,NO APLICA,0.0,35575234.0,0.0,0.0,,,,,,
6552512,20230901,218552585,Pupiales,1.2.10.02,SUPERAVIT FISCAL,INGRESOS,RECURSOS DE CAPITAL,RECURSOS DEL BALANCE,SUPERAVIT FISCAL,No Aplica,No Aplica,No Aplica,No Aplica,No Aplica,No Aplica,,,,,,,,2023,Tercer Trimestre,,,270650847.0,NO APLICA,R.B. ESTAMPILLAS,NO APLICA,NO APLICA,NO APLICA,NO APLICA,PUPIALES,NO APLICA,NO APLICA,0.0,270650847.0,0.0,0.0,,,,,,
6554568,20220901,218552585,Pupiales,1.2.12.10,POR LA DEVOLUCION DE RECURSOS SGP PROPOSITO GENERAL,INGRESOS,RECURSOS DE CAPITAL,RETIROS FONPET,POR LA DEVOLUCION DE RECURSOS SGP PROPOSITO GENERAL,No Aplica,No Aplica,No Aplica,No Aplica,No Aplica,No Aplica,,,,,,,,2022,Tercer Trimestre,,,88614147.0,NO APLICA,SGP-PROPOSITO GENERAL-PROPOSITO GENERAL LIBRE INVERSION,NO APLICA,NO APLICA,NO APLICA,NO APLICA,DIRECCION NACIONAL DEL TESORO MINISTERIO DE HACIENDA Y CREDITO PUBLICO,NO APLICA,NO APLICA,88614147.0,0.0,0.0,0.0,,,,,,
6555119,20230601,218552585,Pupiales,1.1.02.06.009,RECURSOS DEL SISTEMA DE SEGURIDAD SOCIAL INTEGRAL,INGRESOS,INGRESOS CORRIENTES,INGRESOS NO TRIBUTARIOS,TRANSFERENCIAS CORRIENTES,RECURSOS DEL SISTEMA DE SEGURIDAD SOCIAL INTEGRAL,No Aplica,No Aplica,No Aplica,No Aplica,No Aplica,,,,,,,,2023,Segundo Trimestre,,,6812270132.0,NO APLICA,NO APLICA,NO APLICA,NO APLICA,NO APLICA,NO APLICA,NO APLICA,NO APLICA,NO APLICA,0.0,6812270132.0,0.0,0.0,,,,,,
6558886,20230601,218552585,Pupiales,1.1.01.02.300.01,ESTAMPILLA PARA EL BIENESTAR DEL ADULTO MAYOR,INGRESOS,INGRESOS CORRIENTES,INGRESOS TRIBUTARIOS,IMPUESTOS INDIRECTOS,ESTAMPILLAS,ESTAMPILLA PARA EL BIENESTAR DEL ADULTO MAYOR,No Aplica,No Aplica,No Aplica,No Aplica,,,,,,,,2023,Segundo Trimestre,,,63138266.0,NO APLICA,ESTAMPILLAS,NO APLICA,NO APLICA,NO APLICA,NO APLICA,NO APLICA,NO APLICA,NO APLICA,0.0,63138266.0,0.0,0.0,,,,,,
6562959,20210901,218552585,Pupiales,1.1.01.02.206,IMPUESTO A LAS VENTAS POR EL SISTEMA DE CLUBES,INGRESOS,INGRESOS CORRIENTES,INGRESOS TRIBUTARIOS,IMPUESTOS INDIRECTOS,IMPUESTO A LAS VENTAS POR EL SISTEMA DE CLUBES,No Aplica,No Aplica,No Aplica,No Aplica,No Aplica,,,,,,,,2021,Tercer Trimestre,,,0.0,NO APLICA,1.2.1.0.00 - INGRESOS CORRIENTES DE LIBRE DESTINACION,NO,NO APLICA,NO APLICA,0,NO APLICA,NO APLICA,NO APLICA,0.0,0.0,0.0,0.0,,,,,,
6563379,20230901,218552585,Pupiales,1.1.01.02.200.01,IMPUESTO DE INDUSTRIA Y COMERCIO - SOBRE ACTIVIDADES COMERCIALES,INGRESOS,INGRESOS CORRIENTES,INGRESOS TRIBUTARIOS,IMPUESTOS INDIRECTOS,IMPUESTO DE INDUSTRIA Y COMERCIO,IMPUESTO DE INDUSTRIA Y COMERCIO - SOBRE ACTIVIDADES COMERCIALES,No Aplica,No Aplica,No Aplica,No Aplica,,,,,,,,2023,Tercer Trimestre,,,44337000.0,NO APLICA,INGRESOS CORRIENTES DE LIBRE DESTINACION,NO APLICA,NO APLICA,NO APLICA,NO APLICA,E.S.P. CENTRALES ELECTRICAS DE NARIÑO S.A.,NO APLICA,NO APLICA,0.0,44337000.0,0.0,0.0,,,,,,
6565946,20210601,218552585,Pupiales,1.2,RECURSOS DE CAPITAL,INGRESOS,RECURSOS DE CAPITAL,No Aplica,No Aplica,No Aplica,No Aplica,No Aplica,No Aplica,No Aplica,No Aplica,,,,,,,,2021,Segundo Trimestre,,,2840299060.0,NO APLICA,NO APLICA,NO,NO APLICA,NO APLICA,,NO APLICA,NO APLICA,NO APLICA,45235032.0,2795064028.0,0.0,0.0,,,,,,
6569300,20220901,218552585,Pupiales,1.2.10.02,SUPERAVIT FISCAL,INGRESOS,RECURSOS DE CAPITAL,RECURSOS DEL BALANCE,SUPERAVIT FISCAL,No Aplica,No Aplica,No Aplica,No Aplica,No Aplica,No Aplica,,,,,,,,2022,Tercer Trimestre,,,109041495.0,NO APLICA,RECURSOS DEL BALANCE DE LIBRE DESTINACION,NO APLICA,NO APLICA,ACUERDO,NO APLICA,NO APLICA,NO APLICA,NO APLICA,0.0,0.0,0.0,109041495.0,,,,,,
6572079,20210301,218552585,Pupiales,1.2.10.02,SUPERAVIT FISCAL,INGRESOS,RECURSOS DE CAPITAL,RECURSOS DEL BALANCE,SUPERAVIT FISCAL,No Aplica,No Aplica,No Aplica,No Aplica,No Aplica,No Aplica,,,,,,,,2021,Primer Trimestre,,,202159675.0,NO APLICA,1.3.3.0.00 - RECURSOS DEL BALANCE DE LIBRE DESTINACION,NO,NO APLICA,NO APLICA,0,NO APLICA,NO APLICA,NO APLICA,0.0,0.0,0.0,202159675.0,,,,,,
6575177,20220601,218552585,Pupiales,1.1.01.02.200.03,IMPUESTO DE INDUSTRIA Y COMERCIO - SOBRE ACTIVIDADES DE SERVICIOS,INGRESOS,INGRESOS CORRIENTES,INGRESOS TRIBUTARIOS,IMPUESTOS INDIRECTOS,IMPUESTO DE INDUSTRIA Y COMERCIO,IMPUESTO DE INDUSTRIA Y COMERCIO - SOBRE ACTIVIDADES DE SERVICIOS,No Aplica,No Aplica,No Aplica,No Aplica,,,,,,,,2022,Segundo Trimestre,,,61204286.0,NO APLICA,INGRESOS CORRIENTES DE LIBRE DESTINACION,NO APLICA,NO APLICA,NO APLICA,NO APLICA,NO APLICA,NO APLICA,NO APLICA,0.0,61204286.0,0.0,0.0,,,,,,
6578430,20220301,218552585,Pupiales,1.1.02.06,TRANSFERENCIAS CORRIENTES,INGRESOS,INGRESOS CORRIENTES,INGRESOS NO TRIBUTARIOS,TRANSFERENCIAS CORRIENTES,No Aplica,No Aplica,No Aplica,No Aplica,No Aplica,No Aplica,,,,,,,,2022,Primer Trimestre,,,5316555439.0,NO APLICA,NO APLICA,NO APLICA,NO APLICA,NO APLICA,NO APLICA,NO APLICA,NO APLICA,NO APLICA,4508568178.0,807987261.0,0.0,0.0,,,,,,
6579055,20230601,218552585,Pupiales,1.1.02.06.001.01.03.01,CALIDADPOR MATRICULA OFICIAL,INGRESOS,INGRESOS CORRIENTES,INGRESOS NO TRIBUTARIOS,TRANSFERENCIAS CORRIENTES,SISTEMA GENERAL DE PARTICIPACIONES,PARTICIPACION PARA EDUCACION,CALIDAD,CALIDADPOR MATRICULA OFICIAL,No Aplica,No Aplica,,,,,,,,2023,Segundo Trimestre,,,114209712.0,NO APLICA,SGP-EDUCACION-CALIDAD  POR MATRICULA OFICIAL,NO APLICA,NO APLICA,NO APLICA,NO APLICA,NO APLICA,NO APLICA,NO APLICA,0.0,114209712.0,0.0,0.0,,,,,,
6580090,20230901,218552585,Pupiales,1.1.02.06.009.01,SISTEMA GENERAL DE SEGURIDAD SOCIAL EN SALUD,INGRESOS,INGRESOS CORRIENTES,INGRESOS NO TRIBUTARIOS,TRANSFERENCIAS CORRIENTES,RECURSOS DEL SISTEMA DE SEGURIDAD SOCIAL INTEGRAL,SISTEMA GENERAL DE SEGURIDAD SOCIAL EN SALUD,No Aplica,No Aplica,No Aplica,No Aplica,,,,,,,,2023,Tercer Trimestre,,,10197838251.0,NO APLICA,NO APLICA,NO APLICA,NO APLICA,NO APLICA,NO APLICA,NO APLICA,NO APLICA,NO APLICA,0.0,10197838251.0,0.0,0.0,,,,,,
6581192,20230301,218552585,Pupiales,1.1.02.06.001.01,PARTICIPACION PARA EDUCACION,INGRESOS,INGRESOS CORRIENTES,INGRESOS NO TRIBUTARIOS,TRANSFERENCIAS CORRIENTES,SISTEMA GENERAL DE PARTICIPACIONES,PARTICIPACION PARA EDUCACION,No Aplica,No Aplica,No Aplica,No Aplica,,,,,,,,2023,Primer Trimestre,,,67325842.0,NO APLICA,NO APLICA,NO APLICA,NO APLICA,NO APLICA,NO APLICA,NO APLICA,NO APLICA,NO APLICA,49181126.0,18144716.0,0.0,0.0,,,,,,
6582901,20230901,218552585,Pupiales,1.1.01.02.200.01,IMPUESTO DE INDUSTRIA Y COMERCIO - SOBRE ACTIVIDADES COMERCIALES,INGRESOS,INGRESOS CORRIENTES,INGRESOS TRIBUTARIOS,IMPUESTOS INDIRECTOS,IMPUESTO DE INDUSTRIA Y COMERCIO,IMPUESTO DE INDUSTRIA Y COMERCIO - SOBRE ACTIVIDADES COMERCIALES,No Aplica,No Aplica,No Aplica,No Aplica,,,,,,,,2023,Tercer Trimestre,,,79090974.0,NO APLICA,INGRESOS CORRIENTES DE LIBRE DESTINACION,NO APLICA,NO APLICA,NO APLICA,NO APLICA,NO APLICA,NO APLICA,NO APLICA,0.0,79090974.0,0.0,0.0,,,,,,
6588749,20221201,218552585,Pupiales,1.1.02.06.006.06,OTRAS UNIDADES DE GOBIERNO,INGRESOS,INGRESOS CORRIENTES,INGRESOS NO TRIBUTARIOS,TRANSFERENCIAS CORRIENTES,TRANSFERENCIAS DE OTRAS ENTIDADES DEL GOBIERNO GENERAL,OTRAS UNIDADES DE GOBIERNO,No Aplica,No Aplica,No Aplica,No Aplica,,,,,,,,2022,Cuarto Trimestre,,,723937318.0,NO APLICA,OTRAS TRANSFERENCIAS CORRIENTES DE OTRAS ENTIDADES CON DESTINACION ESPECIFICA LEGAL DEL GOBIERNO GENERAL,NO APLICA,NO APLICA,NO APLICA,NO APLICA,DEPARTAMENTO DE NARIÑO,NO APLICA,NO APLICA,713349318.0,10588000.0,0.0,0.0,,,,,,
6589253,20230301,218552585,Pupiales,1.2.05.02,DEPOSITOS,INGRESOS,RECURSOS DE CAPITAL,RENDIMIENTOS FINANCIEROS,DEPOSITOS,No Aplica,No Aplica,No Aplica,No Aplica,No Aplica,No Aplica,,,,,,,,2023,Primer Trimestre,,,1595.0,NO APLICA,R.F. SGP - EDUCACION-CALIDAD  POR MATRICULA OFICIAL,NO APLICA,NO APLICA,NO APLICA,NO APLICA,NO APLICA,NO APLICA,NO APLICA,0.0,1595.0,0.0,0.0,,,,,,
6589377,20230301,218552585,Pupiales,1.1.02.02.095,PLAZA DE MERCADO,INGRESOS,INGRESOS CORRIENTES,INGRESOS NO TRIBUTARIOS,TASAS Y DERECHOS ADMINISTRATIVOS,PLAZA DE MERCADO,No Aplica,No Aplica,No Aplica,No Aplica,No Aplica,,,,,,,,2023,Primer Trimestre,,,100000.0,NO APLICA,INGRESOS CORRIENTES DE LIBRE DESTINACION,NO APLICA,NO APLICA,NO APLICA,NO APLICA,EL PEÑOL - NARIÑO,NO APLICA,NO APLICA,0.0,100000.0,0.0,0.0,,,,,,
6591904,20220601,218552585,Pupiales,1.1.01.02.300.55,ESTAMPILLA PRO CULTURA,INGRESOS,INGRESOS CORRIENTES,INGRESOS TRIBUTARIOS,IMPUESTOS INDIRECTOS,ESTAMPILLAS,ESTAMPILLA PRO CULTURA,No Aplica,No Aplica,No Aplica,No Aplica,,,,,,,,2022,Segundo Trimestre,,,61769981.0,NO APLICA,ESTAMPILLAS,NO APLICA,NO APLICA,NO APLICA,NO APLICA,NO APLICA,NO APLICA,NO APLICA,0.0,61769981.0,0.0,0.0,,,,,,
6592451,20230901,218552585,Pupiales,1.1.01.02.200.02,IMPUESTO DE INDUSTRIA Y COMERCIO - SOBRE ACTIVIDADES INDUSTRIALES,INGRESOS,INGRESOS CORRIENTES,INGRESOS TRIBUTARIOS,IMPUESTOS INDIRECTOS,IMPUESTO DE INDUSTRIA Y COMERCIO,IMPUESTO DE INDUSTRIA Y COMERCIO - SOBRE ACTIVIDADES INDUSTRIALES,No Aplica,No Aplica,No Aplica,No Aplica,,,,,,,,2023,Tercer Trimestre,,,8698250.0,NO APLICA,INGRESOS CORRIENTES DE LIBRE DESTINACION,NO APLICA,NO APLICA,NO APLICA,NO APLICA,NO APLICA,NO APLICA,NO APLICA,0.0,8698250.0,0.0,0.0,,,,,,
6593909,20230901,218552585,Pupiales,1.1.01.02.200.03,IMPUESTO DE INDUSTRIA Y COMERCIO - SOBRE ACTIVIDADES DE SERVICIOS,INGRESOS,INGRESOS CORRIENTES,INGRESOS TRIBUTARIOS,IMPUESTOS INDIRECTOS,IMPUESTO DE INDUSTRIA Y COMERCIO,IMPUESTO DE INDUSTRIA Y COMERCIO - SOBRE ACTIVIDADES DE SERVICIOS,No Aplica,No Aplica,No Aplica,No Aplica,,,,,,,,2023,Tercer Trimestre,,,218000.0,NO APLICA,INGRESOS CORRIENTES DE LIBRE DESTINACION,NO APLICA,NO APLICA,NO APLICA,NO APLICA,E.S.P. EMPRESA DE SERVICIOS PUBLICOS VARIOS DE PUPIALES,NO APLICA,NO APLICA,0.0,218000.0,0.0,0.0,,,,,,
6594746,20211201,218552585,Pupiales,1.1.02.02.087,TASAS POR EL DERECHO DE PARQUEO SOBRE LAS VIAS PUBLICAS,INGRESOS,INGRESOS CORRIENTES,INGRESOS NO TRIBUTARIOS,TASAS Y DERECHOS ADMINISTRATIVOS,TASAS POR EL DERECHO DE PARQUEO SOBRE LAS VIAS PUBLICAS,No Aplica,No Aplica,No Aplica,No Aplica,No Aplica,,,,,,,,2021,Cuarto Trimestre,,,460202.0,NO APLICA,OTRAS TASAS Y DERECHOS ADMINISTRATIVOS CON DESTINACION ESPECIFICA LEGAL,NO APLICA,NO APLICA,NO APLICA,NO APLICA,NO APLICA,NO APLICA,NO APLICA,0.0,460202.0,0.0,0.0,,,,,,
6594942,20221201,218552585,Pupiales,1.2.05.02,DEPOSITOS,INGRESOS,RECURSOS DE CAPITAL,RENDIMIENTOS FINANCIEROS,DEPOSITOS,No Aplica,No Aplica,No Aplica,No Aplica,No Aplica,No Aplica,,,,,,,,2022,Cuarto Trimestre,,,3306980.0,NO APLICA,R.F. DISTINTOS AL SGP,NO APLICA,NO APLICA,NO APLICA,NO APLICA,NO APLICA,NO APLICA,NO APLICA,0.0,3306980.0,0.0,0.0,,,,,,
6596408,20210901,218552585,Pupiales,1.1.02.05.002.08,SERVICIOS PRESTADOS A LAS EMPRESAS Y SERVICIOS DE PRODUCCION,INGRESOS,INGRESOS CORRIENTES,INGRESOS NO TRIBUTARIOS,VENTA DE BIENES Y SERVICIOS,VENTAS INCIDENTALES DE ESTABLECIMIENTOS NO DE MERCADO,SERVICIOS PRESTADOS A LAS EMPRESAS Y SERVICIOS DE PRODUCCION,No Aplica,No Aplica,No Aplica,No Aplica,,,,,,,,2021,Tercer Trimestre,,,0.0,"91114 - SERVICIOS DE PLANIFICACIÓN ECONÓMICA, SOCIAL Y ESTADÍSTICA DE LA ADMINISTRACIÓN PUBLICA",1.2.3.2.09 - VENTA DE BIENES Y SERVICIOS,NO,NO APLICA,NO APLICA,0,NO APLICA,NO APLICA,NO APLICA,0.0,0.0,0.0,0.0,,,,,,
6599111,20230301,218552585,Pupiales,1.1.02.06.009.01.06,RECURSOS ADRES - COFINANCIACION UPC REGIMEN SUBSIDIADO,INGRESOS,INGRESOS CORRIENTES,INGRESOS NO TRIBUTARIOS,TRANSFERENCIAS CORRIENTES,RECURSOS DEL SISTEMA DE SEGURIDAD SOCIAL INTEGRAL,SISTEMA GENERAL DE SEGURIDAD SOCIAL EN SALUD,RECURSOS ADRES - COFINANCIACION UPC REGIMEN SUBSIDIADO,No Aplica,No Aplica,No Aplica,,,,,,,,2023,Primer Trimestre,,,1371277380.0,NO APLICA,TRANSFERENCIAS DE CAPITAL DE OTRAS ENTIDADES DEL GOBIERNO GENERAL,NO APLICA,NO APLICA,NO APLICA,NO APLICA,MINISTERIO DE SALUD Y PROTECCION SOCIAL,NO APLICA,NO APLICA,1371277380.0,0.0,0.0,0.0,,,,,,
6599626,20230301,218552585,Pupiales,1.1.02.06.001.01.03.01,CALIDADPOR MATRICULA OFICIAL,INGRESOS,INGRESOS CORRIENTES,INGRESOS NO TRIBUTARIOS,TRANSFERENCIAS CORRIENTES,SISTEMA GENERAL DE PARTICIPACIONES,PARTICIPACION PARA EDUCACION,CALIDAD,CALIDADPOR MATRICULA OFICIAL,No Aplica,No Aplica,,,,,,,,2023,Primer Trimestre,,,18144716.0,NO APLICA,SGP-EDUCACION-CALIDAD  POR MATRICULA OFICIAL,NO APLICA,NO APLICA,NO APLICA,NO APLICA,MINISTERIO DE EDUCACION NACIONAL,NO APLICA,NO APLICA,0.0,18144716.0,0.0,0.0,,,,,,
6600089,20230301,218552585,Pupiales,1.1.01.02.300.01,ESTAMPILLA PARA EL BIENESTAR DEL ADULTO MAYOR,INGRESOS,INGRESOS CORRIENTES,INGRESOS TRIBUTARIOS,IMPUESTOS INDIRECTOS,ESTAMPILLAS,ESTAMPILLA PARA EL BIENESTAR DEL ADULTO MAYOR,No Aplica,No Aplica,No Aplica,No Aplica,,,,,,,,2023,Primer Trimestre,,,3383513.0,NO APLICA,ESTAMPILLAS,NO APLICA,NO APLICA,NO APLICA,NO APLICA,NO APLICA,NO APLICA,NO APLICA,0.0,3383513.0,0.0,0.0,,,,,,
6600269,20220601,218552585,Pupiales,1.1.02.01.005,CONTRIBUCIONES DIVERSAS,INGRESOS,INGRESOS CORRIENTES,INGRESOS NO TRIBUTARIOS,CONTRIBUCIONES,CONTRIBUCIONES DIVERSAS,No Aplica,No Aplica,No Aplica,No Aplica,No Aplica,,,,,,,,2022,Segundo Trimestre,,,75837900.0,NO APLICA,NO APLICA,NO APLICA,NO APLICA,NO APLICA,NO APLICA,NO APLICA,NO APLICA,NO APLICA,0.0,75837900.0,0.0,0.0,,,,,,
6600281,20230901,218552585,Pupiales,1.2.10.02,SUPERAVIT FISCAL,INGRESOS,RECURSOS DE CAPITAL,RECURSOS DEL BALANCE,SUPERAVIT FISCAL,No Aplica,No Aplica,No Aplica,No Aplica,No Aplica,No Aplica,,,,,,,,2023,Tercer Trimestre,,,59706229.0,NO APLICA,R.B. SGP-ASIGNACION ESPECIAL-PROGRAMAS DE ALIMENTACION ESCOLAR,NO APLICA,NO APLICA,NO APLICA,NO APLICA,PUPIALES,NO APLICA,NO APLICA,0.0,59706229.0,0.0,0.0,,,,,,
6603291,20220901,218552585,Pupiales,1.1.01.01.014,SOBRETASA AMBIENTAL,INGRESOS,INGRESOS CORRIENTES,INGRESOS TRIBUTARIOS,IMPUESTOS DIRECTOS,SOBRETASA AMBIENTAL,No Aplica,No Aplica,No Aplica,No Aplica,No Aplica,,,,,,,,2022,Tercer Trimestre,,,63775814.0,NO APLICA,NO APLICA,NO APLICA,NO APLICA,NO APLICA,NO APLICA,NO APLICA,NO APLICA,NO APLICA,0.0,63775814.0,0.0,0.0,,,,,,
6604843,20220901,218552585,Pupiales,1.1.02.05.002,VENTAS INCIDENTALES DE ESTABLECIMIENTOS NO DE MERCADO,INGRESOS,INGRESOS CORRIENTES,INGRESOS NO TRIBUTARIOS,VENTA DE BIENES Y SERVICIOS,VENTAS INCIDENTALES DE ESTABLECIMIENTOS NO DE MERCADO,No Aplica,No Aplica,No Aplica,No Aplica,No Aplica,,,,,,,,2022,Tercer Trimestre,,,1007681807.0,NO APLICA,NO APLICA,NO APLICA,NO APLICA,NO APLICA,NO APLICA,NO APLICA,NO APLICA,NO APLICA,0.0,1007681807.0,0.0,0.0,,,,,,
6607794,20210901,218552585,Pupiales,1.1.02.06.003.01,PARTICIPACION EN IMPUESTOS,INGRESOS,INGRESOS CORRIENTES,INGRESOS NO TRIBUTARIOS,TRANSFERENCIAS CORRIENTES,PARTICIPACIONES DISTINTAS DEL SGP,PARTICIPACION EN IMPUESTOS,No Aplica,No Aplica,No Aplica,No Aplica,,,,,,,,2021,Tercer Trimestre,,,51737541.0,NO APLICA,NO APLICA,NO,NO APLICA,NO APLICA,,NO APLICA,NO APLICA,NO APLICA,0.0,51737541.0,0.0,0.0,,,,,,
6608251,20220301,218552585,Pupiales,1.1.01.01.200,IMPUESTO PREDIAL UNIFICADO,INGRESOS,INGRESOS CORRIENTES,INGRESOS TRIBUTARIOS,IMPUESTOS DIRECTOS,IMPUESTO PREDIAL UNIFICADO,No Aplica,No Aplica,No Aplica,No Aplica,No Aplica,,,,,,,,2022,Primer Trimestre,,,157143776.0,NO APLICA,NO APLICA,NO APLICA,NO APLICA,NO APLICA,NO APLICA,NO APLICA,NO APLICA,NO APLICA,0.0,157143776.0,0.0,0.0,,,,,,
6609963,20230301,218552585,Pupiales,1.2.13.01,REINTEGROS,INGRESOS,RECURSOS DE CAPITAL,REINTEGROS Y OTROS RECURSOS NO APROPIADOS,REINTEGROS,No Aplica,No Aplica,No Aplica,No Aplica,No Aplica,No Aplica,,,,,,,,2023,Primer Trimestre,,,15287175.0,NO APLICA,INGRESOS CORRIENTES DE LIBRE DESTINACION,NO APLICA,NO APLICA,NO APLICA,NO APLICA,EL PEÑOL - NARIÑO,NO APLICA,NO APLICA,0.0,15287175.0,0.0,0.0,,,,,,
6610222,20220301,218552585,Pupiales,1.1.02.06.001.03,PARTICIPACION PARA PROPOSITO GENERAL,INGRESOS,INGRESOS CORRIENTES,INGRESOS NO TRIBUTARIOS,TRANSFERENCIAS CORRIENTES,SISTEMA GENERAL DE PARTICIPACIONES,PARTICIPACION PARA PROPOSITO GENERAL,No Aplica,No Aplica,No Aplica,No Aplica,,,,,,,,2022,Primer Trimestre,,,701383064.0,NO APLICA,NO APLICA,NO APLICA,NO APLICA,NO APLICA,NO APLICA,NO APLICA,NO APLICA,NO APLICA,0.0,701383064.0,0.0,0.0,,,,,,
6610247,20210901,218552585,Pupiales,1.1.02.06.009,RECURSOS DEL SISTEMA DE SEGURIDAD SOCIAL INTEGRAL,INGRESOS,INGRESOS CORRIENTES,INGRESOS NO TRIBUTARIOS,TRANSFERENCIAS CORRIENTES,RECURSOS DEL SISTEMA DE SEGURIDAD SOCIAL INTEGRAL,No Aplica,No Aplica,No Aplica,No Aplica,No Aplica,,,,,,,,2021,Tercer Trimestre,,,7671190749.0,NO APLICA,NO APLICA,NO,NO APLICA,NO APLICA,,NO APLICA,NO APLICA,NO APLICA,7671190749.0,0.0,0.0,0.0,,,,,,
6614920,20210901,218552585,Pupiales,1.1.02,INGRESOS NO TRIBUTARIOS,INGRESOS,INGRESOS CORRIENTES,INGRESOS NO TRIBUTARIOS,No Aplica,No Aplica,No Aplica,No Aplica,No Aplica,No Aplica,No Aplica,,,,,,,,2021,Tercer Trimestre,,,17638106266.0,NO APLICA,NO APLICA,NO,NO APLICA,NO APLICA,,NO APLICA,NO APLICA,NO APLICA,13204713932.0,4433392334.0,0.0,0.0,,,,,,
6615712,20210601,218552585,Pupiales,1.1.01.02.200.01,IMPUESTO DE INDUSTRIA Y COMERCIO - SOBRE ACTIVIDADES COMERCIALES,INGRESOS,INGRESOS CORRIENTES,INGRESOS TRIBUTARIOS,IMPUESTOS INDIRECTOS,IMPUESTO DE INDUSTRIA Y COMERCIO,IMPUESTO DE INDUSTRIA Y COMERCIO - SOBRE ACTIVIDADES COMERCIALES,No Aplica,No Aplica,No Aplica,No Aplica,,,,,,,,2021,Segundo Trimestre,,,290158818.0,NO APLICA,1.2.1.0.00 - INGRESOS CORRIENTES DE LIBRE DESTINACION,NO,NO APLICA,NO APLICA,0,NO APLICA,NO APLICA,NO APLICA,0.0,290158818.0,0.0,0.0,,,,,,
6618319,20210601,218552585,Pupiales,1.1.02.06.001.05,AGUA POTABLE Y SANEAMIENTO BASICO,INGRESOS,INGRESOS CORRIENTES,INGRESOS NO TRIBUTARIOS,TRANSFERENCIAS CORRIENTES,SISTEMA GENERAL DE PARTICIPACIONES,AGUA POTABLE Y SANEAMIENTO BASICO,No Aplica,No Aplica,No Aplica,No Aplica,,,,,,,,2021,Segundo Trimestre,,,565700072.0,NO APLICA,1.2.4.6.00 - SGP-AGUA POTABLE Y SANEAMIENTO BASICO,NO,NO APLICA,NO APLICA,0,DIRECCION NACIONAL DEL TESORO MINISTERIO DE HACIENDA Y CREDITO PUBLICO,NO APLICA,NO APLICA,0.0,565700072.0,0.0,0.0,,,,,,
6619531,20230301,218552585,Pupiales,1.1.01.02.200.01,IMPUESTO DE INDUSTRIA Y COMERCIO - SOBRE ACTIVIDADES COMERCIALES,INGRESOS,INGRESOS CORRIENTES,INGRESOS TRIBUTARIOS,IMPUESTOS INDIRECTOS,IMPUESTO DE INDUSTRIA Y COMERCIO,IMPUESTO DE INDUSTRIA Y COMERCIO - SOBRE ACTIVIDADES COMERCIALES,No Aplica,No Aplica,No Aplica,No Aplica,,,,,,,,2023,Primer Trimestre,,,613588.0,NO APLICA,INGRESOS CORRIENTES DE LIBRE DESTINACION,NO APLICA,NO APLICA,NO APLICA,NO APLICA,EL PEÑOL - NARIÑO,NO APLICA,NO APLICA,0.0,613588.0,0.0,0.0,,,,,,
6619640,20230901,218552585,Pupiales,1.1.02.06.006.06,OTRAS UNIDADES DE GOBIERNO,INGRESOS,INGRESOS CORRIENTES,INGRESOS NO TRIBUTARIOS,TRANSFERENCIAS CORRIENTES,TRANSFERENCIAS DE OTRAS ENTIDADES DEL GOBIERNO GENERAL,OTRAS UNIDADES DE GOBIERNO,No Aplica,No Aplica,No Aplica,No Aplica,,,,,,,,2023,Tercer Trimestre,,,212267442.0,NO APLICA,DERECHOS POR LA EXPLOTACION JUEGOS DE SUERTE Y AZAR,NO APLICA,NO APLICA,NO APLICA,NO APLICA,MINISTERIO DE SALUD Y PROTECCION SOCIAL,NO APLICA,NO APLICA,0.0,212267442.0,0.0,0.0,,,,,,
6620536,20210301,218552585,Pupiales,1.1.02.03.001.20.01,MULTAS CODIGO NACIONAL DE SEGURIDAD Y CONVIVENCIA CIUDADANA - MULTAS GENERALES,INGRESOS,INGRESOS CORRIENTES,INGRESOS NO TRIBUTARIOS,"MULTAS, SANCIONES E INTERESES DE MORA",MULTAS Y SANCIONES,MULTAS CODIGO NACIONAL DE SEGURIDAD Y CONVIVENCIA CIUDADANA,MULTAS CODIGO NACIONAL DE SEGURIDAD Y CONVIVENCIA CIUDADANA - MULTAS GENERALES,No Aplica,No Aplica,No Aplica,,,,,,,,2021,Primer Trimestre,,,22493595.0,NO APLICA,1.2.3.2.06 - MULTAS CODIGO NACIONAL DE POLICIA Y CONVIVENCIA,NO,NO APLICA,NO APLICA,0,NO APLICA,NO APLICA,NO APLICA,0.0,22493595.0,0.0,0.0,,,,,,
6622438,20230901,218552585,Pupiales,1.1.01.01.200.01,IMPUESTO PREDIAL UNIFICADO - URBANO,INGRESOS,INGRESOS CORRIENTES,INGRESOS TRIBUTARIOS,IMPUESTOS DIRECTOS,IMPUESTO PREDIAL UNIFICADO,IMPUESTO PREDIAL UNIFICADO - URBANO,No Aplica,No Aplica,No Aplica,No Aplica,,,,,,,,2023,Tercer Trimestre,,,149610945.0,NO APLICA,INGRESOS CORRIENTES DE LIBRE DESTINACION,NO APLICA,NO APLICA,NO APLICA,NO APLICA,NO APLICA,NO APLICA,NO APLICA,0.0,149610945.0,0.0,0.0,,,,,,
6622461,20220301,218552585,Pupiales,1.1.01,INGRESOS TRIBUTARIOS,INGRESOS,INGRESOS CORRIENTES,INGRESOS TRIBUTARIOS,No Aplica,No Aplica,No Aplica,No Aplica,No Aplica,No Aplica,No Aplica,,,,,,,,2022,Primer Trimestre,,,469985723.0,NO APLICA,NO APLICA,NO APLICA,NO APLICA,NO APLICA,NO APLICA,NO APLICA,NO APLICA,NO APLICA,0.0,469985723.0,0.0,0.0,,,,,,
6624061,20221201,218552585,Pupiales,1.1.02.02.087,TASAS POR EL DERECHO DE PARQUEO SOBRE LAS VIAS PUBLICAS,INGRESOS,INGRESOS CORRIENTES,INGRESOS NO TRIBUTARIOS,TASAS Y DERECHOS ADMINISTRATIVOS,TASAS POR EL DERECHO DE PARQUEO SOBRE LAS VIAS PUBLICAS,No Aplica,No Aplica,No Aplica,No Aplica,No Aplica,,,,,,,,2022,Cuarto Trimestre,,,1269580.0,NO APLICA,INGRESOS CORRIENTES DE LIBRE DESTINACION,NO APLICA,NO APLICA,NO APLICA,NO APLICA,NO APLICA,NO APLICA,NO APLICA,0.0,1269580.0,0.0,0.0,,,,,,
6625893,20220601,218552585,Pupiales,1.1.02.06.006,TRANSFERENCIAS DE OTRAS ENTIDADES DEL GOBIERNO GENERAL,INGRESOS,INGRESOS CORRIENTES,INGRESOS NO TRIBUTARIOS,TRANSFERENCIAS CORRIENTES,TRANSFERENCIAS DE OTRAS ENTIDADES DEL GOBIERNO GENERAL,No Aplica,No Aplica,No Aplica,No Aplica,No Aplica,,,,,,,,2022,Segundo Trimestre,,,300632799.0,NO APLICA,NO APLICA,NO APLICA,NO APLICA,NO APLICA,NO APLICA,NO APLICA,NO APLICA,NO APLICA,300632799.0,0.0,0.0,0.0,,,,,,
6626121,20220601,218552585,Pupiales,1.1.02.06.001.01.03.02,CALIDADPOR GRATUIDAD,INGRESOS,INGRESOS CORRIENTES,INGRESOS NO TRIBUTARIOS,TRANSFERENCIAS CORRIENTES,SISTEMA GENERAL DE PARTICIPACIONES,PARTICIPACION PARA EDUCACION,CALIDAD,CALIDADPOR GRATUIDAD,No Aplica,No Aplica,,,,,,,,2022,Segundo Trimestre,,,94621000.0,NO APLICA,SGP-EDUCACION-CALIDAD  POR GRATUIDAD,NO APLICA,NO APLICA,NO APLICA,NO APLICA,DIRECCION NACIONAL DEL TESORO MINISTERIO DE HACIENDA Y CREDITO PUBLICO,NO APLICA,NO APLICA,94621000.0,0.0,0.0,0.0,,,,,,
6627430,20210901,218552585,Pupiales,1.1.01.01,IMPUESTOS DIRECTOS,INGRESOS,INGRESOS CORRIENTES,INGRESOS TRIBUTARIOS,IMPUESTOS DIRECTOS,No Aplica,No Aplica,No Aplica,No Aplica,No Aplica,No Aplica,,,,,,,,2021,Tercer Trimestre,,,433149475.0,NO APLICA,NO APLICA,NO,NO APLICA,NO APLICA,,NO APLICA,NO APLICA,NO APLICA,0.0,433149475.0,0.0,0.0,,,,,,
6627531,20230901,218552585,Pupiales,1.1.02.03.001.20,MULTAS CODIGO NACIONAL DE SEGURIDAD Y CONVIVENCIA CIUDADANA,INGRESOS,INGRESOS CORRIENTES,INGRESOS NO TRIBUTARIOS,"MULTAS, SANCIONES E INTERESES DE MORA",MULTAS Y SANCIONES,MULTAS CODIGO NACIONAL DE SEGURIDAD Y CONVIVENCIA CIUDADANA,No Aplica,No Aplica,No Aplica,No Aplica,,,,,,,,2023,Tercer Trimestre,,,9688368.0,NO APLICA,NO APLICA,NO APLICA,NO APLICA,NO APLICA,NO APLICA,NO APLICA,NO APLICA,NO APLICA,0.0,9688368.0,0.0,0.0,,,,,,
6629670,20210901,218552585,Pupiales,1.2.10.02,SUPERAVIT FISCAL,INGRESOS,RECURSOS DE CAPITAL,RECURSOS DEL BALANCE,SUPERAVIT FISCAL,No Aplica,No Aplica,No Aplica,No Aplica,No Aplica,No Aplica,,,,,,,,2021,Tercer Trimestre,,,63337238.0,NO APLICA,1.3.3.9.10 - R.B. RETIROS FONPET,NO,NO APLICA,NO APLICA,0,NO APLICA,NO APLICA,NO APLICA,0.0,63337238.0,0.0,0.0,,,,,,
6630619,20211201,218552585,Pupiales,1.1.02.05,VENTA DE BIENES Y SERVICIOS,INGRESOS,INGRESOS CORRIENTES,INGRESOS NO TRIBUTARIOS,VENTA DE BIENES Y SERVICIOS,No Aplica,No Aplica,No Aplica,No Aplica,No Aplica,No Aplica,,,,,,,,2021,Cuarto Trimestre,,,43246947.0,NO APLICA,NO APLICA,NO APLICA,NO APLICA,NO APLICA,NO APLICA,NO APLICA,NO APLICA,NO APLICA,0.0,43246947.0,0.0,0.0,,,,,,
6631095,20230601,218552585,Pupiales,1.1.02.05.002.09,"SERVICIOS PARA LA COMUNIDAD, SOCIALES Y PERSONALES",INGRESOS,INGRESOS CORRIENTES,INGRESOS NO TRIBUTARIOS,VENTA DE BIENES Y SERVICIOS,VENTAS INCIDENTALES DE ESTABLECIMIENTOS NO DE MERCADO,"SERVICIOS PARA LA COMUNIDAD, SOCIALES Y PERSONALES",No Aplica,No Aplica,No Aplica,No Aplica,,,,,,,,2023,Segundo Trimestre,,,1379577.0,OTROS SERVICIOS DE LA ADMINISTRACION PUBLICA N C P,INGRESOS CORRIENTES DE LIBRE DESTINACION,NO APLICA,NO APLICA,NO APLICA,NO APLICA,BANCO AGRARIO DE COLOMBIA,NO APLICA,NO APLICA,0.0,1379577.0,0.0,0.0,,,,,,
6632708,20220901,218552585,Pupiales,1.1.01.02.212,SOBRETASA BOMBERIL,INGRESOS,INGRESOS CORRIENTES,INGRESOS TRIBUTARIOS,IMPUESTOS INDIRECTOS,SOBRETASA BOMBERIL,No Aplica,No Aplica,No Aplica,No Aplica,No Aplica,,,,,,,,2022,Tercer Trimestre,,,11912886.0,NO APLICA,SOBRETASA BOMBERIL,NO APLICA,NO APLICA,NO APLICA,NO APLICA,NO APLICA,NO APLICA,NO APLICA,0.0,11912886.0,0.0,0.0,,,,,,
6635783,20211201,218552585,Pupiales,1.2.10.02,SUPERAVIT FISCAL,INGRESOS,RECURSOS DE CAPITAL,RECURSOS DEL BALANCE,SUPERAVIT FISCAL,No Aplica,No Aplica,No Aplica,No Aplica,No Aplica,No Aplica,,,,,,,,2021,Cuarto Trimestre,,,11885478.0,NO APLICA,R.B. SGP-SALUD-SALUD PUBLICA,NO APLICA,NO APLICA,NO APLICA,NO APLICA,DIRECCION NACIONAL DEL TESORO MINISTERIO DE HACIENDA Y CREDITO PUBLICO,NO APLICA,NO APLICA,0.0,11885478.0,0.0,0.0,,,,,,
6642392,20210901,218552585,Pupiales,1.1.02.06.001.04,ASIGNACIONES ESPECIALES,INGRESOS,INGRESOS CORRIENTES,INGRESOS NO TRIBUTARIOS,TRANSFERENCIAS CORRIENTES,SISTEMA GENERAL DE PARTICIPACIONES,ASIGNACIONES ESPECIALES,No Aplica,No Aplica,No Aplica,No Aplica,,,,,,,,2021,Tercer Trimestre,,,62870907.0,NO APLICA,NO APLICA,NO,NO APLICA,NO APLICA,,NO APLICA,NO APLICA,NO APLICA,0.0,62870907.0,0.0,0.0,,,,,,
6644396,20220901,218552585,Pupiales,1.1.02.06.001.01.03,CALIDAD,INGRESOS,INGRESOS CORRIENTES,INGRESOS NO TRIBUTARIOS,TRANSFERENCIAS CORRIENTES,SISTEMA GENERAL DE PARTICIPACIONES,PARTICIPACION PARA EDUCACION,CALIDAD,No Aplica,No Aplica,No Aplica,,,,,,,,2022,Tercer Trimestre,,,345406808.0,NO APLICA,NO APLICA,NO APLICA,NO APLICA,NO APLICA,NO APLICA,NO APLICA,NO APLICA,NO APLICA,189241994.0,156164814.0,0.0,0.0,,,,,,
6644902,20210901,218552585,Pupiales,1.1.02.06.001.05,AGUA POTABLE Y SANEAMIENTO BASICO,INGRESOS,INGRESOS CORRIENTES,INGRESOS NO TRIBUTARIOS,TRANSFERENCIAS CORRIENTES,SISTEMA GENERAL DE PARTICIPACIONES,AGUA POTABLE Y SANEAMIENTO BASICO,No Aplica,No Aplica,No Aplica,No Aplica,,,,,,,,2021,Tercer Trimestre,,,858188876.0,NO APLICA,1.2.4.6.00 - SGP-AGUA POTABLE Y SANEAMIENTO BASICO,NO,NO APLICA,NO APLICA,0,DIRECCION NACIONAL DEL TESORO MINISTERIO DE HACIENDA Y CREDITO PUBLICO,NO APLICA,NO APLICA,0.0,858188876.0,0.0,0.0,,,,,,
6645035,20220901,218552585,Pupiales,1.1.01,INGRESOS TRIBUTARIOS,INGRESOS,INGRESOS CORRIENTES,INGRESOS TRIBUTARIOS,No Aplica,No Aplica,No Aplica,No Aplica,No Aplica,No Aplica,No Aplica,,,,,,,,2022,Tercer Trimestre,,,1360415118.0,NO APLICA,NO APLICA,NO APLICA,NO APLICA,NO APLICA,NO APLICA,NO APLICA,NO APLICA,NO APLICA,0.0,1360415118.0,0.0,0.0,,,,,,
6650212,20210901,218552585,Pupiales,1.2.10.02,SUPERAVIT FISCAL,INGRESOS,RECURSOS DE CAPITAL,RECURSOS DEL BALANCE,SUPERAVIT FISCAL,No Aplica,No Aplica,No Aplica,No Aplica,No Aplica,No Aplica,,,,,,,,2021,Tercer Trimestre,,,11885478.0,NO APLICA,1.3.3.5.02 - R.B. SGP - SALUD - SALUD PUBLICA,NO,NO APLICA,NO APLICA,0,DIRECCION NACIONAL DEL TESORO MINISTERIO DE HACIENDA Y CREDITO PUBLICO,NO APLICA,NO APLICA,0.0,11885478.0,0.0,0.0,,,,,,
6650283,20230601,218552585,Pupiales,1.1.02.06.009.01.06,RECURSOS ADRES - COFINANCIACION UPC REGIMEN SUBSIDIADO,INGRESOS,INGRESOS CORRIENTES,INGRESOS NO TRIBUTARIOS,TRANSFERENCIAS CORRIENTES,RECURSOS DEL SISTEMA DE SEGURIDAD SOCIAL INTEGRAL,SISTEMA GENERAL DE SEGURIDAD SOCIAL EN SALUD,RECURSOS ADRES - COFINANCIACION UPC REGIMEN SUBSIDIADO,No Aplica,No Aplica,No Aplica,,,,,,,,2023,Segundo Trimestre,,,6812270132.0,NO APLICA,PARTICIPACIONES DISTINTAS DEL SGP CON DESTINACION ESPECIFICA LEGAL,NO APLICA,NO APLICA,NO APLICA,NO APLICA,MINISTERIO DE SALUD Y PROTECCION SOCIAL,NO APLICA,NO APLICA,0.0,6812270132.0,0.0,0.0,,,,,,
6650712,20220601,218552585,Pupiales,1.1.02.06.006.06,OTRAS UNIDADES DE GOBIERNO,INGRESOS,INGRESOS CORRIENTES,INGRESOS NO TRIBUTARIOS,TRANSFERENCIAS CORRIENTES,TRANSFERENCIAS DE OTRAS ENTIDADES DEL GOBIERNO GENERAL,OTRAS UNIDADES DE GOBIERNO,No Aplica,No Aplica,No Aplica,No Aplica,,,,,,,,2022,Segundo Trimestre,,,300632799.0,NO APLICA,OTRAS TRANSFERENCIAS CORRIENTES DE OTRAS ENTIDADES CON DESTINACION ESPECIFICA LEGAL DEL GOBIERNO GENERAL,NO APLICA,NO APLICA,NO APLICA,NO APLICA,DEPARTAMENTO DE NARIÑO,NO APLICA,NO APLICA,300632799.0,0.0,0.0,0.0,,,,,,
6655976,20210901,218552585,Pupiales,1.1.01.02.204,IMPUESTO DE DELINEACION,INGRESOS,INGRESOS CORRIENTES,INGRESOS TRIBUTARIOS,IMPUESTOS INDIRECTOS,IMPUESTO DE DELINEACION,No Aplica,No Aplica,No Aplica,No Aplica,No Aplica,,,,,,,,2021,Tercer Trimestre,,,14211217.0,NO APLICA,1.2.1.0.00 - INGRESOS CORRIENTES DE LIBRE DESTINACION,NO,NO APLICA,NO APLICA,0,NO APLICA,NO APLICA,NO APLICA,0.0,14211217.0,0.0,0.0,,,,,,
6657488,20210901,218552585,Pupiales,1.1.02.06.001.03.02,CULTURA,INGRESOS,INGRESOS CORRIENTES,INGRESOS NO TRIBUTARIOS,TRANSFERENCIAS CORRIENTES,SISTEMA GENERAL DE PARTICIPACIONES,PARTICIPACION PARA PROPOSITO GENERAL,CULTURA,No Aplica,No Aplica,No Aplica,,,,,,,,2021,Tercer Trimestre,,,36188024.0,NO APLICA,1.2.4.3.02 - SGP-PROPOSITO GENERAL-CULTURA,NO,NO APLICA,NO APLICA,0,DIRECCION NACIONAL DEL TESORO MINISTERIO DE HACIENDA Y CREDITO PUBLICO,NO APLICA,NO APLICA,0.0,36188024.0,0.0,0.0,,,,,,
6660817,20210901,218552585,Pupiales,1.1.02.06.003.01.02,PARTICIPACION DEL IMPUESTO SOBRE VEHICULOS AUTOMOTORES,INGRESOS,INGRESOS CORRIENTES,INGRESOS NO TRIBUTARIOS,TRANSFERENCIAS CORRIENTES,PARTICIPACIONES DISTINTAS DEL SGP,PARTICIPACION EN IMPUESTOS,PARTICIPACION DEL IMPUESTO SOBRE VEHICULOS AUTOMOTORES,No Aplica,No Aplica,No Aplica,,,,,,,,2021,Tercer Trimestre,,,51737541.0,NO APLICA,1.2.3.1.03 - IMPUESTO SOBRE VEHICULOS AUTOMOTORES,NO,NO APLICA,NO APLICA,0,DEPARTAMENTO DE NARIÑO,NO APLICA,NO APLICA,0.0,51737541.0,0.0,0.0,,,,,,
6663613,20210301,218552585,Pupiales,1.1.02.06.001.02.04,SUBSIDIO A LA OFERTA,INGRESOS,INGRESOS CORRIENTES,INGRESOS NO TRIBUTARIOS,TRANSFERENCIAS CORRIENTES,SISTEMA GENERAL DE PARTICIPACIONES,PARTICIPACION PARA SALUD,SUBSIDIO A LA OFERTA,No Aplica,No Aplica,No Aplica,,,,,,,,2021,Primer Trimestre,,,52096682.0,NO APLICA,1.2.4.2.04 - SGP-SALUD-SUBSIDIO A LA OFERTA,NO,NO APLICA,NO APLICA,0,DIRECCION NACIONAL DEL TESORO MINISTERIO DE HACIENDA Y CREDITO PUBLICO,NO APLICA,NO APLICA,52096682.0,0.0,0.0,0.0,,,,,,
6665128,20210601,218552585,Pupiales,1.1.02.01.005,CONTRIBUCIONES DIVERSAS,INGRESOS,INGRESOS CORRIENTES,INGRESOS NO TRIBUTARIOS,CONTRIBUCIONES,CONTRIBUCIONES DIVERSAS,No Aplica,No Aplica,No Aplica,No Aplica,No Aplica,,,,,,,,2021,Segundo Trimestre,,,7756848.0,NO APLICA,NO APLICA,NO,NO APLICA,NO APLICA,,NO APLICA,NO APLICA,NO APLICA,0.0,7756848.0,0.0,0.0,,,,,,
6667410,20210601,218552585,Pupiales,1.1.02.06.001.01,PARTICIPACION PARA EDUCACION,INGRESOS,INGRESOS CORRIENTES,INGRESOS NO TRIBUTARIOS,TRANSFERENCIAS CORRIENTES,SISTEMA GENERAL DE PARTICIPACIONES,PARTICIPACION PARA EDUCACION,No Aplica,No Aplica,No Aplica,No Aplica,,,,,,,,2021,Segundo Trimestre,,,106533150.0,NO APLICA,NO APLICA,NO,NO APLICA,NO APLICA,,NO APLICA,NO APLICA,NO APLICA,0.0,106533150.0,0.0,0.0,,,,,,
6668006,20230301,218552585,Pupiales,1.2.10,RECURSOS DEL BALANCE,INGRESOS,RECURSOS DE CAPITAL,RECURSOS DEL BALANCE,No Aplica,No Aplica,No Aplica,No Aplica,No Aplica,No Aplica,No Aplica,,,,,,,,2023,Primer Trimestre,,,290411.0,NO APLICA,NO APLICA,NO APLICA,NO APLICA,NO APLICA,NO APLICA,NO APLICA,NO APLICA,NO APLICA,0.0,290411.0,0.0,0.0,,,,,,
6668025,20230301,218552585,Pupiales,1.1.01.02,IMPUESTOS INDIRECTOS,INGRESOS,INGRESOS CORRIENTES,INGRESOS TRIBUTARIOS,IMPUESTOS INDIRECTOS,No Aplica,No Aplica,No Aplica,No Aplica,No Aplica,No Aplica,,,,,,,,2023,Primer Trimestre,,,240164594.0,NO APLICA,NO APLICA,NO APLICA,NO APLICA,NO APLICA,NO APLICA,NO APLICA,NO APLICA,NO APLICA,0.0,240164594.0,0.0,0.0,,,,,,
6668280,20220301,218552585,Pupiales,1.1.02.06.001.02.02,SALUD PUBLICA,INGRESOS,INGRESOS CORRIENTES,INGRESOS NO TRIBUTARIOS,TRANSFERENCIAS CORRIENTES,SISTEMA GENERAL DE PARTICIPACIONES,PARTICIPACION PARA SALUD,SALUD PUBLICA,No Aplica,No Aplica,No Aplica,,,,,,,,2022,Primer Trimestre,,,39800796.0,NO APLICA,SGP-SALUD-SALUD PUBLICA,NO APLICA,NO APLICA,NO APLICA,NO APLICA,DIRECCION NACIONAL DEL TESORO MINISTERIO DE HACIENDA Y CREDITO PUBLICO,NO APLICA,NO APLICA,0.0,39800796.0,0.0,0.0,,,,,,
6669408,20221201,218552585,Pupiales,1.1.02.06.001.03.02,CULTURA,INGRESOS,INGRESOS CORRIENTES,INGRESOS NO TRIBUTARIOS,TRANSFERENCIAS CORRIENTES,SISTEMA GENERAL DE PARTICIPACIONES,PARTICIPACION PARA PROPOSITO GENERAL,CULTURA,No Aplica,No Aplica,No Aplica,,,,,,,,2022,Cuarto Trimestre,,,71604030.0,NO APLICA,SGP-PROPOSITO GENERAL-CULTURA,NO APLICA,NO APLICA,NO APLICA,NO APLICA,DIRECCION NACIONAL DEL TESORO MINISTERIO DE HACIENDA Y CREDITO PUBLICO,NO APLICA,NO APLICA,0.0,71604030.0,0.0,0.0,,,,,,
6672557,20220901,218552585,Pupiales,1.2.10.02,SUPERAVIT FISCAL,INGRESOS,RECURSOS DE CAPITAL,RECURSOS DEL BALANCE,SUPERAVIT FISCAL,No Aplica,No Aplica,No Aplica,No Aplica,No Aplica,No Aplica,,,,,,,,2022,Tercer Trimestre,,,149957903.0,NO APLICA,R.B. SGP-AGUA POTABLE Y SANEAMIENTO BASICO,NO APLICA,NO APLICA,ACUERDO,NO APLICA,DIRECCION NACIONAL DEL TESORO MINISTERIO DE HACIENDA Y CREDITO PUBLICO,NO APLICA,NO APLICA,0.0,0.0,0.0,149957903.0,,,,,,
6673518,20210601,218552585,Pupiales,1.1,INGRESOS CORRIENTES,INGRESOS,INGRESOS CORRIENTES,No Aplica,No Aplica,No Aplica,No Aplica,No Aplica,No Aplica,No Aplica,No Aplica,,,,,,,,2021,Segundo Trimestre,,,11626569105.0,NO APLICA,NO APLICA,NO,NO APLICA,NO APLICA,,NO APLICA,NO APLICA,NO APLICA,7952967489.0,3673601616.0,0.0,0.0,,,,,,
6675587,20221201,218552585,Pupiales,1.1.02.03.001.11,SANCIONES TRIBUTARIAS,INGRESOS,INGRESOS CORRIENTES,INGRESOS NO TRIBUTARIOS,"MULTAS, SANCIONES E INTERESES DE MORA",MULTAS Y SANCIONES,SANCIONES TRIBUTARIAS,No Aplica,No Aplica,No Aplica,No Aplica,,,,,,,,2022,Cuarto Trimestre,,,1255892.0,NO APLICA,"OTRAS MULTAS, SANCIONES E INTERESES DE MORA CON DESTINACION ESPECIFICA LEGAL",NO APLICA,NO APLICA,NO APLICA,NO APLICA,NO APLICA,NO APLICA,NO APLICA,0.0,1255892.0,0.0,0.0,,,,,,
6675997,20230901,218552585,Pupiales,1.1.01.01.200.02,IMPUESTO PREDIAL UNIFICADO - RURAL,INGRESOS,INGRESOS CORRIENTES,INGRESOS TRIBUTARIOS,IMPUESTOS DIRECTOS,IMPUESTO PREDIAL UNIFICADO,IMPUESTO PREDIAL UNIFICADO - RURAL,No Aplica,No Aplica,No Aplica,No Aplica,,,,,,,,2023,Tercer Trimestre,,,155348433.0,NO APLICA,INGRESOS CORRIENTES DE LIBRE DESTINACION,NO APLICA,NO APLICA,NO APLICA,NO APLICA,NO APLICA,NO APLICA,NO APLICA,0.0,155348433.0,0.0,0.0,,,,,,
6679183,20220301,218552585,Pupiales,1.1.02,INGRESOS NO TRIBUTARIOS,INGRESOS,INGRESOS CORRIENTES,INGRESOS NO TRIBUTARIOS,No Aplica,No Aplica,No Aplica,No Aplica,No Aplica,No Aplica,No Aplica,,,,,,,,2022,Primer Trimestre,,,5409133661.0,NO APLICA,NO APLICA,NO APLICA,NO APLICA,NO APLICA,NO APLICA,NO APLICA,NO APLICA,NO APLICA,4566856177.0,842277484.0,0.0,0.0,,,,,,
6679763,20230301,218552585,Pupiales,1.1.02.06.001.03.01,DEPORTE Y RECREACION,INGRESOS,INGRESOS CORRIENTES,INGRESOS NO TRIBUTARIOS,TRANSFERENCIAS CORRIENTES,SISTEMA GENERAL DE PARTICIPACIONES,PARTICIPACION PARA PROPOSITO GENERAL,DEPORTE Y RECREACION,No Aplica,No Aplica,No Aplica,,,,,,,,2023,Primer Trimestre,,,12860832.0,NO APLICA,SGP-PROPOSITO GENERAL-DEPORTE Y RECREACION,NO APLICA,NO APLICA,NO APLICA,NO APLICA,TESORO NACIONAL,NO APLICA,NO APLICA,0.0,12860832.0,0.0,0.0,,,,,,
6681922,20230901,218552585,Pupiales,1.1.02.06.006.06,OTRAS UNIDADES DE GOBIERNO,INGRESOS,INGRESOS CORRIENTES,INGRESOS NO TRIBUTARIOS,TRANSFERENCIAS CORRIENTES,TRANSFERENCIAS DE OTRAS ENTIDADES DEL GOBIERNO GENERAL,OTRAS UNIDADES DE GOBIERNO,No Aplica,No Aplica,No Aplica,No Aplica,,,,,,,,2023,Tercer Trimestre,,,65578821.0,NO APLICA,DERECHOS POR LA EXPLOTACION JUEGOS DE SUERTE Y AZAR,NO APLICA,NO APLICA,NO APLICA,NO APLICA,ADMINISTRADORA DEL MONOPOLIO RENTISTICO DE LOS JUEGOS DE SUERTE Y AZAR.,NO APLICA,NO APLICA,0.0,65578821.0,0.0,0.0,,,,,,
6682541,20210601,218552585,Pupiales,1.1.01.01,IMPUESTOS DIRECTOS,INGRESOS,INGRESOS CORRIENTES,INGRESOS TRIBUTARIOS,IMPUESTOS DIRECTOS,No Aplica,No Aplica,No Aplica,No Aplica,No Aplica,No Aplica,,,,,,,,2021,Segundo Trimestre,,,367611869.0,NO APLICA,NO APLICA,NO,NO APLICA,NO APLICA,,NO APLICA,NO APLICA,NO APLICA,0.0,367611869.0,0.0,0.0,,,,,,
6686922,20211201,218552585,Pupiales,1.1.02.06.001.04,ASIGNACIONES ESPECIALES,INGRESOS,INGRESOS CORRIENTES,INGRESOS NO TRIBUTARIOS,TRANSFERENCIAS CORRIENTES,SISTEMA GENERAL DE PARTICIPACIONES,ASIGNACIONES ESPECIALES,No Aplica,No Aplica,No Aplica,No Aplica,,,,,,,,2021,Cuarto Trimestre,,,97406326.0,NO APLICA,NO APLICA,NO APLICA,NO APLICA,NO APLICA,NO APLICA,NO APLICA,NO APLICA,NO APLICA,0.0,97406326.0,0.0,0.0,,,,,,
6686987,20221201,218552585,Pupiales,1.1.02.06,TRANSFERENCIAS CORRIENTES,INGRESOS,INGRESOS CORRIENTES,INGRESOS NO TRIBUTARIOS,TRANSFERENCIAS CORRIENTES,No Aplica,No Aplica,No Aplica,No Aplica,No Aplica,No Aplica,,,,,,,,2022,Cuarto Trimestre,,,24293794522.0,NO APLICA,NO APLICA,NO APLICA,NO APLICA,NO APLICA,NO APLICA,NO APLICA,NO APLICA,NO APLICA,18768996352.0,5524798170.0,0.0,0.0,,,,,,
6688784,20210901,218552585,Pupiales,1.1.01.01.200.02,IMPUESTO PREDIAL UNIFICADO - RURAL,INGRESOS,INGRESOS CORRIENTES,INGRESOS TRIBUTARIOS,IMPUESTOS DIRECTOS,IMPUESTO PREDIAL UNIFICADO,IMPUESTO PREDIAL UNIFICADO - RURAL,No Aplica,No Aplica,No Aplica,No Aplica,,,,,,,,2021,Tercer Trimestre,,,197375818.0,NO APLICA,1.2.1.0.00 - INGRESOS CORRIENTES DE LIBRE DESTINACION,NO,NO APLICA,NO APLICA,0,NO APLICA,NO APLICA,NO APLICA,0.0,197375818.0,0.0,0.0,,,,,,
6690202,20221201,218552585,Pupiales,1.1.01.02.300.55,ESTAMPILLA PRO CULTURA,INGRESOS,INGRESOS CORRIENTES,INGRESOS TRIBUTARIOS,IMPUESTOS INDIRECTOS,ESTAMPILLAS,ESTAMPILLA PRO CULTURA,No Aplica,No Aplica,No Aplica,No Aplica,,,,,,,,2022,Cuarto Trimestre,,,230198025.0,NO APLICA,ESTAMPILLAS,NO APLICA,NO APLICA,NO APLICA,NO APLICA,NO APLICA,NO APLICA,NO APLICA,0.0,230198025.0,0.0,0.0,,,,,,
6693877,20230601,218552585,Pupiales,1.1.01.02.204,IMPUESTO DE DELINEACION,INGRESOS,INGRESOS CORRIENTES,INGRESOS TRIBUTARIOS,IMPUESTOS INDIRECTOS,IMPUESTO DE DELINEACION,No Aplica,No Aplica,No Aplica,No Aplica,No Aplica,,,,,,,,2023,Segundo Trimestre,,,1377600.0,NO APLICA,INGRESOS CORRIENTES DE LIBRE DESTINACION,NO APLICA,NO APLICA,NO APLICA,NO APLICA,NO APLICA,NO APLICA,NO APLICA,0.0,1377600.0,0.0,0.0,,,,,,
6694479,20220601,218552585,Pupiales,1.1.01.01.200.01,IMPUESTO PREDIAL UNIFICADO - URBANO,INGRESOS,INGRESOS CORRIENTES,INGRESOS TRIBUTARIOS,IMPUESTOS DIRECTOS,IMPUESTO PREDIAL UNIFICADO,IMPUESTO PREDIAL UNIFICADO - URBANO,No Aplica,No Aplica,No Aplica,No Aplica,,,,,,,,2022,Segundo Trimestre,,,138556765.0,NO APLICA,INGRESOS CORRIENTES DE LIBRE DESTINACION,NO APLICA,NO APLICA,NO APLICA,NO APLICA,NO APLICA,NO APLICA,NO APLICA,0.0,138556765.0,0.0,0.0,,,,,,
6699325,20211201,218552585,Pupiales,1.2.07.01.001,BANCA COMERCIAL,INGRESOS,RECURSOS DE CAPITAL,RECURSOS DE CREDITO INTERNO,RECURSOS DE CONTRATOS DE EMPRESTITOS INTERNOS,BANCA COMERCIAL,No Aplica,No Aplica,No Aplica,No Aplica,No Aplica,,,,,,,,2021,Cuarto Trimestre,,,1889000000.0,NO APLICA,RECURSOS DE CREDITO INTERNO,NO APLICA,NO APLICA,NO APLICA,NO APLICA,OTRO,NO APLICA,NO APLICA,0.0,1889000000.0,0.0,0.0,,,,,,
6699378,20211201,218552585,Pupiales,1.2.12.10,POR LA DEVOLUCION DE RECURSOS SGP PROPOSITO GENERAL,INGRESOS,RECURSOS DE CAPITAL,RETIROS FONPET,POR LA DEVOLUCION DE RECURSOS SGP PROPOSITO GENERAL,No Aplica,No Aplica,No Aplica,No Aplica,No Aplica,No Aplica,,,,,,,,2021,Cuarto Trimestre,,,93251059.0,NO APLICA,SGP-PROPOSITO GENERAL-PROPOSITO GENERAL LIBRE INVERSION,NO APLICA,NO APLICA,NO APLICA,NO APLICA,DIRECCION NACIONAL DEL TESORO MINISTERIO DE HACIENDA Y CREDITO PUBLICO,NO APLICA,NO APLICA,93251059.0,0.0,0.0,0.0,,,,,,
6699782,20230301,218552585,Pupiales,1.1.02.06.001.04.01,PROGRAMAS DE ALIMENTACION ESCOLAR,INGRESOS,INGRESOS CORRIENTES,INGRESOS NO TRIBUTARIOS,TRANSFERENCIAS CORRIENTES,SISTEMA GENERAL DE PARTICIPACIONES,ASIGNACIONES ESPECIALES,PROGRAMAS DE ALIMENTACION ESCOLAR,No Aplica,No Aplica,No Aplica,,,,,,,,2023,Primer Trimestre,,,4448974.0,NO APLICA,SGP-ASIGNACION ESPECIAL-PROGRAMAS DE ALIMENTACION ESCOLAR,NO APLICA,NO APLICA,NO APLICA,NO APLICA,TESORO NACIONAL,NO APLICA,NO APLICA,0.0,4448974.0,0.0,0.0,,,,,,
6699911,20210601,218552585,Pupiales,1.2.05,RENDIMIENTOS FINANCIEROS,INGRESOS,RECURSOS DE CAPITAL,RENDIMIENTOS FINANCIEROS,No Aplica,No Aplica,No Aplica,No Aplica,No Aplica,No Aplica,No Aplica,,,,,,,,2021,Segundo Trimestre,,,4442930.0,NO APLICA,NO APLICA,NO,NO APLICA,NO APLICA,,NO APLICA,NO APLICA,NO APLICA,0.0,4442930.0,0.0,0.0,,,,,,
6703173,20220301,218552585,Pupiales,1.1.01.01.200.02,IMPUESTO PREDIAL UNIFICADO - RURAL,INGRESOS,INGRESOS CORRIENTES,INGRESOS TRIBUTARIOS,IMPUESTOS DIRECTOS,IMPUESTO PREDIAL UNIFICADO,IMPUESTO PREDIAL UNIFICADO - RURAL,No Aplica,No Aplica,No Aplica,No Aplica,,,,,,,,2022,Primer Trimestre,,,77954855.0,NO APLICA,INGRESOS CORRIENTES DE LIBRE DESTINACION,NO APLICA,NO APLICA,NO APLICA,NO APLICA,NO APLICA,NO APLICA,NO APLICA,0.0,77954855.0,0.0,0.0,,,,,,
6703673,20211201,218552585,Pupiales,1.1.02.06.001,SISTEMA GENERAL DE PARTICIPACIONES,INGRESOS,INGRESOS CORRIENTES,INGRESOS NO TRIBUTARIOS,TRANSFERENCIAS CORRIENTES,SISTEMA GENERAL DE PARTICIPACIONES,No Aplica,No Aplica,No Aplica,No Aplica,No Aplica,,,,,,,,2021,Cuarto Trimestre,,,12193347175.0,NO APLICA,NO APLICA,NO APLICA,NO APLICA,NO APLICA,NO APLICA,NO APLICA,NO APLICA,NO APLICA,6917743401.0,5275603774.0,0.0,0.0,,,,,,
6705149,20210601,218552585,Pupiales,1.1.02.06.001.03.04,"PROPOSITO GENERAL LIBRE DESTINACION MUNICIPIOS CATEGORIAS 4, 5 Y 6",INGRESOS,INGRESOS CORRIENTES,INGRESOS NO TRIBUTARIOS,TRANSFERENCIAS CORRIENTES,SISTEMA GENERAL DE PARTICIPACIONES,PARTICIPACION PARA PROPOSITO GENERAL,"PROPOSITO GENERAL LIBRE DESTINACION MUNICIPIOS CATEGORIAS 4, 5 Y 6",No Aplica,No Aplica,No Aplica,,,,,,,,2021,Segundo Trimestre,,,642401295.0,NO APLICA,"1.2.4.3.04 - SGP-PROPOSITO GENERAL-LIBRE DESTINACION MUNICIPIOS CATEGORIAS 4, 5 Y 6",NO,NO APLICA,NO APLICA,0,DIRECCION NACIONAL DEL TESORO MINISTERIO DE HACIENDA Y CREDITO PUBLICO,NO APLICA,NO APLICA,0.0,642401295.0,0.0,0.0,,,,,,
6706022,20230301,218552585,Pupiales,1.2.10.02,SUPERAVIT FISCAL,INGRESOS,RECURSOS DE CAPITAL,RECURSOS DEL BALANCE,SUPERAVIT FISCAL,No Aplica,No Aplica,No Aplica,No Aplica,No Aplica,No Aplica,,,,,,,,2023,Primer Trimestre,,,187558.0,NO APLICA,ESTAMPILLAS,NO APLICA,NO APLICA,NO APLICA,NO APLICA,EL PEÑOL - NARIÑO,NO APLICA,NO APLICA,0.0,187558.0,0.0,0.0,,,,,,
6707177,20210601,218552585,Pupiales,1.1.01.01.200.02,IMPUESTO PREDIAL UNIFICADO - RURAL,INGRESOS,INGRESOS CORRIENTES,INGRESOS TRIBUTARIOS,IMPUESTOS DIRECTOS,IMPUESTO PREDIAL UNIFICADO,IMPUESTO PREDIAL UNIFICADO - RURAL,No Aplica,No Aplica,No Aplica,No Aplica,,,,,,,,2021,Segundo Trimestre,,,158350517.0,NO APLICA,1.2.1.0.00 - INGRESOS CORRIENTES DE LIBRE DESTINACION,NO,NO APLICA,NO APLICA,0,NO APLICA,NO APLICA,NO APLICA,0.0,158350517.0,0.0,0.0,,,,,,
6707971,20220601,218552585,Pupiales,1.1.02.06.003.01.02,PARTICIPACION DEL IMPUESTO SOBRE VEHICULOS AUTOMOTORES,INGRESOS,INGRESOS CORRIENTES,INGRESOS NO TRIBUTARIOS,TRANSFERENCIAS CORRIENTES,PARTICIPACIONES DISTINTAS DEL SGP,PARTICIPACION EN IMPUESTOS,PARTICIPACION DEL IMPUESTO SOBRE VEHICULOS AUTOMOTORES,No Aplica,No Aplica,No Aplica,,,,,,,,2022,Segundo Trimestre,,,51598924.0,NO APLICA,IMPUESTO SOBRE VEHICULOS AUTOMOTORES CON DESTINACION ESPECIFICA LEGAL,NO APLICA,NO APLICA,NO APLICA,NO APLICA,DEPARTAMENTO DE NARIÑO,NO APLICA,NO APLICA,0.0,51598924.0,0.0,0.0,,,,,,
6708112,20220901,218552585,Pupiales,1.1.02.03.001.04,SANCIONES CONTRACTUALES,INGRESOS,INGRESOS CORRIENTES,INGRESOS NO TRIBUTARIOS,"MULTAS, SANCIONES E INTERESES DE MORA",MULTAS Y SANCIONES,SANCIONES CONTRACTUALES,No Aplica,No Aplica,No Aplica,No Aplica,,,,,,,,2022,Tercer Trimestre,,,49628962.0,NO APLICA,"OTRAS MULTAS, SANCIONES E INTERESES DE MORA CON DESTINACION ESPECIFICA LEGAL",NO APLICA,NO APLICA,ACUERDO,NO APLICA,OTRO,NO APLICA,NO APLICA,0.0,49628962.0,0.0,0.0,,,,,,
6709096,20211201,218552585,Pupiales,1.1.01.02.300.01,ESTAMPILLA PARA EL BIENESTAR DEL ADULTO MAYOR,INGRESOS,INGRESOS CORRIENTES,INGRESOS TRIBUTARIOS,IMPUESTOS INDIRECTOS,ESTAMPILLAS,ESTAMPILLA PARA EL BIENESTAR DEL ADULTO MAYOR,No Aplica,No Aplica,No Aplica,No Aplica,,,,,,,,2021,Cuarto Trimestre,,,281810478.0,NO APLICA,ESTAMPILLAS,NO APLICA,NO APLICA,NO APLICA,NO APLICA,NO APLICA,NO APLICA,NO APLICA,0.0,281810478.0,0.0,0.0,,,,,,
6709712,20230301,218552585,Pupiales,1.1.02.05.002.09,"SERVICIOS PARA LA COMUNIDAD, SOCIALES Y PERSONALES",INGRESOS,INGRESOS CORRIENTES,INGRESOS NO TRIBUTARIOS,VENTA DE BIENES Y SERVICIOS,VENTAS INCIDENTALES DE ESTABLECIMIENTOS NO DE MERCADO,"SERVICIOS PARA LA COMUNIDAD, SOCIALES Y PERSONALES",No Aplica,No Aplica,No Aplica,No Aplica,,,,,,,,2023,Primer Trimestre,,,4201220.0,OTROS SERVICIOS DIVERSOS N C P,INGRESOS CORRIENTES DE LIBRE DESTINACION,NO APLICA,NO APLICA,NO APLICA,NO APLICA,EL PEÑOL - NARIÑO,NO APLICA,NO APLICA,0.0,4201220.0,0.0,0.0,,,,,,
6714003,20211201,218552585,Pupiales,1.1.02.06.006,TRANSFERENCIAS DE OTRAS ENTIDADES DEL GOBIERNO GENERAL,INGRESOS,INGRESOS CORRIENTES,INGRESOS NO TRIBUTARIOS,TRANSFERENCIAS CORRIENTES,TRANSFERENCIAS DE OTRAS ENTIDADES DEL GOBIERNO GENERAL,No Aplica,No Aplica,No Aplica,No Aplica,No Aplica,,,,,,,,2021,Cuarto Trimestre,,,598428744.0,NO APLICA,NO APLICA,NO APLICA,NO APLICA,NO APLICA,NO APLICA,NO APLICA,NO APLICA,NO APLICA,0.0,598428744.0,0.0,0.0,,,,,,
6718809,20220901,218552585,Pupiales,1.1.02.05,VENTA DE BIENES Y SERVICIOS,INGRESOS,INGRESOS CORRIENTES,INGRESOS NO TRIBUTARIOS,VENTA DE BIENES Y SERVICIOS,No Aplica,No Aplica,No Aplica,No Aplica,No Aplica,No Aplica,,,,,,,,2022,Tercer Trimestre,,,1007681807.0,NO APLICA,NO APLICA,NO APLICA,NO APLICA,NO APLICA,NO APLICA,NO APLICA,NO APLICA,NO APLICA,0.0,1007681807.0,0.0,0.0,,,,,,
6721826,20220301,218552585,Pupiales,1.1.02.03.001.11,SANCIONES TRIBUTARIAS,INGRESOS,INGRESOS CORRIENTES,INGRESOS NO TRIBUTARIOS,"MULTAS, SANCIONES E INTERESES DE MORA",MULTAS Y SANCIONES,SANCIONES TRIBUTARIAS,No Aplica,No Aplica,No Aplica,No Aplica,,,,,,,,2022,Primer Trimestre,,,58000.0,NO APLICA,"OTRAS MULTAS, SANCIONES E INTERESES DE MORA CON DESTINACION ESPECIFICA LEGAL",NO APLICA,NO APLICA,NO APLICA,NO APLICA,NO APLICA,NO APLICA,NO APLICA,0.0,58000.0,0.0,0.0,,,,,,
6723673,20230301,218552585,Pupiales,1.1.02.06.001.01.03.02,CALIDADPOR GRATUIDAD,INGRESOS,INGRESOS CORRIENTES,INGRESOS NO TRIBUTARIOS,TRANSFERENCIAS CORRIENTES,SISTEMA GENERAL DE PARTICIPACIONES,PARTICIPACION PARA EDUCACION,CALIDAD,CALIDADPOR GRATUIDAD,No Aplica,No Aplica,,,,,,,,2023,Primer Trimestre,,,49181126.0,NO APLICA,SGP-EDUCACION-CALIDAD  POR GRATUIDAD,NO APLICA,NO APLICA,NO APLICA,NO APLICA,MINISTERIO DE EDUCACION NACIONAL,NO APLICA,NO APLICA,49181126.0,0.0,0.0,0.0,,,,,,
6724588,20220601,218552585,Pupiales,1.1.01.02.109,SOBRETASA A LA GASOLINA,INGRESOS,INGRESOS CORRIENTES,INGRESOS TRIBUTARIOS,IMPUESTOS INDIRECTOS,SOBRETASA A LA GASOLINA,No Aplica,No Aplica,No Aplica,No Aplica,No Aplica,,,,,,,,2022,Segundo Trimestre,,,234563000.0,NO APLICA,INGRESOS CORRIENTES DE LIBRE DESTINACION,NO APLICA,NO APLICA,NO APLICA,NO APLICA,NO APLICA,NO APLICA,NO APLICA,0.0,234563000.0,0.0,0.0,,,,,,
6725508,20230601,218552585,Pupiales,1.1.01.02.200.01,IMPUESTO DE INDUSTRIA Y COMERCIO - SOBRE ACTIVIDADES COMERCIALES,INGRESOS,INGRESOS CORRIENTES,INGRESOS TRIBUTARIOS,IMPUESTOS INDIRECTOS,IMPUESTO DE INDUSTRIA Y COMERCIO,IMPUESTO DE INDUSTRIA Y COMERCIO - SOBRE ACTIVIDADES COMERCIALES,No Aplica,No Aplica,No Aplica,No Aplica,,,,,,,,2023,Segundo Trimestre,,,43969000.0,NO APLICA,INGRESOS CORRIENTES DE LIBRE DESTINACION,NO APLICA,NO APLICA,NO APLICA,NO APLICA,E.S.P. CENTRALES ELECTRICAS DE NARIÑO S.A.,NO APLICA,NO APLICA,0.0,43969000.0,0.0,0.0,,,,,,
6726004,20210901,218552585,Pupiales,1.2.10.02,SUPERAVIT FISCAL,INGRESOS,RECURSOS DE CAPITAL,RECURSOS DEL BALANCE,SUPERAVIT FISCAL,No Aplica,No Aplica,No Aplica,No Aplica,No Aplica,No Aplica,,,,,,,,2021,Tercer Trimestre,,,15390842.0,NO APLICA,1.3.3.8.00 - R.B. SGP - AGUA POTABLE Y SANEAMIENTO BASICO,NO,NO APLICA,NO APLICA,0,DIRECCION NACIONAL DEL TESORO MINISTERIO DE HACIENDA Y CREDITO PUBLICO,NO APLICA,NO APLICA,0.0,15390842.0,0.0,0.0,,,,,,
6726311,20230901,218552585,Pupiales,1.1,INGRESOS CORRIENTES,INGRESOS,INGRESOS CORRIENTES,No Aplica,No Aplica,No Aplica,No Aplica,No Aplica,No Aplica,No Aplica,No Aplica,,,,,,,,2023,Tercer Trimestre,,,22973056589.0,NO APLICA,NO APLICA,NO APLICA,NO APLICA,NO APLICA,NO APLICA,NO APLICA,NO APLICA,NO APLICA,0.0,22973056589.0,0.0,0.0,,,,,,
6727291,20220901,218552585,Pupiales,1.1.02.06.003.01,PARTICIPACION EN IMPUESTOS,INGRESOS,INGRESOS CORRIENTES,INGRESOS NO TRIBUTARIOS,TRANSFERENCIAS CORRIENTES,PARTICIPACIONES DISTINTAS DEL SGP,PARTICIPACION EN IMPUESTOS,No Aplica,No Aplica,No Aplica,No Aplica,,,,,,,,2022,Tercer Trimestre,,,62342254.0,NO APLICA,NO APLICA,NO APLICA,NO APLICA,NO APLICA,NO APLICA,NO APLICA,NO APLICA,NO APLICA,0.0,62342254.0,0.0,0.0,,,,,,
6729535,20210901,218552585,Pupiales,1.2.08.06.002,CONDICIONADAS A LA ADQUISICION DE UN ACTIVO,INGRESOS,RECURSOS DE CAPITAL,TRANSFERENCIAS DE CAPITAL,DE OTRAS ENTIDADES DEL GOBIERNO GENERAL,CONDICIONADAS A LA ADQUISICION DE UN ACTIVO,No Aplica,No Aplica,No Aplica,No Aplica,No Aplica,,,,,,,,2021,Tercer Trimestre,,,756346212.0,NO APLICA,1.3.3.9.07 - R.B. TRANSFERENCIAS DE CAPITAL DE OTRAS ENTIDADES DEL GOBIERNO GENERAL,NO,NO APLICA,NO APLICA,0,NO APLICA,NO APLICA,NO APLICA,0.0,756346212.0,0.0,0.0,,,,,,
6730875,20220301,218552585,Pupiales,1.1.01.02.300.01,ESTAMPILLA PARA EL BIENESTAR DEL ADULTO MAYOR,INGRESOS,INGRESOS CORRIENTES,INGRESOS TRIBUTARIOS,IMPUESTOS INDIRECTOS,ESTAMPILLAS,ESTAMPILLA PARA EL BIENESTAR DEL ADULTO MAYOR,No Aplica,No Aplica,No Aplica,No Aplica,,,,,,,,2022,Primer Trimestre,,,2968108.0,NO APLICA,ESTAMPILLAS,NO APLICA,NO APLICA,NO APLICA,NO APLICA,NO APLICA,NO APLICA,NO APLICA,0.0,2968108.0,0.0,0.0,,,,,,
6732053,20230301,218552585,Pupiales,1.1.01.02.300.01,ESTAMPILLA PARA EL BIENESTAR DEL ADULTO MAYOR,INGRESOS,INGRESOS CORRIENTES,INGRESOS TRIBUTARIOS,IMPUESTOS INDIRECTOS,ESTAMPILLAS,ESTAMPILLA PARA EL BIENESTAR DEL ADULTO MAYOR,No Aplica,No Aplica,No Aplica,No Aplica,,,,,,,,2023,Primer Trimestre,,,109046772.0,NO APLICA,ESTAMPILLAS,NO APLICA,NO APLICA,NO APLICA,NO APLICA,EL PEÑOL - NARIÑO,NO APLICA,NO APLICA,0.0,109046772.0,0.0,0.0,,,,,,
6732630,20230301,218552585,Pupiales,1.1.02.06.006.01,APORTES NACION,INGRESOS,INGRESOS CORRIENTES,INGRESOS NO TRIBUTARIOS,TRANSFERENCIAS CORRIENTES,TRANSFERENCIAS DE OTRAS ENTIDADES DEL GOBIERNO GENERAL,APORTES NACION,No Aplica,No Aplica,No Aplica,No Aplica,,,,,,,,2023,Primer Trimestre,,,345472723.0,NO APLICA,TRANSFERENCIAS DE CAPITAL DE OTRAS ENTIDADES DEL GOBIERNO GENERAL,NO APLICA,NO APLICA,NO APLICA,NO APLICA,DEPARTAMENTO ADMINISTRATIVO PARA LA PROSPERIDAD SOCIAL,NO APLICA,NO APLICA,0.0,345472723.0,0.0,0.0,,,,,,
6735885,20230901,218552585,Pupiales,1.1.02.01.005.59,CONTRIBUCION ESPECIAL SOBRE CONTRATOS DE OBRAS PUBLICAS,INGRESOS,INGRESOS CORRIENTES,INGRESOS NO TRIBUTARIOS,CONTRIBUCIONES,CONTRIBUCIONES DIVERSAS,CONTRIBUCION ESPECIAL SOBRE CONTRATOS DE OBRAS PUBLICAS,No Aplica,No Aplica,No Aplica,No Aplica,,,,,,,,2023,Tercer Trimestre,,,74589212.0,NO APLICA,CONTRIBUCION SOBRE CONTRATOS DE OBRA PUBLICA,NO APLICA,NO APLICA,NO APLICA,NO APLICA,PUPIALES,NO APLICA,NO APLICA,0.0,74589212.0,0.0,0.0,,,,,,
6737043,20220601,218552585,Pupiales,1.1.02,INGRESOS NO TRIBUTARIOS,INGRESOS,INGRESOS CORRIENTES,INGRESOS NO TRIBUTARIOS,No Aplica,No Aplica,No Aplica,No Aplica,No Aplica,No Aplica,No Aplica,,,,,,,,2022,Segundo Trimestre,,,13242935314.0,NO APLICA,NO APLICA,NO APLICA,NO APLICA,NO APLICA,NO APLICA,NO APLICA,NO APLICA,NO APLICA,9346864985.0,3896070329.0,0.0,0.0,,,,,,
6741825,20210601,218552585,Pupiales,1.1.02.06.001,SISTEMA GENERAL DE PARTICIPACIONES,INGRESOS,INGRESOS CORRIENTES,INGRESOS NO TRIBUTARIOS,TRANSFERENCIAS CORRIENTES,SISTEMA GENERAL DE PARTICIPACIONES,No Aplica,No Aplica,No Aplica,No Aplica,No Aplica,,,,,,,,2021,Segundo Trimestre,,,5660436856.0,NO APLICA,NO APLICA,NO,NO APLICA,NO APLICA,,NO APLICA,NO APLICA,NO APLICA,3351409517.0,2309027339.0,0.0,0.0,,,,,,
6744251,20230301,218552585,Pupiales,1.1.02.06.009,RECURSOS DEL SISTEMA DE SEGURIDAD SOCIAL INTEGRAL,INGRESOS,INGRESOS CORRIENTES,INGRESOS NO TRIBUTARIOS,TRANSFERENCIAS CORRIENTES,RECURSOS DEL SISTEMA DE SEGURIDAD SOCIAL INTEGRAL,No Aplica,No Aplica,No Aplica,No Aplica,No Aplica,,,,,,,,2023,Primer Trimestre,,,1371277380.0,NO APLICA,NO APLICA,NO APLICA,NO APLICA,NO APLICA,NO APLICA,NO APLICA,NO APLICA,NO APLICA,1371277380.0,0.0,0.0,0.0,,,,,,
6745526,20210901,218552585,Pupiales,1.1.01.02.202,IMPUESTO A LA PUBLICIDAD EXTERIOR VISUAL,INGRESOS,INGRESOS CORRIENTES,INGRESOS TRIBUTARIOS,IMPUESTOS INDIRECTOS,IMPUESTO A LA PUBLICIDAD EXTERIOR VISUAL,No Aplica,No Aplica,No Aplica,No Aplica,No Aplica,,,,,,,,2021,Tercer Trimestre,,,0.0,NO APLICA,1.2.1.0.00 - INGRESOS CORRIENTES DE LIBRE DESTINACION,NO,NO APLICA,NO APLICA,0,NO APLICA,NO APLICA,NO APLICA,0.0,0.0,0.0,0.0,,,,,,
6745648,20220601,218552585,Pupiales,1.1.02.06.003,PARTICIPACIONES DISTINTAS DEL SGP,INGRESOS,INGRESOS CORRIENTES,INGRESOS NO TRIBUTARIOS,TRANSFERENCIAS CORRIENTES,PARTICIPACIONES DISTINTAS DEL SGP,No Aplica,No Aplica,No Aplica,No Aplica,No Aplica,,,,,,,,2022,Segundo Trimestre,,,51598924.0,NO APLICA,NO APLICA,NO APLICA,NO APLICA,NO APLICA,NO APLICA,NO APLICA,NO APLICA,NO APLICA,0.0,51598924.0,0.0,0.0,,,,,,
6746016,20230601,218552585,Pupiales,1.2.10.02,SUPERAVIT FISCAL,INGRESOS,RECURSOS DE CAPITAL,RECURSOS DEL BALANCE,SUPERAVIT FISCAL,No Aplica,No Aplica,No Aplica,No Aplica,No Aplica,No Aplica,,,,,,,,2023,Segundo Trimestre,,,393842717.0,NO APLICA,R.B. CONTRIBUCION SOBRE CONTRATOS DE OBRA PUBLICA,NO APLICA,NO APLICA,NO APLICA,NO APLICA,PUPIALES,NO APLICA,NO APLICA,0.0,393842717.0,0.0,0.0,,,,,,
6746042,20221201,218552585,Pupiales,1.2.10.02,SUPERAVIT FISCAL,INGRESOS,RECURSOS DE CAPITAL,RECURSOS DEL BALANCE,SUPERAVIT FISCAL,No Aplica,No Aplica,No Aplica,No Aplica,No Aplica,No Aplica,,,,,,,,2022,Cuarto Trimestre,,,20346156.0,NO APLICA,RECURSOS DEL BALANCE DE DESTINACION ESPECIFICA POR ACTO ADMINISTRATIVO,NO APLICA,NO APLICA,DECRETO,NO APLICA,NO APLICA,NO APLICA,NO APLICA,0.0,0.0,0.0,20346156.0,,,,,,
6747653,20230601,218552585,Pupiales,1.1.01.01.200.01,IMPUESTO PREDIAL UNIFICADO - URBANO,INGRESOS,INGRESOS CORRIENTES,INGRESOS TRIBUTARIOS,IMPUESTOS DIRECTOS,IMPUESTO PREDIAL UNIFICADO,IMPUESTO PREDIAL UNIFICADO - URBANO,No Aplica,No Aplica,No Aplica,No Aplica,,,,,,,,2023,Segundo Trimestre,,,138583821.0,NO APLICA,INGRESOS CORRIENTES DE LIBRE DESTINACION,NO APLICA,NO APLICA,NO APLICA,NO APLICA,NO APLICA,NO APLICA,NO APLICA,0.0,138583821.0,0.0,0.0,,,,,,
6749231,20230601,218552585,Pupiales,1.1.01.02.201,IMPUESTO COMPLEMENTARIO DE AVISOS Y TABLEROS,INGRESOS,INGRESOS CORRIENTES,INGRESOS TRIBUTARIOS,IMPUESTOS INDIRECTOS,IMPUESTO COMPLEMENTARIO DE AVISOS Y TABLEROS,No Aplica,No Aplica,No Aplica,No Aplica,No Aplica,,,,,,,,2023,Segundo Trimestre,,,47000.0,NO APLICA,INGRESOS CORRIENTES DE LIBRE DESTINACION,NO APLICA,NO APLICA,NO APLICA,NO APLICA,SKYNET DE COLOMBIA S.A. E.S.P.,NO APLICA,NO APLICA,0.0,47000.0,0.0,0.0,,,,,,
6750478,20230301,218552585,Pupiales,1.2.05.02,DEPOSITOS,INGRESOS,RECURSOS DE CAPITAL,RENDIMIENTOS FINANCIEROS,DEPOSITOS,No Aplica,No Aplica,No Aplica,No Aplica,No Aplica,No Aplica,,,,,,,,2023,Primer Trimestre,,,648.0,NO APLICA,R.F. SGP - SALUD-SALUD PUBLICA,NO APLICA,NO APLICA,NO APLICA,NO APLICA,NO APLICA,NO APLICA,NO APLICA,0.0,648.0,0.0,0.0,,,,,,
6751041,20220301,218552585,Pupiales,1.1.01.02,IMPUESTOS INDIRECTOS,INGRESOS,INGRESOS CORRIENTES,INGRESOS TRIBUTARIOS,IMPUESTOS INDIRECTOS,No Aplica,No Aplica,No Aplica,No Aplica,No Aplica,No Aplica,,,,,,,,2022,Primer Trimestre,,,281315970.0,NO APLICA,NO APLICA,NO APLICA,NO APLICA,NO APLICA,NO APLICA,NO APLICA,NO APLICA,NO APLICA,0.0,281315970.0,0.0,0.0,,,,,,
6754309,20220901,218552585,Pupiales,1.1.01.02.200.01,IMPUESTO DE INDUSTRIA Y COMERCIO - SOBRE ACTIVIDADES COMERCIALES,INGRESOS,INGRESOS CORRIENTES,INGRESOS TRIBUTARIOS,IMPUESTOS INDIRECTOS,IMPUESTO DE INDUSTRIA Y COMERCIO,IMPUESTO DE INDUSTRIA Y COMERCIO - SOBRE ACTIVIDADES COMERCIALES,No Aplica,No Aplica,No Aplica,No Aplica,,,,,,,,2022,Tercer Trimestre,,,126115612.0,NO APLICA,INGRESOS CORRIENTES DE LIBRE DESTINACION,NO APLICA,NO APLICA,NO APLICA,NO APLICA,NO APLICA,NO APLICA,NO APLICA,0.0,126115612.0,0.0,0.0,,,,,,
6754591,20230901,218552585,Pupiales,1.1.02.06.001.04,ASIGNACIONES ESPECIALES,INGRESOS,INGRESOS CORRIENTES,INGRESOS NO TRIBUTARIOS,TRANSFERENCIAS CORRIENTES,SISTEMA GENERAL DE PARTICIPACIONES,ASIGNACIONES ESPECIALES,No Aplica,No Aplica,No Aplica,No Aplica,,,,,,,,2023,Tercer Trimestre,,,63126800.0,NO APLICA,NO APLICA,NO APLICA,NO APLICA,NO APLICA,NO APLICA,NO APLICA,NO APLICA,NO APLICA,0.0,63126800.0,0.0,0.0,,,,,,
6756305,20220601,218552585,Pupiales,1.1.02.03.002,INTERESES DE MORA,INGRESOS,INGRESOS CORRIENTES,INGRESOS NO TRIBUTARIOS,"MULTAS, SANCIONES E INTERESES DE MORA",INTERESES DE MORA,No Aplica,No Aplica,No Aplica,No Aplica,No Aplica,,,,,,,,2022,Segundo Trimestre,,,106000.0,NO APLICA,"OTRAS MULTAS, SANCIONES E INTERESES DE MORA CON DESTINACION ESPECIFICA LEGAL",NO APLICA,NO APLICA,NO APLICA,NO APLICA,NO APLICA,NO APLICA,NO APLICA,0.0,106000.0,0.0,0.0,,,,,,
6757092,20211201,218552585,Pupiales,1.2.10.02,SUPERAVIT FISCAL,INGRESOS,RECURSOS DE CAPITAL,RECURSOS DEL BALANCE,SUPERAVIT FISCAL,No Aplica,No Aplica,No Aplica,No Aplica,No Aplica,No Aplica,,,,,,,,2021,Cuarto Trimestre,,,8441335.0,NO APLICA,R.B. IMPUESTO AL CONSUMO DE CIGARRILLOS Y TABACO,NO APLICA,NO APLICA,NO APLICA,NO APLICA,NO APLICA,NO APLICA,NO APLICA,0.0,8441335.0,0.0,0.0,,,,,,
6757682,20211201,218552585,Pupiales,1.1.01.01.014.01,SOBRETASA AMBIENTAL - URBANO,INGRESOS,INGRESOS CORRIENTES,INGRESOS TRIBUTARIOS,IMPUESTOS DIRECTOS,SOBRETASA AMBIENTAL,SOBRETASA AMBIENTAL - URBANO,No Aplica,No Aplica,No Aplica,No Aplica,,,,,,,,2021,Cuarto Trimestre,,,63359194.0,NO APLICA,SOBRETASA - PARTICIPACION AMBIENTAL - CORPORACIONES AUTONOMAS REGIONALES,NO APLICA,NO APLICA,NO APLICA,NO APLICA,NO APLICA,NO APLICA,NO APLICA,0.0,63359194.0,0.0,0.0,,,,,,
6758748,20210901,218552585,Pupiales,1.1.02.03,"MULTAS, SANCIONES E INTERESES DE MORA",INGRESOS,INGRESOS CORRIENTES,INGRESOS NO TRIBUTARIOS,"MULTAS, SANCIONES E INTERESES DE MORA",No Aplica,No Aplica,No Aplica,No Aplica,No Aplica,No Aplica,,,,,,,,2021,Tercer Trimestre,,,41810627.0,NO APLICA,NO APLICA,NO,NO APLICA,NO APLICA,,NO APLICA,NO APLICA,NO APLICA,0.0,41810627.0,0.0,0.0,,,,,,
6761933,20230601,218552585,Pupiales,1.2.10.02,SUPERAVIT FISCAL,INGRESOS,RECURSOS DE CAPITAL,RECURSOS DEL BALANCE,SUPERAVIT FISCAL,No Aplica,No Aplica,No Aplica,No Aplica,No Aplica,No Aplica,,,,,,,,2023,Segundo Trimestre,,,59706229.0,NO APLICA,R.B. SGP-ASIGNACION ESPECIAL-PROGRAMAS DE ALIMENTACION ESCOLAR,NO APLICA,NO APLICA,NO APLICA,NO APLICA,PUPIALES,NO APLICA,NO APLICA,0.0,59706229.0,0.0,0.0,,,,,,
6762155,20211201,218552585,Pupiales,1.1.01.01.200.02,IMPUESTO PREDIAL UNIFICADO - RURAL,INGRESOS,INGRESOS CORRIENTES,INGRESOS TRIBUTARIOS,IMPUESTOS DIRECTOS,IMPUESTO PREDIAL UNIFICADO,IMPUESTO PREDIAL UNIFICADO - RURAL,No Aplica,No Aplica,No Aplica,No Aplica,,,,,,,,2021,Cuarto Trimestre,,,261643634.0,NO APLICA,INGRESOS CORRIENTES DE LIBRE DESTINACION,NO APLICA,NO APLICA,NO APLICA,NO APLICA,NO APLICA,NO APLICA,NO APLICA,0.0,261643634.0,0.0,0.0,,,,,,
6762279,20210901,218552585,Pupiales,1.2.10.02,SUPERAVIT FISCAL,INGRESOS,RECURSOS DE CAPITAL,RECURSOS DEL BALANCE,SUPERAVIT FISCAL,No Aplica,No Aplica,No Aplica,No Aplica,No Aplica,No Aplica,,,,,,,,2021,Tercer Trimestre,,,354422707.0,NO APLICA,1.3.3.6.03 - R.B. SGP - PROPOSITO GENERAL - PROPOSITO GENERAL LIBRE INVERSION,NO,NO APLICA,NO APLICA,0,DIRECCION NACIONAL DEL TESORO MINISTERIO DE HACIENDA Y CREDITO PUBLICO,NO APLICA,NO APLICA,0.0,354422707.0,0.0,0.0,,,,,,
6763415,20220601,218552585,Pupiales,1.1.02.02,TASAS Y DERECHOS ADMINISTRATIVOS,INGRESOS,INGRESOS CORRIENTES,INGRESOS NO TRIBUTARIOS,TASAS Y DERECHOS ADMINISTRATIVOS,No Aplica,No Aplica,No Aplica,No Aplica,No Aplica,No Aplica,,,,,,,,2022,Segundo Trimestre,,,55328.0,NO APLICA,NO APLICA,NO APLICA,NO APLICA,NO APLICA,NO APLICA,NO APLICA,NO APLICA,NO APLICA,0.0,55328.0,0.0,0.0,,,,,,
6764812,20230901,218552585,Pupiales,1.1.01.02.201,IMPUESTO COMPLEMENTARIO DE AVISOS Y TABLEROS,INGRESOS,INGRESOS CORRIENTES,INGRESOS TRIBUTARIOS,IMPUESTOS INDIRECTOS,IMPUESTO COMPLEMENTARIO DE AVISOS Y TABLEROS,No Aplica,No Aplica,No Aplica,No Aplica,No Aplica,,,,,,,,2023,Tercer Trimestre,,,2000.0,NO APLICA,INGRESOS CORRIENTES DE LIBRE DESTINACION,NO APLICA,NO APLICA,NO APLICA,NO APLICA,E.S.P. EMPRESA DE TELECOMUNICACIONES DE BOGOTA S.A.,NO APLICA,NO APLICA,0.0,2000.0,0.0,0.0,,,,,,
6765724,20230301,218552585,Pupiales,1.1.01.01.014.01,SOBRETASA AMBIENTAL - URBANO,INGRESOS,INGRESOS CORRIENTES,INGRESOS TRIBUTARIOS,IMPUESTOS DIRECTOS,SOBRETASA AMBIENTAL,SOBRETASA AMBIENTAL - URBANO,No Aplica,No Aplica,No Aplica,No Aplica,,,,,,,,2023,Primer Trimestre,,,1159113.0,NO APLICA,SOBRETASA - PARTICIPACION AMBIENTAL - CORPORACIONES AUTONOMAS REGIONALES,NO APLICA,NO APLICA,NO APLICA,NO APLICA,EL PEÑOL - NARIÑO,NO APLICA,NO APLICA,0.0,1159113.0,0.0,0.0,,,,,,
6765944,20210901,218552585,Pupiales,1.1.02.06.009.01.06,RECURSOS ADRES - COFINANCIACION UPC REGIMEN SUBSIDIADO,INGRESOS,INGRESOS CORRIENTES,INGRESOS NO TRIBUTARIOS,TRANSFERENCIAS CORRIENTES,RECURSOS DEL SISTEMA DE SEGURIDAD SOCIAL INTEGRAL,SISTEMA GENERAL DE SEGURIDAD SOCIAL EN SALUD,RECURSOS ADRES - COFINANCIACION UPC REGIMEN SUBSIDIADO,No Aplica,No Aplica,No Aplica,,,,,,,,2021,Tercer Trimestre,,,7671190749.0,NO APLICA,1.2.3.3.01 - PARTICIPACIONES DISTINTAS DEL SGP,NO,NO APLICA,NO APLICA,0,MINISTERIO DE SALUD Y PROTECCION SOCIAL,NO APLICA,NO APLICA,7671190749.0,0.0,0.0,0.0,,,,,,
6766862,20220901,218552585,Pupiales,1.1.01.02.300.55,ESTAMPILLA PRO CULTURA,INGRESOS,INGRESOS CORRIENTES,INGRESOS TRIBUTARIOS,IMPUESTOS INDIRECTOS,ESTAMPILLAS,ESTAMPILLA PRO CULTURA,No Aplica,No Aplica,No Aplica,No Aplica,,,,,,,,2022,Tercer Trimestre,,,125782843.0,NO APLICA,ESTAMPILLAS,NO APLICA,NO APLICA,NO APLICA,NO APLICA,NO APLICA,NO APLICA,NO APLICA,0.0,125782843.0,0.0,0.0,,,,,,
6769664,20220901,218552585,Pupiales,1.1.02.05.002.07,SERVICIOS FINANCIEROS Y SERVICIOS CONEXOS; SERVICIOS INMOBILIARIOS; Y SERVICIOS DE ARRENDAMIENTO Y LEASING,INGRESOS,INGRESOS CORRIENTES,INGRESOS NO TRIBUTARIOS,VENTA DE BIENES Y SERVICIOS,VENTAS INCIDENTALES DE ESTABLECIMIENTOS NO DE MERCADO,SERVICIOS FINANCIEROS Y SERVICIOS CONEXOS; SERVICIOS INMOBILIARIOS; Y SERVICIOS DE ARRENDAMIENTO Y LEASING,No Aplica,No Aplica,No Aplica,No Aplica,,,,,,,,2022,Tercer Trimestre,,,968120000.0,OTROS SERVICIOS DIVERSOS N C P,VENTA DE BIENES Y SERVICIOS CON DESTINACION ESPECIFICA LEGAL,NO APLICA,NO APLICA,NO APLICA,NO APLICA,NO APLICA,NO APLICA,NO APLICA,0.0,968120000.0,0.0,0.0,,,,,,
6770160,20210901,218552585,Pupiales,1.1.01.02.216,IMPUESTO DE ESPECTACULOS PUBLICOS MUNICIPAL,INGRESOS,INGRESOS CORRIENTES,INGRESOS TRIBUTARIOS,IMPUESTOS INDIRECTOS,IMPUESTO DE ESPECTACULOS PUBLICOS MUNICIPAL,No Aplica,No Aplica,No Aplica,No Aplica,No Aplica,,,,,,,,2021,Tercer Trimestre,,,0.0,NO APLICA,1.2.1.0.00 - INGRESOS CORRIENTES DE LIBRE DESTINACION,NO,NO APLICA,NO APLICA,0,NO APLICA,NO APLICA,NO APLICA,0.0,0.0,0.0,0.0,,,,,,
6771723,20211201,218552585,Pupiales,1.1.02.06.001.02.01,REGIMEN SUBSIDIADO,INGRESOS,INGRESOS CORRIENTES,INGRESOS NO TRIBUTARIOS,TRANSFERENCIAS CORRIENTES,SISTEMA GENERAL DE PARTICIPACIONES,PARTICIPACION PARA SALUD,REGIMEN SUBSIDIADO,No Aplica,No Aplica,No Aplica,,,,,,,,2021,Cuarto Trimestre,,,6468544850.0,NO APLICA,SGP-SALUD-REGIMEN SUBSIDIADO,NO APLICA,NO APLICA,NO APLICA,NO APLICA,DIRECCION NACIONAL DEL TESORO MINISTERIO DE HACIENDA Y CREDITO PUBLICO,NO APLICA,NO APLICA,6468544850.0,0.0,0.0,0.0,,,,,,
6771993,20230301,218552585,Pupiales,1.1.02.06.003,PARTICIPACIONES DISTINTAS DEL SGP,INGRESOS,INGRESOS CORRIENTES,INGRESOS NO TRIBUTARIOS,TRANSFERENCIAS CORRIENTES,PARTICIPACIONES DISTINTAS DEL SGP,No Aplica,No Aplica,No Aplica,No Aplica,No Aplica,,,,,,,,2023,Primer Trimestre,,,2438590.0,NO APLICA,NO APLICA,NO APLICA,NO APLICA,NO APLICA,NO APLICA,NO APLICA,NO APLICA,NO APLICA,0.0,2438590.0,0.0,0.0,,,,,,
6773442,20211201,218552585,Pupiales,1.1.02,INGRESOS NO TRIBUTARIOS,INGRESOS,INGRESOS CORRIENTES,INGRESOS NO TRIBUTARIOS,No Aplica,No Aplica,No Aplica,No Aplica,No Aplica,No Aplica,No Aplica,,,,,,,,2021,Cuarto Trimestre,,,22430315999.0,NO APLICA,NO APLICA,NO APLICA,NO APLICA,NO APLICA,NO APLICA,NO APLICA,NO APLICA,NO APLICA,16085115174.0,6345200825.0,0.0,0.0,,,,,,
6779241,20230601,218552585,Pupiales,1.2.10.02,SUPERAVIT FISCAL,INGRESOS,RECURSOS DE CAPITAL,RECURSOS DEL BALANCE,SUPERAVIT FISCAL,No Aplica,No Aplica,No Aplica,No Aplica,No Aplica,No Aplica,,,,,,,,2023,Segundo Trimestre,,,244922755.0,NO APLICA,RECURSOS DEL BALANCE DE LIBRE DESTINACION,NO APLICA,NO APLICA,NO APLICA,NO APLICA,PUPIALES,NO APLICA,NO APLICA,0.0,244922755.0,0.0,0.0,,,,,,
6779773,20220301,218552585,Pupiales,1.1.02.06.001.02.01,REGIMEN SUBSIDIADO,INGRESOS,INGRESOS CORRIENTES,INGRESOS NO TRIBUTARIOS,TRANSFERENCIAS CORRIENTES,SISTEMA GENERAL DE PARTICIPACIONES,PARTICIPACION PARA SALUD,REGIMEN SUBSIDIADO,No Aplica,No Aplica,No Aplica,,,,,,,,2022,Primer Trimestre,,,1626563132.0,NO APLICA,SGP-SALUD-REGIMEN SUBSIDIADO,NO APLICA,NO APLICA,NO APLICA,NO APLICA,DIRECCION NACIONAL DEL TESORO MINISTERIO DE HACIENDA Y CREDITO PUBLICO,NO APLICA,NO APLICA,1626563132.0,0.0,0.0,0.0,,,,,,
6779806,20210901,218552585,Pupiales,1.2.12.10,POR LA DEVOLUCION DE RECURSOS SGP PROPOSITO GENERAL,INGRESOS,RECURSOS DE CAPITAL,RETIROS FONPET,POR LA DEVOLUCION DE RECURSOS SGP PROPOSITO GENERAL,No Aplica,No Aplica,No Aplica,No Aplica,No Aplica,No Aplica,,,,,,,,2021,Tercer Trimestre,,,67852548.0,NO APLICA,1.2.4.3.03 - SGP-PROPOSITO GENERAL-PROPOSITO GENERAL LIBRE INVERSION,NO,NO APLICA,NO APLICA,0,DIRECCION NACIONAL DEL TESORO MINISTERIO DE HACIENDA Y CREDITO PUBLICO,NO APLICA,NO APLICA,67852548.0,0.0,0.0,0.0,,,,,,
6781095,20211201,218552585,Pupiales,1.1.02.01.005,CONTRIBUCIONES DIVERSAS,INGRESOS,INGRESOS CORRIENTES,INGRESOS NO TRIBUTARIOS,CONTRIBUCIONES,CONTRIBUCIONES DIVERSAS,No Aplica,No Aplica,No Aplica,No Aplica,No Aplica,,,,,,,,2021,Cuarto Trimestre,,,134953545.0,NO APLICA,NO APLICA,NO APLICA,NO APLICA,NO APLICA,NO APLICA,NO APLICA,NO APLICA,NO APLICA,0.0,134953545.0,0.0,0.0,,,,,,
6783499,20230301,218552585,Pupiales,1.1.01.02.212,SOBRETASA BOMBERIL,INGRESOS,INGRESOS CORRIENTES,INGRESOS TRIBUTARIOS,IMPUESTOS INDIRECTOS,SOBRETASA BOMBERIL,No Aplica,No Aplica,No Aplica,No Aplica,No Aplica,,,,,,,,2023,Primer Trimestre,,,1036855.0,NO APLICA,SOBRETASA FONDO DE SEGURIDAD,NO APLICA,NO APLICA,NO APLICA,NO APLICA,NO APLICA,NO APLICA,NO APLICA,0.0,1036855.0,0.0,0.0,,,,,,
6783686,20230301,218552585,Pupiales,1.2.05.02,DEPOSITOS,INGRESOS,RECURSOS DE CAPITAL,RENDIMIENTOS FINANCIEROS,DEPOSITOS,No Aplica,No Aplica,No Aplica,No Aplica,No Aplica,No Aplica,,,,,,,,2023,Primer Trimestre,,,166224.0,NO APLICA,R.F. DE SISTEMA GENERAL DE SEGURIDAD SOCIAL EN SALUD - FONDOS ESPECIALES DEL MINISTERIO DE SALUD Y PROTECCION SOCIAL,NO APLICA,NO APLICA,NO APLICA,NO APLICA,EL PEÑOL - NARIÑO,NO APLICA,NO APLICA,0.0,166224.0,0.0,0.0,,,,,,
6783838,20221201,218552585,Pupiales,1.1.02.06.001.03.01,DEPORTE Y RECREACION,INGRESOS,INGRESOS CORRIENTES,INGRESOS NO TRIBUTARIOS,TRANSFERENCIAS CORRIENTES,SISTEMA GENERAL DE PARTICIPACIONES,PARTICIPACION PARA PROPOSITO GENERAL,DEPORTE Y RECREACION,No Aplica,No Aplica,No Aplica,,,,,,,,2022,Cuarto Trimestre,,,95472029.0,NO APLICA,SGP-PROPOSITO GENERAL-DEPORTE Y RECREACION,NO APLICA,NO APLICA,NO APLICA,NO APLICA,DIRECCION NACIONAL DEL TESORO MINISTERIO DE HACIENDA Y CREDITO PUBLICO,NO APLICA,NO APLICA,0.0,95472029.0,0.0,0.0,,,,,,
6784477,20230601,218552585,Pupiales,1.1.01.02.200.01,IMPUESTO DE INDUSTRIA Y COMERCIO - SOBRE ACTIVIDADES COMERCIALES,INGRESOS,INGRESOS CORRIENTES,INGRESOS TRIBUTARIOS,IMPUESTOS INDIRECTOS,IMPUESTO DE INDUSTRIA Y COMERCIO,IMPUESTO DE INDUSTRIA Y COMERCIO - SOBRE ACTIVIDADES COMERCIALES,No Aplica,No Aplica,No Aplica,No Aplica,,,,,,,,2023,Segundo Trimestre,,,93000.0,NO APLICA,INGRESOS CORRIENTES DE LIBRE DESTINACION,NO APLICA,NO APLICA,NO APLICA,NO APLICA,BANCO AGRARIO DE COLOMBIA,NO APLICA,NO APLICA,0.0,93000.0,0.0,0.0,,,,,,
6786957,20210601,218552585,Pupiales,1.1.02.02,TASAS Y DERECHOS ADMINISTRATIVOS,INGRESOS,INGRESOS CORRIENTES,INGRESOS NO TRIBUTARIOS,TASAS Y DERECHOS ADMINISTRATIVOS,No Aplica,No Aplica,No Aplica,No Aplica,No Aplica,No Aplica,,,,,,,,2021,Segundo Trimestre,,,135105.0,NO APLICA,NO APLICA,NO,NO APLICA,NO APLICA,,NO APLICA,NO APLICA,NO APLICA,0.0,135105.0,0.0,0.0,,,,,,
6787113,20220301,218552585,Pupiales,1.1.02.07,PARTICIPACION Y DERECHOS POR MONOPOLIO,INGRESOS,INGRESOS CORRIENTES,INGRESOS NO TRIBUTARIOS,PARTICIPACION Y DERECHOS POR MONOPOLIO,No Aplica,No Aplica,No Aplica,No Aplica,No Aplica,No Aplica,,,,,,,,2022,Primer Trimestre,,,76659131.0,NO APLICA,NO APLICA,NO APLICA,NO APLICA,NO APLICA,NO APLICA,NO APLICA,NO APLICA,NO APLICA,58287999.0,18371132.0,0.0,0.0,,,,,,
6789786,20221201,218552585,Pupiales,1.1.02.06.001,SISTEMA GENERAL DE PARTICIPACIONES,INGRESOS,INGRESOS CORRIENTES,INGRESOS NO TRIBUTARIOS,TRANSFERENCIAS CORRIENTES,SISTEMA GENERAL DE PARTICIPACIONES,No Aplica,No Aplica,No Aplica,No Aplica,No Aplica,,,,,,,,2022,Cuarto Trimestre,,,12776523934.0,NO APLICA,NO APLICA,NO APLICA,NO APLICA,NO APLICA,NO APLICA,NO APLICA,NO APLICA,NO APLICA,7338524001.0,5437999933.0,0.0,0.0,,,,,,
6792534,20210901,218552585,Pupiales,1.1.01.01.200.01,IMPUESTO PREDIAL UNIFICADO - URBANO,INGRESOS,INGRESOS CORRIENTES,INGRESOS TRIBUTARIOS,IMPUESTOS DIRECTOS,IMPUESTO PREDIAL UNIFICADO,IMPUESTO PREDIAL UNIFICADO - URBANO,No Aplica,No Aplica,No Aplica,No Aplica,,,,,,,,2021,Tercer Trimestre,,,168067938.0,NO APLICA,1.2.1.0.00 - INGRESOS CORRIENTES DE LIBRE DESTINACION,NO,NO APLICA,NO APLICA,0,NO APLICA,NO APLICA,NO APLICA,0.0,168067938.0,0.0,0.0,,,,,,
6792908,20210901,218552585,Pupiales,1.1.02.06.009.01,SISTEMA GENERAL DE SEGURIDAD SOCIAL EN SALUD,INGRESOS,INGRESOS CORRIENTES,INGRESOS NO TRIBUTARIOS,TRANSFERENCIAS CORRIENTES,RECURSOS DEL SISTEMA DE SEGURIDAD SOCIAL INTEGRAL,SISTEMA GENERAL DE SEGURIDAD SOCIAL EN SALUD,No Aplica,No Aplica,No Aplica,No Aplica,,,,,,,,2021,Tercer Trimestre,,,7671190749.0,NO APLICA,NO APLICA,NO,NO APLICA,NO APLICA,,NO APLICA,NO APLICA,NO APLICA,7671190749.0,0.0,0.0,0.0,,,,,,
6799157,20210901,218552585,Pupiales,1.1.02.06.001.03.03,PROPOSITO GENERAL LIBRE INVERSION,INGRESOS,INGRESOS CORRIENTES,INGRESOS NO TRIBUTARIOS,TRANSFERENCIAS CORRIENTES,SISTEMA GENERAL DE PARTICIPACIONES,PARTICIPACION PARA PROPOSITO GENERAL,PROPOSITO GENERAL LIBRE INVERSION,No Aplica,No Aplica,No Aplica,,,,,,,,2021,Tercer Trimestre,,,1274648856.0,NO APLICA,1.2.4.3.03 - SGP-PROPOSITO GENERAL-PROPOSITO GENERAL LIBRE INVERSION,NO,NO APLICA,NO APLICA,0,DIRECCION NACIONAL DEL TESORO MINISTERIO DE HACIENDA Y CREDITO PUBLICO,NO APLICA,NO APLICA,0.0,1274648856.0,0.0,0.0,,,,,,
6804209,20230901,218552585,Pupiales,1.1.02.06.003.01,PARTICIPACION EN IMPUESTOS,INGRESOS,INGRESOS CORRIENTES,INGRESOS NO TRIBUTARIOS,TRANSFERENCIAS CORRIENTES,PARTICIPACIONES DISTINTAS DEL SGP,PARTICIPACION EN IMPUESTOS,No Aplica,No Aplica,No Aplica,No Aplica,,,,,,,,2023,Tercer Trimestre,,,51964934.0,NO APLICA,NO APLICA,NO APLICA,NO APLICA,NO APLICA,NO APLICA,NO APLICA,NO APLICA,NO APLICA,0.0,51964934.0,0.0,0.0,,,,,,
6807050,20220901,218552585,Pupiales,1.2.13,REINTEGROS Y OTROS RECURSOS NO APROPIADOS,INGRESOS,RECURSOS DE CAPITAL,REINTEGROS Y OTROS RECURSOS NO APROPIADOS,No Aplica,No Aplica,No Aplica,No Aplica,No Aplica,No Aplica,No Aplica,,,,,,,,2022,Tercer Trimestre,,,439950149.0,NO APLICA,NO APLICA,NO APLICA,NO APLICA,NO APLICA,NO APLICA,NO APLICA,NO APLICA,NO APLICA,0.0,0.0,0.0,439950149.0,,,,,,
6807645,20230301,218552585,Pupiales,1.1.02,INGRESOS NO TRIBUTARIOS,INGRESOS,INGRESOS CORRIENTES,INGRESOS NO TRIBUTARIOS,No Aplica,No Aplica,No Aplica,No Aplica,No Aplica,No Aplica,No Aplica,,,,,,,,2023,Primer Trimestre,,,3348374158.0,NO APLICA,NO APLICA,NO APLICA,NO APLICA,NO APLICA,NO APLICA,NO APLICA,NO APLICA,NO APLICA,2059068236.0,1289305922.0,0.0,0.0,,,,,,
6808398,20210901,218552585,Pupiales,1.1.02.02.095,PLAZA DE MERCADO,INGRESOS,INGRESOS CORRIENTES,INGRESOS NO TRIBUTARIOS,TASAS Y DERECHOS ADMINISTRATIVOS,PLAZA DE MERCADO,No Aplica,No Aplica,No Aplica,No Aplica,No Aplica,,,,,,,,2021,Tercer Trimestre,,,0.0,NO APLICA,1.2.1.0.00 - INGRESOS CORRIENTES DE LIBRE DESTINACION,NO,NO APLICA,NO APLICA,0,NO APLICA,NO APLICA,NO APLICA,0.0,0.0,0.0,0.0,,,,,,
6809814,20230301,218552585,Pupiales,1.1.01.02.201,IMPUESTO COMPLEMENTARIO DE AVISOS Y TABLEROS,INGRESOS,INGRESOS CORRIENTES,INGRESOS TRIBUTARIOS,IMPUESTOS INDIRECTOS,IMPUESTO COMPLEMENTARIO DE AVISOS Y TABLEROS,No Aplica,No Aplica,No Aplica,No Aplica,No Aplica,,,,,,,,2023,Primer Trimestre,,,1666257.0,NO APLICA,INGRESOS CORRIENTES DE LIBRE DESTINACION,NO APLICA,NO APLICA,NO APLICA,NO APLICA,NO APLICA,NO APLICA,NO APLICA,0.0,1666257.0,0.0,0.0,,,,,,
6810745,20221201,218552585,Pupiales,1.2.10.02,SUPERAVIT FISCAL,INGRESOS,RECURSOS DE CAPITAL,RECURSOS DEL BALANCE,SUPERAVIT FISCAL,No Aplica,No Aplica,No Aplica,No Aplica,No Aplica,No Aplica,,,,,,,,2022,Cuarto Trimestre,,,71189049.0,NO APLICA,R.B. MULTAS CODIGO NACIONAL DE POLICIA Y CONVIVENCIA,NO APLICA,NO APLICA,DECRETO,NO APLICA,NO APLICA,NO APLICA,NO APLICA,0.0,0.0,0.0,71189049.0,,,,,,
6813085,20210901,218552585,Pupiales,1.1.02.06.001.03.01,DEPORTE Y RECREACION,INGRESOS,INGRESOS CORRIENTES,INGRESOS NO TRIBUTARIOS,TRANSFERENCIAS CORRIENTES,SISTEMA GENERAL DE PARTICIPACIONES,PARTICIPACION PARA PROPOSITO GENERAL,DEPORTE Y RECREACION,No Aplica,No Aplica,No Aplica,,,,,,,,2021,Tercer Trimestre,,,48250696.0,NO APLICA,1.2.4.3.01 - SGP-PROPOSITO GENERAL-DEPORTE Y RECREACION,NO,NO APLICA,NO APLICA,0,DIRECCION NACIONAL DEL TESORO MINISTERIO DE HACIENDA Y CREDITO PUBLICO,NO APLICA,NO APLICA,0.0,48250696.0,0.0,0.0,,,,,,
6813669,20230601,218552585,Pupiales,1.2.10.02,SUPERAVIT FISCAL,INGRESOS,RECURSOS DE CAPITAL,RECURSOS DEL BALANCE,SUPERAVIT FISCAL,No Aplica,No Aplica,No Aplica,No Aplica,No Aplica,No Aplica,,,,,,,,2023,Segundo Trimestre,,,15087072.0,NO APLICA,R.B. SGP-SALUD-SALUD PUBLICA,NO APLICA,NO APLICA,NO APLICA,NO APLICA,PUPIALES,NO APLICA,NO APLICA,0.0,15087072.0,0.0,0.0,,,,,,
6823958,20230601,218552585,Pupiales,1.2.10.02,SUPERAVIT FISCAL,INGRESOS,RECURSOS DE CAPITAL,RECURSOS DEL BALANCE,SUPERAVIT FISCAL,No Aplica,No Aplica,No Aplica,No Aplica,No Aplica,No Aplica,,,,,,,,2023,Segundo Trimestre,,,59125468.0,NO APLICA,R.B. SGP-EDUCACION-CALIDAD  POR MATRICULA OFICIAL,NO APLICA,NO APLICA,NO APLICA,NO APLICA,PUPIALES,NO APLICA,NO APLICA,0.0,59125468.0,0.0,0.0,,,,,,
6825767,20230901,218552585,Pupiales,1.1.02.06.003.01.02,PARTICIPACION DEL IMPUESTO SOBRE VEHICULOS AUTOMOTORES,INGRESOS,INGRESOS CORRIENTES,INGRESOS NO TRIBUTARIOS,TRANSFERENCIAS CORRIENTES,PARTICIPACIONES DISTINTAS DEL SGP,PARTICIPACION EN IMPUESTOS,PARTICIPACION DEL IMPUESTO SOBRE VEHICULOS AUTOMOTORES,No Aplica,No Aplica,No Aplica,,,,,,,,2023,Tercer Trimestre,,,51964934.0,NO APLICA,INGRESOS CORRIENTES DE LIBRE DESTINACION,NO APLICA,NO APLICA,NO APLICA,NO APLICA,NO APLICA,NO APLICA,NO APLICA,0.0,51964934.0,0.0,0.0,,,,,,
6826440,20221201,218552585,Pupiales,1.1.02.01.005,CONTRIBUCIONES DIVERSAS,INGRESOS,INGRESOS CORRIENTES,INGRESOS NO TRIBUTARIOS,CONTRIBUCIONES,CONTRIBUCIONES DIVERSAS,No Aplica,No Aplica,No Aplica,No Aplica,No Aplica,,,,,,,,2022,Cuarto Trimestre,,,322358645.0,NO APLICA,NO APLICA,NO APLICA,NO APLICA,NO APLICA,NO APLICA,NO APLICA,NO APLICA,NO APLICA,0.0,322358645.0,0.0,0.0,,,,,,
6828723,20230601,218552585,Pupiales,1.1.02.06.001.02.01,REGIMEN SUBSIDIADO,INGRESOS,INGRESOS CORRIENTES,INGRESOS NO TRIBUTARIOS,TRANSFERENCIAS CORRIENTES,SISTEMA GENERAL DE PARTICIPACIONES,PARTICIPACION PARA SALUD,REGIMEN SUBSIDIADO,No Aplica,No Aplica,No Aplica,,,,,,,,2023,Segundo Trimestre,,,3519661590.0,NO APLICA,SGP-SALUD-REGIMEN SUBSIDIADO,NO APLICA,NO APLICA,NO APLICA,NO APLICA,MINISTERIO DE SALUD Y PROTECCION SOCIAL,NO APLICA,NO APLICA,0.0,3519661590.0,0.0,0.0,,,,,,
6829366,20230301,218552585,Pupiales,1.1.01.02.212,SOBRETASA BOMBERIL,INGRESOS,INGRESOS CORRIENTES,INGRESOS TRIBUTARIOS,IMPUESTOS INDIRECTOS,SOBRETASA BOMBERIL,No Aplica,No Aplica,No Aplica,No Aplica,No Aplica,,,,,,,,2023,Primer Trimestre,,,1347000.0,NO APLICA,SOBRETASA FONDO DE SEGURIDAD,NO APLICA,NO APLICA,NO APLICA,NO APLICA,E.S.P. CENTRALES ELECTRICAS DE NARIÑO S.A.,NO APLICA,NO APLICA,0.0,1347000.0,0.0,0.0,,,,,,
6833001,20210301,218552585,Pupiales,1.1.02.06.006.06,OTRAS UNIDADES DE GOBIERNO,INGRESOS,INGRESOS CORRIENTES,INGRESOS NO TRIBUTARIOS,TRANSFERENCIAS CORRIENTES,TRANSFERENCIAS DE OTRAS ENTIDADES DEL GOBIERNO GENERAL,OTRAS UNIDADES DE GOBIERNO,No Aplica,No Aplica,No Aplica,No Aplica,,,,,,,,2021,Primer Trimestre,,,118044133.0,NO APLICA,1.2.3.3.04 - OTRAS TRANSFERENCIAS CORRIENTES DE OTRAS ENTIDADES DEL GOBIERNO GENERAL,NO,NO APLICA,NO APLICA,0,DEPARTAMENTO DE NARIÑO,NO APLICA,NO APLICA,0.0,118044133.0,0.0,0.0,,,,,,
6833525,20230301,218552585,Pupiales,1.2.05.02,DEPOSITOS,INGRESOS,RECURSOS DE CAPITAL,RENDIMIENTOS FINANCIEROS,DEPOSITOS,No Aplica,No Aplica,No Aplica,No Aplica,No Aplica,No Aplica,,,,,,,,2023,Primer Trimestre,,,420.0,NO APLICA,R.F. DISTINTOS AL SGP,NO APLICA,NO APLICA,NO APLICA,NO APLICA,NO APLICA,NO APLICA,NO APLICA,0.0,420.0,0.0,0.0,,,,,,
6834390,20230601,218552585,Pupiales,1.1.02.05.002.09,"SERVICIOS PARA LA COMUNIDAD, SOCIALES Y PERSONALES",INGRESOS,INGRESOS CORRIENTES,INGRESOS NO TRIBUTARIOS,VENTA DE BIENES Y SERVICIOS,VENTAS INCIDENTALES DE ESTABLECIMIENTOS NO DE MERCADO,"SERVICIOS PARA LA COMUNIDAD, SOCIALES Y PERSONALES",No Aplica,No Aplica,No Aplica,No Aplica,,,,,,,,2023,Segundo Trimestre,,,740000.0,OTROS SERVICIOS DE LA ADMINISTRACION PUBLICA N C P,INGRESOS CORRIENTES DE LIBRE DESTINACION,NO APLICA,NO APLICA,NO APLICA,NO APLICA,PUPIALES,NO APLICA,NO APLICA,0.0,740000.0,0.0,0.0,,,,,,
6837135,20221201,218552585,Pupiales,1.1.02.03.001.20,MULTAS CODIGO NACIONAL DE SEGURIDAD Y CONVIVENCIA CIUDADANA,INGRESOS,INGRESOS CORRIENTES,INGRESOS NO TRIBUTARIOS,"MULTAS, SANCIONES E INTERESES DE MORA",MULTAS Y SANCIONES,MULTAS CODIGO NACIONAL DE SEGURIDAD Y CONVIVENCIA CIUDADANA,No Aplica,No Aplica,No Aplica,No Aplica,,,,,,,,2022,Cuarto Trimestre,,,15761315.0,NO APLICA,NO APLICA,NO APLICA,NO APLICA,NO APLICA,NO APLICA,NO APLICA,NO APLICA,NO APLICA,0.0,15761315.0,0.0,0.0,,,,,,
6838382,20211201,218552585,Pupiales,1.1.02.02,TASAS Y DERECHOS ADMINISTRATIVOS,INGRESOS,INGRESOS CORRIENTES,INGRESOS NO TRIBUTARIOS,TASAS Y DERECHOS ADMINISTRATIVOS,No Aplica,No Aplica,No Aplica,No Aplica,No Aplica,No Aplica,,,,,,,,2021,Cuarto Trimestre,,,460202.0,NO APLICA,NO APLICA,NO APLICA,NO APLICA,NO APLICA,NO APLICA,NO APLICA,NO APLICA,NO APLICA,0.0,460202.0,0.0,0.0,,,,,,
6847068,20211201,218552585,Pupiales,1.1.02.01,CONTRIBUCIONES,INGRESOS,INGRESOS CORRIENTES,INGRESOS NO TRIBUTARIOS,CONTRIBUCIONES,No Aplica,No Aplica,No Aplica,No Aplica,No Aplica,No Aplica,,,,,,,,2021,Cuarto Trimestre,,,134953545.0,NO APLICA,NO APLICA,NO APLICA,NO APLICA,NO APLICA,NO APLICA,NO APLICA,NO APLICA,NO APLICA,0.0,134953545.0,0.0,0.0,,,,,,
6847228,20230901,218552585,Pupiales,1.1.02.06.001.03.01,DEPORTE Y RECREACION,INGRESOS,INGRESOS CORRIENTES,INGRESOS NO TRIBUTARIOS,TRANSFERENCIAS CORRIENTES,SISTEMA GENERAL DE PARTICIPACIONES,PARTICIPACION PARA PROPOSITO GENERAL,DEPORTE Y RECREACION,No Aplica,No Aplica,No Aplica,,,,,,,,2023,Tercer Trimestre,,,74842759.0,NO APLICA,SGP-PROPOSITO GENERAL-DEPORTE Y RECREACION,NO APLICA,NO APLICA,NO APLICA,NO APLICA,NO APLICA,NO APLICA,NO APLICA,0.0,74842759.0,0.0,0.0,,,,,,
6849577,20221201,218552585,Pupiales,1.2.05,RENDIMIENTOS FINANCIEROS,INGRESOS,RECURSOS DE CAPITAL,RENDIMIENTOS FINANCIEROS,No Aplica,No Aplica,No Aplica,No Aplica,No Aplica,No Aplica,No Aplica,,,,,,,,2022,Cuarto Trimestre,,,3587204.0,NO APLICA,NO APLICA,NO APLICA,NO APLICA,NO APLICA,NO APLICA,NO APLICA,NO APLICA,NO APLICA,0.0,3587204.0,0.0,0.0,,,,,,
6850397,20211201,218552585,Pupiales,1.1.01.02.200.01,IMPUESTO DE INDUSTRIA Y COMERCIO - SOBRE ACTIVIDADES COMERCIALES,INGRESOS,INGRESOS CORRIENTES,INGRESOS TRIBUTARIOS,IMPUESTOS INDIRECTOS,IMPUESTO DE INDUSTRIA Y COMERCIO,IMPUESTO DE INDUSTRIA Y COMERCIO - SOBRE ACTIVIDADES COMERCIALES,No Aplica,No Aplica,No Aplica,No Aplica,,,,,,,,2021,Cuarto Trimestre,,,292919054.0,NO APLICA,INGRESOS CORRIENTES DE LIBRE DESTINACION,NO APLICA,NO APLICA,NO APLICA,NO APLICA,NO APLICA,NO APLICA,NO APLICA,0.0,292919054.0,0.0,0.0,,,,,,
6854860,20211201,218552585,Pupiales,1.2.08.06,DE OTRAS ENTIDADES DEL GOBIERNO GENERAL,INGRESOS,RECURSOS DE CAPITAL,TRANSFERENCIAS DE CAPITAL,DE OTRAS ENTIDADES DEL GOBIERNO GENERAL,No Aplica,No Aplica,No Aplica,No Aplica,No Aplica,No Aplica,,,,,,,,2021,Cuarto Trimestre,,,765346212.0,NO APLICA,NO APLICA,NO APLICA,NO APLICA,NO APLICA,NO APLICA,NO APLICA,NO APLICA,NO APLICA,0.0,765346212.0,0.0,0.0,,,,,,
6855327,20210601,218552585,Pupiales,1.1.02.05.002.09,"SERVICIOS PARA LA COMUNIDAD, SOCIALES Y PERSONALES",INGRESOS,INGRESOS CORRIENTES,INGRESOS NO TRIBUTARIOS,VENTA DE BIENES Y SERVICIOS,VENTAS INCIDENTALES DE ESTABLECIMIENTOS NO DE MERCADO,"SERVICIOS PARA LA COMUNIDAD, SOCIALES Y PERSONALES",No Aplica,No Aplica,No Aplica,No Aplica,,,,,,,,2021,Segundo Trimestre,,,15130242.0,"91114 - SERVICIOS DE PLANIFICACIÓN ECONÓMICA, SOCIAL Y ESTADÍSTICA DE LA ADMINISTRACIÓN PUBLICA",1.2.3.2.09 - VENTA DE BIENES Y SERVICIOS,NO,NO APLICA,NO APLICA,0,NO APLICA,NO APLICA,NO APLICA,0.0,15130242.0,0.0,0.0,,,,,,
6857701,20210301,218552585,Pupiales,1.1.01.02.201,IMPUESTO COMPLEMENTARIO DE AVISOS Y TABLEROS,INGRESOS,INGRESOS CORRIENTES,INGRESOS TRIBUTARIOS,IMPUESTOS INDIRECTOS,IMPUESTO COMPLEMENTARIO DE AVISOS Y TABLEROS,No Aplica,No Aplica,No Aplica,No Aplica,No Aplica,,,,,,,,2021,Primer Trimestre,,,8886107.0,NO APLICA,1.2.1.0.00 - INGRESOS CORRIENTES DE LIBRE DESTINACION,NO,NO APLICA,NO APLICA,0,NO APLICA,NO APLICA,NO APLICA,0.0,8886107.0,0.0,0.0,,,,,,
6857944,20210301,218552585,Pupiales,1.1.02.07.001.05,DERECHOS POR LA EXPLOTACION JUEGOS DE SUERTE Y AZAR DE RIFAS,INGRESOS,INGRESOS CORRIENTES,INGRESOS NO TRIBUTARIOS,PARTICIPACION Y DERECHOS POR MONOPOLIO,DERECHOS POR LA EXPLOTACION JUEGOS DE SUERTE Y AZAR,DERECHOS POR LA EXPLOTACION JUEGOS DE SUERTE Y AZAR DE RIFAS,No Aplica,No Aplica,No Aplica,No Aplica,,,,,,,,2021,Primer Trimestre,,,31418009.0,NO APLICA,1.2.3.2.10 - DERECHOS POR LA EXPLOTACION JUEGOS DE SUERTE Y AZAR,NO,NO APLICA,NO APLICA,0,DIRECCION NACIONAL DEL TESORO MINISTERIO DE HACIENDA Y CREDITO PUBLICO,NO APLICA,NO APLICA,0.0,31418009.0,0.0,0.0,,,,,,
6858359,20220601,218552585,Pupiales,1.1.02.01,CONTRIBUCIONES,INGRESOS,INGRESOS CORRIENTES,INGRESOS NO TRIBUTARIOS,CONTRIBUCIONES,No Aplica,No Aplica,No Aplica,No Aplica,No Aplica,No Aplica,,,,,,,,2022,Segundo Trimestre,,,75837900.0,NO APLICA,NO APLICA,NO APLICA,NO APLICA,NO APLICA,NO APLICA,NO APLICA,NO APLICA,NO APLICA,0.0,75837900.0,0.0,0.0,,,,,,
6861403,20210601,218552585,Pupiales,1.1.02.06.009.01.06,RECURSOS ADRES - COFINANCIACION UPC REGIMEN SUBSIDIADO,INGRESOS,INGRESOS CORRIENTES,INGRESOS NO TRIBUTARIOS,TRANSFERENCIAS CORRIENTES,RECURSOS DEL SISTEMA DE SEGURIDAD SOCIAL INTEGRAL,SISTEMA GENERAL DE SEGURIDAD SOCIAL EN SALUD,RECURSOS ADRES - COFINANCIACION UPC REGIMEN SUBSIDIADO,No Aplica,No Aplica,No Aplica,,,,,,,,2021,Segundo Trimestre,,,4601557972.0,NO APLICA,1.2.3.3.01 - PARTICIPACIONES DISTINTAS DEL SGP,NO,NO APLICA,NO APLICA,0,MINISTERIO DE SALUD Y PROTECCION SOCIAL,NO APLICA,NO APLICA,4601557972.0,0.0,0.0,0.0,,,,,,
6861991,20220901,218552585,Pupiales,1.1.01.01.014.01,SOBRETASA AMBIENTAL - URBANO,INGRESOS,INGRESOS CORRIENTES,INGRESOS TRIBUTARIOS,IMPUESTOS DIRECTOS,SOBRETASA AMBIENTAL,SOBRETASA AMBIENTAL - URBANO,No Aplica,No Aplica,No Aplica,No Aplica,,,,,,,,2022,Tercer Trimestre,,,29353970.0,NO APLICA,SOBRETASA - PARTICIPACION AMBIENTAL - CORPORACIONES AUTONOMAS REGIONALES,NO APLICA,NO APLICA,NO APLICA,NO APLICA,NO APLICA,NO APLICA,NO APLICA,0.0,29353970.0,0.0,0.0,,,,,,
6863061,20220901,218552585,Pupiales,1.2,RECURSOS DE CAPITAL,INGRESOS,RECURSOS DE CAPITAL,No Aplica,No Aplica,No Aplica,No Aplica,No Aplica,No Aplica,No Aplica,No Aplica,,,,,,,,2022,Tercer Trimestre,,,1712558052.0,NO APLICA,NO APLICA,NO APLICA,NO APLICA,NO APLICA,NO APLICA,NO APLICA,NO APLICA,NO APLICA,88614147.0,2028111.0,0.0,1621915794.0,,,,,,
6868424,20210601,218552585,Pupiales,1.1.02,INGRESOS NO TRIBUTARIOS,INGRESOS,INGRESOS CORRIENTES,INGRESOS NO TRIBUTARIOS,No Aplica,No Aplica,No Aplica,No Aplica,No Aplica,No Aplica,No Aplica,,,,,,,,2021,Segundo Trimestre,,,10675909846.0,NO APLICA,NO APLICA,NO,NO APLICA,NO APLICA,,NO APLICA,NO APLICA,NO APLICA,7952967489.0,2722942357.0,0.0,0.0,,,,,,
6870672,20210601,218552585,Pupiales,1.1.02.05,VENTA DE BIENES Y SERVICIOS,INGRESOS,INGRESOS CORRIENTES,INGRESOS NO TRIBUTARIOS,VENTA DE BIENES Y SERVICIOS,No Aplica,No Aplica,No Aplica,No Aplica,No Aplica,No Aplica,,,,,,,,2021,Segundo Trimestre,,,23185950.0,NO APLICA,NO APLICA,NO,NO APLICA,NO APLICA,,NO APLICA,NO APLICA,NO APLICA,0.0,23185950.0,0.0,0.0,,,,,,
6871634,20211201,218552585,Pupiales,1.2.07,RECURSOS DE CREDITO INTERNO,INGRESOS,RECURSOS DE CAPITAL,RECURSOS DE CREDITO INTERNO,No Aplica,No Aplica,No Aplica,No Aplica,No Aplica,No Aplica,No Aplica,,,,,,,,2021,Cuarto Trimestre,,,1889000000.0,NO APLICA,NO APLICA,NO APLICA,NO APLICA,NO APLICA,NO APLICA,NO APLICA,NO APLICA,NO APLICA,0.0,1889000000.0,0.0,0.0,,,,,,
6875471,20211201,218552585,Pupiales,1.2.10.02,SUPERAVIT FISCAL,INGRESOS,RECURSOS DE CAPITAL,RECURSOS DEL BALANCE,SUPERAVIT FISCAL,No Aplica,No Aplica,No Aplica,No Aplica,No Aplica,No Aplica,,,,,,,,2021,Cuarto Trimestre,,,202159675.0,NO APLICA,RECURSOS DEL BALANCE DE LIBRE DESTINACION,NO APLICA,NO APLICA,NO APLICA,NO APLICA,NO APLICA,NO APLICA,NO APLICA,0.0,202159675.0,0.0,0.0,,,,,,
6876281,20230301,218552585,Pupiales,1.1.02.06.001,SISTEMA GENERAL DE PARTICIPACIONES,INGRESOS,INGRESOS CORRIENTES,INGRESOS NO TRIBUTARIOS,TRANSFERENCIAS CORRIENTES,SISTEMA GENERAL DE PARTICIPACIONES,No Aplica,No Aplica,No Aplica,No Aplica,No Aplica,,,,,,,,2023,Primer Trimestre,,,1471721915.0,NO APLICA,NO APLICA,NO APLICA,NO APLICA,NO APLICA,NO APLICA,NO APLICA,NO APLICA,NO APLICA,687790856.0,783931059.0,0.0,0.0,,,,,,
6881591,20230901,218552585,Pupiales,1.1.01.02.300.01,ESTAMPILLA PARA EL BIENESTAR DEL ADULTO MAYOR,INGRESOS,INGRESOS CORRIENTES,INGRESOS TRIBUTARIOS,IMPUESTOS INDIRECTOS,ESTAMPILLAS,ESTAMPILLA PARA EL BIENESTAR DEL ADULTO MAYOR,No Aplica,No Aplica,No Aplica,No Aplica,,,,,,,,2023,Tercer Trimestre,,,63138266.0,NO APLICA,ESTAMPILLAS,NO APLICA,NO APLICA,NO APLICA,NO APLICA,NO APLICA,NO APLICA,NO APLICA,0.0,63138266.0,0.0,0.0,,,,,,
6882569,20230601,218552585,Pupiales,1.2.10.02,SUPERAVIT FISCAL,INGRESOS,RECURSOS DE CAPITAL,RECURSOS DEL BALANCE,SUPERAVIT FISCAL,No Aplica,No Aplica,No Aplica,No Aplica,No Aplica,No Aplica,,,,,,,,2023,Segundo Trimestre,,,96553108.0,NO APLICA,R.B. SGP-AGUA POTABLE Y SANEAMIENTO BASICO,NO APLICA,NO APLICA,NO APLICA,NO APLICA,PUPIALES,NO APLICA,NO APLICA,0.0,96553108.0,0.0,0.0,,,,,,
6883449,20220901,218552585,Pupiales,1.2.13.02,RECURSOS NO APROPIADOS,INGRESOS,RECURSOS DE CAPITAL,REINTEGROS Y OTROS RECURSOS NO APROPIADOS,RECURSOS NO APROPIADOS,No Aplica,No Aplica,No Aplica,No Aplica,No Aplica,No Aplica,,,,,,,,2022,Tercer Trimestre,,,439950149.0,NO APLICA,RECURSOS DEL BALANCE DE DESTINACION ESPECIFICA POR ACTO ADMINISTRATIVO,NO APLICA,NO APLICA,ACUERDO,NO APLICA,NO APLICA,NO APLICA,NO APLICA,0.0,0.0,0.0,439950149.0,,,,,,
6884842,20210601,218552585,Pupiales,1.1.02.03.001,MULTAS Y SANCIONES,INGRESOS,INGRESOS CORRIENTES,INGRESOS NO TRIBUTARIOS,"MULTAS, SANCIONES E INTERESES DE MORA",MULTAS Y SANCIONES,No Aplica,No Aplica,No Aplica,No Aplica,No Aplica,,,,,,,,2021,Segundo Trimestre,,,31946009.0,NO APLICA,NO APLICA,NO,NO APLICA,NO APLICA,,NO APLICA,NO APLICA,NO APLICA,0.0,31946009.0,0.0,0.0,,,,,,
6885996,20220301,218552585,Pupiales,1.1.02.03.001.20.01,MULTAS CODIGO NACIONAL DE SEGURIDAD Y CONVIVENCIA CIUDADANA - MULTAS GENERALES,INGRESOS,INGRESOS CORRIENTES,INGRESOS NO TRIBUTARIOS,"MULTAS, SANCIONES E INTERESES DE MORA",MULTAS Y SANCIONES,MULTAS CODIGO NACIONAL DE SEGURIDAD Y CONVIVENCIA CIUDADANA,MULTAS CODIGO NACIONAL DE SEGURIDAD Y CONVIVENCIA CIUDADANA - MULTAS GENERALES,No Aplica,No Aplica,No Aplica,,,,,,,,2022,Primer Trimestre,,,1743582.0,NO APLICA,MULTAS CODIGO NACIONAL DE POLICIA Y CONVIVENCIA,NO APLICA,NO APLICA,NO APLICA,NO APLICA,NO APLICA,NO APLICA,NO APLICA,0.0,1743582.0,0.0,0.0,,,,,,
6886717,20221201,218552585,Pupiales,1.1,INGRESOS CORRIENTES,INGRESOS,INGRESOS CORRIENTES,No Aplica,No Aplica,No Aplica,No Aplica,No Aplica,No Aplica,No Aplica,No Aplica,,,,,,,,2022,Cuarto Trimestre,,,27900478270.0,NO APLICA,NO APLICA,NO APLICA,NO APLICA,NO APLICA,NO APLICA,NO APLICA,NO APLICA,NO APLICA,18961441806.0,8939036464.0,0.0,0.0,,,,,,
6886779,20210601,218552585,Pupiales,1.1.02.06.001.02.01,REGIMEN SUBSIDIADO,INGRESOS,INGRESOS CORRIENTES,INGRESOS NO TRIBUTARIOS,TRANSFERENCIAS CORRIENTES,SISTEMA GENERAL DE PARTICIPACIONES,PARTICIPACION PARA SALUD,REGIMEN SUBSIDIADO,No Aplica,No Aplica,No Aplica,,,,,,,,2021,Segundo Trimestre,,,3246843594.0,NO APLICA,1.2.4.2.01 - SGP-SALUD-REGIMEN SUBSIDIADO,NO,NO APLICA,NO APLICA,0,DIRECCION NACIONAL DEL TESORO MINISTERIO DE HACIENDA Y CREDITO PUBLICO,NO APLICA,NO APLICA,3246843594.0,0.0,0.0,0.0,,,,,,
6888252,20220901,218552585,Pupiales,1.1.02.06.003.01.02,PARTICIPACION DEL IMPUESTO SOBRE VEHICULOS AUTOMOTORES,INGRESOS,INGRESOS CORRIENTES,INGRESOS NO TRIBUTARIOS,TRANSFERENCIAS CORRIENTES,PARTICIPACIONES DISTINTAS DEL SGP,PARTICIPACION EN IMPUESTOS,PARTICIPACION DEL IMPUESTO SOBRE VEHICULOS AUTOMOTORES,No Aplica,No Aplica,No Aplica,,,,,,,,2022,Tercer Trimestre,,,62342254.0,NO APLICA,IMPUESTO SOBRE VEHICULOS AUTOMOTORES CON DESTINACION ESPECIFICA LEGAL,NO APLICA,NO APLICA,NO APLICA,NO APLICA,DEPARTAMENTO DE NARIÑO,NO APLICA,NO APLICA,0.0,62342254.0,0.0,0.0,,,,,,
6889516,20221201,218552585,Pupiales,1.1.01.01.200.02,IMPUESTO PREDIAL UNIFICADO - RURAL,INGRESOS,INGRESOS CORRIENTES,INGRESOS TRIBUTARIOS,IMPUESTOS DIRECTOS,IMPUESTO PREDIAL UNIFICADO,IMPUESTO PREDIAL UNIFICADO - RURAL,No Aplica,No Aplica,No Aplica,No Aplica,,,,,,,,2022,Cuarto Trimestre,,,217371229.0,NO APLICA,INGRESOS CORRIENTES DE LIBRE DESTINACION,NO APLICA,NO APLICA,NO APLICA,NO APLICA,NO APLICA,NO APLICA,NO APLICA,0.0,217371229.0,0.0,0.0,,,,,,
6890368,20230901,218552585,Pupiales,1.1.02.06.001.05,AGUA POTABLE Y SANEAMIENTO BASICO,INGRESOS,INGRESOS CORRIENTES,INGRESOS NO TRIBUTARIOS,TRANSFERENCIAS CORRIENTES,SISTEMA GENERAL DE PARTICIPACIONES,AGUA POTABLE Y SANEAMIENTO BASICO,No Aplica,No Aplica,No Aplica,No Aplica,,,,,,,,2023,Tercer Trimestre,,,851084224.0,NO APLICA,SGP-AGUA POTABLE Y SANEAMIENTO BASICO,NO APLICA,NO APLICA,NO APLICA,NO APLICA,"MINISTERIO DE VIVIENDA, CIUDAD Y TERRITORIO",NO APLICA,NO APLICA,0.0,851084224.0,0.0,0.0,,,,,,
6891003,20220301,218552585,Pupiales,1.1.02.06.003.01,PARTICIPACION EN IMPUESTOS,INGRESOS,INGRESOS CORRIENTES,INGRESOS NO TRIBUTARIOS,TRANSFERENCIAS CORRIENTES,PARTICIPACIONES DISTINTAS DEL SGP,PARTICIPACION EN IMPUESTOS,No Aplica,No Aplica,No Aplica,No Aplica,,,,,,,,2022,Primer Trimestre,,,19441737.0,NO APLICA,NO APLICA,NO APLICA,NO APLICA,NO APLICA,NO APLICA,NO APLICA,NO APLICA,NO APLICA,0.0,19441737.0,0.0,0.0,,,,,,
6891349,20220601,218552585,Pupiales,1.1.02.02.087,TASAS POR EL DERECHO DE PARQUEO SOBRE LAS VIAS PUBLICAS,INGRESOS,INGRESOS CORRIENTES,INGRESOS NO TRIBUTARIOS,TASAS Y DERECHOS ADMINISTRATIVOS,TASAS POR EL DERECHO DE PARQUEO SOBRE LAS VIAS PUBLICAS,No Aplica,No Aplica,No Aplica,No Aplica,No Aplica,,,,,,,,2022,Segundo Trimestre,,,55328.0,NO APLICA,OTRAS TASAS Y DERECHOS ADMINISTRATIVOS CON DESTINACION ESPECIFICA LEGAL,NO APLICA,NO APLICA,NO APLICA,NO APLICA,NO APLICA,NO APLICA,NO APLICA,0.0,55328.0,0.0,0.0,,,,,,
6894461,20210901,218552585,Pupiales,1.2.12,RETIROS FONPET,INGRESOS,RECURSOS DE CAPITAL,RETIROS FONPET,No Aplica,No Aplica,No Aplica,No Aplica,No Aplica,No Aplica,No Aplica,,,,,,,,2021,Tercer Trimestre,,,67852548.0,NO APLICA,NO APLICA,NO,NO APLICA,NO APLICA,,NO APLICA,NO APLICA,NO APLICA,67852548.0,0.0,0.0,0.0,,,,,,
6898268,20230301,218552585,Pupiales,1.1.01.02.216,IMPUESTO DE ESPECTACULOS PUBLICOS MUNICIPAL,INGRESOS,INGRESOS CORRIENTES,INGRESOS TRIBUTARIOS,IMPUESTOS INDIRECTOS,IMPUESTO DE ESPECTACULOS PUBLICOS MUNICIPAL,No Aplica,No Aplica,No Aplica,No Aplica,No Aplica,,,,,,,,2023,Primer Trimestre,,,120000.0,NO APLICA,INGRESOS CORRIENTES DE LIBRE DESTINACION,NO APLICA,NO APLICA,NO APLICA,NO APLICA,EL PEÑOL - NARIÑO,NO APLICA,NO APLICA,0.0,120000.0,0.0,0.0,,,,,,
6899115,20220601,218552585,Pupiales,1.1.01.02.212,SOBRETASA BOMBERIL,INGRESOS,INGRESOS CORRIENTES,INGRESOS TRIBUTARIOS,IMPUESTOS INDIRECTOS,SOBRETASA BOMBERIL,No Aplica,No Aplica,No Aplica,No Aplica,No Aplica,,,,,,,,2022,Segundo Trimestre,,,10856838.0,NO APLICA,SOBRETASA BOMBERIL,NO APLICA,NO APLICA,NO APLICA,NO APLICA,NO APLICA,NO APLICA,NO APLICA,0.0,10856838.0,0.0,0.0,,,,,,
6901057,20210301,218552585,Pupiales,1.1.02.06.001.03.01,DEPORTE Y RECREACION,INGRESOS,INGRESOS CORRIENTES,INGRESOS NO TRIBUTARIOS,TRANSFERENCIAS CORRIENTES,SISTEMA GENERAL DE PARTICIPACIONES,PARTICIPACION PARA PROPOSITO GENERAL,DEPORTE Y RECREACION,No Aplica,No Aplica,No Aplica,,,,,,,,2021,Primer Trimestre,,,12062674.0,NO APLICA,1.2.4.3.01 - SGP-PROPOSITO GENERAL-DEPORTE Y RECREACION,NO,NO APLICA,NO APLICA,0,DIRECCION NACIONAL DEL TESORO MINISTERIO DE HACIENDA Y CREDITO PUBLICO,NO APLICA,NO APLICA,0.0,12062674.0,0.0,0.0,,,,,,
6904375,20230301,218552585,Pupiales,1.1.02.01.005,CONTRIBUCIONES DIVERSAS,INGRESOS,INGRESOS CORRIENTES,INGRESOS NO TRIBUTARIOS,CONTRIBUCIONES,CONTRIBUCIONES DIVERSAS,No Aplica,No Aplica,No Aplica,No Aplica,No Aplica,,,,,,,,2023,Primer Trimestre,,,107426486.0,NO APLICA,NO APLICA,NO APLICA,NO APLICA,NO APLICA,NO APLICA,NO APLICA,NO APLICA,NO APLICA,0.0,107426486.0,0.0,0.0,,,,,,
6905216,20210901,218552585,Pupiales,1.1.01.02.109,SOBRETASA A LA GASOLINA,INGRESOS,INGRESOS CORRIENTES,INGRESOS TRIBUTARIOS,IMPUESTOS INDIRECTOS,SOBRETASA A LA GASOLINA,No Aplica,No Aplica,No Aplica,No Aplica,No Aplica,,,,,,,,2021,Tercer Trimestre,,,257486000.0,NO APLICA,1.2.1.0.00 - INGRESOS CORRIENTES DE LIBRE DESTINACION,NO,NO APLICA,NO APLICA,0,NO APLICA,NO APLICA,NO APLICA,0.0,257486000.0,0.0,0.0,,,,,,
6905586,20230601,218552585,Pupiales,1.1.02.02,TASAS Y DERECHOS ADMINISTRATIVOS,INGRESOS,INGRESOS CORRIENTES,INGRESOS NO TRIBUTARIOS,TASAS Y DERECHOS ADMINISTRATIVOS,No Aplica,No Aplica,No Aplica,No Aplica,No Aplica,No Aplica,,,,,,,,2023,Segundo Trimestre,,,1308000.0,NO APLICA,NO APLICA,NO APLICA,NO APLICA,NO APLICA,NO APLICA,NO APLICA,NO APLICA,NO APLICA,0.0,1308000.0,0.0,0.0,,,,,,
6908959,20230601,218552585,Pupiales,1.1.02.06.003.01,PARTICIPACION EN IMPUESTOS,INGRESOS,INGRESOS CORRIENTES,INGRESOS NO TRIBUTARIOS,TRANSFERENCIAS CORRIENTES,PARTICIPACIONES DISTINTAS DEL SGP,PARTICIPACION EN IMPUESTOS,No Aplica,No Aplica,No Aplica,No Aplica,,,,,,,,2023,Segundo Trimestre,,,35188253.0,NO APLICA,NO APLICA,NO APLICA,NO APLICA,NO APLICA,NO APLICA,NO APLICA,NO APLICA,NO APLICA,0.0,35188253.0,0.0,0.0,,,,,,
6909100,20210901,218552585,Pupiales,1.2.10,RECURSOS DEL BALANCE,INGRESOS,RECURSOS DE CAPITAL,RECURSOS DEL BALANCE,No Aplica,No Aplica,No Aplica,No Aplica,No Aplica,No Aplica,No Aplica,,,,,,,,2021,Tercer Trimestre,,,870592846.0,NO APLICA,NO APLICA,NO,NO APLICA,NO APLICA,,NO APLICA,NO APLICA,NO APLICA,0.0,870592846.0,0.0,0.0,,,,,,
6914300,20211201,218552585,Pupiales,1.2.10.02,SUPERAVIT FISCAL,INGRESOS,RECURSOS DE CAPITAL,RECURSOS DEL BALANCE,SUPERAVIT FISCAL,No Aplica,No Aplica,No Aplica,No Aplica,No Aplica,No Aplica,,,,,,,,2021,Cuarto Trimestre,,,94365490.0,NO APLICA,R.B. RETIROS FONPET,NO APLICA,NO APLICA,NO APLICA,NO APLICA,NO APLICA,NO APLICA,NO APLICA,0.0,94365490.0,0.0,0.0,,,,,,
6914467,20220301,218552585,Pupiales,1.1.02.06.009.01.06,RECURSOS ADRES - COFINANCIACION UPC REGIMEN SUBSIDIADO,INGRESOS,INGRESOS CORRIENTES,INGRESOS NO TRIBUTARIOS,TRANSFERENCIAS CORRIENTES,RECURSOS DEL SISTEMA DE SEGURIDAD SOCIAL INTEGRAL,SISTEMA GENERAL DE SEGURIDAD SOCIAL EN SALUD,RECURSOS ADRES - COFINANCIACION UPC REGIMEN SUBSIDIADO,No Aplica,No Aplica,No Aplica,,,,,,,,2022,Primer Trimestre,,,2773234020.0,NO APLICA,PARTICIPACIONES DISTINTAS DEL SGP CON DESTINACION ESPECIFICA LEGAL,NO APLICA,NO APLICA,NO APLICA,NO APLICA,MINISTERIO DE SALUD Y PROTECCION SOCIAL,NO APLICA,NO APLICA,2773234020.0,0.0,0.0,0.0,,,,,,
6915430,20221201,218552585,Pupiales,1.1.02.06.003,PARTICIPACIONES DISTINTAS DEL SGP,INGRESOS,INGRESOS CORRIENTES,INGRESOS NO TRIBUTARIOS,TRANSFERENCIAS CORRIENTES,PARTICIPACIONES DISTINTAS DEL SGP,No Aplica,No Aplica,No Aplica,No Aplica,No Aplica,,,,,,,,2022,Cuarto Trimestre,,,66660237.0,NO APLICA,NO APLICA,NO APLICA,NO APLICA,NO APLICA,NO APLICA,NO APLICA,NO APLICA,NO APLICA,0.0,66660237.0,0.0,0.0,,,,,,
6915539,20230901,218552585,Pupiales,1.1.01.02.212,SOBRETASA BOMBERIL,INGRESOS,INGRESOS CORRIENTES,INGRESOS TRIBUTARIOS,IMPUESTOS INDIRECTOS,SOBRETASA BOMBERIL,No Aplica,No Aplica,No Aplica,No Aplica,No Aplica,,,,,,,,2023,Tercer Trimestre,,,8000.0,NO APLICA,SOBRETASA BOMBERIL,NO APLICA,NO APLICA,NO APLICA,NO APLICA,SKYNET DE COLOMBIA S.A. E.S.P.,NO APLICA,NO APLICA,0.0,8000.0,0.0,0.0,,,,,,
6915865,20230301,218552585,Pupiales,1.2.10.02,SUPERAVIT FISCAL,INGRESOS,RECURSOS DE CAPITAL,RECURSOS DEL BALANCE,SUPERAVIT FISCAL,No Aplica,No Aplica,No Aplica,No Aplica,No Aplica,No Aplica,,,,,,,,2023,Primer Trimestre,,,102853.0,NO APLICA,ESTAMPILLAS,NO APLICA,NO APLICA,NO APLICA,NO APLICA,NO APLICA,NO APLICA,NO APLICA,0.0,102853.0,0.0,0.0,,,,,,
6916074,20230901,218552585,Pupiales,1.1.02.06.001.03.04,"PROPOSITO GENERAL LIBRE DESTINACION MUNICIPIOS CATEGORIAS 4, 5 Y 6",INGRESOS,INGRESOS CORRIENTES,INGRESOS NO TRIBUTARIOS,TRANSFERENCIAS CORRIENTES,SISTEMA GENERAL DE PARTICIPACIONES,PARTICIPACION PARA PROPOSITO GENERAL,"PROPOSITO GENERAL LIBRE DESTINACION MUNICIPIOS CATEGORIAS 4, 5 Y 6",No Aplica,No Aplica,No Aplica,,,,,,,,2023,Tercer Trimestre,,,1446171938.0,NO APLICA,"SGP-PROPOSITO GENERAL-LIBRE DESTINACION MUNICIPIOS CATEGORIAS 4, 5 Y 6",NO APLICA,NO APLICA,NO APLICA,NO APLICA,NO APLICA,NO APLICA,NO APLICA,0.0,1446171938.0,0.0,0.0,,,,,,
6916169,20220901,218552585,Pupiales,1.1.02.06.009.01.06,RECURSOS ADRES - COFINANCIACION UPC REGIMEN SUBSIDIADO,INGRESOS,INGRESOS CORRIENTES,INGRESOS NO TRIBUTARIOS,TRANSFERENCIAS CORRIENTES,RECURSOS DEL SISTEMA DE SEGURIDAD SOCIAL INTEGRAL,SISTEMA GENERAL DE SEGURIDAD SOCIAL EN SALUD,RECURSOS ADRES - COFINANCIACION UPC REGIMEN SUBSIDIADO,No Aplica,No Aplica,No Aplica,,,,,,,,2022,Tercer Trimestre,,,8004316228.0,NO APLICA,PARTICIPACIONES DISTINTAS DEL SGP CON DESTINACION ESPECIFICA LEGAL,NO APLICA,NO APLICA,NO APLICA,NO APLICA,MINISTERIO DE SALUD Y PROTECCION SOCIAL,NO APLICA,NO APLICA,8004316228.0,0.0,0.0,0.0,,,,,,
6916974,20220601,218552585,Pupiales,1.1.01.02.200,IMPUESTO DE INDUSTRIA Y COMERCIO,INGRESOS,INGRESOS CORRIENTES,INGRESOS TRIBUTARIOS,IMPUESTOS INDIRECTOS,IMPUESTO DE INDUSTRIA Y COMERCIO,No Aplica,No Aplica,No Aplica,No Aplica,No Aplica,,,,,,,,2022,Segundo Trimestre,,,171684527.0,NO APLICA,NO APLICA,NO APLICA,NO APLICA,NO APLICA,NO APLICA,NO APLICA,NO APLICA,NO APLICA,0.0,171684527.0,0.0,0.0,,,,,,
6917482,20210601,218552585,Pupiales,1,INGRESOS,INGRESOS,No Aplica,No Aplica,No Aplica,No Aplica,No Aplica,No Aplica,No Aplica,No Aplica,No Aplica,,,,,,,,2021,Segundo Trimestre,,,14466868165.0,NO APLICA,NO APLICA,NO,NO APLICA,NO APLICA,,NO APLICA,NO APLICA,NO APLICA,7998202521.0,6468665644.0,0.0,0.0,,,,,,
6918097,20210601,218552585,Pupiales,1.2.10.02,SUPERAVIT FISCAL,INGRESOS,RECURSOS DE CAPITAL,RECURSOS DEL BALANCE,SUPERAVIT FISCAL,No Aplica,No Aplica,No Aplica,No Aplica,No Aplica,No Aplica,,,,,,,,2021,Segundo Trimestre,,,8441335.0,NO APLICA,1.3.3.1.10 - R.B. IMPUESTO AL CONSUMO DE CIGARRILLOS Y TABACO,NO,NO APLICA,NO APLICA,0,NO APLICA,NO APLICA,NO APLICA,0.0,8441335.0,0.0,0.0,,,,,,
6918470,20221201,218552585,Pupiales,1.1.02.06.009.01.06,RECURSOS ADRES - COFINANCIACION UPC REGIMEN SUBSIDIADO,INGRESOS,INGRESOS CORRIENTES,INGRESOS NO TRIBUTARIOS,TRANSFERENCIAS CORRIENTES,RECURSOS DEL SISTEMA DE SEGURIDAD SOCIAL INTEGRAL,SISTEMA GENERAL DE SEGURIDAD SOCIAL EN SALUD,RECURSOS ADRES - COFINANCIACION UPC REGIMEN SUBSIDIADO,No Aplica,No Aplica,No Aplica,,,,,,,,2022,Cuarto Trimestre,,,10717123033.0,NO APLICA,PARTICIPACIONES DISTINTAS DEL SGP CON DESTINACION ESPECIFICA LEGAL,NO APLICA,NO APLICA,NO APLICA,NO APLICA,MINISTERIO DE SALUD Y PROTECCION SOCIAL,NO APLICA,NO APLICA,10717123033.0,0.0,0.0,0.0,,,,,,
6922993,20230301,218552585,Pupiales,1.2.05.02,DEPOSITOS,INGRESOS,RECURSOS DE CAPITAL,RENDIMIENTOS FINANCIEROS,DEPOSITOS,No Aplica,No Aplica,No Aplica,No Aplica,No Aplica,No Aplica,,,,,,,,2023,Primer Trimestre,,,379837.0,NO APLICA,R.F. DE SISTEMA GENERAL DE SEGURIDAD SOCIAL EN SALUD - FONDOS ESPECIALES DEL MINISTERIO DE SALUD Y PROTECCION SOCIAL,NO APLICA,NO APLICA,NO APLICA,NO APLICA,NO APLICA,NO APLICA,NO APLICA,0.0,379837.0,0.0,0.0,,,,,,
6930030,20211201,218552585,Pupiales,1.1.02.06.003.01,PARTICIPACION EN IMPUESTOS,INGRESOS,INGRESOS CORRIENTES,INGRESOS NO TRIBUTARIOS,TRANSFERENCIAS CORRIENTES,PARTICIPACIONES DISTINTAS DEL SGP,PARTICIPACION EN IMPUESTOS,No Aplica,No Aplica,No Aplica,No Aplica,,,,,,,,2021,Cuarto Trimestre,,,61870030.0,NO APLICA,NO APLICA,NO APLICA,NO APLICA,NO APLICA,NO APLICA,NO APLICA,NO APLICA,NO APLICA,0.0,61870030.0,0.0,0.0,,,,,,
6931061,20220301,218552585,Pupiales,1.1.02.06.006.06,OTRAS UNIDADES DE GOBIERNO,INGRESOS,INGRESOS CORRIENTES,INGRESOS NO TRIBUTARIOS,TRANSFERENCIAS CORRIENTES,TRANSFERENCIAS DE OTRAS ENTIDADES DEL GOBIERNO GENERAL,OTRAS UNIDADES DE GOBIERNO,No Aplica,No Aplica,No Aplica,No Aplica,,,,,,,,2022,Primer Trimestre,,,72340812.0,NO APLICA,OTRAS TRANSFERENCIAS CORRIENTES DE OTRAS ENTIDADES CON DESTINACION ESPECIFICA LEGAL DEL GOBIERNO GENERAL,NO APLICA,NO APLICA,NO APLICA,NO APLICA,DEPARTAMENTO DE NARIÑO,NO APLICA,NO APLICA,72340812.0,0.0,0.0,0.0,,,,,,
6931750,20210601,218552585,Pupiales,1.1.02.02.087,TASAS POR EL DERECHO DE PARQUEO SOBRE LAS VIAS PUBLICAS,INGRESOS,INGRESOS CORRIENTES,INGRESOS NO TRIBUTARIOS,TASAS Y DERECHOS ADMINISTRATIVOS,TASAS POR EL DERECHO DE PARQUEO SOBRE LAS VIAS PUBLICAS,No Aplica,No Aplica,No Aplica,No Aplica,No Aplica,,,,,,,,2021,Segundo Trimestre,,,135105.0,NO APLICA,1.2.3.2.05 - OTRAS TASAS Y DERECHOS ADMINISTRATIVOS,NO,NO APLICA,NO APLICA,0,NO APLICA,NO APLICA,NO APLICA,0.0,135105.0,0.0,0.0,,,,,,
6932989,20221201,218552585,Pupiales,1.1.02.05.002.09,"SERVICIOS PARA LA COMUNIDAD, SOCIALES Y PERSONALES",INGRESOS,INGRESOS CORRIENTES,INGRESOS NO TRIBUTARIOS,VENTA DE BIENES Y SERVICIOS,VENTAS INCIDENTALES DE ESTABLECIMIENTOS NO DE MERCADO,"SERVICIOS PARA LA COMUNIDAD, SOCIALES Y PERSONALES",No Aplica,No Aplica,No Aplica,No Aplica,,,,,,,,2022,Cuarto Trimestre,,,50502090.0,OTROS SERVICIOS DIVERSOS N C P,VENTA DE BIENES Y SERVICIOS CON DESTINACION ESPECIFICA LEGAL,NO APLICA,NO APLICA,NO APLICA,NO APLICA,NO APLICA,NO APLICA,NO APLICA,0.0,50502090.0,0.0,0.0,,,,,,
6933863,20220301,218552585,Pupiales,1.1.02.07.001,DERECHOS POR LA EXPLOTACION JUEGOS DE SUERTE Y AZAR,INGRESOS,INGRESOS CORRIENTES,INGRESOS NO TRIBUTARIOS,PARTICIPACION Y DERECHOS POR MONOPOLIO,DERECHOS POR LA EXPLOTACION JUEGOS DE SUERTE Y AZAR,No Aplica,No Aplica,No Aplica,No Aplica,No Aplica,,,,,,,,2022,Primer Trimestre,,,76659131.0,NO APLICA,NO APLICA,NO APLICA,NO APLICA,NO APLICA,NO APLICA,NO APLICA,NO APLICA,NO APLICA,58287999.0,18371132.0,0.0,0.0,,,,,,
6935213,20230901,218552585,Pupiales,1.1.02.06.001.01.03,CALIDAD,INGRESOS,INGRESOS CORRIENTES,INGRESOS NO TRIBUTARIOS,TRANSFERENCIAS CORRIENTES,SISTEMA GENERAL DE PARTICIPACIONES,PARTICIPACION PARA EDUCACION,CALIDAD,No Aplica,No Aplica,No Aplica,,,,,,,,2023,Tercer Trimestre,,,365927913.0,NO APLICA,NO APLICA,NO APLICA,NO APLICA,NO APLICA,NO APLICA,NO APLICA,NO APLICA,NO APLICA,0.0,365927913.0,0.0,0.0,,,,,,
6936164,20210301,218552585,Pupiales,1.1.02.06.001.01.03.01,CALIDADPOR MATRICULA OFICIAL,INGRESOS,INGRESOS CORRIENTES,INGRESOS NO TRIBUTARIOS,TRANSFERENCIAS CORRIENTES,SISTEMA GENERAL DE PARTICIPACIONES,PARTICIPACION PARA EDUCACION,CALIDAD,CALIDADPOR MATRICULA OFICIAL,No Aplica,No Aplica,,,,,,,,2021,Primer Trimestre,,,53266575.0,NO APLICA,1.2.4.1.03 - SGP-EDUCACION-CALIDAD  POR MATRICULA OFICIAL,NO,NO APLICA,NO APLICA,0,DIRECCION NACIONAL DEL TESORO MINISTERIO DE HACIENDA Y CREDITO PUBLICO,NO APLICA,NO APLICA,0.0,53266575.0,0.0,0.0,,,,,,
6936232,20220601,218552585,Pupiales,1.1.02.05.002.09,"SERVICIOS PARA LA COMUNIDAD, SOCIALES Y PERSONALES",INGRESOS,INGRESOS CORRIENTES,INGRESOS NO TRIBUTARIOS,VENTA DE BIENES Y SERVICIOS,VENTAS INCIDENTALES DE ESTABLECIMIENTOS NO DE MERCADO,"SERVICIOS PARA LA COMUNIDAD, SOCIALES Y PERSONALES",No Aplica,No Aplica,No Aplica,No Aplica,,,,,,,,2022,Segundo Trimestre,,,27479249.0,OTROS SERVICIOS DIVERSOS N C P,VENTA DE BIENES Y SERVICIOS CON DESTINACION ESPECIFICA LEGAL,NO APLICA,NO APLICA,NO APLICA,NO APLICA,NO APLICA,NO APLICA,NO APLICA,0.0,27479249.0,0.0,0.0,,,,,,
6936499,20230901,218552585,Pupiales,1.1.02.02,TASAS Y DERECHOS ADMINISTRATIVOS,INGRESOS,INGRESOS CORRIENTES,INGRESOS NO TRIBUTARIOS,TASAS Y DERECHOS ADMINISTRATIVOS,No Aplica,No Aplica,No Aplica,No Aplica,No Aplica,No Aplica,,,,,,,,2023,Tercer Trimestre,,,2085200.0,NO APLICA,NO APLICA,NO APLICA,NO APLICA,NO APLICA,NO APLICA,NO APLICA,NO APLICA,NO APLICA,0.0,2085200.0,0.0,0.0,,,,,,
6937735,20230601,218552585,Pupiales,1.1.02.06.001.02,PARTICIPACION PARA SALUD,INGRESOS,INGRESOS CORRIENTES,INGRESOS NO TRIBUTARIOS,TRANSFERENCIAS CORRIENTES,SISTEMA GENERAL DE PARTICIPACIONES,PARTICIPACION PARA SALUD,No Aplica,No Aplica,No Aplica,No Aplica,,,,,,,,2023,Segundo Trimestre,,,3764060197.0,NO APLICA,NO APLICA,NO APLICA,NO APLICA,NO APLICA,NO APLICA,NO APLICA,NO APLICA,NO APLICA,0.0,3764060197.0,0.0,0.0,,,,,,
6937945,20230301,218552585,Pupiales,1.2.13,REINTEGROS Y OTROS RECURSOS NO APROPIADOS,INGRESOS,RECURSOS DE CAPITAL,REINTEGROS Y OTROS RECURSOS NO APROPIADOS,No Aplica,No Aplica,No Aplica,No Aplica,No Aplica,No Aplica,No Aplica,,,,,,,,2023,Primer Trimestre,,,15287175.0,NO APLICA,NO APLICA,NO APLICA,NO APLICA,NO APLICA,NO APLICA,NO APLICA,NO APLICA,NO APLICA,0.0,15287175.0,0.0,0.0,,,,,,
6938467,20210601,218552585,Pupiales,1.1.02.06.001.03,PARTICIPACION PARA PROPOSITO GENERAL,INGRESOS,INGRESOS CORRIENTES,INGRESOS NO TRIBUTARIOS,TRANSFERENCIAS CORRIENTES,SISTEMA GENERAL DE PARTICIPACIONES,PARTICIPACION PARA PROPOSITO GENERAL,No Aplica,No Aplica,No Aplica,No Aplica,,,,,,,,2021,Segundo Trimestre,,,1491831030.0,NO APLICA,NO APLICA,NO,NO APLICA,NO APLICA,,NO APLICA,NO APLICA,NO APLICA,0.0,1491831030.0,0.0,0.0,,,,,,
6940306,20210901,218552585,Pupiales,1.2.05.02,DEPOSITOS,INGRESOS,RECURSOS DE CAPITAL,RENDIMIENTOS FINANCIEROS,DEPOSITOS,No Aplica,No Aplica,No Aplica,No Aplica,No Aplica,No Aplica,,,,,,,,2021,Tercer Trimestre,,,6595411.0,NO APLICA,1.3.2.3.05 - OTROS RENDIMIENTOS FINANCIEROS,NO,NO APLICA,NO APLICA,0,NO APLICA,NO APLICA,NO APLICA,0.0,6595411.0,0.0,0.0,,,,,,
6940440,20211201,218552585,Pupiales,1.1.02.06.001.02,PARTICIPACION PARA SALUD,INGRESOS,INGRESOS CORRIENTES,INGRESOS NO TRIBUTARIOS,TRANSFERENCIAS CORRIENTES,SISTEMA GENERAL DE PARTICIPACIONES,PARTICIPACION PARA SALUD,No Aplica,No Aplica,No Aplica,No Aplica,,,,,,,,2021,Cuarto Trimestre,,,6889204937.0,NO APLICA,NO APLICA,NO APLICA,NO APLICA,NO APLICA,NO APLICA,NO APLICA,NO APLICA,NO APLICA,6678049259.0,211155678.0,0.0,0.0,,,,,,
6941388,20210301,218552585,Pupiales,1.1.01.02.200.01,IMPUESTO DE INDUSTRIA Y COMERCIO - SOBRE ACTIVIDADES COMERCIALES,INGRESOS,INGRESOS CORRIENTES,INGRESOS TRIBUTARIOS,IMPUESTOS INDIRECTOS,IMPUESTO DE INDUSTRIA Y COMERCIO,IMPUESTO DE INDUSTRIA Y COMERCIO - SOBRE ACTIVIDADES COMERCIALES,No Aplica,No Aplica,No Aplica,No Aplica,,,,,,,,2021,Primer Trimestre,,,108501748.0,NO APLICA,1.2.1.0.00 - INGRESOS CORRIENTES DE LIBRE DESTINACION,NO,NO APLICA,NO APLICA,0,NO APLICA,NO APLICA,NO APLICA,0.0,108501748.0,0.0,0.0,,,,,,
6946291,20220901,218552585,Pupiales,1.1.01.02,IMPUESTOS INDIRECTOS,INGRESOS,INGRESOS CORRIENTES,INGRESOS TRIBUTARIOS,IMPUESTOS INDIRECTOS,No Aplica,No Aplica,No Aplica,No Aplica,No Aplica,No Aplica,,,,,,,,2022,Tercer Trimestre,,,960035561.0,NO APLICA,NO APLICA,NO APLICA,NO APLICA,NO APLICA,NO APLICA,NO APLICA,NO APLICA,NO APLICA,0.0,960035561.0,0.0,0.0,,,,,,
6946526,20210901,218552585,Pupiales,1.1.02.06.001.01.03,CALIDAD,INGRESOS,INGRESOS CORRIENTES,INGRESOS NO TRIBUTARIOS,TRANSFERENCIAS CORRIENTES,SISTEMA GENERAL DE PARTICIPACIONES,PARTICIPACION PARA EDUCACION,CALIDAD,No Aplica,No Aplica,No Aplica,,,,,,,,2021,Tercer Trimestre,,,159799725.0,NO APLICA,NO APLICA,NO,NO APLICA,NO APLICA,,NO APLICA,NO APLICA,NO APLICA,0.0,159799725.0,0.0,0.0,,,,,,
6948286,20210601,218552585,Pupiales,1.1.02.06.001.04.01,PROGRAMAS DE ALIMENTACION ESCOLAR,INGRESOS,INGRESOS CORRIENTES,INGRESOS NO TRIBUTARIOS,TRANSFERENCIAS CORRIENTES,SISTEMA GENERAL DE PARTICIPACIONES,ASIGNACIONES ESPECIALES,PROGRAMAS DE ALIMENTACION ESCOLAR,No Aplica,No Aplica,No Aplica,,,,,,,,2021,Segundo Trimestre,,,39295170.0,NO APLICA,1.2.4.4.01 - SGP-ASIGNACION ESPECIAL-PROGRAMAS DE ALIMENTACION ESCOLAR,NO,NO APLICA,NO APLICA,0,DIRECCION NACIONAL DEL TESORO MINISTERIO DE HACIENDA Y CREDITO PUBLICO,NO APLICA,NO APLICA,0.0,39295170.0,0.0,0.0,,,,,,
6948725,20220901,218552585,Pupiales,1.1.01.01.200.01,IMPUESTO PREDIAL UNIFICADO - URBANO,INGRESOS,INGRESOS CORRIENTES,INGRESOS TRIBUTARIOS,IMPUESTOS DIRECTOS,IMPUESTO PREDIAL UNIFICADO,IMPUESTO PREDIAL UNIFICADO - URBANO,No Aplica,No Aplica,No Aplica,No Aplica,,,,,,,,2022,Tercer Trimestre,,,157632721.0,NO APLICA,INGRESOS CORRIENTES DE LIBRE DESTINACION,NO APLICA,NO APLICA,NO APLICA,NO APLICA,NO APLICA,NO APLICA,NO APLICA,0.0,157632721.0,0.0,0.0,,,,,,
6948996,20221201,218552585,Pupiales,1.1.02.06.001.03.03,PROPOSITO GENERAL LIBRE INVERSION,INGRESOS,INGRESOS CORRIENTES,INGRESOS NO TRIBUTARIOS,TRANSFERENCIAS CORRIENTES,SISTEMA GENERAL DE PARTICIPACIONES,PARTICIPACION PARA PROPOSITO GENERAL,PROPOSITO GENERAL LIBRE INVERSION,No Aplica,No Aplica,No Aplica,,,,,,,,2022,Cuarto Trimestre,,,2177384329.0,NO APLICA,SGP-PROPOSITO GENERAL-PROPOSITO GENERAL LIBRE INVERSION,NO APLICA,NO APLICA,NO APLICA,NO APLICA,DIRECCION NACIONAL DEL TESORO MINISTERIO DE HACIENDA Y CREDITO PUBLICO,NO APLICA,NO APLICA,0.0,2177384329.0,0.0,0.0,,,,,,
6950970,20230601,218552585,Pupiales,1.1.02.06.001.02.02,SALUD PUBLICA,INGRESOS,INGRESOS CORRIENTES,INGRESOS NO TRIBUTARIOS,TRANSFERENCIAS CORRIENTES,SISTEMA GENERAL DE PARTICIPACIONES,PARTICIPACION PARA SALUD,SALUD PUBLICA,No Aplica,No Aplica,No Aplica,,,,,,,,2023,Segundo Trimestre,,,125168306.0,NO APLICA,SGP-SALUD-SALUD PUBLICA,NO APLICA,NO APLICA,NO APLICA,NO APLICA,MINISTERIO DE SALUD Y PROTECCION SOCIAL,NO APLICA,NO APLICA,0.0,125168306.0,0.0,0.0,,,,,,
6951192,20211201,218552585,Pupiales,1.1.01.02.200.02,IMPUESTO DE INDUSTRIA Y COMERCIO - SOBRE ACTIVIDADES INDUSTRIALES,INGRESOS,INGRESOS CORRIENTES,INGRESOS TRIBUTARIOS,IMPUESTOS INDIRECTOS,IMPUESTO DE INDUSTRIA Y COMERCIO,IMPUESTO DE INDUSTRIA Y COMERCIO - SOBRE ACTIVIDADES INDUSTRIALES,No Aplica,No Aplica,No Aplica,No Aplica,,,,,,,,2021,Cuarto Trimestre,,,20811953.0,NO APLICA,INGRESOS CORRIENTES DE LIBRE DESTINACION,NO APLICA,NO APLICA,NO APLICA,NO APLICA,NO APLICA,NO APLICA,NO APLICA,0.0,20811953.0,0.0,0.0,,,,,,
6952208,20230601,218552585,Pupiales,1.2.05,RENDIMIENTOS FINANCIEROS,INGRESOS,RECURSOS DE CAPITAL,RENDIMIENTOS FINANCIEROS,No Aplica,No Aplica,No Aplica,No Aplica,No Aplica,No Aplica,No Aplica,,,,,,,,2023,Segundo Trimestre,,,4739476.0,NO APLICA,NO APLICA,NO APLICA,NO APLICA,NO APLICA,NO APLICA,NO APLICA,NO APLICA,NO APLICA,0.0,4739476.0,0.0,0.0,,,,,,
6952562,20210301,218552585,Pupiales,1.1.01.02.212,SOBRETASA BOMBERIL,INGRESOS,INGRESOS CORRIENTES,INGRESOS TRIBUTARIOS,IMPUESTOS INDIRECTOS,SOBRETASA BOMBERIL,No Aplica,No Aplica,No Aplica,No Aplica,No Aplica,,,,,,,,2021,Primer Trimestre,,,5363056.0,NO APLICA,1.2.3.1.15 - SOBRETASA BOMBERIL,NO,NO APLICA,NO APLICA,0,NO APLICA,NO APLICA,NO APLICA,0.0,5363056.0,0.0,0.0,,,,,,
6953095,20230301,218552585,Pupiales,1.2.05.02,DEPOSITOS,INGRESOS,RECURSOS DE CAPITAL,RENDIMIENTOS FINANCIEROS,DEPOSITOS,No Aplica,No Aplica,No Aplica,No Aplica,No Aplica,No Aplica,,,,,,,,2023,Primer Trimestre,,,12748.0,NO APLICA,R.F. SGP - AGUA POTABLE Y SANEAMIENTO BASICO,NO APLICA,NO APLICA,NO APLICA,NO APLICA,BANCO AGRARIO DE COLOMBIA,NO APLICA,NO APLICA,0.0,12748.0,0.0,0.0,,,,,,
6954083,20230601,218552585,Pupiales,1.1.02.06,TRANSFERENCIAS CORRIENTES,INGRESOS,INGRESOS CORRIENTES,INGRESOS NO TRIBUTARIOS,TRANSFERENCIAS CORRIENTES,No Aplica,No Aplica,No Aplica,No Aplica,No Aplica,No Aplica,,,,,,,,2023,Segundo Trimestre,,,14374863270.0,NO APLICA,NO APLICA,NO APLICA,NO APLICA,NO APLICA,NO APLICA,NO APLICA,NO APLICA,NO APLICA,0.0,14374863270.0,0.0,0.0,,,,,,
6960235,20220301,218552585,Pupiales,1.2.12,RETIROS FONPET,INGRESOS,RECURSOS DE CAPITAL,RETIROS FONPET,No Aplica,No Aplica,No Aplica,No Aplica,No Aplica,No Aplica,No Aplica,,,,,,,,2022,Primer Trimestre,,,20483928.0,NO APLICA,NO APLICA,NO APLICA,NO APLICA,NO APLICA,NO APLICA,NO APLICA,NO APLICA,NO APLICA,20483928.0,0.0,0.0,0.0,,,,,,
6960346,20210901,218552585,Pupiales,1.1.02.07.001.05,DERECHOS POR LA EXPLOTACION JUEGOS DE SUERTE Y AZAR DE RIFAS,INGRESOS,INGRESOS CORRIENTES,INGRESOS NO TRIBUTARIOS,PARTICIPACION Y DERECHOS POR MONOPOLIO,DERECHOS POR LA EXPLOTACION JUEGOS DE SUERTE Y AZAR,DERECHOS POR LA EXPLOTACION JUEGOS DE SUERTE Y AZAR DE RIFAS,No Aplica,No Aplica,No Aplica,No Aplica,,,,,,,,2021,Tercer Trimestre,,,153207484.0,NO APLICA,1.2.3.2.10 - DERECHOS POR LA EXPLOTACION JUEGOS DE SUERTE Y AZAR,NO,NO APLICA,NO APLICA,0,DIRECCION NACIONAL DEL TESORO MINISTERIO DE HACIENDA Y CREDITO PUBLICO,NO APLICA,NO APLICA,0.0,153207484.0,0.0,0.0,,,,,,
6964358,20210301,218552585,Pupiales,1.1.01.01.200,IMPUESTO PREDIAL UNIFICADO,INGRESOS,INGRESOS CORRIENTES,INGRESOS TRIBUTARIOS,IMPUESTOS DIRECTOS,IMPUESTO PREDIAL UNIFICADO,No Aplica,No Aplica,No Aplica,No Aplica,No Aplica,,,,,,,,2021,Primer Trimestre,,,161772958.0,NO APLICA,NO APLICA,NO,NO APLICA,NO APLICA,,NO APLICA,NO APLICA,NO APLICA,0.0,161772958.0,0.0,0.0,,,,,,
6964644,20221201,218552585,Pupiales,1.1.01.01,IMPUESTOS DIRECTOS,INGRESOS,INGRESOS CORRIENTES,INGRESOS TRIBUTARIOS,IMPUESTOS DIRECTOS,No Aplica,No Aplica,No Aplica,No Aplica,No Aplica,No Aplica,,,,,,,,2022,Cuarto Trimestre,,,453650945.0,NO APLICA,NO APLICA,NO APLICA,NO APLICA,NO APLICA,NO APLICA,NO APLICA,NO APLICA,NO APLICA,0.0,453650945.0,0.0,0.0,,,,,,
6965729,20220301,218552585,Pupiales,1.1.01.01,IMPUESTOS DIRECTOS,INGRESOS,INGRESOS CORRIENTES,INGRESOS TRIBUTARIOS,IMPUESTOS DIRECTOS,No Aplica,No Aplica,No Aplica,No Aplica,No Aplica,No Aplica,,,,,,,,2022,Primer Trimestre,,,188669753.0,NO APLICA,NO APLICA,NO APLICA,NO APLICA,NO APLICA,NO APLICA,NO APLICA,NO APLICA,NO APLICA,0.0,188669753.0,0.0,0.0,,,,,,
6966881,20220901,218552585,Pupiales,1.1.01.01.200.02,IMPUESTO PREDIAL UNIFICADO - RURAL,INGRESOS,INGRESOS CORRIENTES,INGRESOS TRIBUTARIOS,IMPUESTOS DIRECTOS,IMPUESTO PREDIAL UNIFICADO,IMPUESTO PREDIAL UNIFICADO - RURAL,No Aplica,No Aplica,No Aplica,No Aplica,,,,,,,,2022,Tercer Trimestre,,,178971022.0,NO APLICA,INGRESOS CORRIENTES DE LIBRE DESTINACION,NO APLICA,NO APLICA,NO APLICA,NO APLICA,NO APLICA,NO APLICA,NO APLICA,0.0,178971022.0,0.0,0.0,,,,,,
6967286,20220301,218552585,Pupiales,1.1.02.06.001,SISTEMA GENERAL DE PARTICIPACIONES,INGRESOS,INGRESOS CORRIENTES,INGRESOS NO TRIBUTARIOS,TRANSFERENCIAS CORRIENTES,SISTEMA GENERAL DE PARTICIPACIONES,No Aplica,No Aplica,No Aplica,No Aplica,No Aplica,,,,,,,,2022,Primer Trimestre,,,2451538870.0,NO APLICA,NO APLICA,NO APLICA,NO APLICA,NO APLICA,NO APLICA,NO APLICA,NO APLICA,NO APLICA,1662993346.0,788545524.0,0.0,0.0,,,,,,
6967490,20221201,218552585,Pupiales,1.1.01.01.200,IMPUESTO PREDIAL UNIFICADO,INGRESOS,INGRESOS CORRIENTES,INGRESOS TRIBUTARIOS,IMPUESTOS DIRECTOS,IMPUESTO PREDIAL UNIFICADO,No Aplica,No Aplica,No Aplica,No Aplica,No Aplica,,,,,,,,2022,Cuarto Trimestre,,,382692888.0,NO APLICA,NO APLICA,NO APLICA,NO APLICA,NO APLICA,NO APLICA,NO APLICA,NO APLICA,NO APLICA,0.0,382692888.0,0.0,0.0,,,,,,
6967584,20210901,218552585,Pupiales,1.2.08.06,DE OTRAS ENTIDADES DEL GOBIERNO GENERAL,INGRESOS,RECURSOS DE CAPITAL,TRANSFERENCIAS DE CAPITAL,DE OTRAS ENTIDADES DEL GOBIERNO GENERAL,No Aplica,No Aplica,No Aplica,No Aplica,No Aplica,No Aplica,,,,,,,,2021,Tercer Trimestre,,,756346212.0,NO APLICA,NO APLICA,NO,NO APLICA,NO APLICA,,NO APLICA,NO APLICA,NO APLICA,0.0,756346212.0,0.0,0.0,,,,,,
6971817,20211201,218552585,Pupiales,1.1.01.02,IMPUESTOS INDIRECTOS,INGRESOS,INGRESOS CORRIENTES,INGRESOS TRIBUTARIOS,IMPUESTOS INDIRECTOS,No Aplica,No Aplica,No Aplica,No Aplica,No Aplica,No Aplica,,,,,,,,2021,Cuarto Trimestre,,,1234707092.0,NO APLICA,NO APLICA,NO APLICA,NO APLICA,NO APLICA,NO APLICA,NO APLICA,NO APLICA,NO APLICA,0.0,1234707092.0,0.0,0.0,,,,,,
6972486,20221201,218552585,Pupiales,1.1.02.06.001.03.04,"PROPOSITO GENERAL LIBRE DESTINACION MUNICIPIOS CATEGORIAS 4, 5 Y 6",INGRESOS,INGRESOS CORRIENTES,INGRESOS NO TRIBUTARIOS,TRANSFERENCIAS CORRIENTES,SISTEMA GENERAL DE PARTICIPACIONES,PARTICIPACION PARA PROPOSITO GENERAL,"PROPOSITO GENERAL LIBRE DESTINACION MUNICIPIOS CATEGORIAS 4, 5 Y 6",No Aplica,No Aplica,No Aplica,,,,,,,,2022,Cuarto Trimestre,,,1784131338.0,NO APLICA,"SGP-PROPOSITO GENERAL-LIBRE DESTINACION MUNICIPIOS CATEGORIAS 4, 5 Y 6",NO APLICA,NO APLICA,NO APLICA,NO APLICA,DIRECCION NACIONAL DEL TESORO MINISTERIO DE HACIENDA Y CREDITO PUBLICO,NO APLICA,NO APLICA,0.0,1784131338.0,0.0,0.0,,,,,,
6973877,20220301,218552585,Pupiales,1.1.02.06.001.02.04,SUBSIDIO A LA OFERTA,INGRESOS,INGRESOS CORRIENTES,INGRESOS NO TRIBUTARIOS,TRANSFERENCIAS CORRIENTES,SISTEMA GENERAL DE PARTICIPACIONES,PARTICIPACION PARA SALUD,SUBSIDIO A LA OFERTA,No Aplica,No Aplica,No Aplica,,,,,,,,2022,Primer Trimestre,,,36430214.0,NO APLICA,SGP-SALUD-SUBSIDIO A LA OFERTA,NO APLICA,NO APLICA,NO APLICA,NO APLICA,DIRECCION NACIONAL DEL TESORO MINISTERIO DE HACIENDA Y CREDITO PUBLICO,NO APLICA,NO APLICA,36430214.0,0.0,0.0,0.0,,,,,,
6975217,20230301,218552585,Pupiales,1.1.02.06.006.01,APORTES NACION,INGRESOS,INGRESOS CORRIENTES,INGRESOS NO TRIBUTARIOS,TRANSFERENCIAS CORRIENTES,TRANSFERENCIAS DE OTRAS ENTIDADES DEL GOBIERNO GENERAL,APORTES NACION,No Aplica,No Aplica,No Aplica,No Aplica,,,,,,,,2023,Primer Trimestre,,,35679000.0,NO APLICA,TRANSFERENCIAS DE CAPITAL DE OTRAS ENTIDADES DEL GOBIERNO GENERAL,NO APLICA,NO APLICA,NO APLICA,NO APLICA,MINISTERIO DE LA CULTURA,NO APLICA,NO APLICA,0.0,35679000.0,0.0,0.0,,,,,,
6976239,20230901,218552585,Pupiales,1.1.02.06.006.06,OTRAS UNIDADES DE GOBIERNO,INGRESOS,INGRESOS CORRIENTES,INGRESOS NO TRIBUTARIOS,TRANSFERENCIAS CORRIENTES,TRANSFERENCIAS DE OTRAS ENTIDADES DEL GOBIERNO GENERAL,OTRAS UNIDADES DE GOBIERNO,No Aplica,No Aplica,No Aplica,No Aplica,,,,,,,,2023,Tercer Trimestre,,,638125643.0,NO APLICA,PARTICIPACIONES DISTINTAS DEL SGP CON DESTINACION ESPECIFICA LEGAL,NO APLICA,NO APLICA,NO APLICA,NO APLICA,MINISTERIO DE SALUD Y PROTECCION SOCIAL,NO APLICA,NO APLICA,0.0,638125643.0,0.0,0.0,,,,,,
6977488,20211201,218552585,Pupiales,1.2.08,TRANSFERENCIAS DE CAPITAL,INGRESOS,RECURSOS DE CAPITAL,TRANSFERENCIAS DE CAPITAL,No Aplica,No Aplica,No Aplica,No Aplica,No Aplica,No Aplica,No Aplica,,,,,,,,2021,Cuarto Trimestre,,,765346212.0,NO APLICA,NO APLICA,NO APLICA,NO APLICA,NO APLICA,NO APLICA,NO APLICA,NO APLICA,NO APLICA,0.0,765346212.0,0.0,0.0,,,,,,
6981812,20220301,218552585,Pupiales,1.2,RECURSOS DE CAPITAL,INGRESOS,RECURSOS DE CAPITAL,No Aplica,No Aplica,No Aplica,No Aplica,No Aplica,No Aplica,No Aplica,No Aplica,,,,,,,,2022,Primer Trimestre,,,21138893.0,NO APLICA,NO APLICA,NO APLICA,NO APLICA,NO APLICA,NO APLICA,NO APLICA,NO APLICA,NO APLICA,20483928.0,654965.0,0.0,0.0,,,,,,
6984271,20230601,218552585,Pupiales,1.1.01.02.109,SOBRETASA A LA GASOLINA,INGRESOS,INGRESOS CORRIENTES,INGRESOS TRIBUTARIOS,IMPUESTOS INDIRECTOS,SOBRETASA A LA GASOLINA,No Aplica,No Aplica,No Aplica,No Aplica,No Aplica,,,,,,,,2023,Segundo Trimestre,,,235864000.0,NO APLICA,INGRESOS CORRIENTES DE LIBRE DESTINACION,NO APLICA,NO APLICA,NO APLICA,NO APLICA,NO APLICA,NO APLICA,NO APLICA,0.0,235864000.0,0.0,0.0,,,,,,
6986388,20210901,218552585,Pupiales,1.1.02.06.001,SISTEMA GENERAL DE PARTICIPACIONES,INGRESOS,INGRESOS CORRIENTES,INGRESOS NO TRIBUTARIOS,TRANSFERENCIAS CORRIENTES,SISTEMA GENERAL DE PARTICIPACIONES,No Aplica,No Aplica,No Aplica,No Aplica,No Aplica,,,,,,,,2021,Tercer Trimestre,,,9159724138.0,NO APLICA,NO APLICA,NO,NO APLICA,NO APLICA,,NO APLICA,NO APLICA,NO APLICA,5533523183.0,3626200955.0,0.0,0.0,,,,,,
6986481,20211201,218552585,Pupiales,1.1.02.06,TRANSFERENCIAS CORRIENTES,INGRESOS,INGRESOS CORRIENTES,INGRESOS NO TRIBUTARIOS,TRANSFERENCIAS CORRIENTES,No Aplica,No Aplica,No Aplica,No Aplica,No Aplica,No Aplica,,,,,,,,2021,Cuarto Trimestre,,,22021017722.0,NO APLICA,NO APLICA,NO APLICA,NO APLICA,NO APLICA,NO APLICA,NO APLICA,NO APLICA,NO APLICA,16085115174.0,5935902548.0,0.0,0.0,,,,,,
6988586,20230601,218552585,Pupiales,1.1.02.05.002,VENTAS INCIDENTALES DE ESTABLECIMIENTOS NO DE MERCADO,INGRESOS,INGRESOS CORRIENTES,INGRESOS NO TRIBUTARIOS,VENTA DE BIENES Y SERVICIOS,VENTAS INCIDENTALES DE ESTABLECIMIENTOS NO DE MERCADO,No Aplica,No Aplica,No Aplica,No Aplica,No Aplica,,,,,,,,2023,Segundo Trimestre,,,38059111.0,NO APLICA,NO APLICA,NO APLICA,NO APLICA,NO APLICA,NO APLICA,NO APLICA,NO APLICA,NO APLICA,0.0,38059111.0,0.0,0.0,,,,,,
6989195,20221201,218552585,Pupiales,1.1.02.07.001.05,DERECHOS POR LA EXPLOTACION JUEGOS DE SUERTE Y AZAR DE RIFAS,INGRESOS,INGRESOS CORRIENTES,INGRESOS NO TRIBUTARIOS,PARTICIPACION Y DERECHOS POR MONOPOLIO,DERECHOS POR LA EXPLOTACION JUEGOS DE SUERTE Y AZAR,DERECHOS POR LA EXPLOTACION JUEGOS DE SUERTE Y AZAR DE RIFAS,No Aplica,No Aplica,No Aplica,No Aplica,,,,,,,,2022,Cuarto Trimestre,,,254043349.0,NO APLICA,DERECHOS POR LA EXPLOTACION JUEGOS DE SUERTE Y AZAR,NO APLICA,NO APLICA,NO APLICA,NO APLICA,DIRECCION NACIONAL DEL TESORO MINISTERIO DE HACIENDA Y CREDITO PUBLICO,NO APLICA,NO APLICA,192445454.0,61597895.0,0.0,0.0,,,,,,
6989471,20221201,218552585,Pupiales,1.2.10.02,SUPERAVIT FISCAL,INGRESOS,RECURSOS DE CAPITAL,RECURSOS DEL BALANCE,SUPERAVIT FISCAL,No Aplica,No Aplica,No Aplica,No Aplica,No Aplica,No Aplica,,,,,,,,2022,Cuarto Trimestre,,,14323419.0,NO APLICA,R.B. SGP-SALUD-SALUD PUBLICA,NO APLICA,NO APLICA,ACUERDO,NO APLICA,DIRECCION NACIONAL DEL TESORO MINISTERIO DE HACIENDA Y CREDITO PUBLICO,NO APLICA,NO APLICA,0.0,0.0,0.0,14323419.0,,,,,,
6991180,20230301,218552585,Pupiales,1.1.01.02.200.03,IMPUESTO DE INDUSTRIA Y COMERCIO - SOBRE ACTIVIDADES DE SERVICIOS,INGRESOS,INGRESOS CORRIENTES,INGRESOS TRIBUTARIOS,IMPUESTOS INDIRECTOS,IMPUESTO DE INDUSTRIA Y COMERCIO,IMPUESTO DE INDUSTRIA Y COMERCIO - SOBRE ACTIVIDADES DE SERVICIOS,No Aplica,No Aplica,No Aplica,No Aplica,,,,,,,,2023,Primer Trimestre,,,13466000.0,NO APLICA,INGRESOS CORRIENTES DE LIBRE DESTINACION,NO APLICA,NO APLICA,NO APLICA,NO APLICA,E.S.P. CENTRALES ELECTRICAS DE NARIÑO S.A.,NO APLICA,NO APLICA,0.0,13466000.0,0.0,0.0,,,,,,
6995021,20230901,218552585,Pupiales,1.2.10.02,SUPERAVIT FISCAL,INGRESOS,RECURSOS DE CAPITAL,RECURSOS DEL BALANCE,SUPERAVIT FISCAL,No Aplica,No Aplica,No Aplica,No Aplica,No Aplica,No Aplica,,,,,,,,2023,Tercer Trimestre,,,145817184.0,NO APLICA,R.B. OTRAS TRANSFERENCIAS DE CAPITAL,NO APLICA,NO APLICA,NO APLICA,NO APLICA,PUPIALES,NO APLICA,NO APLICA,0.0,145817184.0,0.0,0.0,,,,,,
6996604,20220901,218552585,Pupiales,1.2.10.02,SUPERAVIT FISCAL,INGRESOS,RECURSOS DE CAPITAL,RECURSOS DEL BALANCE,SUPERAVIT FISCAL,No Aplica,No Aplica,No Aplica,No Aplica,No Aplica,No Aplica,,,,,,,,2022,Tercer Trimestre,,,43307563.0,NO APLICA,R.B. SGP-ASIGNACION ESPECIAL-PROGRAMAS DE ALIMENTACION ESCOLAR,NO APLICA,NO APLICA,ACUERDO,NO APLICA,DIRECCION NACIONAL DEL TESORO MINISTERIO DE HACIENDA Y CREDITO PUBLICO,NO APLICA,NO APLICA,0.0,0.0,0.0,43307563.0,,,,,,
6997174,20230301,218552585,Pupiales,1.1.01.02.201,IMPUESTO COMPLEMENTARIO DE AVISOS Y TABLEROS,INGRESOS,INGRESOS CORRIENTES,INGRESOS TRIBUTARIOS,IMPUESTOS INDIRECTOS,IMPUESTO COMPLEMENTARIO DE AVISOS Y TABLEROS,No Aplica,No Aplica,No Aplica,No Aplica,No Aplica,,,,,,,,2023,Primer Trimestre,,,1000.0,NO APLICA,INGRESOS CORRIENTES DE LIBRE DESTINACION,NO APLICA,NO APLICA,NO APLICA,NO APLICA,E.S.P. EMPRESA DE TELECOMUNICACIONES DE BOGOTA S.A.,NO APLICA,NO APLICA,0.0,1000.0,0.0,0.0,,,,,,
6999475,20220301,218552585,Pupiales,1.1.02.06.001.02,PARTICIPACION PARA SALUD,INGRESOS,INGRESOS CORRIENTES,INGRESOS NO TRIBUTARIOS,TRANSFERENCIAS CORRIENTES,SISTEMA GENERAL DE PARTICIPACIONES,PARTICIPACION PARA SALUD,No Aplica,No Aplica,No Aplica,No Aplica,,,,,,,,2022,Primer Trimestre,,,1702794142.0,NO APLICA,NO APLICA,NO APLICA,NO APLICA,NO APLICA,NO APLICA,NO APLICA,NO APLICA,NO APLICA,1662993346.0,39800796.0,0.0,0.0,,,,,,
7000366,20221201,218552585,Pupiales,1.1.01.02.216,IMPUESTO DE ESPECTACULOS PUBLICOS MUNICIPAL,INGRESOS,INGRESOS CORRIENTES,INGRESOS TRIBUTARIOS,IMPUESTOS INDIRECTOS,IMPUESTO DE ESPECTACULOS PUBLICOS MUNICIPAL,No Aplica,No Aplica,No Aplica,No Aplica,No Aplica,,,,,,,,2022,Cuarto Trimestre,,,980000.0,NO APLICA,INGRESOS CORRIENTES DE LIBRE DESTINACION,NO APLICA,NO APLICA,NO APLICA,NO APLICA,NO APLICA,NO APLICA,NO APLICA,0.0,980000.0,0.0,0.0,,,,,,
7010362,20221201,218552585,Pupiales,1,INGRESOS,INGRESOS,No Aplica,No Aplica,No Aplica,No Aplica,No Aplica,No Aplica,No Aplica,No Aplica,No Aplica,,,,,,,,2022,Cuarto Trimestre,,,29771016053.0,NO APLICA,NO APLICA,NO APLICA,NO APLICA,NO APLICA,NO APLICA,NO APLICA,NO APLICA,NO APLICA,19194296591.0,8942623668.0,0.0,1634095794.0,,,,,,
7012227,20210601,218552585,Pupiales,1.2.05.02,DEPOSITOS,INGRESOS,RECURSOS DE CAPITAL,RENDIMIENTOS FINANCIEROS,DEPOSITOS,No Aplica,No Aplica,No Aplica,No Aplica,No Aplica,No Aplica,,,,,,,,2021,Segundo Trimestre,,,4442930.0,NO APLICA,1.3.2.3.05 - OTROS RENDIMIENTOS FINANCIEROS,NO,NO APLICA,NO APLICA,0,NO APLICA,NO APLICA,NO APLICA,0.0,4442930.0,0.0,0.0,,,,,,
7012468,20210301,218552585,Pupiales,1.1.02.03.001.20,MULTAS CODIGO NACIONAL DE SEGURIDAD Y CONVIVENCIA CIUDADANA,INGRESOS,INGRESOS CORRIENTES,INGRESOS NO TRIBUTARIOS,"MULTAS, SANCIONES E INTERESES DE MORA",MULTAS Y SANCIONES,MULTAS CODIGO NACIONAL DE SEGURIDAD Y CONVIVENCIA CIUDADANA,No Aplica,No Aplica,No Aplica,No Aplica,,,,,,,,2021,Primer Trimestre,,,22493595.0,NO APLICA,NO APLICA,NO,NO APLICA,NO APLICA,,NO APLICA,NO APLICA,NO APLICA,0.0,22493595.0,0.0,0.0,,,,,,
7012641,20210301,218552585,Pupiales,1.1.01.02.300.55,ESTAMPILLA PRO CULTURA,INGRESOS,INGRESOS CORRIENTES,INGRESOS TRIBUTARIOS,IMPUESTOS INDIRECTOS,ESTAMPILLAS,ESTAMPILLA PRO CULTURA,No Aplica,No Aplica,No Aplica,No Aplica,,,,,,,,2021,Primer Trimestre,,,187995.0,NO APLICA,1.2.3.1.19 - ESTAMPILLAS,NO,NO APLICA,NO APLICA,0,NO APLICA,NO APLICA,NO APLICA,0.0,187995.0,0.0,0.0,,,,,,
7015932,20211201,218552585,Pupiales,1.1.02.03.001,MULTAS Y SANCIONES,INGRESOS,INGRESOS CORRIENTES,INGRESOS NO TRIBUTARIOS,"MULTAS, SANCIONES E INTERESES DE MORA",MULTAS Y SANCIONES,No Aplica,No Aplica,No Aplica,No Aplica,No Aplica,,,,,,,,2021,Cuarto Trimestre,,,40419121.0,NO APLICA,NO APLICA,NO APLICA,NO APLICA,NO APLICA,NO APLICA,NO APLICA,NO APLICA,NO APLICA,0.0,40419121.0,0.0,0.0,,,,,,
7017647,20230601,218552585,Pupiales,1.1.02.03.001.20.01,MULTAS CODIGO NACIONAL DE SEGURIDAD Y CONVIVENCIA CIUDADANA - MULTAS GENERALES,INGRESOS,INGRESOS CORRIENTES,INGRESOS NO TRIBUTARIOS,"MULTAS, SANCIONES E INTERESES DE MORA",MULTAS Y SANCIONES,MULTAS CODIGO NACIONAL DE SEGURIDAD Y CONVIVENCIA CIUDADANA,MULTAS CODIGO NACIONAL DE SEGURIDAD Y CONVIVENCIA CIUDADANA - MULTAS GENERALES,No Aplica,No Aplica,No Aplica,,,,,,,,2023,Segundo Trimestre,,,4860084.0,NO APLICA,MULTAS CODIGO NACIONAL DE POLICIA Y CONVIVENCIA,NO APLICA,NO APLICA,NO APLICA,NO APLICA,NO APLICA,NO APLICA,NO APLICA,0.0,4860084.0,0.0,0.0,,,,,,
7017653,20221201,218552585,Pupiales,1.1.02.03,"MULTAS, SANCIONES E INTERESES DE MORA",INGRESOS,INGRESOS CORRIENTES,INGRESOS NO TRIBUTARIOS,"MULTAS, SANCIONES E INTERESES DE MORA",No Aplica,No Aplica,No Aplica,No Aplica,No Aplica,No Aplica,,,,,,,,2022,Cuarto Trimestre,,,67287058.0,NO APLICA,NO APLICA,NO APLICA,NO APLICA,NO APLICA,NO APLICA,NO APLICA,NO APLICA,NO APLICA,0.0,67287058.0,0.0,0.0,,,,,,
7017989,20220301,218552585,Pupiales,1.1.01.02.201,IMPUESTO COMPLEMENTARIO DE AVISOS Y TABLEROS,INGRESOS,INGRESOS CORRIENTES,INGRESOS TRIBUTARIOS,IMPUESTOS INDIRECTOS,IMPUESTO COMPLEMENTARIO DE AVISOS Y TABLEROS,No Aplica,No Aplica,No Aplica,No Aplica,No Aplica,,,,,,,,2022,Primer Trimestre,,,20306450.0,NO APLICA,INGRESOS CORRIENTES DE LIBRE DESTINACION,NO APLICA,NO APLICA,NO APLICA,NO APLICA,NO APLICA,NO APLICA,NO APLICA,0.0,20306450.0,0.0,0.0,,,,,,
7018469,20230601,218552585,Pupiales,1.1.02.02.087,TASAS POR EL DERECHO DE PARQUEO SOBRE LAS VIAS PUBLICAS,INGRESOS,INGRESOS CORRIENTES,INGRESOS NO TRIBUTARIOS,TASAS Y DERECHOS ADMINISTRATIVOS,TASAS POR EL DERECHO DE PARQUEO SOBRE LAS VIAS PUBLICAS,No Aplica,No Aplica,No Aplica,No Aplica,No Aplica,,,,,,,,2023,Segundo Trimestre,,,1308000.0,NO APLICA,INGRESOS CORRIENTES DE LIBRE DESTINACION,NO APLICA,NO APLICA,NO APLICA,NO APLICA,NO APLICA,NO APLICA,NO APLICA,0.0,1308000.0,0.0,0.0,,,,,,
7018988,20210901,218552585,Pupiales,1.1.02.02,TASAS Y DERECHOS ADMINISTRATIVOS,INGRESOS,INGRESOS CORRIENTES,INGRESOS NO TRIBUTARIOS,TASAS Y DERECHOS ADMINISTRATIVOS,No Aplica,No Aplica,No Aplica,No Aplica,No Aplica,No Aplica,,,,,,,,2021,Tercer Trimestre,,,295036.0,NO APLICA,NO APLICA,NO,NO APLICA,NO APLICA,,NO APLICA,NO APLICA,NO APLICA,0.0,295036.0,0.0,0.0,,,,,,
7021711,20220601,218552585,Pupiales,1.2.14.04,RECURSOS DE TERCEROS EN ADMINISTRACION,INGRESOS,RECURSOS DE CAPITAL,RECURSOS DE TERCEROS,RECURSOS DE TERCEROS EN ADMINISTRACION,No Aplica,No Aplica,No Aplica,No Aplica,No Aplica,No Aplica,,,,,,,,2022,Segundo Trimestre,,,439950149.0,NO APLICA,RECURSOS DEL BALANCE DE DESTINACION ESPECIFICA POR ACTO ADMINISTRATIVO,NO APLICA,NO APLICA,ACUERDO,NO APLICA,NO APLICA,NO APLICA,NO APLICA,0.0,439950149.0,0.0,0.0,,,,,,
7023037,20230601,218552585,Pupiales,1.1.01.02.201,IMPUESTO COMPLEMENTARIO DE AVISOS Y TABLEROS,INGRESOS,INGRESOS CORRIENTES,INGRESOS TRIBUTARIOS,IMPUESTOS INDIRECTOS,IMPUESTO COMPLEMENTARIO DE AVISOS Y TABLEROS,No Aplica,No Aplica,No Aplica,No Aplica,No Aplica,,,,,,,,2023,Segundo Trimestre,,,2000.0,NO APLICA,INGRESOS CORRIENTES DE LIBRE DESTINACION,NO APLICA,NO APLICA,NO APLICA,NO APLICA,E.S.P. EMPRESA DE TELECOMUNICACIONES DE BOGOTA S.A.,NO APLICA,NO APLICA,0.0,2000.0,0.0,0.0,,,,,,
7028059,20230301,218552585,Pupiales,1.2.05.02,DEPOSITOS,INGRESOS,RECURSOS DE CAPITAL,RENDIMIENTOS FINANCIEROS,DEPOSITOS,No Aplica,No Aplica,No Aplica,No Aplica,No Aplica,No Aplica,,,,,,,,2023,Primer Trimestre,,,2933.0,NO APLICA,R.F. SGP - PROPOSITO GENERAL,NO APLICA,NO APLICA,NO APLICA,NO APLICA,NO APLICA,NO APLICA,NO APLICA,0.0,2933.0,0.0,0.0,,,,,,
7033510,20230601,218552585,Pupiales,1,INGRESOS,INGRESOS,No Aplica,No Aplica,No Aplica,No Aplica,No Aplica,No Aplica,No Aplica,No Aplica,No Aplica,,,,,,,,2023,Segundo Trimestre,,,17176539672.0,NO APLICA,NO APLICA,NO APLICA,NO APLICA,NO APLICA,NO APLICA,NO APLICA,NO APLICA,NO APLICA,0.0,17176539672.0,0.0,0.0,,,,,,
7033606,20230601,218552585,Pupiales,1.1.02.06.001.01.03,CALIDAD,INGRESOS,INGRESOS CORRIENTES,INGRESOS NO TRIBUTARIOS,TRANSFERENCIAS CORRIENTES,SISTEMA GENERAL DE PARTICIPACIONES,PARTICIPACION PARA EDUCACION,CALIDAD,No Aplica,No Aplica,No Aplica,,,,,,,,2023,Segundo Trimestre,,,289788105.0,NO APLICA,NO APLICA,NO APLICA,NO APLICA,NO APLICA,NO APLICA,NO APLICA,NO APLICA,NO APLICA,0.0,289788105.0,0.0,0.0,,,,,,
7036855,20230601,218552585,Pupiales,1.1.02.06.001.05,AGUA POTABLE Y SANEAMIENTO BASICO,INGRESOS,INGRESOS CORRIENTES,INGRESOS NO TRIBUTARIOS,TRANSFERENCIAS CORRIENTES,SISTEMA GENERAL DE PARTICIPACIONES,AGUA POTABLE Y SANEAMIENTO BASICO,No Aplica,No Aplica,No Aplica,No Aplica,,,,,,,,2023,Segundo Trimestre,,,100171289.0,NO APLICA,SGP-AGUA POTABLE Y SANEAMIENTO BASICO,NO APLICA,NO APLICA,NO APLICA,NO APLICA,NO APLICA,NO APLICA,NO APLICA,0.0,100171289.0,0.0,0.0,,,,,,
7038181,20220301,218552585,Pupiales,1.1.02.03.001.20,MULTAS CODIGO NACIONAL DE SEGURIDAD Y CONVIVENCIA CIUDADANA,INGRESOS,INGRESOS CORRIENTES,INGRESOS NO TRIBUTARIOS,"MULTAS, SANCIONES E INTERESES DE MORA",MULTAS Y SANCIONES,MULTAS CODIGO NACIONAL DE SEGURIDAD Y CONVIVENCIA CIUDADANA,No Aplica,No Aplica,No Aplica,No Aplica,,,,,,,,2022,Primer Trimestre,,,1743582.0,NO APLICA,NO APLICA,NO APLICA,NO APLICA,NO APLICA,NO APLICA,NO APLICA,NO APLICA,NO APLICA,0.0,1743582.0,0.0,0.0,,,,,,
7039341,20210601,218552585,Pupiales,1.1.02.06.001.03.01,DEPORTE Y RECREACION,INGRESOS,INGRESOS CORRIENTES,INGRESOS NO TRIBUTARIOS,TRANSFERENCIAS CORRIENTES,SISTEMA GENERAL DE PARTICIPACIONES,PARTICIPACION PARA PROPOSITO GENERAL,DEPORTE Y RECREACION,No Aplica,No Aplica,No Aplica,,,,,,,,2021,Segundo Trimestre,,,30156685.0,NO APLICA,1.2.4.3.01 - SGP-PROPOSITO GENERAL-DEPORTE Y RECREACION,NO,NO APLICA,NO APLICA,0,DIRECCION NACIONAL DEL TESORO MINISTERIO DE HACIENDA Y CREDITO PUBLICO,NO APLICA,NO APLICA,0.0,30156685.0,0.0,0.0,,,,,,
7039876,20210901,218552585,Pupiales,1.1.02.02.087,TASAS POR EL DERECHO DE PARQUEO SOBRE LAS VIAS PUBLICAS,INGRESOS,INGRESOS CORRIENTES,INGRESOS NO TRIBUTARIOS,TASAS Y DERECHOS ADMINISTRATIVOS,TASAS POR EL DERECHO DE PARQUEO SOBRE LAS VIAS PUBLICAS,No Aplica,No Aplica,No Aplica,No Aplica,No Aplica,,,,,,,,2021,Tercer Trimestre,,,295036.0,NO APLICA,1.2.3.2.05 - OTRAS TASAS Y DERECHOS ADMINISTRATIVOS,NO,NO APLICA,NO APLICA,0,NO APLICA,NO APLICA,NO APLICA,0.0,295036.0,0.0,0.0,,,,,,
7041764,20230901,218552585,Pupiales,1.1.01.02,IMPUESTOS INDIRECTOS,INGRESOS,INGRESOS CORRIENTES,INGRESOS TRIBUTARIOS,IMPUESTOS INDIRECTOS,No Aplica,No Aplica,No Aplica,No Aplica,No Aplica,No Aplica,,,,,,,,2023,Tercer Trimestre,,,950673950.0,NO APLICA,NO APLICA,NO APLICA,NO APLICA,NO APLICA,NO APLICA,NO APLICA,NO APLICA,NO APLICA,0.0,950673950.0,0.0,0.0,,,,,,
7043429,20230301,218552585,Pupiales,1.2.05.02,DEPOSITOS,INGRESOS,RECURSOS DE CAPITAL,RENDIMIENTOS FINANCIEROS,DEPOSITOS,No Aplica,No Aplica,No Aplica,No Aplica,No Aplica,No Aplica,,,,,,,,2023,Primer Trimestre,,,590.0,NO APLICA,R.F. DISTINTOS AL SGP,NO APLICA,NO APLICA,NO APLICA,NO APLICA,EL PEÑOL - NARIÑO,NO APLICA,NO APLICA,0.0,590.0,0.0,0.0,,,,,,
7043595,20211201,218552585,Pupiales,1.1.01.02.204,IMPUESTO DE DELINEACION,INGRESOS,INGRESOS CORRIENTES,INGRESOS TRIBUTARIOS,IMPUESTOS INDIRECTOS,IMPUESTO DE DELINEACION,No Aplica,No Aplica,No Aplica,No Aplica,No Aplica,,,,,,,,2021,Cuarto Trimestre,,,14211217.0,NO APLICA,INGRESOS CORRIENTES DE LIBRE DESTINACION,NO APLICA,NO APLICA,NO APLICA,NO APLICA,NO APLICA,NO APLICA,NO APLICA,0.0,14211217.0,0.0,0.0,,,,,,
7044377,20210901,218552585,Pupiales,1.1,INGRESOS CORRIENTES,INGRESOS,INGRESOS CORRIENTES,No Aplica,No Aplica,No Aplica,No Aplica,No Aplica,No Aplica,No Aplica,No Aplica,,,,,,,,2021,Tercer Trimestre,,,18899749454.0,NO APLICA,NO APLICA,NO,NO APLICA,NO APLICA,,NO APLICA,NO APLICA,NO APLICA,13204713932.0,5695035522.0,0.0,0.0,,,,,,
7048059,20220901,218552585,Pupiales,1.1.02.06.006.06,OTRAS UNIDADES DE GOBIERNO,INGRESOS,INGRESOS CORRIENTES,INGRESOS NO TRIBUTARIOS,TRANSFERENCIAS CORRIENTES,TRANSFERENCIAS DE OTRAS ENTIDADES DEL GOBIERNO GENERAL,OTRAS UNIDADES DE GOBIERNO,No Aplica,No Aplica,No Aplica,No Aplica,,,,,,,,2022,Tercer Trimestre,,,507119251.0,NO APLICA,OTRAS TRANSFERENCIAS CORRIENTES DE OTRAS ENTIDADES CON DESTINACION ESPECIFICA LEGAL DEL GOBIERNO GENERAL,NO APLICA,NO APLICA,NO APLICA,NO APLICA,DEPARTAMENTO DE NARIÑO,NO APLICA,NO APLICA,507119251.0,0.0,0.0,0.0,,,,,,
7050389,20221201,218552585,Pupiales,1.1.02.06.001.04,ASIGNACIONES ESPECIALES,INGRESOS,INGRESOS CORRIENTES,INGRESOS NO TRIBUTARIOS,TRANSFERENCIAS CORRIENTES,SISTEMA GENERAL DE PARTICIPACIONES,ASIGNACIONES ESPECIALES,No Aplica,No Aplica,No Aplica,No Aplica,,,,,,,,2022,Cuarto Trimestre,,,75947567.0,NO APLICA,NO APLICA,NO APLICA,NO APLICA,NO APLICA,NO APLICA,NO APLICA,NO APLICA,NO APLICA,0.0,75947567.0,0.0,0.0,,,,,,
7051477,20230301,218552585,Pupiales,1.1.02.02,TASAS Y DERECHOS ADMINISTRATIVOS,INGRESOS,INGRESOS CORRIENTES,INGRESOS NO TRIBUTARIOS,TASAS Y DERECHOS ADMINISTRATIVOS,No Aplica,No Aplica,No Aplica,No Aplica,No Aplica,No Aplica,,,,,,,,2023,Primer Trimestre,,,100000.0,NO APLICA,NO APLICA,NO APLICA,NO APLICA,NO APLICA,NO APLICA,NO APLICA,NO APLICA,NO APLICA,0.0,100000.0,0.0,0.0,,,,,,
7051530,20210301,218552585,Pupiales,1.1.01.02.200,IMPUESTO DE INDUSTRIA Y COMERCIO,INGRESOS,INGRESOS CORRIENTES,INGRESOS TRIBUTARIOS,IMPUESTOS INDIRECTOS,IMPUESTO DE INDUSTRIA Y COMERCIO,No Aplica,No Aplica,No Aplica,No Aplica,No Aplica,,,,,,,,2021,Primer Trimestre,,,108501748.0,NO APLICA,NO APLICA,NO,NO APLICA,NO APLICA,,NO APLICA,NO APLICA,NO APLICA,0.0,108501748.0,0.0,0.0,,,,,,
7052732,20230601,218552585,Pupiales,1.1.01,INGRESOS TRIBUTARIOS,INGRESOS,INGRESOS CORRIENTES,INGRESOS TRIBUTARIOS,No Aplica,No Aplica,No Aplica,No Aplica,No Aplica,No Aplica,No Aplica,,,,,,,,2023,Segundo Trimestre,,,1026387715.0,NO APLICA,NO APLICA,NO APLICA,NO APLICA,NO APLICA,NO APLICA,NO APLICA,NO APLICA,NO APLICA,0.0,1026387715.0,0.0,0.0,,,,,,
7053634,20230901,218552585,Pupiales,1.1.02.03.001.11,SANCIONES TRIBUTARIAS,INGRESOS,INGRESOS CORRIENTES,INGRESOS NO TRIBUTARIOS,"MULTAS, SANCIONES E INTERESES DE MORA",MULTAS Y SANCIONES,SANCIONES TRIBUTARIAS,No Aplica,No Aplica,No Aplica,No Aplica,,,,,,,,2023,Tercer Trimestre,,,817111.0,NO APLICA,"OTRAS MULTAS, SANCIONES E INTERESES DE MORA CON DESTINACION ESPECIFICA LEGAL",NO APLICA,NO APLICA,NO APLICA,NO APLICA,NO APLICA,NO APLICA,NO APLICA,0.0,817111.0,0.0,0.0,,,,,,
7054225,20221201,218552585,Pupiales,1.1.01.02.200,IMPUESTO DE INDUSTRIA Y COMERCIO,INGRESOS,INGRESOS CORRIENTES,INGRESOS TRIBUTARIOS,IMPUESTOS INDIRECTOS,IMPUESTO DE INDUSTRIA Y COMERCIO,No Aplica,No Aplica,No Aplica,No Aplica,No Aplica,,,,,,,,2022,Cuarto Trimestre,,,235424560.0,NO APLICA,NO APLICA,NO APLICA,NO APLICA,NO APLICA,NO APLICA,NO APLICA,NO APLICA,NO APLICA,0.0,235424560.0,0.0,0.0,,,,,,
7057724,20210301,218552585,Pupiales,1.1.01,INGRESOS TRIBUTARIOS,INGRESOS,INGRESOS CORRIENTES,INGRESOS TRIBUTARIOS,No Aplica,No Aplica,No Aplica,No Aplica,No Aplica,No Aplica,No Aplica,,,,,,,,2021,Primer Trimestre,,,409081831.0,NO APLICA,NO APLICA,NO,NO APLICA,NO APLICA,,NO APLICA,NO APLICA,NO APLICA,0.0,409081831.0,0.0,0.0,,,,,,
7060504,20220301,218552585,Pupiales,1.1.01.01.014.01,SOBRETASA AMBIENTAL - URBANO,INGRESOS,INGRESOS CORRIENTES,INGRESOS TRIBUTARIOS,IMPUESTOS DIRECTOS,SOBRETASA AMBIENTAL,SOBRETASA AMBIENTAL - URBANO,No Aplica,No Aplica,No Aplica,No Aplica,,,,,,,,2022,Primer Trimestre,,,14739511.0,NO APLICA,SOBRETASA - PARTICIPACION AMBIENTAL - CORPORACIONES AUTONOMAS REGIONALES,NO APLICA,NO APLICA,NO APLICA,NO APLICA,NO APLICA,NO APLICA,NO APLICA,0.0,14739511.0,0.0,0.0,,,,,,
7061223,20210901,218552585,Pupiales,1.2.01.02.003,DISPOSICION DE ACTIVOS NO PRODUCIDOS,INGRESOS,RECURSOS DE CAPITAL,DISPOSICION DE ACTIVOS,DISPOSICION DE ACTIVOS NO FINANCIEROS,DISPOSICION DE ACTIVOS NO PRODUCIDOS,No Aplica,No Aplica,No Aplica,No Aplica,No Aplica,,,,,,,,2021,Tercer Trimestre,,,242000000.0,NO APLICA,NO APLICA,NO,NO APLICA,NO APLICA,,NO APLICA,NO APLICA,NO APLICA,0.0,242000000.0,0.0,0.0,,,,,,
7061486,20211201,218552585,Pupiales,1.1.02.06.001.02.02,SALUD PUBLICA,INGRESOS,INGRESOS CORRIENTES,INGRESOS NO TRIBUTARIOS,TRANSFERENCIAS CORRIENTES,SISTEMA GENERAL DE PARTICIPACIONES,PARTICIPACION PARA SALUD,SALUD PUBLICA,No Aplica,No Aplica,No Aplica,,,,,,,,2021,Cuarto Trimestre,,,211155678.0,NO APLICA,SGP-SALUD-SALUD PUBLICA,NO APLICA,NO APLICA,NO APLICA,NO APLICA,DIRECCION NACIONAL DEL TESORO MINISTERIO DE HACIENDA Y CREDITO PUBLICO,NO APLICA,NO APLICA,0.0,211155678.0,0.0,0.0,,,,,,
7061583,20230901,218552585,Pupiales,1.2.10.02,SUPERAVIT FISCAL,INGRESOS,RECURSOS DE CAPITAL,RECURSOS DEL BALANCE,SUPERAVIT FISCAL,No Aplica,No Aplica,No Aplica,No Aplica,No Aplica,No Aplica,,,,,,,,2023,Tercer Trimestre,,,1169557.0,NO APLICA,R.B. SOBRETASA BOMBERIL,NO APLICA,NO APLICA,NO APLICA,NO APLICA,PUPIALES,NO APLICA,NO APLICA,0.0,1169557.0,0.0,0.0,,,,,,
7063002,20220301,218552585,Pupiales,1.1.01.01.014.02,SOBRETASA AMBIENTAL -RURAL,INGRESOS,INGRESOS CORRIENTES,INGRESOS TRIBUTARIOS,IMPUESTOS DIRECTOS,SOBRETASA AMBIENTAL,SOBRETASA AMBIENTAL -RURAL,No Aplica,No Aplica,No Aplica,No Aplica,,,,,,,,2022,Primer Trimestre,,,16786466.0,NO APLICA,SOBRETASA - PARTICIPACION AMBIENTAL - CORPORACIONES AUTONOMAS REGIONALES,NO APLICA,NO APLICA,NO APLICA,NO APLICA,NO APLICA,NO APLICA,NO APLICA,0.0,16786466.0,0.0,0.0,,,,,,
7066847,20220601,218552585,Pupiales,1.1.02.06.009,RECURSOS DEL SISTEMA DE SEGURIDAD SOCIAL INTEGRAL,INGRESOS,INGRESOS CORRIENTES,INGRESOS NO TRIBUTARIOS,TRANSFERENCIAS CORRIENTES,RECURSOS DEL SISTEMA DE SEGURIDAD SOCIAL INTEGRAL,No Aplica,No Aplica,No Aplica,No Aplica,No Aplica,,,,,,,,2022,Segundo Trimestre,,,5389106478.0,NO APLICA,NO APLICA,NO APLICA,NO APLICA,NO APLICA,NO APLICA,NO APLICA,NO APLICA,NO APLICA,5389106478.0,0.0,0.0,0.0,,,,,,
7068925,20230601,218552585,Pupiales,1.2.10.02,SUPERAVIT FISCAL,INGRESOS,RECURSOS DE CAPITAL,RECURSOS DEL BALANCE,SUPERAVIT FISCAL,No Aplica,No Aplica,No Aplica,No Aplica,No Aplica,No Aplica,,,,,,,,2023,Segundo Trimestre,,,87390019.0,NO APLICA,R.B. MULTAS CODIGO NACIONAL DE POLICIA Y CONVIVENCIA,NO APLICA,NO APLICA,NO APLICA,NO APLICA,PUPIALES,NO APLICA,NO APLICA,0.0,87390019.0,0.0,0.0,,,,,,
7074380,20220601,218552585,Pupiales,1.1.02.03.001.11,SANCIONES TRIBUTARIAS,INGRESOS,INGRESOS CORRIENTES,INGRESOS NO TRIBUTARIOS,"MULTAS, SANCIONES E INTERESES DE MORA",MULTAS Y SANCIONES,SANCIONES TRIBUTARIAS,No Aplica,No Aplica,No Aplica,No Aplica,,,,,,,,2022,Segundo Trimestre,,,598000.0,NO APLICA,"OTRAS MULTAS, SANCIONES E INTERESES DE MORA CON DESTINACION ESPECIFICA LEGAL",NO APLICA,NO APLICA,NO APLICA,NO APLICA,NO APLICA,NO APLICA,NO APLICA,0.0,598000.0,0.0,0.0,,,,,,
7075701,20220901,218552585,Pupiales,1.2.10.02,SUPERAVIT FISCAL,INGRESOS,RECURSOS DE CAPITAL,RECURSOS DEL BALANCE,SUPERAVIT FISCAL,No Aplica,No Aplica,No Aplica,No Aplica,No Aplica,No Aplica,,,,,,,,2022,Tercer Trimestre,,,8166156.0,NO APLICA,RECURSOS DEL BALANCE DE DESTINACION ESPECIFICA POR ACTO ADMINISTRATIVO,NO APLICA,NO APLICA,DECRETO,NO APLICA,NO APLICA,NO APLICA,NO APLICA,0.0,0.0,0.0,8166156.0,,,,,,
7077827,20220301,218552585,Pupiales,1.1.02.05.002,VENTAS INCIDENTALES DE ESTABLECIMIENTOS NO DE MERCADO,INGRESOS,INGRESOS CORRIENTES,INGRESOS NO TRIBUTARIOS,VENTA DE BIENES Y SERVICIOS,VENTAS INCIDENTALES DE ESTABLECIMIENTOS NO DE MERCADO,No Aplica,No Aplica,No Aplica,No Aplica,No Aplica,,,,,,,,2022,Primer Trimestre,,,14091509.0,NO APLICA,NO APLICA,NO APLICA,NO APLICA,NO APLICA,NO APLICA,NO APLICA,NO APLICA,NO APLICA,0.0,14091509.0,0.0,0.0,,,,,,
7081597,20230601,218552585,Pupiales,1.1.01.02.300.55,ESTAMPILLA PRO CULTURA,INGRESOS,INGRESOS CORRIENTES,INGRESOS TRIBUTARIOS,IMPUESTOS INDIRECTOS,ESTAMPILLAS,ESTAMPILLA PRO CULTURA,No Aplica,No Aplica,No Aplica,No Aplica,,,,,,,,2023,Segundo Trimestre,,,25999763.0,NO APLICA,ESTAMPILLAS,NO APLICA,NO APLICA,NO APLICA,NO APLICA,NO APLICA,NO APLICA,NO APLICA,0.0,25999763.0,0.0,0.0,,,,,,
7082113,20210601,218552585,Pupiales,1.1.01.02.214,IMPUESTO DE TRANSPORTE POR OLEODUCTOS Y GASODUCTOS,INGRESOS,INGRESOS CORRIENTES,INGRESOS TRIBUTARIOS,IMPUESTOS INDIRECTOS,IMPUESTO DE TRANSPORTE POR OLEODUCTOS Y GASODUCTOS,No Aplica,No Aplica,No Aplica,No Aplica,No Aplica,,,,,,,,2021,Segundo Trimestre,,,5454094.0,NO APLICA,1.2.3.1.17 - IMPUESTO DE TRANSPORTE POR OLEODUCTOS Y GASODUCTOS,NO,NO APLICA,NO APLICA,0,NO APLICA,NO APLICA,NO APLICA,0.0,5454094.0,0.0,0.0,,,,,,
7083493,20230601,218552585,Pupiales,1.1.02.06.001.01,PARTICIPACION PARA EDUCACION,INGRESOS,INGRESOS CORRIENTES,INGRESOS NO TRIBUTARIOS,TRANSFERENCIAS CORRIENTES,SISTEMA GENERAL DE PARTICIPACIONES,PARTICIPACION PARA EDUCACION,No Aplica,No Aplica,No Aplica,No Aplica,,,,,,,,2023,Segundo Trimestre,,,289788105.0,NO APLICA,NO APLICA,NO APLICA,NO APLICA,NO APLICA,NO APLICA,NO APLICA,NO APLICA,NO APLICA,0.0,289788105.0,0.0,0.0,,,,,,
7083600,20220301,218552585,Pupiales,1.1.01.01.014,SOBRETASA AMBIENTAL,INGRESOS,INGRESOS CORRIENTES,INGRESOS TRIBUTARIOS,IMPUESTOS DIRECTOS,SOBRETASA AMBIENTAL,No Aplica,No Aplica,No Aplica,No Aplica,No Aplica,,,,,,,,2022,Primer Trimestre,,,31525977.0,NO APLICA,NO APLICA,NO APLICA,NO APLICA,NO APLICA,NO APLICA,NO APLICA,NO APLICA,NO APLICA,0.0,31525977.0,0.0,0.0,,,,,,
7083906,20210301,218552585,Pupiales,1.1.02.07,PARTICIPACION Y DERECHOS POR MONOPOLIO,INGRESOS,INGRESOS CORRIENTES,INGRESOS NO TRIBUTARIOS,PARTICIPACION Y DERECHOS POR MONOPOLIO,No Aplica,No Aplica,No Aplica,No Aplica,No Aplica,No Aplica,,,,,,,,2021,Primer Trimestre,,,31418009.0,NO APLICA,NO APLICA,NO,NO APLICA,NO APLICA,,NO APLICA,NO APLICA,NO APLICA,0.0,31418009.0,0.0,0.0,,,,,,
7084577,20230301,218552585,Pupiales,1.1.02.06.001.04,ASIGNACIONES ESPECIALES,INGRESOS,INGRESOS CORRIENTES,INGRESOS NO TRIBUTARIOS,TRANSFERENCIAS CORRIENTES,SISTEMA GENERAL DE PARTICIPACIONES,ASIGNACIONES ESPECIALES,No Aplica,No Aplica,No Aplica,No Aplica,,,,,,,,2023,Primer Trimestre,,,4448974.0,NO APLICA,NO APLICA,NO APLICA,NO APLICA,NO APLICA,NO APLICA,NO APLICA,NO APLICA,NO APLICA,0.0,4448974.0,0.0,0.0,,,,,,
7085315,20210301,218552585,Pupiales,1.1.02.06.001.03.03,PROPOSITO GENERAL LIBRE INVERSION,INGRESOS,INGRESOS CORRIENTES,INGRESOS NO TRIBUTARIOS,TRANSFERENCIAS CORRIENTES,SISTEMA GENERAL DE PARTICIPACIONES,PARTICIPACION PARA PROPOSITO GENERAL,PROPOSITO GENERAL LIBRE INVERSION,No Aplica,No Aplica,No Aplica,,,,,,,,2021,Primer Trimestre,,,318662214.0,NO APLICA,1.2.4.3.03 - SGP-PROPOSITO GENERAL-PROPOSITO GENERAL LIBRE INVERSION,NO,NO APLICA,NO APLICA,0,DIRECCION NACIONAL DEL TESORO MINISTERIO DE HACIENDA Y CREDITO PUBLICO,NO APLICA,NO APLICA,0.0,318662214.0,0.0,0.0,,,,,,
7090843,20211201,218552585,Pupiales,1.2.01,DISPOSICION DE ACTIVOS,INGRESOS,RECURSOS DE CAPITAL,DISPOSICION DE ACTIVOS,No Aplica,No Aplica,No Aplica,No Aplica,No Aplica,No Aplica,No Aplica,,,,,,,,2021,Cuarto Trimestre,,,242000000.0,NO APLICA,NO APLICA,NO APLICA,NO APLICA,NO APLICA,NO APLICA,NO APLICA,NO APLICA,NO APLICA,0.0,242000000.0,0.0,0.0,,,,,,
7091999,20230301,218552585,Pupiales,1.1.01.02.218,TASA PRODEPORTE Y RECREACION,INGRESOS,INGRESOS CORRIENTES,INGRESOS TRIBUTARIOS,IMPUESTOS INDIRECTOS,TASA PRODEPORTE Y RECREACION,No Aplica,No Aplica,No Aplica,No Aplica,No Aplica,,,,,,,,2023,Primer Trimestre,,,36858722.0,NO APLICA,CONTRIBUCIONES SOCIALES - PENSION,NO APLICA,NO APLICA,NO APLICA,NO APLICA,EL PEÑOL - NARIÑO,NO APLICA,NO APLICA,0.0,36858722.0,0.0,0.0,,,,,,
7092778,20220901,218552585,Pupiales,1.1.02.06.001.04.01,PROGRAMAS DE ALIMENTACION ESCOLAR,INGRESOS,INGRESOS CORRIENTES,INGRESOS NO TRIBUTARIOS,TRANSFERENCIAS CORRIENTES,SISTEMA GENERAL DE PARTICIPACIONES,ASIGNACIONES ESPECIALES,PROGRAMAS DE ALIMENTACION ESCOLAR,No Aplica,No Aplica,No Aplica,,,,,,,,2022,Tercer Trimestre,,,50633488.0,NO APLICA,SGP-ASIGNACION ESPECIAL-PROGRAMAS DE ALIMENTACION ESCOLAR,NO APLICA,NO APLICA,NO APLICA,NO APLICA,DIRECCION NACIONAL DEL TESORO MINISTERIO DE HACIENDA Y CREDITO PUBLICO,NO APLICA,NO APLICA,0.0,50633488.0,0.0,0.0,,,,,,
7092907,20230601,218552585,Pupiales,1.1.01.02.200.01,IMPUESTO DE INDUSTRIA Y COMERCIO - SOBRE ACTIVIDADES COMERCIALES,INGRESOS,INGRESOS CORRIENTES,INGRESOS TRIBUTARIOS,IMPUESTOS INDIRECTOS,IMPUESTO DE INDUSTRIA Y COMERCIO,IMPUESTO DE INDUSTRIA Y COMERCIO - SOBRE ACTIVIDADES COMERCIALES,No Aplica,No Aplica,No Aplica,No Aplica,,,,,,,,2023,Segundo Trimestre,,,75696974.0,NO APLICA,INGRESOS CORRIENTES DE LIBRE DESTINACION,NO APLICA,NO APLICA,NO APLICA,NO APLICA,NO APLICA,NO APLICA,NO APLICA,0.0,75696974.0,0.0,0.0,,,,,,
7095538,20211201,218552585,Pupiales,1.1.02.01.005.63,PARTICIPACION EN LA PLUSVALIA,INGRESOS,INGRESOS CORRIENTES,INGRESOS NO TRIBUTARIOS,CONTRIBUCIONES,CONTRIBUCIONES DIVERSAS,PARTICIPACION EN LA PLUSVALIA,No Aplica,No Aplica,No Aplica,No Aplica,,,,,,,,2021,Cuarto Trimestre,,,1606418.0,NO APLICA,OTRAS CONTRIBUCIONES CON DESTINACION ESPECIFICA LEGAL,NO APLICA,NO APLICA,NO APLICA,NO APLICA,NO APLICA,NO APLICA,NO APLICA,0.0,1606418.0,0.0,0.0,,,,,,
7097316,20230301,218552585,Pupiales,1.2.05.02,DEPOSITOS,INGRESOS,RECURSOS DE CAPITAL,RENDIMIENTOS FINANCIEROS,DEPOSITOS,No Aplica,No Aplica,No Aplica,No Aplica,No Aplica,No Aplica,,,,,,,,2023,Primer Trimestre,,,2074.0,NO APLICA,R.F. SGP - SALUD-SALUD PUBLICA,NO APLICA,NO APLICA,NO APLICA,NO APLICA,EL PEÑOL - NARIÑO,NO APLICA,NO APLICA,0.0,2074.0,0.0,0.0,,,,,,
7099502,20220901,218552585,Pupiales,1.2.10,RECURSOS DEL BALANCE,INGRESOS,RECURSOS DE CAPITAL,RECURSOS DEL BALANCE,No Aplica,No Aplica,No Aplica,No Aplica,No Aplica,No Aplica,No Aplica,,,,,,,,2022,Tercer Trimestre,,,1181965645.0,NO APLICA,NO APLICA,NO APLICA,NO APLICA,NO APLICA,NO APLICA,NO APLICA,NO APLICA,NO APLICA,0.0,0.0,0.0,1181965645.0,,,,,,
7101744,20230901,218552585,Pupiales,1.1.01.02.201,IMPUESTO COMPLEMENTARIO DE AVISOS Y TABLEROS,INGRESOS,INGRESOS CORRIENTES,INGRESOS TRIBUTARIOS,IMPUESTOS INDIRECTOS,IMPUESTO COMPLEMENTARIO DE AVISOS Y TABLEROS,No Aplica,No Aplica,No Aplica,No Aplica,No Aplica,,,,,,,,2023,Tercer Trimestre,,,47000.0,NO APLICA,INGRESOS CORRIENTES DE LIBRE DESTINACION,NO APLICA,NO APLICA,NO APLICA,NO APLICA,SKYNET DE COLOMBIA S.A. E.S.P.,NO APLICA,NO APLICA,0.0,47000.0,0.0,0.0,,,,,,
7101792,20211201,218552585,Pupiales,1.2.10.02,SUPERAVIT FISCAL,INGRESOS,RECURSOS DE CAPITAL,RECURSOS DEL BALANCE,SUPERAVIT FISCAL,No Aplica,No Aplica,No Aplica,No Aplica,No Aplica,No Aplica,,,,,,,,2021,Cuarto Trimestre,,,10538226.0,NO APLICA,R.B. CONTRIBUCION SOBRE CONTRATOS DE OBRA PUBLICA,NO APLICA,NO APLICA,NO APLICA,NO APLICA,OTRO,NO APLICA,NO APLICA,0.0,10538226.0,0.0,0.0,,,,,,
7103795,20230901,218552585,Pupiales,1.1.01.02.200,IMPUESTO DE INDUSTRIA Y COMERCIO,INGRESOS,INGRESOS CORRIENTES,INGRESOS TRIBUTARIOS,IMPUESTOS INDIRECTOS,IMPUESTO DE INDUSTRIA Y COMERCIO,No Aplica,No Aplica,No Aplica,No Aplica,No Aplica,,,,,,,,2023,Tercer Trimestre,,,219462579.0,NO APLICA,NO APLICA,NO APLICA,NO APLICA,NO APLICA,NO APLICA,NO APLICA,NO APLICA,NO APLICA,0.0,219462579.0,0.0,0.0,,,,,,
7106481,20230901,218552585,Pupiales,1.1.01.02.201,IMPUESTO COMPLEMENTARIO DE AVISOS Y TABLEROS,INGRESOS,INGRESOS CORRIENTES,INGRESOS TRIBUTARIOS,IMPUESTOS INDIRECTOS,IMPUESTO COMPLEMENTARIO DE AVISOS Y TABLEROS,No Aplica,No Aplica,No Aplica,No Aplica,No Aplica,,,,,,,,2023,Tercer Trimestre,,,17507265.0,NO APLICA,INGRESOS CORRIENTES DE LIBRE DESTINACION,NO APLICA,NO APLICA,NO APLICA,NO APLICA,NO APLICA,NO APLICA,NO APLICA,0.0,17507265.0,0.0,0.0,,,,,,
7107127,20210601,218552585,Pupiales,1.1.02.06.001.02.04,SUBSIDIO A LA OFERTA,INGRESOS,INGRESOS CORRIENTES,INGRESOS NO TRIBUTARIOS,TRANSFERENCIAS CORRIENTES,SISTEMA GENERAL DE PARTICIPACIONES,PARTICIPACION PARA SALUD,SUBSIDIO A LA OFERTA,No Aplica,No Aplica,No Aplica,,,,,,,,2021,Segundo Trimestre,,,104565923.0,NO APLICA,1.2.4.2.04 - SGP-SALUD-SUBSIDIO A LA OFERTA,NO,NO APLICA,NO APLICA,0,DIRECCION NACIONAL DEL TESORO MINISTERIO DE HACIENDA Y CREDITO PUBLICO,NO APLICA,NO APLICA,104565923.0,0.0,0.0,0.0,,,,,,
7109301,20210301,218552585,Pupiales,1.1.02.03.001,MULTAS Y SANCIONES,INGRESOS,INGRESOS CORRIENTES,INGRESOS NO TRIBUTARIOS,"MULTAS, SANCIONES E INTERESES DE MORA",MULTAS Y SANCIONES,No Aplica,No Aplica,No Aplica,No Aplica,No Aplica,,,,,,,,2021,Primer Trimestre,,,22829695.0,NO APLICA,NO APLICA,NO,NO APLICA,NO APLICA,,NO APLICA,NO APLICA,NO APLICA,0.0,22829695.0,0.0,0.0,,,,,,
7112516,20230901,218552585,Pupiales,1.1.02.06.001.03.02,CULTURA,INGRESOS,INGRESOS CORRIENTES,INGRESOS NO TRIBUTARIOS,TRANSFERENCIAS CORRIENTES,SISTEMA GENERAL DE PARTICIPACIONES,PARTICIPACION PARA PROPOSITO GENERAL,CULTURA,No Aplica,No Aplica,No Aplica,,,,,,,,2023,Tercer Trimestre,,,56132069.0,NO APLICA,SGP-PROPOSITO GENERAL-CULTURA,NO APLICA,NO APLICA,NO APLICA,NO APLICA,NO APLICA,NO APLICA,NO APLICA,0.0,56132069.0,0.0,0.0,,,,,,
7112866,20210301,218552585,Pupiales,1.1.02.03,"MULTAS, SANCIONES E INTERESES DE MORA",INGRESOS,INGRESOS CORRIENTES,INGRESOS NO TRIBUTARIOS,"MULTAS, SANCIONES E INTERESES DE MORA",No Aplica,No Aplica,No Aplica,No Aplica,No Aplica,No Aplica,,,,,,,,2021,Primer Trimestre,,,23004695.0,NO APLICA,NO APLICA,NO,NO APLICA,NO APLICA,,NO APLICA,NO APLICA,NO APLICA,0.0,23004695.0,0.0,0.0,,,,,,
7114991,20221201,218552585,Pupiales,1.1.01.02.200.03,IMPUESTO DE INDUSTRIA Y COMERCIO - SOBRE ACTIVIDADES DE SERVICIOS,INGRESOS,INGRESOS CORRIENTES,INGRESOS TRIBUTARIOS,IMPUESTOS INDIRECTOS,IMPUESTO DE INDUSTRIA Y COMERCIO,IMPUESTO DE INDUSTRIA Y COMERCIO - SOBRE ACTIVIDADES DE SERVICIOS,No Aplica,No Aplica,No Aplica,No Aplica,,,,,,,,2022,Cuarto Trimestre,,,61613286.0,NO APLICA,INGRESOS CORRIENTES DE LIBRE DESTINACION,NO APLICA,NO APLICA,NO APLICA,NO APLICA,NO APLICA,NO APLICA,NO APLICA,0.0,61613286.0,0.0,0.0,,,,,,
7119132,20211201,218552585,Pupiales,1.2.07.01,RECURSOS DE CONTRATOS DE EMPRESTITOS INTERNOS,INGRESOS,RECURSOS DE CAPITAL,RECURSOS DE CREDITO INTERNO,RECURSOS DE CONTRATOS DE EMPRESTITOS INTERNOS,No Aplica,No Aplica,No Aplica,No Aplica,No Aplica,No Aplica,,,,,,,,2021,Cuarto Trimestre,,,1889000000.0,NO APLICA,NO APLICA,NO APLICA,NO APLICA,NO APLICA,NO APLICA,NO APLICA,NO APLICA,NO APLICA,0.0,1889000000.0,0.0,0.0,,,,,,
7119910,20220901,218552585,Pupiales,1.1.01.02.200.02,IMPUESTO DE INDUSTRIA Y COMERCIO - SOBRE ACTIVIDADES INDUSTRIALES,INGRESOS,INGRESOS CORRIENTES,INGRESOS TRIBUTARIOS,IMPUESTOS INDIRECTOS,IMPUESTO DE INDUSTRIA Y COMERCIO,IMPUESTO DE INDUSTRIA Y COMERCIO - SOBRE ACTIVIDADES INDUSTRIALES,No Aplica,No Aplica,No Aplica,No Aplica,,,,,,,,2022,Tercer Trimestre,,,6256000.0,NO APLICA,INGRESOS CORRIENTES DE LIBRE DESTINACION,NO APLICA,NO APLICA,NO APLICA,NO APLICA,NO APLICA,NO APLICA,NO APLICA,0.0,6256000.0,0.0,0.0,,,,,,
7121289,20210601,218552585,Pupiales,1.1.01,INGRESOS TRIBUTARIOS,INGRESOS,INGRESOS CORRIENTES,INGRESOS TRIBUTARIOS,No Aplica,No Aplica,No Aplica,No Aplica,No Aplica,No Aplica,No Aplica,,,,,,,,2021,Segundo Trimestre,,,950659259.0,NO APLICA,NO APLICA,NO,NO APLICA,NO APLICA,,NO APLICA,NO APLICA,NO APLICA,0.0,950659259.0,0.0,0.0,,,,,,
7122734,20211201,218552585,Pupiales,1.1.02.06.001.03.03,PROPOSITO GENERAL LIBRE INVERSION,INGRESOS,INGRESOS CORRIENTES,INGRESOS NO TRIBUTARIOS,TRANSFERENCIAS CORRIENTES,SISTEMA GENERAL DE PARTICIPACIONES,PARTICIPACION PARA PROPOSITO GENERAL,PROPOSITO GENERAL LIBRE INVERSION,No Aplica,No Aplica,No Aplica,,,,,,,,2021,Cuarto Trimestre,,,1920195793.0,NO APLICA,SGP-PROPOSITO GENERAL-PROPOSITO GENERAL LIBRE INVERSION,NO APLICA,NO APLICA,NO APLICA,NO APLICA,DIRECCION NACIONAL DEL TESORO MINISTERIO DE HACIENDA Y CREDITO PUBLICO,NO APLICA,NO APLICA,0.0,1920195793.0,0.0,0.0,,,,,,
7124226,20210301,218552585,Pupiales,1,INGRESOS,INGRESOS,No Aplica,No Aplica,No Aplica,No Aplica,No Aplica,No Aplica,No Aplica,No Aplica,No Aplica,,,,,,,,2021,Primer Trimestre,,,6421429368.0,NO APLICA,NO APLICA,NO,NO APLICA,NO APLICA,,NO APLICA,NO APLICA,NO APLICA,3993246084.0,1598340759.0,0.0,829842525.0,,,,,,
7125208,20210301,218552585,Pupiales,1.1.01.01,IMPUESTOS DIRECTOS,INGRESOS,INGRESOS CORRIENTES,INGRESOS TRIBUTARIOS,IMPUESTOS DIRECTOS,No Aplica,No Aplica,No Aplica,No Aplica,No Aplica,No Aplica,,,,,,,,2021,Primer Trimestre,,,194301931.0,NO APLICA,NO APLICA,NO,NO APLICA,NO APLICA,,NO APLICA,NO APLICA,NO APLICA,0.0,194301931.0,0.0,0.0,,,,,,
7125954,20210901,218552585,Pupiales,1.1.02.06.001.03,PARTICIPACION PARA PROPOSITO GENERAL,INGRESOS,INGRESOS CORRIENTES,INGRESOS NO TRIBUTARIOS,TRANSFERENCIAS CORRIENTES,SISTEMA GENERAL DE PARTICIPACIONES,PARTICIPACION PARA PROPOSITO GENERAL,No Aplica,No Aplica,No Aplica,No Aplica,,,,,,,,2021,Tercer Trimestre,,,2386929648.0,NO APLICA,NO APLICA,NO,NO APLICA,NO APLICA,,NO APLICA,NO APLICA,NO APLICA,0.0,2386929648.0,0.0,0.0,,,,,,
7127575,20210601,218552585,Pupiales,1.2.12.10,POR LA DEVOLUCION DE RECURSOS SGP PROPOSITO GENERAL,INGRESOS,RECURSOS DE CAPITAL,RETIROS FONPET,POR LA DEVOLUCION DE RECURSOS SGP PROPOSITO GENERAL,No Aplica,No Aplica,No Aplica,No Aplica,No Aplica,No Aplica,,,,,,,,2021,Segundo Trimestre,,,45235032.0,NO APLICA,1.2.4.3.03 - SGP-PROPOSITO GENERAL-PROPOSITO GENERAL LIBRE INVERSION,NO,NO APLICA,NO APLICA,0,DIRECCION NACIONAL DEL TESORO MINISTERIO DE HACIENDA Y CREDITO PUBLICO,NO APLICA,NO APLICA,45235032.0,0.0,0.0,0.0,,,,,,
7128423,20220601,218552585,Pupiales,1.1.01,INGRESOS TRIBUTARIOS,INGRESOS,INGRESOS CORRIENTES,INGRESOS TRIBUTARIOS,No Aplica,No Aplica,No Aplica,No Aplica,No Aplica,No Aplica,No Aplica,,,,,,,,2022,Segundo Trimestre,,,962170650.0,NO APLICA,NO APLICA,NO APLICA,NO APLICA,NO APLICA,NO APLICA,NO APLICA,NO APLICA,NO APLICA,0.0,962170650.0,0.0,0.0,,,,,,
7130224,20210901,218552585,Pupiales,1.2.08,TRANSFERENCIAS DE CAPITAL,INGRESOS,RECURSOS DE CAPITAL,TRANSFERENCIAS DE CAPITAL,No Aplica,No Aplica,No Aplica,No Aplica,No Aplica,No Aplica,No Aplica,,,,,,,,2021,Tercer Trimestre,,,756346212.0,NO APLICA,NO APLICA,NO,NO APLICA,NO APLICA,,NO APLICA,NO APLICA,NO APLICA,0.0,756346212.0,0.0,0.0,,,,,,
7130248,20211201,218552585,Pupiales,1.1.02.03.001.20,MULTAS CODIGO NACIONAL DE SEGURIDAD Y CONVIVENCIA CIUDADANA,INGRESOS,INGRESOS CORRIENTES,INGRESOS NO TRIBUTARIOS,"MULTAS, SANCIONES E INTERESES DE MORA",MULTAS Y SANCIONES,MULTAS CODIGO NACIONAL DE SEGURIDAD Y CONVIVENCIA CIUDADANA,No Aplica,No Aplica,No Aplica,No Aplica,,,,,,,,2021,Cuarto Trimestre,,,31813435.0,NO APLICA,NO APLICA,NO APLICA,NO APLICA,NO APLICA,NO APLICA,NO APLICA,NO APLICA,NO APLICA,0.0,31813435.0,0.0,0.0,,,,,,
7132357,20230901,218552585,Pupiales,1.1.02.05.002.09,"SERVICIOS PARA LA COMUNIDAD, SOCIALES Y PERSONALES",INGRESOS,INGRESOS CORRIENTES,INGRESOS NO TRIBUTARIOS,VENTA DE BIENES Y SERVICIOS,VENTAS INCIDENTALES DE ESTABLECIMIENTOS NO DE MERCADO,"SERVICIOS PARA LA COMUNIDAD, SOCIALES Y PERSONALES",No Aplica,No Aplica,No Aplica,No Aplica,,,,,,,,2023,Tercer Trimestre,,,1379577.0,OTROS SERVICIOS DE LA ADMINISTRACION PUBLICA N C P,INGRESOS CORRIENTES DE LIBRE DESTINACION,NO APLICA,NO APLICA,NO APLICA,NO APLICA,BANCO AGRARIO DE COLOMBIA,NO APLICA,NO APLICA,0.0,1379577.0,0.0,0.0,,,,,,
7133334,20210301,218552585,Pupiales,1.1.01.02.300,ESTAMPILLAS,INGRESOS,INGRESOS CORRIENTES,INGRESOS TRIBUTARIOS,IMPUESTOS INDIRECTOS,ESTAMPILLAS,No Aplica,No Aplica,No Aplica,No Aplica,No Aplica,,,,,,,,2021,Primer Trimestre,,,986002.0,NO APLICA,NO APLICA,NO,NO APLICA,NO APLICA,,NO APLICA,NO APLICA,NO APLICA,0.0,986002.0,0.0,0.0,,,,,,
7134487,20230601,218552585,Pupiales,1.1.02.05,VENTA DE BIENES Y SERVICIOS,INGRESOS,INGRESOS CORRIENTES,INGRESOS NO TRIBUTARIOS,VENTA DE BIENES Y SERVICIOS,No Aplica,No Aplica,No Aplica,No Aplica,No Aplica,No Aplica,,,,,,,,2023,Segundo Trimestre,,,38059111.0,NO APLICA,NO APLICA,NO APLICA,NO APLICA,NO APLICA,NO APLICA,NO APLICA,NO APLICA,NO APLICA,0.0,38059111.0,0.0,0.0,,,,,,
7143183,20211201,218552585,Pupiales,1.1.02.03.001.20.01,MULTAS CODIGO NACIONAL DE SEGURIDAD Y CONVIVENCIA CIUDADANA - MULTAS GENERALES,INGRESOS,INGRESOS CORRIENTES,INGRESOS NO TRIBUTARIOS,"MULTAS, SANCIONES E INTERESES DE MORA",MULTAS Y SANCIONES,MULTAS CODIGO NACIONAL DE SEGURIDAD Y CONVIVENCIA CIUDADANA,MULTAS CODIGO NACIONAL DE SEGURIDAD Y CONVIVENCIA CIUDADANA - MULTAS GENERALES,No Aplica,No Aplica,No Aplica,,,,,,,,2021,Cuarto Trimestre,,,31813435.0,NO APLICA,MULTAS CODIGO NACIONAL DE POLICIA Y CONVIVENCIA,NO APLICA,NO APLICA,NO APLICA,NO APLICA,NO APLICA,NO APLICA,NO APLICA,0.0,31813435.0,0.0,0.0,,,,,,
7144146,20220601,218552585,Pupiales,1.1.02.05.002.07,SERVICIOS FINANCIEROS Y SERVICIOS CONEXOS; SERVICIOS INMOBILIARIOS; Y SERVICIOS DE ARRENDAMIENTO Y LEASING,INGRESOS,INGRESOS CORRIENTES,INGRESOS NO TRIBUTARIOS,VENTA DE BIENES Y SERVICIOS,VENTAS INCIDENTALES DE ESTABLECIMIENTOS NO DE MERCADO,SERVICIOS FINANCIEROS Y SERVICIOS CONEXOS; SERVICIOS INMOBILIARIOS; Y SERVICIOS DE ARRENDAMIENTO Y LEASING,No Aplica,No Aplica,No Aplica,No Aplica,,,,,,,,2022,Segundo Trimestre,,,968120000.0,OTROS SERVICIOS DIVERSOS N C P,VENTA DE BIENES Y SERVICIOS CON DESTINACION ESPECIFICA LEGAL,NO APLICA,NO APLICA,NO APLICA,NO APLICA,NO APLICA,NO APLICA,NO APLICA,0.0,968120000.0,0.0,0.0,,,,,,
7144192,20230301,218552585,Pupiales,1.1.01.02.200.03,IMPUESTO DE INDUSTRIA Y COMERCIO - SOBRE ACTIVIDADES DE SERVICIOS,INGRESOS,INGRESOS CORRIENTES,INGRESOS TRIBUTARIOS,IMPUESTOS INDIRECTOS,IMPUESTO DE INDUSTRIA Y COMERCIO,IMPUESTO DE INDUSTRIA Y COMERCIO - SOBRE ACTIVIDADES DE SERVICIOS,No Aplica,No Aplica,No Aplica,No Aplica,,,,,,,,2023,Primer Trimestre,,,14161651.0,NO APLICA,INGRESOS CORRIENTES DE LIBRE DESTINACION,NO APLICA,NO APLICA,NO APLICA,NO APLICA,EL PEÑOL - NARIÑO,NO APLICA,NO APLICA,0.0,14161651.0,0.0,0.0,,,,,,
7150149,20220601,218552585,Pupiales,1.2.12,RETIROS FONPET,INGRESOS,RECURSOS DE CAPITAL,RETIROS FONPET,No Aplica,No Aplica,No Aplica,No Aplica,No Aplica,No Aplica,No Aplica,,,,,,,,2022,Segundo Trimestre,,,57888255.0,NO APLICA,NO APLICA,NO APLICA,NO APLICA,NO APLICA,NO APLICA,NO APLICA,NO APLICA,NO APLICA,57888255.0,0.0,0.0,0.0,,,,,,
7152007,20230601,218552585,Pupiales,1.1.02.05.002.09,"SERVICIOS PARA LA COMUNIDAD, SOCIALES Y PERSONALES",INGRESOS,INGRESOS CORRIENTES,INGRESOS NO TRIBUTARIOS,VENTA DE BIENES Y SERVICIOS,VENTAS INCIDENTALES DE ESTABLECIMIENTOS NO DE MERCADO,"SERVICIOS PARA LA COMUNIDAD, SOCIALES Y PERSONALES",No Aplica,No Aplica,No Aplica,No Aplica,,,,,,,,2023,Segundo Trimestre,,,35939534.0,OTROS SERVICIOS DE LA ADMINISTRACION PUBLICA N C P,INGRESOS CORRIENTES DE LIBRE DESTINACION,NO APLICA,NO APLICA,NO APLICA,NO APLICA,NO APLICA,NO APLICA,NO APLICA,0.0,35939534.0,0.0,0.0,,,,,,
7152137,20230601,218552585,Pupiales,1.1.02.01.005.59,CONTRIBUCION ESPECIAL SOBRE CONTRATOS DE OBRAS PUBLICAS,INGRESOS,INGRESOS CORRIENTES,INGRESOS NO TRIBUTARIOS,CONTRIBUCIONES,CONTRIBUCIONES DIVERSAS,CONTRIBUCION ESPECIAL SOBRE CONTRATOS DE OBRAS PUBLICAS,No Aplica,No Aplica,No Aplica,No Aplica,,,,,,,,2023,Segundo Trimestre,,,44721844.0,NO APLICA,CONTRIBUCION SOBRE CONTRATOS DE OBRA PUBLICA,NO APLICA,NO APLICA,NO APLICA,NO APLICA,PUPIALES,NO APLICA,NO APLICA,0.0,44721844.0,0.0,0.0,,,,,,
7153010,20210901,218552585,Pupiales,1.1.01.02.200,IMPUESTO DE INDUSTRIA Y COMERCIO,INGRESOS,INGRESOS CORRIENTES,INGRESOS TRIBUTARIOS,IMPUESTOS INDIRECTOS,IMPUESTO DE INDUSTRIA Y COMERCIO,No Aplica,No Aplica,No Aplica,No Aplica,No Aplica,,,,,,,,2021,Tercer Trimestre,,,307166087.0,NO APLICA,NO APLICA,NO,NO APLICA,NO APLICA,,NO APLICA,NO APLICA,NO APLICA,0.0,307166087.0,0.0,0.0,,,,,,
7153336,20220901,218552585,Pupiales,1.1.02.06.001.02.01,REGIMEN SUBSIDIADO,INGRESOS,INGRESOS CORRIENTES,INGRESOS NO TRIBUTARIOS,TRANSFERENCIAS CORRIENTES,SISTEMA GENERAL DE PARTICIPACIONES,PARTICIPACION PARA SALUD,REGIMEN SUBSIDIADO,No Aplica,No Aplica,No Aplica,,,,,,,,2022,Tercer Trimestre,,,4987557086.0,NO APLICA,SGP-SALUD-REGIMEN SUBSIDIADO,NO APLICA,NO APLICA,NO APLICA,NO APLICA,DIRECCION NACIONAL DEL TESORO MINISTERIO DE HACIENDA Y CREDITO PUBLICO,NO APLICA,NO APLICA,4987557086.0,0.0,0.0,0.0,,,,,,
7155629,20220901,218552585,Pupiales,1.1.02.02.087,TASAS POR EL DERECHO DE PARQUEO SOBRE LAS VIAS PUBLICAS,INGRESOS,INGRESOS CORRIENTES,INGRESOS NO TRIBUTARIOS,TASAS Y DERECHOS ADMINISTRATIVOS,TASAS POR EL DERECHO DE PARQUEO SOBRE LAS VIAS PUBLICAS,No Aplica,No Aplica,No Aplica,No Aplica,No Aplica,,,,,,,,2022,Tercer Trimestre,,,227741.0,NO APLICA,OTRAS TASAS Y DERECHOS ADMINISTRATIVOS CON DESTINACION ESPECIFICA LEGAL,NO APLICA,NO APLICA,NO APLICA,NO APLICA,NO APLICA,NO APLICA,NO APLICA,0.0,227741.0,0.0,0.0,,,,,,
7158669,20211201,218552585,Pupiales,1.1.02.06.006.06,OTRAS UNIDADES DE GOBIERNO,INGRESOS,INGRESOS CORRIENTES,INGRESOS NO TRIBUTARIOS,TRANSFERENCIAS CORRIENTES,TRANSFERENCIAS DE OTRAS ENTIDADES DEL GOBIERNO GENERAL,OTRAS UNIDADES DE GOBIERNO,No Aplica,No Aplica,No Aplica,No Aplica,,,,,,,,2021,Cuarto Trimestre,,,590906552.0,NO APLICA,OTRAS TRANSFERENCIAS CORRIENTES DE OTRAS ENTIDADES CON DESTINACION ESPECIFICA LEGAL DEL GOBIERNO GENERAL,NO APLICA,NO APLICA,NO APLICA,NO APLICA,DEPARTAMENTO DE NARIÑO,NO APLICA,NO APLICA,0.0,590906552.0,0.0,0.0,,,,,,
7163219,20220901,218552585,Pupiales,1.1.02.02,TASAS Y DERECHOS ADMINISTRATIVOS,INGRESOS,INGRESOS CORRIENTES,INGRESOS NO TRIBUTARIOS,TASAS Y DERECHOS ADMINISTRATIVOS,No Aplica,No Aplica,No Aplica,No Aplica,No Aplica,No Aplica,,,,,,,,2022,Tercer Trimestre,,,227741.0,NO APLICA,NO APLICA,NO APLICA,NO APLICA,NO APLICA,NO APLICA,NO APLICA,NO APLICA,NO APLICA,0.0,227741.0,0.0,0.0,,,,,,
7167729,20230601,218552585,Pupiales,1.1.01.02.300.55,ESTAMPILLA PRO CULTURA,INGRESOS,INGRESOS CORRIENTES,INGRESOS TRIBUTARIOS,IMPUESTOS INDIRECTOS,ESTAMPILLAS,ESTAMPILLA PRO CULTURA,No Aplica,No Aplica,No Aplica,No Aplica,,,,,,,,2023,Segundo Trimestre,,,32522748.0,NO APLICA,ESTAMPILLAS,NO APLICA,NO APLICA,NO APLICA,NO APLICA,PUPIALES,NO APLICA,NO APLICA,0.0,32522748.0,0.0,0.0,,,,,,
7168753,20210301,218552585,Pupiales,1.1.01.01.200.02,IMPUESTO PREDIAL UNIFICADO - RURAL,INGRESOS,INGRESOS CORRIENTES,INGRESOS TRIBUTARIOS,IMPUESTOS DIRECTOS,IMPUESTO PREDIAL UNIFICADO,IMPUESTO PREDIAL UNIFICADO - RURAL,No Aplica,No Aplica,No Aplica,No Aplica,,,,,,,,2021,Primer Trimestre,,,77186682.0,NO APLICA,1.2.1.0.00 - INGRESOS CORRIENTES DE LIBRE DESTINACION,NO,NO APLICA,NO APLICA,0,NO APLICA,NO APLICA,NO APLICA,0.0,77186682.0,0.0,0.0,,,,,,
7176478,20230901,218552585,Pupiales,1.1.01.01.014.01,SOBRETASA AMBIENTAL - URBANO,INGRESOS,INGRESOS CORRIENTES,INGRESOS TRIBUTARIOS,IMPUESTOS DIRECTOS,SOBRETASA AMBIENTAL,SOBRETASA AMBIENTAL - URBANO,No Aplica,No Aplica,No Aplica,No Aplica,,,,,,,,2023,Tercer Trimestre,,,29411493.0,NO APLICA,SOBRETASA - PARTICIPACION AMBIENTAL - CORPORACIONES AUTONOMAS REGIONALES,NO APLICA,NO APLICA,NO APLICA,NO APLICA,NO APLICA,NO APLICA,NO APLICA,0.0,29411493.0,0.0,0.0,,,,,,
7178581,20230301,218552585,Pupiales,1.1.01.02.200,IMPUESTO DE INDUSTRIA Y COMERCIO,INGRESOS,INGRESOS CORRIENTES,INGRESOS TRIBUTARIOS,IMPUESTOS INDIRECTOS,IMPUESTO DE INDUSTRIA Y COMERCIO,No Aplica,No Aplica,No Aplica,No Aplica,No Aplica,,,,,,,,2023,Primer Trimestre,,,42788225.0,NO APLICA,NO APLICA,NO APLICA,NO APLICA,NO APLICA,NO APLICA,NO APLICA,NO APLICA,NO APLICA,0.0,42788225.0,0.0,0.0,,,,,,
7180142,20210601,218552585,Pupiales,1.2.10.02,SUPERAVIT FISCAL,INGRESOS,RECURSOS DE CAPITAL,RECURSOS DEL BALANCE,SUPERAVIT FISCAL,No Aplica,No Aplica,No Aplica,No Aplica,No Aplica,No Aplica,,,,,,,,2021,Segundo Trimestre,,,15390842.0,NO APLICA,1.3.3.8.00 - R.B. SGP - AGUA POTABLE Y SANEAMIENTO BASICO,NO,NO APLICA,NO APLICA,0,DIRECCION NACIONAL DEL TESORO MINISTERIO DE HACIENDA Y CREDITO PUBLICO,NO APLICA,NO APLICA,0.0,15390842.0,0.0,0.0,,,,,,
7181673,20230301,218552585,Pupiales,1.1.01.02.200.03,IMPUESTO DE INDUSTRIA Y COMERCIO - SOBRE ACTIVIDADES DE SERVICIOS,INGRESOS,INGRESOS CORRIENTES,INGRESOS TRIBUTARIOS,IMPUESTOS INDIRECTOS,IMPUESTO DE INDUSTRIA Y COMERCIO,IMPUESTO DE INDUSTRIA Y COMERCIO - SOBRE ACTIVIDADES DE SERVICIOS,No Aplica,No Aplica,No Aplica,No Aplica,,,,,,,,2023,Primer Trimestre,,,9000.0,NO APLICA,INGRESOS CORRIENTES DE LIBRE DESTINACION,NO APLICA,NO APLICA,NO APLICA,NO APLICA,E.S.P. EMPRESA DE TELECOMUNICACIONES DE BOGOTA S.A.,NO APLICA,NO APLICA,0.0,9000.0,0.0,0.0,,,,,,
7184357,20210901,218552585,Pupiales,1.1.02.03.001.22,MULTAS AMBIENTALES,INGRESOS,INGRESOS CORRIENTES,INGRESOS NO TRIBUTARIOS,"MULTAS, SANCIONES E INTERESES DE MORA",MULTAS Y SANCIONES,MULTAS AMBIENTALES,No Aplica,No Aplica,No Aplica,No Aplica,,,,,,,,2021,Tercer Trimestre,,,0.0,NO APLICA,"1.2.3.2.07 - OTRAS MULTAS, SANCIONES E INTERESES DE MORA",NO,NO APLICA,NO APLICA,0,NO APLICA,NO APLICA,NO APLICA,0.0,0.0,0.0,0.0,,,,,,
7185402,20230301,218552585,Pupiales,1.2.05.02,DEPOSITOS,INGRESOS,RECURSOS DE CAPITAL,RENDIMIENTOS FINANCIEROS,DEPOSITOS,No Aplica,No Aplica,No Aplica,No Aplica,No Aplica,No Aplica,,,,,,,,2023,Primer Trimestre,,,6568.0,NO APLICA,R.F. SGP - ASIGNACION ESPECIAL-PROGRAMAS DE ALIMENTACION ESCOLAR,NO APLICA,NO APLICA,NO APLICA,NO APLICA,EL PEÑOL - NARIÑO,NO APLICA,NO APLICA,0.0,6568.0,0.0,0.0,,,,,,
7185500,20221201,218552585,Pupiales,1.1.01.01.200.01,IMPUESTO PREDIAL UNIFICADO - URBANO,INGRESOS,INGRESOS CORRIENTES,INGRESOS TRIBUTARIOS,IMPUESTOS DIRECTOS,IMPUESTO PREDIAL UNIFICADO,IMPUESTO PREDIAL UNIFICADO - URBANO,No Aplica,No Aplica,No Aplica,No Aplica,,,,,,,,2022,Cuarto Trimestre,,,165321659.0,NO APLICA,INGRESOS CORRIENTES DE LIBRE DESTINACION,NO APLICA,NO APLICA,NO APLICA,NO APLICA,NO APLICA,NO APLICA,NO APLICA,0.0,165321659.0,0.0,0.0,,,,,,
7186088,20211201,218552585,Pupiales,1.1.02.07,PARTICIPACION Y DERECHOS POR MONOPOLIO,INGRESOS,INGRESOS CORRIENTES,INGRESOS NO TRIBUTARIOS,PARTICIPACION Y DERECHOS POR MONOPOLIO,No Aplica,No Aplica,No Aplica,No Aplica,No Aplica,No Aplica,,,,,,,,2021,Cuarto Trimestre,,,186350803.0,NO APLICA,NO APLICA,NO APLICA,NO APLICA,NO APLICA,NO APLICA,NO APLICA,NO APLICA,NO APLICA,0.0,186350803.0,0.0,0.0,,,,,,
7187303,20210901,218552585,Pupiales,1,INGRESOS,INGRESOS,No Aplica,No Aplica,No Aplica,No Aplica,No Aplica,No Aplica,No Aplica,No Aplica,No Aplica,,,,,,,,2021,Tercer Trimestre,,,22732136471.0,NO APLICA,NO APLICA,NO,NO APLICA,NO APLICA,,NO APLICA,NO APLICA,NO APLICA,13272566480.0,9459569991.0,0.0,0.0,,,,,,
7188666,20230601,218552585,Pupiales,1.1.01.01,IMPUESTOS DIRECTOS,INGRESOS,INGRESOS CORRIENTES,INGRESOS TRIBUTARIOS,IMPUESTOS DIRECTOS,No Aplica,No Aplica,No Aplica,No Aplica,No Aplica,No Aplica,,,,,,,,2023,Segundo Trimestre,,,331238601.0,NO APLICA,NO APLICA,NO APLICA,NO APLICA,NO APLICA,NO APLICA,NO APLICA,NO APLICA,NO APLICA,0.0,331238601.0,0.0,0.0,,,,,,
7190462,20211201,218552585,Pupiales,1.1.02.06.001.03,PARTICIPACION PARA PROPOSITO GENERAL,INGRESOS,INGRESOS CORRIENTES,INGRESOS NO TRIBUTARIOS,TRANSFERENCIAS CORRIENTES,SISTEMA GENERAL DE PARTICIPACIONES,PARTICIPACION PARA PROPOSITO GENERAL,No Aplica,No Aplica,No Aplica,No Aplica,,,,,,,,2021,Cuarto Trimestre,,,3603297786.0,NO APLICA,NO APLICA,NO APLICA,NO APLICA,NO APLICA,NO APLICA,NO APLICA,NO APLICA,NO APLICA,0.0,3603297786.0,0.0,0.0,,,,,,
7192218,20230901,218552585,Pupiales,1.1.02.06.001.03,PARTICIPACION PARA PROPOSITO GENERAL,INGRESOS,INGRESOS CORRIENTES,INGRESOS NO TRIBUTARIOS,TRANSFERENCIAS CORRIENTES,SISTEMA GENERAL DE PARTICIPACIONES,PARTICIPACION PARA PROPOSITO GENERAL,No Aplica,No Aplica,No Aplica,No Aplica,,,,,,,,2023,Tercer Trimestre,,,3349713084.0,NO APLICA,NO APLICA,NO APLICA,NO APLICA,NO APLICA,NO APLICA,NO APLICA,NO APLICA,NO APLICA,0.0,3349713084.0,0.0,0.0,,,,,,
7192756,20221201,218552585,Pupiales,1.1.02.01.005.59,CONTRIBUCION ESPECIAL SOBRE CONTRATOS DE OBRAS PUBLICAS,INGRESOS,INGRESOS CORRIENTES,INGRESOS NO TRIBUTARIOS,CONTRIBUCIONES,CONTRIBUCIONES DIVERSAS,CONTRIBUCION ESPECIAL SOBRE CONTRATOS DE OBRAS PUBLICAS,No Aplica,No Aplica,No Aplica,No Aplica,,,,,,,,2022,Cuarto Trimestre,,,322358645.0,NO APLICA,CONTRIBUCION SOBRE CONTRATOS DE OBRA PUBLICA,NO APLICA,NO APLICA,NO APLICA,NO APLICA,NO APLICA,NO APLICA,NO APLICA,0.0,322358645.0,0.0,0.0,,,,,,
7193473,20220601,218552585,Pupiales,1.1.01.02.200.01,IMPUESTO DE INDUSTRIA Y COMERCIO - SOBRE ACTIVIDADES COMERCIALES,INGRESOS,INGRESOS CORRIENTES,INGRESOS TRIBUTARIOS,IMPUESTOS INDIRECTOS,IMPUESTO DE INDUSTRIA Y COMERCIO,IMPUESTO DE INDUSTRIA Y COMERCIO - SOBRE ACTIVIDADES COMERCIALES,No Aplica,No Aplica,No Aplica,No Aplica,,,,,,,,2022,Segundo Trimestre,,,104224241.0,NO APLICA,INGRESOS CORRIENTES DE LIBRE DESTINACION,NO APLICA,NO APLICA,NO APLICA,NO APLICA,NO APLICA,NO APLICA,NO APLICA,0.0,104224241.0,0.0,0.0,,,,,,
7194668,20230901,218552585,Pupiales,1.1.02.06.006,TRANSFERENCIAS DE OTRAS ENTIDADES DEL GOBIERNO GENERAL,INGRESOS,INGRESOS CORRIENTES,INGRESOS NO TRIBUTARIOS,TRANSFERENCIAS CORRIENTES,TRANSFERENCIAS DE OTRAS ENTIDADES DEL GOBIERNO GENERAL,No Aplica,No Aplica,No Aplica,No Aplica,No Aplica,,,,,,,,2023,Tercer Trimestre,,,915971906.0,NO APLICA,NO APLICA,NO APLICA,NO APLICA,NO APLICA,NO APLICA,NO APLICA,NO APLICA,NO APLICA,0.0,915971906.0,0.0,0.0,,,,,,
7196802,20211201,218552585,Pupiales,1.1.02.06.001.04.01,PROGRAMAS DE ALIMENTACION ESCOLAR,INGRESOS,INGRESOS CORRIENTES,INGRESOS NO TRIBUTARIOS,TRANSFERENCIAS CORRIENTES,SISTEMA GENERAL DE PARTICIPACIONES,ASIGNACIONES ESPECIALES,PROGRAMAS DE ALIMENTACION ESCOLAR,No Aplica,No Aplica,No Aplica,,,,,,,,2021,Cuarto Trimestre,,,97406326.0,NO APLICA,SGP-ASIGNACION ESPECIAL-PROGRAMAS DE ALIMENTACION ESCOLAR,NO APLICA,NO APLICA,NO APLICA,NO APLICA,DIRECCION NACIONAL DEL TESORO MINISTERIO DE HACIENDA Y CREDITO PUBLICO,NO APLICA,NO APLICA,0.0,97406326.0,0.0,0.0,,,,,,
7196826,20210901,218552585,Pupiales,1.1.02.03.002,INTERESES DE MORA,INGRESOS,INGRESOS CORRIENTES,INGRESOS NO TRIBUTARIOS,"MULTAS, SANCIONES E INTERESES DE MORA",INTERESES DE MORA,No Aplica,No Aplica,No Aplica,No Aplica,No Aplica,,,,,,,,2021,Tercer Trimestre,,,3514668.0,NO APLICA,"1.2.3.2.07 - OTRAS MULTAS, SANCIONES E INTERESES DE MORA",NO,NO APLICA,NO APLICA,0,NO APLICA,NO APLICA,NO APLICA,0.0,3514668.0,0.0,0.0,,,,,,
7198051,20221201,218552585,Pupiales,1.1.02.06.001.02.02,SALUD PUBLICA,INGRESOS,INGRESOS CORRIENTES,INGRESOS NO TRIBUTARIOS,TRANSFERENCIAS CORRIENTES,SISTEMA GENERAL DE PARTICIPACIONES,PARTICIPACION PARA SALUD,SALUD PUBLICA,No Aplica,No Aplica,No Aplica,,,,,,,,2022,Cuarto Trimestre,,,236465200.0,NO APLICA,SGP-SALUD-SALUD PUBLICA,NO APLICA,NO APLICA,NO APLICA,NO APLICA,DIRECCION NACIONAL DEL TESORO MINISTERIO DE HACIENDA Y CREDITO PUBLICO,NO APLICA,NO APLICA,0.0,236465200.0,0.0,0.0,,,,,,
7198171,20230601,218552585,Pupiales,1.1.02.01,CONTRIBUCIONES,INGRESOS,INGRESOS CORRIENTES,INGRESOS NO TRIBUTARIOS,CONTRIBUCIONES,No Aplica,No Aplica,No Aplica,No Aplica,No Aplica,No Aplica,,,,,,,,2023,Segundo Trimestre,,,69544794.0,NO APLICA,NO APLICA,NO APLICA,NO APLICA,NO APLICA,NO APLICA,NO APLICA,NO APLICA,NO APLICA,0.0,69544794.0,0.0,0.0,,,,,,
7200034,20210301,218552585,Pupiales,1.2.10.02,SUPERAVIT FISCAL,INGRESOS,RECURSOS DE CAPITAL,RECURSOS DEL BALANCE,SUPERAVIT FISCAL,No Aplica,No Aplica,No Aplica,No Aplica,No Aplica,No Aplica,,,,,,,,2021,Primer Trimestre,,,204417345.0,NO APLICA,1.3.3.1.19 - R.B. ESTAMPILLAS,NO,NO APLICA,NO APLICA,0,NO APLICA,NO APLICA,NO APLICA,0.0,0.0,0.0,204417345.0,,,,,,
7200907,20230901,218552585,Pupiales,1.2.10.02,SUPERAVIT FISCAL,INGRESOS,RECURSOS DE CAPITAL,RECURSOS DEL BALANCE,SUPERAVIT FISCAL,No Aplica,No Aplica,No Aplica,No Aplica,No Aplica,No Aplica,,,,,,,,2023,Tercer Trimestre,,,15087072.0,NO APLICA,R.B. SGP-SALUD-SALUD PUBLICA,NO APLICA,NO APLICA,NO APLICA,NO APLICA,PUPIALES,NO APLICA,NO APLICA,0.0,15087072.0,0.0,0.0,,,,,,
7203374,20220901,218552585,Pupiales,1.2.10.02,SUPERAVIT FISCAL,INGRESOS,RECURSOS DE CAPITAL,RECURSOS DEL BALANCE,SUPERAVIT FISCAL,No Aplica,No Aplica,No Aplica,No Aplica,No Aplica,No Aplica,,,,,,,,2022,Tercer Trimestre,,,71189049.0,NO APLICA,R.B. MULTAS CODIGO NACIONAL DE POLICIA Y CONVIVENCIA,NO APLICA,NO APLICA,DECRETO,NO APLICA,NO APLICA,NO APLICA,NO APLICA,0.0,0.0,0.0,71189049.0,,,,,,
7206289,20211201,218552585,Pupiales,1.1.02.06.001.01,PARTICIPACION PARA EDUCACION,INGRESOS,INGRESOS CORRIENTES,INGRESOS NO TRIBUTARIOS,TRANSFERENCIAS CORRIENTES,SISTEMA GENERAL DE PARTICIPACIONES,PARTICIPACION PARA EDUCACION,No Aplica,No Aplica,No Aplica,No Aplica,,,,,,,,2021,Cuarto Trimestre,,,452760446.0,NO APLICA,NO APLICA,NO APLICA,NO APLICA,NO APLICA,NO APLICA,NO APLICA,NO APLICA,NO APLICA,239694142.0,213066304.0,0.0,0.0,,,,,,
7212937,20230901,218552585,Pupiales,1.1.01.02.200.01,IMPUESTO DE INDUSTRIA Y COMERCIO - SOBRE ACTIVIDADES COMERCIALES,INGRESOS,INGRESOS CORRIENTES,INGRESOS TRIBUTARIOS,IMPUESTOS INDIRECTOS,IMPUESTO DE INDUSTRIA Y COMERCIO,IMPUESTO DE INDUSTRIA Y COMERCIO - SOBRE ACTIVIDADES COMERCIALES,No Aplica,No Aplica,No Aplica,No Aplica,,,,,,,,2023,Tercer Trimestre,,,93000.0,NO APLICA,INGRESOS CORRIENTES DE LIBRE DESTINACION,NO APLICA,NO APLICA,NO APLICA,NO APLICA,BANCO AGRARIO DE COLOMBIA,NO APLICA,NO APLICA,0.0,93000.0,0.0,0.0,,,,,,
7213959,20210901,218552585,Pupiales,1.1.02.06.001.02,PARTICIPACION PARA SALUD,INGRESOS,INGRESOS CORRIENTES,INGRESOS NO TRIBUTARIOS,TRANSFERENCIAS CORRIENTES,SISTEMA GENERAL DE PARTICIPACIONES,PARTICIPACION PARA SALUD,No Aplica,No Aplica,No Aplica,No Aplica,,,,,,,,2021,Tercer Trimestre,,,5691934982.0,NO APLICA,NO APLICA,NO,NO APLICA,NO APLICA,,NO APLICA,NO APLICA,NO APLICA,5533523183.0,158411799.0,0.0,0.0,,,,,,
7214041,20230601,218552585,Pupiales,1.2.10.02,SUPERAVIT FISCAL,INGRESOS,RECURSOS DE CAPITAL,RECURSOS DEL BALANCE,SUPERAVIT FISCAL,No Aplica,No Aplica,No Aplica,No Aplica,No Aplica,No Aplica,,,,,,,,2023,Segundo Trimestre,,,145817184.0,NO APLICA,R.B. OTRAS TRANSFERENCIAS DE CAPITAL,NO APLICA,NO APLICA,NO APLICA,NO APLICA,PUPIALES,NO APLICA,NO APLICA,0.0,145817184.0,0.0,0.0,,,,,,
7214214,20211201,218552585,Pupiales,1.1.02.07.001.05,DERECHOS POR LA EXPLOTACION JUEGOS DE SUERTE Y AZAR DE RIFAS,INGRESOS,INGRESOS CORRIENTES,INGRESOS NO TRIBUTARIOS,PARTICIPACION Y DERECHOS POR MONOPOLIO,DERECHOS POR LA EXPLOTACION JUEGOS DE SUERTE Y AZAR,DERECHOS POR LA EXPLOTACION JUEGOS DE SUERTE Y AZAR DE RIFAS,No Aplica,No Aplica,No Aplica,No Aplica,,,,,,,,2021,Cuarto Trimestre,,,186350803.0,NO APLICA,DERECHOS POR LA EXPLOTACION JUEGOS DE SUERTE Y AZAR,NO APLICA,NO APLICA,NO APLICA,NO APLICA,DIRECCION NACIONAL DEL TESORO MINISTERIO DE HACIENDA Y CREDITO PUBLICO,NO APLICA,NO APLICA,0.0,186350803.0,0.0,0.0,,,,,,
7216340,20230601,218552585,Pupiales,1.2.05.02,DEPOSITOS,INGRESOS,RECURSOS DE CAPITAL,RENDIMIENTOS FINANCIEROS,DEPOSITOS,No Aplica,No Aplica,No Aplica,No Aplica,No Aplica,No Aplica,,,,,,,,2023,Segundo Trimestre,,,284975.0,NO APLICA,R.F. DISTINTOS AL SGP,NO APLICA,NO APLICA,NO APLICA,NO APLICA,BANCO AGRARIO DE COLOMBIA,NO APLICA,NO APLICA,0.0,284975.0,0.0,0.0,,,,,,
7224830,20221201,218552585,Pupiales,1.1.02.06.001.05,AGUA POTABLE Y SANEAMIENTO BASICO,INGRESOS,INGRESOS CORRIENTES,INGRESOS NO TRIBUTARIOS,TRANSFERENCIAS CORRIENTES,SISTEMA GENERAL DE PARTICIPACIONES,AGUA POTABLE Y SANEAMIENTO BASICO,No Aplica,No Aplica,No Aplica,No Aplica,,,,,,,,2022,Cuarto Trimestre,,,1044588653.0,NO APLICA,SGP-AGUA POTABLE Y SANEAMIENTO BASICO,NO APLICA,NO APLICA,NO APLICA,NO APLICA,DIRECCION NACIONAL DEL TESORO MINISTERIO DE HACIENDA Y CREDITO PUBLICO,NO APLICA,NO APLICA,255812964.0,788775689.0,0.0,0.0,,,,,,
7225492,20220601,218552585,Pupiales,1.1.02.07,PARTICIPACION Y DERECHOS POR MONOPOLIO,INGRESOS,INGRESOS CORRIENTES,INGRESOS NO TRIBUTARIOS,PARTICIPACION Y DERECHOS POR MONOPOLIO,No Aplica,No Aplica,No Aplica,No Aplica,No Aplica,No Aplica,,,,,,,,2022,Segundo Trimestre,,,111326502.0,NO APLICA,NO APLICA,NO APLICA,NO APLICA,NO APLICA,NO APLICA,NO APLICA,NO APLICA,NO APLICA,83921526.0,27404976.0,0.0,0.0,,,,,,
7226574,20211201,218552585,Pupiales,1.1.02.06.001.03.04,"PROPOSITO GENERAL LIBRE DESTINACION MUNICIPIOS CATEGORIAS 4, 5 Y 6",INGRESOS,INGRESOS CORRIENTES,INGRESOS NO TRIBUTARIOS,TRANSFERENCIAS CORRIENTES,SISTEMA GENERAL DE PARTICIPACIONES,PARTICIPACION PARA PROPOSITO GENERAL,"PROPOSITO GENERAL LIBRE DESTINACION MUNICIPIOS CATEGORIAS 4, 5 Y 6",No Aplica,No Aplica,No Aplica,,,,,,,,2021,Cuarto Trimestre,,,1552550517.0,NO APLICA,"SGP-PROPOSITO GENERAL-LIBRE DESTINACION MUNICIPIOS CATEGORIAS 4, 5 Y 6",NO APLICA,NO APLICA,NO APLICA,NO APLICA,DIRECCION NACIONAL DEL TESORO MINISTERIO DE HACIENDA Y CREDITO PUBLICO,NO APLICA,NO APLICA,0.0,1552550517.0,0.0,0.0,,,,,,
7230406,20220601,218552585,Pupiales,1.2.05,RENDIMIENTOS FINANCIEROS,INGRESOS,RECURSOS DE CAPITAL,RENDIMIENTOS FINANCIEROS,No Aplica,No Aplica,No Aplica,No Aplica,No Aplica,No Aplica,No Aplica,,,,,,,,2022,Segundo Trimestre,,,1100860.0,NO APLICA,NO APLICA,NO APLICA,NO APLICA,NO APLICA,NO APLICA,NO APLICA,NO APLICA,NO APLICA,0.0,1100860.0,0.0,0.0,,,,,,
7231520,20230901,218552585,Pupiales,1.2.10.02,SUPERAVIT FISCAL,INGRESOS,RECURSOS DE CAPITAL,RECURSOS DEL BALANCE,SUPERAVIT FISCAL,No Aplica,No Aplica,No Aplica,No Aplica,No Aplica,No Aplica,,,,,,,,2023,Tercer Trimestre,,,87390019.0,NO APLICA,R.B. MULTAS CODIGO NACIONAL DE POLICIA Y CONVIVENCIA,NO APLICA,NO APLICA,NO APLICA,NO APLICA,PUPIALES,NO APLICA,NO APLICA,0.0,87390019.0,0.0,0.0,,,,,,
7233042,20230901,218552585,Pupiales,1.1.02.06.009,RECURSOS DEL SISTEMA DE SEGURIDAD SOCIAL INTEGRAL,INGRESOS,INGRESOS CORRIENTES,INGRESOS NO TRIBUTARIOS,TRANSFERENCIAS CORRIENTES,RECURSOS DEL SISTEMA DE SEGURIDAD SOCIAL INTEGRAL,No Aplica,No Aplica,No Aplica,No Aplica,No Aplica,,,,,,,,2023,Tercer Trimestre,,,10197838251.0,NO APLICA,NO APLICA,NO APLICA,NO APLICA,NO APLICA,NO APLICA,NO APLICA,NO APLICA,NO APLICA,0.0,10197838251.0,0.0,0.0,,,,,,
7234128,20221201,218552585,Pupiales,1.1.02,INGRESOS NO TRIBUTARIOS,INGRESOS,INGRESOS CORRIENTES,INGRESOS NO TRIBUTARIOS,No Aplica,No Aplica,No Aplica,No Aplica,No Aplica,No Aplica,No Aplica,,,,,,,,2022,Cuarto Trimestre,,,25957375244.0,NO APLICA,NO APLICA,NO APLICA,NO APLICA,NO APLICA,NO APLICA,NO APLICA,NO APLICA,NO APLICA,18961441806.0,6995933438.0,0.0,0.0,,,,,,
7235053,20230601,218552585,Pupiales,1.1.02.06.001.01.03.02,CALIDADPOR GRATUIDAD,INGRESOS,INGRESOS CORRIENTES,INGRESOS NO TRIBUTARIOS,TRANSFERENCIAS CORRIENTES,SISTEMA GENERAL DE PARTICIPACIONES,PARTICIPACION PARA EDUCACION,CALIDAD,CALIDADPOR GRATUIDAD,No Aplica,No Aplica,,,,,,,,2023,Segundo Trimestre,,,175578393.0,NO APLICA,SGP-EDUCACION-CALIDAD  POR GRATUIDAD,NO APLICA,NO APLICA,NO APLICA,NO APLICA,MINISTERIO DE EDUCACION NACIONAL,NO APLICA,NO APLICA,0.0,175578393.0,0.0,0.0,,,,,,
7235701,20220901,218552585,Pupiales,1,INGRESOS,INGRESOS,No Aplica,No Aplica,No Aplica,No Aplica,No Aplica,No Aplica,No Aplica,No Aplica,No Aplica,,,,,,,,2022,Tercer Trimestre,,,22645809170.0,NO APLICA,NO APLICA,NO APLICA,NO APLICA,NO APLICA,NO APLICA,NO APLICA,NO APLICA,NO APLICA,14228741969.0,6795151407.0,0.0,1621915794.0,,,,,,
7236191,20211201,218552585,Pupiales,1.1.02.06.001.01.03,CALIDAD,INGRESOS,INGRESOS CORRIENTES,INGRESOS NO TRIBUTARIOS,TRANSFERENCIAS CORRIENTES,SISTEMA GENERAL DE PARTICIPACIONES,PARTICIPACION PARA EDUCACION,CALIDAD,No Aplica,No Aplica,No Aplica,,,,,,,,2021,Cuarto Trimestre,,,452760446.0,NO APLICA,NO APLICA,NO APLICA,NO APLICA,NO APLICA,NO APLICA,NO APLICA,NO APLICA,NO APLICA,239694142.0,213066304.0,0.0,0.0,,,,,,
7238573,20230901,218552585,Pupiales,1.2.10.02,SUPERAVIT FISCAL,INGRESOS,RECURSOS DE CAPITAL,RECURSOS DEL BALANCE,SUPERAVIT FISCAL,No Aplica,No Aplica,No Aplica,No Aplica,No Aplica,No Aplica,,,,,,,,2023,Tercer Trimestre,,,59125468.0,NO APLICA,R.B. SGP-EDUCACION-CALIDAD  POR MATRICULA OFICIAL,NO APLICA,NO APLICA,NO APLICA,NO APLICA,PUPIALES,NO APLICA,NO APLICA,0.0,59125468.0,0.0,0.0,,,,,,
7241957,20230601,218552585,Pupiales,1.1.02.06.001,SISTEMA GENERAL DE PARTICIPACIONES,INGRESOS,INGRESOS CORRIENTES,INGRESOS NO TRIBUTARIOS,TRANSFERENCIAS CORRIENTES,SISTEMA GENERAL DE PARTICIPACIONES,No Aplica,No Aplica,No Aplica,No Aplica,No Aplica,,,,,,,,2023,Segundo Trimestre,,,6977771934.0,NO APLICA,NO APLICA,NO APLICA,NO APLICA,NO APLICA,NO APLICA,NO APLICA,NO APLICA,NO APLICA,0.0,6977771934.0,0.0,0.0,,,,,,
7244026,20211201,218552585,Pupiales,1.2.10,RECURSOS DEL BALANCE,INGRESOS,RECURSOS DE CAPITAL,RECURSOS DEL BALANCE,No Aplica,No Aplica,No Aplica,No Aplica,No Aplica,No Aplica,No Aplica,,,,,,,,2021,Cuarto Trimestre,,,901621098.0,NO APLICA,NO APLICA,NO APLICA,NO APLICA,NO APLICA,NO APLICA,NO APLICA,NO APLICA,NO APLICA,0.0,901621098.0,0.0,0.0,,,,,,
7245890,20210301,218552585,Pupiales,1.1.02.06.001.05,AGUA POTABLE Y SANEAMIENTO BASICO,INGRESOS,INGRESOS CORRIENTES,INGRESOS NO TRIBUTARIOS,TRANSFERENCIAS CORRIENTES,SISTEMA GENERAL DE PARTICIPACIONES,AGUA POTABLE Y SANEAMIENTO BASICO,No Aplica,No Aplica,No Aplica,No Aplica,,,,,,,,2021,Primer Trimestre,,,273211268.0,NO APLICA,1.2.4.6.00 - SGP-AGUA POTABLE Y SANEAMIENTO BASICO,NO,NO APLICA,NO APLICA,0,DIRECCION NACIONAL DEL TESORO MINISTERIO DE HACIENDA Y CREDITO PUBLICO,NO APLICA,NO APLICA,0.0,273211268.0,0.0,0.0,,,,,,
7245996,20221201,218552585,Pupiales,1.1.02.06.001.01.03.02,CALIDADPOR GRATUIDAD,INGRESOS,INGRESOS CORRIENTES,INGRESOS NO TRIBUTARIOS,TRANSFERENCIAS CORRIENTES,SISTEMA GENERAL DE PARTICIPACIONES,PARTICIPACION PARA EDUCACION,CALIDAD,CALIDADPOR GRATUIDAD,No Aplica,No Aplica,,,,,,,,2022,Cuarto Trimestre,,,197796499.0,NO APLICA,SGP-EDUCACION-CALIDAD  POR GRATUIDAD,NO APLICA,NO APLICA,NO APLICA,NO APLICA,DIRECCION NACIONAL DEL TESORO MINISTERIO DE HACIENDA Y CREDITO PUBLICO,NO APLICA,NO APLICA,197796499.0,0.0,0.0,0.0,,,,,,
7252250,20221201,218552585,Pupiales,1.1.02.07,PARTICIPACION Y DERECHOS POR MONOPOLIO,INGRESOS,INGRESOS CORRIENTES,INGRESOS NO TRIBUTARIOS,PARTICIPACION Y DERECHOS POR MONOPOLIO,No Aplica,No Aplica,No Aplica,No Aplica,No Aplica,No Aplica,,,,,,,,2022,Cuarto Trimestre,,,254043349.0,NO APLICA,NO APLICA,NO APLICA,NO APLICA,NO APLICA,NO APLICA,NO APLICA,NO APLICA,NO APLICA,192445454.0,61597895.0,0.0,0.0,,,,,,
7256491,20230901,218552585,Pupiales,1.1.02.06.001.01,PARTICIPACION PARA EDUCACION,INGRESOS,INGRESOS CORRIENTES,INGRESOS NO TRIBUTARIOS,TRANSFERENCIAS CORRIENTES,SISTEMA GENERAL DE PARTICIPACIONES,PARTICIPACION PARA EDUCACION,No Aplica,No Aplica,No Aplica,No Aplica,,,,,,,,2023,Tercer Trimestre,,,365927913.0,NO APLICA,NO APLICA,NO APLICA,NO APLICA,NO APLICA,NO APLICA,NO APLICA,NO APLICA,NO APLICA,0.0,365927913.0,0.0,0.0,,,,,,
7257426,20230301,218552585,Pupiales,1.2.05,RENDIMIENTOS FINANCIEROS,INGRESOS,RECURSOS DE CAPITAL,RENDIMIENTOS FINANCIEROS,No Aplica,No Aplica,No Aplica,No Aplica,No Aplica,No Aplica,No Aplica,,,,,,,,2023,Primer Trimestre,,,624774.0,NO APLICA,NO APLICA,NO APLICA,NO APLICA,NO APLICA,NO APLICA,NO APLICA,NO APLICA,NO APLICA,0.0,624774.0,0.0,0.0,,,,,,
7258592,20210901,218552585,Pupiales,1.1.02.01,CONTRIBUCIONES,INGRESOS,INGRESOS CORRIENTES,INGRESOS NO TRIBUTARIOS,CONTRIBUCIONES,No Aplica,No Aplica,No Aplica,No Aplica,No Aplica,No Aplica,,,,,,,,2021,Tercer Trimestre,,,103702593.0,NO APLICA,NO APLICA,NO,NO APLICA,NO APLICA,,NO APLICA,NO APLICA,NO APLICA,0.0,103702593.0,0.0,0.0,,,,,,
7259120,20230901,218552585,Pupiales,1.1.01.01.014.02,SOBRETASA AMBIENTAL -RURAL,INGRESOS,INGRESOS CORRIENTES,INGRESOS TRIBUTARIOS,IMPUESTOS DIRECTOS,SOBRETASA AMBIENTAL,SOBRETASA AMBIENTAL -RURAL,No Aplica,No Aplica,No Aplica,No Aplica,,,,,,,,2023,Tercer Trimestre,,,29709534.0,NO APLICA,SOBRETASA - PARTICIPACION AMBIENTAL - CORPORACIONES AUTONOMAS REGIONALES,NO APLICA,NO APLICA,NO APLICA,NO APLICA,NO APLICA,NO APLICA,NO APLICA,0.0,29709534.0,0.0,0.0,,,,,,
7260161,20230901,218552585,Pupiales,1,INGRESOS,INGRESOS,No Aplica,No Aplica,No Aplica,No Aplica,No Aplica,No Aplica,No Aplica,No Aplica,No Aplica,,,,,,,,2023,Tercer Trimestre,,,24652762211.0,NO APLICA,NO APLICA,NO APLICA,NO APLICA,NO APLICA,NO APLICA,NO APLICA,NO APLICA,NO APLICA,0.0,24652762211.0,0.0,0.0,,,,,,
7262140,20210301,218552585,Pupiales,1.1.02.06.001.04,ASIGNACIONES ESPECIALES,INGRESOS,INGRESOS CORRIENTES,INGRESOS NO TRIBUTARIOS,TRANSFERENCIAS CORRIENTES,SISTEMA GENERAL DE PARTICIPACIONES,ASIGNACIONES ESPECIALES,No Aplica,No Aplica,No Aplica,No Aplica,,,,,,,,2021,Primer Trimestre,,,15719341.0,NO APLICA,NO APLICA,NO,NO APLICA,NO APLICA,,NO APLICA,NO APLICA,NO APLICA,0.0,15719341.0,0.0,0.0,,,,,,
7266185,20230901,218552585,Pupiales,1.1.02.06.001.02,PARTICIPACION PARA SALUD,INGRESOS,INGRESOS CORRIENTES,INGRESOS NO TRIBUTARIOS,TRANSFERENCIAS CORRIENTES,SISTEMA GENERAL DE PARTICIPACIONES,PARTICIPACION PARA SALUD,No Aplica,No Aplica,No Aplica,No Aplica,,,,,,,,2023,Tercer Trimestre,,,5600010637.0,NO APLICA,NO APLICA,NO APLICA,NO APLICA,NO APLICA,NO APLICA,NO APLICA,NO APLICA,NO APLICA,0.0,5600010637.0,0.0,0.0,,,,,,
7269086,20230301,218552585,Pupiales,1.1.01.01.200.01,IMPUESTO PREDIAL UNIFICADO - URBANO,INGRESOS,INGRESOS CORRIENTES,INGRESOS TRIBUTARIOS,IMPUESTOS DIRECTOS,IMPUESTO PREDIAL UNIFICADO,IMPUESTO PREDIAL UNIFICADO - URBANO,No Aplica,No Aplica,No Aplica,No Aplica,,,,,,,,2023,Primer Trimestre,,,4642785.0,NO APLICA,INGRESOS CORRIENTES DE LIBRE DESTINACION,NO APLICA,NO APLICA,NO APLICA,NO APLICA,EL PEÑOL - NARIÑO,NO APLICA,NO APLICA,0.0,4642785.0,0.0,0.0,,,,,,
7271282,20210601,218552585,Pupiales,1.1.02.06.006.06,OTRAS UNIDADES DE GOBIERNO,INGRESOS,INGRESOS CORRIENTES,INGRESOS NO TRIBUTARIOS,TRANSFERENCIAS CORRIENTES,TRANSFERENCIAS DE OTRAS ENTIDADES DEL GOBIERNO GENERAL,OTRAS UNIDADES DE GOBIERNO,No Aplica,No Aplica,No Aplica,No Aplica,,,,,,,,2021,Segundo Trimestre,,,248972128.0,NO APLICA,1.2.3.3.04 - OTRAS TRANSFERENCIAS CORRIENTES DE OTRAS ENTIDADES DEL GOBIERNO GENERAL,NO,NO APLICA,NO APLICA,0,DEPARTAMENTO DE NARIÑO,NO APLICA,NO APLICA,0.0,248972128.0,0.0,0.0,,,,,,
7273781,20210301,218552585,Pupiales,1.1.02.05,VENTA DE BIENES Y SERVICIOS,INGRESOS,INGRESOS CORRIENTES,INGRESOS NO TRIBUTARIOS,VENTA DE BIENES Y SERVICIOS,No Aplica,No Aplica,No Aplica,No Aplica,No Aplica,No Aplica,,,,,,,,2021,Primer Trimestre,,,11539678.0,NO APLICA,NO APLICA,NO,NO APLICA,NO APLICA,,NO APLICA,NO APLICA,NO APLICA,0.0,11539678.0,0.0,0.0,,,,,,
7275022,20230901,218552585,Pupiales,1.1.01.02.200.01,IMPUESTO DE INDUSTRIA Y COMERCIO - SOBRE ACTIVIDADES COMERCIALES,INGRESOS,INGRESOS CORRIENTES,INGRESOS TRIBUTARIOS,IMPUESTOS INDIRECTOS,IMPUESTO DE INDUSTRIA Y COMERCIO,IMPUESTO DE INDUSTRIA Y COMERCIO - SOBRE ACTIVIDADES COMERCIALES,No Aplica,No Aplica,No Aplica,No Aplica,,,,,,,,2023,Tercer Trimestre,,,47000.0,NO APLICA,INGRESOS CORRIENTES DE LIBRE DESTINACION,NO APLICA,NO APLICA,NO APLICA,NO APLICA,DEPARTAMENTO ADMINISTRATIVO PARA LA PROSPERIDAD SOCIAL,NO APLICA,NO APLICA,0.0,47000.0,0.0,0.0,,,,,,
7275285,20210901,218552585,Pupiales,1.2.01.02,DISPOSICION DE ACTIVOS NO FINANCIEROS,INGRESOS,RECURSOS DE CAPITAL,DISPOSICION DE ACTIVOS,DISPOSICION DE ACTIVOS NO FINANCIEROS,No Aplica,No Aplica,No Aplica,No Aplica,No Aplica,No Aplica,,,,,,,,2021,Tercer Trimestre,,,242000000.0,NO APLICA,NO APLICA,NO,NO APLICA,NO APLICA,,NO APLICA,NO APLICA,NO APLICA,0.0,242000000.0,0.0,0.0,,,,,,
7278587,20220301,218552585,Pupiales,1.1.02.06.001.03.02,CULTURA,INGRESOS,INGRESOS CORRIENTES,INGRESOS NO TRIBUTARIOS,TRANSFERENCIAS CORRIENTES,SISTEMA GENERAL DE PARTICIPACIONES,PARTICIPACION PARA PROPOSITO GENERAL,CULTURA,No Aplica,No Aplica,No Aplica,,,,,,,,2022,Primer Trimestre,,,12290358.0,NO APLICA,SGP-PROPOSITO GENERAL-CULTURA,NO APLICA,NO APLICA,NO APLICA,NO APLICA,DIRECCION NACIONAL DEL TESORO MINISTERIO DE HACIENDA Y CREDITO PUBLICO,NO APLICA,NO APLICA,0.0,12290358.0,0.0,0.0,,,,,,
7281406,20230901,218552585,Pupiales,1.1.01.02.300.55,ESTAMPILLA PRO CULTURA,INGRESOS,INGRESOS CORRIENTES,INGRESOS TRIBUTARIOS,IMPUESTOS INDIRECTOS,ESTAMPILLAS,ESTAMPILLA PRO CULTURA,No Aplica,No Aplica,No Aplica,No Aplica,,,,,,,,2023,Tercer Trimestre,,,25999763.0,NO APLICA,ESTAMPILLAS,NO APLICA,NO APLICA,NO APLICA,NO APLICA,NO APLICA,NO APLICA,NO APLICA,0.0,25999763.0,0.0,0.0,,,,,,
7281699,20221201,218552585,Pupiales,1.2.10.02,SUPERAVIT FISCAL,INGRESOS,RECURSOS DE CAPITAL,RECURSOS DEL BALANCE,SUPERAVIT FISCAL,No Aplica,No Aplica,No Aplica,No Aplica,No Aplica,No Aplica,,,,,,,,2022,Cuarto Trimestre,,,109041495.0,NO APLICA,RECURSOS DEL BALANCE DE LIBRE DESTINACION,NO APLICA,NO APLICA,ACUERDO,NO APLICA,NO APLICA,NO APLICA,NO APLICA,0.0,0.0,0.0,109041495.0,,,,,,
7283735,20220601,218552585,Pupiales,1.1.02.06.001.02,PARTICIPACION PARA SALUD,INGRESOS,INGRESOS CORRIENTES,INGRESOS NO TRIBUTARIOS,TRANSFERENCIAS CORRIENTES,SISTEMA GENERAL DE PARTICIPACIONES,PARTICIPACION PARA SALUD,No Aplica,No Aplica,No Aplica,No Aplica,,,,,,,,2022,Segundo Trimestre,,,3531692752.0,NO APLICA,NO APLICA,NO APLICA,NO APLICA,NO APLICA,NO APLICA,NO APLICA,NO APLICA,NO APLICA,3414629941.0,117062811.0,0.0,0.0,,,,,,
7284941,20221201,218552585,Pupiales,1.1.01,INGRESOS TRIBUTARIOS,INGRESOS,INGRESOS CORRIENTES,INGRESOS TRIBUTARIOS,No Aplica,No Aplica,No Aplica,No Aplica,No Aplica,No Aplica,No Aplica,,,,,,,,2022,Cuarto Trimestre,,,1943103026.0,NO APLICA,NO APLICA,NO APLICA,NO APLICA,NO APLICA,NO APLICA,NO APLICA,NO APLICA,NO APLICA,0.0,1943103026.0,0.0,0.0,,,,,,
7285846,20220901,218552585,Pupiales,1.2.05,RENDIMIENTOS FINANCIEROS,INGRESOS,RECURSOS DE CAPITAL,RENDIMIENTOS FINANCIEROS,No Aplica,No Aplica,No Aplica,No Aplica,No Aplica,No Aplica,No Aplica,,,,,,,,2022,Tercer Trimestre,,,2028111.0,NO APLICA,NO APLICA,NO APLICA,NO APLICA,NO APLICA,NO APLICA,NO APLICA,NO APLICA,NO APLICA,0.0,2028111.0,0.0,0.0,,,,,,
7288327,20210901,218552585,Pupiales,1.1.01.02.207,IMPUESTO DE CASINOS,INGRESOS,INGRESOS CORRIENTES,INGRESOS TRIBUTARIOS,IMPUESTOS INDIRECTOS,IMPUESTO DE CASINOS,No Aplica,No Aplica,No Aplica,No Aplica,No Aplica,,,,,,,,2021,Tercer Trimestre,,,0.0,NO APLICA,1.2.1.0.00 - INGRESOS CORRIENTES DE LIBRE DESTINACION,NO,NO APLICA,NO APLICA,0,NO APLICA,NO APLICA,NO APLICA,0.0,0.0,0.0,0.0,,,,,,
7291432,20220601,218552585,Pupiales,1.1.02.06.001.03.01,DEPORTE Y RECREACION,INGRESOS,INGRESOS CORRIENTES,INGRESOS NO TRIBUTARIOS,TRANSFERENCIAS CORRIENTES,SISTEMA GENERAL DE PARTICIPACIONES,PARTICIPACION PARA PROPOSITO GENERAL,DEPORTE Y RECREACION,No Aplica,No Aplica,No Aplica,,,,,,,,2022,Segundo Trimestre,,,46310603.0,NO APLICA,SGP-PROPOSITO GENERAL-DEPORTE Y RECREACION,NO APLICA,NO APLICA,NO APLICA,NO APLICA,DIRECCION NACIONAL DEL TESORO MINISTERIO DE HACIENDA Y CREDITO PUBLICO,NO APLICA,NO APLICA,0.0,46310603.0,0.0,0.0,,,,,,
7295521,20211201,218552585,Pupiales,1.1.02.03,"MULTAS, SANCIONES E INTERESES DE MORA",INGRESOS,INGRESOS CORRIENTES,INGRESOS NO TRIBUTARIOS,"MULTAS, SANCIONES E INTERESES DE MORA",No Aplica,No Aplica,No Aplica,No Aplica,No Aplica,No Aplica,,,,,,,,2021,Cuarto Trimestre,,,44286780.0,NO APLICA,NO APLICA,NO APLICA,NO APLICA,NO APLICA,NO APLICA,NO APLICA,NO APLICA,NO APLICA,0.0,44286780.0,0.0,0.0,,,,,,
7296532,20210901,218552585,Pupiales,1.1.02.06.001.02.04,SUBSIDIO A LA OFERTA,INGRESOS,INGRESOS CORRIENTES,INGRESOS NO TRIBUTARIOS,TRANSFERENCIAS CORRIENTES,SISTEMA GENERAL DE PARTICIPACIONES,PARTICIPACION PARA SALUD,SUBSIDIO A LA OFERTA,No Aplica,No Aplica,No Aplica,,,,,,,,2021,Tercer Trimestre,,,139545417.0,NO APLICA,1.2.4.2.04 - SGP-SALUD-SUBSIDIO A LA OFERTA,NO,NO APLICA,NO APLICA,0,DIRECCION NACIONAL DEL TESORO MINISTERIO DE HACIENDA Y CREDITO PUBLICO,NO APLICA,NO APLICA,139545417.0,0.0,0.0,0.0,,,,,,
7296767,20210601,218552585,Pupiales,1.1.01.01.200,IMPUESTO PREDIAL UNIFICADO,INGRESOS,INGRESOS CORRIENTES,INGRESOS TRIBUTARIOS,IMPUESTOS DIRECTOS,IMPUESTO PREDIAL UNIFICADO,No Aplica,No Aplica,No Aplica,No Aplica,No Aplica,,,,,,,,2021,Segundo Trimestre,,,308544081.0,NO APLICA,NO APLICA,NO,NO APLICA,NO APLICA,,NO APLICA,NO APLICA,NO APLICA,0.0,308544081.0,0.0,0.0,,,,,,
7296785,20220901,218552585,Pupiales,1.2.10.02,SUPERAVIT FISCAL,INGRESOS,RECURSOS DE CAPITAL,RECURSOS DEL BALANCE,SUPERAVIT FISCAL,No Aplica,No Aplica,No Aplica,No Aplica,No Aplica,No Aplica,,,,,,,,2022,Tercer Trimestre,,,111202903.0,NO APLICA,R.B. SGP-EDUCACION-CALIDAD  POR MATRICULA OFICIAL,NO APLICA,NO APLICA,ACUERDO,NO APLICA,DIRECCION NACIONAL DEL TESORO MINISTERIO DE HACIENDA Y CREDITO PUBLICO,NO APLICA,NO APLICA,0.0,0.0,0.0,111202903.0,,,,,,
7299495,20230601,218552585,Pupiales,1.1.02.06.006.06,OTRAS UNIDADES DE GOBIERNO,INGRESOS,INGRESOS CORRIENTES,INGRESOS NO TRIBUTARIOS,TRANSFERENCIAS CORRIENTES,TRANSFERENCIAS DE OTRAS ENTIDADES DEL GOBIERNO GENERAL,OTRAS UNIDADES DE GOBIERNO,No Aplica,No Aplica,No Aplica,No Aplica,,,,,,,,2023,Segundo Trimestre,,,119084891.0,NO APLICA,DERECHOS POR LA EXPLOTACION JUEGOS DE SUERTE Y AZAR,NO APLICA,NO APLICA,NO APLICA,NO APLICA,MINISTERIO DE SALUD Y PROTECCION SOCIAL,NO APLICA,NO APLICA,0.0,119084891.0,0.0,0.0,,,,,,
7299506,20210301,218552585,Pupiales,1.1.02.06.001.03,PARTICIPACION PARA PROPOSITO GENERAL,INGRESOS,INGRESOS CORRIENTES,INGRESOS NO TRIBUTARIOS,TRANSFERENCIAS CORRIENTES,SISTEMA GENERAL DE PARTICIPACIONES,PARTICIPACION PARA PROPOSITO GENERAL,No Aplica,No Aplica,No Aplica,No Aplica,,,,,,,,2021,Primer Trimestre,,,596732412.0,NO APLICA,NO APLICA,NO,NO APLICA,NO APLICA,,NO APLICA,NO APLICA,NO APLICA,0.0,596732412.0,0.0,0.0,,,,,,
7300619,20210901,218552585,Pupiales,1.1.02.06.001.03.04,"PROPOSITO GENERAL LIBRE DESTINACION MUNICIPIOS CATEGORIAS 4, 5 Y 6",INGRESOS,INGRESOS CORRIENTES,INGRESOS NO TRIBUTARIOS,TRANSFERENCIAS CORRIENTES,SISTEMA GENERAL DE PARTICIPACIONES,PARTICIPACION PARA PROPOSITO GENERAL,"PROPOSITO GENERAL LIBRE DESTINACION MUNICIPIOS CATEGORIAS 4, 5 Y 6",No Aplica,No Aplica,No Aplica,,,,,,,,2021,Tercer Trimestre,,,1027842072.0,NO APLICA,"1.2.4.3.04 - SGP-PROPOSITO GENERAL-LIBRE DESTINACION MUNICIPIOS CATEGORIAS 4, 5 Y 6",NO,NO APLICA,NO APLICA,0,DIRECCION NACIONAL DEL TESORO MINISTERIO DE HACIENDA Y CREDITO PUBLICO,NO APLICA,NO APLICA,0.0,1027842072.0,0.0,0.0,,,,,,
7305160,20220901,218552585,Pupiales,1.2.10.02,SUPERAVIT FISCAL,INGRESOS,RECURSOS DE CAPITAL,RECURSOS DEL BALANCE,SUPERAVIT FISCAL,No Aplica,No Aplica,No Aplica,No Aplica,No Aplica,No Aplica,,,,,,,,2022,Tercer Trimestre,,,14323419.0,NO APLICA,R.B. SGP-SALUD-SALUD PUBLICA,NO APLICA,NO APLICA,ACUERDO,NO APLICA,DIRECCION NACIONAL DEL TESORO MINISTERIO DE HACIENDA Y CREDITO PUBLICO,NO APLICA,NO APLICA,0.0,0.0,0.0,14323419.0,,,,,,
7305942,20230301,218552585,Pupiales,1.2.05.02,DEPOSITOS,INGRESOS,RECURSOS DE CAPITAL,RENDIMIENTOS FINANCIEROS,DEPOSITOS,No Aplica,No Aplica,No Aplica,No Aplica,No Aplica,No Aplica,,,,,,,,2023,Primer Trimestre,,,2462.0,NO APLICA,R.F. SGP - EDUCACION-CALIDAD  POR MATRICULA OFICIAL,NO APLICA,NO APLICA,NO APLICA,NO APLICA,EL PEÑOL - NARIÑO,NO APLICA,NO APLICA,0.0,2462.0,0.0,0.0,,,,,,
7307330,20211201,218552585,Pupiales,1.2.08.06.002,CONDICIONADAS A LA ADQUISICION DE UN ACTIVO,INGRESOS,RECURSOS DE CAPITAL,TRANSFERENCIAS DE CAPITAL,DE OTRAS ENTIDADES DEL GOBIERNO GENERAL,CONDICIONADAS A LA ADQUISICION DE UN ACTIVO,No Aplica,No Aplica,No Aplica,No Aplica,No Aplica,,,,,,,,2021,Cuarto Trimestre,,,765346212.0,NO APLICA,R.B. TRANSFERENCIAS DE CAPITAL DE OTRAS ENTIDADES DEL GOBIERNO GENERAL,NO APLICA,NO APLICA,NO APLICA,NO APLICA,NO APLICA,NO APLICA,NO APLICA,0.0,765346212.0,0.0,0.0,,,,,,
7307347,20220301,218552585,Pupiales,1.1.01.02.300,ESTAMPILLAS,INGRESOS,INGRESOS CORRIENTES,INGRESOS TRIBUTARIOS,IMPUESTOS INDIRECTOS,ESTAMPILLAS,No Aplica,No Aplica,No Aplica,No Aplica,No Aplica,,,,,,,,2022,Primer Trimestre,,,4452162.0,NO APLICA,NO APLICA,NO APLICA,NO APLICA,NO APLICA,NO APLICA,NO APLICA,NO APLICA,NO APLICA,0.0,4452162.0,0.0,0.0,,,,,,
7307737,20220601,218552585,Pupiales,1.1.01.02.201,IMPUESTO COMPLEMENTARIO DE AVISOS Y TABLEROS,INGRESOS,INGRESOS CORRIENTES,INGRESOS TRIBUTARIOS,IMPUESTOS INDIRECTOS,IMPUESTO COMPLEMENTARIO DE AVISOS Y TABLEROS,No Aplica,No Aplica,No Aplica,No Aplica,No Aplica,,,,,,,,2022,Segundo Trimestre,,,21105110.0,NO APLICA,INGRESOS CORRIENTES DE LIBRE DESTINACION,NO APLICA,NO APLICA,NO APLICA,NO APLICA,NO APLICA,NO APLICA,NO APLICA,0.0,21105110.0,0.0,0.0,,,,,,
7309494,20211201,218552585,Pupiales,1.1.01.02.300,ESTAMPILLAS,INGRESOS,INGRESOS CORRIENTES,INGRESOS TRIBUTARIOS,IMPUESTOS INDIRECTOS,ESTAMPILLAS,No Aplica,No Aplica,No Aplica,No Aplica,No Aplica,,,,,,,,2021,Cuarto Trimestre,,,431903613.0,NO APLICA,NO APLICA,NO APLICA,NO APLICA,NO APLICA,NO APLICA,NO APLICA,NO APLICA,NO APLICA,0.0,431903613.0,0.0,0.0,,,,,,
7311013,20220901,218552585,Pupiales,1.1.01.02.201,IMPUESTO COMPLEMENTARIO DE AVISOS Y TABLEROS,INGRESOS,INGRESOS CORRIENTES,INGRESOS TRIBUTARIOS,IMPUESTOS INDIRECTOS,IMPUESTO COMPLEMENTARIO DE AVISOS Y TABLEROS,No Aplica,No Aplica,No Aplica,No Aplica,No Aplica,,,,,,,,2022,Tercer Trimestre,,,21182760.0,NO APLICA,INGRESOS CORRIENTES DE LIBRE DESTINACION,NO APLICA,NO APLICA,NO APLICA,NO APLICA,NO APLICA,NO APLICA,NO APLICA,0.0,21182760.0,0.0,0.0,,,,,,
7311545,20210601,218552585,Pupiales,1.1.02.06.001.03.02,CULTURA,INGRESOS,INGRESOS CORRIENTES,INGRESOS NO TRIBUTARIOS,TRANSFERENCIAS CORRIENTES,SISTEMA GENERAL DE PARTICIPACIONES,PARTICIPACION PARA PROPOSITO GENERAL,CULTURA,No Aplica,No Aplica,No Aplica,,,,,,,,2021,Segundo Trimestre,,,22617515.0,NO APLICA,1.2.4.3.02 - SGP-PROPOSITO GENERAL-CULTURA,NO,NO APLICA,NO APLICA,0,DIRECCION NACIONAL DEL TESORO MINISTERIO DE HACIENDA Y CREDITO PUBLICO,NO APLICA,NO APLICA,0.0,22617515.0,0.0,0.0,,,,,,
7313394,20230601,218552585,Pupiales,1.1.02.06.001.03.02,CULTURA,INGRESOS,INGRESOS CORRIENTES,INGRESOS NO TRIBUTARIOS,TRANSFERENCIAS CORRIENTES,SISTEMA GENERAL DE PARTICIPACIONES,PARTICIPACION PARA PROPOSITO GENERAL,CULTURA,No Aplica,No Aplica,No Aplica,,,,,,,,2023,Segundo Trimestre,,,37820453.0,NO APLICA,SGP-PROPOSITO GENERAL-CULTURA,NO APLICA,NO APLICA,NO APLICA,NO APLICA,NO APLICA,NO APLICA,NO APLICA,0.0,37820453.0,0.0,0.0,,,,,,
7320319,20230901,218552585,Pupiales,1.1.02.05,VENTA DE BIENES Y SERVICIOS,INGRESOS,INGRESOS CORRIENTES,INGRESOS NO TRIBUTARIOS,VENTA DE BIENES Y SERVICIOS,No Aplica,No Aplica,No Aplica,No Aplica,No Aplica,No Aplica,,,,,,,,2023,Tercer Trimestre,,,49049555.0,NO APLICA,NO APLICA,NO APLICA,NO APLICA,NO APLICA,NO APLICA,NO APLICA,NO APLICA,NO APLICA,0.0,49049555.0,0.0,0.0,,,,,,
7320536,20220901,218552585,Pupiales,1.1.02.01.005.59,CONTRIBUCION ESPECIAL SOBRE CONTRATOS DE OBRAS PUBLICAS,INGRESOS,INGRESOS CORRIENTES,INGRESOS NO TRIBUTARIOS,CONTRIBUCIONES,CONTRIBUCIONES DIVERSAS,CONTRIBUCION ESPECIAL SOBRE CONTRATOS DE OBRAS PUBLICAS,No Aplica,No Aplica,No Aplica,No Aplica,,,,,,,,2022,Tercer Trimestre,,,133219073.0,NO APLICA,CONTRIBUCION SOBRE CONTRATOS DE OBRA PUBLICA,NO APLICA,NO APLICA,NO APLICA,NO APLICA,NO APLICA,NO APLICA,NO APLICA,0.0,133219073.0,0.0,0.0,,,,,,
7321766,20230601,218552585,Pupiales,1.1.02.03.002,INTERESES DE MORA,INGRESOS,INGRESOS CORRIENTES,INGRESOS NO TRIBUTARIOS,"MULTAS, SANCIONES E INTERESES DE MORA",INTERESES DE MORA,No Aplica,No Aplica,No Aplica,No Aplica,No Aplica,,,,,,,,2023,Segundo Trimestre,,,473950.0,NO APLICA,"OTRAS MULTAS, SANCIONES E INTERESES DE MORA CON DESTINACION ESPECIFICA LEGAL",NO APLICA,NO APLICA,NO APLICA,NO APLICA,NO APLICA,NO APLICA,NO APLICA,0.0,473950.0,0.0,0.0,,,,,,
7322348,20220901,218552585,Pupiales,1.1.02.06.003,PARTICIPACIONES DISTINTAS DEL SGP,INGRESOS,INGRESOS CORRIENTES,INGRESOS NO TRIBUTARIOS,TRANSFERENCIAS CORRIENTES,PARTICIPACIONES DISTINTAS DEL SGP,No Aplica,No Aplica,No Aplica,No Aplica,No Aplica,,,,,,,,2022,Tercer Trimestre,,,62342254.0,NO APLICA,NO APLICA,NO APLICA,NO APLICA,NO APLICA,NO APLICA,NO APLICA,NO APLICA,NO APLICA,0.0,62342254.0,0.0,0.0,,,,,,
7322912,20221201,218552585,Pupiales,1.1.01.02.204,IMPUESTO DE DELINEACION,INGRESOS,INGRESOS CORRIENTES,INGRESOS TRIBUTARIOS,IMPUESTOS INDIRECTOS,IMPUESTO DE DELINEACION,No Aplica,No Aplica,No Aplica,No Aplica,No Aplica,,,,,,,,2022,Cuarto Trimestre,,,10179508.0,NO APLICA,INGRESOS CORRIENTES DE LIBRE DESTINACION,NO APLICA,NO APLICA,NO APLICA,NO APLICA,NO APLICA,NO APLICA,NO APLICA,0.0,10179508.0,0.0,0.0,,,,,,
7323223,20210601,218552585,Pupiales,1.1.01.02.300.01,ESTAMPILLA PARA EL BIENESTAR DEL ADULTO MAYOR,INGRESOS,INGRESOS CORRIENTES,INGRESOS TRIBUTARIOS,IMPUESTOS INDIRECTOS,ESTAMPILLAS,ESTAMPILLA PARA EL BIENESTAR DEL ADULTO MAYOR,No Aplica,No Aplica,No Aplica,No Aplica,,,,,,,,2021,Segundo Trimestre,,,47998564.0,NO APLICA,1.2.3.1.19 - ESTAMPILLAS,NO,NO APLICA,NO APLICA,0,NO APLICA,NO APLICA,NO APLICA,0.0,47998564.0,0.0,0.0,,,,,,
7323315,20211201,218552585,Pupiales,1.1.02.06.001.01.03.01,CALIDADPOR MATRICULA OFICIAL,INGRESOS,INGRESOS CORRIENTES,INGRESOS NO TRIBUTARIOS,TRANSFERENCIAS CORRIENTES,SISTEMA GENERAL DE PARTICIPACIONES,PARTICIPACION PARA EDUCACION,CALIDAD,CALIDADPOR MATRICULA OFICIAL,No Aplica,No Aplica,,,,,,,,2021,Cuarto Trimestre,,,213066304.0,NO APLICA,SGP-EDUCACION-CALIDAD  POR MATRICULA OFICIAL,NO APLICA,NO APLICA,NO APLICA,NO APLICA,DIRECCION NACIONAL DEL TESORO MINISTERIO DE HACIENDA Y CREDITO PUBLICO,NO APLICA,NO APLICA,0.0,213066304.0,0.0,0.0,,,,,,
7323513,20220601,218552585,Pupiales,1.1.01.01,IMPUESTOS DIRECTOS,INGRESOS,INGRESOS CORRIENTES,INGRESOS TRIBUTARIOS,IMPUESTOS DIRECTOS,No Aplica,No Aplica,No Aplica,No Aplica,No Aplica,No Aplica,,,,,,,,2022,Segundo Trimestre,,,324817792.0,NO APLICA,NO APLICA,NO APLICA,NO APLICA,NO APLICA,NO APLICA,NO APLICA,NO APLICA,NO APLICA,0.0,324817792.0,0.0,0.0,,,,,,
7324176,20221201,218552585,Pupiales,1.2.10.02,SUPERAVIT FISCAL,INGRESOS,RECURSOS DE CAPITAL,RECURSOS DEL BALANCE,SUPERAVIT FISCAL,No Aplica,No Aplica,No Aplica,No Aplica,No Aplica,No Aplica,,,,,,,,2022,Cuarto Trimestre,,,149957903.0,NO APLICA,R.B. SGP-AGUA POTABLE Y SANEAMIENTO BASICO,NO APLICA,NO APLICA,ACUERDO,NO APLICA,DIRECCION NACIONAL DEL TESORO MINISTERIO DE HACIENDA Y CREDITO PUBLICO,NO APLICA,NO APLICA,0.0,0.0,0.0,149957903.0,,,,,,
7325094,20210601,218552585,Pupiales,1.1.02.03.001.20,MULTAS CODIGO NACIONAL DE SEGURIDAD Y CONVIVENCIA CIUDADANA,INGRESOS,INGRESOS CORRIENTES,INGRESOS NO TRIBUTARIOS,"MULTAS, SANCIONES E INTERESES DE MORA",MULTAS Y SANCIONES,MULTAS CODIGO NACIONAL DE SEGURIDAD Y CONVIVENCIA CIUDADANA,No Aplica,No Aplica,No Aplica,No Aplica,,,,,,,,2021,Segundo Trimestre,,,27037435.0,NO APLICA,NO APLICA,NO,NO APLICA,NO APLICA,,NO APLICA,NO APLICA,NO APLICA,0.0,27037435.0,0.0,0.0,,,,,,
7328579,20210901,218552585,Pupiales,1.1.02.06.001.02.01,REGIMEN SUBSIDIADO,INGRESOS,INGRESOS CORRIENTES,INGRESOS NO TRIBUTARIOS,TRANSFERENCIAS CORRIENTES,SISTEMA GENERAL DE PARTICIPACIONES,PARTICIPACION PARA SALUD,REGIMEN SUBSIDIADO,No Aplica,No Aplica,No Aplica,,,,,,,,2021,Tercer Trimestre,,,5393977766.0,NO APLICA,1.2.4.2.01 - SGP-SALUD-REGIMEN SUBSIDIADO,NO,NO APLICA,NO APLICA,0,DIRECCION NACIONAL DEL TESORO MINISTERIO DE HACIENDA Y CREDITO PUBLICO,NO APLICA,NO APLICA,5393977766.0,0.0,0.0,0.0,,,,,,
7329450,20211201,218552585,Pupiales,1.1.01.02.200,IMPUESTO DE INDUSTRIA Y COMERCIO,INGRESOS,INGRESOS CORRIENTES,INGRESOS TRIBUTARIOS,IMPUESTOS INDIRECTOS,IMPUESTO DE INDUSTRIA Y COMERCIO,No Aplica,No Aplica,No Aplica,No Aplica,No Aplica,,,,,,,,2021,Cuarto Trimestre,,,337952312.0,NO APLICA,NO APLICA,NO APLICA,NO APLICA,NO APLICA,NO APLICA,NO APLICA,NO APLICA,NO APLICA,0.0,337952312.0,0.0,0.0,,,,,,
7329845,20220601,218552585,Pupiales,1.1.02.01.005.59,CONTRIBUCION ESPECIAL SOBRE CONTRATOS DE OBRAS PUBLICAS,INGRESOS,INGRESOS CORRIENTES,INGRESOS NO TRIBUTARIOS,CONTRIBUCIONES,CONTRIBUCIONES DIVERSAS,CONTRIBUCION ESPECIAL SOBRE CONTRATOS DE OBRAS PUBLICAS,No Aplica,No Aplica,No Aplica,No Aplica,,,,,,,,2022,Segundo Trimestre,,,75837900.0,NO APLICA,CONTRIBUCION SOBRE CONTRATOS DE OBRA PUBLICA,NO APLICA,NO APLICA,NO APLICA,NO APLICA,NO APLICA,NO APLICA,NO APLICA,0.0,75837900.0,0.0,0.0,,,,,,
7331396,20210901,218552585,Pupiales,1.1.01.02,IMPUESTOS INDIRECTOS,INGRESOS,INGRESOS CORRIENTES,INGRESOS TRIBUTARIOS,IMPUESTOS INDIRECTOS,No Aplica,No Aplica,No Aplica,No Aplica,No Aplica,No Aplica,,,,,,,,2021,Tercer Trimestre,,,828493713.0,NO APLICA,NO APLICA,NO,NO APLICA,NO APLICA,,NO APLICA,NO APLICA,NO APLICA,0.0,828493713.0,0.0,0.0,,,,,,
7332583,20221201,218552585,Pupiales,1.1.02.06.001.03,PARTICIPACION PARA PROPOSITO GENERAL,INGRESOS,INGRESOS CORRIENTES,INGRESOS NO TRIBUTARIOS,TRANSFERENCIAS CORRIENTES,SISTEMA GENERAL DE PARTICIPACIONES,PARTICIPACION PARA PROPOSITO GENERAL,No Aplica,No Aplica,No Aplica,No Aplica,,,,,,,,2022,Cuarto Trimestre,,,4128591726.0,NO APLICA,NO APLICA,NO APLICA,NO APLICA,NO APLICA,NO APLICA,NO APLICA,NO APLICA,NO APLICA,0.0,4128591726.0,0.0,0.0,,,,,,
7332806,20230901,218552585,Pupiales,1.1.01.02.200.03,IMPUESTO DE INDUSTRIA Y COMERCIO - SOBRE ACTIVIDADES DE SERVICIOS,INGRESOS,INGRESOS CORRIENTES,INGRESOS TRIBUTARIOS,IMPUESTOS INDIRECTOS,IMPUESTO DE INDUSTRIA Y COMERCIO,IMPUESTO DE INDUSTRIA Y COMERCIO - SOBRE ACTIVIDADES DE SERVICIOS,No Aplica,No Aplica,No Aplica,No Aplica,,,,,,,,2023,Tercer Trimestre,,,3730000.0,NO APLICA,INGRESOS CORRIENTES DE LIBRE DESTINACION,NO APLICA,NO APLICA,NO APLICA,NO APLICA,CENIT TRANSPORTE Y LOGISTICA DE HIDROCARBUROS S.A.S.,NO APLICA,NO APLICA,0.0,3730000.0,0.0,0.0,,,,,,
7334113,20210601,218552585,Pupiales,1.1.01.02.300.55,ESTAMPILLA PRO CULTURA,INGRESOS,INGRESOS CORRIENTES,INGRESOS TRIBUTARIOS,IMPUESTOS INDIRECTOS,ESTAMPILLAS,ESTAMPILLA PRO CULTURA,No Aplica,No Aplica,No Aplica,No Aplica,,,,,,,,2021,Segundo Trimestre,,,24924880.0,NO APLICA,1.2.3.1.19 - ESTAMPILLAS,NO,NO APLICA,NO APLICA,0,NO APLICA,NO APLICA,NO APLICA,0.0,24924880.0,0.0,0.0,,,,,,
7336824,20230901,218552585,Pupiales,1.1.01.02.200.03,IMPUESTO DE INDUSTRIA Y COMERCIO - SOBRE ACTIVIDADES DE SERVICIOS,INGRESOS,INGRESOS CORRIENTES,INGRESOS TRIBUTARIOS,IMPUESTOS INDIRECTOS,IMPUESTO DE INDUSTRIA Y COMERCIO,IMPUESTO DE INDUSTRIA Y COMERCIO - SOBRE ACTIVIDADES DE SERVICIOS,No Aplica,No Aplica,No Aplica,No Aplica,,,,,,,,2023,Tercer Trimestre,,,22007000.0,NO APLICA,INGRESOS CORRIENTES DE LIBRE DESTINACION,NO APLICA,NO APLICA,NO APLICA,NO APLICA,BANCO AGRARIO DE COLOMBIA,NO APLICA,NO APLICA,0.0,22007000.0,0.0,0.0,,,,,,
7338342,20230601,218552585,Pupiales,1.1.01.02.200.03,IMPUESTO DE INDUSTRIA Y COMERCIO - SOBRE ACTIVIDADES DE SERVICIOS,INGRESOS,INGRESOS CORRIENTES,INGRESOS TRIBUTARIOS,IMPUESTOS INDIRECTOS,IMPUESTO DE INDUSTRIA Y COMERCIO,IMPUESTO DE INDUSTRIA Y COMERCIO - SOBRE ACTIVIDADES DE SERVICIOS,No Aplica,No Aplica,No Aplica,No Aplica,,,,,,,,2023,Segundo Trimestre,,,11250553.0,NO APLICA,INGRESOS CORRIENTES DE LIBRE DESTINACION,NO APLICA,NO APLICA,NO APLICA,NO APLICA,PUPIALES,NO APLICA,NO APLICA,0.0,11250553.0,0.0,0.0,,,,,,
7339394,20221201,218552585,Pupiales,1.1.02.06.006.06,OTRAS UNIDADES DE GOBIERNO,INGRESOS,INGRESOS CORRIENTES,INGRESOS NO TRIBUTARIOS,TRANSFERENCIAS CORRIENTES,TRANSFERENCIAS DE OTRAS ENTIDADES DEL GOBIERNO GENERAL,OTRAS UNIDADES DE GOBIERNO,No Aplica,No Aplica,No Aplica,No Aplica,,,,,,,,2022,Cuarto Trimestre,,,9550000.0,NO APLICA,IMPUESTO AL CONSUMO DE CIGARRILLOS Y TABACO,NO APLICA,NO APLICA,NO APLICA,NO APLICA,DEPARTAMENTO DE NARIÑO,NO APLICA,NO APLICA,0.0,9550000.0,0.0,0.0,,,,,,
7339621,20210901,218552585,Pupiales,1.1.02.06,TRANSFERENCIAS CORRIENTES,INGRESOS,INGRESOS CORRIENTES,INGRESOS NO TRIBUTARIOS,TRANSFERENCIAS CORRIENTES,No Aplica,No Aplica,No Aplica,No Aplica,No Aplica,No Aplica,,,,,,,,2021,Tercer Trimestre,,,17305734170.0,NO APLICA,NO APLICA,NO,NO APLICA,NO APLICA,,NO APLICA,NO APLICA,NO APLICA,13204713932.0,4101020238.0,0.0,0.0,,,,,,
7341721,20210301,218552585,Pupiales,1.2.05.02,DEPOSITOS,INGRESOS,RECURSOS DE CAPITAL,RENDIMIENTOS FINANCIEROS,DEPOSITOS,No Aplica,No Aplica,No Aplica,No Aplica,No Aplica,No Aplica,,,,,,,,2021,Primer Trimestre,,,1422899.0,NO APLICA,1.3.2.3.05 - OTROS RENDIMIENTOS FINANCIEROS,NO,NO APLICA,NO APLICA,0,NO APLICA,NO APLICA,NO APLICA,0.0,1422899.0,0.0,0.0,,,,,,
7341827,20210301,218552585,Pupiales,1.2,RECURSOS DE CAPITAL,INGRESOS,RECURSOS DE CAPITAL,No Aplica,No Aplica,No Aplica,No Aplica,No Aplica,No Aplica,No Aplica,No Aplica,,,,,,,,2021,Primer Trimestre,,,831265424.0,NO APLICA,NO APLICA,NO,NO APLICA,NO APLICA,,NO APLICA,NO APLICA,NO APLICA,0.0,1422899.0,0.0,829842525.0,,,,,,
7345086,20220901,218552585,Pupiales,1.1.02.06.001,SISTEMA GENERAL DE PARTICIPACIONES,INGRESOS,INGRESOS CORRIENTES,INGRESOS NO TRIBUTARIOS,TRANSFERENCIAS CORRIENTES,SISTEMA GENERAL DE PARTICIPACIONES,No Aplica,No Aplica,No Aplica,No Aplica,No Aplica,,,,,,,,2022,Tercer Trimestre,,,9583161161.0,NO APLICA,NO APLICA,NO APLICA,NO APLICA,NO APLICA,NO APLICA,NO APLICA,NO APLICA,NO APLICA,5466920715.0,4116240446.0,0.0,0.0,,,,,,
7348525,20210301,218552585,Pupiales,1.1.01.02,IMPUESTOS INDIRECTOS,INGRESOS,INGRESOS CORRIENTES,INGRESOS TRIBUTARIOS,IMPUESTOS INDIRECTOS,No Aplica,No Aplica,No Aplica,No Aplica,No Aplica,No Aplica,,,,,,,,2021,Primer Trimestre,,,214779900.0,NO APLICA,NO APLICA,NO,NO APLICA,NO APLICA,,NO APLICA,NO APLICA,NO APLICA,0.0,214779900.0,0.0,0.0,,,,,,
7350481,20230601,218552585,Pupiales,1.1.02.03.001.20,MULTAS CODIGO NACIONAL DE SEGURIDAD Y CONVIVENCIA CIUDADANA,INGRESOS,INGRESOS CORRIENTES,INGRESOS NO TRIBUTARIOS,"MULTAS, SANCIONES E INTERESES DE MORA",MULTAS Y SANCIONES,MULTAS CODIGO NACIONAL DE SEGURIDAD Y CONVIVENCIA CIUDADANA,No Aplica,No Aplica,No Aplica,No Aplica,,,,,,,,2023,Segundo Trimestre,,,4860084.0,NO APLICA,NO APLICA,NO APLICA,NO APLICA,NO APLICA,NO APLICA,NO APLICA,NO APLICA,NO APLICA,0.0,4860084.0,0.0,0.0,,,,,,
7351064,20220601,218552585,Pupiales,1.1.02.05,VENTA DE BIENES Y SERVICIOS,INGRESOS,INGRESOS CORRIENTES,INGRESOS NO TRIBUTARIOS,VENTA DE BIENES Y SERVICIOS,No Aplica,No Aplica,No Aplica,No Aplica,No Aplica,No Aplica,,,,,,,,2022,Segundo Trimestre,,,995599249.0,NO APLICA,NO APLICA,NO APLICA,NO APLICA,NO APLICA,NO APLICA,NO APLICA,NO APLICA,NO APLICA,0.0,995599249.0,0.0,0.0,,,,,,
7351860,20220601,218552585,Pupiales,1.1.02.06.001.03.03,PROPOSITO GENERAL LIBRE INVERSION,INGRESOS,INGRESOS CORRIENTES,INGRESOS NO TRIBUTARIOS,TRANSFERENCIAS CORRIENTES,SISTEMA GENERAL DE PARTICIPACIONES,PARTICIPACION PARA PROPOSITO GENERAL,PROPOSITO GENERAL LIBRE INVERSION,No Aplica,No Aplica,No Aplica,,,,,,,,2022,Segundo Trimestre,,,1068820045.0,NO APLICA,SGP-PROPOSITO GENERAL-PROPOSITO GENERAL LIBRE INVERSION,NO APLICA,NO APLICA,NO APLICA,NO APLICA,DIRECCION NACIONAL DEL TESORO MINISTERIO DE HACIENDA Y CREDITO PUBLICO,NO APLICA,NO APLICA,0.0,1068820045.0,0.0,0.0,,,,,,
7352637,20230901,218552585,Pupiales,1.1.01.02.200.03,IMPUESTO DE INDUSTRIA Y COMERCIO - SOBRE ACTIVIDADES DE SERVICIOS,INGRESOS,INGRESOS CORRIENTES,INGRESOS TRIBUTARIOS,IMPUESTOS INDIRECTOS,IMPUESTO DE INDUSTRIA Y COMERCIO,IMPUESTO DE INDUSTRIA Y COMERCIO - SOBRE ACTIVIDADES DE SERVICIOS,No Aplica,No Aplica,No Aplica,No Aplica,,,,,,,,2023,Tercer Trimestre,,,20163630.0,NO APLICA,INGRESOS CORRIENTES DE LIBRE DESTINACION,NO APLICA,NO APLICA,NO APLICA,NO APLICA,PUPIALES,NO APLICA,NO APLICA,0.0,20163630.0,0.0,0.0,,,,,,
7352734,20220601,218552585,Pupiales,1.1.02.06.001.01,PARTICIPACION PARA EDUCACION,INGRESOS,INGRESOS CORRIENTES,INGRESOS NO TRIBUTARIOS,TRANSFERENCIAS CORRIENTES,SISTEMA GENERAL DE PARTICIPACIONES,PARTICIPACION PARA EDUCACION,No Aplica,No Aplica,No Aplica,No Aplica,,,,,,,,2022,Segundo Trimestre,,,198730876.0,NO APLICA,NO APLICA,NO APLICA,NO APLICA,NO APLICA,NO APLICA,NO APLICA,NO APLICA,NO APLICA,94621000.0,104109876.0,0.0,0.0,,,,,,
7352859,20230301,218552585,Pupiales,1.2.05.02,DEPOSITOS,INGRESOS,RECURSOS DE CAPITAL,RENDIMIENTOS FINANCIEROS,DEPOSITOS,No Aplica,No Aplica,No Aplica,No Aplica,No Aplica,No Aplica,,,,,,,,2023,Primer Trimestre,,,1163.0,NO APLICA,R.F. DE SISTEMA GENERAL DE SEGURIDAD SOCIAL EN SALUD - FONDOS ESPECIALES DEL MINISTERIO DE SALUD Y PROTECCION SOCIAL,NO APLICA,NO APLICA,NO APLICA,NO APLICA,BANCO AGRARIO DE COLOMBIA,NO APLICA,NO APLICA,0.0,1163.0,0.0,0.0,,,,,,
7356005,20210301,218552585,Pupiales,1.2.10,RECURSOS DEL BALANCE,INGRESOS,RECURSOS DE CAPITAL,RECURSOS DEL BALANCE,No Aplica,No Aplica,No Aplica,No Aplica,No Aplica,No Aplica,No Aplica,,,,,,,,2021,Primer Trimestre,,,829842525.0,NO APLICA,NO APLICA,NO,NO APLICA,NO APLICA,,NO APLICA,NO APLICA,NO APLICA,0.0,0.0,0.0,829842525.0,,,,,,
7356963,20230601,218552585,Pupiales,1.1.02.06.001.02.04,SUBSIDIO A LA OFERTA,INGRESOS,INGRESOS CORRIENTES,INGRESOS NO TRIBUTARIOS,TRANSFERENCIAS CORRIENTES,SISTEMA GENERAL DE PARTICIPACIONES,PARTICIPACION PARA SALUD,SUBSIDIO A LA OFERTA,No Aplica,No Aplica,No Aplica,,,,,,,,2023,Segundo Trimestre,,,119230301.0,NO APLICA,SGP-SALUD-SUBSIDIO A LA OFERTA,NO APLICA,NO APLICA,NO APLICA,NO APLICA,MINISTERIO DE SALUD Y PROTECCION SOCIAL,NO APLICA,NO APLICA,0.0,119230301.0,0.0,0.0,,,,,,
7358848,20221201,218552585,Pupiales,1.1.02.05.002.07,SERVICIOS FINANCIEROS Y SERVICIOS CONEXOS; SERVICIOS INMOBILIARIOS; Y SERVICIOS DE ARRENDAMIENTO Y LEASING,INGRESOS,INGRESOS CORRIENTES,INGRESOS NO TRIBUTARIOS,VENTA DE BIENES Y SERVICIOS,VENTAS INCIDENTALES DE ESTABLECIMIENTOS NO DE MERCADO,SERVICIOS FINANCIEROS Y SERVICIOS CONEXOS; SERVICIOS INMOBILIARIOS; Y SERVICIOS DE ARRENDAMIENTO Y LEASING,No Aplica,No Aplica,No Aplica,No Aplica,,,,,,,,2022,Cuarto Trimestre,,,968120000.0,OTROS SERVICIOS DIVERSOS N C P,VENTA DE BIENES Y SERVICIOS CON DESTINACION ESPECIFICA LEGAL,NO APLICA,NO APLICA,NO APLICA,NO APLICA,NO APLICA,NO APLICA,NO APLICA,0.0,968120000.0,0.0,0.0,,,,,,
7359999,20220601,218552585,Pupiales,1.1.02.06.003.01,PARTICIPACION EN IMPUESTOS,INGRESOS,INGRESOS CORRIENTES,INGRESOS NO TRIBUTARIOS,TRANSFERENCIAS CORRIENTES,PARTICIPACIONES DISTINTAS DEL SGP,PARTICIPACION EN IMPUESTOS,No Aplica,No Aplica,No Aplica,No Aplica,,,,,,,,2022,Segundo Trimestre,,,51598924.0,NO APLICA,NO APLICA,NO APLICA,NO APLICA,NO APLICA,NO APLICA,NO APLICA,NO APLICA,NO APLICA,0.0,51598924.0,0.0,0.0,,,,,,
7364454,20210901,218552585,Pupiales,1.2.05,RENDIMIENTOS FINANCIEROS,INGRESOS,RECURSOS DE CAPITAL,RENDIMIENTOS FINANCIEROS,No Aplica,No Aplica,No Aplica,No Aplica,No Aplica,No Aplica,No Aplica,,,,,,,,2021,Tercer Trimestre,,,6595411.0,NO APLICA,NO APLICA,NO,NO APLICA,NO APLICA,,NO APLICA,NO APLICA,NO APLICA,0.0,6595411.0,0.0,0.0,,,,,,
7365311,20211201,218552585,Pupiales,1.2.01.02.003.01,DISPOSICION DETIERRAS Y TERRENOS,INGRESOS,RECURSOS DE CAPITAL,DISPOSICION DE ACTIVOS,DISPOSICION DE ACTIVOS NO FINANCIEROS,DISPOSICION DE ACTIVOS NO PRODUCIDOS,DISPOSICION DETIERRAS Y TERRENOS,No Aplica,No Aplica,No Aplica,No Aplica,,,,,,,,2021,Cuarto Trimestre,,,242000000.0,NO APLICA,DISPOSICION DE ACTIVOS,NO APLICA,NO APLICA,NO APLICA,NO APLICA,NO APLICA,NO APLICA,NO APLICA,0.0,242000000.0,0.0,0.0,,,,,,
7365458,20220301,218552585,Pupiales,1.1.02.05.002.07,SERVICIOS FINANCIEROS Y SERVICIOS CONEXOS; SERVICIOS INMOBILIARIOS; Y SERVICIOS DE ARRENDAMIENTO Y LEASING,INGRESOS,INGRESOS CORRIENTES,INGRESOS NO TRIBUTARIOS,VENTA DE BIENES Y SERVICIOS,VENTAS INCIDENTALES DE ESTABLECIMIENTOS NO DE MERCADO,SERVICIOS FINANCIEROS Y SERVICIOS CONEXOS; SERVICIOS INMOBILIARIOS; Y SERVICIOS DE ARRENDAMIENTO Y LEASING,No Aplica,No Aplica,No Aplica,No Aplica,,,,,,,,2022,Primer Trimestre,,,120000.0,OTROS SERVICIOS DIVERSOS N C P,VENTA DE BIENES Y SERVICIOS CON DESTINACION ESPECIFICA LEGAL,NO APLICA,NO APLICA,NO APLICA,NO APLICA,NO APLICA,NO APLICA,NO APLICA,0.0,120000.0,0.0,0.0,,,,,,
7365955,20221201,218552585,Pupiales,1.1.02.06.009.01,SISTEMA GENERAL DE SEGURIDAD SOCIAL EN SALUD,INGRESOS,INGRESOS CORRIENTES,INGRESOS NO TRIBUTARIOS,TRANSFERENCIAS CORRIENTES,RECURSOS DEL SISTEMA DE SEGURIDAD SOCIAL INTEGRAL,SISTEMA GENERAL DE SEGURIDAD SOCIAL EN SALUD,No Aplica,No Aplica,No Aplica,No Aplica,,,,,,,,2022,Cuarto Trimestre,,,10717123033.0,NO APLICA,NO APLICA,NO APLICA,NO APLICA,NO APLICA,NO APLICA,NO APLICA,NO APLICA,NO APLICA,10717123033.0,0.0,0.0,0.0,,,,,,
7366298,20221201,218552585,Pupiales,1.2.10.02,SUPERAVIT FISCAL,INGRESOS,RECURSOS DE CAPITAL,RECURSOS DEL BALANCE,SUPERAVIT FISCAL,No Aplica,No Aplica,No Aplica,No Aplica,No Aplica,No Aplica,,,,,,,,2022,Cuarto Trimestre,,,111202903.0,NO APLICA,R.B. SGP-EDUCACION-CALIDAD  POR MATRICULA OFICIAL,NO APLICA,NO APLICA,ACUERDO,NO APLICA,DIRECCION NACIONAL DEL TESORO MINISTERIO DE HACIENDA Y CREDITO PUBLICO,NO APLICA,NO APLICA,0.0,0.0,0.0,111202903.0,,,,,,
7368697,20221201,218552585,Pupiales,1.1.01.02.109,SOBRETASA A LA GASOLINA,INGRESOS,INGRESOS CORRIENTES,INGRESOS TRIBUTARIOS,IMPUESTOS INDIRECTOS,SOBRETASA A LA GASOLINA,No Aplica,No Aplica,No Aplica,No Aplica,No Aplica,,,,,,,,2022,Cuarto Trimestre,,,476004000.0,NO APLICA,INGRESOS CORRIENTES DE LIBRE DESTINACION,NO APLICA,NO APLICA,NO APLICA,NO APLICA,NO APLICA,NO APLICA,NO APLICA,0.0,476004000.0,0.0,0.0,,,,,,
7371339,20220601,218552585,Pupiales,1.2,RECURSOS DE CAPITAL,INGRESOS,RECURSOS DE CAPITAL,No Aplica,No Aplica,No Aplica,No Aplica,No Aplica,No Aplica,No Aplica,No Aplica,,,,,,,,2022,Segundo Trimestre,,,1601549704.0,NO APLICA,NO APLICA,NO APLICA,NO APLICA,NO APLICA,NO APLICA,NO APLICA,NO APLICA,NO APLICA,57888255.0,1543661449.0,0.0,0.0,,,,,,
7371838,20220601,218552585,Pupiales,1.1.02.06.001.03.02,CULTURA,INGRESOS,INGRESOS CORRIENTES,INGRESOS NO TRIBUTARIOS,TRANSFERENCIAS CORRIENTES,SISTEMA GENERAL DE PARTICIPACIONES,PARTICIPACION PARA PROPOSITO GENERAL,CULTURA,No Aplica,No Aplica,No Aplica,,,,,,,,2022,Segundo Trimestre,,,34732956.0,NO APLICA,SGP-PROPOSITO GENERAL-CULTURA,NO APLICA,NO APLICA,NO APLICA,NO APLICA,DIRECCION NACIONAL DEL TESORO MINISTERIO DE HACIENDA Y CREDITO PUBLICO,NO APLICA,NO APLICA,0.0,34732956.0,0.0,0.0,,,,,,
7373268,20210301,218552585,Pupiales,1.1.02.06.009,RECURSOS DEL SISTEMA DE SEGURIDAD SOCIAL INTEGRAL,INGRESOS,INGRESOS CORRIENTES,INGRESOS NO TRIBUTARIOS,TRANSFERENCIAS CORRIENTES,RECURSOS DEL SISTEMA DE SEGURIDAD SOCIAL INTEGRAL,No Aplica,No Aplica,No Aplica,No Aplica,No Aplica,,,,,,,,2021,Primer Trimestre,,,2303656434.0,NO APLICA,NO APLICA,NO,NO APLICA,NO APLICA,,NO APLICA,NO APLICA,NO APLICA,2303656434.0,0.0,0.0,0.0,,,,,,
7378486,20220901,218552585,Pupiales,1.1.02.06.001.03.03,PROPOSITO GENERAL LIBRE INVERSION,INGRESOS,INGRESOS CORRIENTES,INGRESOS NO TRIBUTARIOS,TRANSFERENCIAS CORRIENTES,SISTEMA GENERAL DE PARTICIPACIONES,PARTICIPACION PARA PROPOSITO GENERAL,PROPOSITO GENERAL LIBRE INVERSION,No Aplica,No Aplica,No Aplica,,,,,,,,2022,Tercer Trimestre,,,1623102187.0,NO APLICA,SGP-PROPOSITO GENERAL-PROPOSITO GENERAL LIBRE INVERSION,NO APLICA,NO APLICA,NO APLICA,NO APLICA,DIRECCION NACIONAL DEL TESORO MINISTERIO DE HACIENDA Y CREDITO PUBLICO,NO APLICA,NO APLICA,0.0,1623102187.0,0.0,0.0,,,,,,
7380384,20210901,218552585,Pupiales,1.2.07,RECURSOS DE CREDITO INTERNO,INGRESOS,RECURSOS DE CAPITAL,RECURSOS DE CREDITO INTERNO,No Aplica,No Aplica,No Aplica,No Aplica,No Aplica,No Aplica,No Aplica,,,,,,,,2021,Tercer Trimestre,,,1889000000.0,NO APLICA,NO APLICA,NO,NO APLICA,NO APLICA,,NO APLICA,NO APLICA,NO APLICA,0.0,1889000000.0,0.0,0.0,,,,,,
7381443,20230901,218552585,Pupiales,1.1.02.05.002.09,"SERVICIOS PARA LA COMUNIDAD, SOCIALES Y PERSONALES",INGRESOS,INGRESOS CORRIENTES,INGRESOS NO TRIBUTARIOS,VENTA DE BIENES Y SERVICIOS,VENTAS INCIDENTALES DE ESTABLECIMIENTOS NO DE MERCADO,"SERVICIOS PARA LA COMUNIDAD, SOCIALES Y PERSONALES",No Aplica,No Aplica,No Aplica,No Aplica,,,,,,,,2023,Tercer Trimestre,,,1240000.0,OTROS SERVICIOS DE LA ADMINISTRACION PUBLICA N C P,INGRESOS CORRIENTES DE LIBRE DESTINACION,NO APLICA,NO APLICA,NO APLICA,NO APLICA,PUPIALES,NO APLICA,NO APLICA,0.0,1240000.0,0.0,0.0,,,,,,
7382315,20211201,218552585,Pupiales,1.2.05.02,DEPOSITOS,INGRESOS,RECURSOS DE CAPITAL,RENDIMIENTOS FINANCIEROS,DEPOSITOS,No Aplica,No Aplica,No Aplica,No Aplica,No Aplica,No Aplica,,,,,,,,2021,Cuarto Trimestre,,,8771315.0,NO APLICA,OTROS RENDIMIENTOS FINANCIEROS,NO APLICA,NO APLICA,NO APLICA,NO APLICA,NO APLICA,NO APLICA,NO APLICA,0.0,8771315.0,0.0,0.0,,,,,,
7383732,20210901,218552585,Pupiales,1.1.02.07.001,DERECHOS POR LA EXPLOTACION JUEGOS DE SUERTE Y AZAR,INGRESOS,INGRESOS CORRIENTES,INGRESOS NO TRIBUTARIOS,PARTICIPACION Y DERECHOS POR MONOPOLIO,DERECHOS POR LA EXPLOTACION JUEGOS DE SUERTE Y AZAR,No Aplica,No Aplica,No Aplica,No Aplica,No Aplica,,,,,,,,2021,Tercer Trimestre,,,153207484.0,NO APLICA,NO APLICA,NO,NO APLICA,NO APLICA,,NO APLICA,NO APLICA,NO APLICA,0.0,153207484.0,0.0,0.0,,,,,,
7384605,20220901,218552585,Pupiales,1.1.01.02.300.01,ESTAMPILLA PARA EL BIENESTAR DEL ADULTO MAYOR,INGRESOS,INGRESOS CORRIENTES,INGRESOS TRIBUTARIOS,IMPUESTOS INDIRECTOS,ESTAMPILLAS,ESTAMPILLA PARA EL BIENESTAR DEL ADULTO MAYOR,No Aplica,No Aplica,No Aplica,No Aplica,,,,,,,,2022,Tercer Trimestre,,,229913149.0,NO APLICA,ESTAMPILLAS,NO APLICA,NO APLICA,NO APLICA,NO APLICA,NO APLICA,NO APLICA,NO APLICA,0.0,229913149.0,0.0,0.0,,,,,,
7385802,20230301,218552585,Pupiales,1.1.01.02.200.03,IMPUESTO DE INDUSTRIA Y COMERCIO - SOBRE ACTIVIDADES DE SERVICIOS,INGRESOS,INGRESOS CORRIENTES,INGRESOS TRIBUTARIOS,IMPUESTOS INDIRECTOS,IMPUESTO DE INDUSTRIA Y COMERCIO,IMPUESTO DE INDUSTRIA Y COMERCIO - SOBRE ACTIVIDADES DE SERVICIOS,No Aplica,No Aplica,No Aplica,No Aplica,,,,,,,,2023,Primer Trimestre,,,5637939.0,NO APLICA,INGRESOS CORRIENTES DE LIBRE DESTINACION,NO APLICA,NO APLICA,NO APLICA,NO APLICA,NO APLICA,NO APLICA,NO APLICA,0.0,5637939.0,0.0,0.0,,,,,,
7386491,20230901,218552585,Pupiales,1.1.02.06.001.01.03.01,CALIDADPOR MATRICULA OFICIAL,INGRESOS,INGRESOS CORRIENTES,INGRESOS NO TRIBUTARIOS,TRANSFERENCIAS CORRIENTES,SISTEMA GENERAL DE PARTICIPACIONES,PARTICIPACION PARA EDUCACION,CALIDAD,CALIDADPOR MATRICULA OFICIAL,No Aplica,No Aplica,,,,,,,,2023,Tercer Trimestre,,,190349520.0,NO APLICA,SGP-EDUCACION-CALIDAD  POR MATRICULA OFICIAL,NO APLICA,NO APLICA,NO APLICA,NO APLICA,NO APLICA,NO APLICA,NO APLICA,0.0,190349520.0,0.0,0.0,,,,,,
7387516,20220901,218552585,Pupiales,1.1.02.06.001.02.02,SALUD PUBLICA,INGRESOS,INGRESOS CORRIENTES,INGRESOS NO TRIBUTARIOS,TRANSFERENCIAS CORRIENTES,SISTEMA GENERAL DE PARTICIPACIONES,PARTICIPACION PARA SALUD,SALUD PUBLICA,No Aplica,No Aplica,No Aplica,,,,,,,,2022,Tercer Trimestre,,,176764005.0,NO APLICA,SGP-SALUD-SALUD PUBLICA,NO APLICA,NO APLICA,NO APLICA,NO APLICA,DIRECCION NACIONAL DEL TESORO MINISTERIO DE HACIENDA Y CREDITO PUBLICO,NO APLICA,NO APLICA,0.0,176764005.0,0.0,0.0,,,,,,
7388378,20230901,218552585,Pupiales,1.1.01.01.014,SOBRETASA AMBIENTAL,INGRESOS,INGRESOS CORRIENTES,INGRESOS TRIBUTARIOS,IMPUESTOS DIRECTOS,SOBRETASA AMBIENTAL,No Aplica,No Aplica,No Aplica,No Aplica,No Aplica,,,,,,,,2023,Tercer Trimestre,,,59121027.0,NO APLICA,NO APLICA,NO APLICA,NO APLICA,NO APLICA,NO APLICA,NO APLICA,NO APLICA,NO APLICA,0.0,59121027.0,0.0,0.0,,,,,,
7388469,20211201,218552585,Pupiales,1,INGRESOS,INGRESOS,No Aplica,No Aplica,No Aplica,No Aplica,No Aplica,No Aplica,No Aplica,No Aplica,No Aplica,,,,,,,,2021,Cuarto Trimestre,,,28091814130.0,NO APLICA,NO APLICA,NO APLICA,NO APLICA,NO APLICA,NO APLICA,NO APLICA,NO APLICA,NO APLICA,16178366233.0,11913447897.0,0.0,0.0,,,,,,
7389317,20210301,218552585,Pupiales,1.1.02.06.001.01,PARTICIPACION PARA EDUCACION,INGRESOS,INGRESOS CORRIENTES,INGRESOS NO TRIBUTARIOS,TRANSFERENCIAS CORRIENTES,SISTEMA GENERAL DE PARTICIPACIONES,PARTICIPACION PARA EDUCACION,No Aplica,No Aplica,No Aplica,No Aplica,,,,,,,,2021,Primer Trimestre,,,53266575.0,NO APLICA,NO APLICA,NO,NO APLICA,NO APLICA,,NO APLICA,NO APLICA,NO APLICA,0.0,53266575.0,0.0,0.0,,,,,,
7395570,20221201,218552585,Pupiales,1.1.02.06.003.01.02,PARTICIPACION DEL IMPUESTO SOBRE VEHICULOS AUTOMOTORES,INGRESOS,INGRESOS CORRIENTES,INGRESOS NO TRIBUTARIOS,TRANSFERENCIAS CORRIENTES,PARTICIPACIONES DISTINTAS DEL SGP,PARTICIPACION EN IMPUESTOS,PARTICIPACION DEL IMPUESTO SOBRE VEHICULOS AUTOMOTORES,No Aplica,No Aplica,No Aplica,,,,,,,,2022,Cuarto Trimestre,,,66660237.0,NO APLICA,IMPUESTO SOBRE VEHICULOS AUTOMOTORES CON DESTINACION ESPECIFICA LEGAL,NO APLICA,NO APLICA,NO APLICA,NO APLICA,DEPARTAMENTO DE NARIÑO,NO APLICA,NO APLICA,0.0,66660237.0,0.0,0.0,,,,,,
7396875,20210601,218552585,Pupiales,1.1.02.06.001.02.02,SALUD PUBLICA,INGRESOS,INGRESOS CORRIENTES,INGRESOS NO TRIBUTARIOS,TRANSFERENCIAS CORRIENTES,SISTEMA GENERAL DE PARTICIPACIONES,PARTICIPACION PARA SALUD,SALUD PUBLICA,No Aplica,No Aplica,No Aplica,,,,,,,,2021,Segundo Trimestre,,,105667917.0,NO APLICA,1.2.4.2.02 - SGP-SALUD-SALUD PUBLICA,NO,NO APLICA,NO APLICA,0,DIRECCION NACIONAL DEL TESORO MINISTERIO DE HACIENDA Y CREDITO PUBLICO,NO APLICA,NO APLICA,0.0,105667917.0,0.0,0.0,,,,,,
7400917,20210601,218552585,Pupiales,1.2.07,RECURSOS DE CREDITO INTERNO,INGRESOS,RECURSOS DE CAPITAL,RECURSOS DE CREDITO INTERNO,No Aplica,No Aplica,No Aplica,No Aplica,No Aplica,No Aplica,No Aplica,,,,,,,,2021,Segundo Trimestre,,,1889000000.0,NO APLICA,NO APLICA,NO,NO APLICA,NO APLICA,,NO APLICA,NO APLICA,NO APLICA,0.0,1889000000.0,0.0,0.0,,,,,,
7401227,20221201,218552585,Pupiales,1.2.10.02,SUPERAVIT FISCAL,INGRESOS,RECURSOS DE CAPITAL,RECURSOS DEL BALANCE,SUPERAVIT FISCAL,No Aplica,No Aplica,No Aplica,No Aplica,No Aplica,No Aplica,,,,,,,,2022,Cuarto Trimestre,,,31059294.0,NO APLICA,R.B. RETIROS FONPET,NO APLICA,NO APLICA,ACUERDO,NO APLICA,DIRECCION NACIONAL DEL TESORO MINISTERIO DE HACIENDA Y CREDITO PUBLICO,NO APLICA,NO APLICA,0.0,0.0,0.0,31059294.0,,,,,,
7401618,20220301,218552585,Pupiales,1.2.12.10,POR LA DEVOLUCION DE RECURSOS SGP PROPOSITO GENERAL,INGRESOS,RECURSOS DE CAPITAL,RETIROS FONPET,POR LA DEVOLUCION DE RECURSOS SGP PROPOSITO GENERAL,No Aplica,No Aplica,No Aplica,No Aplica,No Aplica,No Aplica,,,,,,,,2022,Primer Trimestre,,,20483928.0,NO APLICA,SGP-PROPOSITO GENERAL-PROPOSITO GENERAL LIBRE INVERSION,NO APLICA,NO APLICA,NO APLICA,NO APLICA,DIRECCION NACIONAL DEL TESORO MINISTERIO DE HACIENDA Y CREDITO PUBLICO,NO APLICA,NO APLICA,20483928.0,0.0,0.0,0.0,,,,,,
7401947,20210601,218552585,Pupiales,1.1.02.07,PARTICIPACION Y DERECHOS POR MONOPOLIO,INGRESOS,INGRESOS CORRIENTES,INGRESOS NO TRIBUTARIOS,PARTICIPACION Y DERECHOS POR MONOPOLIO,No Aplica,No Aplica,No Aplica,No Aplica,No Aplica,No Aplica,,,,,,,,2021,Segundo Trimestre,,,64348509.0,NO APLICA,NO APLICA,NO,NO APLICA,NO APLICA,,NO APLICA,NO APLICA,NO APLICA,0.0,64348509.0,0.0,0.0,,,,,,
7402615,20230601,218552585,Pupiales,1.1.02.06.001.03,PARTICIPACION PARA PROPOSITO GENERAL,INGRESOS,INGRESOS CORRIENTES,INGRESOS NO TRIBUTARIOS,TRANSFERENCIAS CORRIENTES,SISTEMA GENERAL DE PARTICIPACIONES,PARTICIPACION PARA PROPOSITO GENERAL,No Aplica,No Aplica,No Aplica,No Aplica,,,,,,,,2023,Segundo Trimestre,,,2249576532.0,NO APLICA,NO APLICA,NO APLICA,NO APLICA,NO APLICA,NO APLICA,NO APLICA,NO APLICA,NO APLICA,0.0,2249576532.0,0.0,0.0,,,,,,
7404504,20221201,218552585,Pupiales,1.1.01.02.211,IMPUESTO DE ALUMBRADO PUBLICO,INGRESOS,INGRESOS CORRIENTES,INGRESOS TRIBUTARIOS,IMPUESTOS INDIRECTOS,IMPUESTO DE ALUMBRADO PUBLICO,No Aplica,No Aplica,No Aplica,No Aplica,No Aplica,,,,,,,,2022,Cuarto Trimestre,,,24946261.0,NO APLICA,IMPUESTO - SOBRETASA POR EL ALUMBRADO PUBLICO,NO APLICA,NO APLICA,NO APLICA,NO APLICA,NO APLICA,NO APLICA,NO APLICA,0.0,24946261.0,0.0,0.0,,,,,,
7405494,20220301,218552585,Pupiales,1.1.01.02.212,SOBRETASA BOMBERIL,INGRESOS,INGRESOS CORRIENTES,INGRESOS TRIBUTARIOS,IMPUESTOS INDIRECTOS,SOBRETASA BOMBERIL,No Aplica,No Aplica,No Aplica,No Aplica,No Aplica,,,,,,,,2022,Primer Trimestre,,,7957748.0,NO APLICA,SOBRETASA BOMBERIL,NO APLICA,NO APLICA,NO APLICA,NO APLICA,NO APLICA,NO APLICA,NO APLICA,0.0,7957748.0,0.0,0.0,,,,,,
7406768,20210901,218552585,Pupiales,1.1.02.06.001.01.03.02,CALIDADPOR GRATUIDAD,INGRESOS,INGRESOS CORRIENTES,INGRESOS NO TRIBUTARIOS,TRANSFERENCIAS CORRIENTES,SISTEMA GENERAL DE PARTICIPACIONES,PARTICIPACION PARA EDUCACION,CALIDAD,CALIDADPOR GRATUIDAD,No Aplica,No Aplica,,,,,,,,2021,Tercer Trimestre,,,0.0,NO APLICA,1.2.4.1.04 - SGP-EDUCACION-CALIDAD  POR GRATUIDAD,NO,NO APLICA,NO APLICA,0,DIRECCION NACIONAL DEL TESORO MINISTERIO DE HACIENDA Y CREDITO PUBLICO,NO APLICA,NO APLICA,0.0,0.0,0.0,0.0,,,,,,
7408772,20221201,218552585,Pupiales,1.1.02.03.001.04,SANCIONES CONTRACTUALES,INGRESOS,INGRESOS CORRIENTES,INGRESOS NO TRIBUTARIOS,"MULTAS, SANCIONES E INTERESES DE MORA",MULTAS Y SANCIONES,SANCIONES CONTRACTUALES,No Aplica,No Aplica,No Aplica,No Aplica,,,,,,,,2022,Cuarto Trimestre,,,49628962.0,NO APLICA,"OTRAS MULTAS, SANCIONES E INTERESES DE MORA CON DESTINACION ESPECIFICA LEGAL",NO APLICA,NO APLICA,ACUERDO,NO APLICA,OTRO,NO APLICA,NO APLICA,0.0,49628962.0,0.0,0.0,,,,,,
7411437,20230901,218552585,Pupiales,1.2.10.02,SUPERAVIT FISCAL,INGRESOS,RECURSOS DE CAPITAL,RECURSOS DEL BALANCE,SUPERAVIT FISCAL,No Aplica,No Aplica,No Aplica,No Aplica,No Aplica,No Aplica,,,,,,,,2023,Tercer Trimestre,,,244922755.0,NO APLICA,RECURSOS DEL BALANCE DE LIBRE DESTINACION,NO APLICA,NO APLICA,NO APLICA,NO APLICA,PUPIALES,NO APLICA,NO APLICA,0.0,244922755.0,0.0,0.0,,,,,,
7412999,20210901,218552585,Pupiales,1.2.07.01.001,BANCA COMERCIAL,INGRESOS,RECURSOS DE CAPITAL,RECURSOS DE CREDITO INTERNO,RECURSOS DE CONTRATOS DE EMPRESTITOS INTERNOS,BANCA COMERCIAL,No Aplica,No Aplica,No Aplica,No Aplica,No Aplica,,,,,,,,2021,Tercer Trimestre,,,1889000000.0,NO APLICA,1.3.1.1.05 - RECURSOS DE CREDITO INTERNO,NO,NO APLICA,NO APLICA,0,OTRO,NO APLICA,NO APLICA,0.0,1889000000.0,0.0,0.0,,,,,,
7414843,20230901,218552585,Pupiales,1.1.01.02.200.03,IMPUESTO DE INDUSTRIA Y COMERCIO - SOBRE ACTIVIDADES DE SERVICIOS,INGRESOS,INGRESOS CORRIENTES,INGRESOS TRIBUTARIOS,IMPUESTOS INDIRECTOS,IMPUESTO DE INDUSTRIA Y COMERCIO,IMPUESTO DE INDUSTRIA Y COMERCIO - SOBRE ACTIVIDADES DE SERVICIOS,No Aplica,No Aplica,No Aplica,No Aplica,,,,,,,,2023,Tercer Trimestre,,,304500.0,NO APLICA,INGRESOS CORRIENTES DE LIBRE DESTINACION,NO APLICA,NO APLICA,NO APLICA,NO APLICA,SKYNET DE COLOMBIA S.A. E.S.P.,NO APLICA,NO APLICA,0.0,304500.0,0.0,0.0,,,,,,
7416335,20230901,218552585,Pupiales,1.1.02.06.003,PARTICIPACIONES DISTINTAS DEL SGP,INGRESOS,INGRESOS CORRIENTES,INGRESOS NO TRIBUTARIOS,TRANSFERENCIAS CORRIENTES,PARTICIPACIONES DISTINTAS DEL SGP,No Aplica,No Aplica,No Aplica,No Aplica,No Aplica,,,,,,,,2023,Tercer Trimestre,,,51964934.0,NO APLICA,NO APLICA,NO APLICA,NO APLICA,NO APLICA,NO APLICA,NO APLICA,NO APLICA,NO APLICA,0.0,51964934.0,0.0,0.0,,,,,,
7416972,20210901,218552585,Pupiales,1.2.01.02.003.01,DISPOSICION DETIERRAS Y TERRENOS,INGRESOS,RECURSOS DE CAPITAL,DISPOSICION DE ACTIVOS,DISPOSICION DE ACTIVOS NO FINANCIEROS,DISPOSICION DE ACTIVOS NO PRODUCIDOS,DISPOSICION DETIERRAS Y TERRENOS,No Aplica,No Aplica,No Aplica,No Aplica,,,,,,,,2021,Tercer Trimestre,,,242000000.0,NO APLICA,1.3.1.1.01 - DISPOSICION DE ACTIVOS,NO,NO APLICA,NO APLICA,0,NO APLICA,NO APLICA,NO APLICA,0.0,242000000.0,0.0,0.0,,,,,,
7422185,20220601,218552585,Pupiales,1.1.02.06.001.01.03.01,CALIDADPOR MATRICULA OFICIAL,INGRESOS,INGRESOS CORRIENTES,INGRESOS NO TRIBUTARIOS,TRANSFERENCIAS CORRIENTES,SISTEMA GENERAL DE PARTICIPACIONES,PARTICIPACION PARA EDUCACION,CALIDAD,CALIDADPOR MATRICULA OFICIAL,No Aplica,No Aplica,,,,,,,,2022,Segundo Trimestre,,,104109876.0,NO APLICA,SGP-EDUCACION-CALIDAD  POR MATRICULA OFICIAL,NO APLICA,NO APLICA,NO APLICA,NO APLICA,DIRECCION NACIONAL DEL TESORO MINISTERIO DE HACIENDA Y CREDITO PUBLICO,NO APLICA,NO APLICA,0.0,104109876.0,0.0,0.0,,,,,,
7424186,20230901,218552585,Pupiales,1.1.01.02.300.01,ESTAMPILLA PARA EL BIENESTAR DEL ADULTO MAYOR,INGRESOS,INGRESOS CORRIENTES,INGRESOS TRIBUTARIOS,IMPUESTOS INDIRECTOS,ESTAMPILLAS,ESTAMPILLA PARA EL BIENESTAR DEL ADULTO MAYOR,No Aplica,No Aplica,No Aplica,No Aplica,,,,,,,,2023,Tercer Trimestre,,,122794631.0,NO APLICA,ESTAMPILLAS,NO APLICA,NO APLICA,NO APLICA,NO APLICA,PUPIALES,NO APLICA,NO APLICA,0.0,122794631.0,0.0,0.0,,,,,,
7424991,20220601,218552585,Pupiales,1.1.02.06.001.03.04,"PROPOSITO GENERAL LIBRE DESTINACION MUNICIPIOS CATEGORIAS 4, 5 Y 6",INGRESOS,INGRESOS CORRIENTES,INGRESOS NO TRIBUTARIOS,TRANSFERENCIAS CORRIENTES,SISTEMA GENERAL DE PARTICIPACIONES,PARTICIPACION PARA PROPOSITO GENERAL,"PROPOSITO GENERAL LIBRE DESTINACION MUNICIPIOS CATEGORIAS 4, 5 Y 6",No Aplica,No Aplica,No Aplica,,,,,,,,2022,Segundo Trimestre,,,874578930.0,NO APLICA,"SGP-PROPOSITO GENERAL-LIBRE DESTINACION MUNICIPIOS CATEGORIAS 4, 5 Y 6",NO APLICA,NO APLICA,NO APLICA,NO APLICA,DIRECCION NACIONAL DEL TESORO MINISTERIO DE HACIENDA Y CREDITO PUBLICO,NO APLICA,NO APLICA,0.0,874578930.0,0.0,0.0,,,,,,
7426748,20220901,218552585,Pupiales,1.1.02.03.001.11,SANCIONES TRIBUTARIAS,INGRESOS,INGRESOS CORRIENTES,INGRESOS NO TRIBUTARIOS,"MULTAS, SANCIONES E INTERESES DE MORA",MULTAS Y SANCIONES,SANCIONES TRIBUTARIAS,No Aplica,No Aplica,No Aplica,No Aplica,,,,,,,,2022,Tercer Trimestre,,,797892.0,NO APLICA,"OTRAS MULTAS, SANCIONES E INTERESES DE MORA CON DESTINACION ESPECIFICA LEGAL",NO APLICA,NO APLICA,NO APLICA,NO APLICA,NO APLICA,NO APLICA,NO APLICA,0.0,797892.0,0.0,0.0,,,,,,
7427637,20210901,218552585,Pupiales,1.1.01.02.200.02,IMPUESTO DE INDUSTRIA Y COMERCIO - SOBRE ACTIVIDADES INDUSTRIALES,INGRESOS,INGRESOS CORRIENTES,INGRESOS TRIBUTARIOS,IMPUESTOS INDIRECTOS,IMPUESTO DE INDUSTRIA Y COMERCIO,IMPUESTO DE INDUSTRIA Y COMERCIO - SOBRE ACTIVIDADES INDUSTRIALES,No Aplica,No Aplica,No Aplica,No Aplica,,,,,,,,2021,Tercer Trimestre,,,14247033.0,NO APLICA,1.2.1.0.00 - INGRESOS CORRIENTES DE LIBRE DESTINACION,NO,NO APLICA,NO APLICA,0,NO APLICA,NO APLICA,NO APLICA,0.0,14247033.0,0.0,0.0,,,,,,
7429136,20210301,218552585,Pupiales,1.1.01.02.204,IMPUESTO DE DELINEACION,INGRESOS,INGRESOS CORRIENTES,INGRESOS TRIBUTARIOS,IMPUESTOS INDIRECTOS,IMPUESTO DE DELINEACION,No Aplica,No Aplica,No Aplica,No Aplica,No Aplica,,,,,,,,2021,Primer Trimestre,,,5295987.0,NO APLICA,1.2.1.0.00 - INGRESOS CORRIENTES DE LIBRE DESTINACION,NO,NO APLICA,NO APLICA,0,NO APLICA,NO APLICA,NO APLICA,0.0,5295987.0,0.0,0.0,,,,,,
7431204,20221201,218552585,Pupiales,1.2.10.02,SUPERAVIT FISCAL,INGRESOS,RECURSOS DE CAPITAL,RECURSOS DEL BALANCE,SUPERAVIT FISCAL,No Aplica,No Aplica,No Aplica,No Aplica,No Aplica,No Aplica,,,,,,,,2022,Cuarto Trimestre,,,7293621.0,NO APLICA,R.B. SGP-ASIGNACION-ATENCION INTEGRAL DE LA PRIMERA INFANCIA,NO APLICA,NO APLICA,ACUERDO,NO APLICA,DIRECCION NACIONAL DEL TESORO MINISTERIO DE HACIENDA Y CREDITO PUBLICO,NO APLICA,NO APLICA,0.0,0.0,0.0,7293621.0,,,,,,
7431761,20230301,218552585,Pupiales,1.1.02.06.003.01.02,PARTICIPACION DEL IMPUESTO SOBRE VEHICULOS AUTOMOTORES,INGRESOS,INGRESOS CORRIENTES,INGRESOS NO TRIBUTARIOS,TRANSFERENCIAS CORRIENTES,PARTICIPACIONES DISTINTAS DEL SGP,PARTICIPACION EN IMPUESTOS,PARTICIPACION DEL IMPUESTO SOBRE VEHICULOS AUTOMOTORES,No Aplica,No Aplica,No Aplica,,,,,,,,2023,Primer Trimestre,,,2438590.0,NO APLICA,INGRESOS CORRIENTES DE LIBRE DESTINACION,NO APLICA,NO APLICA,NO APLICA,NO APLICA,EL PEÑOL - NARIÑO,NO APLICA,NO APLICA,0.0,2438590.0,0.0,0.0,,,,,,
7432267,20220601,218552585,Pupiales,1.1.02.06.001.02.01,REGIMEN SUBSIDIADO,INGRESOS,INGRESOS CORRIENTES,INGRESOS NO TRIBUTARIOS,TRANSFERENCIAS CORRIENTES,SISTEMA GENERAL DE PARTICIPACIONES,PARTICIPACION PARA SALUD,REGIMEN SUBSIDIADO,No Aplica,No Aplica,No Aplica,,,,,,,,2022,Segundo Trimestre,,,3307060109.0,NO APLICA,SGP-SALUD-REGIMEN SUBSIDIADO,NO APLICA,NO APLICA,NO APLICA,NO APLICA,DIRECCION NACIONAL DEL TESORO MINISTERIO DE HACIENDA Y CREDITO PUBLICO,NO APLICA,NO APLICA,3307060109.0,0.0,0.0,0.0,,,,,,
7432449,20210901,218552585,Pupiales,1.1.02.05.002.09,"SERVICIOS PARA LA COMUNIDAD, SOCIALES Y PERSONALES",INGRESOS,INGRESOS CORRIENTES,INGRESOS NO TRIBUTARIOS,VENTA DE BIENES Y SERVICIOS,VENTAS INCIDENTALES DE ESTABLECIMIENTOS NO DE MERCADO,"SERVICIOS PARA LA COMUNIDAD, SOCIALES Y PERSONALES",No Aplica,No Aplica,No Aplica,No Aplica,,,,,,,,2021,Tercer Trimestre,,,22237812.0,"91114 - SERVICIOS DE PLANIFICACIÓN ECONÓMICA, SOCIAL Y ESTADÍSTICA DE LA ADMINISTRACIÓN PUBLICA",1.2.3.2.09 - VENTA DE BIENES Y SERVICIOS,NO,NO APLICA,NO APLICA,0,NO APLICA,NO APLICA,NO APLICA,0.0,22237812.0,0.0,0.0,,,,,,
7432537,20220601,218552585,Pupiales,1.1.02.06,TRANSFERENCIAS CORRIENTES,INGRESOS,INGRESOS CORRIENTES,INGRESOS NO TRIBUTARIOS,TRANSFERENCIAS CORRIENTES,No Aplica,No Aplica,No Aplica,No Aplica,No Aplica,No Aplica,,,,,,,,2022,Segundo Trimestre,,,12051396623.0,NO APLICA,NO APLICA,NO APLICA,NO APLICA,NO APLICA,NO APLICA,NO APLICA,NO APLICA,NO APLICA,9262943459.0,2788453164.0,0.0,0.0,,,,,,
7432891,20210301,218552585,Pupiales,1.1.02.02,TASAS Y DERECHOS ADMINISTRATIVOS,INGRESOS,INGRESOS CORRIENTES,INGRESOS NO TRIBUTARIOS,TASAS Y DERECHOS ADMINISTRATIVOS,No Aplica,No Aplica,No Aplica,No Aplica,No Aplica,No Aplica,,,,,,,,2021,Primer Trimestre,,,21903.0,NO APLICA,NO APLICA,NO,NO APLICA,NO APLICA,,NO APLICA,NO APLICA,NO APLICA,0.0,21903.0,0.0,0.0,,,,,,
7434218,20210301,218552585,Pupiales,1.1.02.05.002,VENTAS INCIDENTALES DE ESTABLECIMIENTOS NO DE MERCADO,INGRESOS,INGRESOS CORRIENTES,INGRESOS NO TRIBUTARIOS,VENTA DE BIENES Y SERVICIOS,VENTAS INCIDENTALES DE ESTABLECIMIENTOS NO DE MERCADO,No Aplica,No Aplica,No Aplica,No Aplica,No Aplica,,,,,,,,2021,Primer Trimestre,,,11539678.0,NO APLICA,NO APLICA,NO,NO APLICA,NO APLICA,,NO APLICA,NO APLICA,NO APLICA,0.0,11539678.0,0.0,0.0,,,,,,
7434707,20220901,218552585,Pupiales,1.1.02.07.001.05,DERECHOS POR LA EXPLOTACION JUEGOS DE SUERTE Y AZAR DE RIFAS,INGRESOS,INGRESOS CORRIENTES,INGRESOS NO TRIBUTARIOS,PARTICIPACION Y DERECHOS POR MONOPOLIO,DERECHOS POR LA EXPLOTACION JUEGOS DE SUERTE Y AZAR,DERECHOS POR LA EXPLOTACION JUEGOS DE SUERTE Y AZAR DE RIFAS,No Aplica,No Aplica,No Aplica,No Aplica,,,,,,,,2022,Tercer Trimestre,,,212502986.0,NO APLICA,DERECHOS POR LA EXPLOTACION JUEGOS DE SUERTE Y AZAR,NO APLICA,NO APLICA,NO APLICA,NO APLICA,DIRECCION NACIONAL DEL TESORO MINISTERIO DE HACIENDA Y CREDITO PUBLICO,NO APLICA,NO APLICA,161771628.0,50731358.0,0.0,0.0,,,,,,
7438046,20210301,218552585,Pupiales,1.1.02.06.009.01.06,RECURSOS ADRES - COFINANCIACION UPC REGIMEN SUBSIDIADO,INGRESOS,INGRESOS CORRIENTES,INGRESOS NO TRIBUTARIOS,TRANSFERENCIAS CORRIENTES,RECURSOS DEL SISTEMA DE SEGURIDAD SOCIAL INTEGRAL,SISTEMA GENERAL DE SEGURIDAD SOCIAL EN SALUD,RECURSOS ADRES - COFINANCIACION UPC REGIMEN SUBSIDIADO,No Aplica,No Aplica,No Aplica,,,,,,,,2021,Primer Trimestre,,,2303656434.0,NO APLICA,1.2.3.3.01 - PARTICIPACIONES DISTINTAS DEL SGP,NO,NO APLICA,NO APLICA,0,MINISTERIO DE SALUD Y PROTECCION SOCIAL,NO APLICA,NO APLICA,2303656434.0,0.0,0.0,0.0,,,,,,
7443960,20230601,218552585,Pupiales,1.1.01.01.200.02,IMPUESTO PREDIAL UNIFICADO - RURAL,INGRESOS,INGRESOS CORRIENTES,INGRESOS TRIBUTARIOS,IMPUESTOS DIRECTOS,IMPUESTO PREDIAL UNIFICADO,IMPUESTO PREDIAL UNIFICADO - RURAL,No Aplica,No Aplica,No Aplica,No Aplica,,,,,,,,2023,Segundo Trimestre,,,137817517.0,NO APLICA,INGRESOS CORRIENTES DE LIBRE DESTINACION,NO APLICA,NO APLICA,NO APLICA,NO APLICA,NO APLICA,NO APLICA,NO APLICA,0.0,137817517.0,0.0,0.0,,,,,,
7444541,20220301,218552585,Pupiales,1.1.02.06.006,TRANSFERENCIAS DE OTRAS ENTIDADES DEL GOBIERNO GENERAL,INGRESOS,INGRESOS CORRIENTES,INGRESOS NO TRIBUTARIOS,TRANSFERENCIAS CORRIENTES,TRANSFERENCIAS DE OTRAS ENTIDADES DEL GOBIERNO GENERAL,No Aplica,No Aplica,No Aplica,No Aplica,No Aplica,,,,,,,,2022,Primer Trimestre,,,72340812.0,NO APLICA,NO APLICA,NO APLICA,NO APLICA,NO APLICA,NO APLICA,NO APLICA,NO APLICA,NO APLICA,72340812.0,0.0,0.0,0.0,,,,,,
7446383,20210901,218552585,Pupiales,1.2.07.01,RECURSOS DE CONTRATOS DE EMPRESTITOS INTERNOS,INGRESOS,RECURSOS DE CAPITAL,RECURSOS DE CREDITO INTERNO,RECURSOS DE CONTRATOS DE EMPRESTITOS INTERNOS,No Aplica,No Aplica,No Aplica,No Aplica,No Aplica,No Aplica,,,,,,,,2021,Tercer Trimestre,,,1889000000.0,NO APLICA,NO APLICA,NO,NO APLICA,NO APLICA,,NO APLICA,NO APLICA,NO APLICA,0.0,1889000000.0,0.0,0.0,,,,,,
7448432,20230901,218552585,Pupiales,1.1.01.02.300.55,ESTAMPILLA PRO CULTURA,INGRESOS,INGRESOS CORRIENTES,INGRESOS TRIBUTARIOS,IMPUESTOS INDIRECTOS,ESTAMPILLAS,ESTAMPILLA PRO CULTURA,No Aplica,No Aplica,No Aplica,No Aplica,,,,,,,,2023,Tercer Trimestre,,,61397318.0,NO APLICA,ESTAMPILLAS,NO APLICA,NO APLICA,NO APLICA,NO APLICA,PUPIALES,NO APLICA,NO APLICA,0.0,61397318.0,0.0,0.0,,,,,,
7449954,20230901,218552585,Pupiales,1.1.02.06.001.02.04,SUBSIDIO A LA OFERTA,INGRESOS,INGRESOS CORRIENTES,INGRESOS NO TRIBUTARIOS,TRANSFERENCIAS CORRIENTES,SISTEMA GENERAL DE PARTICIPACIONES,PARTICIPACION PARA SALUD,SUBSIDIO A LA OFERTA,No Aplica,No Aplica,No Aplica,,,,,,,,2023,Tercer Trimestre,,,158351641.0,NO APLICA,SGP-SALUD-SUBSIDIO A LA OFERTA,NO APLICA,NO APLICA,NO APLICA,NO APLICA,MINISTERIO DE SALUD Y PROTECCION SOCIAL,NO APLICA,NO APLICA,0.0,158351641.0,0.0,0.0,,,,,,
7450702,20221201,218552585,Pupiales,1.1.01.01.014.01,SOBRETASA AMBIENTAL - URBANO,INGRESOS,INGRESOS CORRIENTES,INGRESOS TRIBUTARIOS,IMPUESTOS DIRECTOS,SOBRETASA AMBIENTAL,SOBRETASA AMBIENTAL - URBANO,No Aplica,No Aplica,No Aplica,No Aplica,,,,,,,,2022,Cuarto Trimestre,,,30606058.0,NO APLICA,SOBRETASA - PARTICIPACION AMBIENTAL - CORPORACIONES AUTONOMAS REGIONALES,NO APLICA,NO APLICA,NO APLICA,NO APLICA,NO APLICA,NO APLICA,NO APLICA,0.0,30606058.0,0.0,0.0,,,,,,
7455409,20210301,218552585,Pupiales,1.1.02.06.001.02.02,SALUD PUBLICA,INGRESOS,INGRESOS CORRIENTES,INGRESOS NO TRIBUTARIOS,TRANSFERENCIAS CORRIENTES,SISTEMA GENERAL DE PARTICIPACIONES,PARTICIPACION PARA SALUD,SALUD PUBLICA,No Aplica,No Aplica,No Aplica,,,,,,,,2021,Primer Trimestre,,,52924035.0,NO APLICA,1.2.4.2.02 - SGP-SALUD-SALUD PUBLICA,NO,NO APLICA,NO APLICA,0,DIRECCION NACIONAL DEL TESORO MINISTERIO DE HACIENDA Y CREDITO PUBLICO,NO APLICA,NO APLICA,0.0,52924035.0,0.0,0.0,,,,,,
7455466,20221201,218552585,Pupiales,1.2.10.02,SUPERAVIT FISCAL,INGRESOS,RECURSOS DE CAPITAL,RECURSOS DEL BALANCE,SUPERAVIT FISCAL,No Aplica,No Aplica,No Aplica,No Aplica,No Aplica,No Aplica,,,,,,,,2022,Cuarto Trimestre,,,18286371.0,NO APLICA,R.B. DERECHOS POR LA EXPLOTACION JUEGOS DE SUERTE Y AZAR,NO APLICA,NO APLICA,ACUERDO,NO APLICA,DIRECCION NACIONAL DEL TESORO MINISTERIO DE HACIENDA Y CREDITO PUBLICO,NO APLICA,NO APLICA,0.0,0.0,0.0,18286371.0,,,,,,
7459861,20230901,218552585,Pupiales,1.1.01.02.201,IMPUESTO COMPLEMENTARIO DE AVISOS Y TABLEROS,INGRESOS,INGRESOS CORRIENTES,INGRESOS TRIBUTARIOS,IMPUESTOS INDIRECTOS,IMPUESTO COMPLEMENTARIO DE AVISOS Y TABLEROS,No Aplica,No Aplica,No Aplica,No Aplica,No Aplica,,,,,,,,2023,Tercer Trimestre,,,7452000.0,NO APLICA,INGRESOS CORRIENTES DE LIBRE DESTINACION,NO APLICA,NO APLICA,NO APLICA,NO APLICA,E.S.P. CENTRALES ELECTRICAS DE NARIÑO S.A.,NO APLICA,NO APLICA,0.0,7452000.0,0.0,0.0,,,,,,
7461413,20220301,218552585,Pupiales,1.1.02.06.003,PARTICIPACIONES DISTINTAS DEL SGP,INGRESOS,INGRESOS CORRIENTES,INGRESOS NO TRIBUTARIOS,TRANSFERENCIAS CORRIENTES,PARTICIPACIONES DISTINTAS DEL SGP,No Aplica,No Aplica,No Aplica,No Aplica,No Aplica,,,,,,,,2022,Primer Trimestre,,,19441737.0,NO APLICA,NO APLICA,NO APLICA,NO APLICA,NO APLICA,NO APLICA,NO APLICA,NO APLICA,NO APLICA,0.0,19441737.0,0.0,0.0,,,,,,
7462050,20210901,218552585,Pupiales,1.1.02.03.001.20.02,MULTAS CODIGO NACIONAL DE SEGURIDAD Y CONVIVENCIA CIUDADANA - MULTAS ESPECIALES,INGRESOS,INGRESOS CORRIENTES,INGRESOS NO TRIBUTARIOS,"MULTAS, SANCIONES E INTERESES DE MORA",MULTAS Y SANCIONES,MULTAS CODIGO NACIONAL DE SEGURIDAD Y CONVIVENCIA CIUDADANA,MULTAS CODIGO NACIONAL DE SEGURIDAD Y CONVIVENCIA CIUDADANA - MULTAS ESPECIALES,No Aplica,No Aplica,No Aplica,,,,,,,,2021,Tercer Trimestre,,,0.0,NO APLICA,1.2.3.2.06 - MULTAS CODIGO NACIONAL DE POLICIA Y CONVIVENCIA,NO,NO APLICA,NO APLICA,0,NO APLICA,NO APLICA,NO APLICA,0.0,0.0,0.0,0.0,,,,,,
7465304,20230601,218552585,Pupiales,1.1.02.06.006,TRANSFERENCIAS DE OTRAS ENTIDADES DEL GOBIERNO GENERAL,INGRESOS,INGRESOS CORRIENTES,INGRESOS NO TRIBUTARIOS,TRANSFERENCIAS CORRIENTES,TRANSFERENCIAS DE OTRAS ENTIDADES DEL GOBIERNO GENERAL,No Aplica,No Aplica,No Aplica,No Aplica,No Aplica,,,,,,,,2023,Segundo Trimestre,,,549632951.0,NO APLICA,NO APLICA,NO APLICA,NO APLICA,NO APLICA,NO APLICA,NO APLICA,NO APLICA,NO APLICA,0.0,549632951.0,0.0,0.0,,,,,,
7467070,20210301,218552585,Pupiales,1.1.02.06.001.03.04,"PROPOSITO GENERAL LIBRE DESTINACION MUNICIPIOS CATEGORIAS 4, 5 Y 6",INGRESOS,INGRESOS CORRIENTES,INGRESOS NO TRIBUTARIOS,TRANSFERENCIAS CORRIENTES,SISTEMA GENERAL DE PARTICIPACIONES,PARTICIPACION PARA PROPOSITO GENERAL,"PROPOSITO GENERAL LIBRE DESTINACION MUNICIPIOS CATEGORIAS 4, 5 Y 6",No Aplica,No Aplica,No Aplica,,,,,,,,2021,Primer Trimestre,,,256960518.0,NO APLICA,"1.2.4.3.04 - SGP-PROPOSITO GENERAL-LIBRE DESTINACION MUNICIPIOS CATEGORIAS 4, 5 Y 6",NO,NO APLICA,NO APLICA,0,DIRECCION NACIONAL DEL TESORO MINISTERIO DE HACIENDA Y CREDITO PUBLICO,NO APLICA,NO APLICA,0.0,256960518.0,0.0,0.0,,,,,,
7467232,20210901,218552585,Pupiales,1.2.10.02,SUPERAVIT FISCAL,INGRESOS,RECURSOS DE CAPITAL,RECURSOS DEL BALANCE,SUPERAVIT FISCAL,No Aplica,No Aplica,No Aplica,No Aplica,No Aplica,No Aplica,,,,,,,,2021,Tercer Trimestre,,,204417345.0,NO APLICA,1.3.3.1.19 - R.B. ESTAMPILLAS,NO,NO APLICA,NO APLICA,0,NO APLICA,NO APLICA,NO APLICA,0.0,204417345.0,0.0,0.0,,,,,,
7470398,20230901,218552585,Pupiales,1.2.10.02,SUPERAVIT FISCAL,INGRESOS,RECURSOS DE CAPITAL,RECURSOS DEL BALANCE,SUPERAVIT FISCAL,No Aplica,No Aplica,No Aplica,No Aplica,No Aplica,No Aplica,,,,,,,,2023,Tercer Trimestre,,,226016183.0,NO APLICA,R.B. SGP-PROPOSITO GENERAL-PROPOSITO GENERAL LIBRE INVERSION,NO APLICA,NO APLICA,NO APLICA,NO APLICA,PUPIALES,NO APLICA,NO APLICA,0.0,226016183.0,0.0,0.0,,,,,,
7473788,20220601,218552585,Pupiales,1.1.02.03.001.20.01,MULTAS CODIGO NACIONAL DE SEGURIDAD Y CONVIVENCIA CIUDADANA - MULTAS GENERALES,INGRESOS,INGRESOS CORRIENTES,INGRESOS NO TRIBUTARIOS,"MULTAS, SANCIONES E INTERESES DE MORA",MULTAS Y SANCIONES,MULTAS CODIGO NACIONAL DE SEGURIDAD Y CONVIVENCIA CIUDADANA,MULTAS CODIGO NACIONAL DE SEGURIDAD Y CONVIVENCIA CIUDADANA - MULTAS GENERALES,No Aplica,No Aplica,No Aplica,,,,,,,,2022,Segundo Trimestre,,,8015712.0,NO APLICA,MULTAS CODIGO NACIONAL DE POLICIA Y CONVIVENCIA,NO APLICA,NO APLICA,NO APLICA,NO APLICA,NO APLICA,NO APLICA,NO APLICA,0.0,8015712.0,0.0,0.0,,,,,,
7474912,20221201,218552585,Pupiales,1.1.02.03.002,INTERESES DE MORA,INGRESOS,INGRESOS CORRIENTES,INGRESOS NO TRIBUTARIOS,"MULTAS, SANCIONES E INTERESES DE MORA",INTERESES DE MORA,No Aplica,No Aplica,No Aplica,No Aplica,No Aplica,,,,,,,,2022,Cuarto Trimestre,,,640889.0,NO APLICA,"OTRAS MULTAS, SANCIONES E INTERESES DE MORA CON DESTINACION ESPECIFICA LEGAL",NO APLICA,NO APLICA,NO APLICA,NO APLICA,NO APLICA,NO APLICA,NO APLICA,0.0,640889.0,0.0,0.0,,,,,,
7475107,20220901,218552585,Pupiales,1.1.02.06.001.03.04,"PROPOSITO GENERAL LIBRE DESTINACION MUNICIPIOS CATEGORIAS 4, 5 Y 6",INGRESOS,INGRESOS CORRIENTES,INGRESOS NO TRIBUTARIOS,TRANSFERENCIAS CORRIENTES,SISTEMA GENERAL DE PARTICIPACIONES,PARTICIPACION PARA PROPOSITO GENERAL,"PROPOSITO GENERAL LIBRE DESTINACION MUNICIPIOS CATEGORIAS 4, 5 Y 6",No Aplica,No Aplica,No Aplica,,,,,,,,2022,Tercer Trimestre,,,1329355134.0,NO APLICA,"SGP-PROPOSITO GENERAL-LIBRE DESTINACION MUNICIPIOS CATEGORIAS 4, 5 Y 6",NO APLICA,NO APLICA,NO APLICA,NO APLICA,DIRECCION NACIONAL DEL TESORO MINISTERIO DE HACIENDA Y CREDITO PUBLICO,NO APLICA,NO APLICA,0.0,1329355134.0,0.0,0.0,,,,,,
7475788,20230601,218552585,Pupiales,1.1.01.02.214,IMPUESTO DE TRANSPORTE POR OLEODUCTOS Y GASODUCTOS,INGRESOS,INGRESOS CORRIENTES,INGRESOS TRIBUTARIOS,IMPUESTOS INDIRECTOS,IMPUESTO DE TRANSPORTE POR OLEODUCTOS Y GASODUCTOS,No Aplica,No Aplica,No Aplica,No Aplica,No Aplica,,,,,,,,2023,Segundo Trimestre,,,26150838.0,NO APLICA,INGRESOS CORRIENTES DE LIBRE DESTINACION,NO APLICA,NO APLICA,NO APLICA,NO APLICA,NO APLICA,NO APLICA,NO APLICA,0.0,26150838.0,0.0,0.0,,,,,,
7478603,20210901,218552585,Pupiales,1.1.02.01.005.59,CONTRIBUCION ESPECIAL SOBRE CONTRATOS DE OBRAS PUBLICAS,INGRESOS,INGRESOS CORRIENTES,INGRESOS NO TRIBUTARIOS,CONTRIBUCIONES,CONTRIBUCIONES DIVERSAS,CONTRIBUCION ESPECIAL SOBRE CONTRATOS DE OBRAS PUBLICAS,No Aplica,No Aplica,No Aplica,No Aplica,,,,,,,,2021,Tercer Trimestre,,,103702593.0,NO APLICA,1.2.3.2.01 - CONTRIBUCION SOBRE CONTRATOS DE OBRA PUBLICA,NO,NO APLICA,NO APLICA,0,NO APLICA,NO APLICA,NO APLICA,0.0,103702593.0,0.0,0.0,,,,,,
7478663,20221201,218552585,Pupiales,1.1.01.02.200.01,IMPUESTO DE INDUSTRIA Y COMERCIO - SOBRE ACTIVIDADES COMERCIALES,INGRESOS,INGRESOS CORRIENTES,INGRESOS TRIBUTARIOS,IMPUESTOS INDIRECTOS,IMPUESTO DE INDUSTRIA Y COMERCIO,IMPUESTO DE INDUSTRIA Y COMERCIO - SOBRE ACTIVIDADES COMERCIALES,No Aplica,No Aplica,No Aplica,No Aplica,,,,,,,,2022,Cuarto Trimestre,,,167555274.0,NO APLICA,INGRESOS CORRIENTES DE LIBRE DESTINACION,NO APLICA,NO APLICA,NO APLICA,NO APLICA,NO APLICA,NO APLICA,NO APLICA,0.0,167555274.0,0.0,0.0,,,,,,
7480503,20230901,218552585,Pupiales,1.2.10.02,SUPERAVIT FISCAL,INGRESOS,RECURSOS DE CAPITAL,RECURSOS DEL BALANCE,SUPERAVIT FISCAL,No Aplica,No Aplica,No Aplica,No Aplica,No Aplica,No Aplica,,,,,,,,2023,Tercer Trimestre,,,96553108.0,NO APLICA,R.B. SGP-AGUA POTABLE Y SANEAMIENTO BASICO,NO APLICA,NO APLICA,NO APLICA,NO APLICA,PUPIALES,NO APLICA,NO APLICA,0.0,96553108.0,0.0,0.0,,,,,,
7482377,20220601,218552585,Pupiales,1.2.14,RECURSOS DE TERCEROS,INGRESOS,RECURSOS DE CAPITAL,RECURSOS DE TERCEROS,No Aplica,No Aplica,No Aplica,No Aplica,No Aplica,No Aplica,No Aplica,,,,,,,,2022,Segundo Trimestre,,,439950149.0,NO APLICA,NO APLICA,NO APLICA,NO APLICA,NO APLICA,NO APLICA,NO APLICA,NO APLICA,NO APLICA,0.0,439950149.0,0.0,0.0,,,,,,
7485193,20210301,218552585,Pupiales,1.1.01.01.014,SOBRETASA AMBIENTAL,INGRESOS,INGRESOS CORRIENTES,INGRESOS TRIBUTARIOS,IMPUESTOS DIRECTOS,SOBRETASA AMBIENTAL,No Aplica,No Aplica,No Aplica,No Aplica,No Aplica,,,,,,,,2021,Primer Trimestre,,,32528973.0,NO APLICA,NO APLICA,NO,NO APLICA,NO APLICA,,NO APLICA,NO APLICA,NO APLICA,0.0,32528973.0,0.0,0.0,,,,,,
7485293,20210601,218552585,Pupiales,1.1.02.07.001,DERECHOS POR LA EXPLOTACION JUEGOS DE SUERTE Y AZAR,INGRESOS,INGRESOS CORRIENTES,INGRESOS NO TRIBUTARIOS,PARTICIPACION Y DERECHOS POR MONOPOLIO,DERECHOS POR LA EXPLOTACION JUEGOS DE SUERTE Y AZAR,No Aplica,No Aplica,No Aplica,No Aplica,No Aplica,,,,,,,,2021,Segundo Trimestre,,,64348509.0,NO APLICA,NO APLICA,NO,NO APLICA,NO APLICA,,NO APLICA,NO APLICA,NO APLICA,0.0,64348509.0,0.0,0.0,,,,,,
7485643,20210901,218552585,Pupiales,1.2,RECURSOS DE CAPITAL,INGRESOS,RECURSOS DE CAPITAL,No Aplica,No Aplica,No Aplica,No Aplica,No Aplica,No Aplica,No Aplica,No Aplica,,,,,,,,2021,Tercer Trimestre,,,3832387017.0,NO APLICA,NO APLICA,NO,NO APLICA,NO APLICA,,NO APLICA,NO APLICA,NO APLICA,67852548.0,3764534469.0,0.0,0.0,,,,,,
7488712,20220901,218552585,Pupiales,1.1.02.06.001.03.01,DEPORTE Y RECREACION,INGRESOS,INGRESOS CORRIENTES,INGRESOS NO TRIBUTARIOS,TRANSFERENCIAS CORRIENTES,SISTEMA GENERAL DE PARTICIPACIONES,PARTICIPACION PARA PROPOSITO GENERAL,DEPORTE Y RECREACION,No Aplica,No Aplica,No Aplica,,,,,,,,2022,Tercer Trimestre,,,70891316.0,NO APLICA,SGP-PROPOSITO GENERAL-DEPORTE Y RECREACION,NO APLICA,NO APLICA,NO APLICA,NO APLICA,DIRECCION NACIONAL DEL TESORO MINISTERIO DE HACIENDA Y CREDITO PUBLICO,NO APLICA,NO APLICA,0.0,70891316.0,0.0,0.0,,,,,,
7489156,20221201,218552585,Pupiales,1.1.02.06.001.02.01,REGIMEN SUBSIDIADO,INGRESOS,INGRESOS CORRIENTES,INGRESOS NO TRIBUTARIOS,TRANSFERENCIAS CORRIENTES,SISTEMA GENERAL DE PARTICIPACIONES,PARTICIPACION PARA SALUD,REGIMEN SUBSIDIADO,No Aplica,No Aplica,No Aplica,,,,,,,,2022,Cuarto Trimestre,,,6668054063.0,NO APLICA,SGP-SALUD-REGIMEN SUBSIDIADO,NO APLICA,NO APLICA,NO APLICA,NO APLICA,DIRECCION NACIONAL DEL TESORO MINISTERIO DE HACIENDA Y CREDITO PUBLICO,NO APLICA,NO APLICA,6668054063.0,0.0,0.0,0.0,,,,,,
7490024,20210601,218552585,Pupiales,1.1.02.06,TRANSFERENCIAS CORRIENTES,INGRESOS,INGRESOS CORRIENTES,INGRESOS NO TRIBUTARIOS,TRANSFERENCIAS CORRIENTES,No Aplica,No Aplica,No Aplica,No Aplica,No Aplica,No Aplica,,,,,,,,2021,Segundo Trimestre,,,10546542190.0,NO APLICA,NO APLICA,NO,NO APLICA,NO APLICA,,NO APLICA,NO APLICA,NO APLICA,7952967489.0,2593574701.0,0.0,0.0,,,,,,
7492216,20210901,218552585,Pupiales,1.1.01.01.014.01,SOBRETASA AMBIENTAL - URBANO,INGRESOS,INGRESOS CORRIENTES,INGRESOS TRIBUTARIOS,IMPUESTOS DIRECTOS,SOBRETASA AMBIENTAL,SOBRETASA AMBIENTAL - URBANO,No Aplica,No Aplica,No Aplica,No Aplica,,,,,,,,2021,Tercer Trimestre,,,63208979.0,NO APLICA,1.2.3.1.01 - SOBRETASA / PARTICIPACION AMBIENTAL - CORPORACIONES AUTONOMAS REGIONALES,NO,NO APLICA,NO APLICA,0,NO APLICA,NO APLICA,NO APLICA,0.0,63208979.0,0.0,0.0,,,,,,
7493398,20230901,218552585,Pupiales,1.1.02.06.001.04.01,PROGRAMAS DE ALIMENTACION ESCOLAR,INGRESOS,INGRESOS CORRIENTES,INGRESOS NO TRIBUTARIOS,TRANSFERENCIAS CORRIENTES,SISTEMA GENERAL DE PARTICIPACIONES,ASIGNACIONES ESPECIALES,PROGRAMAS DE ALIMENTACION ESCOLAR,No Aplica,No Aplica,No Aplica,,,,,,,,2023,Tercer Trimestre,,,63126800.0,NO APLICA,SGP-ASIGNACION ESPECIAL-PROGRAMAS DE ALIMENTACION ESCOLAR,NO APLICA,NO APLICA,NO APLICA,NO APLICA,NO APLICA,NO APLICA,NO APLICA,0.0,63126800.0,0.0,0.0,,,,,,
7497024,20220301,218552585,Pupiales,1.1.02.03.001,MULTAS Y SANCIONES,INGRESOS,INGRESOS CORRIENTES,INGRESOS NO TRIBUTARIOS,"MULTAS, SANCIONES E INTERESES DE MORA",MULTAS Y SANCIONES,No Aplica,No Aplica,No Aplica,No Aplica,No Aplica,,,,,,,,2022,Primer Trimestre,,,1801582.0,NO APLICA,NO APLICA,NO APLICA,NO APLICA,NO APLICA,NO APLICA,NO APLICA,NO APLICA,NO APLICA,0.0,1801582.0,0.0,0.0,,,,,,
7497142,20210901,218552585,Pupiales,1.1.01.02.201,IMPUESTO COMPLEMENTARIO DE AVISOS Y TABLEROS,INGRESOS,INGRESOS CORRIENTES,INGRESOS TRIBUTARIOS,IMPUESTOS INDIRECTOS,IMPUESTO COMPLEMENTARIO DE AVISOS Y TABLEROS,No Aplica,No Aplica,No Aplica,No Aplica,No Aplica,,,,,,,,2021,Tercer Trimestre,,,30352263.0,NO APLICA,1.2.1.0.00 - INGRESOS CORRIENTES DE LIBRE DESTINACION,NO,NO APLICA,NO APLICA,0,NO APLICA,NO APLICA,NO APLICA,0.0,30352263.0,0.0,0.0,,,,,,
7499202,20210601,218552585,Pupiales,1.2.07.01.001,BANCA COMERCIAL,INGRESOS,RECURSOS DE CAPITAL,RECURSOS DE CREDITO INTERNO,RECURSOS DE CONTRATOS DE EMPRESTITOS INTERNOS,BANCA COMERCIAL,No Aplica,No Aplica,No Aplica,No Aplica,No Aplica,,,,,,,,2021,Segundo Trimestre,,,1889000000.0,NO APLICA,1.3.1.1.05 - RECURSOS DE CREDITO INTERNO,NO,NO APLICA,NO APLICA,0,OTRO,NO APLICA,NO APLICA,0.0,1889000000.0,0.0,0.0,,,,,,
7504152,20230601,218552585,Pupiales,1.1.01.01.200,IMPUESTO PREDIAL UNIFICADO,INGRESOS,INGRESOS CORRIENTES,INGRESOS TRIBUTARIOS,IMPUESTOS DIRECTOS,IMPUESTO PREDIAL UNIFICADO,No Aplica,No Aplica,No Aplica,No Aplica,No Aplica,,,,,,,,2023,Segundo Trimestre,,,276401338.0,NO APLICA,NO APLICA,NO APLICA,NO APLICA,NO APLICA,NO APLICA,NO APLICA,NO APLICA,NO APLICA,0.0,276401338.0,0.0,0.0,,,,,,
7504386,20230601,218552585,Pupiales,1.1.02.03,"MULTAS, SANCIONES E INTERESES DE MORA",INGRESOS,INGRESOS CORRIENTES,INGRESOS NO TRIBUTARIOS,"MULTAS, SANCIONES E INTERESES DE MORA",No Aplica,No Aplica,No Aplica,No Aplica,No Aplica,No Aplica,,,,,,,,2023,Segundo Trimestre,,,5991294.0,NO APLICA,NO APLICA,NO APLICA,NO APLICA,NO APLICA,NO APLICA,NO APLICA,NO APLICA,NO APLICA,0.0,5991294.0,0.0,0.0,,,,,,
7504491,20210301,218552585,Pupiales,1.2.10.02,SUPERAVIT FISCAL,INGRESOS,RECURSOS DE CAPITAL,RECURSOS DEL BALANCE,SUPERAVIT FISCAL,No Aplica,No Aplica,No Aplica,No Aplica,No Aplica,No Aplica,,,,,,,,2021,Primer Trimestre,,,31028252.0,NO APLICA,1.3.3.9.10 - R.B. RETIROS FONPET,NO,NO APLICA,NO APLICA,0,DIRECCION NACIONAL DEL TESORO MINISTERIO DE HACIENDA Y CREDITO PUBLICO,NO APLICA,NO APLICA,0.0,0.0,0.0,31028252.0,,,,,,
7508370,20211201,218552585,Pupiales,1.1.02.06.009.01.07,TRANSFERENCIA NACIONAL - FINANCIACION DEL REGIMEN SUBSIDIADO EN SALUD - LEY 1530 DE 2012,INGRESOS,INGRESOS CORRIENTES,INGRESOS NO TRIBUTARIOS,TRANSFERENCIAS CORRIENTES,RECURSOS DEL SISTEMA DE SEGURIDAD SOCIAL INTEGRAL,SISTEMA GENERAL DE SEGURIDAD SOCIAL EN SALUD,TRANSFERENCIA NACIONAL - FINANCIACION DEL REGIMEN SUBSIDIADO EN SALUD - LEY 1530 DE 2012,No Aplica,No Aplica,No Aplica,,,,,,,,2021,Cuarto Trimestre,,,33340314.0,NO APLICA,OTRAS TRANSFERENCIAS DE CAPITAL,NO APLICA,NO APLICA,NO APLICA,NO APLICA,CAJA DE COMPENSACION FAMILIAR DE NARIÑO,NO APLICA,NO APLICA,33340314.0,0.0,0.0,0.0,,,,,,
7509282,20210301,218552585,Pupiales,1.1.02.03.002,INTERESES DE MORA,INGRESOS,INGRESOS CORRIENTES,INGRESOS NO TRIBUTARIOS,"MULTAS, SANCIONES E INTERESES DE MORA",INTERESES DE MORA,No Aplica,No Aplica,No Aplica,No Aplica,No Aplica,,,,,,,,2021,Primer Trimestre,,,175000.0,NO APLICA,"1.2.3.2.07 - OTRAS MULTAS, SANCIONES E INTERESES DE MORA",NO,NO APLICA,NO APLICA,0,NO APLICA,NO APLICA,NO APLICA,0.0,175000.0,0.0,0.0,,,,,,
7510521,20230901,218552585,Pupiales,1.1.02.01,CONTRIBUCIONES,INGRESOS,INGRESOS CORRIENTES,INGRESOS NO TRIBUTARIOS,CONTRIBUCIONES,No Aplica,No Aplica,No Aplica,No Aplica,No Aplica,No Aplica,,,,,,,,2023,Tercer Trimestre,,,99412162.0,NO APLICA,NO APLICA,NO APLICA,NO APLICA,NO APLICA,NO APLICA,NO APLICA,NO APLICA,NO APLICA,0.0,99412162.0,0.0,0.0,,,,,,
7511790,20210301,218552585,Pupiales,1.1.02.02.087,TASAS POR EL DERECHO DE PARQUEO SOBRE LAS VIAS PUBLICAS,INGRESOS,INGRESOS CORRIENTES,INGRESOS NO TRIBUTARIOS,TASAS Y DERECHOS ADMINISTRATIVOS,TASAS POR EL DERECHO DE PARQUEO SOBRE LAS VIAS PUBLICAS,No Aplica,No Aplica,No Aplica,No Aplica,No Aplica,,,,,,,,2021,Primer Trimestre,,,21903.0,NO APLICA,1.2.3.2.05 - OTRAS TASAS Y DERECHOS ADMINISTRATIVOS,NO,NO APLICA,NO APLICA,0,NO APLICA,NO APLICA,NO APLICA,0.0,21903.0,0.0,0.0,,,,,,
7512084,20220301,218552585,Pupiales,1.2.05,RENDIMIENTOS FINANCIEROS,INGRESOS,RECURSOS DE CAPITAL,RENDIMIENTOS FINANCIEROS,No Aplica,No Aplica,No Aplica,No Aplica,No Aplica,No Aplica,No Aplica,,,,,,,,2022,Primer Trimestre,,,654965.0,NO APLICA,NO APLICA,NO APLICA,NO APLICA,NO APLICA,NO APLICA,NO APLICA,NO APLICA,NO APLICA,0.0,654965.0,0.0,0.0,,,,,,
7514153,20220601,218552585,Pupiales,1.1.02.03.001.20,MULTAS CODIGO NACIONAL DE SEGURIDAD Y CONVIVENCIA CIUDADANA,INGRESOS,INGRESOS CORRIENTES,INGRESOS NO TRIBUTARIOS,"MULTAS, SANCIONES E INTERESES DE MORA",MULTAS Y SANCIONES,MULTAS CODIGO NACIONAL DE SEGURIDAD Y CONVIVENCIA CIUDADANA,No Aplica,No Aplica,No Aplica,No Aplica,,,,,,,,2022,Segundo Trimestre,,,8015712.0,NO APLICA,NO APLICA,NO APLICA,NO APLICA,NO APLICA,NO APLICA,NO APLICA,NO APLICA,NO APLICA,0.0,8015712.0,0.0,0.0,,,,,,
7514227,20210901,218552585,Pupiales,1.1.02.06.003,PARTICIPACIONES DISTINTAS DEL SGP,INGRESOS,INGRESOS CORRIENTES,INGRESOS NO TRIBUTARIOS,TRANSFERENCIAS CORRIENTES,PARTICIPACIONES DISTINTAS DEL SGP,No Aplica,No Aplica,No Aplica,No Aplica,No Aplica,,,,,,,,2021,Tercer Trimestre,,,51737541.0,NO APLICA,NO APLICA,NO,NO APLICA,NO APLICA,,NO APLICA,NO APLICA,NO APLICA,0.0,51737541.0,0.0,0.0,,,,,,
7516121,20211201,218552585,Pupiales,1.2.10.02,SUPERAVIT FISCAL,INGRESOS,RECURSOS DE CAPITAL,RECURSOS DEL BALANCE,SUPERAVIT FISCAL,No Aplica,No Aplica,No Aplica,No Aplica,No Aplica,No Aplica,,,,,,,,2021,Cuarto Trimestre,,,204417345.0,NO APLICA,R.B. ESTAMPILLAS,NO APLICA,NO APLICA,NO APLICA,NO APLICA,NO APLICA,NO APLICA,NO APLICA,0.0,204417345.0,0.0,0.0,,,,,,
7516998,20220901,218552585,Pupiales,1.1.02,INGRESOS NO TRIBUTARIOS,INGRESOS,INGRESOS CORRIENTES,INGRESOS NO TRIBUTARIOS,No Aplica,No Aplica,No Aplica,No Aplica,No Aplica,No Aplica,No Aplica,,,,,,,,2022,Tercer Trimestre,,,19572836000.0,NO APLICA,NO APLICA,NO APLICA,NO APLICA,NO APLICA,NO APLICA,NO APLICA,NO APLICA,NO APLICA,14140127822.0,5432708178.0,0.0,0.0,,,,,,
7517196,20220601,218552585,Pupiales,1.2.10,RECURSOS DEL BALANCE,INGRESOS,RECURSOS DE CAPITAL,RECURSOS DEL BALANCE,No Aplica,No Aplica,No Aplica,No Aplica,No Aplica,No Aplica,No Aplica,,,,,,,,2022,Segundo Trimestre,,,1102610440.0,NO APLICA,NO APLICA,NO APLICA,NO APLICA,NO APLICA,NO APLICA,NO APLICA,NO APLICA,NO APLICA,0.0,1102610440.0,0.0,0.0,,,,,,
7517596,20210601,218552585,Pupiales,1.1.02.06.009,RECURSOS DEL SISTEMA DE SEGURIDAD SOCIAL INTEGRAL,INGRESOS,INGRESOS CORRIENTES,INGRESOS NO TRIBUTARIOS,TRANSFERENCIAS CORRIENTES,RECURSOS DEL SISTEMA DE SEGURIDAD SOCIAL INTEGRAL,No Aplica,No Aplica,No Aplica,No Aplica,No Aplica,,,,,,,,2021,Segundo Trimestre,,,4601557972.0,NO APLICA,NO APLICA,NO,NO APLICA,NO APLICA,,NO APLICA,NO APLICA,NO APLICA,4601557972.0,0.0,0.0,0.0,,,,,,
7518867,20230901,218552585,Pupiales,1.1.01.02.300.01,ESTAMPILLA PARA EL BIENESTAR DEL ADULTO MAYOR,INGRESOS,INGRESOS CORRIENTES,INGRESOS TRIBUTARIOS,IMPUESTOS INDIRECTOS,ESTAMPILLAS,ESTAMPILLA PARA EL BIENESTAR DEL ADULTO MAYOR,No Aplica,No Aplica,No Aplica,No Aplica,,,,,,,,2023,Tercer Trimestre,,,17766396.0,NO APLICA,ESTAMPILLAS,NO APLICA,NO APLICA,NO APLICA,NO APLICA,E.S.P. EMPRESA DE SERVICIOS PUBLICOS VARIOS DE PUPIALES,NO APLICA,NO APLICA,0.0,17766396.0,0.0,0.0,,,,,,
7519158,20230601,218552585,Pupiales,1.1.02.06.001.03.01,DEPORTE Y RECREACION,INGRESOS,INGRESOS CORRIENTES,INGRESOS NO TRIBUTARIOS,TRANSFERENCIAS CORRIENTES,SISTEMA GENERAL DE PARTICIPACIONES,PARTICIPACION PARA PROPOSITO GENERAL,DEPORTE Y RECREACION,No Aplica,No Aplica,No Aplica,,,,,,,,2023,Segundo Trimestre,,,50427271.0,NO APLICA,SGP-PROPOSITO GENERAL-DEPORTE Y RECREACION,NO APLICA,NO APLICA,NO APLICA,NO APLICA,NO APLICA,NO APLICA,NO APLICA,0.0,50427271.0,0.0,0.0,,,,,,
7519879,20210901,218552585,Pupiales,1.1.02.07,PARTICIPACION Y DERECHOS POR MONOPOLIO,INGRESOS,INGRESOS CORRIENTES,INGRESOS NO TRIBUTARIOS,PARTICIPACION Y DERECHOS POR MONOPOLIO,No Aplica,No Aplica,No Aplica,No Aplica,No Aplica,No Aplica,,,,,,,,2021,Tercer Trimestre,,,153207484.0,NO APLICA,NO APLICA,NO,NO APLICA,NO APLICA,,NO APLICA,NO APLICA,NO APLICA,0.0,153207484.0,0.0,0.0,,,,,,
7520029,20210601,218552585,Pupiales,1.1.02.06.009.01,SISTEMA GENERAL DE SEGURIDAD SOCIAL EN SALUD,INGRESOS,INGRESOS CORRIENTES,INGRESOS NO TRIBUTARIOS,TRANSFERENCIAS CORRIENTES,RECURSOS DEL SISTEMA DE SEGURIDAD SOCIAL INTEGRAL,SISTEMA GENERAL DE SEGURIDAD SOCIAL EN SALUD,No Aplica,No Aplica,No Aplica,No Aplica,,,,,,,,2021,Segundo Trimestre,,,4601557972.0,NO APLICA,NO APLICA,NO,NO APLICA,NO APLICA,,NO APLICA,NO APLICA,NO APLICA,4601557972.0,0.0,0.0,0.0,,,,,,
7520156,20210301,218552585,Pupiales,1.1.02.06.009.01,SISTEMA GENERAL DE SEGURIDAD SOCIAL EN SALUD,INGRESOS,INGRESOS CORRIENTES,INGRESOS NO TRIBUTARIOS,TRANSFERENCIAS CORRIENTES,RECURSOS DEL SISTEMA DE SEGURIDAD SOCIAL INTEGRAL,SISTEMA GENERAL DE SEGURIDAD SOCIAL EN SALUD,No Aplica,No Aplica,No Aplica,No Aplica,,,,,,,,2021,Primer Trimestre,,,2303656434.0,NO APLICA,NO APLICA,NO,NO APLICA,NO APLICA,,NO APLICA,NO APLICA,NO APLICA,2303656434.0,0.0,0.0,0.0,,,,,,
7520738,20210901,218552585,Pupiales,1.1.02.06.006,TRANSFERENCIAS DE OTRAS ENTIDADES DEL GOBIERNO GENERAL,INGRESOS,INGRESOS CORRIENTES,INGRESOS NO TRIBUTARIOS,TRANSFERENCIAS CORRIENTES,TRANSFERENCIAS DE OTRAS ENTIDADES DEL GOBIERNO GENERAL,No Aplica,No Aplica,No Aplica,No Aplica,No Aplica,,,,,,,,2021,Tercer Trimestre,,,423081742.0,NO APLICA,NO APLICA,NO,NO APLICA,NO APLICA,,NO APLICA,NO APLICA,NO APLICA,0.0,423081742.0,0.0,0.0,,,,,,
7521518,20230601,218552585,Pupiales,1.1.01.02.200.03,IMPUESTO DE INDUSTRIA Y COMERCIO - SOBRE ACTIVIDADES DE SERVICIOS,INGRESOS,INGRESOS CORRIENTES,INGRESOS TRIBUTARIOS,IMPUESTOS INDIRECTOS,IMPUESTO DE INDUSTRIA Y COMERCIO,IMPUESTO DE INDUSTRIA Y COMERCIO - SOBRE ACTIVIDADES DE SERVICIOS,No Aplica,No Aplica,No Aplica,No Aplica,,,,,,,,2023,Segundo Trimestre,,,39201601.0,NO APLICA,INGRESOS CORRIENTES DE LIBRE DESTINACION,NO APLICA,NO APLICA,NO APLICA,NO APLICA,NO APLICA,NO APLICA,NO APLICA,0.0,39201601.0,0.0,0.0,,,,,,
7523757,20220301,218552585,Pupiales,1.1.02.06.001.03.01,DEPORTE Y RECREACION,INGRESOS,INGRESOS CORRIENTES,INGRESOS NO TRIBUTARIOS,TRANSFERENCIAS CORRIENTES,SISTEMA GENERAL DE PARTICIPACIONES,PARTICIPACION PARA PROPOSITO GENERAL,DEPORTE Y RECREACION,No Aplica,No Aplica,No Aplica,,,,,,,,2022,Primer Trimestre,,,16387142.0,NO APLICA,SGP-PROPOSITO GENERAL-DEPORTE Y RECREACION,NO APLICA,NO APLICA,NO APLICA,NO APLICA,DIRECCION NACIONAL DEL TESORO MINISTERIO DE HACIENDA Y CREDITO PUBLICO,NO APLICA,NO APLICA,0.0,16387142.0,0.0,0.0,,,,,,
7527355,20220601,218552585,Pupiales,1,INGRESOS,INGRESOS,No Aplica,No Aplica,No Aplica,No Aplica,No Aplica,No Aplica,No Aplica,No Aplica,No Aplica,,,,,,,,2022,Segundo Trimestre,,,15806655668.0,NO APLICA,NO APLICA,NO APLICA,NO APLICA,NO APLICA,NO APLICA,NO APLICA,NO APLICA,NO APLICA,9404753240.0,6401902428.0,0.0,0.0,,,,,,
7530236,20220601,218552585,Pupiales,1.1.01.02.300,ESTAMPILLAS,INGRESOS,INGRESOS CORRIENTES,INGRESOS TRIBUTARIOS,IMPUESTOS INDIRECTOS,ESTAMPILLAS,No Aplica,No Aplica,No Aplica,No Aplica,No Aplica,,,,,,,,2022,Segundo Trimestre,,,185309926.0,NO APLICA,NO APLICA,NO APLICA,NO APLICA,NO APLICA,NO APLICA,NO APLICA,NO APLICA,NO APLICA,0.0,185309926.0,0.0,0.0,,,,,,
7531458,20230301,218552585,Pupiales,1.1.01.02.200.03,IMPUESTO DE INDUSTRIA Y COMERCIO - SOBRE ACTIVIDADES DE SERVICIOS,INGRESOS,INGRESOS CORRIENTES,INGRESOS TRIBUTARIOS,IMPUESTOS INDIRECTOS,IMPUESTO DE INDUSTRIA Y COMERCIO,IMPUESTO DE INDUSTRIA Y COMERCIO - SOBRE ACTIVIDADES DE SERVICIOS,No Aplica,No Aplica,No Aplica,No Aplica,,,,,,,,2023,Primer Trimestre,,,106000.0,NO APLICA,INGRESOS CORRIENTES DE LIBRE DESTINACION,NO APLICA,NO APLICA,NO APLICA,NO APLICA,DEPARTAMENTO ADMINISTRATIVO PARA LA PROSPERIDAD SOCIAL,NO APLICA,NO APLICA,0.0,106000.0,0.0,0.0,,,,,,
7538671,20230601,218552585,Pupiales,1.2.10.02,SUPERAVIT FISCAL,INGRESOS,RECURSOS DE CAPITAL,RECURSOS DEL BALANCE,SUPERAVIT FISCAL,No Aplica,No Aplica,No Aplica,No Aplica,No Aplica,No Aplica,,,,,,,,2023,Segundo Trimestre,,,1169557.0,NO APLICA,R.B. SOBRETASA BOMBERIL,NO APLICA,NO APLICA,NO APLICA,NO APLICA,PUPIALES,NO APLICA,NO APLICA,0.0,1169557.0,0.0,0.0,,,,,,
7540809,20220901,218552585,Pupiales,1.1.02.06.001.01.03.02,CALIDADPOR GRATUIDAD,INGRESOS,INGRESOS CORRIENTES,INGRESOS NO TRIBUTARIOS,TRANSFERENCIAS CORRIENTES,SISTEMA GENERAL DE PARTICIPACIONES,PARTICIPACION PARA EDUCACION,CALIDAD,CALIDADPOR GRATUIDAD,No Aplica,No Aplica,,,,,,,,2022,Tercer Trimestre,,,189241994.0,NO APLICA,SGP-EDUCACION-CALIDAD  POR GRATUIDAD,NO APLICA,NO APLICA,NO APLICA,NO APLICA,DIRECCION NACIONAL DEL TESORO MINISTERIO DE HACIENDA Y CREDITO PUBLICO,NO APLICA,NO APLICA,189241994.0,0.0,0.0,0.0,,,,,,
7541749,20230601,218552585,Pupiales,1.2.10,RECURSOS DEL BALANCE,INGRESOS,RECURSOS DE CAPITAL,RECURSOS DEL BALANCE,No Aplica,No Aplica,No Aplica,No Aplica,No Aplica,No Aplica,No Aplica,,,,,,,,2023,Segundo Trimestre,,,1655646012.0,NO APLICA,NO APLICA,NO APLICA,NO APLICA,NO APLICA,NO APLICA,NO APLICA,NO APLICA,NO APLICA,0.0,1655646012.0,0.0,0.0,,,,,,
7542875,20220601,218552585,Pupiales,1.1.02.06.001.05,AGUA POTABLE Y SANEAMIENTO BASICO,INGRESOS,INGRESOS CORRIENTES,INGRESOS NO TRIBUTARIOS,TRANSFERENCIAS CORRIENTES,SISTEMA GENERAL DE PARTICIPACIONES,AGUA POTABLE Y SANEAMIENTO BASICO,No Aplica,No Aplica,No Aplica,No Aplica,,,,,,,,2022,Segundo Trimestre,,,523546330.0,NO APLICA,SGP-AGUA POTABLE Y SANEAMIENTO BASICO,NO APLICA,NO APLICA,NO APLICA,NO APLICA,DIRECCION NACIONAL DEL TESORO MINISTERIO DE HACIENDA Y CREDITO PUBLICO,NO APLICA,NO APLICA,63953241.0,459593089.0,0.0,0.0,,,,,,
7545000,20220901,218552585,Pupiales,1.1.02.03.001.20,MULTAS CODIGO NACIONAL DE SEGURIDAD Y CONVIVENCIA CIUDADANA,INGRESOS,INGRESOS CORRIENTES,INGRESOS NO TRIBUTARIOS,"MULTAS, SANCIONES E INTERESES DE MORA",MULTAS Y SANCIONES,MULTAS CODIGO NACIONAL DE SEGURIDAD Y CONVIVENCIA CIUDADANA,No Aplica,No Aplica,No Aplica,No Aplica,,,,,,,,2022,Tercer Trimestre,,,11638756.0,NO APLICA,NO APLICA,NO APLICA,NO APLICA,NO APLICA,NO APLICA,NO APLICA,NO APLICA,NO APLICA,0.0,11638756.0,0.0,0.0,,,,,,
7545477,20230301,218552585,Pupiales,1.1.01.01.014.02,SOBRETASA AMBIENTAL -RURAL,INGRESOS,INGRESOS CORRIENTES,INGRESOS TRIBUTARIOS,IMPUESTOS DIRECTOS,SOBRETASA AMBIENTAL,SOBRETASA AMBIENTAL -RURAL,No Aplica,No Aplica,No Aplica,No Aplica,,,,,,,,2023,Primer Trimestre,,,3345272.0,NO APLICA,SOBRETASA - PARTICIPACION AMBIENTAL - CORPORACIONES AUTONOMAS REGIONALES,NO APLICA,NO APLICA,NO APLICA,NO APLICA,EL PEÑOL - NARIÑO,NO APLICA,NO APLICA,0.0,3345272.0,0.0,0.0,,,,,,
7546745,20220901,218552585,Pupiales,1.1.02.06.001.02.04,SUBSIDIO A LA OFERTA,INGRESOS,INGRESOS CORRIENTES,INGRESOS NO TRIBUTARIOS,TRANSFERENCIAS CORRIENTES,SISTEMA GENERAL DE PARTICIPACIONES,PARTICIPACION PARA SALUD,SUBSIDIO A LA OFERTA,No Aplica,No Aplica,No Aplica,,,,,,,,2022,Tercer Trimestre,,,162215153.0,NO APLICA,SGP-SALUD-SUBSIDIO A LA OFERTA,NO APLICA,NO APLICA,NO APLICA,NO APLICA,DIRECCION NACIONAL DEL TESORO MINISTERIO DE HACIENDA Y CREDITO PUBLICO,NO APLICA,NO APLICA,162215153.0,0.0,0.0,0.0,,,,,,
7547594,20230601,218552585,Pupiales,1.1.01.02.212,SOBRETASA BOMBERIL,INGRESOS,INGRESOS CORRIENTES,INGRESOS TRIBUTARIOS,IMPUESTOS INDIRECTOS,SOBRETASA BOMBERIL,No Aplica,No Aplica,No Aplica,No Aplica,No Aplica,,,,,,,,2023,Segundo Trimestre,,,1242000.0,NO APLICA,SOBRETASA BOMBERIL,NO APLICA,NO APLICA,NO APLICA,NO APLICA,E.S.P. CENTRALES ELECTRICAS DE NARIÑO S.A.,NO APLICA,NO APLICA,0.0,1242000.0,0.0,0.0,,,,,,
7548230,20230901,218552585,Pupiales,1.1.01.02.300,ESTAMPILLAS,INGRESOS,INGRESOS CORRIENTES,INGRESOS TRIBUTARIOS,IMPUESTOS INDIRECTOS,ESTAMPILLAS,No Aplica,No Aplica,No Aplica,No Aplica,No Aplica,,,,,,,,2023,Tercer Trimestre,,,300621007.0,NO APLICA,NO APLICA,NO APLICA,NO APLICA,NO APLICA,NO APLICA,NO APLICA,NO APLICA,NO APLICA,0.0,300621007.0,0.0,0.0,,,,,,
7550566,20230901,218552585,Pupiales,1.2,RECURSOS DE CAPITAL,INGRESOS,RECURSOS DE CAPITAL,No Aplica,No Aplica,No Aplica,No Aplica,No Aplica,No Aplica,No Aplica,No Aplica,,,,,,,,2023,Tercer Trimestre,,,1679705622.0,NO APLICA,NO APLICA,NO APLICA,NO APLICA,NO APLICA,NO APLICA,NO APLICA,NO APLICA,NO APLICA,0.0,1679705622.0,0.0,0.0,,,,,,
7552617,20230901,218552585,Pupiales,1.1.02.06.001.03.03,PROPOSITO GENERAL LIBRE INVERSION,INGRESOS,INGRESOS CORRIENTES,INGRESOS NO TRIBUTARIOS,TRANSFERENCIAS CORRIENTES,SISTEMA GENERAL DE PARTICIPACIONES,PARTICIPACION PARA PROPOSITO GENERAL,PROPOSITO GENERAL LIBRE INVERSION,No Aplica,No Aplica,No Aplica,,,,,,,,2023,Tercer Trimestre,,,1772566318.0,NO APLICA,SGP-PROPOSITO GENERAL-PROPOSITO GENERAL LIBRE INVERSION,NO APLICA,NO APLICA,NO APLICA,NO APLICA,NO APLICA,NO APLICA,NO APLICA,0.0,1772566318.0,0.0,0.0,,,,,,
7554276,20210901,218552585,Pupiales,1.2.01,DISPOSICION DE ACTIVOS,INGRESOS,RECURSOS DE CAPITAL,DISPOSICION DE ACTIVOS,No Aplica,No Aplica,No Aplica,No Aplica,No Aplica,No Aplica,No Aplica,,,,,,,,2021,Tercer Trimestre,,,242000000.0,NO APLICA,NO APLICA,NO,NO APLICA,NO APLICA,,NO APLICA,NO APLICA,NO APLICA,0.0,242000000.0,0.0,0.0,,,,,,
7558630,20230901,218552585,Pupiales,1.1.02.06.001.02.01,REGIMEN SUBSIDIADO,INGRESOS,INGRESOS CORRIENTES,INGRESOS NO TRIBUTARIOS,TRANSFERENCIAS CORRIENTES,SISTEMA GENERAL DE PARTICIPACIONES,PARTICIPACION PARA SALUD,REGIMEN SUBSIDIADO,No Aplica,No Aplica,No Aplica,,,,,,,,2023,Tercer Trimestre,,,5236095186.0,NO APLICA,SGP-SALUD-REGIMEN SUBSIDIADO,NO APLICA,NO APLICA,NO APLICA,NO APLICA,MINISTERIO DE SALUD Y PROTECCION SOCIAL,NO APLICA,NO APLICA,0.0,5236095186.0,0.0,0.0,,,,,,
7561569,20230601,218552585,Pupiales,1.1.01.02.200.03,IMPUESTO DE INDUSTRIA Y COMERCIO - SOBRE ACTIVIDADES DE SERVICIOS,INGRESOS,INGRESOS CORRIENTES,INGRESOS TRIBUTARIOS,IMPUESTOS INDIRECTOS,IMPUESTO DE INDUSTRIA Y COMERCIO,IMPUESTO DE INDUSTRIA Y COMERCIO - SOBRE ACTIVIDADES DE SERVICIOS,No Aplica,No Aplica,No Aplica,No Aplica,,,,,,,,2023,Segundo Trimestre,,,3730000.0,NO APLICA,INGRESOS CORRIENTES DE LIBRE DESTINACION,NO APLICA,NO APLICA,NO APLICA,NO APLICA,CENIT TRANSPORTE Y LOGISTICA DE HIDROCARBUROS S.A.S.,NO APLICA,NO APLICA,0.0,3730000.0,0.0,0.0,,,,,,
7562420,20230301,218552585,Pupiales,1.1.02.05,VENTA DE BIENES Y SERVICIOS,INGRESOS,INGRESOS CORRIENTES,INGRESOS NO TRIBUTARIOS,VENTA DE BIENES Y SERVICIOS,No Aplica,No Aplica,No Aplica,No Aplica,No Aplica,No Aplica,,,,,,,,2023,Primer Trimestre,,,6979220.0,NO APLICA,NO APLICA,NO APLICA,NO APLICA,NO APLICA,NO APLICA,NO APLICA,NO APLICA,NO APLICA,0.0,6979220.0,0.0,0.0,,,,,,
7564368,20210301,218552585,Pupiales,1.1.02.05.002.09,"SERVICIOS PARA LA COMUNIDAD, SOCIALES Y PERSONALES",INGRESOS,INGRESOS CORRIENTES,INGRESOS NO TRIBUTARIOS,VENTA DE BIENES Y SERVICIOS,VENTAS INCIDENTALES DE ESTABLECIMIENTOS NO DE MERCADO,"SERVICIOS PARA LA COMUNIDAD, SOCIALES Y PERSONALES",No Aplica,No Aplica,No Aplica,No Aplica,,,,,,,,2021,Primer Trimestre,,,8968242.0,"91114 - SERVICIOS DE PLANIFICACIÓN ECONÓMICA, SOCIAL Y ESTADÍSTICA DE LA ADMINISTRACIÓN PUBLICA",1.2.3.2.09 - VENTA DE BIENES Y SERVICIOS,NO,NO APLICA,NO APLICA,0,NO APLICA,NO APLICA,NO APLICA,0.0,8968242.0,0.0,0.0,,,,,,
7564377,20220601,218552585,Pupiales,1.1.01.01.014.02,SOBRETASA AMBIENTAL -RURAL,INGRESOS,INGRESOS CORRIENTES,INGRESOS TRIBUTARIOS,IMPUESTOS DIRECTOS,SOBRETASA AMBIENTAL,SOBRETASA AMBIENTAL -RURAL,No Aplica,No Aplica,No Aplica,No Aplica,,,,,,,,2022,Segundo Trimestre,,,27295284.0,NO APLICA,SOBRETASA - PARTICIPACION AMBIENTAL - CORPORACIONES AUTONOMAS REGIONALES,NO APLICA,NO APLICA,NO APLICA,NO APLICA,NO APLICA,NO APLICA,NO APLICA,0.0,27295284.0,0.0,0.0,,,,,,
7564564,20220901,218552585,Pupiales,1.1.02.06.001.04,ASIGNACIONES ESPECIALES,INGRESOS,INGRESOS CORRIENTES,INGRESOS NO TRIBUTARIOS,TRANSFERENCIAS CORRIENTES,SISTEMA GENERAL DE PARTICIPACIONES,ASIGNACIONES ESPECIALES,No Aplica,No Aplica,No Aplica,No Aplica,,,,,,,,2022,Tercer Trimestre,,,50633488.0,NO APLICA,NO APLICA,NO APLICA,NO APLICA,NO APLICA,NO APLICA,NO APLICA,NO APLICA,NO APLICA,0.0,50633488.0,0.0,0.0,,,,,,
7564871,20211201,218552585,Pupiales,1.1.02.06.009.01,SISTEMA GENERAL DE SEGURIDAD SOCIAL EN SALUD,INGRESOS,INGRESOS CORRIENTES,INGRESOS NO TRIBUTARIOS,TRANSFERENCIAS CORRIENTES,RECURSOS DEL SISTEMA DE SEGURIDAD SOCIAL INTEGRAL,SISTEMA GENERAL DE SEGURIDAD SOCIAL EN SALUD,No Aplica,No Aplica,No Aplica,No Aplica,,,,,,,,2021,Cuarto Trimestre,,,9167371773.0,NO APLICA,NO APLICA,NO APLICA,NO APLICA,NO APLICA,NO APLICA,NO APLICA,NO APLICA,NO APLICA,9167371773.0,0.0,0.0,0.0,,,,,,
7566426,20230901,218552585,Pupiales,1.1.01.01,IMPUESTOS DIRECTOS,INGRESOS,INGRESOS CORRIENTES,INGRESOS TRIBUTARIOS,IMPUESTOS DIRECTOS,No Aplica,No Aplica,No Aplica,No Aplica,No Aplica,No Aplica,,,,,,,,2023,Tercer Trimestre,,,364950405.0,NO APLICA,NO APLICA,NO APLICA,NO APLICA,NO APLICA,NO APLICA,NO APLICA,NO APLICA,NO APLICA,0.0,364950405.0,0.0,0.0,,,,,,
7566488,20210301,218552585,Pupiales,1.1.02.06.001.03.02,CULTURA,INGRESOS,INGRESOS CORRIENTES,INGRESOS NO TRIBUTARIOS,TRANSFERENCIAS CORRIENTES,SISTEMA GENERAL DE PARTICIPACIONES,PARTICIPACION PARA PROPOSITO GENERAL,CULTURA,No Aplica,No Aplica,No Aplica,,,,,,,,2021,Primer Trimestre,,,9047006.0,NO APLICA,1.2.4.3.02 - SGP-PROPOSITO GENERAL-CULTURA,NO,NO APLICA,NO APLICA,0,DIRECCION NACIONAL DEL TESORO MINISTERIO DE HACIENDA Y CREDITO PUBLICO,NO APLICA,NO APLICA,0.0,9047006.0,0.0,0.0,,,,,,
7570088,20230301,218552585,Pupiales,1.1.02.06.003.01,PARTICIPACION EN IMPUESTOS,INGRESOS,INGRESOS CORRIENTES,INGRESOS NO TRIBUTARIOS,TRANSFERENCIAS CORRIENTES,PARTICIPACIONES DISTINTAS DEL SGP,PARTICIPACION EN IMPUESTOS,No Aplica,No Aplica,No Aplica,No Aplica,,,,,,,,2023,Primer Trimestre,,,2438590.0,NO APLICA,NO APLICA,NO APLICA,NO APLICA,NO APLICA,NO APLICA,NO APLICA,NO APLICA,NO APLICA,0.0,2438590.0,0.0,0.0,,,,,,
7572600,20221201,218552585,Pupiales,1.1.02.06.001.02.04,SUBSIDIO A LA OFERTA,INGRESOS,INGRESOS CORRIENTES,INGRESOS NO TRIBUTARIOS,TRANSFERENCIAS CORRIENTES,SISTEMA GENERAL DE PARTICIPACIONES,PARTICIPACION PARA SALUD,SUBSIDIO A LA OFERTA,No Aplica,No Aplica,No Aplica,,,,,,,,2022,Cuarto Trimestre,,,216860475.0,NO APLICA,SGP-SALUD-SUBSIDIO A LA OFERTA,NO APLICA,NO APLICA,NO APLICA,NO APLICA,DIRECCION NACIONAL DEL TESORO MINISTERIO DE HACIENDA Y CREDITO PUBLICO,NO APLICA,NO APLICA,216860475.0,0.0,0.0,0.0,,,,,,
7574831,20220901,218552585,Pupiales,1.1.01.01,IMPUESTOS DIRECTOS,INGRESOS,INGRESOS CORRIENTES,INGRESOS TRIBUTARIOS,IMPUESTOS DIRECTOS,No Aplica,No Aplica,No Aplica,No Aplica,No Aplica,No Aplica,,,,,,,,2022,Tercer Trimestre,,,400379557.0,NO APLICA,NO APLICA,NO APLICA,NO APLICA,NO APLICA,NO APLICA,NO APLICA,NO APLICA,NO APLICA,0.0,400379557.0,0.0,0.0,,,,,,
7577554,20210901,218552585,Pupiales,1.1.01.02.200.03,IMPUESTO DE INDUSTRIA Y COMERCIO - SOBRE ACTIVIDADES DE SERVICIOS,INGRESOS,INGRESOS CORRIENTES,INGRESOS TRIBUTARIOS,IMPUESTOS INDIRECTOS,IMPUESTO DE INDUSTRIA Y COMERCIO,IMPUESTO DE INDUSTRIA Y COMERCIO - SOBRE ACTIVIDADES DE SERVICIOS,No Aplica,No Aplica,No Aplica,No Aplica,,,,,,,,2021,Tercer Trimestre,,,0.0,NO APLICA,1.2.1.0.00 - INGRESOS CORRIENTES DE LIBRE DESTINACION,NO,NO APLICA,NO APLICA,0,NO APLICA,NO APLICA,NO APLICA,0.0,0.0,0.0,0.0,,,,,,
7580908,20220601,218552585,Pupiales,1.1.01.01.014.01,SOBRETASA AMBIENTAL - URBANO,INGRESOS,INGRESOS CORRIENTES,INGRESOS TRIBUTARIOS,IMPUESTOS DIRECTOS,SOBRETASA AMBIENTAL,SOBRETASA AMBIENTAL - URBANO,No Aplica,No Aplica,No Aplica,No Aplica,,,,,,,,2022,Segundo Trimestre,,,26369367.0,NO APLICA,SOBRETASA - PARTICIPACION AMBIENTAL - CORPORACIONES AUTONOMAS REGIONALES,NO APLICA,NO APLICA,NO APLICA,NO APLICA,NO APLICA,NO APLICA,NO APLICA,0.0,26369367.0,0.0,0.0,,,,,,
7582837,20210301,218552585,Pupiales,1.1.02.06.001.02.01,REGIMEN SUBSIDIADO,INGRESOS,INGRESOS CORRIENTES,INGRESOS NO TRIBUTARIOS,TRANSFERENCIAS CORRIENTES,SISTEMA GENERAL DE PARTICIPACIONES,PARTICIPACION PARA SALUD,REGIMEN SUBSIDIADO,No Aplica,No Aplica,No Aplica,,,,,,,,2021,Primer Trimestre,,,1637492968.0,NO APLICA,1.2.4.2.01 - SGP-SALUD-REGIMEN SUBSIDIADO,NO,NO APLICA,NO APLICA,0,DIRECCION NACIONAL DEL TESORO MINISTERIO DE HACIENDA Y CREDITO PUBLICO,NO APLICA,NO APLICA,1637492968.0,0.0,0.0,0.0,,,,,,
7583855,20210901,218552585,Pupiales,1.1.01.01.014.02,SOBRETASA AMBIENTAL -RURAL,INGRESOS,INGRESOS CORRIENTES,INGRESOS TRIBUTARIOS,IMPUESTOS DIRECTOS,SOBRETASA AMBIENTAL,SOBRETASA AMBIENTAL -RURAL,No Aplica,No Aplica,No Aplica,No Aplica,,,,,,,,2021,Tercer Trimestre,,,4496740.0,NO APLICA,1.2.3.1.01 - SOBRETASA / PARTICIPACION AMBIENTAL - CORPORACIONES AUTONOMAS REGIONALES,NO,NO APLICA,NO APLICA,0,NO APLICA,NO APLICA,NO APLICA,0.0,4496740.0,0.0,0.0,,,,,,
7585627,20230301,218552585,Pupiales,1.1.02.06.001.03,PARTICIPACION PARA PROPOSITO GENERAL,INGRESOS,INGRESOS CORRIENTES,INGRESOS NO TRIBUTARIOS,TRANSFERENCIAS CORRIENTES,SISTEMA GENERAL DE PARTICIPACIONES,PARTICIPACION PARA PROPOSITO GENERAL,No Aplica,No Aplica,No Aplica,No Aplica,,,,,,,,2023,Primer Trimestre,,,556060016.0,NO APLICA,NO APLICA,NO APLICA,NO APLICA,NO APLICA,NO APLICA,NO APLICA,NO APLICA,NO APLICA,0.0,556060016.0,0.0,0.0,,,,,,
7586086,20221201,218552585,Pupiales,1.1.02.05.002,VENTAS INCIDENTALES DE ESTABLECIMIENTOS NO DE MERCADO,INGRESOS,INGRESOS CORRIENTES,INGRESOS NO TRIBUTARIOS,VENTA DE BIENES Y SERVICIOS,VENTAS INCIDENTALES DE ESTABLECIMIENTOS NO DE MERCADO,No Aplica,No Aplica,No Aplica,No Aplica,No Aplica,,,,,,,,2022,Cuarto Trimestre,,,1018622090.0,NO APLICA,NO APLICA,NO APLICA,NO APLICA,NO APLICA,NO APLICA,NO APLICA,NO APLICA,NO APLICA,0.0,1018622090.0,0.0,0.0,,,,,,
7587367,20230901,218552585,Pupiales,1.2.05.02,DEPOSITOS,INGRESOS,RECURSOS DE CAPITAL,RENDIMIENTOS FINANCIEROS,DEPOSITOS,No Aplica,No Aplica,No Aplica,No Aplica,No Aplica,No Aplica,,,,,,,,2023,Tercer Trimestre,,,5395085.0,NO APLICA,R.F. DISTINTOS AL SGP,NO APLICA,NO APLICA,NO APLICA,NO APLICA,NO APLICA,NO APLICA,NO APLICA,0.0,5395085.0,0.0,0.0,,,,,,
7591024,20210301,218552585,Pupiales,1.2.10.02,SUPERAVIT FISCAL,INGRESOS,RECURSOS DE CAPITAL,RECURSOS DEL BALANCE,SUPERAVIT FISCAL,No Aplica,No Aplica,No Aplica,No Aplica,No Aplica,No Aplica,,,,,,,,2021,Primer Trimestre,,,354422707.0,NO APLICA,1.3.3.6.03 - R.B. SGP - PROPOSITO GENERAL - PROPOSITO GENERAL LIBRE INVERSION,NO,NO APLICA,NO APLICA,0,DIRECCION NACIONAL DEL TESORO MINISTERIO DE HACIENDA Y CREDITO PUBLICO,NO APLICA,NO APLICA,0.0,0.0,0.0,354422707.0,,,,,,
7591590,20210601,218552585,Pupiales,1.2.10.02,SUPERAVIT FISCAL,INGRESOS,RECURSOS DE CAPITAL,RECURSOS DEL BALANCE,SUPERAVIT FISCAL,No Aplica,No Aplica,No Aplica,No Aplica,No Aplica,No Aplica,,,,,,,,2021,Segundo Trimestre,,,94365490.0,NO APLICA,1.3.3.9.10 - R.B. RETIROS FONPET,NO,NO APLICA,NO APLICA,0,DIRECCION NACIONAL DEL TESORO MINISTERIO DE HACIENDA Y CREDITO PUBLICO,NO APLICA,NO APLICA,0.0,94365490.0,0.0,0.0,,,,,,
7592698,20210901,218552585,Pupiales,1.1.01.02.300,ESTAMPILLAS,INGRESOS,INGRESOS CORRIENTES,INGRESOS TRIBUTARIOS,IMPUESTOS INDIRECTOS,ESTAMPILLAS,No Aplica,No Aplica,No Aplica,No Aplica,No Aplica,,,,,,,,2021,Tercer Trimestre,,,195724883.0,NO APLICA,NO APLICA,NO,NO APLICA,NO APLICA,,NO APLICA,NO APLICA,NO APLICA,0.0,195724883.0,0.0,0.0,,,,,,
7593590,20210901,218552585,Pupiales,1.1.02.06.001.01,PARTICIPACION PARA EDUCACION,INGRESOS,INGRESOS CORRIENTES,INGRESOS NO TRIBUTARIOS,TRANSFERENCIAS CORRIENTES,SISTEMA GENERAL DE PARTICIPACIONES,PARTICIPACION PARA EDUCACION,No Aplica,No Aplica,No Aplica,No Aplica,,,,,,,,2021,Tercer Trimestre,,,159799725.0,NO APLICA,NO APLICA,NO,NO APLICA,NO APLICA,,NO APLICA,NO APLICA,NO APLICA,0.0,159799725.0,0.0,0.0,,,,,,
7596166,20210601,218552585,Pupiales,1.1.02.07.001.05,DERECHOS POR LA EXPLOTACION JUEGOS DE SUERTE Y AZAR DE RIFAS,INGRESOS,INGRESOS CORRIENTES,INGRESOS NO TRIBUTARIOS,PARTICIPACION Y DERECHOS POR MONOPOLIO,DERECHOS POR LA EXPLOTACION JUEGOS DE SUERTE Y AZAR,DERECHOS POR LA EXPLOTACION JUEGOS DE SUERTE Y AZAR DE RIFAS,No Aplica,No Aplica,No Aplica,No Aplica,,,,,,,,2021,Segundo Trimestre,,,64348509.0,NO APLICA,1.2.3.2.10 - DERECHOS POR LA EXPLOTACION JUEGOS DE SUERTE Y AZAR,NO,NO APLICA,NO APLICA,0,DIRECCION NACIONAL DEL TESORO MINISTERIO DE HACIENDA Y CREDITO PUBLICO,NO APLICA,NO APLICA,0.0,64348509.0,0.0,0.0,,,,,,
7596386,20211201,218552585,Pupiales,1.1.02.06.009,RECURSOS DEL SISTEMA DE SEGURIDAD SOCIAL INTEGRAL,INGRESOS,INGRESOS CORRIENTES,INGRESOS NO TRIBUTARIOS,TRANSFERENCIAS CORRIENTES,RECURSOS DEL SISTEMA DE SEGURIDAD SOCIAL INTEGRAL,No Aplica,No Aplica,No Aplica,No Aplica,No Aplica,,,,,,,,2021,Cuarto Trimestre,,,9167371773.0,NO APLICA,NO APLICA,NO APLICA,NO APLICA,NO APLICA,NO APLICA,NO APLICA,NO APLICA,NO APLICA,9167371773.0,0.0,0.0,0.0,,,,,,
7596617,20230301,218552585,Pupiales,1.2,RECURSOS DE CAPITAL,INGRESOS,RECURSOS DE CAPITAL,No Aplica,No Aplica,No Aplica,No Aplica,No Aplica,No Aplica,No Aplica,No Aplica,,,,,,,,2023,Primer Trimestre,,,16202360.0,NO APLICA,NO APLICA,NO APLICA,NO APLICA,NO APLICA,NO APLICA,NO APLICA,NO APLICA,NO APLICA,0.0,16202360.0,0.0,0.0,,,,,,
7596854,20220901,218552585,Pupiales,1.1.01.01.014.02,SOBRETASA AMBIENTAL -RURAL,INGRESOS,INGRESOS CORRIENTES,INGRESOS TRIBUTARIOS,IMPUESTOS DIRECTOS,SOBRETASA AMBIENTAL,SOBRETASA AMBIENTAL -RURAL,No Aplica,No Aplica,No Aplica,No Aplica,,,,,,,,2022,Tercer Trimestre,,,34421844.0,NO APLICA,SOBRETASA - PARTICIPACION AMBIENTAL - CORPORACIONES AUTONOMAS REGIONALES,NO APLICA,NO APLICA,NO APLICA,NO APLICA,NO APLICA,NO APLICA,NO APLICA,0.0,34421844.0,0.0,0.0,,,,,,
7596902,20220901,218552585,Pupiales,1.1.01.01.200,IMPUESTO PREDIAL UNIFICADO,INGRESOS,INGRESOS CORRIENTES,INGRESOS TRIBUTARIOS,IMPUESTOS DIRECTOS,IMPUESTO PREDIAL UNIFICADO,No Aplica,No Aplica,No Aplica,No Aplica,No Aplica,,,,,,,,2022,Tercer Trimestre,,,336603743.0,NO APLICA,NO APLICA,NO APLICA,NO APLICA,NO APLICA,NO APLICA,NO APLICA,NO APLICA,NO APLICA,0.0,336603743.0,0.0,0.0,,,,,,
7597128,20210301,218552585,Pupiales,1.1,INGRESOS CORRIENTES,INGRESOS,INGRESOS CORRIENTES,No Aplica,No Aplica,No Aplica,No Aplica,No Aplica,No Aplica,No Aplica,No Aplica,,,,,,,,2021,Primer Trimestre,,,5590163944.0,NO APLICA,NO APLICA,NO,NO APLICA,NO APLICA,,NO APLICA,NO APLICA,NO APLICA,3993246084.0,1596917860.0,0.0,0.0,,,,,,
7599384,20230301,218552585,Pupiales,1.1.01.01,IMPUESTOS DIRECTOS,INGRESOS,INGRESOS CORRIENTES,INGRESOS TRIBUTARIOS,IMPUESTOS DIRECTOS,No Aplica,No Aplica,No Aplica,No Aplica,No Aplica,No Aplica,,,,,,,,2023,Primer Trimestre,,,23225100.0,NO APLICA,NO APLICA,NO APLICA,NO APLICA,NO APLICA,NO APLICA,NO APLICA,NO APLICA,NO APLICA,0.0,23225100.0,0.0,0.0,,,,,,
7601791,20220601,218552585,Pupiales,1.1.02.06.009.01,SISTEMA GENERAL DE SEGURIDAD SOCIAL EN SALUD,INGRESOS,INGRESOS CORRIENTES,INGRESOS NO TRIBUTARIOS,TRANSFERENCIAS CORRIENTES,RECURSOS DEL SISTEMA DE SEGURIDAD SOCIAL INTEGRAL,SISTEMA GENERAL DE SEGURIDAD SOCIAL EN SALUD,No Aplica,No Aplica,No Aplica,No Aplica,,,,,,,,2022,Segundo Trimestre,,,5389106478.0,NO APLICA,NO APLICA,NO APLICA,NO APLICA,NO APLICA,NO APLICA,NO APLICA,NO APLICA,NO APLICA,5389106478.0,0.0,0.0,0.0,,,,,,
7601904,20221201,218552585,Pupiales,1.2.10,RECURSOS DEL BALANCE,INGRESOS,RECURSOS DE CAPITAL,RECURSOS DEL BALANCE,No Aplica,No Aplica,No Aplica,No Aplica,No Aplica,No Aplica,No Aplica,,,,,,,,2022,Cuarto Trimestre,,,1194145645.0,NO APLICA,NO APLICA,NO APLICA,NO APLICA,NO APLICA,NO APLICA,NO APLICA,NO APLICA,NO APLICA,0.0,0.0,0.0,1194145645.0,,,,,,
7604315,20210301,218552585,Pupiales,1.1.01.02.109,SOBRETASA A LA GASOLINA,INGRESOS,INGRESOS CORRIENTES,INGRESOS TRIBUTARIOS,IMPUESTOS INDIRECTOS,SOBRETASA A LA GASOLINA,No Aplica,No Aplica,No Aplica,No Aplica,No Aplica,,,,,,,,2021,Primer Trimestre,,,85747000.0,NO APLICA,1.2.1.0.00 - INGRESOS CORRIENTES DE LIBRE DESTINACION,NO,NO APLICA,NO APLICA,0,NO APLICA,NO APLICA,NO APLICA,0.0,85747000.0,0.0,0.0,,,,,,
7606080,20210601,218552585,Pupiales,1.1.02.01.005.59,CONTRIBUCION ESPECIAL SOBRE CONTRATOS DE OBRAS PUBLICAS,INGRESOS,INGRESOS CORRIENTES,INGRESOS NO TRIBUTARIOS,CONTRIBUCIONES,CONTRIBUCIONES DIVERSAS,CONTRIBUCION ESPECIAL SOBRE CONTRATOS DE OBRAS PUBLICAS,No Aplica,No Aplica,No Aplica,No Aplica,,,,,,,,2021,Segundo Trimestre,,,7756848.0,NO APLICA,1.2.3.2.01 - CONTRIBUCION SOBRE CONTRATOS DE OBRA PUBLICA,NO,NO APLICA,NO APLICA,0,NO APLICA,NO APLICA,NO APLICA,0.0,7756848.0,0.0,0.0,,,,,,
7607785,20220301,218552585,Pupiales,1.1.01.01.200.01,IMPUESTO PREDIAL UNIFICADO - URBANO,INGRESOS,INGRESOS CORRIENTES,INGRESOS TRIBUTARIOS,IMPUESTOS DIRECTOS,IMPUESTO PREDIAL UNIFICADO,IMPUESTO PREDIAL UNIFICADO - URBANO,No Aplica,No Aplica,No Aplica,No Aplica,,,,,,,,2022,Primer Trimestre,,,79188921.0,NO APLICA,INGRESOS CORRIENTES DE LIBRE DESTINACION,NO APLICA,NO APLICA,NO APLICA,NO APLICA,NO APLICA,NO APLICA,NO APLICA,0.0,79188921.0,0.0,0.0,,,,,,
7609309,20220901,218552585,Pupiales,1.1.02.06,TRANSFERENCIAS CORRIENTES,INGRESOS,INGRESOS CORRIENTES,INGRESOS NO TRIBUTARIOS,TRANSFERENCIAS CORRIENTES,No Aplica,No Aplica,No Aplica,No Aplica,No Aplica,No Aplica,,,,,,,,2022,Tercer Trimestre,,,18156938894.0,NO APLICA,NO APLICA,NO APLICA,NO APLICA,NO APLICA,NO APLICA,NO APLICA,NO APLICA,NO APLICA,13978356194.0,4178582700.0,0.0,0.0,,,,,,
7609620,20230301,218552585,Pupiales,1.1.02.06.001.02.01,REGIMEN SUBSIDIADO,INGRESOS,INGRESOS CORRIENTES,INGRESOS NO TRIBUTARIOS,TRANSFERENCIAS CORRIENTES,SISTEMA GENERAL DE PARTICIPACIONES,PARTICIPACION PARA SALUD,REGIMEN SUBSIDIADO,No Aplica,No Aplica,No Aplica,,,,,,,,2023,Primer Trimestre,,,638609730.0,NO APLICA,SGP-SALUD-REGIMEN SUBSIDIADO,NO APLICA,NO APLICA,NO APLICA,NO APLICA,MINISTERIO DE SALUD Y PROTECCION SOCIAL,NO APLICA,NO APLICA,638609730.0,0.0,0.0,0.0,,,,,,
7609942,20210601,218552585,Pupiales,1.1.01.02.201,IMPUESTO COMPLEMENTARIO DE AVISOS Y TABLEROS,INGRESOS,INGRESOS CORRIENTES,INGRESOS TRIBUTARIOS,IMPUESTOS INDIRECTOS,IMPUESTO COMPLEMENTARIO DE AVISOS Y TABLEROS,No Aplica,No Aplica,No Aplica,No Aplica,No Aplica,,,,,,,,2021,Segundo Trimestre,,,29401152.0,NO APLICA,1.2.1.0.00 - INGRESOS CORRIENTES DE LIBRE DESTINACION,NO,NO APLICA,NO APLICA,0,NO APLICA,NO APLICA,NO APLICA,0.0,29401152.0,0.0,0.0,,,,,,
7610422,20230601,218552585,Pupiales,1.1.01.02.200.01,IMPUESTO DE INDUSTRIA Y COMERCIO - SOBRE ACTIVIDADES COMERCIALES,INGRESOS,INGRESOS CORRIENTES,INGRESOS TRIBUTARIOS,IMPUESTOS INDIRECTOS,IMPUESTO DE INDUSTRIA Y COMERCIO,IMPUESTO DE INDUSTRIA Y COMERCIO - SOBRE ACTIVIDADES COMERCIALES,No Aplica,No Aplica,No Aplica,No Aplica,,,,,,,,2023,Segundo Trimestre,,,1380624.0,NO APLICA,INGRESOS CORRIENTES DE LIBRE DESTINACION,NO APLICA,NO APLICA,NO APLICA,NO APLICA,E.S.P. EMPRESA DE SERVICIOS PUBLICOS VARIOS DE PUPIALES,NO APLICA,NO APLICA,0.0,1380624.0,0.0,0.0,,,,,,
7611246,20230901,218552585,Pupiales,1.1.01.02.201,IMPUESTO COMPLEMENTARIO DE AVISOS Y TABLEROS,INGRESOS,INGRESOS CORRIENTES,INGRESOS TRIBUTARIOS,IMPUESTOS INDIRECTOS,IMPUESTO COMPLEMENTARIO DE AVISOS Y TABLEROS,No Aplica,No Aplica,No Aplica,No Aplica,No Aplica,,,,,,,,2023,Tercer Trimestre,,,3705000.0,NO APLICA,INGRESOS CORRIENTES DE LIBRE DESTINACION,NO APLICA,NO APLICA,NO APLICA,NO APLICA,BANCO AGRARIO DE COLOMBIA,NO APLICA,NO APLICA,0.0,3705000.0,0.0,0.0,,,,,,
7613415,20220601,218552585,Pupiales,1.1.02.06.001.02.04,SUBSIDIO A LA OFERTA,INGRESOS,INGRESOS CORRIENTES,INGRESOS NO TRIBUTARIOS,TRANSFERENCIAS CORRIENTES,SISTEMA GENERAL DE PARTICIPACIONES,PARTICIPACION PARA SALUD,SUBSIDIO A LA OFERTA,No Aplica,No Aplica,No Aplica,,,,,,,,2022,Segundo Trimestre,,,107569832.0,NO APLICA,SGP-SALUD-SUBSIDIO A LA OFERTA,NO APLICA,NO APLICA,NO APLICA,NO APLICA,DIRECCION NACIONAL DEL TESORO MINISTERIO DE HACIENDA Y CREDITO PUBLICO,NO APLICA,NO APLICA,107569832.0,0.0,0.0,0.0,,,,,,
7617809,20210601,218552585,Pupiales,1.1.01.02.200,IMPUESTO DE INDUSTRIA Y COMERCIO,INGRESOS,INGRESOS CORRIENTES,INGRESOS TRIBUTARIOS,IMPUESTOS INDIRECTOS,IMPUESTO DE INDUSTRIA Y COMERCIO,No Aplica,No Aplica,No Aplica,No Aplica,No Aplica,,,,,,,,2021,Segundo Trimestre,,,290158818.0,NO APLICA,NO APLICA,NO,NO APLICA,NO APLICA,,NO APLICA,NO APLICA,NO APLICA,0.0,290158818.0,0.0,0.0,,,,,,
7617881,20210301,218552585,Pupiales,1.1.02.06.001.04.01,PROGRAMAS DE ALIMENTACION ESCOLAR,INGRESOS,INGRESOS CORRIENTES,INGRESOS NO TRIBUTARIOS,TRANSFERENCIAS CORRIENTES,SISTEMA GENERAL DE PARTICIPACIONES,ASIGNACIONES ESPECIALES,PROGRAMAS DE ALIMENTACION ESCOLAR,No Aplica,No Aplica,No Aplica,,,,,,,,2021,Primer Trimestre,,,15719341.0,NO APLICA,1.2.4.4.01 - SGP-ASIGNACION ESPECIAL-PROGRAMAS DE ALIMENTACION ESCOLAR,NO,NO APLICA,NO APLICA,0,DIRECCION NACIONAL DEL TESORO MINISTERIO DE HACIENDA Y CREDITO PUBLICO,NO APLICA,NO APLICA,0.0,15719341.0,0.0,0.0,,,,,,
7617884,20220301,218552585,Pupiales,1.1.01.02.200.02,IMPUESTO DE INDUSTRIA Y COMERCIO - SOBRE ACTIVIDADES INDUSTRIALES,INGRESOS,INGRESOS CORRIENTES,INGRESOS TRIBUTARIOS,IMPUESTOS INDIRECTOS,IMPUESTO DE INDUSTRIA Y COMERCIO,IMPUESTO DE INDUSTRIA Y COMERCIO - SOBRE ACTIVIDADES INDUSTRIALES,No Aplica,No Aplica,No Aplica,No Aplica,,,,,,,,2022,Primer Trimestre,,,5168000.0,NO APLICA,INGRESOS CORRIENTES DE LIBRE DESTINACION,NO APLICA,NO APLICA,NO APLICA,NO APLICA,NO APLICA,NO APLICA,NO APLICA,0.0,5168000.0,0.0,0.0,,,,,,
7618600,20211201,218552585,Pupiales,1.1.02.05.002,VENTAS INCIDENTALES DE ESTABLECIMIENTOS NO DE MERCADO,INGRESOS,INGRESOS CORRIENTES,INGRESOS NO TRIBUTARIOS,VENTA DE BIENES Y SERVICIOS,VENTAS INCIDENTALES DE ESTABLECIMIENTOS NO DE MERCADO,No Aplica,No Aplica,No Aplica,No Aplica,No Aplica,,,,,,,,2021,Cuarto Trimestre,,,43246947.0,NO APLICA,NO APLICA,NO APLICA,NO APLICA,NO APLICA,NO APLICA,NO APLICA,NO APLICA,NO APLICA,0.0,43246947.0,0.0,0.0,,,,,,
7619082,20220301,218552585,Pupiales,1.1.02.06.001.01.03.01,CALIDADPOR MATRICULA OFICIAL,INGRESOS,INGRESOS CORRIENTES,INGRESOS NO TRIBUTARIOS,TRANSFERENCIAS CORRIENTES,SISTEMA GENERAL DE PARTICIPACIONES,PARTICIPACION PARA EDUCACION,CALIDAD,CALIDADPOR MATRICULA OFICIAL,No Aplica,No Aplica,,,,,,,,2022,Primer Trimestre,,,34703292.0,NO APLICA,SGP-EDUCACION-CALIDAD  POR MATRICULA OFICIAL,NO APLICA,NO APLICA,NO APLICA,NO APLICA,DIRECCION NACIONAL DEL TESORO MINISTERIO DE HACIENDA Y CREDITO PUBLICO,NO APLICA,NO APLICA,0.0,34703292.0,0.0,0.0,,,,,,
7619091,20230301,218552585,Pupiales,1.1,INGRESOS CORRIENTES,INGRESOS,INGRESOS CORRIENTES,No Aplica,No Aplica,No Aplica,No Aplica,No Aplica,No Aplica,No Aplica,No Aplica,,,,,,,,2023,Primer Trimestre,,,3611763852.0,NO APLICA,NO APLICA,NO APLICA,NO APLICA,NO APLICA,NO APLICA,NO APLICA,NO APLICA,NO APLICA,2059068236.0,1552695616.0,0.0,0.0,,,,,,
7621122,20210301,218552585,Pupiales,1.1.01.02.300.01,ESTAMPILLA PARA EL BIENESTAR DEL ADULTO MAYOR,INGRESOS,INGRESOS CORRIENTES,INGRESOS TRIBUTARIOS,IMPUESTOS INDIRECTOS,ESTAMPILLAS,ESTAMPILLA PARA EL BIENESTAR DEL ADULTO MAYOR,No Aplica,No Aplica,No Aplica,No Aplica,,,,,,,,2021,Primer Trimestre,,,798007.0,NO APLICA,1.2.3.1.19 - ESTAMPILLAS,NO,NO APLICA,NO APLICA,0,NO APLICA,NO APLICA,NO APLICA,0.0,798007.0,0.0,0.0,,,,,,
7624188,20210301,218552585,Pupiales,1.1.02.05.002.07,SERVICIOS FINANCIEROS Y SERVICIOS CONEXOS; SERVICIOS INMOBILIARIOS; Y SERVICIOS DE ARRENDAMIENTO Y LEASING,INGRESOS,INGRESOS CORRIENTES,INGRESOS NO TRIBUTARIOS,VENTA DE BIENES Y SERVICIOS,VENTAS INCIDENTALES DE ESTABLECIMIENTOS NO DE MERCADO,SERVICIOS FINANCIEROS Y SERVICIOS CONEXOS; SERVICIOS INMOBILIARIOS; Y SERVICIOS DE ARRENDAMIENTO Y LEASING,No Aplica,No Aplica,No Aplica,No Aplica,,,,,,,,2021,Primer Trimestre,,,2571436.0,"91114 - SERVICIOS DE PLANIFICACIÓN ECONÓMICA, SOCIAL Y ESTADÍSTICA DE LA ADMINISTRACIÓN PUBLICA",1.2.3.2.09 - VENTA DE BIENES Y SERVICIOS,NO,NO APLICA,NO APLICA,0,NO APLICA,NO APLICA,NO APLICA,0.0,2571436.0,0.0,0.0,,,,,,
7627614,20221201,218552585,Pupiales,1.1.02.06.001.04.01,PROGRAMAS DE ALIMENTACION ESCOLAR,INGRESOS,INGRESOS CORRIENTES,INGRESOS NO TRIBUTARIOS,TRANSFERENCIAS CORRIENTES,SISTEMA GENERAL DE PARTICIPACIONES,ASIGNACIONES ESPECIALES,PROGRAMAS DE ALIMENTACION ESCOLAR,No Aplica,No Aplica,No Aplica,,,,,,,,2022,Cuarto Trimestre,,,75947567.0,NO APLICA,SGP-ASIGNACION ESPECIAL-PROGRAMAS DE ALIMENTACION ESCOLAR,NO APLICA,NO APLICA,NO APLICA,NO APLICA,DIRECCION NACIONAL DEL TESORO MINISTERIO DE HACIENDA Y CREDITO PUBLICO,NO APLICA,NO APLICA,0.0,75947567.0,0.0,0.0,,,,,,
7630005,20230601,218552585,Pupiales,1.2.10.02,SUPERAVIT FISCAL,INGRESOS,RECURSOS DE CAPITAL,RECURSOS DEL BALANCE,SUPERAVIT FISCAL,No Aplica,No Aplica,No Aplica,No Aplica,No Aplica,No Aplica,,,,,,,,2023,Segundo Trimestre,,,7348204.0,NO APLICA,R.B. SGP-ASIGNACION-ATENCION INTEGRAL DE LA PRIMERA INFANCIA,NO APLICA,NO APLICA,NO APLICA,NO APLICA,PUPIALES,NO APLICA,NO APLICA,0.0,7348204.0,0.0,0.0,,,,,,
7633112,20211201,218552585,Pupiales,1.1.01.02.200.03,IMPUESTO DE INDUSTRIA Y COMERCIO - SOBRE ACTIVIDADES DE SERVICIOS,INGRESOS,INGRESOS CORRIENTES,INGRESOS TRIBUTARIOS,IMPUESTOS INDIRECTOS,IMPUESTO DE INDUSTRIA Y COMERCIO,IMPUESTO DE INDUSTRIA Y COMERCIO - SOBRE ACTIVIDADES DE SERVICIOS,No Aplica,No Aplica,No Aplica,No Aplica,,,,,,,,2021,Cuarto Trimestre,,,24221305.0,NO APLICA,INGRESOS CORRIENTES DE LIBRE DESTINACION,NO APLICA,NO APLICA,NO APLICA,NO APLICA,NO APLICA,NO APLICA,NO APLICA,0.0,24221305.0,0.0,0.0,,,,,,
7633748,20210601,218552585,Pupiales,1.1.02.03.001.11,SANCIONES TRIBUTARIAS,INGRESOS,INGRESOS CORRIENTES,INGRESOS NO TRIBUTARIOS,"MULTAS, SANCIONES E INTERESES DE MORA",MULTAS Y SANCIONES,SANCIONES TRIBUTARIAS,No Aplica,No Aplica,No Aplica,No Aplica,,,,,,,,2021,Segundo Trimestre,,,4908574.0,NO APLICA,"1.2.3.2.07 - OTRAS MULTAS, SANCIONES E INTERESES DE MORA",NO,NO APLICA,NO APLICA,0,NO APLICA,NO APLICA,NO APLICA,0.0,4908574.0,0.0,0.0,,,,,,
7635142,20230901,218552585,Pupiales,1.1.02.01.005,CONTRIBUCIONES DIVERSAS,INGRESOS,INGRESOS CORRIENTES,INGRESOS NO TRIBUTARIOS,CONTRIBUCIONES,CONTRIBUCIONES DIVERSAS,No Aplica,No Aplica,No Aplica,No Aplica,No Aplica,,,,,,,,2023,Tercer Trimestre,,,99412162.0,NO APLICA,NO APLICA,NO APLICA,NO APLICA,NO APLICA,NO APLICA,NO APLICA,NO APLICA,NO APLICA,0.0,99412162.0,0.0,0.0,,,,,,
7637795,20220301,218552585,Pupiales,1.1.02.06.001.04,ASIGNACIONES ESPECIALES,INGRESOS,INGRESOS CORRIENTES,INGRESOS NO TRIBUTARIOS,TRANSFERENCIAS CORRIENTES,SISTEMA GENERAL DE PARTICIPACIONES,ASIGNACIONES ESPECIALES,No Aplica,No Aplica,No Aplica,No Aplica,,,,,,,,2022,Primer Trimestre,,,12658372.0,NO APLICA,NO APLICA,NO APLICA,NO APLICA,NO APLICA,NO APLICA,NO APLICA,NO APLICA,NO APLICA,0.0,12658372.0,0.0,0.0,,,,,,
7638336,20220901,218552585,Pupiales,1.1.02.05.002.09,"SERVICIOS PARA LA COMUNIDAD, SOCIALES Y PERSONALES",INGRESOS,INGRESOS CORRIENTES,INGRESOS NO TRIBUTARIOS,VENTA DE BIENES Y SERVICIOS,VENTAS INCIDENTALES DE ESTABLECIMIENTOS NO DE MERCADO,"SERVICIOS PARA LA COMUNIDAD, SOCIALES Y PERSONALES",No Aplica,No Aplica,No Aplica,No Aplica,,,,,,,,2022,Tercer Trimestre,,,39561807.0,OTROS SERVICIOS DIVERSOS N C P,VENTA DE BIENES Y SERVICIOS CON DESTINACION ESPECIFICA LEGAL,NO APLICA,NO APLICA,NO APLICA,NO APLICA,NO APLICA,NO APLICA,NO APLICA,0.0,39561807.0,0.0,0.0,,,,,,
7640214,20220901,218552585,Pupiales,1.1.02.03.001.20.01,MULTAS CODIGO NACIONAL DE SEGURIDAD Y CONVIVENCIA CIUDADANA - MULTAS GENERALES,INGRESOS,INGRESOS CORRIENTES,INGRESOS NO TRIBUTARIOS,"MULTAS, SANCIONES E INTERESES DE MORA",MULTAS Y SANCIONES,MULTAS CODIGO NACIONAL DE SEGURIDAD Y CONVIVENCIA CIUDADANA,MULTAS CODIGO NACIONAL DE SEGURIDAD Y CONVIVENCIA CIUDADANA - MULTAS GENERALES,No Aplica,No Aplica,No Aplica,,,,,,,,2022,Tercer Trimestre,,,11638756.0,NO APLICA,MULTAS CODIGO NACIONAL DE POLICIA Y CONVIVENCIA,NO APLICA,NO APLICA,NO APLICA,NO APLICA,NO APLICA,NO APLICA,NO APLICA,0.0,11638756.0,0.0,0.0,,,,,,
7641782,20221201,218552585,Pupiales,1.1.02.06.003.01,PARTICIPACION EN IMPUESTOS,INGRESOS,INGRESOS CORRIENTES,INGRESOS NO TRIBUTARIOS,TRANSFERENCIAS CORRIENTES,PARTICIPACIONES DISTINTAS DEL SGP,PARTICIPACION EN IMPUESTOS,No Aplica,No Aplica,No Aplica,No Aplica,,,,,,,,2022,Cuarto Trimestre,,,66660237.0,NO APLICA,NO APLICA,NO APLICA,NO APLICA,NO APLICA,NO APLICA,NO APLICA,NO APLICA,NO APLICA,0.0,66660237.0,0.0,0.0,,,,,,
7643727,20230901,218552585,Pupiales,1.1.02.03.001.20.01,MULTAS CODIGO NACIONAL DE SEGURIDAD Y CONVIVENCIA CIUDADANA - MULTAS GENERALES,INGRESOS,INGRESOS CORRIENTES,INGRESOS NO TRIBUTARIOS,"MULTAS, SANCIONES E INTERESES DE MORA",MULTAS Y SANCIONES,MULTAS CODIGO NACIONAL DE SEGURIDAD Y CONVIVENCIA CIUDADANA,MULTAS CODIGO NACIONAL DE SEGURIDAD Y CONVIVENCIA CIUDADANA - MULTAS GENERALES,No Aplica,No Aplica,No Aplica,,,,,,,,2023,Tercer Trimestre,,,9688368.0,NO APLICA,MULTAS CODIGO NACIONAL DE POLICIA Y CONVIVENCIA,NO APLICA,NO APLICA,NO APLICA,NO APLICA,NO APLICA,NO APLICA,NO APLICA,0.0,9688368.0,0.0,0.0,,,,,,
7643804,20210601,218552585,Pupiales,1.1.02.05.002.07,SERVICIOS FINANCIEROS Y SERVICIOS CONEXOS; SERVICIOS INMOBILIARIOS; Y SERVICIOS DE ARRENDAMIENTO Y LEASING,INGRESOS,INGRESOS CORRIENTES,INGRESOS NO TRIBUTARIOS,VENTA DE BIENES Y SERVICIOS,VENTAS INCIDENTALES DE ESTABLECIMIENTOS NO DE MERCADO,SERVICIOS FINANCIEROS Y SERVICIOS CONEXOS; SERVICIOS INMOBILIARIOS; Y SERVICIOS DE ARRENDAMIENTO Y LEASING,No Aplica,No Aplica,No Aplica,No Aplica,,,,,,,,2021,Segundo Trimestre,,,8055708.0,"91114 - SERVICIOS DE PLANIFICACIÓN ECONÓMICA, SOCIAL Y ESTADÍSTICA DE LA ADMINISTRACIÓN PUBLICA",1.2.3.2.09 - VENTA DE BIENES Y SERVICIOS,NO,NO APLICA,NO APLICA,0,NO APLICA,NO APLICA,NO APLICA,0.0,8055708.0,0.0,0.0,,,,,,
7646460,20211201,218552585,Pupiales,1.1.01.02.201,IMPUESTO COMPLEMENTARIO DE AVISOS Y TABLEROS,INGRESOS,INGRESOS CORRIENTES,INGRESOS TRIBUTARIOS,IMPUESTOS INDIRECTOS,IMPUESTO COMPLEMENTARIO DE AVISOS Y TABLEROS,No Aplica,No Aplica,No Aplica,No Aplica,No Aplica,,,,,,,,2021,Cuarto Trimestre,,,30536613.0,NO APLICA,INGRESOS CORRIENTES DE LIBRE DESTINACION,NO APLICA,NO APLICA,NO APLICA,NO APLICA,NO APLICA,NO APLICA,NO APLICA,0.0,30536613.0,0.0,0.0,,,,,,
7657469,20230601,218552585,Pupiales,1.1.01.02.200.03,IMPUESTO DE INDUSTRIA Y COMERCIO - SOBRE ACTIVIDADES DE SERVICIOS,INGRESOS,INGRESOS CORRIENTES,INGRESOS TRIBUTARIOS,IMPUESTOS INDIRECTOS,IMPUESTO DE INDUSTRIA Y COMERCIO,IMPUESTO DE INDUSTRIA Y COMERCIO - SOBRE ACTIVIDADES DE SERVICIOS,No Aplica,No Aplica,No Aplica,No Aplica,,,,,,,,2023,Segundo Trimestre,,,304500.0,NO APLICA,INGRESOS CORRIENTES DE LIBRE DESTINACION,NO APLICA,NO APLICA,NO APLICA,NO APLICA,SKYNET DE COLOMBIA S.A. E.S.P.,NO APLICA,NO APLICA,0.0,304500.0,0.0,0.0,,,,,,
7658698,20230901,218552585,Pupiales,1.2.10,RECURSOS DEL BALANCE,INGRESOS,RECURSOS DE CAPITAL,RECURSOS DEL BALANCE,No Aplica,No Aplica,No Aplica,No Aplica,No Aplica,No Aplica,No Aplica,,,,,,,,2023,Tercer Trimestre,,,1665784436.0,NO APLICA,NO APLICA,NO APLICA,NO APLICA,NO APLICA,NO APLICA,NO APLICA,NO APLICA,NO APLICA,0.0,1665784436.0,0.0,0.0,,,,,,
7661336,20230301,218552585,Pupiales,1.1.01.02.200.03,IMPUESTO DE INDUSTRIA Y COMERCIO - SOBRE ACTIVIDADES DE SERVICIOS,INGRESOS,INGRESOS CORRIENTES,INGRESOS TRIBUTARIOS,IMPUESTOS INDIRECTOS,IMPUESTO DE INDUSTRIA Y COMERCIO,IMPUESTO DE INDUSTRIA Y COMERCIO - SOBRE ACTIVIDADES DE SERVICIOS,No Aplica,No Aplica,No Aplica,No Aplica,,,,,,,,2023,Primer Trimestre,,,2000.0,NO APLICA,INGRESOS CORRIENTES DE LIBRE DESTINACION,NO APLICA,NO APLICA,NO APLICA,NO APLICA,BANCO AGRARIO DE COLOMBIA,NO APLICA,NO APLICA,0.0,2000.0,0.0,0.0,,,,,,
7663360,20220901,218552585,Pupiales,1.1.01.02.300,ESTAMPILLAS,INGRESOS,INGRESOS CORRIENTES,INGRESOS TRIBUTARIOS,IMPUESTOS INDIRECTOS,ESTAMPILLAS,No Aplica,No Aplica,No Aplica,No Aplica,No Aplica,,,,,,,,2022,Tercer Trimestre,,,355695992.0,NO APLICA,NO APLICA,NO APLICA,NO APLICA,NO APLICA,NO APLICA,NO APLICA,NO APLICA,NO APLICA,0.0,355695992.0,0.0,0.0,,,,,,
7667760,20220901,218552585,Pupiales,1.1.01.02.200.03,IMPUESTO DE INDUSTRIA Y COMERCIO - SOBRE ACTIVIDADES DE SERVICIOS,INGRESOS,INGRESOS CORRIENTES,INGRESOS TRIBUTARIOS,IMPUESTOS INDIRECTOS,IMPUESTO DE INDUSTRIA Y COMERCIO,IMPUESTO DE INDUSTRIA Y COMERCIO - SOBRE ACTIVIDADES DE SERVICIOS,No Aplica,No Aplica,No Aplica,No Aplica,,,,,,,,2022,Tercer Trimestre,,,61613286.0,NO APLICA,INGRESOS CORRIENTES DE LIBRE DESTINACION,NO APLICA,NO APLICA,NO APLICA,NO APLICA,NO APLICA,NO APLICA,NO APLICA,0.0,61613286.0,0.0,0.0,,,,,,
7673283,20210601,218552585,Pupiales,1.1.02.06.001.01.03,CALIDAD,INGRESOS,INGRESOS CORRIENTES,INGRESOS NO TRIBUTARIOS,TRANSFERENCIAS CORRIENTES,SISTEMA GENERAL DE PARTICIPACIONES,PARTICIPACION PARA EDUCACION,CALIDAD,No Aplica,No Aplica,No Aplica,,,,,,,,2021,Segundo Trimestre,,,106533150.0,NO APLICA,NO APLICA,NO,NO APLICA,NO APLICA,,NO APLICA,NO APLICA,NO APLICA,0.0,106533150.0,0.0,0.0,,,,,,
7673342,20210901,218552585,Pupiales,1.1.02.03.001.11,SANCIONES TRIBUTARIAS,INGRESOS,INGRESOS CORRIENTES,INGRESOS NO TRIBUTARIOS,"MULTAS, SANCIONES E INTERESES DE MORA",MULTAS Y SANCIONES,SANCIONES TRIBUTARIAS,No Aplica,No Aplica,No Aplica,No Aplica,,,,,,,,2021,Tercer Trimestre,,,8034724.0,NO APLICA,"1.2.3.2.07 - OTRAS MULTAS, SANCIONES E INTERESES DE MORA",NO,NO APLICA,NO APLICA,0,NO APLICA,NO APLICA,NO APLICA,0.0,8034724.0,0.0,0.0,,,,,,
7678158,20220601,218552585,Pupiales,1.1.01.01.200.02,IMPUESTO PREDIAL UNIFICADO - RURAL,INGRESOS,INGRESOS CORRIENTES,INGRESOS TRIBUTARIOS,IMPUESTOS DIRECTOS,IMPUESTO PREDIAL UNIFICADO,IMPUESTO PREDIAL UNIFICADO - RURAL,No Aplica,No Aplica,No Aplica,No Aplica,,,,,,,,2022,Segundo Trimestre,,,132596376.0,NO APLICA,INGRESOS CORRIENTES DE LIBRE DESTINACION,NO APLICA,NO APLICA,NO APLICA,NO APLICA,NO APLICA,NO APLICA,NO APLICA,0.0,132596376.0,0.0,0.0,,,,,,
7678530,20220601,218552585,Pupiales,1.1.02.06.001.02.02,SALUD PUBLICA,INGRESOS,INGRESOS CORRIENTES,INGRESOS NO TRIBUTARIOS,TRANSFERENCIAS CORRIENTES,SISTEMA GENERAL DE PARTICIPACIONES,PARTICIPACION PARA SALUD,SALUD PUBLICA,No Aplica,No Aplica,No Aplica,,,,,,,,2022,Segundo Trimestre,,,117062811.0,NO APLICA,SGP-SALUD-SALUD PUBLICA,NO APLICA,NO APLICA,NO APLICA,NO APLICA,DIRECCION NACIONAL DEL TESORO MINISTERIO DE HACIENDA Y CREDITO PUBLICO,NO APLICA,NO APLICA,0.0,117062811.0,0.0,0.0,,,,,,
7678742,20220901,218552585,Pupiales,1.1.02.06.001.02,PARTICIPACION PARA SALUD,INGRESOS,INGRESOS CORRIENTES,INGRESOS NO TRIBUTARIOS,TRANSFERENCIAS CORRIENTES,SISTEMA GENERAL DE PARTICIPACIONES,PARTICIPACION PARA SALUD,No Aplica,No Aplica,No Aplica,No Aplica,,,,,,,,2022,Tercer Trimestre,,,5326536244.0,NO APLICA,NO APLICA,NO APLICA,NO APLICA,NO APLICA,NO APLICA,NO APLICA,NO APLICA,NO APLICA,5149772239.0,176764005.0,0.0,0.0,,,,,,
7681898,20211201,218552585,Pupiales,1.1.01.02.212,SOBRETASA BOMBERIL,INGRESOS,INGRESOS CORRIENTES,INGRESOS TRIBUTARIOS,IMPUESTOS INDIRECTOS,SOBRETASA BOMBERIL,No Aplica,No Aplica,No Aplica,No Aplica,No Aplica,,,,,,,,2021,Cuarto Trimestre,,,14288445.0,NO APLICA,SOBRETASA BOMBERIL,NO APLICA,NO APLICA,NO APLICA,NO APLICA,NO APLICA,NO APLICA,NO APLICA,0.0,14288445.0,0.0,0.0,,,,,,
7683892,20210601,218552585,Pupiales,1.1.01.02.109,SOBRETASA A LA GASOLINA,INGRESOS,INGRESOS CORRIENTES,INGRESOS TRIBUTARIOS,IMPUESTOS INDIRECTOS,SOBRETASA A LA GASOLINA,No Aplica,No Aplica,No Aplica,No Aplica,No Aplica,,,,,,,,2021,Segundo Trimestre,,,164915000.0,NO APLICA,1.2.1.0.00 - INGRESOS CORRIENTES DE LIBRE DESTINACION,NO,NO APLICA,NO APLICA,0,NO APLICA,NO APLICA,NO APLICA,0.0,164915000.0,0.0,0.0,,,,,,
7685407,20211201,218552585,Pupiales,1.1.01.01.014,SOBRETASA AMBIENTAL,INGRESOS,INGRESOS CORRIENTES,INGRESOS TRIBUTARIOS,IMPUESTOS DIRECTOS,SOBRETASA AMBIENTAL,No Aplica,No Aplica,No Aplica,No Aplica,No Aplica,,,,,,,,2021,Cuarto Trimestre,,,80012976.0,NO APLICA,NO APLICA,NO APLICA,NO APLICA,NO APLICA,NO APLICA,NO APLICA,NO APLICA,NO APLICA,0.0,80012976.0,0.0,0.0,,,,,,
7685714,20211201,218552585,Pupiales,1.1.02.06.009.01.06,RECURSOS ADRES - COFINANCIACION UPC REGIMEN SUBSIDIADO,INGRESOS,INGRESOS CORRIENTES,INGRESOS NO TRIBUTARIOS,TRANSFERENCIAS CORRIENTES,RECURSOS DEL SISTEMA DE SEGURIDAD SOCIAL INTEGRAL,SISTEMA GENERAL DE SEGURIDAD SOCIAL EN SALUD,RECURSOS ADRES - COFINANCIACION UPC REGIMEN SUBSIDIADO,No Aplica,No Aplica,No Aplica,,,,,,,,2021,Cuarto Trimestre,,,9134031459.0,NO APLICA,PARTICIPACIONES DISTINTAS DEL SGP CON DESTINACION ESPECIFICA LEGAL,NO APLICA,NO APLICA,NO APLICA,NO APLICA,MINISTERIO DE SALUD Y PROTECCION SOCIAL,NO APLICA,NO APLICA,9134031459.0,0.0,0.0,0.0,,,,,,
7686140,20210601,218552585,Pupiales,1.2.10.02,SUPERAVIT FISCAL,INGRESOS,RECURSOS DE CAPITAL,RECURSOS DEL BALANCE,SUPERAVIT FISCAL,No Aplica,No Aplica,No Aplica,No Aplica,No Aplica,No Aplica,,,,,,,,2021,Segundo Trimestre,,,11885478.0,NO APLICA,1.3.3.5.02 - R.B. SGP - SALUD - SALUD PUBLICA,NO,NO APLICA,NO APLICA,0,DIRECCION NACIONAL DEL TESORO MINISTERIO DE HACIENDA Y CREDITO PUBLICO,NO APLICA,NO APLICA,0.0,11885478.0,0.0,0.0,,,,,,
7686912,20210301,218552585,Pupiales,1.1.02.06.001.01.03,CALIDAD,INGRESOS,INGRESOS CORRIENTES,INGRESOS NO TRIBUTARIOS,TRANSFERENCIAS CORRIENTES,SISTEMA GENERAL DE PARTICIPACIONES,PARTICIPACION PARA EDUCACION,CALIDAD,No Aplica,No Aplica,No Aplica,,,,,,,,2021,Primer Trimestre,,,53266575.0,NO APLICA,NO APLICA,NO,NO APLICA,NO APLICA,,NO APLICA,NO APLICA,NO APLICA,0.0,53266575.0,0.0,0.0,,,,,,
7699075,20230301,218552585,Pupiales,1.2.05.02,DEPOSITOS,INGRESOS,RECURSOS DE CAPITAL,RENDIMIENTOS FINANCIEROS,DEPOSITOS,No Aplica,No Aplica,No Aplica,No Aplica,No Aplica,No Aplica,,,,,,,,2023,Primer Trimestre,,,0.0,NO APLICA,R.F. SGP - AGUA POTABLE Y SANEAMIENTO BASICO,NO APLICA,NO APLICA,NO APLICA,NO APLICA,NO APLICA,NO APLICA,NO APLICA,0.0,0.0,0.0,0.0,,,,,,
7699636,20220901,218552585,Pupiales,1.1.02.06.001.01,PARTICIPACION PARA EDUCACION,INGRESOS,INGRESOS CORRIENTES,INGRESOS NO TRIBUTARIOS,TRANSFERENCIAS CORRIENTES,SISTEMA GENERAL DE PARTICIPACIONES,PARTICIPACION PARA EDUCACION,No Aplica,No Aplica,No Aplica,No Aplica,,,,,,,,2022,Tercer Trimestre,,,345406808.0,NO APLICA,NO APLICA,NO APLICA,NO APLICA,NO APLICA,NO APLICA,NO APLICA,NO APLICA,NO APLICA,189241994.0,156164814.0,0.0,0.0,,,,,,
7702284,20230901,218552585,Pupiales,1.1.02.05.002,VENTAS INCIDENTALES DE ESTABLECIMIENTOS NO DE MERCADO,INGRESOS,INGRESOS CORRIENTES,INGRESOS NO TRIBUTARIOS,VENTA DE BIENES Y SERVICIOS,VENTAS INCIDENTALES DE ESTABLECIMIENTOS NO DE MERCADO,No Aplica,No Aplica,No Aplica,No Aplica,No Aplica,,,,,,,,2023,Tercer Trimestre,,,49049555.0,NO APLICA,NO APLICA,NO APLICA,NO APLICA,NO APLICA,NO APLICA,NO APLICA,NO APLICA,NO APLICA,0.0,49049555.0,0.0,0.0,,,,,,
7702779,20230601,218552585,Pupiales,1.1.02.06.006.06,OTRAS UNIDADES DE GOBIERNO,INGRESOS,INGRESOS CORRIENTES,INGRESOS NO TRIBUTARIOS,TRANSFERENCIAS CORRIENTES,TRANSFERENCIAS DE OTRAS ENTIDADES DEL GOBIERNO GENERAL,OTRAS UNIDADES DE GOBIERNO,No Aplica,No Aplica,No Aplica,No Aplica,,,,,,,,2023,Segundo Trimestre,,,36995715.0,NO APLICA,DERECHOS POR LA EXPLOTACION JUEGOS DE SUERTE Y AZAR,NO APLICA,NO APLICA,NO APLICA,NO APLICA,ADMINISTRADORA DEL MONOPOLIO RENTISTICO DE LOS JUEGOS DE SUERTE Y AZAR.,NO APLICA,NO APLICA,0.0,36995715.0,0.0,0.0,,,,,,
7705300,20211201,218552585,Pupiales,1.1.01.02.109,SOBRETASA A LA GASOLINA,INGRESOS,INGRESOS CORRIENTES,INGRESOS TRIBUTARIOS,IMPUESTOS INDIRECTOS,SOBRETASA A LA GASOLINA,No Aplica,No Aplica,No Aplica,No Aplica,No Aplica,,,,,,,,2021,Cuarto Trimestre,,,380926000.0,NO APLICA,INGRESOS CORRIENTES DE LIBRE DESTINACION,NO APLICA,NO APLICA,NO APLICA,NO APLICA,NO APLICA,NO APLICA,NO APLICA,0.0,380926000.0,0.0,0.0,,,,,,
7707800,20210901,218552585,Pupiales,1.1.01.02.200.01,IMPUESTO DE INDUSTRIA Y COMERCIO - SOBRE ACTIVIDADES COMERCIALES,INGRESOS,INGRESOS CORRIENTES,INGRESOS TRIBUTARIOS,IMPUESTOS INDIRECTOS,IMPUESTO DE INDUSTRIA Y COMERCIO,IMPUESTO DE INDUSTRIA Y COMERCIO - SOBRE ACTIVIDADES COMERCIALES,No Aplica,No Aplica,No Aplica,No Aplica,,,,,,,,2021,Tercer Trimestre,,,292919054.0,NO APLICA,1.2.1.0.00 - INGRESOS CORRIENTES DE LIBRE DESTINACION,NO,NO APLICA,NO APLICA,0,NO APLICA,NO APLICA,NO APLICA,0.0,292919054.0,0.0,0.0,,,,,,
7708526,20210901,218552585,Pupiales,1.1.01,INGRESOS TRIBUTARIOS,INGRESOS,INGRESOS CORRIENTES,INGRESOS TRIBUTARIOS,No Aplica,No Aplica,No Aplica,No Aplica,No Aplica,No Aplica,No Aplica,,,,,,,,2021,Tercer Trimestre,,,1261643188.0,NO APLICA,NO APLICA,NO,NO APLICA,NO APLICA,,NO APLICA,NO APLICA,NO APLICA,0.0,1261643188.0,0.0,0.0,,,,,,
7710529,20210601,218552585,Pupiales,1.1.01.02.212,SOBRETASA BOMBERIL,INGRESOS,INGRESOS CORRIENTES,INGRESOS TRIBUTARIOS,IMPUESTOS INDIRECTOS,SOBRETASA BOMBERIL,No Aplica,No Aplica,No Aplica,No Aplica,No Aplica,,,,,,,,2021,Segundo Trimestre,,,11824195.0,NO APLICA,1.2.3.1.15 - SOBRETASA BOMBERIL,NO,NO APLICA,NO APLICA,0,NO APLICA,NO APLICA,NO APLICA,0.0,11824195.0,0.0,0.0,,,,,,
7711948,20220901,218552585,Pupiales,1.1.02.07.001,DERECHOS POR LA EXPLOTACION JUEGOS DE SUERTE Y AZAR,INGRESOS,INGRESOS CORRIENTES,INGRESOS NO TRIBUTARIOS,PARTICIPACION Y DERECHOS POR MONOPOLIO,DERECHOS POR LA EXPLOTACION JUEGOS DE SUERTE Y AZAR,No Aplica,No Aplica,No Aplica,No Aplica,No Aplica,,,,,,,,2022,Tercer Trimestre,,,212502986.0,NO APLICA,NO APLICA,NO APLICA,NO APLICA,NO APLICA,NO APLICA,NO APLICA,NO APLICA,NO APLICA,161771628.0,50731358.0,0.0,0.0,,,,,,
7712561,20210601,218552585,Pupiales,1.2.10.02,SUPERAVIT FISCAL,INGRESOS,RECURSOS DE CAPITAL,RECURSOS DEL BALANCE,SUPERAVIT FISCAL,No Aplica,No Aplica,No Aplica,No Aplica,No Aplica,No Aplica,,,,,,,,2021,Segundo Trimestre,,,204417345.0,NO APLICA,1.3.3.1.19 - R.B. ESTAMPILLAS,NO,NO APLICA,NO APLICA,0,NO APLICA,NO APLICA,NO APLICA,0.0,204417345.0,0.0,0.0,,,,,,
7714569,20210601,218552585,Pupiales,1.1.02.01,CONTRIBUCIONES,INGRESOS,INGRESOS CORRIENTES,INGRESOS NO TRIBUTARIOS,CONTRIBUCIONES,No Aplica,No Aplica,No Aplica,No Aplica,No Aplica,No Aplica,,,,,,,,2021,Segundo Trimestre,,,7756848.0,NO APLICA,NO APLICA,NO,NO APLICA,NO APLICA,,NO APLICA,NO APLICA,NO APLICA,0.0,7756848.0,0.0,0.0,,,,,,
7716160,20230601,218552585,Pupiales,1.1.01.01.014,SOBRETASA AMBIENTAL,INGRESOS,INGRESOS CORRIENTES,INGRESOS TRIBUTARIOS,IMPUESTOS DIRECTOS,SOBRETASA AMBIENTAL,No Aplica,No Aplica,No Aplica,No Aplica,No Aplica,,,,,,,,2023,Segundo Trimestre,,,54837263.0,NO APLICA,NO APLICA,NO APLICA,NO APLICA,NO APLICA,NO APLICA,NO APLICA,NO APLICA,NO APLICA,0.0,54837263.0,0.0,0.0,,,,,,
7717402,20210901,218552585,Pupiales,1.1.01.02.300.55,ESTAMPILLA PRO CULTURA,INGRESOS,INGRESOS CORRIENTES,INGRESOS TRIBUTARIOS,IMPUESTOS INDIRECTOS,ESTAMPILLAS,ESTAMPILLA PRO CULTURA,No Aplica,No Aplica,No Aplica,No Aplica,,,,,,,,2021,Tercer Trimestre,,,70376608.0,NO APLICA,1.2.3.1.19 - ESTAMPILLAS,NO,NO APLICA,NO APLICA,0,NO APLICA,NO APLICA,NO APLICA,0.0,70376608.0,0.0,0.0,,,,,,
7717983,20221201,218552585,Pupiales,1.2.13.02,RECURSOS NO APROPIADOS,INGRESOS,RECURSOS DE CAPITAL,REINTEGROS Y OTROS RECURSOS NO APROPIADOS,RECURSOS NO APROPIADOS,No Aplica,No Aplica,No Aplica,No Aplica,No Aplica,No Aplica,,,,,,,,2022,Cuarto Trimestre,,,439950149.0,NO APLICA,RECURSOS DEL BALANCE DE DESTINACION ESPECIFICA POR ACTO ADMINISTRATIVO,NO APLICA,NO APLICA,ACUERDO,NO APLICA,NO APLICA,NO APLICA,NO APLICA,0.0,0.0,0.0,439950149.0,,,,,,
7718127,20211201,218552585,Pupiales,1.1.02.06.001.03.01,DEPORTE Y RECREACION,INGRESOS,INGRESOS CORRIENTES,INGRESOS NO TRIBUTARIOS,TRANSFERENCIAS CORRIENTES,SISTEMA GENERAL DE PARTICIPACIONES,PARTICIPACION PARA PROPOSITO GENERAL,DEPORTE Y RECREACION,No Aplica,No Aplica,No Aplica,,,,,,,,2021,Cuarto Trimestre,,,74600841.0,NO APLICA,SGP-PROPOSITO GENERAL-DEPORTE Y RECREACION,NO APLICA,NO APLICA,NO APLICA,NO APLICA,DIRECCION NACIONAL DEL TESORO MINISTERIO DE HACIENDA Y CREDITO PUBLICO,NO APLICA,NO APLICA,0.0,74600841.0,0.0,0.0,,,,,,
7721231,20210601,218552585,Pupiales,1.1.01.01.200.01,IMPUESTO PREDIAL UNIFICADO - URBANO,INGRESOS,INGRESOS CORRIENTES,INGRESOS TRIBUTARIOS,IMPUESTOS DIRECTOS,IMPUESTO PREDIAL UNIFICADO,IMPUESTO PREDIAL UNIFICADO - URBANO,No Aplica,No Aplica,No Aplica,No Aplica,,,,,,,,2021,Segundo Trimestre,,,150193564.0,NO APLICA,1.2.1.0.00 - INGRESOS CORRIENTES DE LIBRE DESTINACION,NO,NO APLICA,NO APLICA,0,NO APLICA,NO APLICA,NO APLICA,0.0,150193564.0,0.0,0.0,,,,,,
7722084,20210301,218552585,Pupiales,1.1.02.03.001.11,SANCIONES TRIBUTARIAS,INGRESOS,INGRESOS CORRIENTES,INGRESOS NO TRIBUTARIOS,"MULTAS, SANCIONES E INTERESES DE MORA",MULTAS Y SANCIONES,SANCIONES TRIBUTARIAS,No Aplica,No Aplica,No Aplica,No Aplica,,,,,,,,2021,Primer Trimestre,,,336100.0,NO APLICA,"1.2.3.2.07 - OTRAS MULTAS, SANCIONES E INTERESES DE MORA",NO,NO APLICA,NO APLICA,0,NO APLICA,NO APLICA,NO APLICA,0.0,336100.0,0.0,0.0,,,,,,
7724693,20221201,218552585,Pupiales,1.1.01.02.300.01,ESTAMPILLA PARA EL BIENESTAR DEL ADULTO MAYOR,INGRESOS,INGRESOS CORRIENTES,INGRESOS TRIBUTARIOS,IMPUESTOS INDIRECTOS,ESTAMPILLAS,ESTAMPILLA PARA EL BIENESTAR DEL ADULTO MAYOR,No Aplica,No Aplica,No Aplica,No Aplica,,,,,,,,2022,Cuarto Trimestre,,,438743514.0,NO APLICA,ESTAMPILLAS,NO APLICA,NO APLICA,NO APLICA,NO APLICA,NO APLICA,NO APLICA,NO APLICA,0.0,438743514.0,0.0,0.0,,,,,,
7729017,20220601,218552585,Pupiales,1.1,INGRESOS CORRIENTES,INGRESOS,INGRESOS CORRIENTES,No Aplica,No Aplica,No Aplica,No Aplica,No Aplica,No Aplica,No Aplica,No Aplica,,,,,,,,2022,Segundo Trimestre,,,14205105964.0,NO APLICA,NO APLICA,NO APLICA,NO APLICA,NO APLICA,NO APLICA,NO APLICA,NO APLICA,NO APLICA,9346864985.0,4858240979.0,0.0,0.0,,,,,,
7729585,20220301,218552585,Pupiales,1.1.01.02.300.55,ESTAMPILLA PRO CULTURA,INGRESOS,INGRESOS CORRIENTES,INGRESOS TRIBUTARIOS,IMPUESTOS INDIRECTOS,ESTAMPILLAS,ESTAMPILLA PRO CULTURA,No Aplica,No Aplica,No Aplica,No Aplica,,,,,,,,2022,Primer Trimestre,,,1484054.0,NO APLICA,ESTAMPILLAS,NO APLICA,NO APLICA,NO APLICA,NO APLICA,NO APLICA,NO APLICA,NO APLICA,0.0,1484054.0,0.0,0.0,,,,,,
7729930,20230901,218552585,Pupiales,1.2.10.02,SUPERAVIT FISCAL,INGRESOS,RECURSOS DE CAPITAL,RECURSOS DEL BALANCE,SUPERAVIT FISCAL,No Aplica,No Aplica,No Aplica,No Aplica,No Aplica,No Aplica,,,,,,,,2023,Tercer Trimestre,,,393842717.0,NO APLICA,R.B. CONTRIBUCION SOBRE CONTRATOS DE OBRA PUBLICA,NO APLICA,NO APLICA,NO APLICA,NO APLICA,PUPIALES,NO APLICA,NO APLICA,0.0,393842717.0,0.0,0.0,,,,,,
7733037,20221201,218552585,Pupiales,1.1.01.02.212,SOBRETASA BOMBERIL,INGRESOS,INGRESOS CORRIENTES,INGRESOS TRIBUTARIOS,IMPUESTOS INDIRECTOS,SOBRETASA BOMBERIL,No Aplica,No Aplica,No Aplica,No Aplica,No Aplica,,,,,,,,2022,Cuarto Trimestre,,,12604457.0,NO APLICA,SOBRETASA BOMBERIL,NO APLICA,NO APLICA,NO APLICA,NO APLICA,NO APLICA,NO APLICA,NO APLICA,0.0,12604457.0,0.0,0.0,,,,,,
7733653,20230601,218552585,Pupiales,1.1.02.06.001.04,ASIGNACIONES ESPECIALES,INGRESOS,INGRESOS CORRIENTES,INGRESOS NO TRIBUTARIOS,TRANSFERENCIAS CORRIENTES,SISTEMA GENERAL DE PARTICIPACIONES,ASIGNACIONES ESPECIALES,No Aplica,No Aplica,No Aplica,No Aplica,,,,,,,,2023,Segundo Trimestre,,,42248171.0,NO APLICA,NO APLICA,NO APLICA,NO APLICA,NO APLICA,NO APLICA,NO APLICA,NO APLICA,NO APLICA,0.0,42248171.0,0.0,0.0,,,,,,
7734810,20210901,218552585,Pupiales,1.1.01.02.214,IMPUESTO DE TRANSPORTE POR OLEODUCTOS Y GASODUCTOS,INGRESOS,INGRESOS CORRIENTES,INGRESOS TRIBUTARIOS,IMPUESTOS INDIRECTOS,IMPUESTO DE TRANSPORTE POR OLEODUCTOS Y GASODUCTOS,No Aplica,No Aplica,No Aplica,No Aplica,No Aplica,,,,,,,,2021,Tercer Trimestre,,,10412832.0,NO APLICA,1.2.3.1.17 - IMPUESTO DE TRANSPORTE POR OLEODUCTOS Y GASODUCTOS,NO,NO APLICA,NO APLICA,0,NO APLICA,NO APLICA,NO APLICA,0.0,10412832.0,0.0,0.0,,,,,,
7738655,20230601,218552585,Pupiales,1.1.02.06.001.04.01,PROGRAMAS DE ALIMENTACION ESCOLAR,INGRESOS,INGRESOS CORRIENTES,INGRESOS NO TRIBUTARIOS,TRANSFERENCIAS CORRIENTES,SISTEMA GENERAL DE PARTICIPACIONES,ASIGNACIONES ESPECIALES,PROGRAMAS DE ALIMENTACION ESCOLAR,No Aplica,No Aplica,No Aplica,,,,,,,,2023,Segundo Trimestre,,,42248171.0,NO APLICA,SGP-ASIGNACION ESPECIAL-PROGRAMAS DE ALIMENTACION ESCOLAR,NO APLICA,NO APLICA,NO APLICA,NO APLICA,NO APLICA,NO APLICA,NO APLICA,0.0,42248171.0,0.0,0.0,,,,,,
7739203,20220601,218552585,Pupiales,1.2.05.02,DEPOSITOS,INGRESOS,RECURSOS DE CAPITAL,RENDIMIENTOS FINANCIEROS,DEPOSITOS,No Aplica,No Aplica,No Aplica,No Aplica,No Aplica,No Aplica,,,,,,,,2022,Segundo Trimestre,,,1100860.0,NO APLICA,OTROS RENDIMIENTOS FINANCIEROS,NO APLICA,NO APLICA,NO APLICA,NO APLICA,NO APLICA,NO APLICA,NO APLICA,0.0,1100860.0,0.0,0.0,,,,,,
7740088,20230601,218552585,Pupiales,1.1.01.02.212,SOBRETASA BOMBERIL,INGRESOS,INGRESOS CORRIENTES,INGRESOS TRIBUTARIOS,IMPUESTOS INDIRECTOS,SOBRETASA BOMBERIL,No Aplica,No Aplica,No Aplica,No Aplica,No Aplica,,,,,,,,2023,Segundo Trimestre,,,8000.0,NO APLICA,SOBRETASA BOMBERIL,NO APLICA,NO APLICA,NO APLICA,NO APLICA,SKYNET DE COLOMBIA S.A. E.S.P.,NO APLICA,NO APLICA,0.0,8000.0,0.0,0.0,,,,,,
7741263,20210901,218552585,Pupiales,1.1.01.01.200,IMPUESTO PREDIAL UNIFICADO,INGRESOS,INGRESOS CORRIENTES,INGRESOS TRIBUTARIOS,IMPUESTOS DIRECTOS,IMPUESTO PREDIAL UNIFICADO,No Aplica,No Aplica,No Aplica,No Aplica,No Aplica,,,,,,,,2021,Tercer Trimestre,,,365443756.0,NO APLICA,NO APLICA,NO,NO APLICA,NO APLICA,,NO APLICA,NO APLICA,NO APLICA,0.0,365443756.0,0.0,0.0,,,,,,
7741758,20210601,218552585,Pupiales,1.1.01.02,IMPUESTOS INDIRECTOS,INGRESOS,INGRESOS CORRIENTES,INGRESOS TRIBUTARIOS,IMPUESTOS INDIRECTOS,No Aplica,No Aplica,No Aplica,No Aplica,No Aplica,No Aplica,,,,,,,,2021,Segundo Trimestre,,,583047390.0,NO APLICA,NO APLICA,NO,NO APLICA,NO APLICA,,NO APLICA,NO APLICA,NO APLICA,0.0,583047390.0,0.0,0.0,,,,,,
7744671,20210301,218552585,Pupiales,1.1.02.06.001.02,PARTICIPACION PARA SALUD,INGRESOS,INGRESOS CORRIENTES,INGRESOS NO TRIBUTARIOS,TRANSFERENCIAS CORRIENTES,SISTEMA GENERAL DE PARTICIPACIONES,PARTICIPACION PARA SALUD,No Aplica,No Aplica,No Aplica,No Aplica,,,,,,,,2021,Primer Trimestre,,,1742513685.0,NO APLICA,NO APLICA,NO,NO APLICA,NO APLICA,,NO APLICA,NO APLICA,NO APLICA,1689589650.0,52924035.0,0.0,0.0,,,,,,
7747276,20220301,218552585,Pupiales,1.1.02.06.003.01.02,PARTICIPACION DEL IMPUESTO SOBRE VEHICULOS AUTOMOTORES,INGRESOS,INGRESOS CORRIENTES,INGRESOS NO TRIBUTARIOS,TRANSFERENCIAS CORRIENTES,PARTICIPACIONES DISTINTAS DEL SGP,PARTICIPACION EN IMPUESTOS,PARTICIPACION DEL IMPUESTO SOBRE VEHICULOS AUTOMOTORES,No Aplica,No Aplica,No Aplica,,,,,,,,2022,Primer Trimestre,,,19441737.0,NO APLICA,IMPUESTO SOBRE VEHICULOS AUTOMOTORES CON DESTINACION ESPECIFICA LEGAL,NO APLICA,NO APLICA,NO APLICA,NO APLICA,DEPARTAMENTO DE NARIÑO,NO APLICA,NO APLICA,0.0,19441737.0,0.0,0.0,,,,,,
7748207,20221201,218552585,Pupiales,1.1.02.06.001.02,PARTICIPACION PARA SALUD,INGRESOS,INGRESOS CORRIENTES,INGRESOS NO TRIBUTARIOS,TRANSFERENCIAS CORRIENTES,SISTEMA GENERAL DE PARTICIPACIONES,PARTICIPACION PARA SALUD,No Aplica,No Aplica,No Aplica,No Aplica,,,,,,,,2022,Cuarto Trimestre,,,7121379738.0,NO APLICA,NO APLICA,NO APLICA,NO APLICA,NO APLICA,NO APLICA,NO APLICA,NO APLICA,NO APLICA,6884914538.0,236465200.0,0.0,0.0,,,,,,
7749044,20230601,218552585,Pupiales,1.2.10.02,SUPERAVIT FISCAL,INGRESOS,RECURSOS DE CAPITAL,RECURSOS DEL BALANCE,SUPERAVIT FISCAL,No Aplica,No Aplica,No Aplica,No Aplica,No Aplica,No Aplica,,,,,,,,2023,Segundo Trimestre,,,270650847.0,NO APLICA,R.B. ESTAMPILLAS,NO APLICA,NO APLICA,NO APLICA,NO APLICA,PUPIALES,NO APLICA,NO APLICA,0.0,270650847.0,0.0,0.0,,,,,,
7750347,20211201,218552585,Pupiales,1.1.02.05.002.07,SERVICIOS FINANCIEROS Y SERVICIOS CONEXOS; SERVICIOS INMOBILIARIOS; Y SERVICIOS DE ARRENDAMIENTO Y LEASING,INGRESOS,INGRESOS CORRIENTES,INGRESOS NO TRIBUTARIOS,VENTA DE BIENES Y SERVICIOS,VENTAS INCIDENTALES DE ESTABLECIMIENTOS NO DE MERCADO,SERVICIOS FINANCIEROS Y SERVICIOS CONEXOS; SERVICIOS INMOBILIARIOS; Y SERVICIOS DE ARRENDAMIENTO Y LEASING,No Aplica,No Aplica,No Aplica,No Aplica,,,,,,,,2021,Cuarto Trimestre,,,14181380.0,OTROS SERVICIOS DIVERSOS N C P,VENTA DE BIENES Y SERVICIOS CON DESTINACION ESPECIFICA LEGAL,NO APLICA,NO APLICA,NO APLICA,NO APLICA,NO APLICA,NO APLICA,NO APLICA,0.0,14181380.0,0.0,0.0,,,,,,
7750475,20220901,218552585,Pupiales,1.1.02.03.002,INTERESES DE MORA,INGRESOS,INGRESOS CORRIENTES,INGRESOS NO TRIBUTARIOS,"MULTAS, SANCIONES E INTERESES DE MORA",INTERESES DE MORA,No Aplica,No Aplica,No Aplica,No Aplica,No Aplica,,,,,,,,2022,Tercer Trimestre,,,199889.0,NO APLICA,"OTRAS MULTAS, SANCIONES E INTERESES DE MORA CON DESTINACION ESPECIFICA LEGAL",NO APLICA,NO APLICA,NO APLICA,NO APLICA,NO APLICA,NO APLICA,NO APLICA,0.0,199889.0,0.0,0.0,,,,,,
7752906,20210301,218552585,Pupiales,1.1.01.01.014.01,SOBRETASA AMBIENTAL - URBANO,INGRESOS,INGRESOS CORRIENTES,INGRESOS TRIBUTARIOS,IMPUESTOS DIRECTOS,SOBRETASA AMBIENTAL,SOBRETASA AMBIENTAL - URBANO,No Aplica,No Aplica,No Aplica,No Aplica,,,,,,,,2021,Primer Trimestre,,,32528973.0,NO APLICA,1.2.3.1.01 - SOBRETASA / PARTICIPACION AMBIENTAL - CORPORACIONES AUTONOMAS REGIONALES,NO,NO APLICA,NO APLICA,0,NO APLICA,NO APLICA,NO APLICA,0.0,32528973.0,0.0,0.0,,,,,,
7755843,20220601,218552585,Pupiales,1.1.02.06.001.03,PARTICIPACION PARA PROPOSITO GENERAL,INGRESOS,INGRESOS CORRIENTES,INGRESOS NO TRIBUTARIOS,TRANSFERENCIAS CORRIENTES,SISTEMA GENERAL DE PARTICIPACIONES,PARTICIPACION PARA PROPOSITO GENERAL,No Aplica,No Aplica,No Aplica,No Aplica,,,,,,,,2022,Segundo Trimestre,,,2024442534.0,NO APLICA,NO APLICA,NO APLICA,NO APLICA,NO APLICA,NO APLICA,NO APLICA,NO APLICA,NO APLICA,0.0,2024442534.0,0.0,0.0,,,,,,
7755874,20230601,218552585,Pupiales,1.1.01.02.200.02,IMPUESTO DE INDUSTRIA Y COMERCIO - SOBRE ACTIVIDADES INDUSTRIALES,INGRESOS,INGRESOS CORRIENTES,INGRESOS TRIBUTARIOS,IMPUESTOS INDIRECTOS,IMPUESTO DE INDUSTRIA Y COMERCIO,IMPUESTO DE INDUSTRIA Y COMERCIO - SOBRE ACTIVIDADES INDUSTRIALES,No Aplica,No Aplica,No Aplica,No Aplica,,,,,,,,2023,Segundo Trimestre,,,8698250.0,NO APLICA,INGRESOS CORRIENTES DE LIBRE DESTINACION,NO APLICA,NO APLICA,NO APLICA,NO APLICA,NO APLICA,NO APLICA,NO APLICA,0.0,8698250.0,0.0,0.0,,,,,,
7756681,20230301,218552585,Pupiales,1.1.02.06.001.03.02,CULTURA,INGRESOS,INGRESOS CORRIENTES,INGRESOS NO TRIBUTARIOS,TRANSFERENCIAS CORRIENTES,SISTEMA GENERAL DE PARTICIPACIONES,PARTICIPACION PARA PROPOSITO GENERAL,CULTURA,No Aplica,No Aplica,No Aplica,,,,,,,,2023,Primer Trimestre,,,9645624.0,NO APLICA,SGP-PROPOSITO GENERAL-CULTURA,NO APLICA,NO APLICA,NO APLICA,NO APLICA,TESORO NACIONAL,NO APLICA,NO APLICA,0.0,9645624.0,0.0,0.0,,,,,,
7760039,20220901,218552585,Pupiales,1.2.05.02,DEPOSITOS,INGRESOS,RECURSOS DE CAPITAL,RENDIMIENTOS FINANCIEROS,DEPOSITOS,No Aplica,No Aplica,No Aplica,No Aplica,No Aplica,No Aplica,,,,,,,,2022,Tercer Trimestre,,,280224.0,NO APLICA,R.F. SGP - AGUA POTABLE Y SANEAMIENTO BASICO,NO APLICA,NO APLICA,NO APLICA,NO APLICA,DIRECCION NACIONAL DEL TESORO MINISTERIO DE HACIENDA Y CREDITO PUBLICO,NO APLICA,NO APLICA,0.0,280224.0,0.0,0.0,,,,,,
7767777,20221201,218552585,Pupiales,1.1.01.02.200.02,IMPUESTO DE INDUSTRIA Y COMERCIO - SOBRE ACTIVIDADES INDUSTRIALES,INGRESOS,INGRESOS CORRIENTES,INGRESOS TRIBUTARIOS,IMPUESTOS INDIRECTOS,IMPUESTO DE INDUSTRIA Y COMERCIO,IMPUESTO DE INDUSTRIA Y COMERCIO - SOBRE ACTIVIDADES INDUSTRIALES,No Aplica,No Aplica,No Aplica,No Aplica,,,,,,,,2022,Cuarto Trimestre,,,6256000.0,NO APLICA,INGRESOS CORRIENTES DE LIBRE DESTINACION,NO APLICA,NO APLICA,NO APLICA,NO APLICA,NO APLICA,NO APLICA,NO APLICA,0.0,6256000.0,0.0,0.0,,,,,,
7770769,20230601,218552585,Pupiales,1.2,RECURSOS DE CAPITAL,INGRESOS,RECURSOS DE CAPITAL,No Aplica,No Aplica,No Aplica,No Aplica,No Aplica,No Aplica,No Aplica,No Aplica,,,,,,,,2023,Segundo Trimestre,,,1660385488.0,NO APLICA,NO APLICA,NO APLICA,NO APLICA,NO APLICA,NO APLICA,NO APLICA,NO APLICA,NO APLICA,0.0,1660385488.0,0.0,0.0,,,,,,
7775470,20221201,218552585,Pupiales,1.2.12,RETIROS FONPET,INGRESOS,RECURSOS DE CAPITAL,RETIROS FONPET,No Aplica,No Aplica,No Aplica,No Aplica,No Aplica,No Aplica,No Aplica,,,,,,,,2022,Cuarto Trimestre,,,232854785.0,NO APLICA,NO APLICA,NO APLICA,NO APLICA,NO APLICA,NO APLICA,NO APLICA,NO APLICA,NO APLICA,232854785.0,0.0,0.0,0.0,,,,,,
7777564,20221201,218552585,Pupiales,1.2,RECURSOS DE CAPITAL,INGRESOS,RECURSOS DE CAPITAL,No Aplica,No Aplica,No Aplica,No Aplica,No Aplica,No Aplica,No Aplica,No Aplica,,,,,,,,2022,Cuarto Trimestre,,,1870537783.0,NO APLICA,NO APLICA,NO APLICA,NO APLICA,NO APLICA,NO APLICA,NO APLICA,NO APLICA,NO APLICA,232854785.0,3587204.0,0.0,1634095794.0,,,,,,
7778025,20210901,218552585,Pupiales,1.1.02.06.001.02.02,SALUD PUBLICA,INGRESOS,INGRESOS CORRIENTES,INGRESOS NO TRIBUTARIOS,TRANSFERENCIAS CORRIENTES,SISTEMA GENERAL DE PARTICIPACIONES,PARTICIPACION PARA SALUD,SALUD PUBLICA,No Aplica,No Aplica,No Aplica,,,,,,,,2021,Tercer Trimestre,,,158411799.0,NO APLICA,1.2.4.2.02 - SGP-SALUD-SALUD PUBLICA,NO,NO APLICA,NO APLICA,0,DIRECCION NACIONAL DEL TESORO MINISTERIO DE HACIENDA Y CREDITO PUBLICO,NO APLICA,NO APLICA,0.0,158411799.0,0.0,0.0,,,,,,
7779134,20230901,218552585,Pupiales,1.1.02.06,TRANSFERENCIAS CORRIENTES,INGRESOS,INGRESOS CORRIENTES,INGRESOS NO TRIBUTARIOS,TRANSFERENCIAS CORRIENTES,No Aplica,No Aplica,No Aplica,No Aplica,No Aplica,No Aplica,,,,,,,,2023,Tercer Trimestre,,,21495809038.0,NO APLICA,NO APLICA,NO APLICA,NO APLICA,NO APLICA,NO APLICA,NO APLICA,NO APLICA,NO APLICA,0.0,21495809038.0,0.0,0.0,,,,,,
7779584,20230901,218552585,Pupiales,1.1.01.02.200.03,IMPUESTO DE INDUSTRIA Y COMERCIO - SOBRE ACTIVIDADES DE SERVICIOS,INGRESOS,INGRESOS CORRIENTES,INGRESOS TRIBUTARIOS,IMPUESTOS INDIRECTOS,IMPUESTO DE INDUSTRIA Y COMERCIO,IMPUESTO DE INDUSTRIA Y COMERCIO - SOBRE ACTIVIDADES DE SERVICIOS,No Aplica,No Aplica,No Aplica,No Aplica,,,,,,,,2023,Tercer Trimestre,,,39201601.0,NO APLICA,INGRESOS CORRIENTES DE LIBRE DESTINACION,NO APLICA,NO APLICA,NO APLICA,NO APLICA,NO APLICA,NO APLICA,NO APLICA,0.0,39201601.0,0.0,0.0,,,,,,
7781241,20230601,218552585,Pupiales,1.1.01.02,IMPUESTOS INDIRECTOS,INGRESOS,INGRESOS CORRIENTES,INGRESOS TRIBUTARIOS,IMPUESTOS INDIRECTOS,No Aplica,No Aplica,No Aplica,No Aplica,No Aplica,No Aplica,,,,,,,,2023,Segundo Trimestre,,,695149114.0,NO APLICA,NO APLICA,NO APLICA,NO APLICA,NO APLICA,NO APLICA,NO APLICA,NO APLICA,NO APLICA,0.0,695149114.0,0.0,0.0,,,,,,
7784156,20230301,218552585,Pupiales,1.1.01.01.014,SOBRETASA AMBIENTAL,INGRESOS,INGRESOS CORRIENTES,INGRESOS TRIBUTARIOS,IMPUESTOS DIRECTOS,SOBRETASA AMBIENTAL,No Aplica,No Aplica,No Aplica,No Aplica,No Aplica,,,,,,,,2023,Primer Trimestre,,,4504385.0,NO APLICA,NO APLICA,NO APLICA,NO APLICA,NO APLICA,NO APLICA,NO APLICA,NO APLICA,NO APLICA,0.0,4504385.0,0.0,0.0,,,,,,
7786259,20221201,218552585,Pupiales,1.1.02.07.001,DERECHOS POR LA EXPLOTACION JUEGOS DE SUERTE Y AZAR,INGRESOS,INGRESOS CORRIENTES,INGRESOS NO TRIBUTARIOS,PARTICIPACION Y DERECHOS POR MONOPOLIO,DERECHOS POR LA EXPLOTACION JUEGOS DE SUERTE Y AZAR,No Aplica,No Aplica,No Aplica,No Aplica,No Aplica,,,,,,,,2022,Cuarto Trimestre,,,254043349.0,NO APLICA,NO APLICA,NO APLICA,NO APLICA,NO APLICA,NO APLICA,NO APLICA,NO APLICA,NO APLICA,192445454.0,61597895.0,0.0,0.0,,,,,,
7786608,20230301,218552585,Pupiales,1.1.01.02.109,SOBRETASA A LA GASOLINA,INGRESOS,INGRESOS CORRIENTES,INGRESOS TRIBUTARIOS,IMPUESTOS INDIRECTOS,SOBRETASA A LA GASOLINA,No Aplica,No Aplica,No Aplica,No Aplica,No Aplica,,,,,,,,2023,Primer Trimestre,,,37693000.0,NO APLICA,INGRESOS CORRIENTES DE LIBRE DESTINACION,NO APLICA,NO APLICA,NO APLICA,NO APLICA,NO APLICA,NO APLICA,NO APLICA,0.0,37693000.0,0.0,0.0,,,,,,
7787841,20230901,218552585,Pupiales,1.1.01.02.200.01,IMPUESTO DE INDUSTRIA Y COMERCIO - SOBRE ACTIVIDADES COMERCIALES,INGRESOS,INGRESOS CORRIENTES,INGRESOS TRIBUTARIOS,IMPUESTOS INDIRECTOS,IMPUESTO DE INDUSTRIA Y COMERCIO,IMPUESTO DE INDUSTRIA Y COMERCIO - SOBRE ACTIVIDADES COMERCIALES,No Aplica,No Aplica,No Aplica,No Aplica,,,,,,,,2023,Tercer Trimestre,,,1380624.0,NO APLICA,INGRESOS CORRIENTES DE LIBRE DESTINACION,NO APLICA,NO APLICA,NO APLICA,NO APLICA,E.S.P. EMPRESA DE SERVICIOS PUBLICOS VARIOS DE PUPIALES,NO APLICA,NO APLICA,0.0,1380624.0,0.0,0.0,,,,,,
7788346,20220301,218552585,Pupiales,1.1,INGRESOS CORRIENTES,INGRESOS,INGRESOS CORRIENTES,No Aplica,No Aplica,No Aplica,No Aplica,No Aplica,No Aplica,No Aplica,No Aplica,,,,,,,,2022,Primer Trimestre,,,5879119384.0,NO APLICA,NO APLICA,NO APLICA,NO APLICA,NO APLICA,NO APLICA,NO APLICA,NO APLICA,NO APLICA,4566856177.0,1312263207.0,0.0,0.0,,,,,,
7789916,20230601,218552585,Pupiales,1.1.02.06.003,PARTICIPACIONES DISTINTAS DEL SGP,INGRESOS,INGRESOS CORRIENTES,INGRESOS NO TRIBUTARIOS,TRANSFERENCIAS CORRIENTES,PARTICIPACIONES DISTINTAS DEL SGP,No Aplica,No Aplica,No Aplica,No Aplica,No Aplica,,,,,,,,2023,Segundo Trimestre,,,35188253.0,NO APLICA,NO APLICA,NO APLICA,NO APLICA,NO APLICA,NO APLICA,NO APLICA,NO APLICA,NO APLICA,0.0,35188253.0,0.0,0.0,,,,,,
7793035,20221201,218552585,Pupiales,1.1.02.03.001,MULTAS Y SANCIONES,INGRESOS,INGRESOS CORRIENTES,INGRESOS NO TRIBUTARIOS,"MULTAS, SANCIONES E INTERESES DE MORA",MULTAS Y SANCIONES,No Aplica,No Aplica,No Aplica,No Aplica,No Aplica,,,,,,,,2022,Cuarto Trimestre,,,66646169.0,NO APLICA,NO APLICA,NO APLICA,NO APLICA,NO APLICA,NO APLICA,NO APLICA,NO APLICA,NO APLICA,0.0,66646169.0,0.0,0.0,,,,,,
7793574,20210901,218552585,Pupiales,1.1.02.06.001.04.01,PROGRAMAS DE ALIMENTACION ESCOLAR,INGRESOS,INGRESOS CORRIENTES,INGRESOS NO TRIBUTARIOS,TRANSFERENCIAS CORRIENTES,SISTEMA GENERAL DE PARTICIPACIONES,ASIGNACIONES ESPECIALES,PROGRAMAS DE ALIMENTACION ESCOLAR,No Aplica,No Aplica,No Aplica,,,,,,,,2021,Tercer Trimestre,,,62870907.0,NO APLICA,1.2.4.4.01 - SGP-ASIGNACION ESPECIAL-PROGRAMAS DE ALIMENTACION ESCOLAR,NO,NO APLICA,NO APLICA,0,DIRECCION NACIONAL DEL TESORO MINISTERIO DE HACIENDA Y CREDITO PUBLICO,NO APLICA,NO APLICA,0.0,62870907.0,0.0,0.0,,,,,,
7794611,20211201,218552585,Pupiales,1.2.01.02.003,DISPOSICION DE ACTIVOS NO PRODUCIDOS,INGRESOS,RECURSOS DE CAPITAL,DISPOSICION DE ACTIVOS,DISPOSICION DE ACTIVOS NO FINANCIEROS,DISPOSICION DE ACTIVOS NO PRODUCIDOS,No Aplica,No Aplica,No Aplica,No Aplica,No Aplica,,,,,,,,2021,Cuarto Trimestre,,,242000000.0,NO APLICA,NO APLICA,NO APLICA,NO APLICA,NO APLICA,NO APLICA,NO APLICA,NO APLICA,NO APLICA,0.0,242000000.0,0.0,0.0,,,,,,
7795504,20220901,218552585,Pupiales,1.2.12,RETIROS FONPET,INGRESOS,RECURSOS DE CAPITAL,RETIROS FONPET,No Aplica,No Aplica,No Aplica,No Aplica,No Aplica,No Aplica,No Aplica,,,,,,,,2022,Tercer Trimestre,,,88614147.0,NO APLICA,NO APLICA,NO APLICA,NO APLICA,NO APLICA,NO APLICA,NO APLICA,NO APLICA,NO APLICA,88614147.0,0.0,0.0,0.0,,,,,,
7803012,20230601,218552585,Pupiales,1.1.02.06.006.06,OTRAS UNIDADES DE GOBIERNO,INGRESOS,INGRESOS CORRIENTES,INGRESOS NO TRIBUTARIOS,TRANSFERENCIAS CORRIENTES,TRANSFERENCIAS DE OTRAS ENTIDADES DEL GOBIERNO GENERAL,OTRAS UNIDADES DE GOBIERNO,No Aplica,No Aplica,No Aplica,No Aplica,,,,,,,,2023,Segundo Trimestre,,,393552345.0,NO APLICA,PARTICIPACIONES DISTINTAS DEL SGP CON DESTINACION ESPECIFICA LEGAL,NO APLICA,NO APLICA,NO APLICA,NO APLICA,MINISTERIO DE SALUD Y PROTECCION SOCIAL,NO APLICA,NO APLICA,0.0,393552345.0,0.0,0.0,,,,,,
7804333,20211201,218552585,Pupiales,1.1.01.02.214,IMPUESTO DE TRANSPORTE POR OLEODUCTOS Y GASODUCTOS,INGRESOS,INGRESOS CORRIENTES,INGRESOS TRIBUTARIOS,IMPUESTOS INDIRECTOS,IMPUESTO DE TRANSPORTE POR OLEODUCTOS Y GASODUCTOS,No Aplica,No Aplica,No Aplica,No Aplica,No Aplica,,,,,,,,2021,Cuarto Trimestre,,,24888892.0,NO APLICA,IMPUESTO DE TRANSPORTE POR OLEODUCTOS Y GASODUCTOS,NO APLICA,NO APLICA,NO APLICA,NO APLICA,NO APLICA,NO APLICA,NO APLICA,0.0,24888892.0,0.0,0.0,,,,,,
7804462,20221201,218552585,Pupiales,1.2.12.10,POR LA DEVOLUCION DE RECURSOS SGP PROPOSITO GENERAL,INGRESOS,RECURSOS DE CAPITAL,RETIROS FONPET,POR LA DEVOLUCION DE RECURSOS SGP PROPOSITO GENERAL,No Aplica,No Aplica,No Aplica,No Aplica,No Aplica,No Aplica,,,,,,,,2022,Cuarto Trimestre,,,232854785.0,NO APLICA,SGP-PROPOSITO GENERAL-PROPOSITO GENERAL LIBRE INVERSION,NO APLICA,NO APLICA,NO APLICA,NO APLICA,DIRECCION NACIONAL DEL TESORO MINISTERIO DE HACIENDA Y CREDITO PUBLICO,NO APLICA,NO APLICA,232854785.0,0.0,0.0,0.0,,,,,,
7810496,20220601,218552585,Pupiales,1.1.01.02,IMPUESTOS INDIRECTOS,INGRESOS,INGRESOS CORRIENTES,INGRESOS TRIBUTARIOS,IMPUESTOS INDIRECTOS,No Aplica,No Aplica,No Aplica,No Aplica,No Aplica,No Aplica,,,,,,,,2022,Segundo Trimestre,,,637352858.0,NO APLICA,NO APLICA,NO APLICA,NO APLICA,NO APLICA,NO APLICA,NO APLICA,NO APLICA,NO APLICA,0.0,637352858.0,0.0,0.0,,,,,,
7811652,20220901,218552585,Pupiales,1.1.02.06.006,TRANSFERENCIAS DE OTRAS ENTIDADES DEL GOBIERNO GENERAL,INGRESOS,INGRESOS CORRIENTES,INGRESOS NO TRIBUTARIOS,TRANSFERENCIAS CORRIENTES,TRANSFERENCIAS DE OTRAS ENTIDADES DEL GOBIERNO GENERAL,No Aplica,No Aplica,No Aplica,No Aplica,No Aplica,,,,,,,,2022,Tercer Trimestre,,,507119251.0,NO APLICA,NO APLICA,NO APLICA,NO APLICA,NO APLICA,NO APLICA,NO APLICA,NO APLICA,NO APLICA,507119251.0,0.0,0.0,0.0,,,,,,
7811844,20230901,218552585,Pupiales,1.2.05.02,DEPOSITOS,INGRESOS,RECURSOS DE CAPITAL,RENDIMIENTOS FINANCIEROS,DEPOSITOS,No Aplica,No Aplica,No Aplica,No Aplica,No Aplica,No Aplica,,,,,,,,2023,Tercer Trimestre,,,7541465.0,NO APLICA,R.F. DISTINTOS AL SGP,NO APLICA,NO APLICA,NO APLICA,NO APLICA,PUPIALES,NO APLICA,NO APLICA,0.0,7541465.0,0.0,0.0,,,,,,
7812880,20230301,218552585,Pupiales,1.1.01.01.200,IMPUESTO PREDIAL UNIFICADO,INGRESOS,INGRESOS CORRIENTES,INGRESOS TRIBUTARIOS,IMPUESTOS DIRECTOS,IMPUESTO PREDIAL UNIFICADO,No Aplica,No Aplica,No Aplica,No Aplica,No Aplica,,,,,,,,2023,Primer Trimestre,,,18720715.0,NO APLICA,NO APLICA,NO APLICA,NO APLICA,NO APLICA,NO APLICA,NO APLICA,NO APLICA,NO APLICA,0.0,18720715.0,0.0,0.0,,,,,,
7814631,20230301,218552585,Pupiales,1.1.02.01.005.59,CONTRIBUCION ESPECIAL SOBRE CONTRATOS DE OBRAS PUBLICAS,INGRESOS,INGRESOS CORRIENTES,INGRESOS NO TRIBUTARIOS,CONTRIBUCIONES,CONTRIBUCIONES DIVERSAS,CONTRIBUCION ESPECIAL SOBRE CONTRATOS DE OBRAS PUBLICAS,No Aplica,No Aplica,No Aplica,No Aplica,,,,,,,,2023,Primer Trimestre,,,107426486.0,NO APLICA,IMPUESTO DE TRANSPORTE POR OLEODUCTOS Y GASODUCTOS,NO APLICA,NO APLICA,NO APLICA,NO APLICA,EL PEÑOL - NARIÑO,NO APLICA,NO APLICA,0.0,107426486.0,0.0,0.0,,,,,,
7818605,20210301,218552585,Pupiales,1.2.10.02,SUPERAVIT FISCAL,INGRESOS,RECURSOS DE CAPITAL,RECURSOS DEL BALANCE,SUPERAVIT FISCAL,No Aplica,No Aplica,No Aplica,No Aplica,No Aplica,No Aplica,,,,,,,,2021,Primer Trimestre,,,10538226.0,NO APLICA,1.3.3.2.01 - R.B. CONTRIBUCION SOBRE CONTRATOS DE OBRA PUBLICA,NO,NO APLICA,NO APLICA,0,NO APLICA,NO APLICA,NO APLICA,0.0,0.0,0.0,10538226.0,,,,,,
7818631,20221201,218552585,Pupiales,1.1.01.01.014.02,SOBRETASA AMBIENTAL -RURAL,INGRESOS,INGRESOS CORRIENTES,INGRESOS TRIBUTARIOS,IMPUESTOS DIRECTOS,SOBRETASA AMBIENTAL,SOBRETASA AMBIENTAL -RURAL,No Aplica,No Aplica,No Aplica,No Aplica,,,,,,,,2022,Cuarto Trimestre,,,40351999.0,NO APLICA,SOBRETASA - PARTICIPACION AMBIENTAL - CORPORACIONES AUTONOMAS REGIONALES,NO APLICA,NO APLICA,NO APLICA,NO APLICA,NO APLICA,NO APLICA,NO APLICA,0.0,40351999.0,0.0,0.0,,,,,,
7819824,20210901,218552585,Pupiales,1.1.02.06.001.01.03.01,CALIDADPOR MATRICULA OFICIAL,INGRESOS,INGRESOS CORRIENTES,INGRESOS NO TRIBUTARIOS,TRANSFERENCIAS CORRIENTES,SISTEMA GENERAL DE PARTICIPACIONES,PARTICIPACION PARA EDUCACION,CALIDAD,CALIDADPOR MATRICULA OFICIAL,No Aplica,No Aplica,,,,,,,,2021,Tercer Trimestre,,,159799725.0,NO APLICA,1.2.4.1.03 - SGP-EDUCACION-CALIDAD  POR MATRICULA OFICIAL,NO,NO APLICA,NO APLICA,0,DIRECCION NACIONAL DEL TESORO MINISTERIO DE HACIENDA Y CREDITO PUBLICO,NO APLICA,NO APLICA,0.0,159799725.0,0.0,0.0,,,,,,
7820830,20211201,218552585,Pupiales,1.2,RECURSOS DE CAPITAL,INGRESOS,RECURSOS DE CAPITAL,No Aplica,No Aplica,No Aplica,No Aplica,No Aplica,No Aplica,No Aplica,No Aplica,,,,,,,,2021,Cuarto Trimestre,,,3899989684.0,NO APLICA,NO APLICA,NO APLICA,NO APLICA,NO APLICA,NO APLICA,NO APLICA,NO APLICA,NO APLICA,93251059.0,3806738625.0,0.0,0.0,,,,,,
7824680,20211201,218552585,Pupiales,1.1.02.06.003,PARTICIPACIONES DISTINTAS DEL SGP,INGRESOS,INGRESOS CORRIENTES,INGRESOS NO TRIBUTARIOS,TRANSFERENCIAS CORRIENTES,PARTICIPACIONES DISTINTAS DEL SGP,No Aplica,No Aplica,No Aplica,No Aplica,No Aplica,,,,,,,,2021,Cuarto Trimestre,,,61870030.0,NO APLICA,NO APLICA,NO APLICA,NO APLICA,NO APLICA,NO APLICA,NO APLICA,NO APLICA,NO APLICA,0.0,61870030.0,0.0,0.0,,,,,,
7831242,20221201,218552585,Pupiales,1.2.10.02,SUPERAVIT FISCAL,INGRESOS,RECURSOS DE CAPITAL,RECURSOS DEL BALANCE,SUPERAVIT FISCAL,No Aplica,No Aplica,No Aplica,No Aplica,No Aplica,No Aplica,,,,,,,,2022,Cuarto Trimestre,,,43307563.0,NO APLICA,R.B. SGP-ASIGNACION ESPECIAL-PROGRAMAS DE ALIMENTACION ESCOLAR,NO APLICA,NO APLICA,ACUERDO,NO APLICA,DIRECCION NACIONAL DEL TESORO MINISTERIO DE HACIENDA Y CREDITO PUBLICO,NO APLICA,NO APLICA,0.0,0.0,0.0,43307563.0,,,,,,
7833996,20230301,218552585,Pupiales,1.1.02.05.002.09,"SERVICIOS PARA LA COMUNIDAD, SOCIALES Y PERSONALES",INGRESOS,INGRESOS CORRIENTES,INGRESOS NO TRIBUTARIOS,VENTA DE BIENES Y SERVICIOS,VENTAS INCIDENTALES DE ESTABLECIMIENTOS NO DE MERCADO,"SERVICIOS PARA LA COMUNIDAD, SOCIALES Y PERSONALES",No Aplica,No Aplica,No Aplica,No Aplica,,,,,,,,2023,Primer Trimestre,,,2778000.0,OTROS SERVICIOS DIVERSOS N C P,INGRESOS CORRIENTES DE LIBRE DESTINACION,NO APLICA,NO APLICA,NO APLICA,NO APLICA,NO APLICA,NO APLICA,NO APLICA,0.0,2778000.0,0.0,0.0,,,,,,
7834109,20210601,218552585,Pupiales,1.1.02.06.003.01.02,PARTICIPACION DEL IMPUESTO SOBRE VEHICULOS AUTOMOTORES,INGRESOS,INGRESOS CORRIENTES,INGRESOS NO TRIBUTARIOS,TRANSFERENCIAS CORRIENTES,PARTICIPACIONES DISTINTAS DEL SGP,PARTICIPACION EN IMPUESTOS,PARTICIPACION DEL IMPUESTO SOBRE VEHICULOS AUTOMOTORES,No Aplica,No Aplica,No Aplica,,,,,,,,2021,Segundo Trimestre,,,35575234.0,NO APLICA,1.2.3.1.03 - IMPUESTO SOBRE VEHICULOS AUTOMOTORES,NO,NO APLICA,NO APLICA,0,DEPARTAMENTO DE NARIÑO,NO APLICA,NO APLICA,0.0,35575234.0,0.0,0.0,,,,,,
7834231,20221201,218552585,Pupiales,1.1.02.06.009,RECURSOS DEL SISTEMA DE SEGURIDAD SOCIAL INTEGRAL,INGRESOS,INGRESOS CORRIENTES,INGRESOS NO TRIBUTARIOS,TRANSFERENCIAS CORRIENTES,RECURSOS DEL SISTEMA DE SEGURIDAD SOCIAL INTEGRAL,No Aplica,No Aplica,No Aplica,No Aplica,No Aplica,,,,,,,,2022,Cuarto Trimestre,,,10717123033.0,NO APLICA,NO APLICA,NO APLICA,NO APLICA,NO APLICA,NO APLICA,NO APLICA,NO APLICA,NO APLICA,10717123033.0,0.0,0.0,0.0,,,,,,
7836797,20210901,218552585,Pupiales,1.1.02.03.001,MULTAS Y SANCIONES,INGRESOS,INGRESOS CORRIENTES,INGRESOS NO TRIBUTARIOS,"MULTAS, SANCIONES E INTERESES DE MORA",MULTAS Y SANCIONES,No Aplica,No Aplica,No Aplica,No Aplica,No Aplica,,,,,,,,2021,Tercer Trimestre,,,38295959.0,NO APLICA,NO APLICA,NO,NO APLICA,NO APLICA,,NO APLICA,NO APLICA,NO APLICA,0.0,38295959.0,0.0,0.0,,,,,,
7837886,20210901,218552585,Pupiales,1.2.10.02,SUPERAVIT FISCAL,INGRESOS,RECURSOS DE CAPITAL,RECURSOS DEL BALANCE,SUPERAVIT FISCAL,No Aplica,No Aplica,No Aplica,No Aplica,No Aplica,No Aplica,,,,,,,,2021,Tercer Trimestre,,,10538226.0,NO APLICA,1.3.3.2.01 - R.B. CONTRIBUCION SOBRE CONTRATOS DE OBRA PUBLICA,NO,NO APLICA,NO APLICA,0,OTRO,NO APLICA,NO APLICA,0.0,10538226.0,0.0,0.0,,,,,,
7838226,20221201,218552585,Pupiales,1.2.10.02,SUPERAVIT FISCAL,INGRESOS,RECURSOS DE CAPITAL,RECURSOS DEL BALANCE,SUPERAVIT FISCAL,No Aplica,No Aplica,No Aplica,No Aplica,No Aplica,No Aplica,,,,,,,,2022,Cuarto Trimestre,,,482807431.0,NO APLICA,R.B. ESTAMPILLAS,NO APLICA,NO APLICA,ACUERDO,NO APLICA,NO APLICA,NO APLICA,NO APLICA,0.0,0.0,0.0,482807431.0,,,,,,
7838240,20210601,218552585,Pupiales,1.1.02.06.001.03.03,PROPOSITO GENERAL LIBRE INVERSION,INGRESOS,INGRESOS CORRIENTES,INGRESOS NO TRIBUTARIOS,TRANSFERENCIAS CORRIENTES,SISTEMA GENERAL DE PARTICIPACIONES,PARTICIPACION PARA PROPOSITO GENERAL,PROPOSITO GENERAL LIBRE INVERSION,No Aplica,No Aplica,No Aplica,,,,,,,,2021,Segundo Trimestre,,,796655535.0,NO APLICA,1.2.4.3.03 - SGP-PROPOSITO GENERAL-PROPOSITO GENERAL LIBRE INVERSION,NO,NO APLICA,NO APLICA,0,DIRECCION NACIONAL DEL TESORO MINISTERIO DE HACIENDA Y CREDITO PUBLICO,NO APLICA,NO APLICA,0.0,796655535.0,0.0,0.0,,,,,,
7840660,20230901,218552585,Pupiales,1.1.02.03.001,MULTAS Y SANCIONES,INGRESOS,INGRESOS CORRIENTES,INGRESOS NO TRIBUTARIOS,"MULTAS, SANCIONES E INTERESES DE MORA",MULTAS Y SANCIONES,No Aplica,No Aplica,No Aplica,No Aplica,No Aplica,,,,,,,,2023,Tercer Trimestre,,,10505479.0,NO APLICA,NO APLICA,NO APLICA,NO APLICA,NO APLICA,NO APLICA,NO APLICA,NO APLICA,NO APLICA,0.0,10505479.0,0.0,0.0,,,,,,
7843714,20210301,218552585,Pupiales,1.1.02.06.006,TRANSFERENCIAS DE OTRAS ENTIDADES DEL GOBIERNO GENERAL,INGRESOS,INGRESOS CORRIENTES,INGRESOS NO TRIBUTARIOS,TRANSFERENCIAS CORRIENTES,TRANSFERENCIAS DE OTRAS ENTIDADES DEL GOBIERNO GENERAL,No Aplica,No Aplica,No Aplica,No Aplica,No Aplica,,,,,,,,2021,Primer Trimestre,,,118044133.0,NO APLICA,NO APLICA,NO,NO APLICA,NO APLICA,,NO APLICA,NO APLICA,NO APLICA,0.0,118044133.0,0.0,0.0,,,,,,
7845005,20221201,218552585,Pupiales,1.1.01.02,IMPUESTOS INDIRECTOS,INGRESOS,INGRESOS CORRIENTES,INGRESOS TRIBUTARIOS,IMPUESTOS INDIRECTOS,No Aplica,No Aplica,No Aplica,No Aplica,No Aplica,No Aplica,,,,,,,,2022,Cuarto Trimestre,,,1489452081.0,NO APLICA,NO APLICA,NO APLICA,NO APLICA,NO APLICA,NO APLICA,NO APLICA,NO APLICA,NO APLICA,0.0,1489452081.0,0.0,0.0,,,,,,
7845564,20230601,218552585,Pupiales,1.1.02.06.003.01.02,PARTICIPACION DEL IMPUESTO SOBRE VEHICULOS AUTOMOTORES,INGRESOS,INGRESOS CORRIENTES,INGRESOS NO TRIBUTARIOS,TRANSFERENCIAS CORRIENTES,PARTICIPACIONES DISTINTAS DEL SGP,PARTICIPACION EN IMPUESTOS,PARTICIPACION DEL IMPUESTO SOBRE VEHICULOS AUTOMOTORES,No Aplica,No Aplica,No Aplica,,,,,,,,2023,Segundo Trimestre,,,35188253.0,NO APLICA,INGRESOS CORRIENTES DE LIBRE DESTINACION,NO APLICA,NO APLICA,NO APLICA,NO APLICA,NO APLICA,NO APLICA,NO APLICA,0.0,35188253.0,0.0,0.0,,,,,,
7848286,20220901,218552585,Pupiales,1.1.02.03,"MULTAS, SANCIONES E INTERESES DE MORA",INGRESOS,INGRESOS CORRIENTES,INGRESOS NO TRIBUTARIOS,"MULTAS, SANCIONES E INTERESES DE MORA",No Aplica,No Aplica,No Aplica,No Aplica,No Aplica,No Aplica,,,,,,,,2022,Tercer Trimestre,,,62265499.0,NO APLICA,NO APLICA,NO APLICA,NO APLICA,NO APLICA,NO APLICA,NO APLICA,NO APLICA,NO APLICA,0.0,62265499.0,0.0,0.0,,,,,,
7852567,20220301,218552585,Pupiales,1.1.02.06.009.01,SISTEMA GENERAL DE SEGURIDAD SOCIAL EN SALUD,INGRESOS,INGRESOS CORRIENTES,INGRESOS NO TRIBUTARIOS,TRANSFERENCIAS CORRIENTES,RECURSOS DEL SISTEMA DE SEGURIDAD SOCIAL INTEGRAL,SISTEMA GENERAL DE SEGURIDAD SOCIAL EN SALUD,No Aplica,No Aplica,No Aplica,No Aplica,,,,,,,,2022,Primer Trimestre,,,2773234020.0,NO APLICA,NO APLICA,NO APLICA,NO APLICA,NO APLICA,NO APLICA,NO APLICA,NO APLICA,NO APLICA,2773234020.0,0.0,0.0,0.0,,,,,,
7853021,20211201,218552585,Pupiales,1.1.02.06.001.03.02,CULTURA,INGRESOS,INGRESOS CORRIENTES,INGRESOS NO TRIBUTARIOS,TRANSFERENCIAS CORRIENTES,SISTEMA GENERAL DE PARTICIPACIONES,PARTICIPACION PARA PROPOSITO GENERAL,CULTURA,No Aplica,No Aplica,No Aplica,,,,,,,,2021,Cuarto Trimestre,,,55950635.0,NO APLICA,SGP-PROPOSITO GENERAL-CULTURA,NO APLICA,NO APLICA,NO APLICA,NO APLICA,DIRECCION NACIONAL DEL TESORO MINISTERIO DE HACIENDA Y CREDITO PUBLICO,NO APLICA,NO APLICA,0.0,55950635.0,0.0,0.0,,,,,,
7853521,20221201,218552585,Pupiales,1.1.01.01.014,SOBRETASA AMBIENTAL,INGRESOS,INGRESOS CORRIENTES,INGRESOS TRIBUTARIOS,IMPUESTOS DIRECTOS,SOBRETASA AMBIENTAL,No Aplica,No Aplica,No Aplica,No Aplica,No Aplica,,,,,,,,2022,Cuarto Trimestre,,,70958057.0,NO APLICA,NO APLICA,NO APLICA,NO APLICA,NO APLICA,NO APLICA,NO APLICA,NO APLICA,NO APLICA,0.0,70958057.0,0.0,0.0,,,,,,
7854000,20221201,218552585,Pupiales,1.1.02.03.001.20.01,MULTAS CODIGO NACIONAL DE SEGURIDAD Y CONVIVENCIA CIUDADANA - MULTAS GENERALES,INGRESOS,INGRESOS CORRIENTES,INGRESOS NO TRIBUTARIOS,"MULTAS, SANCIONES E INTERESES DE MORA",MULTAS Y SANCIONES,MULTAS CODIGO NACIONAL DE SEGURIDAD Y CONVIVENCIA CIUDADANA,MULTAS CODIGO NACIONAL DE SEGURIDAD Y CONVIVENCIA CIUDADANA - MULTAS GENERALES,No Aplica,No Aplica,No Aplica,,,,,,,,2022,Cuarto Trimestre,,,15761315.0,NO APLICA,MULTAS CODIGO NACIONAL DE POLICIA Y CONVIVENCIA,NO APLICA,NO APLICA,NO APLICA,NO APLICA,NO APLICA,NO APLICA,NO APLICA,0.0,15761315.0,0.0,0.0,,,,,,
7856377,20230301,218552585,Pupiales,1.1.02.06.001.02.02,SALUD PUBLICA,INGRESOS,INGRESOS CORRIENTES,INGRESOS NO TRIBUTARIOS,TRANSFERENCIAS CORRIENTES,SISTEMA GENERAL DE PARTICIPACIONES,PARTICIPACION PARA SALUD,SALUD PUBLICA,No Aplica,No Aplica,No Aplica,,,,,,,,2023,Primer Trimestre,,,32252967.0,NO APLICA,SGP-SALUD-SALUD PUBLICA,NO APLICA,NO APLICA,NO APLICA,NO APLICA,MINISTERIO DE SALUD Y PROTECCION SOCIAL,NO APLICA,NO APLICA,0.0,32252967.0,0.0,0.0,,,,,,
7861606,20220601,218552585,Pupiales,1.1.02.06.001.04.01,PROGRAMAS DE ALIMENTACION ESCOLAR,INGRESOS,INGRESOS CORRIENTES,INGRESOS NO TRIBUTARIOS,TRANSFERENCIAS CORRIENTES,SISTEMA GENERAL DE PARTICIPACIONES,ASIGNACIONES ESPECIALES,PROGRAMAS DE ALIMENTACION ESCOLAR,No Aplica,No Aplica,No Aplica,,,,,,,,2022,Segundo Trimestre,,,31645930.0,NO APLICA,SGP-ASIGNACION ESPECIAL-PROGRAMAS DE ALIMENTACION ESCOLAR,NO APLICA,NO APLICA,NO APLICA,NO APLICA,DIRECCION NACIONAL DEL TESORO MINISTERIO DE HACIENDA Y CREDITO PUBLICO,NO APLICA,NO APLICA,0.0,31645930.0,0.0,0.0,,,,,,
7863350,20220601,218552585,Pupiales,1.1.01.01.200,IMPUESTO PREDIAL UNIFICADO,INGRESOS,INGRESOS CORRIENTES,INGRESOS TRIBUTARIOS,IMPUESTOS DIRECTOS,IMPUESTO PREDIAL UNIFICADO,No Aplica,No Aplica,No Aplica,No Aplica,No Aplica,,,,,,,,2022,Segundo Trimestre,,,271153141.0,NO APLICA,NO APLICA,NO APLICA,NO APLICA,NO APLICA,NO APLICA,NO APLICA,NO APLICA,NO APLICA,0.0,271153141.0,0.0,0.0,,,,,,
7864212,20230901,218552585,Pupiales,1.1.01.02.214,IMPUESTO DE TRANSPORTE POR OLEODUCTOS Y GASODUCTOS,INGRESOS,INGRESOS CORRIENTES,INGRESOS TRIBUTARIOS,IMPUESTOS INDIRECTOS,IMPUESTO DE TRANSPORTE POR OLEODUCTOS Y GASODUCTOS,No Aplica,No Aplica,No Aplica,No Aplica,No Aplica,,,,,,,,2023,Tercer Trimestre,,,26150838.0,NO APLICA,INGRESOS CORRIENTES DE LIBRE DESTINACION,NO APLICA,NO APLICA,NO APLICA,NO APLICA,NO APLICA,NO APLICA,NO APLICA,0.0,26150838.0,0.0,0.0,,,,,,
7867368,20230601,218552585,Pupiales,1.2.10.02,SUPERAVIT FISCAL,INGRESOS,RECURSOS DE CAPITAL,RECURSOS DEL BALANCE,SUPERAVIT FISCAL,No Aplica,No Aplica,No Aplica,No Aplica,No Aplica,No Aplica,,,,,,,,2023,Segundo Trimestre,,,48016669.0,NO APLICA,R.B. DERECHOS POR LA EXPLOTACION JUEGOS DE SUERTE Y AZAR,NO APLICA,NO APLICA,NO APLICA,NO APLICA,PUPIALES,NO APLICA,NO APLICA,0.0,48016669.0,0.0,0.0,,,,,,
7868308,20230601,218552585,Pupiales,1.1.01.02.201,IMPUESTO COMPLEMENTARIO DE AVISOS Y TABLEROS,INGRESOS,INGRESOS CORRIENTES,INGRESOS TRIBUTARIOS,IMPUESTOS INDIRECTOS,IMPUESTO COMPLEMENTARIO DE AVISOS Y TABLEROS,No Aplica,No Aplica,No Aplica,No Aplica,No Aplica,,,,,,,,2023,Segundo Trimestre,,,7452000.0,NO APLICA,INGRESOS CORRIENTES DE LIBRE DESTINACION,NO APLICA,NO APLICA,NO APLICA,NO APLICA,E.S.P. CENTRALES ELECTRICAS DE NARIÑO S.A.,NO APLICA,NO APLICA,0.0,7452000.0,0.0,0.0,,,,,,
7869299,20211201,218552585,Pupiales,1.1.01.02.300.55,ESTAMPILLA PRO CULTURA,INGRESOS,INGRESOS CORRIENTES,INGRESOS TRIBUTARIOS,IMPUESTOS INDIRECTOS,ESTAMPILLAS,ESTAMPILLA PRO CULTURA,No Aplica,No Aplica,No Aplica,No Aplica,,,,,,,,2021,Cuarto Trimestre,,,150093135.0,NO APLICA,ESTAMPILLAS,NO APLICA,NO APLICA,NO APLICA,NO APLICA,NO APLICA,NO APLICA,NO APLICA,0.0,150093135.0,0.0,0.0,,,,,,
7877052,20210601,218552585,Pupiales,1.2.10,RECURSOS DEL BALANCE,INGRESOS,RECURSOS DE CAPITAL,RECURSOS DEL BALANCE,No Aplica,No Aplica,No Aplica,No Aplica,No Aplica,No Aplica,No Aplica,,,,,,,,2021,Segundo Trimestre,,,901621098.0,NO APLICA,NO APLICA,NO,NO APLICA,NO APLICA,,NO APLICA,NO APLICA,NO APLICA,0.0,901621098.0,0.0,0.0,,,,,,
7878876,20210901,218552585,Pupiales,1.1.01.01.014,SOBRETASA AMBIENTAL,INGRESOS,INGRESOS CORRIENTES,INGRESOS TRIBUTARIOS,IMPUESTOS DIRECTOS,SOBRETASA AMBIENTAL,No Aplica,No Aplica,No Aplica,No Aplica,No Aplica,,,,,,,,2021,Tercer Trimestre,,,67705719.0,NO APLICA,NO APLICA,NO,NO APLICA,NO APLICA,,NO APLICA,NO APLICA,NO APLICA,0.0,67705719.0,0.0,0.0,,,,,,
7879459,20220901,218552585,Pupiales,1.2.10.02,SUPERAVIT FISCAL,INGRESOS,RECURSOS DE CAPITAL,RECURSOS DEL BALANCE,SUPERAVIT FISCAL,No Aplica,No Aplica,No Aplica,No Aplica,No Aplica,No Aplica,,,,,,,,2022,Tercer Trimestre,,,135330440.0,NO APLICA,R.B. CONTRIBUCION SOBRE CONTRATOS DE OBRA PUBLICA,NO APLICA,NO APLICA,ACUERDO,NO APLICA,NO APLICA,NO APLICA,NO APLICA,0.0,0.0,0.0,135330440.0,,,,,,
7879801,20211201,218552585,Pupiales,1.1.02.06.006.06,OTRAS UNIDADES DE GOBIERNO,INGRESOS,INGRESOS CORRIENTES,INGRESOS NO TRIBUTARIOS,TRANSFERENCIAS CORRIENTES,TRANSFERENCIAS DE OTRAS ENTIDADES DEL GOBIERNO GENERAL,OTRAS UNIDADES DE GOBIERNO,No Aplica,No Aplica,No Aplica,No Aplica,,,,,,,,2021,Cuarto Trimestre,,,7522192.0,NO APLICA,IMPUESTO AL CONSUMO DE CIGARRILLOS Y TABACO,NO APLICA,NO APLICA,NO APLICA,NO APLICA,DEPARTAMENTO DE NARIÑO,NO APLICA,NO APLICA,0.0,7522192.0,0.0,0.0,,,,,,
7882453,20210601,218552585,Pupiales,1.1.02.03,"MULTAS, SANCIONES E INTERESES DE MORA",INGRESOS,INGRESOS CORRIENTES,INGRESOS NO TRIBUTARIOS,"MULTAS, SANCIONES E INTERESES DE MORA",No Aplica,No Aplica,No Aplica,No Aplica,No Aplica,No Aplica,,,,,,,,2021,Segundo Trimestre,,,33941244.0,NO APLICA,NO APLICA,NO,NO APLICA,NO APLICA,,NO APLICA,NO APLICA,NO APLICA,0.0,33941244.0,0.0,0.0,,,,,,
7884473,20210301,218552585,Pupiales,1.1.02.06.001,SISTEMA GENERAL DE PARTICIPACIONES,INGRESOS,INGRESOS CORRIENTES,INGRESOS NO TRIBUTARIOS,TRANSFERENCIAS CORRIENTES,SISTEMA GENERAL DE PARTICIPACIONES,No Aplica,No Aplica,No Aplica,No Aplica,No Aplica,,,,,,,,2021,Primer Trimestre,,,2681443281.0,NO APLICA,NO APLICA,NO,NO APLICA,NO APLICA,,NO APLICA,NO APLICA,NO APLICA,1689589650.0,991853631.0,0.0,0.0,,,,,,
7885012,20230601,218552585,Pupiales,1.1.02.06.009.01,SISTEMA GENERAL DE SEGURIDAD SOCIAL EN SALUD,INGRESOS,INGRESOS CORRIENTES,INGRESOS NO TRIBUTARIOS,TRANSFERENCIAS CORRIENTES,RECURSOS DEL SISTEMA DE SEGURIDAD SOCIAL INTEGRAL,SISTEMA GENERAL DE SEGURIDAD SOCIAL EN SALUD,No Aplica,No Aplica,No Aplica,No Aplica,,,,,,,,2023,Segundo Trimestre,,,6812270132.0,NO APLICA,NO APLICA,NO APLICA,NO APLICA,NO APLICA,NO APLICA,NO APLICA,NO APLICA,NO APLICA,0.0,6812270132.0,0.0,0.0,,,,,,
7885280,20211201,218552585,Pupiales,1.1.02.05.002.09,"SERVICIOS PARA LA COMUNIDAD, SOCIALES Y PERSONALES",INGRESOS,INGRESOS CORRIENTES,INGRESOS NO TRIBUTARIOS,VENTA DE BIENES Y SERVICIOS,VENTAS INCIDENTALES DE ESTABLECIMIENTOS NO DE MERCADO,"SERVICIOS PARA LA COMUNIDAD, SOCIALES Y PERSONALES",No Aplica,No Aplica,No Aplica,No Aplica,,,,,,,,2021,Cuarto Trimestre,,,29065567.0,OTROS SERVICIOS DIVERSOS N C P,VENTA DE BIENES Y SERVICIOS CON DESTINACION ESPECIFICA LEGAL,NO APLICA,NO APLICA,NO APLICA,NO APLICA,NO APLICA,NO APLICA,NO APLICA,0.0,29065567.0,0.0,0.0,,,,,,
7887375,20211201,218552585,Pupiales,1.1.01.01.200.01,IMPUESTO PREDIAL UNIFICADO - URBANO,INGRESOS,INGRESOS CORRIENTES,INGRESOS TRIBUTARIOS,IMPUESTOS DIRECTOS,IMPUESTO PREDIAL UNIFICADO,IMPUESTO PREDIAL UNIFICADO - URBANO,No Aplica,No Aplica,No Aplica,No Aplica,,,,,,,,2021,Cuarto Trimestre,,,185144745.0,NO APLICA,INGRESOS CORRIENTES DE LIBRE DESTINACION,NO APLICA,NO APLICA,NO APLICA,NO APLICA,NO APLICA,NO APLICA,NO APLICA,0.0,185144745.0,0.0,0.0,,,,,,
7887666,20220301,218552585,Pupiales,1.1.02.06.001.03.04,"PROPOSITO GENERAL LIBRE DESTINACION MUNICIPIOS CATEGORIAS 4, 5 Y 6",INGRESOS,INGRESOS CORRIENTES,INGRESOS NO TRIBUTARIOS,TRANSFERENCIAS CORRIENTES,SISTEMA GENERAL DE PARTICIPACIONES,PARTICIPACION PARA PROPOSITO GENERAL,"PROPOSITO GENERAL LIBRE DESTINACION MUNICIPIOS CATEGORIAS 4, 5 Y 6",No Aplica,No Aplica,No Aplica,,,,,,,,2022,Primer Trimestre,,,303184136.0,NO APLICA,"SGP-PROPOSITO GENERAL-LIBRE DESTINACION MUNICIPIOS CATEGORIAS 4, 5 Y 6",NO APLICA,NO APLICA,NO APLICA,NO APLICA,DIRECCION NACIONAL DEL TESORO MINISTERIO DE HACIENDA Y CREDITO PUBLICO,NO APLICA,NO APLICA,0.0,303184136.0,0.0,0.0,,,,,,
7888647,20230901,218552585,Pupiales,1.1.01.02.300.55,ESTAMPILLA PRO CULTURA,INGRESOS,INGRESOS CORRIENTES,INGRESOS TRIBUTARIOS,IMPUESTOS INDIRECTOS,ESTAMPILLAS,ESTAMPILLA PRO CULTURA,No Aplica,No Aplica,No Aplica,No Aplica,,,,,,,,2023,Tercer Trimestre,,,9524633.0,NO APLICA,ESTAMPILLAS,NO APLICA,NO APLICA,NO APLICA,NO APLICA,E.S.P. EMPRESA DE SERVICIOS PUBLICOS VARIOS DE PUPIALES,NO APLICA,NO APLICA,0.0,9524633.0,0.0,0.0,,,,,,
7890036,20211201,218552585,Pupiales,1.1.02.07.001,DERECHOS POR LA EXPLOTACION JUEGOS DE SUERTE Y AZAR,INGRESOS,INGRESOS CORRIENTES,INGRESOS NO TRIBUTARIOS,PARTICIPACION Y DERECHOS POR MONOPOLIO,DERECHOS POR LA EXPLOTACION JUEGOS DE SUERTE Y AZAR,No Aplica,No Aplica,No Aplica,No Aplica,No Aplica,,,,,,,,2021,Cuarto Trimestre,,,186350803.0,NO APLICA,NO APLICA,NO APLICA,NO APLICA,NO APLICA,NO APLICA,NO APLICA,NO APLICA,NO APLICA,0.0,186350803.0,0.0,0.0,,,,,,
7891821,20221201,218552585,Pupiales,1.1.02.06.001.01.03.01,CALIDADPOR MATRICULA OFICIAL,INGRESOS,INGRESOS CORRIENTES,INGRESOS NO TRIBUTARIOS,TRANSFERENCIAS CORRIENTES,SISTEMA GENERAL DE PARTICIPACIONES,PARTICIPACION PARA EDUCACION,CALIDAD,CALIDADPOR MATRICULA OFICIAL,No Aplica,No Aplica,,,,,,,,2022,Cuarto Trimestre,,,208219751.0,NO APLICA,SGP-EDUCACION-CALIDAD  POR MATRICULA OFICIAL,NO APLICA,NO APLICA,NO APLICA,NO APLICA,DIRECCION NACIONAL DEL TESORO MINISTERIO DE HACIENDA Y CREDITO PUBLICO,NO APLICA,NO APLICA,0.0,208219751.0,0.0,0.0,,,,,,
7893235,20230901,218552585,Pupiales,1.2.10.02,SUPERAVIT FISCAL,INGRESOS,RECURSOS DE CAPITAL,RECURSOS DEL BALANCE,SUPERAVIT FISCAL,No Aplica,No Aplica,No Aplica,No Aplica,No Aplica,No Aplica,,,,,,,,2023,Tercer Trimestre,,,48016669.0,NO APLICA,R.B. DERECHOS POR LA EXPLOTACION JUEGOS DE SUERTE Y AZAR,NO APLICA,NO APLICA,NO APLICA,NO APLICA,PUPIALES,NO APLICA,NO APLICA,0.0,48016669.0,0.0,0.0,,,,,,
7893822,20220301,218552585,Pupiales,1.1.02.06.001.03.03,PROPOSITO GENERAL LIBRE INVERSION,INGRESOS,INGRESOS CORRIENTES,INGRESOS NO TRIBUTARIOS,TRANSFERENCIAS CORRIENTES,SISTEMA GENERAL DE PARTICIPACIONES,PARTICIPACION PARA PROPOSITO GENERAL,PROPOSITO GENERAL LIBRE INVERSION,No Aplica,No Aplica,No Aplica,,,,,,,,2022,Primer Trimestre,,,369521428.0,NO APLICA,SGP-PROPOSITO GENERAL-PROPOSITO GENERAL LIBRE INVERSION,NO APLICA,NO APLICA,NO APLICA,NO APLICA,DIRECCION NACIONAL DEL TESORO MINISTERIO DE HACIENDA Y CREDITO PUBLICO,NO APLICA,NO APLICA,0.0,369521428.0,0.0,0.0,,,,,,
7895402,20210901,218552585,Pupiales,1.1.02.06.006.06,OTRAS UNIDADES DE GOBIERNO,INGRESOS,INGRESOS CORRIENTES,INGRESOS NO TRIBUTARIOS,TRANSFERENCIAS CORRIENTES,TRANSFERENCIAS DE OTRAS ENTIDADES DEL GOBIERNO GENERAL,OTRAS UNIDADES DE GOBIERNO,No Aplica,No Aplica,No Aplica,No Aplica,,,,,,,,2021,Tercer Trimestre,,,7522192.0,NO APLICA,1.2.3.1.10 - IMPUESTO AL CONSUMO DE CIGARRILLOS Y TABACO,NO,NO APLICA,NO APLICA,0,DEPARTAMENTO DE NARIÑO,NO APLICA,NO APLICA,0.0,7522192.0,0.0,0.0,,,,,,
7899760,20220901,218552585,Pupiales,1.1.02.06.001.05,AGUA POTABLE Y SANEAMIENTO BASICO,INGRESOS,INGRESOS CORRIENTES,INGRESOS NO TRIBUTARIOS,TRANSFERENCIAS CORRIENTES,SISTEMA GENERAL DE PARTICIPACIONES,AGUA POTABLE Y SANEAMIENTO BASICO,No Aplica,No Aplica,No Aplica,No Aplica,,,,,,,,2022,Tercer Trimestre,,,784067491.0,NO APLICA,SGP-AGUA POTABLE Y SANEAMIENTO BASICO,NO APLICA,NO APLICA,NO APLICA,NO APLICA,DIRECCION NACIONAL DEL TESORO MINISTERIO DE HACIENDA Y CREDITO PUBLICO,NO APLICA,NO APLICA,127906482.0,656161009.0,0.0,0.0,,,,,,
7901420,20230901,218552585,Pupiales,1.2.10.02,SUPERAVIT FISCAL,INGRESOS,RECURSOS DE CAPITAL,RECURSOS DEL BALANCE,SUPERAVIT FISCAL,No Aplica,No Aplica,No Aplica,No Aplica,No Aplica,No Aplica,,,,,,,,2023,Tercer Trimestre,,,17486628.0,NO APLICA,R.B. SGP-ASIGNACION-ATENCION INTEGRAL DE LA PRIMERA INFANCIA,NO APLICA,NO APLICA,NO APLICA,NO APLICA,PUPIALES,NO APLICA,NO APLICA,0.0,17486628.0,0.0,0.0,,,,,,
7901758,20220601,218552585,Pupiales,1.1.02.06.001.04,ASIGNACIONES ESPECIALES,INGRESOS,INGRESOS CORRIENTES,INGRESOS NO TRIBUTARIOS,TRANSFERENCIAS CORRIENTES,SISTEMA GENERAL DE PARTICIPACIONES,ASIGNACIONES ESPECIALES,No Aplica,No Aplica,No Aplica,No Aplica,,,,,,,,2022,Segundo Trimestre,,,31645930.0,NO APLICA,NO APLICA,NO APLICA,NO APLICA,NO APLICA,NO APLICA,NO APLICA,NO APLICA,NO APLICA,0.0,31645930.0,0.0,0.0,,,,,,
7903438,20230301,218552585,Pupiales,1.1.02.06.001.02,PARTICIPACION PARA SALUD,INGRESOS,INGRESOS CORRIENTES,INGRESOS NO TRIBUTARIOS,TRANSFERENCIAS CORRIENTES,SISTEMA GENERAL DE PARTICIPACIONES,PARTICIPACION PARA SALUD,No Aplica,No Aplica,No Aplica,No Aplica,,,,,,,,2023,Primer Trimestre,,,670862697.0,NO APLICA,NO APLICA,NO APLICA,NO APLICA,NO APLICA,NO APLICA,NO APLICA,NO APLICA,NO APLICA,638609730.0,32252967.0,0.0,0.0,,,,,,
7904684,20230601,218552585,Pupiales,1.2.05.02,DEPOSITOS,INGRESOS,RECURSOS DE CAPITAL,RENDIMIENTOS FINANCIEROS,DEPOSITOS,No Aplica,No Aplica,No Aplica,No Aplica,No Aplica,No Aplica,,,,,,,,2023,Segundo Trimestre,,,4454501.0,NO APLICA,R.F. DISTINTOS AL SGP,NO APLICA,NO APLICA,NO APLICA,NO APLICA,NO APLICA,NO APLICA,NO APLICA,0.0,4454501.0,0.0,0.0,,,,,,
7905558,20220301,218552585,Pupiales,1.1.01.02.200,IMPUESTO DE INDUSTRIA Y COMERCIO,INGRESOS,INGRESOS CORRIENTES,INGRESOS TRIBUTARIOS,IMPUESTOS INDIRECTOS,IMPUESTO DE INDUSTRIA Y COMERCIO,No Aplica,No Aplica,No Aplica,No Aplica,No Aplica,,,,,,,,2022,Primer Trimestre,,,135636610.0,NO APLICA,NO APLICA,NO APLICA,NO APLICA,NO APLICA,NO APLICA,NO APLICA,NO APLICA,NO APLICA,0.0,135636610.0,0.0,0.0,,,,,,
7905727,20230301,218552585,Pupiales,1.1.01.02.201,IMPUESTO COMPLEMENTARIO DE AVISOS Y TABLEROS,INGRESOS,INGRESOS CORRIENTES,INGRESOS TRIBUTARIOS,IMPUESTOS INDIRECTOS,IMPUESTO COMPLEMENTARIO DE AVISOS Y TABLEROS,No Aplica,No Aplica,No Aplica,No Aplica,No Aplica,,,,,,,,2023,Primer Trimestre,,,2020000.0,NO APLICA,INGRESOS CORRIENTES DE LIBRE DESTINACION,NO APLICA,NO APLICA,NO APLICA,NO APLICA,E.S.P. CENTRALES ELECTRICAS DE NARIÑO S.A.,NO APLICA,NO APLICA,0.0,2020000.0,0.0,0.0,,,,,,
7907723,20210601,218552585,Pupiales,1.1.01.02.300,ESTAMPILLAS,INGRESOS,INGRESOS CORRIENTES,INGRESOS TRIBUTARIOS,IMPUESTOS INDIRECTOS,ESTAMPILLAS,No Aplica,No Aplica,No Aplica,No Aplica,No Aplica,,,,,,,,2021,Segundo Trimestre,,,72923444.0,NO APLICA,NO APLICA,NO,NO APLICA,NO APLICA,,NO APLICA,NO APLICA,NO APLICA,0.0,72923444.0,0.0,0.0,,,,,,
7908316,20220901,218552585,Pupiales,1.2.10.02,SUPERAVIT FISCAL,INGRESOS,RECURSOS DE CAPITAL,RECURSOS DEL BALANCE,SUPERAVIT FISCAL,No Aplica,No Aplica,No Aplica,No Aplica,No Aplica,No Aplica,,,,,,,,2022,Tercer Trimestre,,,482807431.0,NO APLICA,R.B. ESTAMPILLAS,NO APLICA,NO APLICA,ACUERDO,NO APLICA,NO APLICA,NO APLICA,NO APLICA,0.0,0.0,0.0,482807431.0,,,,,,
7919457,20211201,218552585,Pupiales,2.3.3.01.02.004.03,SUBSIDIOS DE ASEO,GASTOS,INVERSION,TRANSFERENCIAS CORRIENTES,SUBVENCIONES,A EMPRESAS PUBLICAS NO FINANCIERAS,SUBVENCIONES PARA SERVICIOS PUBLICOS DOMICILIARIOS DE AGUA POTABLE Y SANEAMIENTO BASICO,SUBSIDIOS DE ASEO,No Aplica,No Aplica,No Aplica,VIGENCIA ACTUAL,ENTIDADES TERRITORIALES - ADMINISTRACION CENTRAL,SERVICIO DE APOYO FINANCIERO PARA SUBSIDIOS AL CONSUMO EN LOS SERVICIOS PUBLICOS DOMICILIARIOS,2021525850015,NO DEFINIDO,,,2021,Cuarto Trimestre,,,,NO APLICA,SGP-AGUA POTABLE Y SANEAMIENTO BASICO,,,,,,NO APLICA,,,,,,CON SITUACION DE FONDOS,DIRECCION NACIONAL DEL TESORO MINISTERIO DE HACIENDA Y CREDITO PUBLICO,NO DEFINIDO,160000000.0,160000000.0,160000000.0
7923205,20230301,218552585,Pupiales,2.1.3.05.04.001,PARTICIPACIONES DE IMPUESTOS,GASTOS,FUNCIONAMIENTO,TRANSFERENCIAS CORRIENTES,A ENTIDADES DEL GOBIERNO,PARTICIPACIONES DISTINTAS DEL SGP,PARTICIPACIONES DE IMPUESTOS,No Aplica,No Aplica,No Aplica,No Aplica,CUENTAS POR PAGAR,ENTIDADES TERRITORIALES - ADMINISTRACION CENTRAL,NO DEFINIDO,No Aplica,NO DEFINIDO,,,2023,Primer Trimestre,,,,NO DEFINIDO,NO DEFINIDO,,,,,,NO DEFINIDO,,,,,,NO DEFINIDO,NO DEFINIDO,NO DEFINIDO,481959.0,481959.0,481959.0
7923688,20210601,218552585,Pupiales,2.1.1.01.03.003,BONIFICACION DE DIRECCION PARA GOBERNADORES Y ALCALDES,GASTOS,FUNCIONAMIENTO,GASTOS DE PERSONAL,PLANTA DE PERSONAL PERMANENTE,REMUNERACIONES NO CONSTITUTIVAS DE FACTOR SALARIAL,BONIFICACION DE DIRECCION PARA GOBERNADORES Y ALCALDES,No Aplica,No Aplica,No Aplica,No Aplica,VIGENCIA ACTUAL,ENTIDADES TERRITORIALES - ADMINISTRACION CENTRAL,NO APLICA,No Aplica,NO DEFINIDO,,,2021,Segundo Trimestre,,,,NO APLICA,1.2.1.0.00 - INGRESOS CORRIENTES DE LIBRE DESTINACION,,,,,,NO APLICA,,,,,,CON SITUACION DE FONDOS,NO APLICA,NO DEFINIDO,11364373.0,11364373.0,11364373.0
7927523,20230601,218552585,Pupiales,2.3.1.01.01.001.01,SUELDO BASICO,GASTOS,INVERSION,GASTOS DE PERSONAL,PLANTA DE PERSONAL PERMANENTE,FACTORES CONSTITUTIVOS DE SALARIO,FACTORES SALARIALES COMUNES,SUELDO BASICO,No Aplica,No Aplica,No Aplica,VIGENCIA ACTUAL,ENTIDADES TERRITORIALES - ADMINISTRACION CENTRAL,VIA TERCIARIA MEJORADA,No Aplica,NO DEFINIDO,,,2023,Segundo Trimestre,,,,NO APLICA,INGRESOS CORRIENTES DE LIBRE DESTINACION,,,,,,NO APLICA,,,,,,CON SITUACION DE FONDOS,NO APLICA,NO APLICA,25004477.0,25004477.0,25004477.0
7929152,20221201,218552585,Pupiales,2.3.2.02.02.009,"SERVICIOS PARA LA COMUNIDAD, SOCIALES Y PERSONALES",GASTOS,INVERSION,ADQUISICION DE BIENES Y SERVICIOS,ADQUISICIONES DIFERENTES DE ACTIVOS,ADQUISICION DE SERVICIOS,"SERVICIOS PARA LA COMUNIDAD, SOCIALES Y PERSONALES",No Aplica,No Aplica,No Aplica,No Aplica,VIGENCIA ACTUAL,ENTIDADES TERRITORIALES - ADMINISTRACION CENTRAL,SERVICIO DE ASISTENCIA TECNICA4503003,No Aplica,NO DEFINIDO,,,2022,Cuarto Trimestre,,,,OTROS SERVICIOS DE LA ADMINISTRACION PUBLICA N C P,SGP-PROPOSITO GENERAL-PROPOSITO GENERAL LIBRE INVERSION,,,,,,NO APLICA,,,,,,CON SITUACION DE FONDOS,DIRECCION NACIONAL DEL TESORO MINISTERIO DE HACIENDA Y CREDITO PUBLICO,NO APLICA,22000000.0,22000000.0,22000000.0
7935127,20221201,218552585,Pupiales,2.1.1.01,PLANTA DE PERSONAL PERMANENTE,GASTOS,FUNCIONAMIENTO,GASTOS DE PERSONAL,PLANTA DE PERSONAL PERMANENTE,No Aplica,No Aplica,No Aplica,No Aplica,No Aplica,No Aplica,VIGENCIA ACTUAL,ENTIDADES TERRITORIALES - CONCEJO,NO DEFINIDO,No Aplica,NO DEFINIDO,,,2022,Cuarto Trimestre,,,,NO DEFINIDO,NO DEFINIDO,,,,,,NO DEFINIDO,,,,,,NO DEFINIDO,NO DEFINIDO,NO DEFINIDO,186284648.0,186284648.0,186284648.0
7935851,20221201,218552585,Pupiales,2.1.1.01.01.001.08.02,PRIMA DE VACACIONES,GASTOS,FUNCIONAMIENTO,GASTOS DE PERSONAL,PLANTA DE PERSONAL PERMANENTE,FACTORES CONSTITUTIVOS DE SALARIO,FACTORES SALARIALES COMUNES,PRESTACIONES SOCIALES,PRIMA DE VACACIONES,No Aplica,No Aplica,VIGENCIA ACTUAL,ENTIDADES TERRITORIALES - ADMINISTRACION CENTRAL,NO APLICA,No Aplica,NO DEFINIDO,,,2022,Cuarto Trimestre,,,,NO APLICA,"SGP-PROPOSITO GENERAL-LIBRE DESTINACION MUNICIPIOS CATEGORIAS 4, 5 Y 6",,,,,,NO APLICA,,,,,,CON SITUACION DE FONDOS,NO APLICA,NO APLICA,26607127.0,26607127.0,26607127.0
7944379,20230301,218552585,Pupiales,2.3.2.02.02.009,"SERVICIOS PARA LA COMUNIDAD, SOCIALES Y PERSONALES",GASTOS,INVERSION,ADQUISICION DE BIENES Y SERVICIOS,ADQUISICIONES DIFERENTES DE ACTIVOS,ADQUISICION DE SERVICIOS,"SERVICIOS PARA LA COMUNIDAD, SOCIALES Y PERSONALES",No Aplica,No Aplica,No Aplica,No Aplica,VIGENCIA ACTUAL,ENTIDADES TERRITORIALES - ADMINISTRACION CENTRAL,SERVICIO DE ASISTENCIA TECNICA4599031,No Aplica,NO DEFINIDO,,,2023,Primer Trimestre,,,,OTROS SERVICIOS DE APOYO PARA EL MEJORAMIENTO DEL COMPORTAMIENTO CIVICO Y DE LAS INFRAESTRUCTURAS COMUNITARIAS,"SGP-PROPOSITO GENERAL-LIBRE DESTINACION MUNICIPIOS CATEGORIAS 4, 5 Y 6",,,,,,NO APLICA,,,,,,CON SITUACION DE FONDOS,NO APLICA,NO APLICA,2168154.0,1390449.0,739952.0
7945635,20220901,218552585,Pupiales,2.3.2.02.02.009,"SERVICIOS PARA LA COMUNIDAD, SOCIALES Y PERSONALES",GASTOS,INVERSION,ADQUISICION DE BIENES Y SERVICIOS,ADQUISICIONES DIFERENTES DE ACTIVOS,ADQUISICION DE SERVICIOS,"SERVICIOS PARA LA COMUNIDAD, SOCIALES Y PERSONALES",No Aplica,No Aplica,No Aplica,No Aplica,VIGENCIA ACTUAL,ENTIDADES TERRITORIALES - ADMINISTRACION CENTRAL,SERVICIO DE DIVULGACION SOBRE EL SISTEMA GENERAL DE PENSIONES Y CAJAS DE COMPENSACION,No Aplica,NO DEFINIDO,,,2022,Tercer Trimestre,,,,OTROS SERVICIOS DE LA ADMINISTRACION PUBLICA N C P,R.B. RETIROS FONPET,,,,,,NO APLICA,,,,,,CON SITUACION DE FONDOS,NO APLICA,NO APLICA,20000000.0,16000000.0,16000000.0
7949524,20210601,218552585,Pupiales,2.1.1.01.02.003,APORTES DE CESANTIAS,GASTOS,FUNCIONAMIENTO,GASTOS DE PERSONAL,PLANTA DE PERSONAL PERMANENTE,CONTRIBUCIONES INHERENTES A LA NOMINA,APORTES DE CESANTIAS,No Aplica,No Aplica,No Aplica,No Aplica,VIGENCIA ACTUAL,ENTIDADES TERRITORIALES - ADMINISTRACION CENTRAL,NO APLICA,No Aplica,NO DEFINIDO,,,2021,Segundo Trimestre,,,,NO APLICA,1.2.1.0.00 - INGRESOS CORRIENTES DE LIBRE DESTINACION,,,,,,NO APLICA,,,,,,CON SITUACION DE FONDOS,NO APLICA,NO DEFINIDO,15987946.0,15987946.0,15987946.0
7962101,20230301,218552585,Pupiales,2.1.3.05,A ENTIDADES DEL GOBIERNO,GASTOS,FUNCIONAMIENTO,TRANSFERENCIAS CORRIENTES,A ENTIDADES DEL GOBIERNO,No Aplica,No Aplica,No Aplica,No Aplica,No Aplica,No Aplica,VIGENCIA ACTUAL,ENTIDADES TERRITORIALES - ADMINISTRACION CENTRAL,NO DEFINIDO,No Aplica,NO DEFINIDO,,,2023,Primer Trimestre,,,,NO DEFINIDO,NO DEFINIDO,,,,,,NO DEFINIDO,,,,,,NO DEFINIDO,NO DEFINIDO,NO DEFINIDO,4504385.0,4504385.0,2158679.0
7978831,20220301,218552585,Pupiales,2.2.2.01.02,PRESTAMOS,GASTOS,SERVICIO DE LA DEUDA PUBLICA,SERVICIO DE LA DEUDA PUBLICA INTERNA,PRINCIPAL,PRESTAMOS,No Aplica,No Aplica,No Aplica,No Aplica,No Aplica,VIGENCIA ACTUAL,ENTIDADES TERRITORIALES - ADMINISTRACION CENTRAL,NO DEFINIDO,No Aplica,NO DEFINIDO,,,2022,Primer Trimestre,,,,NO DEFINIDO,NO DEFINIDO,,,,,,NO DEFINIDO,,,,,,NO DEFINIDO,NO DEFINIDO,NO DEFINIDO,111097910.0,111097910.0,111097910.0
7995375,20210601,218552585,Pupiales,2.3.2.01.01.001.01,VIVIENDAS,GASTOS,INVERSION,ADQUISICION DE BIENES Y SERVICIOS,ADQUISICION DE ACTIVOS NO FINANCIEROS,ACTIVOS FIJOS,EDIFICACIONES Y ESTRUCTURAS,VIVIENDAS,No Aplica,No Aplica,No Aplica,VIGENCIA ACTUAL,ENTIDADES TERRITORIALES - ADMINISTRACION CENTRAL,NO DEFINIDO,No Aplica,NO DEFINIDO,,,2021,Segundo Trimestre,,,,NO DEFINIDO,NO DEFINIDO,,,,,,NO DEFINIDO,,,,,,NO DEFINIDO,NO DEFINIDO,NO DEFINIDO,21197071.0,21197071.0,21197071.0
7997849,20230601,218552585,Pupiales,2.3.2.02.02.009,"SERVICIOS PARA LA COMUNIDAD, SOCIALES Y PERSONALES",GASTOS,INVERSION,ADQUISICION DE BIENES Y SERVICIOS,ADQUISICIONES DIFERENTES DE ACTIVOS,ADQUISICION DE SERVICIOS,"SERVICIOS PARA LA COMUNIDAD, SOCIALES Y PERSONALES",No Aplica,No Aplica,No Aplica,No Aplica,VIGENCIA ACTUAL,ENTIDADES TERRITORIALES - ADMINISTRACION CENTRAL,SERVICIO DE ATENCION EN SALUD A LA POBLACION,No Aplica,NO DEFINIDO,,,2023,Segundo Trimestre,,,,SERVICIOS DE LOS ORGANOS DE CONTROL Y OTRAS INSTITUCIONES,DERECHOS POR LA EXPLOTACION JUEGOS DE SUERTE Y AZAR,,,,,,NO APLICA,,,,,,SIN SITUACION DE FONDOS,NO APLICA,NO APLICA,89622286.0,89622286.0,89622286.0
7998553,20211201,218552585,Pupiales,2.3.2.02.02.009,"SERVICIOS PARA LA COMUNIDAD, SOCIALES Y PERSONALES",GASTOS,INVERSION,ADQUISICION DE BIENES Y SERVICIOS,ADQUISICIONES DIFERENTES DE ACTIVOS,ADQUISICION DE SERVICIOS,"SERVICIOS PARA LA COMUNIDAD, SOCIALES Y PERSONALES",No Aplica,No Aplica,No Aplica,No Aplica,VIGENCIA ACTUAL,ENTIDADES TERRITORIALES - ADMINISTRACION CENTRAL,SERVICIO DE PROMOCION DE ACTIVIDADES CULTURALES.,2021525850021,NO DEFINIDO,,,2021,Cuarto Trimestre,,,,OTROS SERVICIOS DIVERSOS N C P,ESTAMPILLAS,,,,,,NO APLICA,,,,,,CON SITUACION DE FONDOS,NO APLICA,NO DEFINIDO,75245000.0,75245000.0,69745000.0
8000129,20220901,218552585,Pupiales,2.2.2.01.02.002.02.03,BANCA COMERCIAL,GASTOS,SERVICIO DE LA DEUDA PUBLICA,SERVICIO DE LA DEUDA PUBLICA INTERNA,PRINCIPAL,PRESTAMOS,ENTIDADES FINANCIERAS,BANCA COMERCIAL,BANCA COMERCIAL,No Aplica,No Aplica,VIGENCIA ACTUAL,ENTIDADES TERRITORIALES - ADMINISTRACION CENTRAL,NO APLICA,No Aplica,NO DEFINIDO,,,2022,Tercer Trimestre,,,,NO APLICA,SGP-AGUA POTABLE Y SANEAMIENTO BASICO,,,,,,NO APLICA,,,,,,CON SITUACION DE FONDOS,NO APLICA,NO APLICA,41711938.0,41711938.0,41711938.0
8002946,20220601,218552585,Pupiales,2.3.2.01.01.001,EDIFICACIONES Y ESTRUCTURAS,GASTOS,INVERSION,ADQUISICION DE BIENES Y SERVICIOS,ADQUISICION DE ACTIVOS NO FINANCIEROS,ACTIVOS FIJOS,EDIFICACIONES Y ESTRUCTURAS,No Aplica,No Aplica,No Aplica,No Aplica,VIGENCIA ACTUAL,ENTIDADES TERRITORIALES - ADMINISTRACION CENTRAL,NO DEFINIDO,No Aplica,NO DEFINIDO,,,2022,Segundo Trimestre,,,,NO DEFINIDO,NO DEFINIDO,,,,,,NO DEFINIDO,,,,,,NO DEFINIDO,NO DEFINIDO,NO DEFINIDO,112956143.0,57938031.0,57938031.0
8004777,20221201,218552585,Pupiales,2.1.3.13.01,FALLOS NACIONALES,GASTOS,FUNCIONAMIENTO,TRANSFERENCIAS CORRIENTES,SENTENCIAS Y CONCILIACIONES,FALLOS NACIONALES,No Aplica,No Aplica,No Aplica,No Aplica,No Aplica,VIGENCIA ACTUAL,ENTIDADES TERRITORIALES - ADMINISTRACION CENTRAL,NO DEFINIDO,No Aplica,NO DEFINIDO,,,2022,Cuarto Trimestre,,,,NO DEFINIDO,NO DEFINIDO,,,,,,NO DEFINIDO,,,,,,NO DEFINIDO,NO DEFINIDO,NO DEFINIDO,13993200.0,13993200.0,13993200.0
8005836,20220601,218552585,Pupiales,2.3.2.02.02.009,"SERVICIOS PARA LA COMUNIDAD, SOCIALES Y PERSONALES",GASTOS,INVERSION,ADQUISICION DE BIENES Y SERVICIOS,ADQUISICIONES DIFERENTES DE ACTIVOS,ADQUISICION DE SERVICIOS,"SERVICIOS PARA LA COMUNIDAD, SOCIALES Y PERSONALES",No Aplica,No Aplica,No Aplica,No Aplica,VIGENCIA ACTUAL,ENTIDADES TERRITORIALES - ADMINISTRACION CENTRAL,SERVICIO DE ATENCION EN SALUD A LA POBLACION,No Aplica,NO DEFINIDO,,,2022,Segundo Trimestre,,,,OTROS SERVICIOS DIVERSOS N C P,OTRAS TRANSFERENCIAS DE CAPITAL,,,,,,NO APLICA,,,,,,CON SITUACION DE FONDOS,OTRO,NO APLICA,83921526.0,83921526.0,83921526.0
8006520,20210301,218552585,Pupiales,2.1.1.01.01.001.04,SUBSIDIO DE ALIMENTACION,GASTOS,FUNCIONAMIENTO,GASTOS DE PERSONAL,PLANTA DE PERSONAL PERMANENTE,FACTORES CONSTITUTIVOS DE SALARIO,FACTORES SALARIALES COMUNES,SUBSIDIO DE ALIMENTACION,No Aplica,No Aplica,No Aplica,VIGENCIA ACTUAL,ENTIDADES TERRITORIALES - ADMINISTRACION CENTRAL,NO APLICA,No Aplica,NO DEFINIDO,,,2021,Primer Trimestre,,,,NO APLICA,1.2.1.0.00 - INGRESOS CORRIENTES DE LIBRE DESTINACION,,,,,,NO APLICA,,,,,,CON SITUACION DE FONDOS,NO APLICA,NO DEFINIDO,2363889.0,2363889.0,2363889.0
8011631,20220901,218552585,Pupiales,2.1.1.01.01.001.05,AUXILIO DE TRANSPORTE,GASTOS,FUNCIONAMIENTO,GASTOS DE PERSONAL,PLANTA DE PERSONAL PERMANENTE,FACTORES CONSTITUTIVOS DE SALARIO,FACTORES SALARIALES COMUNES,AUXILIO DE TRANSPORTE,No Aplica,No Aplica,No Aplica,VIGENCIA ACTUAL,ENTIDADES TERRITORIALES - ADMINISTRACION CENTRAL,NO APLICA,No Aplica,NO DEFINIDO,,,2022,Tercer Trimestre,,,,NO APLICA,INGRESOS CORRIENTES DE LIBRE DESTINACION,,,,,,NO APLICA,,,,,,CON SITUACION DE FONDOS,NO APLICA,NO APLICA,12205417.0,12205417.0,12174171.0
8012571,20210301,218552585,Pupiales,2.1.1.01.02,CONTRIBUCIONES INHERENTES A LA NOMINA,GASTOS,FUNCIONAMIENTO,GASTOS DE PERSONAL,PLANTA DE PERSONAL PERMANENTE,CONTRIBUCIONES INHERENTES A LA NOMINA,No Aplica,No Aplica,No Aplica,No Aplica,No Aplica,VIGENCIA ACTUAL,ENTIDADES TERRITORIALES - ADMINISTRACION CENTRAL,NO DEFINIDO,No Aplica,NO DEFINIDO,,,2021,Primer Trimestre,,,,NO DEFINIDO,NO DEFINIDO,,,,,,NO DEFINIDO,,,,,,NO DEFINIDO,NO DEFINIDO,NO DEFINIDO,29808119.0,29808119.0,29808119.0
8013220,20220301,218552585,Pupiales,2.3.1.01.01.001.05,AUXILIO DE TRANSPORTE,GASTOS,INVERSION,GASTOS DE PERSONAL,PLANTA DE PERSONAL PERMANENTE,FACTORES CONSTITUTIVOS DE SALARIO,FACTORES SALARIALES COMUNES,AUXILIO DE TRANSPORTE,No Aplica,No Aplica,No Aplica,VIGENCIA ACTUAL,ENTIDADES TERRITORIALES - ADMINISTRACION CENTRAL,NO APLICA,No Aplica,NO DEFINIDO,,,2022,Primer Trimestre,,,,NO APLICA,SGP-PROPOSITO GENERAL-PROPOSITO GENERAL LIBRE INVERSION,,,,,,NO APLICA,,,,,,CON SITUACION DE FONDOS,DIRECCION NACIONAL DEL TESORO MINISTERIO DE HACIENDA Y CREDITO PUBLICO,NO APLICA,3444856.0,3444856.0,3444856.0
8019039,20230601,218552585,Pupiales,2.3.2.01.01.001.03,OTRAS ESTRUCTURAS,GASTOS,INVERSION,ADQUISICION DE BIENES Y SERVICIOS,ADQUISICION DE ACTIVOS NO FINANCIEROS,ACTIVOS FIJOS,EDIFICACIONES Y ESTRUCTURAS,OTRAS ESTRUCTURAS,No Aplica,No Aplica,No Aplica,RESERVAS,ENTIDADES TERRITORIALES - ADMINISTRACION CENTRAL,NO DEFINIDO,No Aplica,NO DEFINIDO,,,2023,Segundo Trimestre,,,,NO DEFINIDO,NO DEFINIDO,,,,,,NO DEFINIDO,,,,,,NO DEFINIDO,NO DEFINIDO,NO DEFINIDO,5975850.0,0.0,0.0
8019942,20230301,218552585,Pupiales,2.2.2.01.02.002.02.03,BANCA COMERCIAL,GASTOS,SERVICIO DE LA DEUDA PUBLICA,SERVICIO DE LA DEUDA PUBLICA INTERNA,PRINCIPAL,PRESTAMOS,ENTIDADES FINANCIERAS,BANCA COMERCIAL,BANCA COMERCIAL,No Aplica,No Aplica,VIGENCIA ACTUAL,ENTIDADES TERRITORIALES - ADMINISTRACION CENTRAL,NO APLICA,No Aplica,NO DEFINIDO,,,2023,Primer Trimestre,,,,NO APLICA,SGP-PROPOSITO GENERAL-PROPOSITO GENERAL LIBRE INVERSION,,,,,,NO APLICA,,,,,,CON SITUACION DE FONDOS,NO APLICA,NO APLICA,127657631.0,127657631.0,127657631.0
8023885,20230601,218552585,Pupiales,2.3.2.02.02.009,"SERVICIOS PARA LA COMUNIDAD, SOCIALES Y PERSONALES",GASTOS,INVERSION,ADQUISICION DE BIENES Y SERVICIOS,ADQUISICIONES DIFERENTES DE ACTIVOS,ADQUISICION DE SERVICIOS,"SERVICIOS PARA LA COMUNIDAD, SOCIALES Y PERSONALES",No Aplica,No Aplica,No Aplica,No Aplica,CUENTAS POR PAGAR,ENTIDADES TERRITORIALES - ADMINISTRACION CENTRAL,NO APLICA,No Aplica,NO DEFINIDO,,,2023,Segundo Trimestre,,,,SERVICIOS DE LOS ORGANOS DE CONTROL Y OTRAS INSTITUCIONES,R.B. ESTAMPILLAS,,,,,,NO APLICA,,,,,,CON SITUACION DE FONDOS,NO APLICA,NO APLICA,6925192.0,6925192.0,6925192.0
8024360,20220901,218552585,Pupiales,2.1.1.01.02.004,APORTES A CAJAS DE COMPENSACION FAMILIAR,GASTOS,FUNCIONAMIENTO,GASTOS DE PERSONAL,PLANTA DE PERSONAL PERMANENTE,CONTRIBUCIONES INHERENTES A LA NOMINA,APORTES A CAJAS DE COMPENSACION FAMILIAR,No Aplica,No Aplica,No Aplica,No Aplica,VIGENCIA ACTUAL,ENTIDADES TERRITORIALES - ADMINISTRACION CENTRAL,NO APLICA,No Aplica,NO DEFINIDO,,,2022,Tercer Trimestre,,,,NO APLICA,INGRESOS CORRIENTES DE LIBRE DESTINACION,,,,,,NO APLICA,,,,,,CON SITUACION DE FONDOS,NO APLICA,NO APLICA,15254847.0,15254847.0,15254847.0
8030059,20211201,218552585,Pupiales,2.3.4.03,COMPENSACIONES DE CAPITAL,GASTOS,INVERSION,TRANSFERENCIAS DE CAPITAL,COMPENSACIONES DE CAPITAL,No Aplica,No Aplica,No Aplica,No Aplica,No Aplica,No Aplica,VIGENCIA ACTUAL,ENTIDADES TERRITORIALES - ADMINISTRACION CENTRAL,NO APLICA,No Aplica,NO DEFINIDO,,,2021,Cuarto Trimestre,,,,NO APLICA,R.B. OTRAS TRANSFERENCIAS DE CAPITAL,,,,,,NO APLICA,,,,,,CON SITUACION DE FONDOS,OTRO,NO DEFINIDO,18170520.0,18170520.0,18170520.0
8032147,20230601,218552585,Pupiales,2.1.2.01,ADQUISICION DE ACTIVOS NO FINANCIEROS,GASTOS,FUNCIONAMIENTO,ADQUISICION DE BIENES Y SERVICIOS,ADQUISICION DE ACTIVOS NO FINANCIEROS,No Aplica,No Aplica,No Aplica,No Aplica,No Aplica,No Aplica,VIGENCIA ACTUAL,ENTIDADES TERRITORIALES - ADMINISTRACION CENTRAL,NO DEFINIDO,No Aplica,NO DEFINIDO,,,2023,Segundo Trimestre,,,,NO DEFINIDO,NO DEFINIDO,,,,,,NO DEFINIDO,,,,,,NO DEFINIDO,NO DEFINIDO,NO DEFINIDO,21115000.0,0.0,0.0
8036016,20221201,218552585,Pupiales,2.2.2.01.02.002.02.03,BANCA COMERCIAL,GASTOS,SERVICIO DE LA DEUDA PUBLICA,SERVICIO DE LA DEUDA PUBLICA INTERNA,PRINCIPAL,PRESTAMOS,ENTIDADES FINANCIERAS,BANCA COMERCIAL,BANCA COMERCIAL,No Aplica,No Aplica,VIGENCIA ACTUAL,ENTIDADES TERRITORIALES - ADMINISTRACION CENTRAL,NO APLICA,No Aplica,NO DEFINIDO,,,2022,Cuarto Trimestre,,,,NO APLICA,SGP-PROPOSITO GENERAL-PROPOSITO GENERAL LIBRE INVERSION,,,,,,NO APLICA,,,,,,CON SITUACION DE FONDOS,NO APLICA,NO APLICA,351873332.0,351873332.0,351873332.0
8037146,20220601,218552585,Pupiales,2.3.2.02.01.000,"AGRICULTURA, SILVICULTURA Y PRODUCTOS DE LA PESCA",GASTOS,INVERSION,ADQUISICION DE BIENES Y SERVICIOS,ADQUISICIONES DIFERENTES DE ACTIVOS,MATERIALES Y SUMINISTROS,"AGRICULTURA, SILVICULTURA Y PRODUCTOS DE LA PESCA",No Aplica,No Aplica,No Aplica,No Aplica,VIGENCIA ACTUAL,ENTIDADES TERRITORIALES - ADMINISTRACION CENTRAL,SERVICIO DE APOYO FINANCIERO PARA PROYECTOS PRODUCTIVOS,No Aplica,NO DEFINIDO,,,2022,Segundo Trimestre,,,,OTROS SERVICIOS DIVERSOS N C P,SGP-PROPOSITO GENERAL-PROPOSITO GENERAL LIBRE INVERSION,,,,,,NO APLICA,,,,,,CON SITUACION DE FONDOS,DIRECCION NACIONAL DEL TESORO MINISTERIO DE HACIENDA Y CREDITO PUBLICO,NO APLICA,60000000.0,60000000.0,60000000.0
8039074,20230601,218552585,Pupiales,2.1.1,GASTOS DE PERSONAL,GASTOS,FUNCIONAMIENTO,GASTOS DE PERSONAL,No Aplica,No Aplica,No Aplica,No Aplica,No Aplica,No Aplica,No Aplica,VIGENCIA ACTUAL,ENTIDADES TERRITORIALES - ADMINISTRACION CENTRAL,NO DEFINIDO,No Aplica,NO DEFINIDO,,,2023,Segundo Trimestre,,,,NO DEFINIDO,NO DEFINIDO,,,,,,NO DEFINIDO,,,,,,NO DEFINIDO,NO DEFINIDO,NO DEFINIDO,414215195.0,412234324.0,412234324.0
8040081,20211201,218552585,Pupiales,2.1.1.01,PLANTA DE PERSONAL PERMANENTE,GASTOS,FUNCIONAMIENTO,GASTOS DE PERSONAL,PLANTA DE PERSONAL PERMANENTE,No Aplica,No Aplica,No Aplica,No Aplica,No Aplica,No Aplica,VIGENCIA ACTUAL,ENTIDADES TERRITORIALES - CONCEJO,NO DEFINIDO,No Aplica,NO DEFINIDO,,,2021,Cuarto Trimestre,,,,NO DEFINIDO,NO DEFINIDO,,,,,,NO DEFINIDO,,,,,,NO DEFINIDO,NO DEFINIDO,NO DEFINIDO,226448376.0,226448376.0,226448376.0
8043131,20211201,218552585,Pupiales,2.1.1.01.02.009,APORTES A ESCUELAS INDUSTRIALES E INSTITUTOS TECNICOS,GASTOS,FUNCIONAMIENTO,GASTOS DE PERSONAL,PLANTA DE PERSONAL PERMANENTE,CONTRIBUCIONES INHERENTES A LA NOMINA,APORTES A ESCUELAS INDUSTRIALES E INSTITUTOS TECNICOS,No Aplica,No Aplica,No Aplica,No Aplica,VIGENCIA ACTUAL,ENTIDADES TERRITORIALES - ADMINISTRACION CENTRAL,NO APLICA,No Aplica,NO DEFINIDO,,,2021,Cuarto Trimestre,,,,NO APLICA,INGRESOS CORRIENTES DE LIBRE DESTINACION,,,,,,NO APLICA,,,,,,CON SITUACION DE FONDOS,NO APLICA,NO DEFINIDO,3969748.0,3969748.0,3969748.0
8045275,20220901,218552585,Pupiales,2.3.2.02.02.009,"SERVICIOS PARA LA COMUNIDAD, SOCIALES Y PERSONALES",GASTOS,INVERSION,ADQUISICION DE BIENES Y SERVICIOS,ADQUISICIONES DIFERENTES DE ACTIVOS,ADQUISICION DE SERVICIOS,"SERVICIOS PARA LA COMUNIDAD, SOCIALES Y PERSONALES",No Aplica,No Aplica,No Aplica,No Aplica,VIGENCIA ACTUAL,ENTIDADES TERRITORIALES - ADMINISTRACION CENTRAL,SERVICIO DE JUSTICIA A LOS CIUDADANOS,No Aplica,NO DEFINIDO,,,2022,Tercer Trimestre,,,,OTROS SERVICIOS DE LA ADMINISTRACION PUBLICA N C P,SGP-PROPOSITO GENERAL-PROPOSITO GENERAL LIBRE INVERSION,,,,,,NO APLICA,,,,,,CON SITUACION DE FONDOS,DIRECCION NACIONAL DEL TESORO MINISTERIO DE HACIENDA Y CREDITO PUBLICO,NO APLICA,5200000.0,5200000.0,5200000.0
8046621,20220301,218552585,Pupiales,2.3.2.02.02.009,"SERVICIOS PARA LA COMUNIDAD, SOCIALES Y PERSONALES",GASTOS,INVERSION,ADQUISICION DE BIENES Y SERVICIOS,ADQUISICIONES DIFERENTES DE ACTIVOS,ADQUISICION DE SERVICIOS,"SERVICIOS PARA LA COMUNIDAD, SOCIALES Y PERSONALES",No Aplica,No Aplica,No Aplica,No Aplica,VIGENCIA ACTUAL,ENTIDADES TERRITORIALES - ADMINISTRACION CENTRAL,"SERVICIO DE APOYO A LA ACTIVIDAD FISICA, LA RECREACION Y EL DEPORTE",2021525850010,NO DEFINIDO,,,2022,Primer Trimestre,,,,OTROS SERVICIOS ADMINISTRATIVOS DEL GOBIERNO N C P,SGP-PROPOSITO GENERAL-DEPORTE Y RECREACION,,,,,,NO APLICA,,,,,,CON SITUACION DE FONDOS,DIRECCION NACIONAL DEL TESORO MINISTERIO DE HACIENDA Y CREDITO PUBLICO,NO APLICA,19965000.0,6623000.0,6623000.0
8048389,20220901,218552585,Pupiales,2.1.1.01.02,CONTRIBUCIONES INHERENTES A LA NOMINA,GASTOS,FUNCIONAMIENTO,GASTOS DE PERSONAL,PLANTA DE PERSONAL PERMANENTE,CONTRIBUCIONES INHERENTES A LA NOMINA,No Aplica,No Aplica,No Aplica,No Aplica,No Aplica,VIGENCIA ACTUAL,ENTIDADES TERRITORIALES - ADMINISTRACION CENTRAL,NO DEFINIDO,No Aplica,NO DEFINIDO,,,2022,Tercer Trimestre,,,,NO DEFINIDO,NO DEFINIDO,,,,,,NO DEFINIDO,,,,,,NO DEFINIDO,NO DEFINIDO,NO DEFINIDO,224858716.0,224858716.0,224858716.0
8049444,20210601,218552585,Pupiales,2.1.1.01.01.001.01,SUELDO BASICO,GASTOS,FUNCIONAMIENTO,GASTOS DE PERSONAL,PLANTA DE PERSONAL PERMANENTE,FACTORES CONSTITUTIVOS DE SALARIO,FACTORES SALARIALES COMUNES,SUELDO BASICO,No Aplica,No Aplica,No Aplica,VIGENCIA ACTUAL,ENTIDADES TERRITORIALES - CONCEJO,NO APLICA,No Aplica,NO DEFINIDO,,,2021,Segundo Trimestre,,,,NO APLICA,1.2.1.0.00 - INGRESOS CORRIENTES DE LIBRE DESTINACION,,,,,,NO APLICA,,,,,,CON SITUACION DE FONDOS,NO APLICA,NO DEFINIDO,40998955.0,40998955.0,40998955.0
8051925,20220601,218552585,Pupiales,2.1.1.01.03.001.01,VACACIONES,GASTOS,FUNCIONAMIENTO,GASTOS DE PERSONAL,PLANTA DE PERSONAL PERMANENTE,REMUNERACIONES NO CONSTITUTIVAS DE FACTOR SALARIAL,PRESTACIONES SOCIALES,VACACIONES,No Aplica,No Aplica,No Aplica,VIGENCIA ACTUAL,ENTIDADES TERRITORIALES - ADMINISTRACION CENTRAL,NO APLICA,No Aplica,NO DEFINIDO,,,2022,Segundo Trimestre,,,,NO APLICA,INGRESOS CORRIENTES DE LIBRE DESTINACION,,,,,,NO APLICA,,,,,,CON SITUACION DE FONDOS,NO APLICA,NO APLICA,8847112.0,8847112.0,8847112.0
8055858,20211201,218552585,Pupiales,2.3.4.03,COMPENSACIONES DE CAPITAL,GASTOS,INVERSION,TRANSFERENCIAS DE CAPITAL,COMPENSACIONES DE CAPITAL,No Aplica,No Aplica,No Aplica,No Aplica,No Aplica,No Aplica,VIGENCIA ACTUAL,ENTIDADES TERRITORIALES - ADMINISTRACION CENTRAL,"SERVICIO DE APOYO FINANCIERO A LOS PLANES, PROGRAMAS Y PROYECTOS DE AGUA POTABLE Y SANEAMIENTO BASICO",No Aplica,NO DEFINIDO,,,2021,Cuarto Trimestre,,,,NO APLICA,RECURSOS DEL BALANCE DE LIBRE DESTINACION,,,,,,NO APLICA,,,,,,CON SITUACION DE FONDOS,OTRO,NO DEFINIDO,74886194.0,49943097.0,49943097.0
8059916,20220601,218552585,Pupiales,2.3.2.02.02.006,"COMERCIO Y DISTRIBUCION; ALOJAMIENTO; SERVICIOS DE SUMINISTRO DE COMIDAS Y BEBIDAS; SERVICIOS DE TRANSPORTE; Y SERVICIOS DE DISTRIBUCION DE ELECTRICIDAD, GAS Y AGUA",GASTOS,INVERSION,ADQUISICION DE BIENES Y SERVICIOS,ADQUISICIONES DIFERENTES DE ACTIVOS,ADQUISICION DE SERVICIOS,"COMERCIO Y DISTRIBUCION; ALOJAMIENTO; SERVICIOS DE SUMINISTRO DE COMIDAS Y BEBIDAS; SERVICIOS DE TRANSPORTE; Y SERVICIOS DE DISTRIBUCION DE ELECTRICIDAD, GAS Y AGUA",No Aplica,No Aplica,No Aplica,No Aplica,VIGENCIA ACTUAL,ENTIDADES TERRITORIALES - ADMINISTRACION CENTRAL,INFRAESTRUCTURA EDUCATIVA MANTENIDA,No Aplica,NO DEFINIDO,,,2022,Segundo Trimestre,,,,OTROS SERVICIOS DIVERSOS N C P,SGP-EDUCACION-CALIDAD  POR MATRICULA OFICIAL,,,,,,NO APLICA,,,,,,CON SITUACION DE FONDOS,DIRECCION NACIONAL DEL TESORO MINISTERIO DE HACIENDA Y CREDITO PUBLICO,NO APLICA,24881640.0,24881640.0,24881640.0
8060353,20220901,218552585,Pupiales,2.1.1.01.03.001.02,INDEMNIZACION POR VACACIONES,GASTOS,FUNCIONAMIENTO,GASTOS DE PERSONAL,PLANTA DE PERSONAL PERMANENTE,REMUNERACIONES NO CONSTITUTIVAS DE FACTOR SALARIAL,PRESTACIONES SOCIALES,INDEMNIZACION POR VACACIONES,No Aplica,No Aplica,No Aplica,VIGENCIA ACTUAL,ENTIDADES TERRITORIALES - ADMINISTRACION CENTRAL,NO APLICA,No Aplica,NO DEFINIDO,,,2022,Tercer Trimestre,,,,NO APLICA,INGRESOS CORRIENTES DE LIBRE DESTINACION,,,,,,NO APLICA,,,,,,CON SITUACION DE FONDOS,NO APLICA,NO APLICA,11995412.0,11995412.0,11995412.0
8062299,20230301,218552585,Pupiales,2.1.1.01.03.001.03,BONIFICACION ESPECIAL DE RECREACION,GASTOS,FUNCIONAMIENTO,GASTOS DE PERSONAL,PLANTA DE PERSONAL PERMANENTE,REMUNERACIONES NO CONSTITUTIVAS DE FACTOR SALARIAL,PRESTACIONES SOCIALES,BONIFICACION ESPECIAL DE RECREACION,No Aplica,No Aplica,No Aplica,VIGENCIA ACTUAL,ENTIDADES TERRITORIALES - ADMINISTRACION CENTRAL,NO APLICA,No Aplica,NO DEFINIDO,,,2023,Primer Trimestre,,,,NO APLICA,"SGP-PROPOSITO GENERAL-LIBRE DESTINACION MUNICIPIOS CATEGORIAS 4, 5 Y 6",,,,,,NO APLICA,,,,,,CON SITUACION DE FONDOS,NO APLICA,NO APLICA,1165840.0,1165840.0,1165840.0
8066850,20230601,218552585,Pupiales,2.1.1.01.01.001.07,BONIFICACION POR SERVICIOS PRESTADOS,GASTOS,FUNCIONAMIENTO,GASTOS DE PERSONAL,PLANTA DE PERSONAL PERMANENTE,FACTORES CONSTITUTIVOS DE SALARIO,FACTORES SALARIALES COMUNES,BONIFICACION POR SERVICIOS PRESTADOS,No Aplica,No Aplica,No Aplica,VIGENCIA ACTUAL,ENTIDADES TERRITORIALES - ADMINISTRACION CENTRAL,NO APLICA,No Aplica,NO DEFINIDO,,,2023,Segundo Trimestre,,,,NO APLICA,"SGP-PROPOSITO GENERAL-LIBRE DESTINACION MUNICIPIOS CATEGORIAS 4, 5 Y 6",,,,,,NO APLICA,,,,,,CON SITUACION DE FONDOS,NO APLICA,NO APLICA,11530162.0,11530162.0,11530162.0
8069993,20220601,218552585,Pupiales,2.3.3.01,SUBVENCIONES,GASTOS,INVERSION,TRANSFERENCIAS CORRIENTES,SUBVENCIONES,No Aplica,No Aplica,No Aplica,No Aplica,No Aplica,No Aplica,VIGENCIA ACTUAL,ENTIDADES TERRITORIALES - ADMINISTRACION CENTRAL,NO DEFINIDO,No Aplica,NO DEFINIDO,,,2022,Segundo Trimestre,,,,NO DEFINIDO,NO DEFINIDO,,,,,,NO DEFINIDO,,,,,,NO DEFINIDO,NO DEFINIDO,NO DEFINIDO,491892532.0,189247356.0,189247356.0
8071419,20220601,218552585,Pupiales,2.3.2.02.02.009,"SERVICIOS PARA LA COMUNIDAD, SOCIALES Y PERSONALES",GASTOS,INVERSION,ADQUISICION DE BIENES Y SERVICIOS,ADQUISICIONES DIFERENTES DE ACTIVOS,ADQUISICION DE SERVICIOS,"SERVICIOS PARA LA COMUNIDAD, SOCIALES Y PERSONALES",No Aplica,No Aplica,No Aplica,No Aplica,VIGENCIA ACTUAL,ENTIDADES TERRITORIALES - ADMINISTRACION CENTRAL,NO APLICA,No Aplica,NO DEFINIDO,,,2022,Segundo Trimestre,,,,OTROS SERVICIOS DIVERSOS N C P,R.B. SGP-PROPOSITO GENERAL-CULTURA,,,,,,NO APLICA,,,,,,CON SITUACION DE FONDOS,NO APLICA,NO APLICA,92970000.0,92970000.0,92970000.0
8073955,20210901,218552585,Pupiales,2.1.1,GASTOS DE PERSONAL,GASTOS,FUNCIONAMIENTO,GASTOS DE PERSONAL,No Aplica,No Aplica,No Aplica,No Aplica,No Aplica,No Aplica,No Aplica,VIGENCIA ACTUAL,ENTIDADES TERRITORIALES - PERSONERIA,NO DEFINIDO,No Aplica,NO DEFINIDO,,,2021,Tercer Trimestre,,,,NO DEFINIDO,NO DEFINIDO,,,,,,NO DEFINIDO,,,,,,NO DEFINIDO,NO DEFINIDO,NO DEFINIDO,93958200.0,93958200.0,93958200.0
8074821,20210601,218552585,Pupiales,2.1.1.01.01.001.08.01,PRIMA DE NAVIDAD,GASTOS,FUNCIONAMIENTO,GASTOS DE PERSONAL,PLANTA DE PERSONAL PERMANENTE,FACTORES CONSTITUTIVOS DE SALARIO,FACTORES SALARIALES COMUNES,PRESTACIONES SOCIALES,PRIMA DE NAVIDAD,No Aplica,No Aplica,VIGENCIA ACTUAL,ENTIDADES TERRITORIALES - ADMINISTRACION CENTRAL,NO APLICA,No Aplica,NO DEFINIDO,,,2021,Segundo Trimestre,,,,NO APLICA,1.2.1.0.00 - INGRESOS CORRIENTES DE LIBRE DESTINACION,,,,,,NO APLICA,,,,,,CON SITUACION DE FONDOS,NO APLICA,NO DEFINIDO,864673.0,864673.0,864673.0
8079213,20220601,218552585,Pupiales,2.1.1.01.02.007,APORTES AL SENA,GASTOS,FUNCIONAMIENTO,GASTOS DE PERSONAL,PLANTA DE PERSONAL PERMANENTE,CONTRIBUCIONES INHERENTES A LA NOMINA,APORTES AL SENA,No Aplica,No Aplica,No Aplica,No Aplica,VIGENCIA ACTUAL,ENTIDADES TERRITORIALES - ADMINISTRACION CENTRAL,NO APLICA,No Aplica,NO DEFINIDO,,,2022,Segundo Trimestre,,,,NO APLICA,INGRESOS CORRIENTES DE LIBRE DESTINACION,,,,,,NO APLICA,,,,,,CON SITUACION DE FONDOS,NO APLICA,NO APLICA,1170415.0,1170415.0,1170415.0
8080347,20211201,218552585,Pupiales,2.1,FUNCIONAMIENTO,GASTOS,FUNCIONAMIENTO,No Aplica,No Aplica,No Aplica,No Aplica,No Aplica,No Aplica,No Aplica,No Aplica,VIGENCIA ACTUAL,ENTIDADES TERRITORIALES - CONCEJO,NO DEFINIDO,No Aplica,NO DEFINIDO,,,2021,Cuarto Trimestre,,,,NO DEFINIDO,NO DEFINIDO,,,,,,NO DEFINIDO,,,,,,NO DEFINIDO,NO DEFINIDO,NO DEFINIDO,226448376.0,226448376.0,226448376.0
8083115,20220901,218552585,Pupiales,2.3.3,TRANSFERENCIAS CORRIENTES,GASTOS,INVERSION,TRANSFERENCIAS CORRIENTES,No Aplica,No Aplica,No Aplica,No Aplica,No Aplica,No Aplica,No Aplica,VIGENCIA ACTUAL,ENTIDADES TERRITORIALES - ADMINISTRACION CENTRAL,NO DEFINIDO,No Aplica,NO DEFINIDO,,,2022,Tercer Trimestre,,,,NO DEFINIDO,NO DEFINIDO,,,,,,NO DEFINIDO,,,,,,NO DEFINIDO,NO DEFINIDO,NO DEFINIDO,758892580.0,551853529.0,551853529.0
8083328,20220601,218552585,Pupiales,2.2.2.01,PRINCIPAL,GASTOS,SERVICIO DE LA DEUDA PUBLICA,SERVICIO DE LA DEUDA PUBLICA INTERNA,PRINCIPAL,No Aplica,No Aplica,No Aplica,No Aplica,No Aplica,No Aplica,VIGENCIA ACTUAL,ENTIDADES TERRITORIALES - ADMINISTRACION CENTRAL,NO DEFINIDO,No Aplica,NO DEFINIDO,,,2022,Segundo Trimestre,,,,NO DEFINIDO,NO DEFINIDO,,,,,,NO DEFINIDO,,,,,,NO DEFINIDO,NO DEFINIDO,NO DEFINIDO,222249753.0,222249753.0,222249753.0
8086036,20230601,218552585,Pupiales,2.3.2.02.02.009,"SERVICIOS PARA LA COMUNIDAD, SOCIALES Y PERSONALES",GASTOS,INVERSION,ADQUISICION DE BIENES Y SERVICIOS,ADQUISICIONES DIFERENTES DE ACTIVOS,ADQUISICION DE SERVICIOS,"SERVICIOS PARA LA COMUNIDAD, SOCIALES Y PERSONALES",No Aplica,No Aplica,No Aplica,No Aplica,VIGENCIA ACTUAL,ENTIDADES TERRITORIALES - ADMINISTRACION CENTRAL,SERVICIO DE PROMOCION DE ACTIVIDADES CULTURALES,No Aplica,NO DEFINIDO,,,2023,Segundo Trimestre,,,,SERVICIOS DE LOS ORGANOS DE CONTROL Y OTRAS INSTITUCIONES,R.B. ESTAMPILLAS,,,,,,NO APLICA,,,,,,CON SITUACION DE FONDOS,NO APLICA,NO APLICA,28550000.0,28550000.0,28550000.0
8087306,20220901,218552585,Pupiales,2.2.2.01.02.002.02,BANCA COMERCIAL,GASTOS,SERVICIO DE LA DEUDA PUBLICA,SERVICIO DE LA DEUDA PUBLICA INTERNA,PRINCIPAL,PRESTAMOS,ENTIDADES FINANCIERAS,BANCA COMERCIAL,No Aplica,No Aplica,No Aplica,VIGENCIA ACTUAL,ENTIDADES TERRITORIALES - ADMINISTRACION CENTRAL,NO DEFINIDO,No Aplica,NO DEFINIDO,,,2022,Tercer Trimestre,,,,NO DEFINIDO,NO DEFINIDO,,,,,,NO DEFINIDO,,,,,,NO DEFINIDO,NO DEFINIDO,NO DEFINIDO,314876937.0,314876937.0,314876937.0
8088306,20230301,218552585,Pupiales,2.3.2.02.02.009,"SERVICIOS PARA LA COMUNIDAD, SOCIALES Y PERSONALES",GASTOS,INVERSION,ADQUISICION DE BIENES Y SERVICIOS,ADQUISICIONES DIFERENTES DE ACTIVOS,ADQUISICION DE SERVICIOS,"SERVICIOS PARA LA COMUNIDAD, SOCIALES Y PERSONALES",No Aplica,No Aplica,No Aplica,No Aplica,VIGENCIA ACTUAL,ENTIDADES TERRITORIALES - ADMINISTRACION CENTRAL,SERVICIO DE APOYO FINANCIERO PARA SUBSIDIOS AL CONSUMO EN LOS SERVICIOS PUBLICOS DOMICILIARIOS,No Aplica,NO DEFINIDO,,,2023,Primer Trimestre,,,,SERVICIOS DE LA ADMINISTRACION PUBLICA RELACIONADOS CON LA VIVIENDA E INFRAESTRUCTURA DE SERVICIOS PUBLICOS,SGP-AGUA POTABLE Y SANEAMIENTO BASICO,,,,,,NO APLICA,,,,,,CON SITUACION DE FONDOS,NO APLICA,NO APLICA,312253908.0,52042318.0,52042318.0
8089960,20221201,218552585,Pupiales,2.1.3,TRANSFERENCIAS CORRIENTES,GASTOS,FUNCIONAMIENTO,TRANSFERENCIAS CORRIENTES,No Aplica,No Aplica,No Aplica,No Aplica,No Aplica,No Aplica,No Aplica,VIGENCIA ACTUAL,ENTIDADES TERRITORIALES - ADMINISTRACION CENTRAL,NO DEFINIDO,No Aplica,NO DEFINIDO,,,2022,Cuarto Trimestre,,,,NO DEFINIDO,NO DEFINIDO,,,,,,NO DEFINIDO,,,,,,NO DEFINIDO,NO DEFINIDO,NO DEFINIDO,210677131.0,210677131.0,204438708.0
8091369,20230301,218552585,Pupiales,2.3.2.02.02.009,"SERVICIOS PARA LA COMUNIDAD, SOCIALES Y PERSONALES",GASTOS,INVERSION,ADQUISICION DE BIENES Y SERVICIOS,ADQUISICIONES DIFERENTES DE ACTIVOS,ADQUISICION DE SERVICIOS,"SERVICIOS PARA LA COMUNIDAD, SOCIALES Y PERSONALES",No Aplica,No Aplica,No Aplica,No Aplica,VIGENCIA ACTUAL,ENTIDADES TERRITORIALES - ADMINISTRACION CENTRAL,SERVICIO DE APOYO FINANCIERO PARA ADQUISICION DE VIVIENDA,No Aplica,NO DEFINIDO,,,2023,Primer Trimestre,,,,SERVICIOS DE LA ADMINISTRACION PUBLICA RELACIONADOS CON LA INDUSTRIA LA CONSTRUCCION Y LOS RECURSOS MINERALES,SGP-PROPOSITO GENERAL-PROPOSITO GENERAL LIBRE INVERSION,,,,,,NO APLICA,,,,,,CON SITUACION DE FONDOS,NO APLICA,NO APLICA,52201987.0,2620000.0,1694314.0
8093035,20210301,218552585,Pupiales,2.1.2.02.02,ADQUISICION DE SERVICIOS,GASTOS,FUNCIONAMIENTO,ADQUISICION DE BIENES Y SERVICIOS,ADQUISICIONES DIFERENTES DE ACTIVOS,ADQUISICION DE SERVICIOS,No Aplica,No Aplica,No Aplica,No Aplica,No Aplica,VIGENCIA ACTUAL,ENTIDADES TERRITORIALES - ADMINISTRACION CENTRAL,NO DEFINIDO,No Aplica,NO DEFINIDO,,,2021,Primer Trimestre,,,,NO DEFINIDO,NO DEFINIDO,,,,,,NO DEFINIDO,,,,,,NO DEFINIDO,NO DEFINIDO,NO DEFINIDO,357129048.0,157101402.0,157101402.0
8095645,20220901,218552585,Pupiales,2.3.2.02.02.009,"SERVICIOS PARA LA COMUNIDAD, SOCIALES Y PERSONALES",GASTOS,INVERSION,ADQUISICION DE BIENES Y SERVICIOS,ADQUISICIONES DIFERENTES DE ACTIVOS,ADQUISICION DE SERVICIOS,"SERVICIOS PARA LA COMUNIDAD, SOCIALES Y PERSONALES",No Aplica,No Aplica,No Aplica,No Aplica,VIGENCIA ACTUAL,ENTIDADES TERRITORIALES - ADMINISTRACION CENTRAL,SERVICIOS DE ASISTENCIA TECNICA,No Aplica,NO DEFINIDO,,,2022,Tercer Trimestre,,,,OTROS SERVICIOS DE LA ADMINISTRACION PUBLICA N C P,SGP-PROPOSITO GENERAL-PROPOSITO GENERAL LIBRE INVERSION,,,,,,NO APLICA,,,,,,CON SITUACION DE FONDOS,DIRECCION NACIONAL DEL TESORO MINISTERIO DE HACIENDA Y CREDITO PUBLICO,NO APLICA,10000000.0,10000000.0,10000000.0
8099674,20230601,218552585,Pupiales,2.3,INVERSION,GASTOS,INVERSION,No Aplica,No Aplica,No Aplica,No Aplica,No Aplica,No Aplica,No Aplica,No Aplica,CUENTAS POR PAGAR,ENTIDADES TERRITORIALES - ADMINISTRACION CENTRAL,NO DEFINIDO,No Aplica,NO DEFINIDO,,,2023,Segundo Trimestre,,,,NO DEFINIDO,NO DEFINIDO,,,,,,NO DEFINIDO,,,,,,NO DEFINIDO,NO DEFINIDO,NO DEFINIDO,97468843.0,97468843.0,81961355.0
8099784,20220901,218552585,Pupiales,2.3.2.02.02.009,"SERVICIOS PARA LA COMUNIDAD, SOCIALES Y PERSONALES",GASTOS,INVERSION,ADQUISICION DE BIENES Y SERVICIOS,ADQUISICIONES DIFERENTES DE ACTIVOS,ADQUISICION DE SERVICIOS,"SERVICIOS PARA LA COMUNIDAD, SOCIALES Y PERSONALES",No Aplica,No Aplica,No Aplica,No Aplica,VIGENCIA ACTUAL,ENTIDADES TERRITORIALES - ADMINISTRACION CENTRAL,SERVICIOS DE GESTION PARA GENERACION Y FORMALIZACION DEL EMPLEO,No Aplica,NO DEFINIDO,,,2022,Tercer Trimestre,,,,OTROS SERVICIOS DE LA ADMINISTRACION PUBLICA N C P,INGRESOS CORRIENTES DE LIBRE DESTINACION,,,,,,NO APLICA,,,,,,CON SITUACION DE FONDOS,NO APLICA,NO APLICA,10000000.0,10000000.0,10000000.0
8101026,20230601,218552585,Pupiales,2.3.3.05.08,A ESQUEMAS ASOCIATIVOS,GASTOS,INVERSION,TRANSFERENCIAS CORRIENTES,A ENTIDADES DEL GOBIERNO,A ESQUEMAS ASOCIATIVOS,No Aplica,No Aplica,No Aplica,No Aplica,No Aplica,CUENTAS POR PAGAR,ENTIDADES TERRITORIALES - ADMINISTRACION CENTRAL,NO DEFINIDO,No Aplica,NO DEFINIDO,,,2023,Segundo Trimestre,,,,NO DEFINIDO,NO DEFINIDO,,,,,,NO DEFINIDO,,,,,,NO DEFINIDO,NO DEFINIDO,NO DEFINIDO,6238423.0,6238423.0,6238423.0
8103846,20210901,218552585,Pupiales,2.2.2.02.02.002.02.03,BANCA COMERCIAL,GASTOS,SERVICIO DE LA DEUDA PUBLICA,SERVICIO DE LA DEUDA PUBLICA INTERNA,INTERESES,PRESTAMOS,ENTIDADES FINANCIERAS,BANCA COMERCIAL,BANCA COMERCIAL,No Aplica,No Aplica,VIGENCIA ACTUAL,ENTIDADES TERRITORIALES - ADMINISTRACION CENTRAL,"40.03.010 - VIVIENDA, CIUDAD Y TERRITORIO - ACCESO DE LA POBLACION A LOS SERVICIOS DE AGUA POTABLE Y SANEAMIENTO BASICO - SERVICIO DE ASEO",No Aplica,NO DEFINIDO,,,2021,Tercer Trimestre,,,,NO APLICA,1.3.1.1.05 - RECURSOS DE CREDITO INTERNO,,,,,,NO APLICA,,,,,,CON SITUACION DE FONDOS,NO APLICA,NO DEFINIDO,19975817.0,19975817.0,19975817.0
8104721,20220901,218552585,Pupiales,2.1.1.01.01.001.01,SUELDO BASICO,GASTOS,FUNCIONAMIENTO,GASTOS DE PERSONAL,PLANTA DE PERSONAL PERMANENTE,FACTORES CONSTITUTIVOS DE SALARIO,FACTORES SALARIALES COMUNES,SUELDO BASICO,No Aplica,No Aplica,No Aplica,VIGENCIA ACTUAL,ENTIDADES TERRITORIALES - ADMINISTRACION CENTRAL,NO APLICA,No Aplica,NO DEFINIDO,,,2022,Tercer Trimestre,,,,NO APLICA,INGRESOS CORRIENTES DE LIBRE DESTINACION,,,,,,NO APLICA,,,,,,CON SITUACION DE FONDOS,NO APLICA,NO APLICA,381576120.0,381576120.0,381251931.0
8106617,20220601,218552585,Pupiales,2.3.1.01.01.001.05,AUXILIO DE TRANSPORTE,GASTOS,INVERSION,GASTOS DE PERSONAL,PLANTA DE PERSONAL PERMANENTE,FACTORES CONSTITUTIVOS DE SALARIO,FACTORES SALARIALES COMUNES,AUXILIO DE TRANSPORTE,No Aplica,No Aplica,No Aplica,VIGENCIA ACTUAL,ENTIDADES TERRITORIALES - ADMINISTRACION CENTRAL,NO APLICA,No Aplica,NO DEFINIDO,,,2022,Segundo Trimestre,,,,NO APLICA,SGP-PROPOSITO GENERAL-PROPOSITO GENERAL LIBRE INVERSION,,,,,,NO APLICA,,,,,,CON SITUACION DE FONDOS,DIRECCION NACIONAL DEL TESORO MINISTERIO DE HACIENDA Y CREDITO PUBLICO,NO APLICA,6772541.0,5612538.0,5612538.0
8108408,20230601,218552585,Pupiales,2,GASTOS,GASTOS,No Aplica,No Aplica,No Aplica,No Aplica,No Aplica,No Aplica,No Aplica,No Aplica,No Aplica,VIGENCIA ACTUAL,ENTIDADES TERRITORIALES - PERSONERIA,NO DEFINIDO,No Aplica,NO DEFINIDO,,,2023,Segundo Trimestre,,,,NO DEFINIDO,NO DEFINIDO,,,,,,NO DEFINIDO,,,,,,NO DEFINIDO,NO DEFINIDO,NO DEFINIDO,83119247.0,83119247.0,83119247.0
8108750,20210901,218552585,Pupiales,2.1.1.01.02,CONTRIBUCIONES INHERENTES A LA NOMINA,GASTOS,FUNCIONAMIENTO,GASTOS DE PERSONAL,PLANTA DE PERSONAL PERMANENTE,CONTRIBUCIONES INHERENTES A LA NOMINA,No Aplica,No Aplica,No Aplica,No Aplica,No Aplica,VIGENCIA ACTUAL,ENTIDADES TERRITORIALES - ADMINISTRACION CENTRAL,NO DEFINIDO,No Aplica,NO DEFINIDO,,,2021,Tercer Trimestre,,,,NO DEFINIDO,NO DEFINIDO,,,,,,NO DEFINIDO,,,,,,NO DEFINIDO,NO DEFINIDO,NO DEFINIDO,160099339.0,160099339.0,160099339.0
8110666,20230301,218552585,Pupiales,2.3.2.02,ADQUISICIONES DIFERENTES DE ACTIVOS,GASTOS,INVERSION,ADQUISICION DE BIENES Y SERVICIOS,ADQUISICIONES DIFERENTES DE ACTIVOS,No Aplica,No Aplica,No Aplica,No Aplica,No Aplica,No Aplica,CUENTAS POR PAGAR,ENTIDADES TERRITORIALES - ADMINISTRACION CENTRAL,NO DEFINIDO,No Aplica,NO DEFINIDO,,,2023,Primer Trimestre,,,,NO DEFINIDO,NO DEFINIDO,,,,,,NO DEFINIDO,,,,,,NO DEFINIDO,NO DEFINIDO,NO DEFINIDO,60060387.0,60060387.0,41869986.0
8112818,20220901,218552585,Pupiales,2.3.2.02.02.009,"SERVICIOS PARA LA COMUNIDAD, SOCIALES Y PERSONALES",GASTOS,INVERSION,ADQUISICION DE BIENES Y SERVICIOS,ADQUISICIONES DIFERENTES DE ACTIVOS,ADQUISICION DE SERVICIOS,"SERVICIOS PARA LA COMUNIDAD, SOCIALES Y PERSONALES",No Aplica,No Aplica,No Aplica,No Aplica,VIGENCIA ACTUAL,ENTIDADES TERRITORIALES - ADMINISTRACION CENTRAL,"SERVICIO DE APOYO A LA ACTIVIDAD FISICA, LA RECREACION Y EL DEPORTE",2021525850010,NO DEFINIDO,,,2022,Tercer Trimestre,,,,OTROS SERVICIOS DE LA ADMINISTRACION PUBLICA N C P,SGP-PROPOSITO GENERAL-DEPORTE Y RECREACION,,,,,,NO APLICA,,,,,,CON SITUACION DE FONDOS,DIRECCION NACIONAL DEL TESORO MINISTERIO DE HACIENDA Y CREDITO PUBLICO,NO APLICA,19965000.0,19965000.0,19965000.0
8117399,20220901,218552585,Pupiales,2.1.1.01.03.001.03,BONIFICACION ESPECIAL DE RECREACION,GASTOS,FUNCIONAMIENTO,GASTOS DE PERSONAL,PLANTA DE PERSONAL PERMANENTE,REMUNERACIONES NO CONSTITUTIVAS DE FACTOR SALARIAL,PRESTACIONES SOCIALES,BONIFICACION ESPECIAL DE RECREACION,No Aplica,No Aplica,No Aplica,VIGENCIA ACTUAL,ENTIDADES TERRITORIALES - ADMINISTRACION CENTRAL,NO APLICA,No Aplica,NO DEFINIDO,,,2022,Tercer Trimestre,,,,NO APLICA,INGRESOS CORRIENTES DE LIBRE DESTINACION,,,,,,NO APLICA,,,,,,CON SITUACION DE FONDOS,NO APLICA,NO APLICA,2519111.0,2519111.0,2519111.0
8122315,20230601,218552585,Pupiales,2.3.1.01.03.001,PRESTACIONES SOCIALES,GASTOS,INVERSION,GASTOS DE PERSONAL,PLANTA DE PERSONAL PERMANENTE,REMUNERACIONES NO CONSTITUTIVAS DE FACTOR SALARIAL,PRESTACIONES SOCIALES,No Aplica,No Aplica,No Aplica,No Aplica,VIGENCIA ACTUAL,ENTIDADES TERRITORIALES - ADMINISTRACION CENTRAL,NO DEFINIDO,No Aplica,NO DEFINIDO,,,2023,Segundo Trimestre,,,,NO DEFINIDO,NO DEFINIDO,,,,,,NO DEFINIDO,,,,,,NO DEFINIDO,NO DEFINIDO,NO DEFINIDO,1473606.0,0.0,0.0
8126567,20230301,218552585,Pupiales,2.1.2.02.02.009,"SERVICIOS PARA LA COMUNIDAD, SOCIALES Y PERSONALES",GASTOS,FUNCIONAMIENTO,ADQUISICION DE BIENES Y SERVICIOS,ADQUISICIONES DIFERENTES DE ACTIVOS,ADQUISICION DE SERVICIOS,"SERVICIOS PARA LA COMUNIDAD, SOCIALES Y PERSONALES",No Aplica,No Aplica,No Aplica,No Aplica,VIGENCIA ACTUAL,ENTIDADES TERRITORIALES - ADMINISTRACION CENTRAL,NO APLICA,No Aplica,NO DEFINIDO,,,2023,Primer Trimestre,,,,OTROS SERVICIOS ADMINISTRATIVOS DEL GOBIERNO N C P,"SGP-PROPOSITO GENERAL-LIBRE DESTINACION MUNICIPIOS CATEGORIAS 4, 5 Y 6",,,,,,NO APLICA,,,,,,CON SITUACION DE FONDOS,NO APLICA,NO APLICA,46042457.0,35218873.0,19439963.0
8127044,20221201,218552585,Pupiales,2.3.2.02.02.009,"SERVICIOS PARA LA COMUNIDAD, SOCIALES Y PERSONALES",GASTOS,INVERSION,ADQUISICION DE BIENES Y SERVICIOS,ADQUISICIONES DIFERENTES DE ACTIVOS,ADQUISICION DE SERVICIOS,"SERVICIOS PARA LA COMUNIDAD, SOCIALES Y PERSONALES",No Aplica,No Aplica,No Aplica,No Aplica,VIGENCIA ACTUAL,ENTIDADES TERRITORIALES - ADMINISTRACION CENTRAL,SERVICIOS DE ASISTENCIA TECNICA,No Aplica,NO DEFINIDO,,,2022,Cuarto Trimestre,,,,OTROS SERVICIOS DE LA ADMINISTRACION PUBLICA N C P,SGP-PROPOSITO GENERAL-PROPOSITO GENERAL LIBRE INVERSION,,,,,,NO APLICA,,,,,,CON SITUACION DE FONDOS,DIRECCION NACIONAL DEL TESORO MINISTERIO DE HACIENDA Y CREDITO PUBLICO,NO APLICA,10000000.0,10000000.0,10000000.0
8128665,20210901,218552585,Pupiales,2.1.1.01.02.003,APORTES DE CESANTIAS,GASTOS,FUNCIONAMIENTO,GASTOS DE PERSONAL,PLANTA DE PERSONAL PERMANENTE,CONTRIBUCIONES INHERENTES A LA NOMINA,APORTES DE CESANTIAS,No Aplica,No Aplica,No Aplica,No Aplica,VIGENCIA ACTUAL,ENTIDADES TERRITORIALES - ADMINISTRACION CENTRAL,NO APLICA,No Aplica,NO DEFINIDO,,,2021,Tercer Trimestre,,,,NO APLICA,1.2.1.0.00 - INGRESOS CORRIENTES DE LIBRE DESTINACION,,,,,,NO APLICA,,,,,,CON SITUACION DE FONDOS,NO APLICA,NO DEFINIDO,18641985.0,18641985.0,18641985.0
8129507,20211201,218552585,Pupiales,2.3.2.02.02.009,"SERVICIOS PARA LA COMUNIDAD, SOCIALES Y PERSONALES",GASTOS,INVERSION,ADQUISICION DE BIENES Y SERVICIOS,ADQUISICIONES DIFERENTES DE ACTIVOS,ADQUISICION DE SERVICIOS,"SERVICIOS PARA LA COMUNIDAD, SOCIALES Y PERSONALES",No Aplica,No Aplica,No Aplica,No Aplica,VIGENCIA ACTUAL,ENTIDADES TERRITORIALES - ADMINISTRACION CENTRAL,CENTROS CULTURALES CONSTRUIDOS,No Aplica,NO DEFINIDO,,,2021,Cuarto Trimestre,,,,OTROS SERVICIOS DIVERSOS N C P,TRANSFERENCIAS DE CAPITAL DE OTRAS ENTIDADES DEL GOBIERNO GENERAL,,,,,,NO APLICA,,,,,,CON SITUACION DE FONDOS,OTRO,NO DEFINIDO,9000000.0,9000000.0,9000000.0
8129619,20220901,218552585,Pupiales,2.1.1.01.01.001.01,SUELDO BASICO,GASTOS,FUNCIONAMIENTO,GASTOS DE PERSONAL,PLANTA DE PERSONAL PERMANENTE,FACTORES CONSTITUTIVOS DE SALARIO,FACTORES SALARIALES COMUNES,SUELDO BASICO,No Aplica,No Aplica,No Aplica,VIGENCIA ACTUAL,ENTIDADES TERRITORIALES - CONCEJO,NO APLICA,No Aplica,NO DEFINIDO,,,2022,Tercer Trimestre,,,,NO APLICA,INGRESOS CORRIENTES DE LIBRE DESTINACION,,,,,,NO APLICA,,,,,,CON SITUACION DE FONDOS,NO APLICA,NO APLICA,33423176.0,33423176.0,33423176.0
8131698,20220901,218552585,Pupiales,2.3.1.01.01.001.08.01,PRIMA DE NAVIDAD,GASTOS,INVERSION,GASTOS DE PERSONAL,PLANTA DE PERSONAL PERMANENTE,FACTORES CONSTITUTIVOS DE SALARIO,FACTORES SALARIALES COMUNES,PRESTACIONES SOCIALES,PRIMA DE NAVIDAD,No Aplica,No Aplica,VIGENCIA ACTUAL,ENTIDADES TERRITORIALES - ADMINISTRACION CENTRAL,NO APLICA,No Aplica,NO DEFINIDO,,,2022,Tercer Trimestre,,,,NO APLICA,SGP-PROPOSITO GENERAL-PROPOSITO GENERAL LIBRE INVERSION,,,,,,NO APLICA,,,,,,CON SITUACION DE FONDOS,DIRECCION NACIONAL DEL TESORO MINISTERIO DE HACIENDA Y CREDITO PUBLICO,NO APLICA,1689024.0,1689024.0,1689024.0
8136987,20230301,218552585,Pupiales,2.3,INVERSION,GASTOS,INVERSION,No Aplica,No Aplica,No Aplica,No Aplica,No Aplica,No Aplica,No Aplica,No Aplica,RESERVAS,ENTIDADES TERRITORIALES - ADMINISTRACION CENTRAL,NO DEFINIDO,No Aplica,NO DEFINIDO,,,2023,Primer Trimestre,,,,NO DEFINIDO,NO DEFINIDO,,,,,,NO DEFINIDO,,,,,,NO DEFINIDO,NO DEFINIDO,NO DEFINIDO,3952024126.0,243286453.0,243286453.0
8138165,20220601,218552585,Pupiales,2.1.2.02.02.006,"COMERCIO Y DISTRIBUCION; ALOJAMIENTO; SERVICIOS DE SUMINISTRO DE COMIDAS Y BEBIDAS; SERVICIOS DE TRANSPORTE; Y SERVICIOS DE DISTRIBUCION DE ELECTRICIDAD, GAS Y AGUA",GASTOS,FUNCIONAMIENTO,ADQUISICION DE BIENES Y SERVICIOS,ADQUISICIONES DIFERENTES DE ACTIVOS,ADQUISICION DE SERVICIOS,"COMERCIO Y DISTRIBUCION; ALOJAMIENTO; SERVICIOS DE SUMINISTRO DE COMIDAS Y BEBIDAS; SERVICIOS DE TRANSPORTE; Y SERVICIOS DE DISTRIBUCION DE ELECTRICIDAD, GAS Y AGUA",No Aplica,No Aplica,No Aplica,No Aplica,VIGENCIA ACTUAL,ENTIDADES TERRITORIALES - ADMINISTRACION CENTRAL,NO APLICA,No Aplica,NO DEFINIDO,,,2022,Segundo Trimestre,,,,OTROS SERVICIOS DIVERSOS N C P,INGRESOS CORRIENTES DE LIBRE DESTINACION,,,,,,NO APLICA,,,,,,CON SITUACION DE FONDOS,NO APLICA,NO APLICA,47335210.0,22335210.0,22335210.0
8139119,20221201,218552585,Pupiales,2.3.2.01.01.001.02.04,EDIFICIOS PUBLICOS DE ENTRETENIMIENTO,GASTOS,INVERSION,ADQUISICION DE BIENES Y SERVICIOS,ADQUISICION DE ACTIVOS NO FINANCIEROS,ACTIVOS FIJOS,EDIFICACIONES Y ESTRUCTURAS,EDIFICACIONES DISTINTAS A VIVIENDAS,EDIFICIOS PUBLICOS DE ENTRETENIMIENTO,No Aplica,No Aplica,VIGENCIA ACTUAL,ENTIDADES TERRITORIALES - ADMINISTRACION CENTRAL,CENTROS DE PROTECCION SOCIAL PARA EL ADULTO MAYOR CONSTRUIDOS Y DOTADOS,No Aplica,NO DEFINIDO,,,2022,Cuarto Trimestre,,,,NO APLICA,ESTAMPILLAS,,,,,,NO APLICA,,,,,,CON SITUACION DE FONDOS,NO APLICA,NO APLICA,137770152.0,137770152.0,133270152.0
8139556,20230301,218552585,Pupiales,2.3.2.02.02.009,"SERVICIOS PARA LA COMUNIDAD, SOCIALES Y PERSONALES",GASTOS,INVERSION,ADQUISICION DE BIENES Y SERVICIOS,ADQUISICIONES DIFERENTES DE ACTIVOS,ADQUISICION DE SERVICIOS,"SERVICIOS PARA LA COMUNIDAD, SOCIALES Y PERSONALES",No Aplica,No Aplica,No Aplica,No Aplica,VIGENCIA ACTUAL,ENTIDADES TERRITORIALES - ADMINISTRACION CENTRAL,SERVICIO DE ASISTENCIA TECNICA4599031,No Aplica,NO DEFINIDO,,,2023,Primer Trimestre,,,,OTROS SERVICIOS DE LA ADMINISTRACION PUBLICA N C P,"SGP-PROPOSITO GENERAL-LIBRE DESTINACION MUNICIPIOS CATEGORIAS 4, 5 Y 6",,,,,,NO APLICA,,,,,,CON SITUACION DE FONDOS,NO APLICA,NO APLICA,9391759.0,6022984.0,3205240.0
8142517,20210601,218552585,Pupiales,2.3.1.01.02.002,APORTES A LA SEGURIDAD SOCIAL EN SALUD,GASTOS,INVERSION,GASTOS DE PERSONAL,PLANTA DE PERSONAL PERMANENTE,CONTRIBUCIONES INHERENTES A LA NOMINA,APORTES A LA SEGURIDAD SOCIAL EN SALUD,No Aplica,No Aplica,No Aplica,No Aplica,VIGENCIA ACTUAL,ENTIDADES TERRITORIALES - ADMINISTRACION CENTRAL,NO APLICA,No Aplica,NO DEFINIDO,,,2021,Segundo Trimestre,,,,NO APLICA,1.2.4.3.03 - SGP-PROPOSITO GENERAL-PROPOSITO GENERAL LIBRE INVERSION,,,,,,NO APLICA,,,,,,CON SITUACION DE FONDOS,DIRECCION NACIONAL DEL TESORO MINISTERIO DE HACIENDA Y CREDITO PUBLICO,NO DEFINIDO,7348910.0,7348910.0,7348910.0
8147337,20220601,218552585,Pupiales,2.1.1.01.03,REMUNERACIONES NO CONSTITUTIVAS DE FACTOR SALARIAL,GASTOS,FUNCIONAMIENTO,GASTOS DE PERSONAL,PLANTA DE PERSONAL PERMANENTE,REMUNERACIONES NO CONSTITUTIVAS DE FACTOR SALARIAL,No Aplica,No Aplica,No Aplica,No Aplica,No Aplica,VIGENCIA ACTUAL,ENTIDADES TERRITORIALES - CONCEJO,NO DEFINIDO,No Aplica,NO DEFINIDO,,,2022,Segundo Trimestre,,,,NO DEFINIDO,NO DEFINIDO,,,,,,NO DEFINIDO,,,,,,NO DEFINIDO,NO DEFINIDO,NO DEFINIDO,79352056.0,79352056.0,79352056.0
8148982,20220301,218552585,Pupiales,2.1.1.01.01.001.04,SUBSIDIO DE ALIMENTACION,GASTOS,FUNCIONAMIENTO,GASTOS DE PERSONAL,PLANTA DE PERSONAL PERMANENTE,FACTORES CONSTITUTIVOS DE SALARIO,FACTORES SALARIALES COMUNES,SUBSIDIO DE ALIMENTACION,No Aplica,No Aplica,No Aplica,VIGENCIA ACTUAL,ENTIDADES TERRITORIALES - ADMINISTRACION CENTRAL,NO APLICA,No Aplica,NO DEFINIDO,,,2022,Primer Trimestre,,,,NO APLICA,INGRESOS CORRIENTES DE LIBRE DESTINACION,,,,,,NO APLICA,,,,,,CON SITUACION DE FONDOS,NO APLICA,NO APLICA,2403230.0,2403230.0,2403230.0
8153389,20220301,218552585,Pupiales,2.3.1.01.01.001.08,PRESTACIONES SOCIALES,GASTOS,INVERSION,GASTOS DE PERSONAL,PLANTA DE PERSONAL PERMANENTE,FACTORES CONSTITUTIVOS DE SALARIO,FACTORES SALARIALES COMUNES,PRESTACIONES SOCIALES,No Aplica,No Aplica,No Aplica,VIGENCIA ACTUAL,ENTIDADES TERRITORIALES - ADMINISTRACION CENTRAL,NO DEFINIDO,No Aplica,NO DEFINIDO,,,2022,Primer Trimestre,,,,NO DEFINIDO,NO DEFINIDO,,,,,,NO DEFINIDO,,,,,,NO DEFINIDO,NO DEFINIDO,NO DEFINIDO,4973244.0,4973244.0,4973244.0
8157633,20211201,218552585,Pupiales,2.1.2.01.01,ACTIVOS FIJOS,GASTOS,FUNCIONAMIENTO,ADQUISICION DE BIENES Y SERVICIOS,ADQUISICION DE ACTIVOS NO FINANCIEROS,ACTIVOS FIJOS,No Aplica,No Aplica,No Aplica,No Aplica,No Aplica,VIGENCIA ACTUAL,ENTIDADES TERRITORIALES - ADMINISTRACION CENTRAL,NO DEFINIDO,No Aplica,NO DEFINIDO,,,2021,Cuarto Trimestre,,,,NO DEFINIDO,NO DEFINIDO,,,,,,NO DEFINIDO,,,,,,NO DEFINIDO,NO DEFINIDO,NO DEFINIDO,23200000.0,23200000.0,23200000.0
8158495,20211201,218552585,Pupiales,2.1.1.01.01,FACTORES CONSTITUTIVOS DE SALARIO,GASTOS,FUNCIONAMIENTO,GASTOS DE PERSONAL,PLANTA DE PERSONAL PERMANENTE,FACTORES CONSTITUTIVOS DE SALARIO,No Aplica,No Aplica,No Aplica,No Aplica,No Aplica,VIGENCIA ACTUAL,ENTIDADES TERRITORIALES - ADMINISTRACION CENTRAL,NO DEFINIDO,No Aplica,NO DEFINIDO,,,2021,Cuarto Trimestre,,,,NO DEFINIDO,NO DEFINIDO,,,,,,NO DEFINIDO,,,,,,NO DEFINIDO,NO DEFINIDO,NO DEFINIDO,620503820.0,620503820.0,620503820.0
8162899,20220901,218552585,Pupiales,2.1.2.02.02.009,"SERVICIOS PARA LA COMUNIDAD, SOCIALES Y PERSONALES",GASTOS,FUNCIONAMIENTO,ADQUISICION DE BIENES Y SERVICIOS,ADQUISICIONES DIFERENTES DE ACTIVOS,ADQUISICION DE SERVICIOS,"SERVICIOS PARA LA COMUNIDAD, SOCIALES Y PERSONALES",No Aplica,No Aplica,No Aplica,No Aplica,VIGENCIA ACTUAL,ENTIDADES TERRITORIALES - ADMINISTRACION CENTRAL,NO APLICA,No Aplica,NO DEFINIDO,,,2022,Tercer Trimestre,,,,OTROS SERVICIOS DE LA ADMINISTRACION PUBLICA N C P,INGRESOS CORRIENTES DE LIBRE DESTINACION,,,,,,NO APLICA,,,,,,CON SITUACION DE FONDOS,NO APLICA,NO APLICA,608388734.0,541746162.0,541746162.0
8164581,20230301,218552585,Pupiales,2.1.3,TRANSFERENCIAS CORRIENTES,GASTOS,FUNCIONAMIENTO,TRANSFERENCIAS CORRIENTES,No Aplica,No Aplica,No Aplica,No Aplica,No Aplica,No Aplica,No Aplica,VIGENCIA ACTUAL,ENTIDADES TERRITORIALES - ADMINISTRACION CENTRAL,NO DEFINIDO,No Aplica,NO DEFINIDO,,,2023,Primer Trimestre,,,,NO DEFINIDO,NO DEFINIDO,,,,,,NO DEFINIDO,,,,,,NO DEFINIDO,NO DEFINIDO,NO DEFINIDO,4504385.0,4504385.0,2158679.0
8165972,20221201,218552585,Pupiales,2.1.1.01.01.001.01,SUELDO BASICO,GASTOS,FUNCIONAMIENTO,GASTOS DE PERSONAL,PLANTA DE PERSONAL PERMANENTE,FACTORES CONSTITUTIVOS DE SALARIO,FACTORES SALARIALES COMUNES,SUELDO BASICO,No Aplica,No Aplica,No Aplica,VIGENCIA ACTUAL,ENTIDADES TERRITORIALES - CONCEJO,NO APLICA,No Aplica,NO DEFINIDO,,,2022,Cuarto Trimestre,,,,NO APLICA,INGRESOS CORRIENTES DE LIBRE DESTINACION,,,,,,NO APLICA,,,,,,CON SITUACION DE FONDOS,NO APLICA,NO APLICA,60000000.0,60000000.0,60000000.0
8166997,20220301,218552585,Pupiales,2.3.1.01.02,CONTRIBUCIONES INHERENTES A LA NOMINA,GASTOS,INVERSION,GASTOS DE PERSONAL,PLANTA DE PERSONAL PERMANENTE,CONTRIBUCIONES INHERENTES A LA NOMINA,No Aplica,No Aplica,No Aplica,No Aplica,No Aplica,VIGENCIA ACTUAL,ENTIDADES TERRITORIALES - ADMINISTRACION CENTRAL,NO DEFINIDO,No Aplica,NO DEFINIDO,,,2022,Primer Trimestre,,,,NO DEFINIDO,NO DEFINIDO,,,,,,NO DEFINIDO,,,,,,NO DEFINIDO,NO DEFINIDO,NO DEFINIDO,12197519.0,12197519.0,12197519.0
8167074,20230601,218552585,Pupiales,2.3.2.02.02.009,"SERVICIOS PARA LA COMUNIDAD, SOCIALES Y PERSONALES",GASTOS,INVERSION,ADQUISICION DE BIENES Y SERVICIOS,ADQUISICIONES DIFERENTES DE ACTIVOS,ADQUISICION DE SERVICIOS,"SERVICIOS PARA LA COMUNIDAD, SOCIALES Y PERSONALES",No Aplica,No Aplica,No Aplica,No Aplica,VIGENCIA ACTUAL,ENTIDADES TERRITORIALES - ADMINISTRACION CENTRAL,SERVICIO DE APOYO FINANCIERO PARA LA ORGANIZACION DE FERIAS NACIONALES E INTERNACIONALES,No Aplica,NO DEFINIDO,,,2023,Segundo Trimestre,,,,SERVICIOS DE LOS ORGANOS DE CONTROL Y OTRAS INSTITUCIONES,SGP-PROPOSITO GENERAL-PROPOSITO GENERAL LIBRE INVERSION,,,,,,NO APLICA,,,,,,CON SITUACION DE FONDOS,NO APLICA,NO APLICA,32480000.0,0.0,0.0
8169020,20220301,218552585,Pupiales,2.1.1.01.03,REMUNERACIONES NO CONSTITUTIVAS DE FACTOR SALARIAL,GASTOS,FUNCIONAMIENTO,GASTOS DE PERSONAL,PLANTA DE PERSONAL PERMANENTE,REMUNERACIONES NO CONSTITUTIVAS DE FACTOR SALARIAL,No Aplica,No Aplica,No Aplica,No Aplica,No Aplica,VIGENCIA ACTUAL,ENTIDADES TERRITORIALES - ADMINISTRACION CENTRAL,NO DEFINIDO,No Aplica,NO DEFINIDO,,,2022,Primer Trimestre,,,,NO DEFINIDO,NO DEFINIDO,,,,,,NO DEFINIDO,,,,,,NO DEFINIDO,NO DEFINIDO,NO DEFINIDO,6013982.0,6013982.0,6013982.0
8171795,20220901,218552585,Pupiales,2.1,FUNCIONAMIENTO,GASTOS,FUNCIONAMIENTO,No Aplica,No Aplica,No Aplica,No Aplica,No Aplica,No Aplica,No Aplica,No Aplica,VIGENCIA ACTUAL,ENTIDADES TERRITORIALES - ADMINISTRACION CENTRAL,NO DEFINIDO,No Aplica,NO DEFINIDO,,,2022,Tercer Trimestre,,,,NO DEFINIDO,NO DEFINIDO,,,,,,NO DEFINIDO,,,,,,NO DEFINIDO,NO DEFINIDO,NO DEFINIDO,1644412039.0,1564081467.0,1471435962.0
8171807,20210901,218552585,Pupiales,2.1.1.01.03.006,HONORARIOS CONCEJALES,GASTOS,FUNCIONAMIENTO,GASTOS DE PERSONAL,PLANTA DE PERSONAL PERMANENTE,REMUNERACIONES NO CONSTITUTIVAS DE FACTOR SALARIAL,HONORARIOS CONCEJALES,No Aplica,No Aplica,No Aplica,No Aplica,VIGENCIA ACTUAL,ENTIDADES TERRITORIALES - CONCEJO,NO APLICA,No Aplica,NO DEFINIDO,,,2021,Tercer Trimestre,,,,NO APLICA,1.2.1.0.00 - INGRESOS CORRIENTES DE LIBRE DESTINACION,,,,,,NO APLICA,,,,,,CON SITUACION DE FONDOS,NO APLICA,NO DEFINIDO,127235046.0,127235046.0,127235046.0
8173549,20221201,218552585,Pupiales,2.3.2.01.01.003,MAQUINARIA Y EQUIPO,GASTOS,INVERSION,ADQUISICION DE BIENES Y SERVICIOS,ADQUISICION DE ACTIVOS NO FINANCIEROS,ACTIVOS FIJOS,MAQUINARIA Y EQUIPO,No Aplica,No Aplica,No Aplica,No Aplica,VIGENCIA ACTUAL,ENTIDADES TERRITORIALES - ADMINISTRACION CENTRAL,NO DEFINIDO,No Aplica,NO DEFINIDO,,,2022,Cuarto Trimestre,,,,NO DEFINIDO,NO DEFINIDO,,,,,,NO DEFINIDO,,,,,,NO DEFINIDO,NO DEFINIDO,NO DEFINIDO,120158200.0,120158200.0,120158200.0
8174067,20220301,218552585,Pupiales,2.3.1.01,PLANTA DE PERSONAL PERMANENTE,GASTOS,INVERSION,GASTOS DE PERSONAL,PLANTA DE PERSONAL PERMANENTE,No Aplica,No Aplica,No Aplica,No Aplica,No Aplica,No Aplica,VIGENCIA ACTUAL,ENTIDADES TERRITORIALES - ADMINISTRACION CENTRAL,NO DEFINIDO,No Aplica,NO DEFINIDO,,,2022,Primer Trimestre,,,,NO DEFINIDO,NO DEFINIDO,,,,,,NO DEFINIDO,,,,,,NO DEFINIDO,NO DEFINIDO,NO DEFINIDO,75950926.0,75950926.0,75950926.0
8174353,20210301,218552585,Pupiales,2.1.1.01.01.001.01,SUELDO BASICO,GASTOS,FUNCIONAMIENTO,GASTOS DE PERSONAL,PLANTA DE PERSONAL PERMANENTE,FACTORES CONSTITUTIVOS DE SALARIO,FACTORES SALARIALES COMUNES,SUELDO BASICO,No Aplica,No Aplica,No Aplica,VIGENCIA ACTUAL,ENTIDADES TERRITORIALES - PERSONERIA,NO APLICA,No Aplica,NO DEFINIDO,,,2021,Primer Trimestre,,,,NO APLICA,1.2.1.0.00 - INGRESOS CORRIENTES DE LIBRE DESTINACION,,,,,,NO APLICA,,,,,,CON SITUACION DE FONDOS,NO APLICA,NO DEFINIDO,34869450.0,34869450.0,34869450.0
8177129,20230601,218552585,Pupiales,2.1.2.02.02,ADQUISICION DE SERVICIOS,GASTOS,FUNCIONAMIENTO,ADQUISICION DE BIENES Y SERVICIOS,ADQUISICIONES DIFERENTES DE ACTIVOS,ADQUISICION DE SERVICIOS,No Aplica,No Aplica,No Aplica,No Aplica,No Aplica,VIGENCIA ACTUAL,ENTIDADES TERRITORIALES - CONCEJO,NO DEFINIDO,No Aplica,NO DEFINIDO,,,2023,Segundo Trimestre,,,,NO DEFINIDO,NO DEFINIDO,,,,,,NO DEFINIDO,,,,,,NO DEFINIDO,NO DEFINIDO,NO DEFINIDO,5460000.0,5460000.0,5460000.0
8179805,20220301,218552585,Pupiales,2.3.1.01.02.007,APORTES AL SENA,GASTOS,INVERSION,GASTOS DE PERSONAL,PLANTA DE PERSONAL PERMANENTE,CONTRIBUCIONES INHERENTES A LA NOMINA,APORTES AL SENA,No Aplica,No Aplica,No Aplica,No Aplica,VIGENCIA ACTUAL,ENTIDADES TERRITORIALES - ADMINISTRACION CENTRAL,NO APLICA,No Aplica,NO DEFINIDO,,,2022,Primer Trimestre,,,,NO APLICA,SGP-PROPOSITO GENERAL-PROPOSITO GENERAL LIBRE INVERSION,,,,,,NO APLICA,,,,,,CON SITUACION DE FONDOS,DIRECCION NACIONAL DEL TESORO MINISTERIO DE HACIENDA Y CREDITO PUBLICO,NO APLICA,166182.0,166182.0,166182.0
8180772,20221201,218552585,Pupiales,2.3.2.02.02.009,"SERVICIOS PARA LA COMUNIDAD, SOCIALES Y PERSONALES",GASTOS,INVERSION,ADQUISICION DE BIENES Y SERVICIOS,ADQUISICIONES DIFERENTES DE ACTIVOS,ADQUISICION DE SERVICIOS,"SERVICIOS PARA LA COMUNIDAD, SOCIALES Y PERSONALES",No Aplica,No Aplica,No Aplica,No Aplica,VIGENCIA ACTUAL,ENTIDADES TERRITORIALES - ADMINISTRACION CENTRAL,SERVICIO DE ATENCION Y PROTECCION INTEGRAL AL ADULTO MAYOR,No Aplica,NO DEFINIDO,,,2022,Cuarto Trimestre,,,,OTROS SERVICIOS DE LA ADMINISTRACION PUBLICA N C P,R.B. ESTAMPILLAS,,,,,,NO APLICA,,,,,,CON SITUACION DE FONDOS,NO APLICA,NO APLICA,107144378.0,107144378.0,100219186.0
8180966,20220901,218552585,Pupiales,2.3.2.02,ADQUISICIONES DIFERENTES DE ACTIVOS,GASTOS,INVERSION,ADQUISICION DE BIENES Y SERVICIOS,ADQUISICIONES DIFERENTES DE ACTIVOS,No Aplica,No Aplica,No Aplica,No Aplica,No Aplica,No Aplica,VIGENCIA ACTUAL,ENTIDADES TERRITORIALES - ADMINISTRACION CENTRAL,NO DEFINIDO,No Aplica,NO DEFINIDO,,,2022,Tercer Trimestre,,,,NO DEFINIDO,NO DEFINIDO,,,,,,NO DEFINIDO,,,,,,NO DEFINIDO,NO DEFINIDO,NO DEFINIDO,18250480054.0,16285637329.0,16281286079.0
8182276,20210301,218552585,Pupiales,2.1.1.01.02.005,APORTES GENERALES AL SISTEMA DE RIESGOS LABORALES,GASTOS,FUNCIONAMIENTO,GASTOS DE PERSONAL,PLANTA DE PERSONAL PERMANENTE,CONTRIBUCIONES INHERENTES A LA NOMINA,APORTES GENERALES AL SISTEMA DE RIESGOS LABORALES,No Aplica,No Aplica,No Aplica,No Aplica,VIGENCIA ACTUAL,ENTIDADES TERRITORIALES - ADMINISTRACION CENTRAL,NO APLICA,No Aplica,NO DEFINIDO,,,2021,Primer Trimestre,,,,NO APLICA,1.2.1.0.00 - INGRESOS CORRIENTES DE LIBRE DESTINACION,,,,,,NO APLICA,,,,,,CON SITUACION DE FONDOS,NO APLICA,NO DEFINIDO,1034518.0,1034518.0,1034518.0
8182861,20210601,218552585,Pupiales,2.3.1.01.03.001.03,BONIFICACION ESPECIAL DE RECREACION,GASTOS,INVERSION,GASTOS DE PERSONAL,PLANTA DE PERSONAL PERMANENTE,REMUNERACIONES NO CONSTITUTIVAS DE FACTOR SALARIAL,PRESTACIONES SOCIALES,BONIFICACION ESPECIAL DE RECREACION,No Aplica,No Aplica,No Aplica,VIGENCIA ACTUAL,ENTIDADES TERRITORIALES - ADMINISTRACION CENTRAL,NO APLICA,No Aplica,NO DEFINIDO,,,2021,Segundo Trimestre,,,,NO APLICA,1.2.4.3.03 - SGP-PROPOSITO GENERAL-PROPOSITO GENERAL LIBRE INVERSION,,,,,,NO APLICA,,,,,,CON SITUACION DE FONDOS,DIRECCION NACIONAL DEL TESORO MINISTERIO DE HACIENDA Y CREDITO PUBLICO,NO DEFINIDO,322691.0,322691.0,322691.0
8185773,20210301,218552585,Pupiales,2.3.1.01.01.001,FACTORES SALARIALES COMUNES,GASTOS,INVERSION,GASTOS DE PERSONAL,PLANTA DE PERSONAL PERMANENTE,FACTORES CONSTITUTIVOS DE SALARIO,FACTORES SALARIALES COMUNES,No Aplica,No Aplica,No Aplica,No Aplica,VIGENCIA ACTUAL,ENTIDADES TERRITORIALES - ADMINISTRACION CENTRAL,NO DEFINIDO,No Aplica,NO DEFINIDO,,,2021,Primer Trimestre,,,,NO DEFINIDO,NO DEFINIDO,,,,,,NO DEFINIDO,,,,,,NO DEFINIDO,NO DEFINIDO,NO DEFINIDO,50928583.0,50928583.0,50928583.0
8189693,20221201,218552585,Pupiales,2.3.7,DISMINUCION DE PASIVOS,GASTOS,INVERSION,DISMINUCION DE PASIVOS,No Aplica,No Aplica,No Aplica,No Aplica,No Aplica,No Aplica,No Aplica,VIGENCIA ACTUAL,ENTIDADES TERRITORIALES - ADMINISTRACION CENTRAL,NO DEFINIDO,No Aplica,NO DEFINIDO,,,2022,Cuarto Trimestre,,,,NO DEFINIDO,NO DEFINIDO,,,,,,NO DEFINIDO,,,,,,NO DEFINIDO,NO DEFINIDO,NO DEFINIDO,75077354.0,75077354.0,75077354.0
8190619,20230601,218552585,Pupiales,2.3.1.01.02.003,APORTES DE CESANTIAS,GASTOS,INVERSION,GASTOS DE PERSONAL,PLANTA DE PERSONAL PERMANENTE,CONTRIBUCIONES INHERENTES A LA NOMINA,APORTES DE CESANTIAS,No Aplica,No Aplica,No Aplica,No Aplica,CUENTAS POR PAGAR,ENTIDADES TERRITORIALES - ADMINISTRACION CENTRAL,NO APLICA,No Aplica,NO DEFINIDO,,,2023,Segundo Trimestre,,,,NO APLICA,INGRESOS CORRIENTES DE LIBRE DESTINACION,,,,,,NO APLICA,,,,,,CON SITUACION DE FONDOS,NO APLICA,NO APLICA,15810000.0,15810000.0,15810000.0
8198282,20220301,218552585,Pupiales,2.3.2.02,ADQUISICIONES DIFERENTES DE ACTIVOS,GASTOS,INVERSION,ADQUISICION DE BIENES Y SERVICIOS,ADQUISICIONES DIFERENTES DE ACTIVOS,No Aplica,No Aplica,No Aplica,No Aplica,No Aplica,No Aplica,VIGENCIA ACTUAL,ENTIDADES TERRITORIALES - ADMINISTRACION CENTRAL,NO DEFINIDO,No Aplica,NO DEFINIDO,,,2022,Primer Trimestre,,,,NO DEFINIDO,NO DEFINIDO,,,,,,NO DEFINIDO,,,,,,NO DEFINIDO,NO DEFINIDO,NO DEFINIDO,6190827131.0,5275779217.0,5275779217.0
8203206,20211201,218552585,Pupiales,2.3.2.01.01.001.01.01,EDIFICIOS UTILIZADOS PARA RESIDENCIA,GASTOS,INVERSION,ADQUISICION DE BIENES Y SERVICIOS,ADQUISICION DE ACTIVOS NO FINANCIEROS,ACTIVOS FIJOS,EDIFICACIONES Y ESTRUCTURAS,VIVIENDAS,EDIFICIOS UTILIZADOS PARA RESIDENCIA,No Aplica,No Aplica,VIGENCIA ACTUAL,ENTIDADES TERRITORIALES - ADMINISTRACION CENTRAL,SERVICIO DE APOYO FINANCIERO PARA LA RELOCALIZACION TRANSITORIA DE HOGARES,No Aplica,NO DEFINIDO,,,2021,Cuarto Trimestre,,,,NO APLICA,SGP-PROPOSITO GENERAL-PROPOSITO GENERAL LIBRE INVERSION,,,,,,NO APLICA,,,,,,CON SITUACION DE FONDOS,DIRECCION NACIONAL DEL TESORO MINISTERIO DE HACIENDA Y CREDITO PUBLICO,NO DEFINIDO,21197071.0,21197071.0,21197071.0
8204110,20230601,218552585,Pupiales,2.1.1.01.02.009,APORTES A ESCUELAS INDUSTRIALES E INSTITUTOS TECNICOS,GASTOS,FUNCIONAMIENTO,GASTOS DE PERSONAL,PLANTA DE PERSONAL PERMANENTE,CONTRIBUCIONES INHERENTES A LA NOMINA,APORTES A ESCUELAS INDUSTRIALES E INSTITUTOS TECNICOS,No Aplica,No Aplica,No Aplica,No Aplica,VIGENCIA ACTUAL,ENTIDADES TERRITORIALES - ADMINISTRACION CENTRAL,NO APLICA,No Aplica,NO DEFINIDO,,,2023,Segundo Trimestre,,,,NO APLICA,"SGP-PROPOSITO GENERAL-LIBRE DESTINACION MUNICIPIOS CATEGORIAS 4, 5 Y 6",,,,,,NO APLICA,,,,,,CON SITUACION DE FONDOS,MINISTERIO DE EDUCACION NACIONAL,NO APLICA,2024139.0,2024139.0,2024139.0
8206384,20210301,218552585,Pupiales,2.3.1.01.03.001.03,BONIFICACION ESPECIAL DE RECREACION,GASTOS,INVERSION,GASTOS DE PERSONAL,PLANTA DE PERSONAL PERMANENTE,REMUNERACIONES NO CONSTITUTIVAS DE FACTOR SALARIAL,PRESTACIONES SOCIALES,BONIFICACION ESPECIAL DE RECREACION,No Aplica,No Aplica,No Aplica,VIGENCIA ACTUAL,ENTIDADES TERRITORIALES - ADMINISTRACION CENTRAL,NO APLICA,No Aplica,NO DEFINIDO,,,2021,Primer Trimestre,,,,NO APLICA,1.2.4.3.03 - SGP-PROPOSITO GENERAL-PROPOSITO GENERAL LIBRE INVERSION,,,,,,NO APLICA,,,,,,CON SITUACION DE FONDOS,DIRECCION NACIONAL DEL TESORO MINISTERIO DE HACIENDA Y CREDITO PUBLICO,NO DEFINIDO,175411.0,175411.0,175411.0
8207401,20210901,218552585,Pupiales,2.1.1.01.02.004,APORTES A CAJAS DE COMPENSACION FAMILIAR,GASTOS,FUNCIONAMIENTO,GASTOS DE PERSONAL,PLANTA DE PERSONAL PERMANENTE,CONTRIBUCIONES INHERENTES A LA NOMINA,APORTES A CAJAS DE COMPENSACION FAMILIAR,No Aplica,No Aplica,No Aplica,No Aplica,VIGENCIA ACTUAL,ENTIDADES TERRITORIALES - ADMINISTRACION CENTRAL,NO APLICA,No Aplica,NO DEFINIDO,,,2021,Tercer Trimestre,,,,NO APLICA,1.2.1.0.00 - INGRESOS CORRIENTES DE LIBRE DESTINACION,,,,,,NO APLICA,,,,,,CON SITUACION DE FONDOS,NO APLICA,NO DEFINIDO,14963122.0,14963122.0,14963122.0
8209286,20221201,218552585,Pupiales,2.3.2.02.02.009,"SERVICIOS PARA LA COMUNIDAD, SOCIALES Y PERSONALES",GASTOS,INVERSION,ADQUISICION DE BIENES Y SERVICIOS,ADQUISICIONES DIFERENTES DE ACTIVOS,ADQUISICION DE SERVICIOS,"SERVICIOS PARA LA COMUNIDAD, SOCIALES Y PERSONALES",No Aplica,No Aplica,No Aplica,No Aplica,VIGENCIA ACTUAL,ENTIDADES TERRITORIALES - ADMINISTRACION CENTRAL,NO APLICA,No Aplica,NO DEFINIDO,,,2022,Cuarto Trimestre,,,,OTROS SERVICIOS DE LA ADMINISTRACION PUBLICA N C P,SGP-PROPOSITO GENERAL-PROPOSITO GENERAL LIBRE INVERSION,,,,,,NO APLICA,,,,,,CON SITUACION DE FONDOS,DIRECCION NACIONAL DEL TESORO MINISTERIO DE HACIENDA Y CREDITO PUBLICO,NO APLICA,515550000.0,515550000.0,515550000.0
8209509,20211201,218552585,Pupiales,2.2,SERVICIO DE LA DEUDA PUBLICA,GASTOS,SERVICIO DE LA DEUDA PUBLICA,No Aplica,No Aplica,No Aplica,No Aplica,No Aplica,No Aplica,No Aplica,No Aplica,VIGENCIA ACTUAL,ENTIDADES TERRITORIALES - ADMINISTRACION CENTRAL,NO DEFINIDO,No Aplica,NO DEFINIDO,,,2021,Cuarto Trimestre,,,,NO DEFINIDO,NO DEFINIDO,,,,,,NO DEFINIDO,,,,,,NO DEFINIDO,NO DEFINIDO,NO DEFINIDO,261617927.0,261617927.0,261617927.0
8212995,20210301,218552585,Pupiales,2.1.1.01,PLANTA DE PERSONAL PERMANENTE,GASTOS,FUNCIONAMIENTO,GASTOS DE PERSONAL,PLANTA DE PERSONAL PERMANENTE,No Aplica,No Aplica,No Aplica,No Aplica,No Aplica,No Aplica,VIGENCIA ACTUAL,ENTIDADES TERRITORIALES - CONCEJO,NO DEFINIDO,No Aplica,NO DEFINIDO,,,2021,Primer Trimestre,,,,NO DEFINIDO,NO DEFINIDO,,,,,,NO DEFINIDO,,,,,,NO DEFINIDO,NO DEFINIDO,NO DEFINIDO,62839881.0,62839881.0,62839881.0
8214222,20211201,218552585,Pupiales,2.3.2.02.02.009,"SERVICIOS PARA LA COMUNIDAD, SOCIALES Y PERSONALES",GASTOS,INVERSION,ADQUISICION DE BIENES Y SERVICIOS,ADQUISICIONES DIFERENTES DE ACTIVOS,ADQUISICION DE SERVICIOS,"SERVICIOS PARA LA COMUNIDAD, SOCIALES Y PERSONALES",No Aplica,No Aplica,No Aplica,No Aplica,VIGENCIA ACTUAL,ENTIDADES TERRITORIALES - ADMINISTRACION CENTRAL,SERVICIO DE ASISTENCIA TECNICA EN EL MARCO DE LA FORMULACION E IMPLEMENTACION DE PROYECTOS DEMOSTRATIVOS PARA LA REDUCCION DE IMPACTOS AMBIENTALES DE LA MINERIA,No Aplica,NO DEFINIDO,,,2021,Cuarto Trimestre,,,,OTROS SERVICIOS DIVERSOS N C P,SGP-PROPOSITO GENERAL-PROPOSITO GENERAL LIBRE INVERSION,,,,,,NO APLICA,,,,,,CON SITUACION DE FONDOS,DIRECCION NACIONAL DEL TESORO MINISTERIO DE HACIENDA Y CREDITO PUBLICO,NO DEFINIDO,18617000.0,18617000.0,18617000.0
8215083,20211201,218552585,Pupiales,2.2.2.01.02.002.02,BANCA COMERCIAL,GASTOS,SERVICIO DE LA DEUDA PUBLICA,SERVICIO DE LA DEUDA PUBLICA INTERNA,PRINCIPAL,PRESTAMOS,ENTIDADES FINANCIERAS,BANCA COMERCIAL,No Aplica,No Aplica,No Aplica,VIGENCIA ACTUAL,ENTIDADES TERRITORIALES - ADMINISTRACION CENTRAL,NO DEFINIDO,No Aplica,NO DEFINIDO,,,2021,Cuarto Trimestre,,,,NO DEFINIDO,NO DEFINIDO,,,,,,NO DEFINIDO,,,,,,NO DEFINIDO,NO DEFINIDO,NO DEFINIDO,206879702.0,206879702.0,206879702.0
8215304,20221201,218552585,Pupiales,2.3.3,TRANSFERENCIAS CORRIENTES,GASTOS,INVERSION,TRANSFERENCIAS CORRIENTES,No Aplica,No Aplica,No Aplica,No Aplica,No Aplica,No Aplica,No Aplica,VIGENCIA ACTUAL,ENTIDADES TERRITORIALES - ADMINISTRACION CENTRAL,NO DEFINIDO,No Aplica,NO DEFINIDO,,,2022,Cuarto Trimestre,,,,NO DEFINIDO,NO DEFINIDO,,,,,,NO DEFINIDO,,,,,,NO DEFINIDO,NO DEFINIDO,NO DEFINIDO,745458760.0,745458760.0,738368776.0
8216481,20210301,218552585,Pupiales,2.1.1.01.02.002,APORTES A LA SEGURIDAD SOCIAL EN SALUD,GASTOS,FUNCIONAMIENTO,GASTOS DE PERSONAL,PLANTA DE PERSONAL PERMANENTE,CONTRIBUCIONES INHERENTES A LA NOMINA,APORTES A LA SEGURIDAD SOCIAL EN SALUD,No Aplica,No Aplica,No Aplica,No Aplica,VIGENCIA ACTUAL,ENTIDADES TERRITORIALES - ADMINISTRACION CENTRAL,NO APLICA,No Aplica,NO DEFINIDO,,,2021,Primer Trimestre,,,,NO APLICA,1.2.1.0.00 - INGRESOS CORRIENTES DE LIBRE DESTINACION,,,,,,NO APLICA,,,,,,CON SITUACION DE FONDOS,NO APLICA,NO DEFINIDO,9129560.0,9129560.0,9129560.0
8218713,20220901,218552585,Pupiales,2.3.2.01.01.001,EDIFICACIONES Y ESTRUCTURAS,GASTOS,INVERSION,ADQUISICION DE BIENES Y SERVICIOS,ADQUISICION DE ACTIVOS NO FINANCIEROS,ACTIVOS FIJOS,EDIFICACIONES Y ESTRUCTURAS,No Aplica,No Aplica,No Aplica,No Aplica,VIGENCIA ACTUAL,ENTIDADES TERRITORIALES - ADMINISTRACION CENTRAL,NO DEFINIDO,No Aplica,NO DEFINIDO,,,2022,Tercer Trimestre,,,,NO DEFINIDO,NO DEFINIDO,,,,,,NO DEFINIDO,,,,,,NO DEFINIDO,NO DEFINIDO,NO DEFINIDO,169701039.0,92888641.0,92888641.0
8219041,20210601,218552585,Pupiales,2.1.1,GASTOS DE PERSONAL,GASTOS,FUNCIONAMIENTO,GASTOS DE PERSONAL,No Aplica,No Aplica,No Aplica,No Aplica,No Aplica,No Aplica,No Aplica,VIGENCIA ACTUAL,ENTIDADES TERRITORIALES - PERSONERIA,NO DEFINIDO,No Aplica,NO DEFINIDO,,,2021,Segundo Trimestre,,,,NO DEFINIDO,NO DEFINIDO,,,,,,NO DEFINIDO,,,,,,NO DEFINIDO,NO DEFINIDO,NO DEFINIDO,70610823.0,70610823.0,70610823.0
8219985,20220301,218552585,Pupiales,2.3.3.01.02.004.01,SUBSIDIOS DE ACUEDUCTO,GASTOS,INVERSION,TRANSFERENCIAS CORRIENTES,SUBVENCIONES,A EMPRESAS PUBLICAS NO FINANCIERAS,SUBVENCIONES PARA SERVICIOS PUBLICOS DOMICILIARIOS DE AGUA POTABLE Y SANEAMIENTO BASICO,SUBSIDIOS DE ACUEDUCTO,No Aplica,No Aplica,No Aplica,VIGENCIA ACTUAL,ENTIDADES TERRITORIALES - ADMINISTRACION CENTRAL,SERVICIO DE APOYO FINANCIERO PARA SUBSIDIOS AL CONSUMO EN LOS SERVICIOS PUBLICOS DOMICILIARIOS,2021525850015,NO DEFINIDO,,,2022,Primer Trimestre,,,,NO APLICA,SGP-AGUA POTABLE Y SANEAMIENTO BASICO,,,,,,NO APLICA,,,,,,CON SITUACION DE FONDOS,DIRECCION NACIONAL DEL TESORO MINISTERIO DE HACIENDA Y CREDITO PUBLICO,NO APLICA,208930890.0,28419148.0,28419148.0
8223224,20220301,218552585,Pupiales,2.1,FUNCIONAMIENTO,GASTOS,FUNCIONAMIENTO,No Aplica,No Aplica,No Aplica,No Aplica,No Aplica,No Aplica,No Aplica,No Aplica,VIGENCIA ACTUAL,ENTIDADES TERRITORIALES - ADMINISTRACION CENTRAL,NO DEFINIDO,No Aplica,NO DEFINIDO,,,2022,Primer Trimestre,,,,NO DEFINIDO,NO DEFINIDO,,,,,,NO DEFINIDO,,,,,,NO DEFINIDO,NO DEFINIDO,NO DEFINIDO,712883936.0,381487736.0,381487736.0
8224221,20230601,218552585,Pupiales,2.1.1.01.02.001,APORTES A LA SEGURIDAD SOCIAL EN PENSIONES,GASTOS,FUNCIONAMIENTO,GASTOS DE PERSONAL,PLANTA DE PERSONAL PERMANENTE,CONTRIBUCIONES INHERENTES A LA NOMINA,APORTES A LA SEGURIDAD SOCIAL EN PENSIONES,No Aplica,No Aplica,No Aplica,No Aplica,VIGENCIA ACTUAL,ENTIDADES TERRITORIALES - ADMINISTRACION CENTRAL,NO APLICA,No Aplica,NO DEFINIDO,,,2023,Segundo Trimestre,,,,NO APLICA,"SGP-PROPOSITO GENERAL-LIBRE DESTINACION MUNICIPIOS CATEGORIAS 4, 5 Y 6",,,,,,NO APLICA,,,,,,CON SITUACION DE FONDOS,COLPENSIONES - FONDO DE VEJEZ,NO APLICA,5013370.0,5013370.0,5013370.0
8225520,20210301,218552585,Pupiales,2.1,FUNCIONAMIENTO,GASTOS,FUNCIONAMIENTO,No Aplica,No Aplica,No Aplica,No Aplica,No Aplica,No Aplica,No Aplica,No Aplica,VIGENCIA ACTUAL,ENTIDADES TERRITORIALES - PERSONERIA,NO DEFINIDO,No Aplica,NO DEFINIDO,,,2021,Primer Trimestre,,,,NO DEFINIDO,NO DEFINIDO,,,,,,NO DEFINIDO,,,,,,NO DEFINIDO,NO DEFINIDO,NO DEFINIDO,34869450.0,34869450.0,34869450.0
8226248,20230601,218552585,Pupiales,2.3.1.01.01.001.04,SUBSIDIO DE ALIMENTACION,GASTOS,INVERSION,GASTOS DE PERSONAL,PLANTA DE PERSONAL PERMANENTE,FACTORES CONSTITUTIVOS DE SALARIO,FACTORES SALARIALES COMUNES,SUBSIDIO DE ALIMENTACION,No Aplica,No Aplica,No Aplica,VIGENCIA ACTUAL,ENTIDADES TERRITORIALES - ADMINISTRACION CENTRAL,VIA TERCIARIA MEJORADA,No Aplica,NO DEFINIDO,,,2023,Segundo Trimestre,,,,NO APLICA,INGRESOS CORRIENTES DE LIBRE DESTINACION,,,,,,NO APLICA,,,,,,CON SITUACION DE FONDOS,NO APLICA,NO APLICA,1299782.0,1299782.0,1299782.0
8226639,20230301,218552585,Pupiales,2.1.1.01.02.007,APORTES AL SENA,GASTOS,FUNCIONAMIENTO,GASTOS DE PERSONAL,PLANTA DE PERSONAL PERMANENTE,CONTRIBUCIONES INHERENTES A LA NOMINA,APORTES AL SENA,No Aplica,No Aplica,No Aplica,No Aplica,VIGENCIA ACTUAL,ENTIDADES TERRITORIALES - ADMINISTRACION CENTRAL,NO APLICA,No Aplica,NO DEFINIDO,,,2023,Primer Trimestre,,,,NO APLICA,"SGP-PROPOSITO GENERAL-LIBRE DESTINACION MUNICIPIOS CATEGORIAS 4, 5 Y 6",,,,,,NO APLICA,,,,,,CON SITUACION DE FONDOS,SERVICIO NACIONAL DE APRENDIZAJE,NO APLICA,394500.0,394500.0,263000.0
8227047,20211201,218552585,Pupiales,2.1.3.09.16,SOBRETASA BOMBERILCUERPOS DE BOMBEROS VOLUNTARIOS,GASTOS,FUNCIONAMIENTO,TRANSFERENCIAS CORRIENTES,A INSTITUCIONES SIN ANIMO DE LUCRO QUE SIRVEN A LOS HOGARES,SOBRETASA BOMBERILCUERPOS DE BOMBEROS VOLUNTARIOS,No Aplica,No Aplica,No Aplica,No Aplica,No Aplica,VIGENCIA ACTUAL,ENTIDADES TERRITORIALES - ADMINISTRACION CENTRAL,SERVICIO DE ATENCION A EMERGENCIAS Y DESASTRES,No Aplica,NO DEFINIDO,,,2021,Cuarto Trimestre,,,,NO APLICA,OTRAS TASAS Y DERECHOS ADMINISTRATIVOS CON DESTINACION ESPECIFICA LEGAL,,,,,,NO APLICA,,,,,,CON SITUACION DE FONDOS,NO APLICA,NO DEFINIDO,10000000.0,10000000.0,10000000.0
8227318,20230301,218552585,Pupiales,2.2.2,SERVICIO DE LA DEUDA PUBLICA INTERNA,GASTOS,SERVICIO DE LA DEUDA PUBLICA,SERVICIO DE LA DEUDA PUBLICA INTERNA,No Aplica,No Aplica,No Aplica,No Aplica,No Aplica,No Aplica,No Aplica,VIGENCIA ACTUAL,ENTIDADES TERRITORIALES - ADMINISTRACION CENTRAL,NO DEFINIDO,No Aplica,NO DEFINIDO,,,2023,Primer Trimestre,,,,NO DEFINIDO,NO DEFINIDO,,,,,,NO DEFINIDO,,,,,,NO DEFINIDO,NO DEFINIDO,NO DEFINIDO,182875266.0,182875266.0,182875266.0
8227436,20230601,218552585,Pupiales,2.3.2.02.02.009,"SERVICIOS PARA LA COMUNIDAD, SOCIALES Y PERSONALES",GASTOS,INVERSION,ADQUISICION DE BIENES Y SERVICIOS,ADQUISICIONES DIFERENTES DE ACTIVOS,ADQUISICION DE SERVICIOS,"SERVICIOS PARA LA COMUNIDAD, SOCIALES Y PERSONALES",No Aplica,No Aplica,No Aplica,No Aplica,VIGENCIA ACTUAL,ENTIDADES TERRITORIALES - ADMINISTRACION CENTRAL,SERVICIO DE APOYO FINANCIERO PARA SUBSIDIOS AL CONSUMO EN LOS SERVICIOS PUBLICOS DOMICILIARIOS,No Aplica,NO DEFINIDO,,,2023,Segundo Trimestre,,,,SERVICIOS DE LOS ORGANOS DE CONTROL Y OTRAS INSTITUCIONES,SGP-AGUA POTABLE Y SANEAMIENTO BASICO,,,,,,NO APLICA,,,,,,CON SITUACION DE FONDOS,NO APLICA,NO APLICA,60605244.0,10085080.0,10085080.0
8228822,20220601,218552585,Pupiales,2.3.2.01.01.001.03.02,"AUTOPISTAS, CARRETERAS, CALLES",GASTOS,INVERSION,ADQUISICION DE BIENES Y SERVICIOS,ADQUISICION DE ACTIVOS NO FINANCIEROS,ACTIVOS FIJOS,EDIFICACIONES Y ESTRUCTURAS,OTRAS ESTRUCTURAS,"AUTOPISTAS, CARRETERAS, CALLES",No Aplica,No Aplica,VIGENCIA ACTUAL,ENTIDADES TERRITORIALES - ADMINISTRACION CENTRAL,VIA SECUNDARIA CONSTRUIDA,2021525850007,NO DEFINIDO,,,2022,Segundo Trimestre,,,,NO APLICA,SGP-PROPOSITO GENERAL-PROPOSITO GENERAL LIBRE INVERSION,,,,,,NO APLICA,,,,,,CON SITUACION DE FONDOS,DIRECCION NACIONAL DEL TESORO MINISTERIO DE HACIENDA Y CREDITO PUBLICO,NO APLICA,72306361.0,46851111.0,46851111.0
8230107,20230601,218552585,Pupiales,2.3.2,ADQUISICION DE BIENES Y SERVICIOS,GASTOS,INVERSION,ADQUISICION DE BIENES Y SERVICIOS,No Aplica,No Aplica,No Aplica,No Aplica,No Aplica,No Aplica,No Aplica,CUENTAS POR PAGAR,ENTIDADES TERRITORIALES - ADMINISTRACION CENTRAL,NO DEFINIDO,No Aplica,NO DEFINIDO,,,2023,Segundo Trimestre,,,,NO DEFINIDO,NO DEFINIDO,,,,,,NO DEFINIDO,,,,,,NO DEFINIDO,NO DEFINIDO,NO DEFINIDO,75420420.0,75420420.0,59912932.0
8230785,20230601,218552585,Pupiales,2.3.1.01.01.001.05,AUXILIO DE TRANSPORTE,GASTOS,INVERSION,GASTOS DE PERSONAL,PLANTA DE PERSONAL PERMANENTE,FACTORES CONSTITUTIVOS DE SALARIO,FACTORES SALARIALES COMUNES,AUXILIO DE TRANSPORTE,No Aplica,No Aplica,No Aplica,VIGENCIA ACTUAL,ENTIDADES TERRITORIALES - ADMINISTRACION CENTRAL,VIA TERCIARIA MEJORADA,No Aplica,NO DEFINIDO,,,2023,Segundo Trimestre,,,,NO APLICA,INGRESOS CORRIENTES DE LIBRE DESTINACION,,,,,,NO APLICA,,,,,,CON SITUACION DE FONDOS,NO APLICA,NO APLICA,2512160.0,2512160.0,2512160.0
8234203,20210601,218552585,Pupiales,2.3.1.01.02.001,APORTES A LA SEGURIDAD SOCIAL EN PENSIONES,GASTOS,INVERSION,GASTOS DE PERSONAL,PLANTA DE PERSONAL PERMANENTE,CONTRIBUCIONES INHERENTES A LA NOMINA,APORTES A LA SEGURIDAD SOCIAL EN PENSIONES,No Aplica,No Aplica,No Aplica,No Aplica,VIGENCIA ACTUAL,ENTIDADES TERRITORIALES - ADMINISTRACION CENTRAL,NO APLICA,No Aplica,NO DEFINIDO,,,2021,Segundo Trimestre,,,,NO APLICA,1.2.4.3.03 - SGP-PROPOSITO GENERAL-PROPOSITO GENERAL LIBRE INVERSION,,,,,,NO APLICA,,,,,,CON SITUACION DE FONDOS,DIRECCION NACIONAL DEL TESORO MINISTERIO DE HACIENDA Y CREDITO PUBLICO,NO DEFINIDO,9741748.0,9741748.0,9741748.0
8238192,20230601,218552585,Pupiales,2.1.1.01.02.006,APORTES AL ICBF,GASTOS,FUNCIONAMIENTO,GASTOS DE PERSONAL,PLANTA DE PERSONAL PERMANENTE,CONTRIBUCIONES INHERENTES A LA NOMINA,APORTES AL ICBF,No Aplica,No Aplica,No Aplica,No Aplica,VIGENCIA ACTUAL,ENTIDADES TERRITORIALES - ADMINISTRACION CENTRAL,NO APLICA,No Aplica,NO DEFINIDO,,,2023,Segundo Trimestre,,,,NO APLICA,"SGP-PROPOSITO GENERAL-LIBRE DESTINACION MUNICIPIOS CATEGORIAS 4, 5 Y 6",,,,,,NO APLICA,,,,,,CON SITUACION DE FONDOS,INSTITUTO COLOMBIANO DE BIENESTAR FAMILIAR,NO APLICA,6063566.0,6063566.0,6063566.0
8239824,20230301,218552585,Pupiales,2.3.2.02.02.009,"SERVICIOS PARA LA COMUNIDAD, SOCIALES Y PERSONALES",GASTOS,INVERSION,ADQUISICION DE BIENES Y SERVICIOS,ADQUISICIONES DIFERENTES DE ACTIVOS,ADQUISICION DE SERVICIOS,"SERVICIOS PARA LA COMUNIDAD, SOCIALES Y PERSONALES",No Aplica,No Aplica,No Aplica,No Aplica,VIGENCIA ACTUAL,ENTIDADES TERRITORIALES - ADMINISTRACION CENTRAL,VIA SECUNDARIA MEJORADA,No Aplica,NO DEFINIDO,,,2023,Primer Trimestre,,,,OTROS SERVICIOS DE LA ADMINISTRACION PUBLICA N C P,SGP-PROPOSITO GENERAL-PROPOSITO GENERAL LIBRE INVERSION,,,,,,NO APLICA,,,,,,CON SITUACION DE FONDOS,NO APLICA,NO APLICA,1496570.0,1227778.0,956056.0
8240814,20220301,218552585,Pupiales,2.3.2.01.01.001,EDIFICACIONES Y ESTRUCTURAS,GASTOS,INVERSION,ADQUISICION DE BIENES Y SERVICIOS,ADQUISICION DE ACTIVOS NO FINANCIEROS,ACTIVOS FIJOS,EDIFICACIONES Y ESTRUCTURAS,No Aplica,No Aplica,No Aplica,No Aplica,VIGENCIA ACTUAL,ENTIDADES TERRITORIALES - ADMINISTRACION CENTRAL,NO DEFINIDO,No Aplica,NO DEFINIDO,,,2022,Primer Trimestre,,,,NO DEFINIDO,NO DEFINIDO,,,,,,NO DEFINIDO,,,,,,NO DEFINIDO,NO DEFINIDO,NO DEFINIDO,72306361.0,22306361.0,22306361.0
8243024,20210301,218552585,Pupiales,2.2.2.02.02.002.02.03,BANCA COMERCIAL,GASTOS,SERVICIO DE LA DEUDA PUBLICA,SERVICIO DE LA DEUDA PUBLICA INTERNA,INTERESES,PRESTAMOS,ENTIDADES FINANCIERAS,BANCA COMERCIAL,BANCA COMERCIAL,No Aplica,No Aplica,VIGENCIA ACTUAL,ENTIDADES TERRITORIALES - ADMINISTRACION CENTRAL,"40.03.010 - VIVIENDA, CIUDAD Y TERRITORIO - ACCESO DE LA POBLACION A LOS SERVICIOS DE AGUA POTABLE Y SANEAMIENTO BASICO - SERVICIO DE ASEO",No Aplica,NO DEFINIDO,,,2021,Primer Trimestre,,,,NO APLICA,1.3.1.1.05 - RECURSOS DE CREDITO INTERNO,,,,,,NO APLICA,,,,,,CON SITUACION DE FONDOS,NO APLICA,NO DEFINIDO,7222936.0,7222936.0,7222936.0
8244981,20211201,218552585,Pupiales,2.1.2.01.01.003.03,"MAQUINARIA DE OFICINA, CONTABILIDAD E INFORMATICA",GASTOS,FUNCIONAMIENTO,ADQUISICION DE BIENES Y SERVICIOS,ADQUISICION DE ACTIVOS NO FINANCIEROS,ACTIVOS FIJOS,MAQUINARIA Y EQUIPO,"MAQUINARIA DE OFICINA, CONTABILIDAD E INFORMATICA",No Aplica,No Aplica,No Aplica,VIGENCIA ACTUAL,ENTIDADES TERRITORIALES - ADMINISTRACION CENTRAL,NO DEFINIDO,No Aplica,NO DEFINIDO,,,2021,Cuarto Trimestre,,,,NO DEFINIDO,NO DEFINIDO,,,,,,NO DEFINIDO,,,,,,NO DEFINIDO,NO DEFINIDO,NO DEFINIDO,23200000.0,23200000.0,23200000.0
8245376,20221201,218552585,Pupiales,2.1.1.01.01.001.07,BONIFICACION POR SERVICIOS PRESTADOS,GASTOS,FUNCIONAMIENTO,GASTOS DE PERSONAL,PLANTA DE PERSONAL PERMANENTE,FACTORES CONSTITUTIVOS DE SALARIO,FACTORES SALARIALES COMUNES,BONIFICACION POR SERVICIOS PRESTADOS,No Aplica,No Aplica,No Aplica,VIGENCIA ACTUAL,ENTIDADES TERRITORIALES - ADMINISTRACION CENTRAL,NO APLICA,No Aplica,NO DEFINIDO,,,2022,Cuarto Trimestre,,,,NO APLICA,INGRESOS CORRIENTES DE LIBRE DESTINACION,,,,,,NO APLICA,,,,,,CON SITUACION DE FONDOS,NO APLICA,NO APLICA,18396189.0,18396189.0,18396189.0
8250961,20210601,218552585,Pupiales,2.3.1.01.01,FACTORES CONSTITUTIVOS DE SALARIO,GASTOS,INVERSION,GASTOS DE PERSONAL,PLANTA DE PERSONAL PERMANENTE,FACTORES CONSTITUTIVOS DE SALARIO,No Aplica,No Aplica,No Aplica,No Aplica,No Aplica,VIGENCIA ACTUAL,ENTIDADES TERRITORIALES - ADMINISTRACION CENTRAL,NO DEFINIDO,No Aplica,NO DEFINIDO,,,2021,Segundo Trimestre,,,,NO DEFINIDO,NO DEFINIDO,,,,,,NO DEFINIDO,,,,,,NO DEFINIDO,NO DEFINIDO,NO DEFINIDO,97855305.0,97855305.0,97855305.0
8252792,20220601,218552585,Pupiales,2.3.2,ADQUISICION DE BIENES Y SERVICIOS,GASTOS,INVERSION,ADQUISICION DE BIENES Y SERVICIOS,No Aplica,No Aplica,No Aplica,No Aplica,No Aplica,No Aplica,No Aplica,VIGENCIA ACTUAL,ENTIDADES TERRITORIALES - ADMINISTRACION CENTRAL,NO DEFINIDO,No Aplica,NO DEFINIDO,,,2022,Segundo Trimestre,,,,NO DEFINIDO,NO DEFINIDO,,,,,,NO DEFINIDO,,,,,,NO DEFINIDO,NO DEFINIDO,NO DEFINIDO,12740513797.0,10897214478.0,10897214478.0
8256914,20211201,218552585,Pupiales,2.3.2.02.02.009,"SERVICIOS PARA LA COMUNIDAD, SOCIALES Y PERSONALES",GASTOS,INVERSION,ADQUISICION DE BIENES Y SERVICIOS,ADQUISICIONES DIFERENTES DE ACTIVOS,ADQUISICION DE SERVICIOS,"SERVICIOS PARA LA COMUNIDAD, SOCIALES Y PERSONALES",No Aplica,No Aplica,No Aplica,No Aplica,VIGENCIA ACTUAL,ENTIDADES TERRITORIALES - ADMINISTRACION CENTRAL,SERVICIO DE APOYO A LA COMERCIALIZACION,2021525850005,NO DEFINIDO,,,2021,Cuarto Trimestre,,,,OTROS SERVICIOS DIVERSOS N C P,SGP-PROPOSITO GENERAL-PROPOSITO GENERAL LIBRE INVERSION,,,,,,NO APLICA,,,,,,CON SITUACION DE FONDOS,DIRECCION NACIONAL DEL TESORO MINISTERIO DE HACIENDA Y CREDITO PUBLICO,NO DEFINIDO,23200812.0,23200812.0,23200812.0
8257077,20211201,218552585,Pupiales,2.1.2.01,ADQUISICION DE ACTIVOS NO FINANCIEROS,GASTOS,FUNCIONAMIENTO,ADQUISICION DE BIENES Y SERVICIOS,ADQUISICION DE ACTIVOS NO FINANCIEROS,No Aplica,No Aplica,No Aplica,No Aplica,No Aplica,No Aplica,VIGENCIA ACTUAL,ENTIDADES TERRITORIALES - ADMINISTRACION CENTRAL,NO DEFINIDO,No Aplica,NO DEFINIDO,,,2021,Cuarto Trimestre,,,,NO DEFINIDO,NO DEFINIDO,,,,,,NO DEFINIDO,,,,,,NO DEFINIDO,NO DEFINIDO,NO DEFINIDO,23200000.0,23200000.0,23200000.0
8257906,20210301,218552585,Pupiales,2.1.1.01.01.001.05,AUXILIO DE TRANSPORTE,GASTOS,FUNCIONAMIENTO,GASTOS DE PERSONAL,PLANTA DE PERSONAL PERMANENTE,FACTORES CONSTITUTIVOS DE SALARIO,FACTORES SALARIALES COMUNES,AUXILIO DE TRANSPORTE,No Aplica,No Aplica,No Aplica,VIGENCIA ACTUAL,ENTIDADES TERRITORIALES - ADMINISTRACION CENTRAL,NO APLICA,No Aplica,NO DEFINIDO,,,2021,Primer Trimestre,,,,NO APLICA,1.2.1.0.00 - INGRESOS CORRIENTES DE LIBRE DESTINACION,,,,,,NO APLICA,,,,,,CON SITUACION DE FONDOS,NO APLICA,NO DEFINIDO,3656768.0,3656768.0,3656768.0
8264567,20230601,218552585,Pupiales,2.3.2.01.01,ACTIVOS FIJOS,GASTOS,INVERSION,ADQUISICION DE BIENES Y SERVICIOS,ADQUISICION DE ACTIVOS NO FINANCIEROS,ACTIVOS FIJOS,No Aplica,No Aplica,No Aplica,No Aplica,No Aplica,RESERVAS,ENTIDADES TERRITORIALES - ADMINISTRACION CENTRAL,NO DEFINIDO,No Aplica,NO DEFINIDO,,,2023,Segundo Trimestre,,,,NO DEFINIDO,NO DEFINIDO,,,,,,NO DEFINIDO,,,,,,NO DEFINIDO,NO DEFINIDO,NO DEFINIDO,5975850.0,0.0,0.0
8265350,20221201,218552585,Pupiales,2.3.2.01.01.001.03.19,OTRAS OBRAS DE INGENIERIA CIVIL,GASTOS,INVERSION,ADQUISICION DE BIENES Y SERVICIOS,ADQUISICION DE ACTIVOS NO FINANCIEROS,ACTIVOS FIJOS,EDIFICACIONES Y ESTRUCTURAS,OTRAS ESTRUCTURAS,OTRAS OBRAS DE INGENIERIA CIVIL,No Aplica,No Aplica,VIGENCIA ACTUAL,ENTIDADES TERRITORIALES - ADMINISTRACION CENTRAL,CEMENTERIOS REMODELADOS,No Aplica,NO DEFINIDO,,,2022,Cuarto Trimestre,,,,NO APLICA,INGRESOS CORRIENTES DE LIBRE DESTINACION,,,,,,NO APLICA,,,,,,CON SITUACION DE FONDOS,NO APLICA,NO APLICA,18475942.0,18475942.0,18475942.0
8265945,20230601,218552585,Pupiales,2.1.2.02,ADQUISICIONES DIFERENTES DE ACTIVOS,GASTOS,FUNCIONAMIENTO,ADQUISICION DE BIENES Y SERVICIOS,ADQUISICIONES DIFERENTES DE ACTIVOS,No Aplica,No Aplica,No Aplica,No Aplica,No Aplica,No Aplica,VIGENCIA ACTUAL,ENTIDADES TERRITORIALES - ADMINISTRACION CENTRAL,NO DEFINIDO,No Aplica,NO DEFINIDO,,,2023,Segundo Trimestre,,,,NO DEFINIDO,NO DEFINIDO,,,,,,NO DEFINIDO,,,,,,NO DEFINIDO,NO DEFINIDO,NO DEFINIDO,320988461.0,254516043.0,254516043.0
8267999,20230301,218552585,Pupiales,2.2.2.02.02.002.02.03,BANCA COMERCIAL,GASTOS,SERVICIO DE LA DEUDA PUBLICA,SERVICIO DE LA DEUDA PUBLICA INTERNA,INTERESES,PRESTAMOS,ENTIDADES FINANCIERAS,BANCA COMERCIAL,BANCA COMERCIAL,No Aplica,No Aplica,VIGENCIA ACTUAL,ENTIDADES TERRITORIALES - ADMINISTRACION CENTRAL,NO APLICA,No Aplica,NO DEFINIDO,,,2023,Primer Trimestre,,,,NO APLICA,SGP-PROPOSITO GENERAL-PROPOSITO GENERAL LIBRE INVERSION,,,,,,NO APLICA,,,,,,CON SITUACION DE FONDOS,NO APLICA,NO APLICA,6119506.0,6119506.0,6119506.0
8268307,20221201,218552585,Pupiales,2.1.3.14,APORTES AL FONPET,GASTOS,FUNCIONAMIENTO,TRANSFERENCIAS CORRIENTES,APORTES AL FONPET,No Aplica,No Aplica,No Aplica,No Aplica,No Aplica,No Aplica,VIGENCIA ACTUAL,ENTIDADES TERRITORIALES - ADMINISTRACION CENTRAL,NO DEFINIDO,No Aplica,NO DEFINIDO,,,2022,Cuarto Trimestre,,,,NO DEFINIDO,NO DEFINIDO,,,,,,NO DEFINIDO,,,,,,NO DEFINIDO,NO DEFINIDO,NO DEFINIDO,135334345.0,135334345.0,135334345.0
8269330,20230301,218552585,Pupiales,2.1.2.02,ADQUISICIONES DIFERENTES DE ACTIVOS,GASTOS,FUNCIONAMIENTO,ADQUISICION DE BIENES Y SERVICIOS,ADQUISICIONES DIFERENTES DE ACTIVOS,No Aplica,No Aplica,No Aplica,No Aplica,No Aplica,No Aplica,VIGENCIA ACTUAL,ENTIDADES TERRITORIALES - ADMINISTRACION CENTRAL,NO DEFINIDO,No Aplica,NO DEFINIDO,,,2023,Primer Trimestre,,,,NO DEFINIDO,NO DEFINIDO,,,,,,NO DEFINIDO,,,,,,NO DEFINIDO,NO DEFINIDO,NO DEFINIDO,318017087.0,210750346.0,132050802.0
8272625,20220601,218552585,Pupiales,2.3.1.01.03,REMUNERACIONES NO CONSTITUTIVAS DE FACTOR SALARIAL,GASTOS,INVERSION,GASTOS DE PERSONAL,PLANTA DE PERSONAL PERMANENTE,REMUNERACIONES NO CONSTITUTIVAS DE FACTOR SALARIAL,No Aplica,No Aplica,No Aplica,No Aplica,No Aplica,VIGENCIA ACTUAL,ENTIDADES TERRITORIALES - ADMINISTRACION CENTRAL,NO DEFINIDO,No Aplica,NO DEFINIDO,,,2022,Segundo Trimestre,,,,NO DEFINIDO,NO DEFINIDO,,,,,,NO DEFINIDO,,,,,,NO DEFINIDO,NO DEFINIDO,NO DEFINIDO,6165096.0,6165096.0,6165096.0
8273781,20210901,218552585,Pupiales,2.3.4.03,COMPENSACIONES DE CAPITAL,GASTOS,INVERSION,TRANSFERENCIAS DE CAPITAL,COMPENSACIONES DE CAPITAL,No Aplica,No Aplica,No Aplica,No Aplica,No Aplica,No Aplica,VIGENCIA ACTUAL,ENTIDADES TERRITORIALES - ADMINISTRACION CENTRAL,33.01.051 - CULTURA - PROMOCION Y ACCESO EFECTIVO A PROCESOS CULTURALES Y ARTISTICOS - SERVICIO DE EDUCACION INFORMAL AL SECTOR ARTISTICO Y CULTURAL,No Aplica,NO DEFINIDO,,,2021,Tercer Trimestre,,,,NO APLICA,1.3.3.1.19 - R.B. ESTAMPILLAS,,,,,,NO APLICA,,,,,,CON SITUACION DE FONDOS,NO APLICA,NO DEFINIDO,7700000.0,4700000.0,4700000.0
8274246,20220901,218552585,Pupiales,2.3.2.02.02.009,"SERVICIOS PARA LA COMUNIDAD, SOCIALES Y PERSONALES",GASTOS,INVERSION,ADQUISICION DE BIENES Y SERVICIOS,ADQUISICIONES DIFERENTES DE ACTIVOS,ADQUISICION DE SERVICIOS,"SERVICIOS PARA LA COMUNIDAD, SOCIALES Y PERSONALES",No Aplica,No Aplica,No Aplica,No Aplica,VIGENCIA ACTUAL,ENTIDADES TERRITORIALES - ADMINISTRACION CENTRAL,SERVICIO DE PROMOCION DE ACTIVIDADES CULTURALES,No Aplica,NO DEFINIDO,,,2022,Tercer Trimestre,,,,OTROS SERVICIOS DE LA ADMINISTRACION PUBLICA N C P,RECURSOS DEL BALANCE DE LIBRE DESTINACION,,,,,,NO APLICA,,,,,,CON SITUACION DE FONDOS,NO APLICA,NO APLICA,57270000.0,57270000.0,57270000.0
8274755,20220901,218552585,Pupiales,2.3.2.02.02.009,"SERVICIOS PARA LA COMUNIDAD, SOCIALES Y PERSONALES",GASTOS,INVERSION,ADQUISICION DE BIENES Y SERVICIOS,ADQUISICIONES DIFERENTES DE ACTIVOS,ADQUISICION DE SERVICIOS,"SERVICIOS PARA LA COMUNIDAD, SOCIALES Y PERSONALES",No Aplica,No Aplica,No Aplica,No Aplica,VIGENCIA ACTUAL,ENTIDADES TERRITORIALES - ADMINISTRACION CENTRAL,SERVICIO DE ATENCION EN SALUD A LA POBLACION,No Aplica,NO DEFINIDO,,,2022,Tercer Trimestre,,,,OTROS SERVICIOS DE LA ADMINISTRACION PUBLICA N C P,SGP-SALUD-REGIMEN SUBSIDIADO,,,,,,NO APLICA,,,,,,SIN SITUACION DE FONDOS,DIRECCION NACIONAL DEL TESORO MINISTERIO DE HACIENDA Y CREDITO PUBLICO,NO APLICA,4987557086.0,4987557086.0,4987557086.0
8275818,20220601,218552585,Pupiales,2.3.2.02.02.009,"SERVICIOS PARA LA COMUNIDAD, SOCIALES Y PERSONALES",GASTOS,INVERSION,ADQUISICION DE BIENES Y SERVICIOS,ADQUISICIONES DIFERENTES DE ACTIVOS,ADQUISICION DE SERVICIOS,"SERVICIOS PARA LA COMUNIDAD, SOCIALES Y PERSONALES",No Aplica,No Aplica,No Aplica,No Aplica,VIGENCIA ACTUAL,ENTIDADES TERRITORIALES - ADMINISTRACION CENTRAL,NO APLICA,No Aplica,NO DEFINIDO,,,2022,Segundo Trimestre,,,,OTROS SERVICIOS DIVERSOS N C P,R.B. RETIROS FONPET,,,,,,NO APLICA,,,,,,CON SITUACION DE FONDOS,NO APLICA,NO APLICA,4000000.0,4000000.0,4000000.0
8276909,20220301,218552585,Pupiales,2.1.1.01.01.001,FACTORES SALARIALES COMUNES,GASTOS,FUNCIONAMIENTO,GASTOS DE PERSONAL,PLANTA DE PERSONAL PERMANENTE,FACTORES CONSTITUTIVOS DE SALARIO,FACTORES SALARIALES COMUNES,No Aplica,No Aplica,No Aplica,No Aplica,VIGENCIA ACTUAL,ENTIDADES TERRITORIALES - CONCEJO,NO DEFINIDO,No Aplica,NO DEFINIDO,,,2022,Primer Trimestre,,,,NO DEFINIDO,NO DEFINIDO,,,,,,NO DEFINIDO,,,,,,NO DEFINIDO,NO DEFINIDO,NO DEFINIDO,9434984.0,9434984.0,9434984.0
8282512,20221201,218552585,Pupiales,2.1.2.02.01.003,"OTROS BIENES TRANSPORTABLES EXCEPTO PRODUCTOS METALICOS, MAQUINARIA Y EQUIPO",GASTOS,FUNCIONAMIENTO,ADQUISICION DE BIENES Y SERVICIOS,ADQUISICIONES DIFERENTES DE ACTIVOS,MATERIALES Y SUMINISTROS,"OTROS BIENES TRANSPORTABLES EXCEPTO PRODUCTOS METALICOS, MAQUINARIA Y EQUIPO",No Aplica,No Aplica,No Aplica,No Aplica,VIGENCIA ACTUAL,ENTIDADES TERRITORIALES - ADMINISTRACION CENTRAL,NO APLICA,No Aplica,NO DEFINIDO,,,2022,Cuarto Trimestre,,,,OTROS SERVICIOS DE LA ADMINISTRACION PUBLICA N C P,"SGP-PROPOSITO GENERAL-LIBRE DESTINACION MUNICIPIOS CATEGORIAS 4, 5 Y 6",,,,,,NO APLICA,,,,,,CON SITUACION DE FONDOS,NO APLICA,NO APLICA,53603884.0,53603884.0,53603884.0
8284351,20221201,218552585,Pupiales,2.3.2.02.02.009,"SERVICIOS PARA LA COMUNIDAD, SOCIALES Y PERSONALES",GASTOS,INVERSION,ADQUISICION DE BIENES Y SERVICIOS,ADQUISICIONES DIFERENTES DE ACTIVOS,ADQUISICION DE SERVICIOS,"SERVICIOS PARA LA COMUNIDAD, SOCIALES Y PERSONALES",No Aplica,No Aplica,No Aplica,No Aplica,VIGENCIA ACTUAL,ENTIDADES TERRITORIALES - ADMINISTRACION CENTRAL,SERVICIO DE APOYO FINANCIERO PARA CREADORES Y GESTORES CULTURALES,No Aplica,NO DEFINIDO,,,2022,Cuarto Trimestre,,,,OTROS SERVICIOS DE LA ADMINISTRACION PUBLICA N C P,ESTAMPILLAS,,,,,,NO APLICA,,,,,,CON SITUACION DE FONDOS,NO APLICA,NO APLICA,21832460.0,21832460.0,21832460.0
8286451,20230601,218552585,Pupiales,2.3.1.01.02,CONTRIBUCIONES INHERENTES A LA NOMINA,GASTOS,INVERSION,GASTOS DE PERSONAL,PLANTA DE PERSONAL PERMANENTE,CONTRIBUCIONES INHERENTES A LA NOMINA,No Aplica,No Aplica,No Aplica,No Aplica,No Aplica,CUENTAS POR PAGAR,ENTIDADES TERRITORIALES - ADMINISTRACION CENTRAL,NO DEFINIDO,No Aplica,NO DEFINIDO,,,2023,Segundo Trimestre,,,,NO DEFINIDO,NO DEFINIDO,,,,,,NO DEFINIDO,,,,,,NO DEFINIDO,NO DEFINIDO,NO DEFINIDO,15810000.0,15810000.0,15810000.0
8287434,20230601,218552585,Pupiales,2.1.1.01.02.003,APORTES DE CESANTIAS,GASTOS,FUNCIONAMIENTO,GASTOS DE PERSONAL,PLANTA DE PERSONAL PERMANENTE,CONTRIBUCIONES INHERENTES A LA NOMINA,APORTES DE CESANTIAS,No Aplica,No Aplica,No Aplica,No Aplica,CUENTAS POR PAGAR,ENTIDADES TERRITORIALES - ADMINISTRACION CENTRAL,NO APLICA,No Aplica,NO DEFINIDO,,,2023,Segundo Trimestre,,,,NO APLICA,"SGP-PROPOSITO GENERAL-LIBRE DESTINACION MUNICIPIOS CATEGORIAS 4, 5 Y 6",,,,,,NO APLICA,,,,,,CON SITUACION DE FONDOS,NO APLICA,NO APLICA,11427199.0,11427199.0,11427199.0
8287675,20221201,218552585,Pupiales,2.1.1.01.03.001.02,INDEMNIZACION POR VACACIONES,GASTOS,FUNCIONAMIENTO,GASTOS DE PERSONAL,PLANTA DE PERSONAL PERMANENTE,REMUNERACIONES NO CONSTITUTIVAS DE FACTOR SALARIAL,PRESTACIONES SOCIALES,INDEMNIZACION POR VACACIONES,No Aplica,No Aplica,No Aplica,VIGENCIA ACTUAL,ENTIDADES TERRITORIALES - ADMINISTRACION CENTRAL,NO APLICA,No Aplica,NO DEFINIDO,,,2022,Cuarto Trimestre,,,,NO APLICA,"SGP-PROPOSITO GENERAL-LIBRE DESTINACION MUNICIPIOS CATEGORIAS 4, 5 Y 6",,,,,,NO APLICA,,,,,,CON SITUACION DE FONDOS,NO APLICA,NO APLICA,13768589.0,13768589.0,13768589.0
8288845,20210901,218552585,Pupiales,2.3.4,TRANSFERENCIAS DE CAPITAL,GASTOS,INVERSION,TRANSFERENCIAS DE CAPITAL,No Aplica,No Aplica,No Aplica,No Aplica,No Aplica,No Aplica,No Aplica,VIGENCIA ACTUAL,ENTIDADES TERRITORIALES - ADMINISTRACION CENTRAL,NO DEFINIDO,No Aplica,NO DEFINIDO,,,2021,Tercer Trimestre,,,,NO DEFINIDO,NO DEFINIDO,,,,,,NO DEFINIDO,,,,,,NO DEFINIDO,NO DEFINIDO,NO DEFINIDO,437162833.0,179790926.0,164156822.0
8290545,20221201,218552585,Pupiales,2.1,FUNCIONAMIENTO,GASTOS,FUNCIONAMIENTO,No Aplica,No Aplica,No Aplica,No Aplica,No Aplica,No Aplica,No Aplica,No Aplica,VIGENCIA ACTUAL,ENTIDADES TERRITORIALES - ADMINISTRACION CENTRAL,NO DEFINIDO,No Aplica,NO DEFINIDO,,,2022,Cuarto Trimestre,,,,NO DEFINIDO,NO DEFINIDO,,,,,,NO DEFINIDO,,,,,,NO DEFINIDO,NO DEFINIDO,NO DEFINIDO,2076307810.0,2076307810.0,2026311918.0
8291267,20230601,218552585,Pupiales,2.3.2.02.02.009,"SERVICIOS PARA LA COMUNIDAD, SOCIALES Y PERSONALES",GASTOS,INVERSION,ADQUISICION DE BIENES Y SERVICIOS,ADQUISICIONES DIFERENTES DE ACTIVOS,ADQUISICION DE SERVICIOS,"SERVICIOS PARA LA COMUNIDAD, SOCIALES Y PERSONALES",No Aplica,No Aplica,No Aplica,No Aplica,VIGENCIA ACTUAL,ENTIDADES TERRITORIALES - ADMINISTRACION CENTRAL,SERVICIO DE PROMOCION DE ACTIVIDADES CULTURALES,No Aplica,NO DEFINIDO,,,2023,Segundo Trimestre,,,,SERVICIOS DE LOS ORGANOS DE CONTROL Y OTRAS INSTITUCIONES,SGP-PROPOSITO GENERAL-PROPOSITO GENERAL LIBRE INVERSION,,,,,,NO APLICA,,,,,,CON SITUACION DE FONDOS,NO APLICA,NO APLICA,343000000.0,343000000.0,343000000.0
8294949,20220901,218552585,Pupiales,2.3.1.01.01.001.07,BONIFICACION POR SERVICIOS PRESTADOS,GASTOS,INVERSION,GASTOS DE PERSONAL,PLANTA DE PERSONAL PERMANENTE,FACTORES CONSTITUTIVOS DE SALARIO,FACTORES SALARIALES COMUNES,BONIFICACION POR SERVICIOS PRESTADOS,No Aplica,No Aplica,No Aplica,VIGENCIA ACTUAL,ENTIDADES TERRITORIALES - ADMINISTRACION CENTRAL,NO APLICA,No Aplica,NO DEFINIDO,,,2022,Tercer Trimestre,,,,NO APLICA,SGP-PROPOSITO GENERAL-PROPOSITO GENERAL LIBRE INVERSION,,,,,,NO APLICA,,,,,,CON SITUACION DE FONDOS,DIRECCION NACIONAL DEL TESORO MINISTERIO DE HACIENDA Y CREDITO PUBLICO,NO APLICA,6559699.0,6559699.0,6559699.0
8298816,20230601,218552585,Pupiales,2.3.2.01.01.001.02.11,INSTALACIONES RECREATIVAS,GASTOS,INVERSION,ADQUISICION DE BIENES Y SERVICIOS,ADQUISICION DE ACTIVOS NO FINANCIEROS,ACTIVOS FIJOS,EDIFICACIONES Y ESTRUCTURAS,EDIFICACIONES DISTINTAS A VIVIENDAS,INSTALACIONES RECREATIVAS,No Aplica,No Aplica,VIGENCIA ACTUAL,ENTIDADES TERRITORIALES - ADMINISTRACION CENTRAL,CANCHAS MULTIFUNCIONALES MANTENIDAS,No Aplica,NO DEFINIDO,,,2023,Segundo Trimestre,,,,NO APLICA,SGP-PROPOSITO GENERAL-DEPORTE Y RECREACION,,,,,,NO APLICA,,,,,,CON SITUACION DE FONDOS,NO APLICA,NO APLICA,4653088.0,0.0,0.0
8298874,20210901,218552585,Pupiales,2.1.1.01.01.001.07,BONIFICACION POR SERVICIOS PRESTADOS,GASTOS,FUNCIONAMIENTO,GASTOS DE PERSONAL,PLANTA DE PERSONAL PERMANENTE,FACTORES CONSTITUTIVOS DE SALARIO,FACTORES SALARIALES COMUNES,BONIFICACION POR SERVICIOS PRESTADOS,No Aplica,No Aplica,No Aplica,VIGENCIA ACTUAL,ENTIDADES TERRITORIALES - ADMINISTRACION CENTRAL,NO APLICA,No Aplica,NO DEFINIDO,,,2021,Tercer Trimestre,,,,NO APLICA,1.2.1.0.00 - INGRESOS CORRIENTES DE LIBRE DESTINACION,,,,,,NO APLICA,,,,,,CON SITUACION DE FONDOS,NO APLICA,NO DEFINIDO,15545301.0,15545301.0,15545301.0
8302004,20230301,218552585,Pupiales,2.3.2.02.02.009,"SERVICIOS PARA LA COMUNIDAD, SOCIALES Y PERSONALES",GASTOS,INVERSION,ADQUISICION DE BIENES Y SERVICIOS,ADQUISICIONES DIFERENTES DE ACTIVOS,ADQUISICION DE SERVICIOS,"SERVICIOS PARA LA COMUNIDAD, SOCIALES Y PERSONALES",No Aplica,No Aplica,No Aplica,No Aplica,RESERVAS,ENTIDADES TERRITORIALES - ADMINISTRACION CENTRAL,"SERVICIO DE APOYO FINANCIERO A LOS PLANES, PROGRAMAS Y PROYECTOS DE AGUA POTABLE Y SANEAMIENTO BASICO",No Aplica,NO DEFINIDO,,,2023,Primer Trimestre,,,,SERVICIOS DE ALCANTARILLADO Y TRATAMIENTO DE AGUAS RESIDUALES,SGP-AGUA POTABLE Y SANEAMIENTO BASICO,,,,,,NO APLICA,,,,,,CON SITUACION DE FONDOS,NO APLICA,NO APLICA,2232778.0,2232778.0,2232778.0
8303629,20210901,218552585,Pupiales,2.1.1.01.01,FACTORES CONSTITUTIVOS DE SALARIO,GASTOS,FUNCIONAMIENTO,GASTOS DE PERSONAL,PLANTA DE PERSONAL PERMANENTE,FACTORES CONSTITUTIVOS DE SALARIO,No Aplica,No Aplica,No Aplica,No Aplica,No Aplica,VIGENCIA ACTUAL,ENTIDADES TERRITORIALES - CONCEJO,NO DEFINIDO,No Aplica,NO DEFINIDO,,,2021,Tercer Trimestre,,,,NO DEFINIDO,NO DEFINIDO,,,,,,NO DEFINIDO,,,,,,NO DEFINIDO,NO DEFINIDO,NO DEFINIDO,54033268.0,54033268.0,54033268.0
8307326,20210601,218552585,Pupiales,2.3.4,TRANSFERENCIAS DE CAPITAL,GASTOS,INVERSION,TRANSFERENCIAS DE CAPITAL,No Aplica,No Aplica,No Aplica,No Aplica,No Aplica,No Aplica,No Aplica,VIGENCIA ACTUAL,ENTIDADES TERRITORIALES - ADMINISTRACION CENTRAL,NO DEFINIDO,No Aplica,NO DEFINIDO,,,2021,Segundo Trimestre,,,,NO DEFINIDO,NO DEFINIDO,,,,,,NO DEFINIDO,,,,,,NO DEFINIDO,NO DEFINIDO,NO DEFINIDO,157519836.0,46723419.0,46723419.0
8310763,20211201,218552585,Pupiales,2.1.1.01.02.004,APORTES A CAJAS DE COMPENSACION FAMILIAR,GASTOS,FUNCIONAMIENTO,GASTOS DE PERSONAL,PLANTA DE PERSONAL PERMANENTE,CONTRIBUCIONES INHERENTES A LA NOMINA,APORTES A CAJAS DE COMPENSACION FAMILIAR,No Aplica,No Aplica,No Aplica,No Aplica,VIGENCIA ACTUAL,ENTIDADES TERRITORIALES - ADMINISTRACION CENTRAL,NO APLICA,No Aplica,NO DEFINIDO,,,2021,Cuarto Trimestre,,,,NO APLICA,INGRESOS CORRIENTES DE LIBRE DESTINACION,,,,,,NO APLICA,,,,,,CON SITUACION DE FONDOS,NO APLICA,NO DEFINIDO,18906213.0,18906213.0,18906213.0
8312476,20230301,218552585,Pupiales,2.3.2.02.02.009,"SERVICIOS PARA LA COMUNIDAD, SOCIALES Y PERSONALES",GASTOS,INVERSION,ADQUISICION DE BIENES Y SERVICIOS,ADQUISICIONES DIFERENTES DE ACTIVOS,ADQUISICION DE SERVICIOS,"SERVICIOS PARA LA COMUNIDAD, SOCIALES Y PERSONALES",No Aplica,No Aplica,No Aplica,No Aplica,VIGENCIA ACTUAL,ENTIDADES TERRITORIALES - ADMINISTRACION CENTRAL,SERVICIO DE PROMOCION DE ACTIVIDADES CULTURALES,No Aplica,NO DEFINIDO,,,2023,Primer Trimestre,,,,SERVICIOS DE FUNCIONAMIENTO DE INSTALACIONES E INFRAESTRUCTURA CULTURAL PARA PRESENTACIONES ARTISTICAS,TRANSFERENCIAS DE CAPITAL DE OTRAS ENTIDADES DEL GOBIERNO GENERAL,,,,,,NO APLICA,,,,,,CON SITUACION DE FONDOS,NO APLICA,NO APLICA,35679000.0,28543200.0,28543200.0
8316088,20211201,218552585,Pupiales,2.3.2.02.02.009,"SERVICIOS PARA LA COMUNIDAD, SOCIALES Y PERSONALES",GASTOS,INVERSION,ADQUISICION DE BIENES Y SERVICIOS,ADQUISICIONES DIFERENTES DE ACTIVOS,ADQUISICION DE SERVICIOS,"SERVICIOS PARA LA COMUNIDAD, SOCIALES Y PERSONALES",No Aplica,No Aplica,No Aplica,No Aplica,VIGENCIA ACTUAL,ENTIDADES TERRITORIALES - ADMINISTRACION CENTRAL,SERVICIO DE ASISTENCIA TECNICA PARA PROMOCIONAR EL DESPLIEGUE DE INFRAESTRUCTURA DE LAS TECNOLOGIAS DE LA INFORMACION Y LAS COMUNICACIONES,2021525850009,NO DEFINIDO,,,2021,Cuarto Trimestre,,,,OTROS SERVICIOS DIVERSOS N C P,INGRESOS CORRIENTES DE LIBRE DESTINACION,,,,,,NO APLICA,,,,,,CON SITUACION DE FONDOS,NO APLICA,NO DEFINIDO,20930000.0,20930000.0,20930000.0
8318105,20230601,218552585,Pupiales,2.1.1.01.02.002,APORTES A LA SEGURIDAD SOCIAL EN SALUD,GASTOS,FUNCIONAMIENTO,GASTOS DE PERSONAL,PLANTA DE PERSONAL PERMANENTE,CONTRIBUCIONES INHERENTES A LA NOMINA,APORTES A LA SEGURIDAD SOCIAL EN SALUD,No Aplica,No Aplica,No Aplica,No Aplica,VIGENCIA ACTUAL,ENTIDADES TERRITORIALES - ADMINISTRACION CENTRAL,NO APLICA,No Aplica,NO DEFINIDO,,,2023,Segundo Trimestre,,,,NO APLICA,"SGP-PROPOSITO GENERAL-LIBRE DESTINACION MUNICIPIOS CATEGORIAS 4, 5 Y 6",,,,,,NO APLICA,,,,,,CON SITUACION DE FONDOS,NO APLICA,NO APLICA,6380000.0,6380000.0,6380000.0
8320733,20210601,218552585,Pupiales,2.3.1.01.01.001.08,PRESTACIONES SOCIALES,GASTOS,INVERSION,GASTOS DE PERSONAL,PLANTA DE PERSONAL PERMANENTE,FACTORES CONSTITUTIVOS DE SALARIO,FACTORES SALARIALES COMUNES,PRESTACIONES SOCIALES,No Aplica,No Aplica,No Aplica,VIGENCIA ACTUAL,ENTIDADES TERRITORIALES - ADMINISTRACION CENTRAL,NO DEFINIDO,No Aplica,NO DEFINIDO,,,2021,Segundo Trimestre,,,,NO DEFINIDO,NO DEFINIDO,,,,,,NO DEFINIDO,,,,,,NO DEFINIDO,NO DEFINIDO,NO DEFINIDO,2983556.0,2983556.0,2983556.0
8322284,20220601,218552585,Pupiales,2.1.1.01.02.002,APORTES A LA SEGURIDAD SOCIAL EN SALUD,GASTOS,FUNCIONAMIENTO,GASTOS DE PERSONAL,PLANTA DE PERSONAL PERMANENTE,CONTRIBUCIONES INHERENTES A LA NOMINA,APORTES A LA SEGURIDAD SOCIAL EN SALUD,No Aplica,No Aplica,No Aplica,No Aplica,VIGENCIA ACTUAL,ENTIDADES TERRITORIALES - ADMINISTRACION CENTRAL,NO APLICA,No Aplica,NO DEFINIDO,,,2022,Segundo Trimestre,,,,NO APLICA,INGRESOS CORRIENTES DE LIBRE DESTINACION,,,,,,NO APLICA,,,,,,CON SITUACION DE FONDOS,NO APLICA,NO APLICA,26019598.0,26019598.0,26019598.0
8324569,20211201,218552585,Pupiales,2.1.2,ADQUISICION DE BIENES Y SERVICIOS,GASTOS,FUNCIONAMIENTO,ADQUISICION DE BIENES Y SERVICIOS,No Aplica,No Aplica,No Aplica,No Aplica,No Aplica,No Aplica,No Aplica,VIGENCIA ACTUAL,ENTIDADES TERRITORIALES - ADMINISTRACION CENTRAL,NO DEFINIDO,No Aplica,NO DEFINIDO,,,2021,Cuarto Trimestre,,,,NO DEFINIDO,NO DEFINIDO,,,,,,NO DEFINIDO,,,,,,NO DEFINIDO,NO DEFINIDO,NO DEFINIDO,804670366.0,804670366.0,802360366.0
8325459,20210601,218552585,Pupiales,2.1,FUNCIONAMIENTO,GASTOS,FUNCIONAMIENTO,No Aplica,No Aplica,No Aplica,No Aplica,No Aplica,No Aplica,No Aplica,No Aplica,VIGENCIA ACTUAL,ENTIDADES TERRITORIALES - PERSONERIA,NO DEFINIDO,No Aplica,NO DEFINIDO,,,2021,Segundo Trimestre,,,,NO DEFINIDO,NO DEFINIDO,,,,,,NO DEFINIDO,,,,,,NO DEFINIDO,NO DEFINIDO,NO DEFINIDO,70610823.0,70610823.0,70610823.0
8325757,20220301,218552585,Pupiales,2.3.2.02.01.000,"AGRICULTURA, SILVICULTURA Y PRODUCTOS DE LA PESCA",GASTOS,INVERSION,ADQUISICION DE BIENES Y SERVICIOS,ADQUISICIONES DIFERENTES DE ACTIVOS,MATERIALES Y SUMINISTROS,"AGRICULTURA, SILVICULTURA Y PRODUCTOS DE LA PESCA",No Aplica,No Aplica,No Aplica,No Aplica,VIGENCIA ACTUAL,ENTIDADES TERRITORIALES - ADMINISTRACION CENTRAL,SERVICIO DE APOYO FINANCIERO PARA PROYECTOS PRODUCTIVOS,No Aplica,NO DEFINIDO,,,2022,Primer Trimestre,,,,OTROS SERVICIOS ADMINISTRATIVOS DEL GOBIERNO N C P,SGP-PROPOSITO GENERAL-PROPOSITO GENERAL LIBRE INVERSION,,,,,,NO APLICA,,,,,,CON SITUACION DE FONDOS,DIRECCION NACIONAL DEL TESORO MINISTERIO DE HACIENDA Y CREDITO PUBLICO,NO APLICA,60000000.0,60000000.0,60000000.0
8327746,20221201,218552585,Pupiales,2.3.2.02.02.009,"SERVICIOS PARA LA COMUNIDAD, SOCIALES Y PERSONALES",GASTOS,INVERSION,ADQUISICION DE BIENES Y SERVICIOS,ADQUISICIONES DIFERENTES DE ACTIVOS,ADQUISICION DE SERVICIOS,"SERVICIOS PARA LA COMUNIDAD, SOCIALES Y PERSONALES",No Aplica,No Aplica,No Aplica,No Aplica,VIGENCIA ACTUAL,ENTIDADES TERRITORIALES - ADMINISTRACION CENTRAL,ALCANTARILLADOS OPTIMIZADOS,No Aplica,NO DEFINIDO,,,2022,Cuarto Trimestre,,,,OTROS SERVICIOS DE LA ADMINISTRACION PUBLICA N C P,SGP-AGUA POTABLE Y SANEAMIENTO BASICO,,,,,,NO APLICA,,,,,,CON SITUACION DE FONDOS,DIRECCION NACIONAL DEL TESORO MINISTERIO DE HACIENDA Y CREDITO PUBLICO,NO APLICA,174800000.0,162000000.0,162000000.0
8327960,20221201,218552585,Pupiales,2.3.2.02.02.009,"SERVICIOS PARA LA COMUNIDAD, SOCIALES Y PERSONALES",GASTOS,INVERSION,ADQUISICION DE BIENES Y SERVICIOS,ADQUISICIONES DIFERENTES DE ACTIVOS,ADQUISICION DE SERVICIOS,"SERVICIOS PARA LA COMUNIDAD, SOCIALES Y PERSONALES",No Aplica,No Aplica,No Aplica,No Aplica,VIGENCIA ACTUAL,ENTIDADES TERRITORIALES - ADMINISTRACION CENTRAL,SERVICIO DE PROMOCION DE ACTIVIDADES CULTURALES,No Aplica,NO DEFINIDO,,,2022,Cuarto Trimestre,,,,OTROS SERVICIOS DE LA ADMINISTRACION PUBLICA N C P,RECURSOS DEL BALANCE DE LIBRE DESTINACION,,,,,,NO APLICA,,,,,,CON SITUACION DE FONDOS,NO APLICA,NO APLICA,57270000.0,57270000.0,57270000.0
8330518,20220901,218552585,Pupiales,2.3.2.02.02.005,CONSTRUCCION Y SERVICIOS DE LA CONSTRUCCION,GASTOS,INVERSION,ADQUISICION DE BIENES Y SERVICIOS,ADQUISICIONES DIFERENTES DE ACTIVOS,ADQUISICION DE SERVICIOS,CONSTRUCCION Y SERVICIOS DE LA CONSTRUCCION,No Aplica,No Aplica,No Aplica,No Aplica,VIGENCIA ACTUAL,ENTIDADES TERRITORIALES - ADMINISTRACION CENTRAL,PARQUES RECREATIVOS CONSTRUIDOS,No Aplica,NO DEFINIDO,,,2022,Tercer Trimestre,,,,OTROS SERVICIOS DE LA ADMINISTRACION PUBLICA N C P,R.B. SGP-PROPOSITO GENERAL-DEPORTE Y RECREACION,,,,,,NO APLICA,,,,,,CON SITUACION DE FONDOS,NO APLICA,NO APLICA,19610142.0,19610142.0,19610142.0
8330551,20220601,218552585,Pupiales,2.2.2.01.02.002.02,BANCA COMERCIAL,GASTOS,SERVICIO DE LA DEUDA PUBLICA,SERVICIO DE LA DEUDA PUBLICA INTERNA,PRINCIPAL,PRESTAMOS,ENTIDADES FINANCIERAS,BANCA COMERCIAL,No Aplica,No Aplica,No Aplica,VIGENCIA ACTUAL,ENTIDADES TERRITORIALES - ADMINISTRACION CENTRAL,NO DEFINIDO,No Aplica,NO DEFINIDO,,,2022,Segundo Trimestre,,,,NO DEFINIDO,NO DEFINIDO,,,,,,NO DEFINIDO,,,,,,NO DEFINIDO,NO DEFINIDO,NO DEFINIDO,222249753.0,222249753.0,222249753.0
8331803,20220301,218552585,Pupiales,2.1.1.01.01.001.01,SUELDO BASICO,GASTOS,FUNCIONAMIENTO,GASTOS DE PERSONAL,PLANTA DE PERSONAL PERMANENTE,FACTORES CONSTITUTIVOS DE SALARIO,FACTORES SALARIALES COMUNES,SUELDO BASICO,No Aplica,No Aplica,No Aplica,VIGENCIA ACTUAL,ENTIDADES TERRITORIALES - ADMINISTRACION CENTRAL,NO APLICA,No Aplica,NO DEFINIDO,,,2022,Primer Trimestre,,,,NO APLICA,INGRESOS CORRIENTES DE LIBRE DESTINACION,,,,,,NO APLICA,,,,,,CON SITUACION DE FONDOS,NO APLICA,NO APLICA,117233610.0,117233610.0,117233610.0
8334788,20211201,218552585,Pupiales,2.2.2.02.02.002.02.03,BANCA COMERCIAL,GASTOS,SERVICIO DE LA DEUDA PUBLICA,SERVICIO DE LA DEUDA PUBLICA INTERNA,INTERESES,PRESTAMOS,ENTIDADES FINANCIERAS,BANCA COMERCIAL,BANCA COMERCIAL,No Aplica,No Aplica,VIGENCIA ACTUAL,ENTIDADES TERRITORIALES - ADMINISTRACION CENTRAL,SERVICIO DE ASEO,No Aplica,NO DEFINIDO,,,2021,Cuarto Trimestre,,,,NO APLICA,SGP-AGUA POTABLE Y SANEAMIENTO BASICO,,,,,,NO APLICA,,,,,,CON SITUACION DE FONDOS,NO APLICA,NO DEFINIDO,20260959.0,20260959.0,20260959.0
8349876,20230301,218552585,Pupiales,2.3.2.02.02.009,"SERVICIOS PARA LA COMUNIDAD, SOCIALES Y PERSONALES",GASTOS,INVERSION,ADQUISICION DE BIENES Y SERVICIOS,ADQUISICIONES DIFERENTES DE ACTIVOS,ADQUISICION DE SERVICIOS,"SERVICIOS PARA LA COMUNIDAD, SOCIALES Y PERSONALES",No Aplica,No Aplica,No Aplica,No Aplica,VIGENCIA ACTUAL,ENTIDADES TERRITORIALES - ADMINISTRACION CENTRAL,"SERVICIO DE FOMENTO PARA EL ACCESO A LA EDUCACION INICIAL, PREESCOLAR, BASICA Y MEDIA.",No Aplica,NO DEFINIDO,,,2023,Primer Trimestre,,,,SERVICIOS DE LA ADMINISTRACION PUBLICA RELACIONADOS CON LA EDUCACION,SGP-EDUCACION-CALIDAD  POR GRATUIDAD,,,,,,NO APLICA,,,,,,CON SITUACION DE FONDOS,NO APLICA,NO APLICA,49181126.0,49181126.0,49181126.0
8350480,20230601,218552585,Pupiales,2.3.2,ADQUISICION DE BIENES Y SERVICIOS,GASTOS,INVERSION,ADQUISICION DE BIENES Y SERVICIOS,No Aplica,No Aplica,No Aplica,No Aplica,No Aplica,No Aplica,No Aplica,VIGENCIA ACTUAL,ENTIDADES TERRITORIALES - ADMINISTRACION CENTRAL,NO DEFINIDO,No Aplica,NO DEFINIDO,,,2023,Segundo Trimestre,,,,NO DEFINIDO,NO DEFINIDO,,,,,,NO DEFINIDO,,,,,,NO DEFINIDO,NO DEFINIDO,NO DEFINIDO,14773041872.0,13017151421.0,13017151421.0
8350873,20220601,218552585,Pupiales,2.1.1.01.01.001.05,AUXILIO DE TRANSPORTE,GASTOS,FUNCIONAMIENTO,GASTOS DE PERSONAL,PLANTA DE PERSONAL PERMANENTE,FACTORES CONSTITUTIVOS DE SALARIO,FACTORES SALARIALES COMUNES,AUXILIO DE TRANSPORTE,No Aplica,No Aplica,No Aplica,VIGENCIA ACTUAL,ENTIDADES TERRITORIALES - ADMINISTRACION CENTRAL,NO APLICA,No Aplica,NO DEFINIDO,,,2022,Segundo Trimestre,,,,NO APLICA,INGRESOS CORRIENTES DE LIBRE DESTINACION,,,,,,NO APLICA,,,,,,CON SITUACION DE FONDOS,NO APLICA,NO APLICA,8162982.0,6792070.0,6792070.0
8355567,20230301,218552585,Pupiales,2.1.2.02.01,MATERIALES Y SUMINISTROS,GASTOS,FUNCIONAMIENTO,ADQUISICION DE BIENES Y SERVICIOS,ADQUISICIONES DIFERENTES DE ACTIVOS,MATERIALES Y SUMINISTROS,No Aplica,No Aplica,No Aplica,No Aplica,No Aplica,VIGENCIA ACTUAL,ENTIDADES TERRITORIALES - ADMINISTRACION CENTRAL,NO DEFINIDO,No Aplica,NO DEFINIDO,,,2023,Primer Trimestre,,,,NO DEFINIDO,NO DEFINIDO,,,,,,NO DEFINIDO,,,,,,NO DEFINIDO,NO DEFINIDO,NO DEFINIDO,17500000.0,7555000.0,7555000.0
8356304,20210901,218552585,Pupiales,2.2.2.01,PRINCIPAL,GASTOS,SERVICIO DE LA DEUDA PUBLICA,SERVICIO DE LA DEUDA PUBLICA INTERNA,PRINCIPAL,No Aplica,No Aplica,No Aplica,No Aplica,No Aplica,No Aplica,VIGENCIA ACTUAL,ENTIDADES TERRITORIALES - ADMINISTRACION CENTRAL,NO DEFINIDO,No Aplica,NO DEFINIDO,,,2021,Tercer Trimestre,,,,NO DEFINIDO,NO DEFINIDO,,,,,,NO DEFINIDO,,,,,,NO DEFINIDO,NO DEFINIDO,NO DEFINIDO,77360114.0,77360114.0,77360114.0
8359821,20230601,218552585,Pupiales,2.3.2.02.02.009,"SERVICIOS PARA LA COMUNIDAD, SOCIALES Y PERSONALES",GASTOS,INVERSION,ADQUISICION DE BIENES Y SERVICIOS,ADQUISICIONES DIFERENTES DE ACTIVOS,ADQUISICION DE SERVICIOS,"SERVICIOS PARA LA COMUNIDAD, SOCIALES Y PERSONALES",No Aplica,No Aplica,No Aplica,No Aplica,VIGENCIA ACTUAL,ENTIDADES TERRITORIALES - ADMINISTRACION CENTRAL,SERVICIO DE AYUDA Y ATENCION HUMANITARIA,No Aplica,NO DEFINIDO,,,2023,Segundo Trimestre,,,,SERVICIOS DE LOS ORGANOS DE CONTROL Y OTRAS INSTITUCIONES,INGRESOS CORRIENTES DE LIBRE DESTINACION,,,,,,NO APLICA,,,,,,CON SITUACION DE FONDOS,NO APLICA,NO APLICA,17698950.0,17698950.0,17698950.0
8371456,20230601,218552585,Pupiales,2.3.2.02.02.009,"SERVICIOS PARA LA COMUNIDAD, SOCIALES Y PERSONALES",GASTOS,INVERSION,ADQUISICION DE BIENES Y SERVICIOS,ADQUISICIONES DIFERENTES DE ACTIVOS,ADQUISICION DE SERVICIOS,"SERVICIOS PARA LA COMUNIDAD, SOCIALES Y PERSONALES",No Aplica,No Aplica,No Aplica,No Aplica,RESERVAS,ENTIDADES TERRITORIALES - ADMINISTRACION CENTRAL,NO APLICA,No Aplica,NO DEFINIDO,,,2023,Segundo Trimestre,,,,SERVICIOS DE LOS ORGANOS DE CONTROL Y OTRAS INSTITUCIONES,RECURSOS DEL BALANCE DE LIBRE DESTINACION,,,,,,NO APLICA,,,,,,CON SITUACION DE FONDOS,NO APLICA,NO APLICA,12180000.0,12180000.0,12180000.0
8372579,20220601,218552585,Pupiales,2.3.2.02.02.009,"SERVICIOS PARA LA COMUNIDAD, SOCIALES Y PERSONALES",GASTOS,INVERSION,ADQUISICION DE BIENES Y SERVICIOS,ADQUISICIONES DIFERENTES DE ACTIVOS,ADQUISICION DE SERVICIOS,"SERVICIOS PARA LA COMUNIDAD, SOCIALES Y PERSONALES",No Aplica,No Aplica,No Aplica,No Aplica,VIGENCIA ACTUAL,ENTIDADES TERRITORIALES - ADMINISTRACION CENTRAL,"SERVICIO DE INSPECCION, VIGILANCIA Y CONTROL DE LOS FACTORES DEL RIESGO DEL AMBIENTE QUE AFECTAN LA SALUD HUMANA",2021525850017,NO DEFINIDO,,,2022,Segundo Trimestre,,,,OTROS SERVICIOS DIVERSOS N C P,SGP-SALUD-SALUD PUBLICA,,,,,,NO APLICA,,,,,,CON SITUACION DE FONDOS,DIRECCION NACIONAL DEL TESORO MINISTERIO DE HACIENDA Y CREDITO PUBLICO,NO APLICA,153267157.0,40337700.0,40337700.0
8374198,20210901,218552585,Pupiales,2.3.2.02.01,MATERIALES Y SUMINISTROS,GASTOS,INVERSION,ADQUISICION DE BIENES Y SERVICIOS,ADQUISICIONES DIFERENTES DE ACTIVOS,MATERIALES Y SUMINISTROS,No Aplica,No Aplica,No Aplica,No Aplica,No Aplica,VIGENCIA ACTUAL,ENTIDADES TERRITORIALES - ADMINISTRACION CENTRAL,NO DEFINIDO,No Aplica,NO DEFINIDO,,,2021,Tercer Trimestre,,,,NO DEFINIDO,NO DEFINIDO,,,,,,NO DEFINIDO,,,,,,NO DEFINIDO,NO DEFINIDO,NO DEFINIDO,585340000.0,315711109.0,315711109.0
8377217,20230301,218552585,Pupiales,2.1.1.01.01.001.08.01,PRIMA DE NAVIDAD,GASTOS,FUNCIONAMIENTO,GASTOS DE PERSONAL,PLANTA DE PERSONAL PERMANENTE,FACTORES CONSTITUTIVOS DE SALARIO,FACTORES SALARIALES COMUNES,PRESTACIONES SOCIALES,PRIMA DE NAVIDAD,No Aplica,No Aplica,VIGENCIA ACTUAL,ENTIDADES TERRITORIALES - ADMINISTRACION CENTRAL,NO APLICA,No Aplica,NO DEFINIDO,,,2023,Primer Trimestre,,,,NO APLICA,"SGP-PROPOSITO GENERAL-LIBRE DESTINACION MUNICIPIOS CATEGORIAS 4, 5 Y 6",,,,,,NO APLICA,,,,,,CON SITUACION DE FONDOS,NO APLICA,NO APLICA,17969759.0,17969759.0,17969759.0
8378385,20230601,218552585,Pupiales,2.3.2.02.02.009,"SERVICIOS PARA LA COMUNIDAD, SOCIALES Y PERSONALES",GASTOS,INVERSION,ADQUISICION DE BIENES Y SERVICIOS,ADQUISICIONES DIFERENTES DE ACTIVOS,ADQUISICION DE SERVICIOS,"SERVICIOS PARA LA COMUNIDAD, SOCIALES Y PERSONALES",No Aplica,No Aplica,No Aplica,No Aplica,VIGENCIA ACTUAL,ENTIDADES TERRITORIALES - ADMINISTRACION CENTRAL,SERVICIO DE ATENCION Y PROTECCION INTEGRAL AL ADULTO MAYOR,No Aplica,NO DEFINIDO,,,2023,Segundo Trimestre,,,,SERVICIOS DE LOS ORGANOS DE CONTROL Y OTRAS INSTITUCIONES,ESTAMPILLAS,,,,,,NO APLICA,,,,,,CON SITUACION DE FONDOS,NO APLICA,NO APLICA,71574158.0,39250000.0,39250000.0
8378661,20220601,218552585,Pupiales,2.3.2.02.02.009,"SERVICIOS PARA LA COMUNIDAD, SOCIALES Y PERSONALES",GASTOS,INVERSION,ADQUISICION DE BIENES Y SERVICIOS,ADQUISICIONES DIFERENTES DE ACTIVOS,ADQUISICION DE SERVICIOS,"SERVICIOS PARA LA COMUNIDAD, SOCIALES Y PERSONALES",No Aplica,No Aplica,No Aplica,No Aplica,VIGENCIA ACTUAL,ENTIDADES TERRITORIALES - ADMINISTRACION CENTRAL,SERVICIO DE ATENCION INTEGRAL A POBLACION EN CONDICION DE DISCAPACIDAD,No Aplica,NO DEFINIDO,,,2022,Segundo Trimestre,,,,OTROS SERVICIOS DIVERSOS N C P,SGP-PROPOSITO GENERAL-PROPOSITO GENERAL LIBRE INVERSION,,,,,,NO APLICA,,,,,,CON SITUACION DE FONDOS,NO APLICA,NO APLICA,24000000.0,12000000.0,12000000.0
8379380,20230301,218552585,Pupiales,2.3.2.02.02.009,"SERVICIOS PARA LA COMUNIDAD, SOCIALES Y PERSONALES",GASTOS,INVERSION,ADQUISICION DE BIENES Y SERVICIOS,ADQUISICIONES DIFERENTES DE ACTIVOS,ADQUISICION DE SERVICIOS,"SERVICIOS PARA LA COMUNIDAD, SOCIALES Y PERSONALES",No Aplica,No Aplica,No Aplica,No Aplica,VIGENCIA ACTUAL,ENTIDADES TERRITORIALES - ADMINISTRACION CENTRAL,VIA SECUNDARIA MEJORADA,No Aplica,NO DEFINIDO,,,2023,Primer Trimestre,,,,OTROS SERVICIOS DE APOYO PARA EL MEJORAMIENTO DEL COMPORTAMIENTO CIVICO Y DE LAS INFRAESTRUCTURAS COMUNITARIAS,SGP-PROPOSITO GENERAL-PROPOSITO GENERAL LIBRE INVERSION,,,,,,NO APLICA,,,,,,CON SITUACION DE FONDOS,NO APLICA,NO APLICA,12171563.0,9985484.0,7775579.0
8379702,20230301,218552585,Pupiales,2.1.1.01.02.006,APORTES AL ICBF,GASTOS,FUNCIONAMIENTO,GASTOS DE PERSONAL,PLANTA DE PERSONAL PERMANENTE,CONTRIBUCIONES INHERENTES A LA NOMINA,APORTES AL ICBF,No Aplica,No Aplica,No Aplica,No Aplica,VIGENCIA ACTUAL,ENTIDADES TERRITORIALES - ADMINISTRACION CENTRAL,NO APLICA,No Aplica,NO DEFINIDO,,,2023,Primer Trimestre,,,,NO APLICA,"SGP-PROPOSITO GENERAL-LIBRE DESTINACION MUNICIPIOS CATEGORIAS 4, 5 Y 6",,,,,,NO APLICA,,,,,,CON SITUACION DE FONDOS,INSTITUTO COLOMBIANO DE BIENESTAR FAMILIAR,NO APLICA,2356200.0,2356200.0,1570800.0
8380226,20220301,218552585,Pupiales,2.3.1.01.02.008,APORTES A LA ESAP,GASTOS,INVERSION,GASTOS DE PERSONAL,PLANTA DE PERSONAL PERMANENTE,CONTRIBUCIONES INHERENTES A LA NOMINA,APORTES A LA ESAP,No Aplica,No Aplica,No Aplica,No Aplica,VIGENCIA ACTUAL,ENTIDADES TERRITORIALES - ADMINISTRACION CENTRAL,NO APLICA,No Aplica,NO DEFINIDO,,,2022,Primer Trimestre,,,,NO APLICA,SGP-PROPOSITO GENERAL-PROPOSITO GENERAL LIBRE INVERSION,,,,,,NO APLICA,,,,,,CON SITUACION DE FONDOS,DIRECCION NACIONAL DEL TESORO MINISTERIO DE HACIENDA Y CREDITO PUBLICO,NO APLICA,166182.0,166182.0,166182.0
8380913,20220901,218552585,Pupiales,2.3.2.02.02.009,"SERVICIOS PARA LA COMUNIDAD, SOCIALES Y PERSONALES",GASTOS,INVERSION,ADQUISICION DE BIENES Y SERVICIOS,ADQUISICIONES DIFERENTES DE ACTIVOS,ADQUISICION DE SERVICIOS,"SERVICIOS PARA LA COMUNIDAD, SOCIALES Y PERSONALES",No Aplica,No Aplica,No Aplica,No Aplica,VIGENCIA ACTUAL,ENTIDADES TERRITORIALES - ADMINISTRACION CENTRAL,SERVICIO DE ORGANIZACION DE EVENTOS RECREATIVOS COMUNITARIOS,No Aplica,NO DEFINIDO,,,2022,Tercer Trimestre,,,,OTROS SERVICIOS DE LA ADMINISTRACION PUBLICA N C P,SGP-PROPOSITO GENERAL-DEPORTE Y RECREACION,,,,,,NO APLICA,,,,,,CON SITUACION DE FONDOS,NO APLICA,NO APLICA,2400000.0,2400000.0,2400000.0
8384388,20210601,218552585,Pupiales,2.1.1.01,PLANTA DE PERSONAL PERMANENTE,GASTOS,FUNCIONAMIENTO,GASTOS DE PERSONAL,PLANTA DE PERSONAL PERMANENTE,No Aplica,No Aplica,No Aplica,No Aplica,No Aplica,No Aplica,VIGENCIA ACTUAL,ENTIDADES TERRITORIALES - CONCEJO,NO DEFINIDO,No Aplica,NO DEFINIDO,,,2021,Segundo Trimestre,,,,NO DEFINIDO,NO DEFINIDO,,,,,,NO DEFINIDO,,,,,,NO DEFINIDO,NO DEFINIDO,NO DEFINIDO,125822319.0,125822319.0,125822319.0
8384742,20230301,218552585,Pupiales,2.1.4.02,ENTIDADES DEL GOBIERNO GENERAL,GASTOS,FUNCIONAMIENTO,TRANSFERENCIAS DE CAPITAL,ENTIDADES DEL GOBIERNO GENERAL,No Aplica,No Aplica,No Aplica,No Aplica,No Aplica,No Aplica,VIGENCIA ACTUAL,ENTIDADES TERRITORIALES - CONCEJO,NO DEFINIDO,No Aplica,NO DEFINIDO,,,2023,Primer Trimestre,,,,NO DEFINIDO,NO DEFINIDO,,,,,,NO DEFINIDO,,,,,,NO DEFINIDO,NO DEFINIDO,NO DEFINIDO,9029250.0,9029250.0,6019500.0
8385945,20230601,218552585,Pupiales,2.3.1.01.02.007,APORTES AL SENA,GASTOS,INVERSION,GASTOS DE PERSONAL,PLANTA DE PERSONAL PERMANENTE,CONTRIBUCIONES INHERENTES A LA NOMINA,APORTES AL SENA,No Aplica,No Aplica,No Aplica,No Aplica,VIGENCIA ACTUAL,ENTIDADES TERRITORIALES - ADMINISTRACION CENTRAL,VIA TERCIARIA MEJORADA,No Aplica,NO DEFINIDO,,,2023,Segundo Trimestre,,,,NO APLICA,INGRESOS CORRIENTES DE LIBRE DESTINACION,,,,,,NO APLICA,,,,,,CON SITUACION DE FONDOS,SERVICIO NACIONAL DE APRENDIZAJE,NO APLICA,132264.0,132264.0,132264.0
8386351,20221201,218552585,Pupiales,2.3.1.01.01.001.05,AUXILIO DE TRANSPORTE,GASTOS,INVERSION,GASTOS DE PERSONAL,PLANTA DE PERSONAL PERMANENTE,FACTORES CONSTITUTIVOS DE SALARIO,FACTORES SALARIALES COMUNES,AUXILIO DE TRANSPORTE,No Aplica,No Aplica,No Aplica,VIGENCIA ACTUAL,ENTIDADES TERRITORIALES - ADMINISTRACION CENTRAL,NO APLICA,No Aplica,NO DEFINIDO,,,2022,Cuarto Trimestre,,,,NO APLICA,SGP-PROPOSITO GENERAL-PROPOSITO GENERAL LIBRE INVERSION,,,,,,NO APLICA,,,,,,CON SITUACION DE FONDOS,DIRECCION NACIONAL DEL TESORO MINISTERIO DE HACIENDA Y CREDITO PUBLICO,NO APLICA,12514637.0,12514637.0,12514637.0
8386949,20230601,218552585,Pupiales,2.3.2.01.01.003.02,MAQUINARIA PARA USOS ESPECIALES,GASTOS,INVERSION,ADQUISICION DE BIENES Y SERVICIOS,ADQUISICION DE ACTIVOS NO FINANCIEROS,ACTIVOS FIJOS,MAQUINARIA Y EQUIPO,MAQUINARIA PARA USOS ESPECIALES,No Aplica,No Aplica,No Aplica,VIGENCIA ACTUAL,ENTIDADES TERRITORIALES - ADMINISTRACION CENTRAL,NO DEFINIDO,No Aplica,NO DEFINIDO,,,2023,Segundo Trimestre,,,,NO DEFINIDO,NO DEFINIDO,,,,,,NO DEFINIDO,,,,,,NO DEFINIDO,NO DEFINIDO,NO DEFINIDO,119995000.0,0.0,0.0
8387657,20220301,218552585,Pupiales,2.1.1.01.02.009,APORTES A ESCUELAS INDUSTRIALES E INSTITUTOS TECNICOS,GASTOS,FUNCIONAMIENTO,GASTOS DE PERSONAL,PLANTA DE PERSONAL PERMANENTE,CONTRIBUCIONES INHERENTES A LA NOMINA,APORTES A ESCUELAS INDUSTRIALES E INSTITUTOS TECNICOS,No Aplica,No Aplica,No Aplica,No Aplica,VIGENCIA ACTUAL,ENTIDADES TERRITORIALES - ADMINISTRACION CENTRAL,NO APLICA,No Aplica,NO DEFINIDO,,,2022,Primer Trimestre,,,,NO APLICA,INGRESOS CORRIENTES DE LIBRE DESTINACION,,,,,,NO APLICA,,,,,,CON SITUACION DE FONDOS,NO APLICA,NO APLICA,764018.0,764018.0,764018.0
8387825,20210601,218552585,Pupiales,2.1.1.01.01.001.05,AUXILIO DE TRANSPORTE,GASTOS,FUNCIONAMIENTO,GASTOS DE PERSONAL,PLANTA DE PERSONAL PERMANENTE,FACTORES CONSTITUTIVOS DE SALARIO,FACTORES SALARIALES COMUNES,AUXILIO DE TRANSPORTE,No Aplica,No Aplica,No Aplica,VIGENCIA ACTUAL,ENTIDADES TERRITORIALES - ADMINISTRACION CENTRAL,NO APLICA,No Aplica,NO DEFINIDO,,,2021,Segundo Trimestre,,,,NO APLICA,1.2.1.0.00 - INGRESOS CORRIENTES DE LIBRE DESTINACION,,,,,,NO APLICA,,,,,,CON SITUACION DE FONDOS,NO APLICA,NO DEFINIDO,7163666.0,7163666.0,7163666.0
8390740,20220301,218552585,Pupiales,2.1.1,GASTOS DE PERSONAL,GASTOS,FUNCIONAMIENTO,GASTOS DE PERSONAL,No Aplica,No Aplica,No Aplica,No Aplica,No Aplica,No Aplica,No Aplica,VIGENCIA ACTUAL,ENTIDADES TERRITORIALES - PERSONERIA,NO DEFINIDO,No Aplica,NO DEFINIDO,,,2022,Primer Trimestre,,,,NO DEFINIDO,NO DEFINIDO,,,,,,NO DEFINIDO,,,,,,NO DEFINIDO,NO DEFINIDO,NO DEFINIDO,32337805.0,32337805.0,32337805.0
8391640,20210601,218552585,Pupiales,2.1.1.01.03.001.01,VACACIONES,GASTOS,FUNCIONAMIENTO,GASTOS DE PERSONAL,PLANTA DE PERSONAL PERMANENTE,REMUNERACIONES NO CONSTITUTIVAS DE FACTOR SALARIAL,PRESTACIONES SOCIALES,VACACIONES,No Aplica,No Aplica,No Aplica,VIGENCIA ACTUAL,ENTIDADES TERRITORIALES - ADMINISTRACION CENTRAL,NO APLICA,No Aplica,NO DEFINIDO,,,2021,Segundo Trimestre,,,,NO APLICA,1.2.1.0.00 - INGRESOS CORRIENTES DE LIBRE DESTINACION,,,,,,NO APLICA,,,,,,CON SITUACION DE FONDOS,NO APLICA,NO DEFINIDO,9112418.0,9112418.0,9112418.0
8393636,20210901,218552585,Pupiales,2.1.1.01.03,REMUNERACIONES NO CONSTITUTIVAS DE FACTOR SALARIAL,GASTOS,FUNCIONAMIENTO,GASTOS DE PERSONAL,PLANTA DE PERSONAL PERMANENTE,REMUNERACIONES NO CONSTITUTIVAS DE FACTOR SALARIAL,No Aplica,No Aplica,No Aplica,No Aplica,No Aplica,VIGENCIA ACTUAL,ENTIDADES TERRITORIALES - ADMINISTRACION CENTRAL,NO DEFINIDO,No Aplica,NO DEFINIDO,,,2021,Tercer Trimestre,,,,NO DEFINIDO,NO DEFINIDO,,,,,,NO DEFINIDO,,,,,,NO DEFINIDO,NO DEFINIDO,NO DEFINIDO,58052925.0,58052925.0,58052925.0
8394730,20211201,218552585,Pupiales,2.1.1.01.02.001,APORTES A LA SEGURIDAD SOCIAL EN PENSIONES,GASTOS,FUNCIONAMIENTO,GASTOS DE PERSONAL,PLANTA DE PERSONAL PERMANENTE,CONTRIBUCIONES INHERENTES A LA NOMINA,APORTES A LA SEGURIDAD SOCIAL EN PENSIONES,No Aplica,No Aplica,No Aplica,No Aplica,VIGENCIA ACTUAL,ENTIDADES TERRITORIALES - ADMINISTRACION CENTRAL,NO APLICA,No Aplica,NO DEFINIDO,,,2021,Cuarto Trimestre,,,,NO APLICA,INGRESOS CORRIENTES DE LIBRE DESTINACION,,,,,,NO APLICA,,,,,,CON SITUACION DE FONDOS,NO APLICA,NO DEFINIDO,77172097.0,77172097.0,77172097.0
8395889,20230601,218552585,Pupiales,2.3.2.02.02.009,"SERVICIOS PARA LA COMUNIDAD, SOCIALES Y PERSONALES",GASTOS,INVERSION,ADQUISICION DE BIENES Y SERVICIOS,ADQUISICIONES DIFERENTES DE ACTIVOS,ADQUISICION DE SERVICIOS,"SERVICIOS PARA LA COMUNIDAD, SOCIALES Y PERSONALES",No Aplica,No Aplica,No Aplica,No Aplica,VIGENCIA ACTUAL,ENTIDADES TERRITORIALES - ADMINISTRACION CENTRAL,EDIFICACIONES DE ATENCION A LA PRIMERA INFANCIA AMPLIADAS,No Aplica,NO DEFINIDO,,,2023,Segundo Trimestre,,,,SERVICIOS DE LOS ORGANOS DE CONTROL Y OTRAS INSTITUCIONES,INGRESOS CORRIENTES DE LIBRE DESTINACION,,,,,,NO APLICA,,,,,,CON SITUACION DE FONDOS,NO APLICA,NO APLICA,18000000.0,9000000.0,9000000.0
8397685,20230601,218552585,Pupiales,2.1.1.01.01.001,FACTORES SALARIALES COMUNES,GASTOS,FUNCIONAMIENTO,GASTOS DE PERSONAL,PLANTA DE PERSONAL PERMANENTE,FACTORES CONSTITUTIVOS DE SALARIO,FACTORES SALARIALES COMUNES,No Aplica,No Aplica,No Aplica,No Aplica,VIGENCIA ACTUAL,ENTIDADES TERRITORIALES - ADMINISTRACION CENTRAL,NO DEFINIDO,No Aplica,NO DEFINIDO,,,2023,Segundo Trimestre,,,,NO DEFINIDO,NO DEFINIDO,,,,,,NO DEFINIDO,,,,,,NO DEFINIDO,NO DEFINIDO,NO DEFINIDO,292027810.0,291257611.0,291257611.0
8398532,20220901,218552585,Pupiales,2.3.2.02.02.009,"SERVICIOS PARA LA COMUNIDAD, SOCIALES Y PERSONALES",GASTOS,INVERSION,ADQUISICION DE BIENES Y SERVICIOS,ADQUISICIONES DIFERENTES DE ACTIVOS,ADQUISICION DE SERVICIOS,"SERVICIOS PARA LA COMUNIDAD, SOCIALES Y PERSONALES",No Aplica,No Aplica,No Aplica,No Aplica,VIGENCIA ACTUAL,ENTIDADES TERRITORIALES - ADMINISTRACION CENTRAL,SERVICIO DE ATENCION Y PROTECCION INTEGRAL AL ADULTO MAYOR,No Aplica,NO DEFINIDO,,,2022,Tercer Trimestre,,,,OTROS SERVICIOS DE LA ADMINISTRACION PUBLICA N C P,R.B. ESTAMPILLAS,,,,,,NO APLICA,,,,,,CON SITUACION DE FONDOS,NO APLICA,NO APLICA,68017309.0,32227309.0,32227309.0
8398990,20211201,218552585,Pupiales,2.3.1.01.02.001,APORTES A LA SEGURIDAD SOCIAL EN PENSIONES,GASTOS,INVERSION,GASTOS DE PERSONAL,PLANTA DE PERSONAL PERMANENTE,CONTRIBUCIONES INHERENTES A LA NOMINA,APORTES A LA SEGURIDAD SOCIAL EN PENSIONES,No Aplica,No Aplica,No Aplica,No Aplica,VIGENCIA ACTUAL,ENTIDADES TERRITORIALES - ADMINISTRACION CENTRAL,NO APLICA,No Aplica,NO DEFINIDO,,,2021,Cuarto Trimestre,,,,NO APLICA,SGP-PROPOSITO GENERAL-PROPOSITO GENERAL LIBRE INVERSION,,,,,,NO APLICA,,,,,,CON SITUACION DE FONDOS,DIRECCION NACIONAL DEL TESORO MINISTERIO DE HACIENDA Y CREDITO PUBLICO,NO DEFINIDO,10837579.0,10837579.0,10837579.0
8399067,20220601,218552585,Pupiales,2.3.1.01.01.001.06,PRIMA DE SERVICIO,GASTOS,INVERSION,GASTOS DE PERSONAL,PLANTA DE PERSONAL PERMANENTE,FACTORES CONSTITUTIVOS DE SALARIO,FACTORES SALARIALES COMUNES,PRIMA DE SERVICIO,No Aplica,No Aplica,No Aplica,VIGENCIA ACTUAL,ENTIDADES TERRITORIALES - ADMINISTRACION CENTRAL,NO APLICA,No Aplica,NO DEFINIDO,,,2022,Segundo Trimestre,,,,NO APLICA,SGP-PROPOSITO GENERAL-PROPOSITO GENERAL LIBRE INVERSION,,,,,,NO APLICA,,,,,,CON SITUACION DE FONDOS,DIRECCION NACIONAL DEL TESORO MINISTERIO DE HACIENDA Y CREDITO PUBLICO,NO APLICA,8933432.0,300818.0,300818.0
8399838,20220301,218552585,Pupiales,2.1.1.01.01.001.07,BONIFICACION POR SERVICIOS PRESTADOS,GASTOS,FUNCIONAMIENTO,GASTOS DE PERSONAL,PLANTA DE PERSONAL PERMANENTE,FACTORES CONSTITUTIVOS DE SALARIO,FACTORES SALARIALES COMUNES,BONIFICACION POR SERVICIOS PRESTADOS,No Aplica,No Aplica,No Aplica,VIGENCIA ACTUAL,ENTIDADES TERRITORIALES - ADMINISTRACION CENTRAL,NO APLICA,No Aplica,NO DEFINIDO,,,2022,Primer Trimestre,,,,NO APLICA,INGRESOS CORRIENTES DE LIBRE DESTINACION,,,,,,NO APLICA,,,,,,CON SITUACION DE FONDOS,NO APLICA,NO APLICA,10154480.0,10154480.0,10154480.0
8405765,20221201,218552585,Pupiales,2.3.3.01.02,A EMPRESAS PUBLICAS NO FINANCIERAS,GASTOS,INVERSION,TRANSFERENCIAS CORRIENTES,SUBVENCIONES,A EMPRESAS PUBLICAS NO FINANCIERAS,No Aplica,No Aplica,No Aplica,No Aplica,No Aplica,VIGENCIA ACTUAL,ENTIDADES TERRITORIALES - ADMINISTRACION CENTRAL,NO DEFINIDO,No Aplica,NO DEFINIDO,,,2022,Cuarto Trimestre,,,,NO DEFINIDO,NO DEFINIDO,,,,,,NO DEFINIDO,,,,,,NO DEFINIDO,NO DEFINIDO,NO DEFINIDO,478458712.0,478458712.0,475265932.0
8406053,20230301,218552585,Pupiales,2.3.2.02.02.009,"SERVICIOS PARA LA COMUNIDAD, SOCIALES Y PERSONALES",GASTOS,INVERSION,ADQUISICION DE BIENES Y SERVICIOS,ADQUISICIONES DIFERENTES DE ACTIVOS,ADQUISICION DE SERVICIOS,"SERVICIOS PARA LA COMUNIDAD, SOCIALES Y PERSONALES",No Aplica,No Aplica,No Aplica,No Aplica,VIGENCIA ACTUAL,ENTIDADES TERRITORIALES - ADMINISTRACION CENTRAL,SERVICIO DE ATENCION EN SALUD A LA POBLACION,No Aplica,NO DEFINIDO,,,2023,Primer Trimestre,,,,SERVICIOS DE LA ADMINISTRACION PUBLICA RELACIONADOS CON LA SALUD,SGP-SALUD-REGIMEN SUBSIDIADO,,,,,,NO APLICA,,,,,,CON SITUACION DE FONDOS,NO APLICA,NO APLICA,1166944001.0,1166944001.0,1166944001.0
8406446,20230301,218552585,Pupiales,2.1.2.02.02.009,"SERVICIOS PARA LA COMUNIDAD, SOCIALES Y PERSONALES",GASTOS,FUNCIONAMIENTO,ADQUISICION DE BIENES Y SERVICIOS,ADQUISICIONES DIFERENTES DE ACTIVOS,ADQUISICION DE SERVICIOS,"SERVICIOS PARA LA COMUNIDAD, SOCIALES Y PERSONALES",No Aplica,No Aplica,No Aplica,No Aplica,VIGENCIA ACTUAL,ENTIDADES TERRITORIALES - ADMINISTRACION CENTRAL,NO APLICA,No Aplica,NO DEFINIDO,,,2023,Primer Trimestre,,,,SERVICIOS DE LA ADMINISTRACION PUBLICA RELACIONADOS CON LA VIVIENDA E INFRAESTRUCTURA DE SERVICIOS PUBLICOS,"SGP-PROPOSITO GENERAL-LIBRE DESTINACION MUNICIPIOS CATEGORIAS 4, 5 Y 6",,,,,,NO APLICA,,,,,,CON SITUACION DE FONDOS,NO APLICA,NO APLICA,5910220.0,4520856.0,2495402.0
8411642,20230601,218552585,Pupiales,2.1.1.01.01,FACTORES CONSTITUTIVOS DE SALARIO,GASTOS,FUNCIONAMIENTO,GASTOS DE PERSONAL,PLANTA DE PERSONAL PERMANENTE,FACTORES CONSTITUTIVOS DE SALARIO,No Aplica,No Aplica,No Aplica,No Aplica,No Aplica,VIGENCIA ACTUAL,ENTIDADES TERRITORIALES - ADMINISTRACION CENTRAL,NO DEFINIDO,No Aplica,NO DEFINIDO,,,2023,Segundo Trimestre,,,,NO DEFINIDO,NO DEFINIDO,,,,,,NO DEFINIDO,,,,,,NO DEFINIDO,NO DEFINIDO,NO DEFINIDO,292027810.0,291257611.0,291257611.0
8411657,20221201,218552585,Pupiales,2.3.1.01.02.007,APORTES AL SENA,GASTOS,INVERSION,GASTOS DE PERSONAL,PLANTA DE PERSONAL PERMANENTE,CONTRIBUCIONES INHERENTES A LA NOMINA,APORTES AL SENA,No Aplica,No Aplica,No Aplica,No Aplica,VIGENCIA ACTUAL,ENTIDADES TERRITORIALES - ADMINISTRACION CENTRAL,NO APLICA,No Aplica,NO DEFINIDO,,,2022,Cuarto Trimestre,,,,NO APLICA,SGP-PROPOSITO GENERAL-PROPOSITO GENERAL LIBRE INVERSION,,,,,,NO APLICA,,,,,,CON SITUACION DE FONDOS,DIRECCION NACIONAL DEL TESORO MINISTERIO DE HACIENDA Y CREDITO PUBLICO,NO APLICA,1054137.0,1054137.0,1054137.0
8411937,20230301,218552585,Pupiales,2.3.2.02.01.003,"OTROS BIENES TRANSPORTABLES EXCEPTO PRODUCTOS METALICOS, MAQUINARIA Y EQUIPO",GASTOS,INVERSION,ADQUISICION DE BIENES Y SERVICIOS,ADQUISICIONES DIFERENTES DE ACTIVOS,MATERIALES Y SUMINISTROS,"OTROS BIENES TRANSPORTABLES EXCEPTO PRODUCTOS METALICOS, MAQUINARIA Y EQUIPO",No Aplica,No Aplica,No Aplica,No Aplica,VIGENCIA ACTUAL,ENTIDADES TERRITORIALES - ADMINISTRACION CENTRAL,SERVICIO DE ASISTENCIA TECNICA4599031,No Aplica,NO DEFINIDO,,,2023,Primer Trimestre,,,,PAPELES N C P,"SGP-PROPOSITO GENERAL-LIBRE DESTINACION MUNICIPIOS CATEGORIAS 4, 5 Y 6",,,,,,NO APLICA,,,,,,CON SITUACION DE FONDOS,NO APLICA,NO APLICA,7963600.0,7963600.0,7963600.0
8412046,20210901,218552585,Pupiales,2.1.1.01.02.009,APORTES A ESCUELAS INDUSTRIALES E INSTITUTOS TECNICOS,GASTOS,FUNCIONAMIENTO,GASTOS DE PERSONAL,PLANTA DE PERSONAL PERMANENTE,CONTRIBUCIONES INHERENTES A LA NOMINA,APORTES A ESCUELAS INDUSTRIALES E INSTITUTOS TECNICOS,No Aplica,No Aplica,No Aplica,No Aplica,VIGENCIA ACTUAL,ENTIDADES TERRITORIALES - ADMINISTRACION CENTRAL,NO APLICA,No Aplica,NO DEFINIDO,,,2021,Tercer Trimestre,,,,NO APLICA,1.2.1.0.00 - INGRESOS CORRIENTES DE LIBRE DESTINACION,,,,,,NO APLICA,,,,,,CON SITUACION DE FONDOS,NO APLICA,NO DEFINIDO,3025357.0,3025357.0,3025357.0
8413651,20211201,218552585,Pupiales,2.1.1.01.01.001.08.01,PRIMA DE NAVIDAD,GASTOS,FUNCIONAMIENTO,GASTOS DE PERSONAL,PLANTA DE PERSONAL PERMANENTE,FACTORES CONSTITUTIVOS DE SALARIO,FACTORES SALARIALES COMUNES,PRESTACIONES SOCIALES,PRIMA DE NAVIDAD,No Aplica,No Aplica,VIGENCIA ACTUAL,ENTIDADES TERRITORIALES - ADMINISTRACION CENTRAL,NO APLICA,No Aplica,NO DEFINIDO,,,2021,Cuarto Trimestre,,,,NO APLICA,INGRESOS CORRIENTES DE LIBRE DESTINACION,,,,,,NO APLICA,,,,,,CON SITUACION DE FONDOS,NO APLICA,NO DEFINIDO,53567481.0,53567481.0,53567481.0
8414019,20210301,218552585,Pupiales,2.3.1.01.01.001.07,BONIFICACION POR SERVICIOS PRESTADOS,GASTOS,INVERSION,GASTOS DE PERSONAL,PLANTA DE PERSONAL PERMANENTE,FACTORES CONSTITUTIVOS DE SALARIO,FACTORES SALARIALES COMUNES,BONIFICACION POR SERVICIOS PRESTADOS,No Aplica,No Aplica,No Aplica,VIGENCIA ACTUAL,ENTIDADES TERRITORIALES - ADMINISTRACION CENTRAL,NO APLICA,No Aplica,NO DEFINIDO,,,2021,Primer Trimestre,,,,NO APLICA,1.2.4.3.03 - SGP-PROPOSITO GENERAL-PROPOSITO GENERAL LIBRE INVERSION,,,,,,NO APLICA,,,,,,CON SITUACION DE FONDOS,DIRECCION NACIONAL DEL TESORO MINISTERIO DE HACIENDA Y CREDITO PUBLICO,NO DEFINIDO,4623404.0,4623404.0,4623404.0
8414087,20220601,218552585,Pupiales,2.3.1.01.01.001.08,PRESTACIONES SOCIALES,GASTOS,INVERSION,GASTOS DE PERSONAL,PLANTA DE PERSONAL PERMANENTE,FACTORES CONSTITUTIVOS DE SALARIO,FACTORES SALARIALES COMUNES,PRESTACIONES SOCIALES,No Aplica,No Aplica,No Aplica,VIGENCIA ACTUAL,ENTIDADES TERRITORIALES - ADMINISTRACION CENTRAL,NO DEFINIDO,No Aplica,NO DEFINIDO,,,2022,Segundo Trimestre,,,,NO DEFINIDO,NO DEFINIDO,,,,,,NO DEFINIDO,,,,,,NO DEFINIDO,NO DEFINIDO,NO DEFINIDO,5684364.0,5684364.0,5684364.0
8416100,20220901,218552585,Pupiales,2.3.2.02.02.009,"SERVICIOS PARA LA COMUNIDAD, SOCIALES Y PERSONALES",GASTOS,INVERSION,ADQUISICION DE BIENES Y SERVICIOS,ADQUISICIONES DIFERENTES DE ACTIVOS,ADQUISICION DE SERVICIOS,"SERVICIOS PARA LA COMUNIDAD, SOCIALES Y PERSONALES",No Aplica,No Aplica,No Aplica,No Aplica,VIGENCIA ACTUAL,ENTIDADES TERRITORIALES - ADMINISTRACION CENTRAL,SERVICIO DE ORGANIZACION DE EVENTOS DEPORTIVOS COMUNITARIOS,2021525850035,NO DEFINIDO,,,2022,Tercer Trimestre,,,,OTROS SERVICIOS DE LA ADMINISTRACION PUBLICA N C P,SGP-PROPOSITO GENERAL-DEPORTE Y RECREACION,,,,,,NO APLICA,,,,,,CON SITUACION DE FONDOS,DIRECCION NACIONAL DEL TESORO MINISTERIO DE HACIENDA Y CREDITO PUBLICO,NO APLICA,26800000.0,26800000.0,26800000.0
8417719,20230301,218552585,Pupiales,2.1.2.02.02,ADQUISICION DE SERVICIOS,GASTOS,FUNCIONAMIENTO,ADQUISICION DE BIENES Y SERVICIOS,ADQUISICIONES DIFERENTES DE ACTIVOS,ADQUISICION DE SERVICIOS,No Aplica,No Aplica,No Aplica,No Aplica,No Aplica,VIGENCIA ACTUAL,ENTIDADES TERRITORIALES - ADMINISTRACION CENTRAL,NO DEFINIDO,No Aplica,NO DEFINIDO,,,2023,Primer Trimestre,,,,NO DEFINIDO,NO DEFINIDO,,,,,,NO DEFINIDO,,,,,,NO DEFINIDO,NO DEFINIDO,NO DEFINIDO,300517087.0,203195346.0,124495802.0
8423092,20230301,218552585,Pupiales,2.1.1.01.03,REMUNERACIONES NO CONSTITUTIVAS DE FACTOR SALARIAL,GASTOS,FUNCIONAMIENTO,GASTOS DE PERSONAL,PLANTA DE PERSONAL PERMANENTE,REMUNERACIONES NO CONSTITUTIVAS DE FACTOR SALARIAL,No Aplica,No Aplica,No Aplica,No Aplica,No Aplica,VIGENCIA ACTUAL,ENTIDADES TERRITORIALES - ADMINISTRACION CENTRAL,NO DEFINIDO,No Aplica,NO DEFINIDO,,,2023,Primer Trimestre,,,,NO DEFINIDO,NO DEFINIDO,,,,,,NO DEFINIDO,,,,,,NO DEFINIDO,NO DEFINIDO,NO DEFINIDO,9983012.0,9983012.0,8242602.0
8426245,20230301,218552585,Pupiales,2.1.3.05.04.001.13,PARTICIPACION DE LA SOBRETASA AMBIENTAL,GASTOS,FUNCIONAMIENTO,TRANSFERENCIAS CORRIENTES,A ENTIDADES DEL GOBIERNO,PARTICIPACIONES DISTINTAS DEL SGP,PARTICIPACIONES DE IMPUESTOS,PARTICIPACION DE LA SOBRETASA AMBIENTAL,No Aplica,No Aplica,No Aplica,VIGENCIA ACTUAL,ENTIDADES TERRITORIALES - ADMINISTRACION CENTRAL,NO DEFINIDO,No Aplica,NO DEFINIDO,,,2023,Primer Trimestre,,,,NO DEFINIDO,NO DEFINIDO,,,,,,NO DEFINIDO,,,,,,NO DEFINIDO,NO DEFINIDO,NO DEFINIDO,4504385.0,4504385.0,2158679.0
8426321,20230601,218552585,Pupiales,2.3.2.02.02.009,"SERVICIOS PARA LA COMUNIDAD, SOCIALES Y PERSONALES",GASTOS,INVERSION,ADQUISICION DE BIENES Y SERVICIOS,ADQUISICIONES DIFERENTES DE ACTIVOS,ADQUISICION DE SERVICIOS,"SERVICIOS PARA LA COMUNIDAD, SOCIALES Y PERSONALES",No Aplica,No Aplica,No Aplica,No Aplica,RESERVAS,ENTIDADES TERRITORIALES - ADMINISTRACION CENTRAL,NO APLICA,No Aplica,NO DEFINIDO,,,2023,Segundo Trimestre,,,,SERVICIOS DE LOS ORGANOS DE CONTROL Y OTRAS INSTITUCIONES,SGP-PROPOSITO GENERAL-PROPOSITO GENERAL LIBRE INVERSION,,,,,,NO APLICA,,,,,,CON SITUACION DE FONDOS,NO APLICA,NO APLICA,47909402.0,0.0,0.0
8427831,20221201,218552585,Pupiales,2.3.1.01.01.001.08.02,PRIMA DE VACACIONES,GASTOS,INVERSION,GASTOS DE PERSONAL,PLANTA DE PERSONAL PERMANENTE,FACTORES CONSTITUTIVOS DE SALARIO,FACTORES SALARIALES COMUNES,PRESTACIONES SOCIALES,PRIMA DE VACACIONES,No Aplica,No Aplica,VIGENCIA ACTUAL,ENTIDADES TERRITORIALES - ADMINISTRACION CENTRAL,NO APLICA,No Aplica,NO DEFINIDO,,,2022,Cuarto Trimestre,,,,NO APLICA,SGP-PROPOSITO GENERAL-PROPOSITO GENERAL LIBRE INVERSION,,,,,,NO APLICA,,,,,,CON SITUACION DE FONDOS,DIRECCION NACIONAL DEL TESORO MINISTERIO DE HACIENDA Y CREDITO PUBLICO,NO APLICA,6810375.0,6810375.0,6810375.0
8428646,20220901,218552585,Pupiales,2.2.2.01.02.002.02.03,BANCA COMERCIAL,GASTOS,SERVICIO DE LA DEUDA PUBLICA,SERVICIO DE LA DEUDA PUBLICA INTERNA,PRINCIPAL,PRESTAMOS,ENTIDADES FINANCIERAS,BANCA COMERCIAL,BANCA COMERCIAL,No Aplica,No Aplica,VIGENCIA ACTUAL,ENTIDADES TERRITORIALES - ADMINISTRACION CENTRAL,NO APLICA,No Aplica,NO DEFINIDO,,,2022,Tercer Trimestre,,,,NO APLICA,SGP-PROPOSITO GENERAL-PROPOSITO GENERAL LIBRE INVERSION,,,,,,NO APLICA,,,,,,CON SITUACION DE FONDOS,NO APLICA,NO APLICA,273164999.0,273164999.0,273164999.0
8428916,20220301,218552585,Pupiales,2,GASTOS,GASTOS,No Aplica,No Aplica,No Aplica,No Aplica,No Aplica,No Aplica,No Aplica,No Aplica,No Aplica,VIGENCIA ACTUAL,ENTIDADES TERRITORIALES - CONCEJO,NO DEFINIDO,No Aplica,NO DEFINIDO,,,2022,Primer Trimestre,,,,NO DEFINIDO,NO DEFINIDO,,,,,,NO DEFINIDO,,,,,,NO DEFINIDO,NO DEFINIDO,NO DEFINIDO,54434984.0,54434984.0,54434984.0
8428978,20210901,218552585,Pupiales,2.1.1.01.01.001.08.01,PRIMA DE NAVIDAD,GASTOS,FUNCIONAMIENTO,GASTOS DE PERSONAL,PLANTA DE PERSONAL PERMANENTE,FACTORES CONSTITUTIVOS DE SALARIO,FACTORES SALARIALES COMUNES,PRESTACIONES SOCIALES,PRIMA DE NAVIDAD,No Aplica,No Aplica,VIGENCIA ACTUAL,ENTIDADES TERRITORIALES - ADMINISTRACION CENTRAL,NO APLICA,No Aplica,NO DEFINIDO,,,2021,Tercer Trimestre,,,,NO APLICA,1.2.1.0.00 - INGRESOS CORRIENTES DE LIBRE DESTINACION,,,,,,NO APLICA,,,,,,CON SITUACION DE FONDOS,NO APLICA,NO DEFINIDO,3232129.0,3232129.0,3232129.0
8430944,20221201,218552585,Pupiales,2.1.1.01.01.001,FACTORES SALARIALES COMUNES,GASTOS,FUNCIONAMIENTO,GASTOS DE PERSONAL,PLANTA DE PERSONAL PERMANENTE,FACTORES CONSTITUTIVOS DE SALARIO,FACTORES SALARIALES COMUNES,No Aplica,No Aplica,No Aplica,No Aplica,VIGENCIA ACTUAL,ENTIDADES TERRITORIALES - CONCEJO,NO DEFINIDO,No Aplica,NO DEFINIDO,,,2022,Cuarto Trimestre,,,,NO DEFINIDO,NO DEFINIDO,,,,,,NO DEFINIDO,,,,,,NO DEFINIDO,NO DEFINIDO,NO DEFINIDO,60000000.0,60000000.0,60000000.0
8440484,20220901,218552585,Pupiales,2.3.1.01.02.002,APORTES A LA SEGURIDAD SOCIAL EN SALUD,GASTOS,INVERSION,GASTOS DE PERSONAL,PLANTA DE PERSONAL PERMANENTE,CONTRIBUCIONES INHERENTES A LA NOMINA,APORTES A LA SEGURIDAD SOCIAL EN SALUD,No Aplica,No Aplica,No Aplica,No Aplica,VIGENCIA ACTUAL,ENTIDADES TERRITORIALES - ADMINISTRACION CENTRAL,NO APLICA,No Aplica,NO DEFINIDO,,,2022,Tercer Trimestre,,,,NO APLICA,SGP-PROPOSITO GENERAL-PROPOSITO GENERAL LIBRE INVERSION,,,,,,NO APLICA,,,,,,CON SITUACION DE FONDOS,DIRECCION NACIONAL DEL TESORO MINISTERIO DE HACIENDA Y CREDITO PUBLICO,NO APLICA,9129409.0,9129409.0,9129409.0
8441284,20221201,218552585,Pupiales,2.3.2.02.02.009,"SERVICIOS PARA LA COMUNIDAD, SOCIALES Y PERSONALES",GASTOS,INVERSION,ADQUISICION DE BIENES Y SERVICIOS,ADQUISICIONES DIFERENTES DE ACTIVOS,ADQUISICION DE SERVICIOS,"SERVICIOS PARA LA COMUNIDAD, SOCIALES Y PERSONALES",No Aplica,No Aplica,No Aplica,No Aplica,VIGENCIA ACTUAL,ENTIDADES TERRITORIALES - ADMINISTRACION CENTRAL,SERVICIO DE ASISTENCIA TECNICA EN ASUNTOS DE PATRIMONIO CULTURAL SUMERGIDO,No Aplica,NO DEFINIDO,,,2022,Cuarto Trimestre,,,,OTROS SERVICIOS DE LA ADMINISTRACION PUBLICA N C P,OTRAS TRANSFERENCIAS CORRIENTES DE OTRAS ENTIDADES CON DESTINACION ESPECIFICA LEGAL DEL GOBIERNO GENERAL,,,,,,NO APLICA,,,,,,CON SITUACION DE FONDOS,NO APLICA,NO APLICA,19960000.0,19960000.0,0.0
8442026,20220601,218552585,Pupiales,2.1.1.01.02.003,APORTES DE CESANTIAS,GASTOS,FUNCIONAMIENTO,GASTOS DE PERSONAL,PLANTA DE PERSONAL PERMANENTE,CONTRIBUCIONES INHERENTES A LA NOMINA,APORTES DE CESANTIAS,No Aplica,No Aplica,No Aplica,No Aplica,VIGENCIA ACTUAL,ENTIDADES TERRITORIALES - ADMINISTRACION CENTRAL,NO APLICA,No Aplica,NO DEFINIDO,,,2022,Segundo Trimestre,,,,NO APLICA,INGRESOS CORRIENTES DE LIBRE DESTINACION,,,,,,NO APLICA,,,,,,CON SITUACION DE FONDOS,NO APLICA,NO APLICA,79993155.0,79993155.0,79993155.0
8442671,20220901,218552585,Pupiales,2.2.2.01.02,PRESTAMOS,GASTOS,SERVICIO DE LA DEUDA PUBLICA,SERVICIO DE LA DEUDA PUBLICA INTERNA,PRINCIPAL,PRESTAMOS,No Aplica,No Aplica,No Aplica,No Aplica,No Aplica,VIGENCIA ACTUAL,ENTIDADES TERRITORIALES - ADMINISTRACION CENTRAL,NO DEFINIDO,No Aplica,NO DEFINIDO,,,2022,Tercer Trimestre,,,,NO DEFINIDO,NO DEFINIDO,,,,,,NO DEFINIDO,,,,,,NO DEFINIDO,NO DEFINIDO,NO DEFINIDO,314876937.0,314876937.0,314876937.0
8443875,20230601,218552585,Pupiales,2,GASTOS,GASTOS,No Aplica,No Aplica,No Aplica,No Aplica,No Aplica,No Aplica,No Aplica,No Aplica,No Aplica,CUENTAS POR PAGAR,ENTIDADES DIFERENTES A ENTIDADES TERRITORIALES - GESTION GENERAL,NO DEFINIDO,No Aplica,NO DEFINIDO,,,2023,Segundo Trimestre,,,,NO DEFINIDO,NO DEFINIDO,,,,,,NO DEFINIDO,,,,,,NO DEFINIDO,NO DEFINIDO,NO DEFINIDO,3897204.0,3897204.0,3897204.0
8445362,20220301,218552585,Pupiales,2.1.1.01,PLANTA DE PERSONAL PERMANENTE,GASTOS,FUNCIONAMIENTO,GASTOS DE PERSONAL,PLANTA DE PERSONAL PERMANENTE,No Aplica,No Aplica,No Aplica,No Aplica,No Aplica,No Aplica,VIGENCIA ACTUAL,ENTIDADES TERRITORIALES - PERSONERIA,NO DEFINIDO,No Aplica,NO DEFINIDO,,,2022,Primer Trimestre,,,,NO DEFINIDO,NO DEFINIDO,,,,,,NO DEFINIDO,,,,,,NO DEFINIDO,NO DEFINIDO,NO DEFINIDO,32337805.0,32337805.0,32337805.0
8445860,20230301,218552585,Pupiales,2.1.2.02.02.009,"SERVICIOS PARA LA COMUNIDAD, SOCIALES Y PERSONALES",GASTOS,FUNCIONAMIENTO,ADQUISICION DE BIENES Y SERVICIOS,ADQUISICIONES DIFERENTES DE ACTIVOS,ADQUISICION DE SERVICIOS,"SERVICIOS PARA LA COMUNIDAD, SOCIALES Y PERSONALES",No Aplica,No Aplica,No Aplica,No Aplica,VIGENCIA ACTUAL,ENTIDADES TERRITORIALES - ADMINISTRACION CENTRAL,NO APLICA,No Aplica,NO DEFINIDO,,,2023,Primer Trimestre,,,,SERVICIOS DE LA ADMINISTRACION PUBLICA RELACIONADOS CON LA AGRICULTURA SILVICULTURA PESCA Y CAZA,"SGP-PROPOSITO GENERAL-LIBRE DESTINACION MUNICIPIOS CATEGORIAS 4, 5 Y 6",,,,,,NO APLICA,,,,,,CON SITUACION DE FONDOS,NO APLICA,NO APLICA,2440337.0,1866667.0,1030354.0
8451721,20221201,218552585,Pupiales,2.3.2.02.02.005,CONSTRUCCION Y SERVICIOS DE LA CONSTRUCCION,GASTOS,INVERSION,ADQUISICION DE BIENES Y SERVICIOS,ADQUISICIONES DIFERENTES DE ACTIVOS,ADQUISICION DE SERVICIOS,CONSTRUCCION Y SERVICIOS DE LA CONSTRUCCION,No Aplica,No Aplica,No Aplica,No Aplica,VIGENCIA ACTUAL,ENTIDADES TERRITORIALES - ADMINISTRACION CENTRAL,SEDES CONSTRUIDAS,No Aplica,NO DEFINIDO,,,2022,Cuarto Trimestre,,,,OTROS SERVICIOS DE LA ADMINISTRACION PUBLICA N C P,R.B. VENTA DE BIENES Y SERVICIOS,,,,,,NO APLICA,,,,,,CON SITUACION DE FONDOS,NO APLICA,NO APLICA,968000000.0,50115230.0,50115230.0
8451847,20220901,218552585,Pupiales,2.3.3.05.09,A OTRAS ENTIDADES DEL GOBIERNO GENERAL,GASTOS,INVERSION,TRANSFERENCIAS CORRIENTES,A ENTIDADES DEL GOBIERNO,A OTRAS ENTIDADES DEL GOBIERNO GENERAL,No Aplica,No Aplica,No Aplica,No Aplica,No Aplica,VIGENCIA ACTUAL,ENTIDADES TERRITORIALES - ADMINISTRACION CENTRAL,NO DEFINIDO,No Aplica,NO DEFINIDO,,,2022,Tercer Trimestre,,,,NO DEFINIDO,NO DEFINIDO,,,,,,NO DEFINIDO,,,,,,NO DEFINIDO,NO DEFINIDO,NO DEFINIDO,189241994.0,189241994.0,189241994.0
8452212,20210601,218552585,Pupiales,2.1.1.01,PLANTA DE PERSONAL PERMANENTE,GASTOS,FUNCIONAMIENTO,GASTOS DE PERSONAL,PLANTA DE PERSONAL PERMANENTE,No Aplica,No Aplica,No Aplica,No Aplica,No Aplica,No Aplica,VIGENCIA ACTUAL,ENTIDADES TERRITORIALES - ADMINISTRACION CENTRAL,NO DEFINIDO,No Aplica,NO DEFINIDO,,,2021,Segundo Trimestre,,,,NO DEFINIDO,NO DEFINIDO,,,,,,NO DEFINIDO,,,,,,NO DEFINIDO,NO DEFINIDO,NO DEFINIDO,400628655.0,400628655.0,400628655.0
8456640,20230301,218552585,Pupiales,2.3.2.02.02.009,"SERVICIOS PARA LA COMUNIDAD, SOCIALES Y PERSONALES",GASTOS,INVERSION,ADQUISICION DE BIENES Y SERVICIOS,ADQUISICIONES DIFERENTES DE ACTIVOS,ADQUISICION DE SERVICIOS,"SERVICIOS PARA LA COMUNIDAD, SOCIALES Y PERSONALES",No Aplica,No Aplica,No Aplica,No Aplica,VIGENCIA ACTUAL,ENTIDADES TERRITORIALES - ADMINISTRACION CENTRAL,"SERVICIO DE APOYO A LA ACTIVIDAD FISICA, LA RECREACION Y EL DEPORTE",No Aplica,NO DEFINIDO,,,2023,Primer Trimestre,,,,SERVICIOS GENERALES DE RECOLECCION DE OTROS DESECHOS,SGP-PROPOSITO GENERAL-DEPORTE Y RECREACION,,,,,,NO APLICA,,,,,,CON SITUACION DE FONDOS,NO APLICA,NO APLICA,1160000.0,1160000.0,686806.0
8458321,20220601,218552585,Pupiales,2.3.2.02.02.009,"SERVICIOS PARA LA COMUNIDAD, SOCIALES Y PERSONALES",GASTOS,INVERSION,ADQUISICION DE BIENES Y SERVICIOS,ADQUISICIONES DIFERENTES DE ACTIVOS,ADQUISICION DE SERVICIOS,"SERVICIOS PARA LA COMUNIDAD, SOCIALES Y PERSONALES",No Aplica,No Aplica,No Aplica,No Aplica,VIGENCIA ACTUAL,ENTIDADES TERRITORIALES - ADMINISTRACION CENTRAL,"SERVICIO DE APOYO A LA ACTIVIDAD FISICA, LA RECREACION Y EL DEPORTE",2021525850010,NO DEFINIDO,,,2022,Segundo Trimestre,,,,OTROS SERVICIOS DIVERSOS N C P,SGP-PROPOSITO GENERAL-DEPORTE Y RECREACION,,,,,,NO APLICA,,,,,,CON SITUACION DE FONDOS,DIRECCION NACIONAL DEL TESORO MINISTERIO DE HACIENDA Y CREDITO PUBLICO,NO APLICA,19965000.0,14504500.0,14504500.0
8458399,20220301,218552585,Pupiales,2.2.2.02.02.002.02,BANCA COMERCIAL,GASTOS,SERVICIO DE LA DEUDA PUBLICA,SERVICIO DE LA DEUDA PUBLICA INTERNA,INTERESES,PRESTAMOS,ENTIDADES FINANCIERAS,BANCA COMERCIAL,No Aplica,No Aplica,No Aplica,VIGENCIA ACTUAL,ENTIDADES TERRITORIALES - ADMINISTRACION CENTRAL,NO DEFINIDO,No Aplica,NO DEFINIDO,,,2022,Primer Trimestre,,,,NO DEFINIDO,NO DEFINIDO,,,,,,NO DEFINIDO,,,,,,NO DEFINIDO,NO DEFINIDO,NO DEFINIDO,5580583.0,5580583.0,5580583.0
8460828,20210901,218552585,Pupiales,2.1,FUNCIONAMIENTO,GASTOS,FUNCIONAMIENTO,No Aplica,No Aplica,No Aplica,No Aplica,No Aplica,No Aplica,No Aplica,No Aplica,VIGENCIA ACTUAL,ENTIDADES TERRITORIALES - PERSONERIA,NO DEFINIDO,No Aplica,NO DEFINIDO,,,2021,Tercer Trimestre,,,,NO DEFINIDO,NO DEFINIDO,,,,,,NO DEFINIDO,,,,,,NO DEFINIDO,NO DEFINIDO,NO DEFINIDO,93958200.0,93958200.0,93958200.0
8461261,20210601,218552585,Pupiales,2.3.1.01.03.001,PRESTACIONES SOCIALES,GASTOS,INVERSION,GASTOS DE PERSONAL,PLANTA DE PERSONAL PERMANENTE,REMUNERACIONES NO CONSTITUTIVAS DE FACTOR SALARIAL,PRESTACIONES SOCIALES,No Aplica,No Aplica,No Aplica,No Aplica,VIGENCIA ACTUAL,ENTIDADES TERRITORIALES - ADMINISTRACION CENTRAL,NO DEFINIDO,No Aplica,NO DEFINIDO,,,2021,Segundo Trimestre,,,,NO DEFINIDO,NO DEFINIDO,,,,,,NO DEFINIDO,,,,,,NO DEFINIDO,NO DEFINIDO,NO DEFINIDO,4790622.0,4790622.0,4790622.0
8462231,20220301,218552585,Pupiales,2.2.2.02,INTERESES,GASTOS,SERVICIO DE LA DEUDA PUBLICA,SERVICIO DE LA DEUDA PUBLICA INTERNA,INTERESES,No Aplica,No Aplica,No Aplica,No Aplica,No Aplica,No Aplica,VIGENCIA ACTUAL,ENTIDADES TERRITORIALES - ADMINISTRACION CENTRAL,NO DEFINIDO,No Aplica,NO DEFINIDO,,,2022,Primer Trimestre,,,,NO DEFINIDO,NO DEFINIDO,,,,,,NO DEFINIDO,,,,,,NO DEFINIDO,NO DEFINIDO,NO DEFINIDO,5580583.0,5580583.0,5580583.0
8465310,20220901,218552585,Pupiales,2.1.1.01.01.001,FACTORES SALARIALES COMUNES,GASTOS,FUNCIONAMIENTO,GASTOS DE PERSONAL,PLANTA DE PERSONAL PERMANENTE,FACTORES CONSTITUTIVOS DE SALARIO,FACTORES SALARIALES COMUNES,No Aplica,No Aplica,No Aplica,No Aplica,VIGENCIA ACTUAL,ENTIDADES TERRITORIALES - PERSONERIA,NO DEFINIDO,No Aplica,NO DEFINIDO,,,2022,Tercer Trimestre,,,,NO DEFINIDO,NO DEFINIDO,,,,,,NO DEFINIDO,,,,,,NO DEFINIDO,NO DEFINIDO,NO DEFINIDO,97793337.0,97793337.0,97793337.0
8468770,20230601,218552585,Pupiales,2.1.1.01.01.001.10,VIATICOS DE LOS FUNCIONARIOS EN COMISION,GASTOS,FUNCIONAMIENTO,GASTOS DE PERSONAL,PLANTA DE PERSONAL PERMANENTE,FACTORES CONSTITUTIVOS DE SALARIO,FACTORES SALARIALES COMUNES,VIATICOS DE LOS FUNCIONARIOS EN COMISION,No Aplica,No Aplica,No Aplica,VIGENCIA ACTUAL,ENTIDADES TERRITORIALES - ADMINISTRACION CENTRAL,NO APLICA,No Aplica,NO DEFINIDO,,,2023,Segundo Trimestre,,,,NO APLICA,"SGP-PROPOSITO GENERAL-LIBRE DESTINACION MUNICIPIOS CATEGORIAS 4, 5 Y 6",,,,,,NO APLICA,,,,,,CON SITUACION DE FONDOS,NO APLICA,NO APLICA,1674400.0,1674400.0,1674400.0
8472457,20211201,218552585,Pupiales,2.3.2.01.01.005,OTROS ACTIVOS FIJOS,GASTOS,INVERSION,ADQUISICION DE BIENES Y SERVICIOS,ADQUISICION DE ACTIVOS NO FINANCIEROS,ACTIVOS FIJOS,OTROS ACTIVOS FIJOS,No Aplica,No Aplica,No Aplica,No Aplica,VIGENCIA ACTUAL,ENTIDADES TERRITORIALES - ADMINISTRACION CENTRAL,NO DEFINIDO,No Aplica,NO DEFINIDO,,,2021,Cuarto Trimestre,,,,NO DEFINIDO,NO DEFINIDO,,,,,,NO DEFINIDO,,,,,,NO DEFINIDO,NO DEFINIDO,NO DEFINIDO,25399736.0,25399736.0,25399736.0
8474485,20210901,218552585,Pupiales,2.2.2.02.02.002,ENTIDADES FINANCIERAS,GASTOS,SERVICIO DE LA DEUDA PUBLICA,SERVICIO DE LA DEUDA PUBLICA INTERNA,INTERESES,PRESTAMOS,ENTIDADES FINANCIERAS,No Aplica,No Aplica,No Aplica,No Aplica,VIGENCIA ACTUAL,ENTIDADES TERRITORIALES - ADMINISTRACION CENTRAL,NO DEFINIDO,No Aplica,NO DEFINIDO,,,2021,Tercer Trimestre,,,,NO DEFINIDO,NO DEFINIDO,,,,,,NO DEFINIDO,,,,,,NO DEFINIDO,NO DEFINIDO,NO DEFINIDO,19975817.0,19975817.0,19975817.0
8475305,20230301,218552585,Pupiales,2.1.1.01.01.001.07,BONIFICACION POR SERVICIOS PRESTADOS,GASTOS,FUNCIONAMIENTO,GASTOS DE PERSONAL,PLANTA DE PERSONAL PERMANENTE,FACTORES CONSTITUTIVOS DE SALARIO,FACTORES SALARIALES COMUNES,BONIFICACION POR SERVICIOS PRESTADOS,No Aplica,No Aplica,No Aplica,VIGENCIA ACTUAL,ENTIDADES TERRITORIALES - ADMINISTRACION CENTRAL,NO APLICA,No Aplica,NO DEFINIDO,,,2023,Primer Trimestre,,,,NO APLICA,"SGP-PROPOSITO GENERAL-LIBRE DESTINACION MUNICIPIOS CATEGORIAS 4, 5 Y 6",,,,,,NO APLICA,,,,,,CON SITUACION DE FONDOS,NO APLICA,NO APLICA,1758584.0,1758584.0,1758584.0
8475556,20230601,218552585,Pupiales,2.3,INVERSION,GASTOS,INVERSION,No Aplica,No Aplica,No Aplica,No Aplica,No Aplica,No Aplica,No Aplica,No Aplica,VIGENCIA ACTUAL,ENTIDADES TERRITORIALES - ADMINISTRACION CENTRAL,NO DEFINIDO,No Aplica,NO DEFINIDO,,,2023,Segundo Trimestre,,,,NO DEFINIDO,NO DEFINIDO,,,,,,NO DEFINIDO,,,,,,NO DEFINIDO,NO DEFINIDO,NO DEFINIDO,15324459228.0,13521618480.0,13521618480.0
8477859,20220901,218552585,Pupiales,2,GASTOS,GASTOS,No Aplica,No Aplica,No Aplica,No Aplica,No Aplica,No Aplica,No Aplica,No Aplica,No Aplica,VIGENCIA ACTUAL,ENTIDADES TERRITORIALES - PERSONERIA,NO DEFINIDO,No Aplica,NO DEFINIDO,,,2022,Tercer Trimestre,,,,NO DEFINIDO,NO DEFINIDO,,,,,,NO DEFINIDO,,,,,,NO DEFINIDO,NO DEFINIDO,NO DEFINIDO,97793337.0,97793337.0,97793337.0
8484668,20220301,218552585,Pupiales,2.3,INVERSION,GASTOS,INVERSION,No Aplica,No Aplica,No Aplica,No Aplica,No Aplica,No Aplica,No Aplica,No Aplica,VIGENCIA ACTUAL,ENTIDADES TERRITORIALES - ADMINISTRACION CENTRAL,NO DEFINIDO,No Aplica,NO DEFINIDO,,,2022,Primer Trimestre,,,,NO DEFINIDO,NO DEFINIDO,,,,,,NO DEFINIDO,,,,,,NO DEFINIDO,NO DEFINIDO,NO DEFINIDO,6830976949.0,5445932869.0,5445932869.0
8486123,20210301,218552585,Pupiales,2.1.1.01.02.008,APORTES A LA ESAP,GASTOS,FUNCIONAMIENTO,GASTOS DE PERSONAL,PLANTA DE PERSONAL PERMANENTE,CONTRIBUCIONES INHERENTES A LA NOMINA,APORTES A LA ESAP,No Aplica,No Aplica,No Aplica,No Aplica,VIGENCIA ACTUAL,ENTIDADES TERRITORIALES - ADMINISTRACION CENTRAL,NO APLICA,No Aplica,NO DEFINIDO,,,2021,Primer Trimestre,,,,NO APLICA,1.2.1.0.00 - INGRESOS CORRIENTES DE LIBRE DESTINACION,,,,,,NO APLICA,,,,,,CON SITUACION DE FONDOS,NO APLICA,NO DEFINIDO,746245.0,746245.0,746245.0
8487088,20221201,218552585,Pupiales,2.3.2.02.02.009,"SERVICIOS PARA LA COMUNIDAD, SOCIALES Y PERSONALES",GASTOS,INVERSION,ADQUISICION DE BIENES Y SERVICIOS,ADQUISICIONES DIFERENTES DE ACTIVOS,ADQUISICION DE SERVICIOS,"SERVICIOS PARA LA COMUNIDAD, SOCIALES Y PERSONALES",No Aplica,No Aplica,No Aplica,No Aplica,VIGENCIA ACTUAL,ENTIDADES TERRITORIALES - ADMINISTRACION CENTRAL,SERVICIO DE INFORMACION PARA ORIENTAR AL CIUDADANO EN EL ACCESO A LA JUSTICIA,No Aplica,NO DEFINIDO,,,2022,Cuarto Trimestre,,,,OTROS SERVICIOS DE LA ADMINISTRACION PUBLICA N C P,SGP-PROPOSITO GENERAL-PROPOSITO GENERAL LIBRE INVERSION,,,,,,NO APLICA,,,,,,CON SITUACION DE FONDOS,DIRECCION NACIONAL DEL TESORO MINISTERIO DE HACIENDA Y CREDITO PUBLICO,NO APLICA,38440000.0,38440000.0,36240000.0
8490117,20211201,218552585,Pupiales,2.1.1.01.01.001.10,VIATICOS DE LOS FUNCIONARIOS EN COMISION,GASTOS,FUNCIONAMIENTO,GASTOS DE PERSONAL,PLANTA DE PERSONAL PERMANENTE,FACTORES CONSTITUTIVOS DE SALARIO,FACTORES SALARIALES COMUNES,VIATICOS DE LOS FUNCIONARIOS EN COMISION,No Aplica,No Aplica,No Aplica,VIGENCIA ACTUAL,ENTIDADES TERRITORIALES - ADMINISTRACION CENTRAL,NO APLICA,No Aplica,NO DEFINIDO,,,2021,Cuarto Trimestre,,,,NO APLICA,INGRESOS CORRIENTES DE LIBRE DESTINACION,,,,,,NO APLICA,,,,,,CON SITUACION DE FONDOS,NO APLICA,NO DEFINIDO,10000100.0,10000100.0,10000100.0
8490656,20220901,218552585,Pupiales,2.3.2.01.01.001.03,OTRAS ESTRUCTURAS,GASTOS,INVERSION,ADQUISICION DE BIENES Y SERVICIOS,ADQUISICION DE ACTIVOS NO FINANCIEROS,ACTIVOS FIJOS,EDIFICACIONES Y ESTRUCTURAS,OTRAS ESTRUCTURAS,No Aplica,No Aplica,No Aplica,VIGENCIA ACTUAL,ENTIDADES TERRITORIALES - ADMINISTRACION CENTRAL,NO DEFINIDO,No Aplica,NO DEFINIDO,,,2022,Tercer Trimestre,,,,NO DEFINIDO,NO DEFINIDO,,,,,,NO DEFINIDO,,,,,,NO DEFINIDO,NO DEFINIDO,NO DEFINIDO,90782303.0,70714801.0,70714801.0
8490821,20210901,218552585,Pupiales,2.3.1.01.02.002,APORTES A LA SEGURIDAD SOCIAL EN SALUD,GASTOS,INVERSION,GASTOS DE PERSONAL,PLANTA DE PERSONAL PERMANENTE,CONTRIBUCIONES INHERENTES A LA NOMINA,APORTES A LA SEGURIDAD SOCIAL EN SALUD,No Aplica,No Aplica,No Aplica,No Aplica,VIGENCIA ACTUAL,ENTIDADES TERRITORIALES - ADMINISTRACION CENTRAL,NO APLICA,No Aplica,NO DEFINIDO,,,2021,Tercer Trimestre,,,,NO APLICA,1.2.4.3.03 - SGP-PROPOSITO GENERAL-PROPOSITO GENERAL LIBRE INVERSION,,,,,,NO APLICA,,,,,,CON SITUACION DE FONDOS,DIRECCION NACIONAL DEL TESORO MINISTERIO DE HACIENDA Y CREDITO PUBLICO,NO DEFINIDO,8264882.0,8264882.0,8264882.0
8492232,20220901,218552585,Pupiales,2.3.2.01.01.001.02.04,EDIFICIOS PUBLICOS DE ENTRETENIMIENTO,GASTOS,INVERSION,ADQUISICION DE BIENES Y SERVICIOS,ADQUISICION DE ACTIVOS NO FINANCIEROS,ACTIVOS FIJOS,EDIFICACIONES Y ESTRUCTURAS,EDIFICACIONES DISTINTAS A VIVIENDAS,EDIFICIOS PUBLICOS DE ENTRETENIMIENTO,No Aplica,No Aplica,VIGENCIA ACTUAL,ENTIDADES TERRITORIALES - ADMINISTRACION CENTRAL,CENTROS DE PROTECCION SOCIAL PARA EL ADULTO MAYOR CONSTRUIDOS Y DOTADOS,No Aplica,NO DEFINIDO,,,2022,Tercer Trimestre,,,,NO APLICA,ESTAMPILLAS,,,,,,NO APLICA,,,,,,CON SITUACION DE FONDOS,NO APLICA,NO APLICA,56744896.0,0.0,0.0
8493873,20211201,218552585,Pupiales,2.1.1,GASTOS DE PERSONAL,GASTOS,FUNCIONAMIENTO,GASTOS DE PERSONAL,No Aplica,No Aplica,No Aplica,No Aplica,No Aplica,No Aplica,No Aplica,VIGENCIA ACTUAL,ENTIDADES TERRITORIALES - CONCEJO,NO DEFINIDO,No Aplica,NO DEFINIDO,,,2021,Cuarto Trimestre,,,,NO DEFINIDO,NO DEFINIDO,,,,,,NO DEFINIDO,,,,,,NO DEFINIDO,NO DEFINIDO,NO DEFINIDO,226448376.0,226448376.0,226448376.0
8494011,20211201,218552585,Pupiales,2.3.3.01.02.004.02,SUBSIDIOS DE ALCANTARILLADO,GASTOS,INVERSION,TRANSFERENCIAS CORRIENTES,SUBVENCIONES,A EMPRESAS PUBLICAS NO FINANCIERAS,SUBVENCIONES PARA SERVICIOS PUBLICOS DOMICILIARIOS DE AGUA POTABLE Y SANEAMIENTO BASICO,SUBSIDIOS DE ALCANTARILLADO,No Aplica,No Aplica,No Aplica,VIGENCIA ACTUAL,ENTIDADES TERRITORIALES - ADMINISTRACION CENTRAL,SERVICIO DE APOYO FINANCIERO PARA SUBSIDIOS AL CONSUMO EN LOS SERVICIOS PUBLICOS DOMICILIARIOS,2021525850015,NO DEFINIDO,,,2021,Cuarto Trimestre,,,,NO APLICA,SGP-AGUA POTABLE Y SANEAMIENTO BASICO,,,,,,NO APLICA,,,,,,CON SITUACION DE FONDOS,DIRECCION NACIONAL DEL TESORO MINISTERIO DE HACIENDA Y CREDITO PUBLICO,NO DEFINIDO,85000000.0,85000000.0,85000000.0
8495591,20210901,218552585,Pupiales,2.2.2.01.02.002.02,BANCA COMERCIAL,GASTOS,SERVICIO DE LA DEUDA PUBLICA,SERVICIO DE LA DEUDA PUBLICA INTERNA,PRINCIPAL,PRESTAMOS,ENTIDADES FINANCIERAS,BANCA COMERCIAL,No Aplica,No Aplica,No Aplica,VIGENCIA ACTUAL,ENTIDADES TERRITORIALES - ADMINISTRACION CENTRAL,NO DEFINIDO,No Aplica,NO DEFINIDO,,,2021,Tercer Trimestre,,,,NO DEFINIDO,NO DEFINIDO,,,,,,NO DEFINIDO,,,,,,NO DEFINIDO,NO DEFINIDO,NO DEFINIDO,77360114.0,77360114.0,77360114.0
8495870,20210901,218552585,Pupiales,2.1.1.01.01,FACTORES CONSTITUTIVOS DE SALARIO,GASTOS,FUNCIONAMIENTO,GASTOS DE PERSONAL,PLANTA DE PERSONAL PERMANENTE,FACTORES CONSTITUTIVOS DE SALARIO,No Aplica,No Aplica,No Aplica,No Aplica,No Aplica,VIGENCIA ACTUAL,ENTIDADES TERRITORIALES - ADMINISTRACION CENTRAL,NO DEFINIDO,No Aplica,NO DEFINIDO,,,2021,Tercer Trimestre,,,,NO DEFINIDO,NO DEFINIDO,,,,,,NO DEFINIDO,,,,,,NO DEFINIDO,NO DEFINIDO,NO DEFINIDO,423827238.0,423827238.0,421815862.0
8500377,20220301,218552585,Pupiales,2.1.1.01.03.001.03,BONIFICACION ESPECIAL DE RECREACION,GASTOS,FUNCIONAMIENTO,GASTOS DE PERSONAL,PLANTA DE PERSONAL PERMANENTE,REMUNERACIONES NO CONSTITUTIVAS DE FACTOR SALARIAL,PRESTACIONES SOCIALES,BONIFICACION ESPECIAL DE RECREACION,No Aplica,No Aplica,No Aplica,VIGENCIA ACTUAL,ENTIDADES TERRITORIALES - ADMINISTRACION CENTRAL,NO APLICA,No Aplica,NO DEFINIDO,,,2022,Primer Trimestre,,,,NO APLICA,INGRESOS CORRIENTES DE LIBRE DESTINACION,,,,,,NO APLICA,,,,,,CON SITUACION DE FONDOS,NO APLICA,NO APLICA,475412.0,475412.0,475412.0
8512951,20210301,218552585,Pupiales,2.1,FUNCIONAMIENTO,GASTOS,FUNCIONAMIENTO,No Aplica,No Aplica,No Aplica,No Aplica,No Aplica,No Aplica,No Aplica,No Aplica,VIGENCIA ACTUAL,ENTIDADES TERRITORIALES - CONCEJO,NO DEFINIDO,No Aplica,NO DEFINIDO,,,2021,Primer Trimestre,,,,NO DEFINIDO,NO DEFINIDO,,,,,,NO DEFINIDO,,,,,,NO DEFINIDO,NO DEFINIDO,NO DEFINIDO,62839881.0,62839881.0,62839881.0
8514505,20210901,218552585,Pupiales,2.2.2.02,INTERESES,GASTOS,SERVICIO DE LA DEUDA PUBLICA,SERVICIO DE LA DEUDA PUBLICA INTERNA,INTERESES,No Aplica,No Aplica,No Aplica,No Aplica,No Aplica,No Aplica,VIGENCIA ACTUAL,ENTIDADES TERRITORIALES - ADMINISTRACION CENTRAL,NO DEFINIDO,No Aplica,NO DEFINIDO,,,2021,Tercer Trimestre,,,,NO DEFINIDO,NO DEFINIDO,,,,,,NO DEFINIDO,,,,,,NO DEFINIDO,NO DEFINIDO,NO DEFINIDO,19975817.0,19975817.0,19975817.0
8516122,20230601,218552585,Pupiales,2.2.2.02.02,PRESTAMOS,GASTOS,SERVICIO DE LA DEUDA PUBLICA,SERVICIO DE LA DEUDA PUBLICA INTERNA,INTERESES,PRESTAMOS,No Aplica,No Aplica,No Aplica,No Aplica,No Aplica,VIGENCIA ACTUAL,ENTIDADES TERRITORIALES - ADMINISTRACION CENTRAL,NO DEFINIDO,No Aplica,NO DEFINIDO,,,2023,Segundo Trimestre,,,,NO DEFINIDO,NO DEFINIDO,,,,,,NO DEFINIDO,,,,,,NO DEFINIDO,NO DEFINIDO,NO DEFINIDO,103361644.0,103361644.0,103361644.0
8521839,20220601,218552585,Pupiales,2.3.1.01,PLANTA DE PERSONAL PERMANENTE,GASTOS,INVERSION,GASTOS DE PERSONAL,PLANTA DE PERSONAL PERMANENTE,No Aplica,No Aplica,No Aplica,No Aplica,No Aplica,No Aplica,VIGENCIA ACTUAL,ENTIDADES TERRITORIALES - ADMINISTRACION CENTRAL,NO DEFINIDO,No Aplica,NO DEFINIDO,,,2022,Segundo Trimestre,,,,NO DEFINIDO,NO DEFINIDO,,,,,,NO DEFINIDO,,,,,,NO DEFINIDO,NO DEFINIDO,NO DEFINIDO,157314441.0,131591241.0,131591241.0
8523096,20230301,218552585,Pupiales,2.2,SERVICIO DE LA DEUDA PUBLICA,GASTOS,SERVICIO DE LA DEUDA PUBLICA,No Aplica,No Aplica,No Aplica,No Aplica,No Aplica,No Aplica,No Aplica,No Aplica,VIGENCIA ACTUAL,ENTIDADES TERRITORIALES - ADMINISTRACION CENTRAL,NO DEFINIDO,No Aplica,NO DEFINIDO,,,2023,Primer Trimestre,,,,NO DEFINIDO,NO DEFINIDO,,,,,,NO DEFINIDO,,,,,,NO DEFINIDO,NO DEFINIDO,NO DEFINIDO,182875266.0,182875266.0,182875266.0
8523484,20221201,218552585,Pupiales,2.1.1.01.03,REMUNERACIONES NO CONSTITUTIVAS DE FACTOR SALARIAL,GASTOS,FUNCIONAMIENTO,GASTOS DE PERSONAL,PLANTA DE PERSONAL PERMANENTE,REMUNERACIONES NO CONSTITUTIVAS DE FACTOR SALARIAL,No Aplica,No Aplica,No Aplica,No Aplica,No Aplica,VIGENCIA ACTUAL,ENTIDADES TERRITORIALES - ADMINISTRACION CENTRAL,NO DEFINIDO,No Aplica,NO DEFINIDO,,,2022,Cuarto Trimestre,,,,NO DEFINIDO,NO DEFINIDO,,,,,,NO DEFINIDO,,,,,,NO DEFINIDO,NO DEFINIDO,NO DEFINIDO,91410739.0,91410739.0,91410739.0
8524678,20220601,218552585,Pupiales,2,GASTOS,GASTOS,No Aplica,No Aplica,No Aplica,No Aplica,No Aplica,No Aplica,No Aplica,No Aplica,No Aplica,VIGENCIA ACTUAL,ENTIDADES TERRITORIALES - PERSONERIA,NO DEFINIDO,No Aplica,NO DEFINIDO,,,2022,Segundo Trimestre,,,,NO DEFINIDO,NO DEFINIDO,,,,,,NO DEFINIDO,,,,,,NO DEFINIDO,NO DEFINIDO,NO DEFINIDO,68887145.0,68887145.0,68887145.0
8524871,20220601,218552585,Pupiales,2.1.1.01.03.006,HONORARIOS CONCEJALES,GASTOS,FUNCIONAMIENTO,GASTOS DE PERSONAL,PLANTA DE PERSONAL PERMANENTE,REMUNERACIONES NO CONSTITUTIVAS DE FACTOR SALARIAL,HONORARIOS CONCEJALES,No Aplica,No Aplica,No Aplica,No Aplica,VIGENCIA ACTUAL,ENTIDADES TERRITORIALES - CONCEJO,NO APLICA,No Aplica,NO DEFINIDO,,,2022,Segundo Trimestre,,,,NO APLICA,INGRESOS CORRIENTES DE LIBRE DESTINACION,,,,,,NO APLICA,,,,,,CON SITUACION DE FONDOS,NO APLICA,NO APLICA,79352056.0,79352056.0,79352056.0
8528197,20210301,218552585,Pupiales,2.2.2.02.02.002.02,BANCA COMERCIAL,GASTOS,SERVICIO DE LA DEUDA PUBLICA,SERVICIO DE LA DEUDA PUBLICA INTERNA,INTERESES,PRESTAMOS,ENTIDADES FINANCIERAS,BANCA COMERCIAL,No Aplica,No Aplica,No Aplica,VIGENCIA ACTUAL,ENTIDADES TERRITORIALES - ADMINISTRACION CENTRAL,NO DEFINIDO,No Aplica,NO DEFINIDO,,,2021,Primer Trimestre,,,,NO DEFINIDO,NO DEFINIDO,,,,,,NO DEFINIDO,,,,,,NO DEFINIDO,NO DEFINIDO,NO DEFINIDO,7222936.0,7222936.0,7222936.0
8528802,20230601,218552585,Pupiales,2.1.2.02.02.006,"COMERCIO Y DISTRIBUCION; ALOJAMIENTO; SERVICIOS DE SUMINISTRO DE COMIDAS Y BEBIDAS; SERVICIOS DE TRANSPORTE; Y SERVICIOS DE DISTRIBUCION DE ELECTRICIDAD, GAS Y AGUA",GASTOS,FUNCIONAMIENTO,ADQUISICION DE BIENES Y SERVICIOS,ADQUISICIONES DIFERENTES DE ACTIVOS,ADQUISICION DE SERVICIOS,"COMERCIO Y DISTRIBUCION; ALOJAMIENTO; SERVICIOS DE SUMINISTRO DE COMIDAS Y BEBIDAS; SERVICIOS DE TRANSPORTE; Y SERVICIOS DE DISTRIBUCION DE ELECTRICIDAD, GAS Y AGUA",No Aplica,No Aplica,No Aplica,No Aplica,VIGENCIA ACTUAL,ENTIDADES TERRITORIALES - CONCEJO,NO APLICA,No Aplica,NO DEFINIDO,,,2023,Segundo Trimestre,,,,OTRO COMERCIO AL POR MENOR DE CAFE TE Y OTRAS ESPECIAS NO REALIZADOS EN ESTABLECIMIENTOS,"SGP-PROPOSITO GENERAL-LIBRE DESTINACION MUNICIPIOS CATEGORIAS 4, 5 Y 6",,,,,,NO APLICA,,,,,,CON SITUACION DE FONDOS,NO APLICA,NO APLICA,5460000.0,5460000.0,5460000.0
8530087,20211201,218552585,Pupiales,2.1.1.01.02.006,APORTES AL ICBF,GASTOS,FUNCIONAMIENTO,GASTOS DE PERSONAL,PLANTA DE PERSONAL PERMANENTE,CONTRIBUCIONES INHERENTES A LA NOMINA,APORTES AL ICBF,No Aplica,No Aplica,No Aplica,No Aplica,VIGENCIA ACTUAL,ENTIDADES TERRITORIALES - ADMINISTRACION CENTRAL,NO APLICA,No Aplica,NO DEFINIDO,,,2021,Cuarto Trimestre,,,,NO APLICA,INGRESOS CORRIENTES DE LIBRE DESTINACION,,,,,,NO APLICA,,,,,,CON SITUACION DE FONDOS,NO APLICA,NO DEFINIDO,13139235.0,13139235.0,13139235.0
8531120,20210301,218552585,Pupiales,2.3.2.01,ADQUISICION DE ACTIVOS NO FINANCIEROS,GASTOS,INVERSION,ADQUISICION DE BIENES Y SERVICIOS,ADQUISICION DE ACTIVOS NO FINANCIEROS,No Aplica,No Aplica,No Aplica,No Aplica,No Aplica,No Aplica,VIGENCIA ACTUAL,ENTIDADES TERRITORIALES - ADMINISTRACION CENTRAL,NO DEFINIDO,No Aplica,NO DEFINIDO,,,2021,Primer Trimestre,,,,NO DEFINIDO,NO DEFINIDO,,,,,,NO DEFINIDO,,,,,,NO DEFINIDO,NO DEFINIDO,NO DEFINIDO,83997071.0,7710000.0,5750000.0
8533109,20220601,218552585,Pupiales,2.1.3.05.04.001,PARTICIPACIONES DE IMPUESTOS,GASTOS,FUNCIONAMIENTO,TRANSFERENCIAS CORRIENTES,A ENTIDADES DEL GOBIERNO,PARTICIPACIONES DISTINTAS DEL SGP,PARTICIPACIONES DE IMPUESTOS,No Aplica,No Aplica,No Aplica,No Aplica,VIGENCIA ACTUAL,ENTIDADES TERRITORIALES - ADMINISTRACION CENTRAL,NO DEFINIDO,No Aplica,NO DEFINIDO,,,2022,Segundo Trimestre,,,,NO DEFINIDO,NO DEFINIDO,,,,,,NO DEFINIDO,,,,,,NO DEFINIDO,NO DEFINIDO,NO DEFINIDO,31844190.0,31844190.0,31844190.0
8535191,20220601,218552585,Pupiales,2.3.1.01.02.005,APORTES GENERALES AL SISTEMA DE RIESGOS LABORALES,GASTOS,INVERSION,GASTOS DE PERSONAL,PLANTA DE PERSONAL PERMANENTE,CONTRIBUCIONES INHERENTES A LA NOMINA,APORTES GENERALES AL SISTEMA DE RIESGOS LABORALES,No Aplica,No Aplica,No Aplica,No Aplica,VIGENCIA ACTUAL,ENTIDADES TERRITORIALES - ADMINISTRACION CENTRAL,NO APLICA,No Aplica,NO DEFINIDO,,,2022,Segundo Trimestre,,,,NO APLICA,SGP-PROPOSITO GENERAL-PROPOSITO GENERAL LIBRE INVERSION,,,,,,NO APLICA,,,,,,CON SITUACION DE FONDOS,DIRECCION NACIONAL DEL TESORO MINISTERIO DE HACIENDA Y CREDITO PUBLICO,NO APLICA,910195.0,910195.0,910195.0
8536048,20230301,218552585,Pupiales,2.1.2.02.02.009,"SERVICIOS PARA LA COMUNIDAD, SOCIALES Y PERSONALES",GASTOS,FUNCIONAMIENTO,ADQUISICION DE BIENES Y SERVICIOS,ADQUISICIONES DIFERENTES DE ACTIVOS,ADQUISICION DE SERVICIOS,"SERVICIOS PARA LA COMUNIDAD, SOCIALES Y PERSONALES",No Aplica,No Aplica,No Aplica,No Aplica,VIGENCIA ACTUAL,ENTIDADES TERRITORIALES - ADMINISTRACION CENTRAL,NO APLICA,No Aplica,NO DEFINIDO,,,2023,Primer Trimestre,,,,SERVICIOS DE LA ADMINISTRACION PUBLICA RELACIONADOS CON EL TRANSPORTE Y LAS COMUNICACIONES,"SGP-PROPOSITO GENERAL-LIBRE DESTINACION MUNICIPIOS CATEGORIAS 4, 5 Y 6",,,,,,NO APLICA,,,,,,CON SITUACION DE FONDOS,NO APLICA,NO APLICA,9026543.0,6904599.0,3811171.0
8539158,20220601,218552585,Pupiales,2.3.2.02.01.001,"MINERALES, ELECTRICIDAD, GAS Y AGUA",GASTOS,INVERSION,ADQUISICION DE BIENES Y SERVICIOS,ADQUISICIONES DIFERENTES DE ACTIVOS,MATERIALES Y SUMINISTROS,"MINERALES, ELECTRICIDAD, GAS Y AGUA",No Aplica,No Aplica,No Aplica,No Aplica,VIGENCIA ACTUAL,ENTIDADES TERRITORIALES - ADMINISTRACION CENTRAL,SERVICIO DE ASISTENCIA TECNICA EN INFRAESTRUCTURA Y SERVICIO DE LA RED VIAL REGIONAL,No Aplica,NO DEFINIDO,,,2022,Segundo Trimestre,,,,OTROS SERVICIOS DIVERSOS N C P,SGP-PROPOSITO GENERAL-PROPOSITO GENERAL LIBRE INVERSION,,,,,,NO APLICA,,,,,,CON SITUACION DE FONDOS,DIRECCION NACIONAL DEL TESORO MINISTERIO DE HACIENDA Y CREDITO PUBLICO,NO APLICA,20000000.0,0.0,0.0
8539166,20211201,218552585,Pupiales,2.1.1.01.02.002,APORTES A LA SEGURIDAD SOCIAL EN SALUD,GASTOS,FUNCIONAMIENTO,GASTOS DE PERSONAL,PLANTA DE PERSONAL PERMANENTE,CONTRIBUCIONES INHERENTES A LA NOMINA,APORTES A LA SEGURIDAD SOCIAL EN SALUD,No Aplica,No Aplica,No Aplica,No Aplica,VIGENCIA ACTUAL,ENTIDADES TERRITORIALES - ADMINISTRACION CENTRAL,NO APLICA,No Aplica,NO DEFINIDO,,,2021,Cuarto Trimestre,,,,NO APLICA,INGRESOS CORRIENTES DE LIBRE DESTINACION,,,,,,NO APLICA,,,,,,CON SITUACION DE FONDOS,NO APLICA,NO DEFINIDO,55419369.0,55419369.0,55419369.0
8540028,20221201,218552585,Pupiales,2.3.2.01.01.001.03.02,"AUTOPISTAS, CARRETERAS, CALLES",GASTOS,INVERSION,ADQUISICION DE BIENES Y SERVICIOS,ADQUISICION DE ACTIVOS NO FINANCIEROS,ACTIVOS FIJOS,EDIFICACIONES Y ESTRUCTURAS,OTRAS ESTRUCTURAS,"AUTOPISTAS, CARRETERAS, CALLES",No Aplica,No Aplica,VIGENCIA ACTUAL,ENTIDADES TERRITORIALES - ADMINISTRACION CENTRAL,VIA SECUNDARIA CONSTRUIDA,No Aplica,NO DEFINIDO,,,2022,Cuarto Trimestre,,,,NO APLICA,SGP-PROPOSITO GENERAL-PROPOSITO GENERAL LIBRE INVERSION,,,,,,NO APLICA,,,,,,CON SITUACION DE FONDOS,DIRECCION NACIONAL DEL TESORO MINISTERIO DE HACIENDA Y CREDITO PUBLICO,NO APLICA,90306361.0,84330511.0,70714801.0
8541488,20220901,218552585,Pupiales,2.3.1.01.02.008,APORTES A LA ESAP,GASTOS,INVERSION,GASTOS DE PERSONAL,PLANTA DE PERSONAL PERMANENTE,CONTRIBUCIONES INHERENTES A LA NOMINA,APORTES A LA ESAP,No Aplica,No Aplica,No Aplica,No Aplica,VIGENCIA ACTUAL,ENTIDADES TERRITORIALES - ADMINISTRACION CENTRAL,NO APLICA,No Aplica,NO DEFINIDO,,,2022,Tercer Trimestre,,,,NO APLICA,SGP-PROPOSITO GENERAL-PROPOSITO GENERAL LIBRE INVERSION,,,,,,NO APLICA,,,,,,CON SITUACION DE FONDOS,DIRECCION NACIONAL DEL TESORO MINISTERIO DE HACIENDA Y CREDITO PUBLICO,NO APLICA,763842.0,763842.0,763842.0
8543258,20220901,218552585,Pupiales,2.2.2.01,PRINCIPAL,GASTOS,SERVICIO DE LA DEUDA PUBLICA,SERVICIO DE LA DEUDA PUBLICA INTERNA,PRINCIPAL,No Aplica,No Aplica,No Aplica,No Aplica,No Aplica,No Aplica,VIGENCIA ACTUAL,ENTIDADES TERRITORIALES - ADMINISTRACION CENTRAL,NO DEFINIDO,No Aplica,NO DEFINIDO,,,2022,Tercer Trimestre,,,,NO DEFINIDO,NO DEFINIDO,,,,,,NO DEFINIDO,,,,,,NO DEFINIDO,NO DEFINIDO,NO DEFINIDO,314876937.0,314876937.0,314876937.0
8545238,20230601,218552585,Pupiales,2.3.2.02.02.009,"SERVICIOS PARA LA COMUNIDAD, SOCIALES Y PERSONALES",GASTOS,INVERSION,ADQUISICION DE BIENES Y SERVICIOS,ADQUISICIONES DIFERENTES DE ACTIVOS,ADQUISICION DE SERVICIOS,"SERVICIOS PARA LA COMUNIDAD, SOCIALES Y PERSONALES",No Aplica,No Aplica,No Aplica,No Aplica,CUENTAS POR PAGAR,ENTIDADES TERRITORIALES - ADMINISTRACION CENTRAL,NO APLICA,No Aplica,NO DEFINIDO,,,2023,Segundo Trimestre,,,,SERVICIOS DE LOS ORGANOS DE CONTROL Y OTRAS INSTITUCIONES,OTRAS TRANSFERENCIAS CORRIENTES DE OTRAS ENTIDADES CON DESTINACION ESPECIFICA LEGAL DEL GOBIERNO GENERAL,,,,,,NO APLICA,,,,,,CON SITUACION DE FONDOS,NO APLICA,NO APLICA,19960000.0,19960000.0,10000000.0
8548352,20211201,218552585,Pupiales,2.3.4.03,COMPENSACIONES DE CAPITAL,GASTOS,INVERSION,TRANSFERENCIAS DE CAPITAL,COMPENSACIONES DE CAPITAL,No Aplica,No Aplica,No Aplica,No Aplica,No Aplica,No Aplica,VIGENCIA ACTUAL,ENTIDADES TERRITORIALES - ADMINISTRACION CENTRAL,SERVICIO DE RESTAURACION DE ECOSISTEMAS,No Aplica,NO DEFINIDO,,,2021,Cuarto Trimestre,,,,NO APLICA,INGRESOS CORRIENTES DE LIBRE DESTINACION,,,,,,NO APLICA,,,,,,CON SITUACION DE FONDOS,NO APLICA,NO DEFINIDO,16699868.0,16699868.0,16699868.0
8548435,20220301,218552585,Pupiales,2.3.1.01.02.005,APORTES GENERALES AL SISTEMA DE RIESGOS LABORALES,GASTOS,INVERSION,GASTOS DE PERSONAL,PLANTA DE PERSONAL PERMANENTE,CONTRIBUCIONES INHERENTES A LA NOMINA,APORTES GENERALES AL SISTEMA DE RIESGOS LABORALES,No Aplica,No Aplica,No Aplica,No Aplica,VIGENCIA ACTUAL,ENTIDADES TERRITORIALES - ADMINISTRACION CENTRAL,NO APLICA,No Aplica,NO DEFINIDO,,,2022,Primer Trimestre,,,,NO APLICA,SGP-PROPOSITO GENERAL-PROPOSITO GENERAL LIBRE INVERSION,,,,,,NO APLICA,,,,,,CON SITUACION DE FONDOS,DIRECCION NACIONAL DEL TESORO MINISTERIO DE HACIENDA Y CREDITO PUBLICO,NO APLICA,328849.0,328849.0,328849.0
8550549,20220601,218552585,Pupiales,2.3.1.01.01.001.04,SUBSIDIO DE ALIMENTACION,GASTOS,INVERSION,GASTOS DE PERSONAL,PLANTA DE PERSONAL PERMANENTE,FACTORES CONSTITUTIVOS DE SALARIO,FACTORES SALARIALES COMUNES,SUBSIDIO DE ALIMENTACION,No Aplica,No Aplica,No Aplica,VIGENCIA ACTUAL,ENTIDADES TERRITORIALES - ADMINISTRACION CENTRAL,NO APLICA,No Aplica,NO DEFINIDO,,,2022,Segundo Trimestre,,,,NO APLICA,SGP-PROPOSITO GENERAL-PROPOSITO GENERAL LIBRE INVERSION,,,,,,NO APLICA,,,,,,CON SITUACION DE FONDOS,DIRECCION NACIONAL DEL TESORO MINISTERIO DE HACIENDA Y CREDITO PUBLICO,NO APLICA,4222510.0,3495020.0,3495020.0
8557430,20220901,218552585,Pupiales,2.1.2,ADQUISICION DE BIENES Y SERVICIOS,GASTOS,FUNCIONAMIENTO,ADQUISICION DE BIENES Y SERVICIOS,No Aplica,No Aplica,No Aplica,No Aplica,No Aplica,No Aplica,No Aplica,VIGENCIA ACTUAL,ENTIDADES TERRITORIALES - ADMINISTRACION CENTRAL,NO DEFINIDO,No Aplica,NO DEFINIDO,,,2022,Tercer Trimestre,,,,NO DEFINIDO,NO DEFINIDO,,,,,,NO DEFINIDO,,,,,,NO DEFINIDO,NO DEFINIDO,NO DEFINIDO,732930569.0,652599997.0,652507003.0
8558181,20230301,218552585,Pupiales,2.1.1.01.02.001,APORTES A LA SEGURIDAD SOCIAL EN PENSIONES,GASTOS,FUNCIONAMIENTO,GASTOS DE PERSONAL,PLANTA DE PERSONAL PERMANENTE,CONTRIBUCIONES INHERENTES A LA NOMINA,APORTES A LA SEGURIDAD SOCIAL EN PENSIONES,No Aplica,No Aplica,No Aplica,No Aplica,VIGENCIA ACTUAL,ENTIDADES TERRITORIALES - ADMINISTRACION CENTRAL,NO APLICA,No Aplica,NO DEFINIDO,,,2023,Primer Trimestre,,,,NO APLICA,"SGP-PROPOSITO GENERAL-LIBRE DESTINACION MUNICIPIOS CATEGORIAS 4, 5 Y 6",,,,,,NO APLICA,,,,,,CON SITUACION DE FONDOS,NO APLICA,NO APLICA,10596378.0,10596378.0,7064252.0
8563304,20211201,218552585,Pupiales,2.3.2.02.02.009,"SERVICIOS PARA LA COMUNIDAD, SOCIALES Y PERSONALES",GASTOS,INVERSION,ADQUISICION DE BIENES Y SERVICIOS,ADQUISICIONES DIFERENTES DE ACTIVOS,ADQUISICION DE SERVICIOS,"SERVICIOS PARA LA COMUNIDAD, SOCIALES Y PERSONALES",No Aplica,No Aplica,No Aplica,No Aplica,VIGENCIA ACTUAL,ENTIDADES TERRITORIALES - ADMINISTRACION CENTRAL,DOCUMENTOS PLANEACION,No Aplica,NO DEFINIDO,,,2021,Cuarto Trimestre,,,,OTROS SERVICIOS DIVERSOS N C P,CONTRIBUCION SOBRE CONTRATOS DE OBRA PUBLICA,,,,,,NO APLICA,,,,,,CON SITUACION DE FONDOS,NO APLICA,NO DEFINIDO,29245218.0,29245218.0,29245218.0
8567153,20230301,218552585,Pupiales,2.3.2.02.02.009,"SERVICIOS PARA LA COMUNIDAD, SOCIALES Y PERSONALES",GASTOS,INVERSION,ADQUISICION DE BIENES Y SERVICIOS,ADQUISICIONES DIFERENTES DE ACTIVOS,ADQUISICION DE SERVICIOS,"SERVICIOS PARA LA COMUNIDAD, SOCIALES Y PERSONALES",No Aplica,No Aplica,No Aplica,No Aplica,VIGENCIA ACTUAL,ENTIDADES TERRITORIALES - ADMINISTRACION CENTRAL,SERVICIO DE ASISTENCIA TECNICA4599031,No Aplica,NO DEFINIDO,,,2023,Primer Trimestre,,,,SERVICIOS EJECUTIVOS DE LA ADMINISTRACION PUBLICA,"SGP-PROPOSITO GENERAL-LIBRE DESTINACION MUNICIPIOS CATEGORIAS 4, 5 Y 6",,,,,,NO APLICA,,,,,,CON SITUACION DE FONDOS,NO APLICA,NO APLICA,5676624.0,3640449.0,1937331.0
8568113,20210901,218552585,Pupiales,2.1,FUNCIONAMIENTO,GASTOS,FUNCIONAMIENTO,No Aplica,No Aplica,No Aplica,No Aplica,No Aplica,No Aplica,No Aplica,No Aplica,VIGENCIA ACTUAL,ENTIDADES TERRITORIALES - CONCEJO,NO DEFINIDO,No Aplica,NO DEFINIDO,,,2021,Tercer Trimestre,,,,NO DEFINIDO,NO DEFINIDO,,,,,,NO DEFINIDO,,,,,,NO DEFINIDO,NO DEFINIDO,NO DEFINIDO,181268314.0,181268314.0,181268314.0
8572798,20221201,218552585,Pupiales,2.1.1.01.03.003,BONIFICACION DE DIRECCION PARA GOBERNADORES Y ALCALDES,GASTOS,FUNCIONAMIENTO,GASTOS DE PERSONAL,PLANTA DE PERSONAL PERMANENTE,REMUNERACIONES NO CONSTITUTIVAS DE FACTOR SALARIAL,BONIFICACION DE DIRECCION PARA GOBERNADORES Y ALCALDES,No Aplica,No Aplica,No Aplica,No Aplica,VIGENCIA ACTUAL,ENTIDADES TERRITORIALES - ADMINISTRACION CENTRAL,NO APLICA,No Aplica,NO DEFINIDO,,,2022,Cuarto Trimestre,,,,NO APLICA,"SGP-PROPOSITO GENERAL-LIBRE DESTINACION MUNICIPIOS CATEGORIAS 4, 5 Y 6",,,,,,NO APLICA,,,,,,CON SITUACION DE FONDOS,NO APLICA,NO APLICA,37522711.0,37522711.0,37522711.0
8573279,20230601,218552585,Pupiales,2.1,FUNCIONAMIENTO,GASTOS,FUNCIONAMIENTO,No Aplica,No Aplica,No Aplica,No Aplica,No Aplica,No Aplica,No Aplica,No Aplica,CUENTAS POR PAGAR,ENTIDADES TERRITORIALES - ADMINISTRACION CENTRAL,NO DEFINIDO,No Aplica,NO DEFINIDO,,,2023,Segundo Trimestre,,,,NO DEFINIDO,NO DEFINIDO,,,,,,NO DEFINIDO,,,,,,NO DEFINIDO,NO DEFINIDO,NO DEFINIDO,43757468.0,43757468.0,41557468.0
8574091,20210901,218552585,Pupiales,2.1.1.01.01.001.10,VIATICOS DE LOS FUNCIONARIOS EN COMISION,GASTOS,FUNCIONAMIENTO,GASTOS DE PERSONAL,PLANTA DE PERSONAL PERMANENTE,FACTORES CONSTITUTIVOS DE SALARIO,FACTORES SALARIALES COMUNES,VIATICOS DE LOS FUNCIONARIOS EN COMISION,No Aplica,No Aplica,No Aplica,VIGENCIA ACTUAL,ENTIDADES TERRITORIALES - ADMINISTRACION CENTRAL,NO APLICA,No Aplica,NO DEFINIDO,,,2021,Tercer Trimestre,,,,NO APLICA,1.2.1.0.00 - INGRESOS CORRIENTES DE LIBRE DESTINACION,,,,,,NO APLICA,,,,,,CON SITUACION DE FONDOS,NO APLICA,NO DEFINIDO,6242300.0,6242300.0,6242300.0
8575226,20230601,218552585,Pupiales,2.1.1.01.01.001.01,SUELDO BASICO,GASTOS,FUNCIONAMIENTO,GASTOS DE PERSONAL,PLANTA DE PERSONAL PERMANENTE,FACTORES CONSTITUTIVOS DE SALARIO,FACTORES SALARIALES COMUNES,SUELDO BASICO,No Aplica,No Aplica,No Aplica,VIGENCIA ACTUAL,ENTIDADES TERRITORIALES - PERSONERIA,NO APLICA,No Aplica,NO DEFINIDO,,,2023,Segundo Trimestre,,,,NO APLICA,"SGP-PROPOSITO GENERAL-LIBRE DESTINACION MUNICIPIOS CATEGORIAS 4, 5 Y 6",,,,,,NO APLICA,,,,,,CON SITUACION DE FONDOS,NO APLICA,NO APLICA,83119247.0,83119247.0,83119247.0
8575621,20221201,218552585,Pupiales,2.2.2.01.02.002.02,BANCA COMERCIAL,GASTOS,SERVICIO DE LA DEUDA PUBLICA,SERVICIO DE LA DEUDA PUBLICA INTERNA,PRINCIPAL,PRESTAMOS,ENTIDADES FINANCIERAS,BANCA COMERCIAL,No Aplica,No Aplica,No Aplica,VIGENCIA ACTUAL,ENTIDADES TERRITORIALES - ADMINISTRACION CENTRAL,NO DEFINIDO,No Aplica,NO DEFINIDO,,,2022,Cuarto Trimestre,,,,NO DEFINIDO,NO DEFINIDO,,,,,,NO DEFINIDO,,,,,,NO DEFINIDO,NO DEFINIDO,NO DEFINIDO,407585113.0,407585113.0,407585113.0
8579037,20220601,218552585,Pupiales,2.2.2.02.02.002.02,BANCA COMERCIAL,GASTOS,SERVICIO DE LA DEUDA PUBLICA,SERVICIO DE LA DEUDA PUBLICA INTERNA,INTERESES,PRESTAMOS,ENTIDADES FINANCIERAS,BANCA COMERCIAL,No Aplica,No Aplica,No Aplica,VIGENCIA ACTUAL,ENTIDADES TERRITORIALES - ADMINISTRACION CENTRAL,NO DEFINIDO,No Aplica,NO DEFINIDO,,,2022,Segundo Trimestre,,,,NO DEFINIDO,NO DEFINIDO,,,,,,NO DEFINIDO,,,,,,NO DEFINIDO,NO DEFINIDO,NO DEFINIDO,44348102.0,44348102.0,44348102.0
8580094,20230601,218552585,Pupiales,2.3.1.01.03.001.01,VACACIONES,GASTOS,INVERSION,GASTOS DE PERSONAL,PLANTA DE PERSONAL PERMANENTE,REMUNERACIONES NO CONSTITUTIVAS DE FACTOR SALARIAL,PRESTACIONES SOCIALES,VACACIONES,No Aplica,No Aplica,No Aplica,VIGENCIA ACTUAL,ENTIDADES TERRITORIALES - ADMINISTRACION CENTRAL,VIA TERCIARIA MEJORADA,No Aplica,NO DEFINIDO,,,2023,Segundo Trimestre,,,,NO APLICA,INGRESOS CORRIENTES DE LIBRE DESTINACION,,,,,,NO APLICA,,,,,,CON SITUACION DE FONDOS,NO APLICA,NO APLICA,1372233.0,0.0,0.0
8581261,20220601,218552585,Pupiales,2.1,FUNCIONAMIENTO,GASTOS,FUNCIONAMIENTO,No Aplica,No Aplica,No Aplica,No Aplica,No Aplica,No Aplica,No Aplica,No Aplica,VIGENCIA ACTUAL,ENTIDADES TERRITORIALES - ADMINISTRACION CENTRAL,NO DEFINIDO,No Aplica,NO DEFINIDO,,,2022,Segundo Trimestre,,,,NO DEFINIDO,NO DEFINIDO,,,,,,NO DEFINIDO,,,,,,NO DEFINIDO,NO DEFINIDO,NO DEFINIDO,1144584302.0,907266007.0,907205349.0
8589370,20230301,218552585,Pupiales,2.3.2.02.02.009,"SERVICIOS PARA LA COMUNIDAD, SOCIALES Y PERSONALES",GASTOS,INVERSION,ADQUISICION DE BIENES Y SERVICIOS,ADQUISICIONES DIFERENTES DE ACTIVOS,ADQUISICION DE SERVICIOS,"SERVICIOS PARA LA COMUNIDAD, SOCIALES Y PERSONALES",No Aplica,No Aplica,No Aplica,No Aplica,VIGENCIA ACTUAL,ENTIDADES TERRITORIALES - ADMINISTRACION CENTRAL,"SERVICIO DE FOMENTO PARA EL ACCESO A LA EDUCACION INICIAL, PREESCOLAR, BASICA Y MEDIA.",No Aplica,NO DEFINIDO,,,2023,Primer Trimestre,,,,SERVICIOS DE LA ADMINISTRACION PUBLICA RELACIONADOS CON LA EDUCACION,SGP-EDUCACION-CALIDAD  POR MATRICULA OFICIAL,,,,,,NO APLICA,,,,,,CON SITUACION DE FONDOS,NO APLICA,NO APLICA,23695381.0,6012069.0,0.0
8589418,20220301,218552585,Pupiales,2.1.1.01.01.001.06,PRIMA DE SERVICIO,GASTOS,FUNCIONAMIENTO,GASTOS DE PERSONAL,PLANTA DE PERSONAL PERMANENTE,FACTORES CONSTITUTIVOS DE SALARIO,FACTORES SALARIALES COMUNES,PRIMA DE SERVICIO,No Aplica,No Aplica,No Aplica,VIGENCIA ACTUAL,ENTIDADES TERRITORIALES - ADMINISTRACION CENTRAL,NO APLICA,No Aplica,NO DEFINIDO,,,2022,Primer Trimestre,,,,NO APLICA,INGRESOS CORRIENTES DE LIBRE DESTINACION,,,,,,NO APLICA,,,,,,CON SITUACION DE FONDOS,NO APLICA,NO APLICA,510340.0,510340.0,510340.0
8590084,20220301,218552585,Pupiales,2.3.2.02.02.009,"SERVICIOS PARA LA COMUNIDAD, SOCIALES Y PERSONALES",GASTOS,INVERSION,ADQUISICION DE BIENES Y SERVICIOS,ADQUISICIONES DIFERENTES DE ACTIVOS,ADQUISICION DE SERVICIOS,"SERVICIOS PARA LA COMUNIDAD, SOCIALES Y PERSONALES",No Aplica,No Aplica,No Aplica,No Aplica,VIGENCIA ACTUAL,ENTIDADES TERRITORIALES - ADMINISTRACION CENTRAL,SERVICIOS DE ASISTENCIA TECNICA,No Aplica,NO DEFINIDO,,,2022,Primer Trimestre,,,,OTROS SERVICIOS ADMINISTRATIVOS DEL GOBIERNO N C P,SGP-PROPOSITO GENERAL-PROPOSITO GENERAL LIBRE INVERSION,,,,,,NO APLICA,,,,,,CON SITUACION DE FONDOS,DIRECCION NACIONAL DEL TESORO MINISTERIO DE HACIENDA Y CREDITO PUBLICO,NO APLICA,10000000.0,10000000.0,10000000.0
8591233,20220301,218552585,Pupiales,2.1.1.01.03.006,HONORARIOS CONCEJALES,GASTOS,FUNCIONAMIENTO,GASTOS DE PERSONAL,PLANTA DE PERSONAL PERMANENTE,REMUNERACIONES NO CONSTITUTIVAS DE FACTOR SALARIAL,HONORARIOS CONCEJALES,No Aplica,No Aplica,No Aplica,No Aplica,VIGENCIA ACTUAL,ENTIDADES TERRITORIALES - CONCEJO,NO APLICA,No Aplica,NO DEFINIDO,,,2022,Primer Trimestre,,,,NO APLICA,INGRESOS CORRIENTES DE LIBRE DESTINACION,,,,,,NO APLICA,,,,,,CON SITUACION DE FONDOS,NO APLICA,NO APLICA,45000000.0,45000000.0,45000000.0
8591242,20210901,218552585,Pupiales,2.1.1.01.01.001.08.02,PRIMA DE VACACIONES,GASTOS,FUNCIONAMIENTO,GASTOS DE PERSONAL,PLANTA DE PERSONAL PERMANENTE,FACTORES CONSTITUTIVOS DE SALARIO,FACTORES SALARIALES COMUNES,PRESTACIONES SOCIALES,PRIMA DE VACACIONES,No Aplica,No Aplica,VIGENCIA ACTUAL,ENTIDADES TERRITORIALES - ADMINISTRACION CENTRAL,NO APLICA,No Aplica,NO DEFINIDO,,,2021,Tercer Trimestre,,,,NO APLICA,1.2.1.0.00 - INGRESOS CORRIENTES DE LIBRE DESTINACION,,,,,,NO APLICA,,,,,,CON SITUACION DE FONDOS,NO APLICA,NO DEFINIDO,17319387.0,17319387.0,17319387.0
8595463,20230301,218552585,Pupiales,2.3.2.02.02,ADQUISICION DE SERVICIOS,GASTOS,INVERSION,ADQUISICION DE BIENES Y SERVICIOS,ADQUISICIONES DIFERENTES DE ACTIVOS,ADQUISICION DE SERVICIOS,No Aplica,No Aplica,No Aplica,No Aplica,No Aplica,CUENTAS POR PAGAR,ENTIDADES TERRITORIALES - ADMINISTRACION CENTRAL,NO DEFINIDO,No Aplica,NO DEFINIDO,,,2023,Primer Trimestre,,,,NO DEFINIDO,NO DEFINIDO,,,,,,NO DEFINIDO,,,,,,NO DEFINIDO,NO DEFINIDO,NO DEFINIDO,60060387.0,60060387.0,41869986.0
8599749,20221201,218552585,Pupiales,2.1.1.01.01.001.08.01,PRIMA DE NAVIDAD,GASTOS,FUNCIONAMIENTO,GASTOS DE PERSONAL,PLANTA DE PERSONAL PERMANENTE,FACTORES CONSTITUTIVOS DE SALARIO,FACTORES SALARIALES COMUNES,PRESTACIONES SOCIALES,PRIMA DE NAVIDAD,No Aplica,No Aplica,VIGENCIA ACTUAL,ENTIDADES TERRITORIALES - ADMINISTRACION CENTRAL,NO APLICA,No Aplica,NO DEFINIDO,,,2022,Cuarto Trimestre,,,,NO APLICA,INGRESOS CORRIENTES DE LIBRE DESTINACION,,,,,,NO APLICA,,,,,,CON SITUACION DE FONDOS,NO APLICA,NO APLICA,51868648.0,51868648.0,51868648.0
8600245,20221201,218552585,Pupiales,2.2.2.02.02.002.02.03,BANCA COMERCIAL,GASTOS,SERVICIO DE LA DEUDA PUBLICA,SERVICIO DE LA DEUDA PUBLICA INTERNA,INTERESES,PRESTAMOS,ENTIDADES FINANCIERAS,BANCA COMERCIAL,BANCA COMERCIAL,No Aplica,No Aplica,VIGENCIA ACTUAL,ENTIDADES TERRITORIALES - ADMINISTRACION CENTRAL,NO APLICA,No Aplica,NO DEFINIDO,,,2022,Cuarto Trimestre,,,,NO APLICA,SGP-PROPOSITO GENERAL-PROPOSITO GENERAL LIBRE INVERSION,,,,,,NO APLICA,,,,,,CON SITUACION DE FONDOS,NO APLICA,NO APLICA,104336299.0,104336299.0,104336299.0
8602842,20210301,218552585,Pupiales,2,GASTOS,GASTOS,No Aplica,No Aplica,No Aplica,No Aplica,No Aplica,No Aplica,No Aplica,No Aplica,No Aplica,VIGENCIA ACTUAL,ENTIDADES TERRITORIALES - CONCEJO,NO DEFINIDO,No Aplica,NO DEFINIDO,,,2021,Primer Trimestre,,,,NO DEFINIDO,NO DEFINIDO,,,,,,NO DEFINIDO,,,,,,NO DEFINIDO,NO DEFINIDO,NO DEFINIDO,62839881.0,62839881.0,62839881.0
8604367,20230601,218552585,Pupiales,2,GASTOS,GASTOS,No Aplica,No Aplica,No Aplica,No Aplica,No Aplica,No Aplica,No Aplica,No Aplica,No Aplica,VIGENCIA ACTUAL,ENTIDADES TERRITORIALES - ADMINISTRACION CENTRAL,NO DEFINIDO,No Aplica,NO DEFINIDO,,,2023,Segundo Trimestre,,,,NO DEFINIDO,NO DEFINIDO,,,,,,NO DEFINIDO,,,,,,NO DEFINIDO,NO DEFINIDO,NO DEFINIDO,16573054422.0,14680645385.0,14680645385.0
8605725,20221201,218552585,Pupiales,2.3.1.01.02.004,APORTES A CAJAS DE COMPENSACION FAMILIAR,GASTOS,INVERSION,GASTOS DE PERSONAL,PLANTA DE PERSONAL PERMANENTE,CONTRIBUCIONES INHERENTES A LA NOMINA,APORTES A CAJAS DE COMPENSACION FAMILIAR,No Aplica,No Aplica,No Aplica,No Aplica,VIGENCIA ACTUAL,ENTIDADES TERRITORIALES - ADMINISTRACION CENTRAL,NO APLICA,No Aplica,NO DEFINIDO,,,2022,Cuarto Trimestre,,,,NO APLICA,INGRESOS CORRIENTES DE LIBRE DESTINACION,,,,,,NO APLICA,,,,,,CON SITUACION DE FONDOS,DIRECCION NACIONAL DEL TESORO MINISTERIO DE HACIENDA Y CREDITO PUBLICO,NO APLICA,8215127.0,8215127.0,8215127.0
8614171,20230601,218552585,Pupiales,2.3.2.02.02.009,"SERVICIOS PARA LA COMUNIDAD, SOCIALES Y PERSONALES",GASTOS,INVERSION,ADQUISICION DE BIENES Y SERVICIOS,ADQUISICIONES DIFERENTES DE ACTIVOS,ADQUISICION DE SERVICIOS,"SERVICIOS PARA LA COMUNIDAD, SOCIALES Y PERSONALES",No Aplica,No Aplica,No Aplica,No Aplica,VIGENCIA ACTUAL,ENTIDADES TERRITORIALES - ADMINISTRACION CENTRAL,"SERVICIO DE APOYO FINANCIERO A LOS PLANES, PROGRAMAS Y PROYECTOS DE AGUA POTABLE Y SANEAMIENTO BASICO",No Aplica,NO DEFINIDO,,,2023,Segundo Trimestre,,,,SERVICIOS DE LOS ORGANOS DE CONTROL Y OTRAS INSTITUCIONES,R.B. SGP-AGUA POTABLE Y SANEAMIENTO BASICO,,,,,,NO APLICA,,,,,,CON SITUACION DE FONDOS,NO APLICA,NO APLICA,11087378.0,0.0,0.0
8614261,20210601,218552585,Pupiales,2.3.1.01.02.007,APORTES AL SENA,GASTOS,INVERSION,GASTOS DE PERSONAL,PLANTA DE PERSONAL PERMANENTE,CONTRIBUCIONES INHERENTES A LA NOMINA,APORTES AL SENA,No Aplica,No Aplica,No Aplica,No Aplica,VIGENCIA ACTUAL,ENTIDADES TERRITORIALES - ADMINISTRACION CENTRAL,NO APLICA,No Aplica,NO DEFINIDO,,,2021,Segundo Trimestre,,,,NO APLICA,1.2.4.3.03 - SGP-PROPOSITO GENERAL-PROPOSITO GENERAL LIBRE INVERSION,,,,,,NO APLICA,,,,,,CON SITUACION DE FONDOS,DIRECCION NACIONAL DEL TESORO MINISTERIO DE HACIENDA Y CREDITO PUBLICO,NO DEFINIDO,487303.0,487303.0,487303.0
8616306,20220601,218552585,Pupiales,2.3.1.01.02.008,APORTES A LA ESAP,GASTOS,INVERSION,GASTOS DE PERSONAL,PLANTA DE PERSONAL PERMANENTE,CONTRIBUCIONES INHERENTES A LA NOMINA,APORTES A LA ESAP,No Aplica,No Aplica,No Aplica,No Aplica,VIGENCIA ACTUAL,ENTIDADES TERRITORIALES - ADMINISTRACION CENTRAL,NO APLICA,No Aplica,NO DEFINIDO,,,2022,Segundo Trimestre,,,,NO APLICA,SGP-PROPOSITO GENERAL-PROPOSITO GENERAL LIBRE INVERSION,,,,,,NO APLICA,,,,,,CON SITUACION DE FONDOS,DIRECCION NACIONAL DEL TESORO MINISTERIO DE HACIENDA Y CREDITO PUBLICO,NO APLICA,612551.0,612551.0,612551.0
8621811,20230301,218552585,Pupiales,2.1.2.02.01.003,"OTROS BIENES TRANSPORTABLES EXCEPTO PRODUCTOS METALICOS, MAQUINARIA Y EQUIPO",GASTOS,FUNCIONAMIENTO,ADQUISICION DE BIENES Y SERVICIOS,ADQUISICIONES DIFERENTES DE ACTIVOS,MATERIALES Y SUMINISTROS,"OTROS BIENES TRANSPORTABLES EXCEPTO PRODUCTOS METALICOS, MAQUINARIA Y EQUIPO",No Aplica,No Aplica,No Aplica,No Aplica,VIGENCIA ACTUAL,ENTIDADES TERRITORIALES - ADMINISTRACION CENTRAL,NO APLICA,No Aplica,NO DEFINIDO,,,2023,Primer Trimestre,,,,PAPELES N C P,INGRESOS CORRIENTES DE LIBRE DESTINACION,,,,,,NO APLICA,,,,,,CON SITUACION DE FONDOS,NO APLICA,NO APLICA,17500000.0,7555000.0,7555000.0
8621951,20211201,218552585,Pupiales,2.3.2.01.01.001.01,VIVIENDAS,GASTOS,INVERSION,ADQUISICION DE BIENES Y SERVICIOS,ADQUISICION DE ACTIVOS NO FINANCIEROS,ACTIVOS FIJOS,EDIFICACIONES Y ESTRUCTURAS,VIVIENDAS,No Aplica,No Aplica,No Aplica,VIGENCIA ACTUAL,ENTIDADES TERRITORIALES - ADMINISTRACION CENTRAL,NO DEFINIDO,No Aplica,NO DEFINIDO,,,2021,Cuarto Trimestre,,,,NO DEFINIDO,NO DEFINIDO,,,,,,NO DEFINIDO,,,,,,NO DEFINIDO,NO DEFINIDO,NO DEFINIDO,21197071.0,21197071.0,21197071.0
8626112,20220901,218552585,Pupiales,2.1.1.01.01.001.08.02,PRIMA DE VACACIONES,GASTOS,FUNCIONAMIENTO,GASTOS DE PERSONAL,PLANTA DE PERSONAL PERMANENTE,FACTORES CONSTITUTIVOS DE SALARIO,FACTORES SALARIALES COMUNES,PRESTACIONES SOCIALES,PRIMA DE VACACIONES,No Aplica,No Aplica,VIGENCIA ACTUAL,ENTIDADES TERRITORIALES - ADMINISTRACION CENTRAL,NO APLICA,No Aplica,NO DEFINIDO,,,2022,Tercer Trimestre,,,,NO APLICA,INGRESOS CORRIENTES DE LIBRE DESTINACION,,,,,,NO APLICA,,,,,,CON SITUACION DE FONDOS,NO APLICA,NO APLICA,21716142.0,21716142.0,21716142.0
8630172,20220601,218552585,Pupiales,2.3.2.01.01.001.03.19,OTRAS OBRAS DE INGENIERIA CIVIL,GASTOS,INVERSION,ADQUISICION DE BIENES Y SERVICIOS,ADQUISICION DE ACTIVOS NO FINANCIEROS,ACTIVOS FIJOS,EDIFICACIONES Y ESTRUCTURAS,OTRAS ESTRUCTURAS,OTRAS OBRAS DE INGENIERIA CIVIL,No Aplica,No Aplica,VIGENCIA ACTUAL,ENTIDADES TERRITORIALES - ADMINISTRACION CENTRAL,NO APLICA,No Aplica,NO DEFINIDO,,,2022,Segundo Trimestre,,,,NO APLICA,INGRESOS CORRIENTES DE LIBRE DESTINACION,,,,,,NO APLICA,,,,,,CON SITUACION DE FONDOS,NO APLICA,NO APLICA,18475942.0,0.0,0.0
8630804,20210601,218552585,Pupiales,2.3.4.03,COMPENSACIONES DE CAPITAL,GASTOS,INVERSION,TRANSFERENCIAS DE CAPITAL,COMPENSACIONES DE CAPITAL,No Aplica,No Aplica,No Aplica,No Aplica,No Aplica,No Aplica,VIGENCIA ACTUAL,ENTIDADES TERRITORIALES - ADMINISTRACION CENTRAL,24.02.021 - TRANSPORTE - INFRAESTRUCTURA RED VIAL REGIONAL - VIA SECUNDARIA CON MANTENIMIENTO PERIODICO O RUTINARIO,No Aplica,NO DEFINIDO,,,2021,Segundo Trimestre,,,,NO APLICA,1.3.3.6.03 - R.B. SGP - PROPOSITO GENERAL - PROPOSITO GENERAL LIBRE INVERSION,,,,,,NO APLICA,,,,,,CON SITUACION DE FONDOS,DIRECCION NACIONAL DEL TESORO MINISTERIO DE HACIENDA Y CREDITO PUBLICO,NO DEFINIDO,11000000.0,0.0,0.0
8633838,20220901,218552585,Pupiales,2.1.1.01.02.009,APORTES A ESCUELAS INDUSTRIALES E INSTITUTOS TECNICOS,GASTOS,FUNCIONAMIENTO,GASTOS DE PERSONAL,PLANTA DE PERSONAL PERMANENTE,CONTRIBUCIONES INHERENTES A LA NOMINA,APORTES A ESCUELAS INDUSTRIALES E INSTITUTOS TECNICOS,No Aplica,No Aplica,No Aplica,No Aplica,VIGENCIA ACTUAL,ENTIDADES TERRITORIALES - ADMINISTRACION CENTRAL,NO APLICA,No Aplica,NO DEFINIDO,,,2022,Tercer Trimestre,,,,NO APLICA,INGRESOS CORRIENTES DE LIBRE DESTINACION,,,,,,NO APLICA,,,,,,CON SITUACION DE FONDOS,NO APLICA,NO APLICA,3621038.0,3621038.0,3621038.0
8633949,20220601,218552585,Pupiales,2.1.1.01.02.006,APORTES AL ICBF,GASTOS,FUNCIONAMIENTO,GASTOS DE PERSONAL,PLANTA DE PERSONAL PERMANENTE,CONTRIBUCIONES INHERENTES A LA NOMINA,APORTES AL ICBF,No Aplica,No Aplica,No Aplica,No Aplica,VIGENCIA ACTUAL,ENTIDADES TERRITORIALES - ADMINISTRACION CENTRAL,NO APLICA,No Aplica,NO DEFINIDO,,,2022,Segundo Trimestre,,,,NO APLICA,INGRESOS CORRIENTES DE LIBRE DESTINACION,,,,,,NO APLICA,,,,,,CON SITUACION DE FONDOS,NO APLICA,NO APLICA,7001730.0,7001730.0,7001730.0
8638164,20210601,218552585,Pupiales,2.1.1.01.01.001,FACTORES SALARIALES COMUNES,GASTOS,FUNCIONAMIENTO,GASTOS DE PERSONAL,PLANTA DE PERSONAL PERMANENTE,FACTORES CONSTITUTIVOS DE SALARIO,FACTORES SALARIALES COMUNES,No Aplica,No Aplica,No Aplica,No Aplica,VIGENCIA ACTUAL,ENTIDADES TERRITORIALES - ADMINISTRACION CENTRAL,NO DEFINIDO,No Aplica,NO DEFINIDO,,,2021,Segundo Trimestre,,,,NO DEFINIDO,NO DEFINIDO,,,,,,NO DEFINIDO,,,,,,NO DEFINIDO,NO DEFINIDO,NO DEFINIDO,265054138.0,265054138.0,265054138.0
8638993,20230301,218552585,Pupiales,2.2.2.01,PRINCIPAL,GASTOS,SERVICIO DE LA DEUDA PUBLICA,SERVICIO DE LA DEUDA PUBLICA INTERNA,PRINCIPAL,No Aplica,No Aplica,No Aplica,No Aplica,No Aplica,No Aplica,VIGENCIA ACTUAL,ENTIDADES TERRITORIALES - ADMINISTRACION CENTRAL,NO DEFINIDO,No Aplica,NO DEFINIDO,,,2023,Primer Trimestre,,,,NO DEFINIDO,NO DEFINIDO,,,,,,NO DEFINIDO,,,,,,NO DEFINIDO,NO DEFINIDO,NO DEFINIDO,167657631.0,167657631.0,167657631.0
8641161,20210601,218552585,Pupiales,2.2.2.01.02.002.02.03,BANCA COMERCIAL,GASTOS,SERVICIO DE LA DEUDA PUBLICA,SERVICIO DE LA DEUDA PUBLICA INTERNA,PRINCIPAL,PRESTAMOS,ENTIDADES FINANCIERAS,BANCA COMERCIAL,BANCA COMERCIAL,No Aplica,No Aplica,VIGENCIA ACTUAL,ENTIDADES TERRITORIALES - ADMINISTRACION CENTRAL,"40.03.010 - VIVIENDA, CIUDAD Y TERRITORIO - ACCESO DE LA POBLACION A LOS SERVICIOS DE AGUA POTABLE Y SANEAMIENTO BASICO - SERVICIO DE ASEO",No Aplica,NO DEFINIDO,,,2021,Segundo Trimestre,,,,NO APLICA,1.3.1.1.05 - RECURSOS DE CREDITO INTERNO,,,,,,NO APLICA,,,,,,CON SITUACION DE FONDOS,NO APLICA,NO DEFINIDO,63743244.0,63743244.0,63743244.0
8642121,20230601,218552585,Pupiales,2.3.2.02.02.009,"SERVICIOS PARA LA COMUNIDAD, SOCIALES Y PERSONALES",GASTOS,INVERSION,ADQUISICION DE BIENES Y SERVICIOS,ADQUISICIONES DIFERENTES DE ACTIVOS,ADQUISICION DE SERVICIOS,"SERVICIOS PARA LA COMUNIDAD, SOCIALES Y PERSONALES",No Aplica,No Aplica,No Aplica,No Aplica,VIGENCIA ACTUAL,ENTIDADES TERRITORIALES - ADMINISTRACION CENTRAL,SERVICIO DE AYUDA Y ATENCION HUMANITARIA,No Aplica,NO DEFINIDO,,,2023,Segundo Trimestre,,,,SERVICIOS DE LOS ORGANOS DE CONTROL Y OTRAS INSTITUCIONES,SGP-PROPOSITO GENERAL-PROPOSITO GENERAL LIBRE INVERSION,,,,,,NO APLICA,,,,,,CON SITUACION DE FONDOS,NO APLICA,NO APLICA,9648900.0,8768900.0,8768900.0
8643223,20211201,218552585,Pupiales,2.2.2.01.02.002.02.03,BANCA COMERCIAL,GASTOS,SERVICIO DE LA DEUDA PUBLICA,SERVICIO DE LA DEUDA PUBLICA INTERNA,PRINCIPAL,PRESTAMOS,ENTIDADES FINANCIERAS,BANCA COMERCIAL,BANCA COMERCIAL,No Aplica,No Aplica,VIGENCIA ACTUAL,ENTIDADES TERRITORIALES - ADMINISTRACION CENTRAL,BANCO DE MAQUINARIA DOTADO,No Aplica,NO DEFINIDO,,,2021,Cuarto Trimestre,,,,NO APLICA,SGP-PROPOSITO GENERAL-PROPOSITO GENERAL LIBRE INVERSION,,,,,,NO APLICA,,,,,,CON SITUACION DE FONDOS,NO APLICA,NO DEFINIDO,152788333.0,152788333.0,152788333.0
8643788,20220601,218552585,Pupiales,2.3.2.02.02.009,"SERVICIOS PARA LA COMUNIDAD, SOCIALES Y PERSONALES",GASTOS,INVERSION,ADQUISICION DE BIENES Y SERVICIOS,ADQUISICIONES DIFERENTES DE ACTIVOS,ADQUISICION DE SERVICIOS,"SERVICIOS PARA LA COMUNIDAD, SOCIALES Y PERSONALES",No Aplica,No Aplica,No Aplica,No Aplica,VIGENCIA ACTUAL,ENTIDADES TERRITORIALES - ADMINISTRACION CENTRAL,"SERVICIO DE CARACTERIZACION DE LA POBLACION VICTIMA PARA SU POSTERIOR ATENCION, ASISTENCIA Y REPARACION INTEGRAL",No Aplica,NO DEFINIDO,,,2022,Segundo Trimestre,,,,OTROS SERVICIOS DIVERSOS N C P,SGP-PROPOSITO GENERAL-PROPOSITO GENERAL LIBRE INVERSION,,,,,,NO APLICA,,,,,,CON SITUACION DE FONDOS,DIRECCION NACIONAL DEL TESORO MINISTERIO DE HACIENDA Y CREDITO PUBLICO,NO APLICA,4931500.0,4151500.0,4151500.0
8647472,20220901,218552585,Pupiales,2.3.1.01.01,FACTORES CONSTITUTIVOS DE SALARIO,GASTOS,INVERSION,GASTOS DE PERSONAL,PLANTA DE PERSONAL PERMANENTE,FACTORES CONSTITUTIVOS DE SALARIO,No Aplica,No Aplica,No Aplica,No Aplica,No Aplica,VIGENCIA ACTUAL,ENTIDADES TERRITORIALES - ADMINISTRACION CENTRAL,NO DEFINIDO,No Aplica,NO DEFINIDO,,,2022,Tercer Trimestre,,,,NO DEFINIDO,NO DEFINIDO,,,,,,NO DEFINIDO,,,,,,NO DEFINIDO,NO DEFINIDO,NO DEFINIDO,162934929.0,162934929.0,162934929.0
8649561,20210601,218552585,Pupiales,2.1.1.01.03,REMUNERACIONES NO CONSTITUTIVAS DE FACTOR SALARIAL,GASTOS,FUNCIONAMIENTO,GASTOS DE PERSONAL,PLANTA DE PERSONAL PERMANENTE,REMUNERACIONES NO CONSTITUTIVAS DE FACTOR SALARIAL,No Aplica,No Aplica,No Aplica,No Aplica,No Aplica,VIGENCIA ACTUAL,ENTIDADES TERRITORIALES - CONCEJO,NO DEFINIDO,No Aplica,NO DEFINIDO,,,2021,Segundo Trimestre,,,,NO DEFINIDO,NO DEFINIDO,,,,,,NO DEFINIDO,,,,,,NO DEFINIDO,NO DEFINIDO,NO DEFINIDO,84823364.0,84823364.0,84823364.0
8650078,20220901,218552585,Pupiales,2.3.2.02.02.009,"SERVICIOS PARA LA COMUNIDAD, SOCIALES Y PERSONALES",GASTOS,INVERSION,ADQUISICION DE BIENES Y SERVICIOS,ADQUISICIONES DIFERENTES DE ACTIVOS,ADQUISICION DE SERVICIOS,"SERVICIOS PARA LA COMUNIDAD, SOCIALES Y PERSONALES",No Aplica,No Aplica,No Aplica,No Aplica,VIGENCIA ACTUAL,ENTIDADES TERRITORIALES - ADMINISTRACION CENTRAL,SERVICIO DE ASISTENCIA TECNICA EN EL MARCO DE LA FORMULACION E IMPLEMENTACION DE PROYECTOS DEMOSTRATIVOS PARA LA REDUCCION DE IMPACTOS AMBIENTALES DE LA MINERIA,No Aplica,NO DEFINIDO,,,2022,Tercer Trimestre,,,,OTROS SERVICIOS DE LA ADMINISTRACION PUBLICA N C P,SGP-PROPOSITO GENERAL-PROPOSITO GENERAL LIBRE INVERSION,,,,,,NO APLICA,,,,,,CON SITUACION DE FONDOS,DIRECCION NACIONAL DEL TESORO MINISTERIO DE HACIENDA Y CREDITO PUBLICO,NO APLICA,18985000.0,18985000.0,18985000.0
8653293,20210901,218552585,Pupiales,2.1.1.01.01.001.01,SUELDO BASICO,GASTOS,FUNCIONAMIENTO,GASTOS DE PERSONAL,PLANTA DE PERSONAL PERMANENTE,FACTORES CONSTITUTIVOS DE SALARIO,FACTORES SALARIALES COMUNES,SUELDO BASICO,No Aplica,No Aplica,No Aplica,VIGENCIA ACTUAL,ENTIDADES TERRITORIALES - PERSONERIA,NO APLICA,No Aplica,NO DEFINIDO,,,2021,Tercer Trimestre,,,,NO APLICA,1.2.1.0.00 - INGRESOS CORRIENTES DE LIBRE DESTINACION,,,,,,NO APLICA,,,,,,CON SITUACION DE FONDOS,NO APLICA,NO DEFINIDO,93958200.0,93958200.0,93958200.0
8658779,20230301,218552585,Pupiales,2.3.2.02.02.009,"SERVICIOS PARA LA COMUNIDAD, SOCIALES Y PERSONALES",GASTOS,INVERSION,ADQUISICION DE BIENES Y SERVICIOS,ADQUISICIONES DIFERENTES DE ACTIVOS,ADQUISICION DE SERVICIOS,"SERVICIOS PARA LA COMUNIDAD, SOCIALES Y PERSONALES",No Aplica,No Aplica,No Aplica,No Aplica,VIGENCIA ACTUAL,ENTIDADES TERRITORIALES - ADMINISTRACION CENTRAL,ACUEDUCTOS AMPLIADOS,No Aplica,NO DEFINIDO,,,2023,Primer Trimestre,,,,OTROS SERVICIOS DIVERSOS N C P,SGP-AGUA POTABLE Y SANEAMIENTO BASICO,,,,,,NO APLICA,,,,,,CON SITUACION DE FONDOS,NO APLICA,NO APLICA,309363274.0,0.0,0.0
8658965,20220901,218552585,Pupiales,2.3.2.01.01.003.01.06,OTRAS MAQUINAS PARA USOS GENERALES Y SUS PARTES Y PIEZAS,GASTOS,INVERSION,ADQUISICION DE BIENES Y SERVICIOS,ADQUISICION DE ACTIVOS NO FINANCIEROS,ACTIVOS FIJOS,MAQUINARIA Y EQUIPO,MAQUINARIA PARA USO GENERAL,OTRAS MAQUINAS PARA USOS GENERALES Y SUS PARTES Y PIEZAS,No Aplica,No Aplica,VIGENCIA ACTUAL,ENTIDADES TERRITORIALES - ADMINISTRACION CENTRAL,SERVICIO DE ASISTENCIA TECNICA EN INFRAESTRUCTURA Y SERVICIO DE LA RED VIAL REGIONAL,No Aplica,NO DEFINIDO,,,2022,Tercer Trimestre,,,,NO APLICA,SGP-PROPOSITO GENERAL-PROPOSITO GENERAL LIBRE INVERSION,,,,,,NO APLICA,,,,,,CON SITUACION DE FONDOS,DIRECCION NACIONAL DEL TESORO MINISTERIO DE HACIENDA Y CREDITO PUBLICO,NO APLICA,120158200.0,14000000.0,14000000.0
8659023,20220301,218552585,Pupiales,2.3.1.01.03.001.03,BONIFICACION ESPECIAL DE RECREACION,GASTOS,INVERSION,GASTOS DE PERSONAL,PLANTA DE PERSONAL PERMANENTE,REMUNERACIONES NO CONSTITUTIVAS DE FACTOR SALARIAL,PRESTACIONES SOCIALES,BONIFICACION ESPECIAL DE RECREACION,No Aplica,No Aplica,No Aplica,VIGENCIA ACTUAL,ENTIDADES TERRITORIALES - ADMINISTRACION CENTRAL,NO APLICA,No Aplica,NO DEFINIDO,,,2022,Primer Trimestre,,,,NO APLICA,SGP-PROPOSITO GENERAL-PROPOSITO GENERAL LIBRE INVERSION,,,,,,NO APLICA,,,,,,CON SITUACION DE FONDOS,DIRECCION NACIONAL DEL TESORO MINISTERIO DE HACIENDA Y CREDITO PUBLICO,NO APLICA,355522.0,355522.0,355522.0
8660457,20230601,218552585,Pupiales,2.1.1.01.01.001,FACTORES SALARIALES COMUNES,GASTOS,FUNCIONAMIENTO,GASTOS DE PERSONAL,PLANTA DE PERSONAL PERMANENTE,FACTORES CONSTITUTIVOS DE SALARIO,FACTORES SALARIALES COMUNES,No Aplica,No Aplica,No Aplica,No Aplica,VIGENCIA ACTUAL,ENTIDADES TERRITORIALES - PERSONERIA,NO DEFINIDO,No Aplica,NO DEFINIDO,,,2023,Segundo Trimestre,,,,NO DEFINIDO,NO DEFINIDO,,,,,,NO DEFINIDO,,,,,,NO DEFINIDO,NO DEFINIDO,NO DEFINIDO,83119247.0,83119247.0,83119247.0
8661683,20230601,218552585,Pupiales,2.3.2.02.02.009,"SERVICIOS PARA LA COMUNIDAD, SOCIALES Y PERSONALES",GASTOS,INVERSION,ADQUISICION DE BIENES Y SERVICIOS,ADQUISICIONES DIFERENTES DE ACTIVOS,ADQUISICION DE SERVICIOS,"SERVICIOS PARA LA COMUNIDAD, SOCIALES Y PERSONALES",No Aplica,No Aplica,No Aplica,No Aplica,VIGENCIA ACTUAL,ENTIDADES TERRITORIALES - ADMINISTRACION CENTRAL,SERVICIO DE APOYO FINANCIERO PARA PROYECTOS DE CONVIVENCIA Y SEGURIDAD CIUDADANA,No Aplica,NO DEFINIDO,,,2023,Segundo Trimestre,,,,SERVICIOS DE LOS ORGANOS DE CONTROL Y OTRAS INSTITUCIONES,R.B. CONTRIBUCION SOBRE CONTRATOS DE OBRA PUBLICA,,,,,,NO APLICA,,,,,,CON SITUACION DE FONDOS,NO APLICA,NO APLICA,160388220.0,80194110.0,80194110.0
8663032,20230601,218552585,Pupiales,2.1.2,ADQUISICION DE BIENES Y SERVICIOS,GASTOS,FUNCIONAMIENTO,ADQUISICION DE BIENES Y SERVICIOS,No Aplica,No Aplica,No Aplica,No Aplica,No Aplica,No Aplica,No Aplica,VIGENCIA ACTUAL,ENTIDADES TERRITORIALES - CONCEJO,NO DEFINIDO,No Aplica,NO DEFINIDO,,,2023,Segundo Trimestre,,,,NO DEFINIDO,NO DEFINIDO,,,,,,NO DEFINIDO,,,,,,NO DEFINIDO,NO DEFINIDO,NO DEFINIDO,5460000.0,5460000.0,5460000.0
8663239,20221201,218552585,Pupiales,2.3.2.02.01,MATERIALES Y SUMINISTROS,GASTOS,INVERSION,ADQUISICION DE BIENES Y SERVICIOS,ADQUISICIONES DIFERENTES DE ACTIVOS,MATERIALES Y SUMINISTROS,No Aplica,No Aplica,No Aplica,No Aplica,No Aplica,VIGENCIA ACTUAL,ENTIDADES TERRITORIALES - ADMINISTRACION CENTRAL,NO DEFINIDO,No Aplica,NO DEFINIDO,,,2022,Cuarto Trimestre,,,,NO DEFINIDO,NO DEFINIDO,,,,,,NO DEFINIDO,,,,,,NO DEFINIDO,NO DEFINIDO,NO DEFINIDO,398707972.0,348707972.0,348707972.0
8667130,20210901,218552585,Pupiales,2.3.4.03,COMPENSACIONES DE CAPITAL,GASTOS,INVERSION,TRANSFERENCIAS DE CAPITAL,COMPENSACIONES DE CAPITAL,No Aplica,No Aplica,No Aplica,No Aplica,No Aplica,No Aplica,VIGENCIA ACTUAL,ENTIDADES TERRITORIALES - ADMINISTRACION CENTRAL,45.01.001 - GOBIERNO TERRITORIAL - FORTALECIMIENTO DE LA CONVIVENCIA Y LA SEGURIDAD CIUDADANA - SERVICIO DE ASISTENCIA TECNICA,No Aplica,NO DEFINIDO,,,2021,Tercer Trimestre,,,,NO APLICA,1.3.3.2.01 - R.B. CONTRIBUCION SOBRE CONTRATOS DE OBRA PUBLICA,,,,,,NO APLICA,,,,,,CON SITUACION DE FONDOS,NO APLICA,NO DEFINIDO,10000000.0,10000000.0,10000000.0
8667230,20211201,218552585,Pupiales,2.1.1.01.01.001.01,SUELDO BASICO,GASTOS,FUNCIONAMIENTO,GASTOS DE PERSONAL,PLANTA DE PERSONAL PERMANENTE,FACTORES CONSTITUTIVOS DE SALARIO,FACTORES SALARIALES COMUNES,SUELDO BASICO,No Aplica,No Aplica,No Aplica,VIGENCIA ACTUAL,ENTIDADES TERRITORIALES - PERSONERIA,NO APLICA,No Aplica,NO DEFINIDO,,,2021,Cuarto Trimestre,,,,NO APLICA,INGRESOS CORRIENTES DE LIBRE DESTINACION,,,,,,NO APLICA,,,,,,CON SITUACION DE FONDOS,NO APLICA,NO DEFINIDO,136278900.0,136278900.0,136278900.0
8675600,20230601,218552585,Pupiales,2.3.3.05.08.001,REGION ADMINISTRATIVA DE PLANIFICACION ESPECIAL-RAPE,GASTOS,INVERSION,TRANSFERENCIAS CORRIENTES,A ENTIDADES DEL GOBIERNO,A ESQUEMAS ASOCIATIVOS,REGION ADMINISTRATIVA DE PLANIFICACION ESPECIAL-RAPE,No Aplica,No Aplica,No Aplica,No Aplica,VIGENCIA ACTUAL,ENTIDADES TERRITORIALES - ADMINISTRACION CENTRAL,"SERVICIO DE APOYO FINANCIERO A LOS PLANES, PROGRAMAS Y PROYECTOS DE AGUA POTABLE Y SANEAMIENTO BASICO",No Aplica,NO DEFINIDO,,,2023,Segundo Trimestre,,,,NO APLICA,SGP-AGUA POTABLE Y SANEAMIENTO BASICO,,,,,,NO APLICA,,,,,,CON SITUACION DE FONDOS,NO APLICA,NO APLICA,133022742.0,133022742.0,133022742.0
8676918,20230601,218552585,Pupiales,2.1.1.01.01.001.05,AUXILIO DE TRANSPORTE,GASTOS,FUNCIONAMIENTO,GASTOS DE PERSONAL,PLANTA DE PERSONAL PERMANENTE,FACTORES CONSTITUTIVOS DE SALARIO,FACTORES SALARIALES COMUNES,AUXILIO DE TRANSPORTE,No Aplica,No Aplica,No Aplica,VIGENCIA ACTUAL,ENTIDADES TERRITORIALES - ADMINISTRACION CENTRAL,NO APLICA,No Aplica,NO DEFINIDO,,,2023,Segundo Trimestre,,,,NO APLICA,"SGP-PROPOSITO GENERAL-LIBRE DESTINACION MUNICIPIOS CATEGORIAS 4, 5 Y 6",,,,,,NO APLICA,,,,,,CON SITUACION DE FONDOS,NO APLICA,NO APLICA,11568822.0,11568822.0,11568822.0
8677594,20210301,218552585,Pupiales,2.3.2.02.02,ADQUISICION DE SERVICIOS,GASTOS,INVERSION,ADQUISICION DE BIENES Y SERVICIOS,ADQUISICIONES DIFERENTES DE ACTIVOS,ADQUISICION DE SERVICIOS,No Aplica,No Aplica,No Aplica,No Aplica,No Aplica,VIGENCIA ACTUAL,ENTIDADES TERRITORIALES - ADMINISTRACION CENTRAL,NO DEFINIDO,No Aplica,NO DEFINIDO,,,2021,Primer Trimestre,,,,NO DEFINIDO,NO DEFINIDO,,,,,,NO DEFINIDO,,,,,,NO DEFINIDO,NO DEFINIDO,NO DEFINIDO,5902998668.0,4564955528.0,4536171528.0
8679350,20210601,218552585,Pupiales,2.3.1.01.03.001.01,VACACIONES,GASTOS,INVERSION,GASTOS DE PERSONAL,PLANTA DE PERSONAL PERMANENTE,REMUNERACIONES NO CONSTITUTIVAS DE FACTOR SALARIAL,PRESTACIONES SOCIALES,VACACIONES,No Aplica,No Aplica,No Aplica,VIGENCIA ACTUAL,ENTIDADES TERRITORIALES - ADMINISTRACION CENTRAL,NO APLICA,No Aplica,NO DEFINIDO,,,2021,Segundo Trimestre,,,,NO APLICA,1.2.4.3.03 - SGP-PROPOSITO GENERAL-PROPOSITO GENERAL LIBRE INVERSION,,,,,,NO APLICA,,,,,,CON SITUACION DE FONDOS,DIRECCION NACIONAL DEL TESORO MINISTERIO DE HACIENDA Y CREDITO PUBLICO,NO DEFINIDO,4467931.0,4467931.0,4467931.0
8679841,20211201,218552585,Pupiales,2.3.1.01.02.008,APORTES A LA ESAP,GASTOS,INVERSION,GASTOS DE PERSONAL,PLANTA DE PERSONAL PERMANENTE,CONTRIBUCIONES INHERENTES A LA NOMINA,APORTES A LA ESAP,No Aplica,No Aplica,No Aplica,No Aplica,VIGENCIA ACTUAL,ENTIDADES TERRITORIALES - ADMINISTRACION CENTRAL,NO APLICA,No Aplica,NO DEFINIDO,,,2021,Cuarto Trimestre,,,,NO APLICA,SGP-PROPOSITO GENERAL-PROPOSITO GENERAL LIBRE INVERSION,,,,,,NO APLICA,,,,,,CON SITUACION DE FONDOS,DIRECCION NACIONAL DEL TESORO MINISTERIO DE HACIENDA Y CREDITO PUBLICO,NO DEFINIDO,781357.0,781357.0,781357.0
8679910,20230601,218552585,Pupiales,2.1.1.01.02.007,APORTES AL SENA,GASTOS,FUNCIONAMIENTO,GASTOS DE PERSONAL,PLANTA DE PERSONAL PERMANENTE,CONTRIBUCIONES INHERENTES A LA NOMINA,APORTES AL SENA,No Aplica,No Aplica,No Aplica,No Aplica,VIGENCIA ACTUAL,ENTIDADES TERRITORIALES - ADMINISTRACION CENTRAL,NO APLICA,No Aplica,NO DEFINIDO,,,2023,Segundo Trimestre,,,,NO APLICA,"SGP-PROPOSITO GENERAL-LIBRE DESTINACION MUNICIPIOS CATEGORIAS 4, 5 Y 6",,,,,,NO APLICA,,,,,,CON SITUACION DE FONDOS,SERVICIO NACIONAL DE APRENDIZAJE,NO APLICA,1014019.0,1014019.0,1014019.0
8685533,20230601,218552585,Pupiales,2.3.2.02.02.009,"SERVICIOS PARA LA COMUNIDAD, SOCIALES Y PERSONALES",GASTOS,INVERSION,ADQUISICION DE BIENES Y SERVICIOS,ADQUISICIONES DIFERENTES DE ACTIVOS,ADQUISICION DE SERVICIOS,"SERVICIOS PARA LA COMUNIDAD, SOCIALES Y PERSONALES",No Aplica,No Aplica,No Aplica,No Aplica,VIGENCIA ACTUAL,ENTIDADES TERRITORIALES - ADMINISTRACION CENTRAL,SERVICIO DE ASISTENCIA TECNICA4599031,No Aplica,NO DEFINIDO,,,2023,Segundo Trimestre,,,,SERVICIOS DE LOS ORGANOS DE CONTROL Y OTRAS INSTITUCIONES,SGP-PROPOSITO GENERAL-PROPOSITO GENERAL LIBRE INVERSION,,,,,,NO APLICA,,,,,,CON SITUACION DE FONDOS,NO APLICA,NO APLICA,273713075.0,148120000.0,148120000.0
8685786,20220301,218552585,Pupiales,2.2.2.01.02.002.02.03,BANCA COMERCIAL,GASTOS,SERVICIO DE LA DEUDA PUBLICA,SERVICIO DE LA DEUDA PUBLICA INTERNA,PRINCIPAL,PRESTAMOS,ENTIDADES FINANCIERAS,BANCA COMERCIAL,BANCA COMERCIAL,No Aplica,No Aplica,VIGENCIA ACTUAL,ENTIDADES TERRITORIALES - ADMINISTRACION CENTRAL,NO APLICA,No Aplica,NO DEFINIDO,,,2022,Primer Trimestre,,,,NO APLICA,SGP-PROPOSITO GENERAL-PROPOSITO GENERAL LIBRE INVERSION,,,,,,NO APLICA,,,,,,CON SITUACION DE FONDOS,NO APLICA,NO APLICA,111097910.0,111097910.0,111097910.0
8689566,20220301,218552585,Pupiales,2.1.1.01.03.001,PRESTACIONES SOCIALES,GASTOS,FUNCIONAMIENTO,GASTOS DE PERSONAL,PLANTA DE PERSONAL PERMANENTE,REMUNERACIONES NO CONSTITUTIVAS DE FACTOR SALARIAL,PRESTACIONES SOCIALES,No Aplica,No Aplica,No Aplica,No Aplica,VIGENCIA ACTUAL,ENTIDADES TERRITORIALES - ADMINISTRACION CENTRAL,NO DEFINIDO,No Aplica,NO DEFINIDO,,,2022,Primer Trimestre,,,,NO DEFINIDO,NO DEFINIDO,,,,,,NO DEFINIDO,,,,,,NO DEFINIDO,NO DEFINIDO,NO DEFINIDO,6013982.0,6013982.0,6013982.0
8691853,20210601,218552585,Pupiales,2.1,FUNCIONAMIENTO,GASTOS,FUNCIONAMIENTO,No Aplica,No Aplica,No Aplica,No Aplica,No Aplica,No Aplica,No Aplica,No Aplica,VIGENCIA ACTUAL,ENTIDADES TERRITORIALES - CONCEJO,NO DEFINIDO,No Aplica,NO DEFINIDO,,,2021,Segundo Trimestre,,,,NO DEFINIDO,NO DEFINIDO,,,,,,NO DEFINIDO,,,,,,NO DEFINIDO,NO DEFINIDO,NO DEFINIDO,125822319.0,125822319.0,125822319.0
8695027,20210901,218552585,Pupiales,2.3.1.01.02.001,APORTES A LA SEGURIDAD SOCIAL EN PENSIONES,GASTOS,INVERSION,GASTOS DE PERSONAL,PLANTA DE PERSONAL PERMANENTE,CONTRIBUCIONES INHERENTES A LA NOMINA,APORTES A LA SEGURIDAD SOCIAL EN PENSIONES,No Aplica,No Aplica,No Aplica,No Aplica,VIGENCIA ACTUAL,ENTIDADES TERRITORIALES - ADMINISTRACION CENTRAL,NO APLICA,No Aplica,NO DEFINIDO,,,2021,Tercer Trimestre,,,,NO APLICA,1.2.4.3.03 - SGP-PROPOSITO GENERAL-PROPOSITO GENERAL LIBRE INVERSION,,,,,,NO APLICA,,,,,,CON SITUACION DE FONDOS,DIRECCION NACIONAL DEL TESORO MINISTERIO DE HACIENDA Y CREDITO PUBLICO,NO DEFINIDO,10388134.0,10388134.0,10388134.0
8696048,20210601,218552585,Pupiales,2.1.2,ADQUISICION DE BIENES Y SERVICIOS,GASTOS,FUNCIONAMIENTO,ADQUISICION DE BIENES Y SERVICIOS,No Aplica,No Aplica,No Aplica,No Aplica,No Aplica,No Aplica,No Aplica,VIGENCIA ACTUAL,ENTIDADES TERRITORIALES - ADMINISTRACION CENTRAL,NO DEFINIDO,No Aplica,NO DEFINIDO,,,2021,Segundo Trimestre,,,,NO DEFINIDO,NO DEFINIDO,,,,,,NO DEFINIDO,,,,,,NO DEFINIDO,NO DEFINIDO,NO DEFINIDO,478685678.0,373633183.0,373633183.0
8697629,20211201,218552585,Pupiales,2.1.1.01,PLANTA DE PERSONAL PERMANENTE,GASTOS,FUNCIONAMIENTO,GASTOS DE PERSONAL,PLANTA DE PERSONAL PERMANENTE,No Aplica,No Aplica,No Aplica,No Aplica,No Aplica,No Aplica,VIGENCIA ACTUAL,ENTIDADES TERRITORIALES - ADMINISTRACION CENTRAL,NO DEFINIDO,No Aplica,NO DEFINIDO,,,2021,Cuarto Trimestre,,,,NO DEFINIDO,NO DEFINIDO,,,,,,NO DEFINIDO,,,,,,NO DEFINIDO,NO DEFINIDO,NO DEFINIDO,919232126.0,919232126.0,898036941.0
8699986,20220301,218552585,Pupiales,2.3.2.02.02.006,"COMERCIO Y DISTRIBUCION; ALOJAMIENTO; SERVICIOS DE SUMINISTRO DE COMIDAS Y BEBIDAS; SERVICIOS DE TRANSPORTE; Y SERVICIOS DE DISTRIBUCION DE ELECTRICIDAD, GAS Y AGUA",GASTOS,INVERSION,ADQUISICION DE BIENES Y SERVICIOS,ADQUISICIONES DIFERENTES DE ACTIVOS,ADQUISICION DE SERVICIOS,"COMERCIO Y DISTRIBUCION; ALOJAMIENTO; SERVICIOS DE SUMINISTRO DE COMIDAS Y BEBIDAS; SERVICIOS DE TRANSPORTE; Y SERVICIOS DE DISTRIBUCION DE ELECTRICIDAD, GAS Y AGUA",No Aplica,No Aplica,No Aplica,No Aplica,VIGENCIA ACTUAL,ENTIDADES TERRITORIALES - ADMINISTRACION CENTRAL,SERVICIO DE APOYO FINANCIERO AL CONSUMO DEL SERVICIO DE ENERGIA ELECTRICA DEL SISTEMA INTERCONECTADO NACIONAL,No Aplica,NO DEFINIDO,,,2022,Primer Trimestre,,,,OTROS SERVICIOS ADMINISTRATIVOS DEL GOBIERNO N C P,SGP-PROPOSITO GENERAL-PROPOSITO GENERAL LIBRE INVERSION,,,,,,NO APLICA,,,,,,CON SITUACION DE FONDOS,DIRECCION NACIONAL DEL TESORO MINISTERIO DE HACIENDA Y CREDITO PUBLICO,NO APLICA,198195230.0,80562800.0,80562800.0
8701621,20220601,218552585,Pupiales,2.1.1.01.01.001,FACTORES SALARIALES COMUNES,GASTOS,FUNCIONAMIENTO,GASTOS DE PERSONAL,PLANTA DE PERSONAL PERMANENTE,FACTORES CONSTITUTIVOS DE SALARIO,FACTORES SALARIALES COMUNES,No Aplica,No Aplica,No Aplica,No Aplica,VIGENCIA ACTUAL,ENTIDADES TERRITORIALES - CONCEJO,NO DEFINIDO,No Aplica,NO DEFINIDO,,,2022,Segundo Trimestre,,,,NO DEFINIDO,NO DEFINIDO,,,,,,NO DEFINIDO,,,,,,NO DEFINIDO,NO DEFINIDO,NO DEFINIDO,20528003.0,20528003.0,20528003.0
8702328,20211201,218552585,Pupiales,2.1.2.02.01.003,"OTROS BIENES TRANSPORTABLES EXCEPTO PRODUCTOS METALICOS, MAQUINARIA Y EQUIPO",GASTOS,FUNCIONAMIENTO,ADQUISICION DE BIENES Y SERVICIOS,ADQUISICIONES DIFERENTES DE ACTIVOS,MATERIALES Y SUMINISTROS,"OTROS BIENES TRANSPORTABLES EXCEPTO PRODUCTOS METALICOS, MAQUINARIA Y EQUIPO",No Aplica,No Aplica,No Aplica,No Aplica,VIGENCIA ACTUAL,ENTIDADES TERRITORIALES - ADMINISTRACION CENTRAL,NO APLICA,No Aplica,NO DEFINIDO,,,2021,Cuarto Trimestre,,,,OTROS SERVICIOS DIVERSOS N C P,INGRESOS CORRIENTES DE LIBRE DESTINACION,,,,,,NO APLICA,,,,,,CON SITUACION DE FONDOS,NO APLICA,NO DEFINIDO,42493100.0,42493100.0,42493100.0
8707731,20211201,218552585,Pupiales,2.3.1.01.02,CONTRIBUCIONES INHERENTES A LA NOMINA,GASTOS,INVERSION,GASTOS DE PERSONAL,PLANTA DE PERSONAL PERMANENTE,CONTRIBUCIONES INHERENTES A LA NOMINA,No Aplica,No Aplica,No Aplica,No Aplica,No Aplica,VIGENCIA ACTUAL,ENTIDADES TERRITORIALES - ADMINISTRACION CENTRAL,NO DEFINIDO,No Aplica,NO DEFINIDO,,,2021,Cuarto Trimestre,,,,NO DEFINIDO,NO DEFINIDO,,,,,,NO DEFINIDO,,,,,,NO DEFINIDO,NO DEFINIDO,NO DEFINIDO,36619782.0,36619782.0,34988511.0
8708065,20220901,218552585,Pupiales,2.3.3.01.02.004,SUBVENCIONES PARA SERVICIOS PUBLICOS DOMICILIARIOS DE AGUA POTABLE Y SANEAMIENTO BASICO,GASTOS,INVERSION,TRANSFERENCIAS CORRIENTES,SUBVENCIONES,A EMPRESAS PUBLICAS NO FINANCIERAS,SUBVENCIONES PARA SERVICIOS PUBLICOS DOMICILIARIOS DE AGUA POTABLE Y SANEAMIENTO BASICO,No Aplica,No Aplica,No Aplica,No Aplica,VIGENCIA ACTUAL,ENTIDADES TERRITORIALES - ADMINISTRACION CENTRAL,NO DEFINIDO,No Aplica,NO DEFINIDO,,,2022,Tercer Trimestre,,,,NO DEFINIDO,NO DEFINIDO,,,,,,NO DEFINIDO,,,,,,NO DEFINIDO,NO DEFINIDO,NO DEFINIDO,491892532.0,307043528.0,307043528.0
8710835,20230601,218552585,Pupiales,2.1.1.01.03.004,BONIFICACION DE GESTION TERRITORIAL PARA ALCALDES,GASTOS,FUNCIONAMIENTO,GASTOS DE PERSONAL,PLANTA DE PERSONAL PERMANENTE,REMUNERACIONES NO CONSTITUTIVAS DE FACTOR SALARIAL,BONIFICACION DE GESTION TERRITORIAL PARA ALCALDES,No Aplica,No Aplica,No Aplica,No Aplica,VIGENCIA ACTUAL,ENTIDADES TERRITORIALES - ADMINISTRACION CENTRAL,NO APLICA,No Aplica,NO DEFINIDO,,,2023,Segundo Trimestre,,,,NO APLICA,"SGP-PROPOSITO GENERAL-LIBRE DESTINACION MUNICIPIOS CATEGORIAS 4, 5 Y 6",,,,,,NO APLICA,,,,,,CON SITUACION DE FONDOS,NO APLICA,NO APLICA,3517755.0,3517755.0,3517755.0
8711079,20210901,218552585,Pupiales,2.3.1.01.01.001.08,PRESTACIONES SOCIALES,GASTOS,INVERSION,GASTOS DE PERSONAL,PLANTA DE PERSONAL PERMANENTE,FACTORES CONSTITUTIVOS DE SALARIO,FACTORES SALARIALES COMUNES,PRESTACIONES SOCIALES,No Aplica,No Aplica,No Aplica,VIGENCIA ACTUAL,ENTIDADES TERRITORIALES - ADMINISTRACION CENTRAL,NO DEFINIDO,No Aplica,NO DEFINIDO,,,2021,Tercer Trimestre,,,,NO DEFINIDO,NO DEFINIDO,,,,,,NO DEFINIDO,,,,,,NO DEFINIDO,NO DEFINIDO,NO DEFINIDO,5587070.0,5587070.0,5587070.0
8714221,20220301,218552585,Pupiales,2.1.3.13.01.001,SENTENCIAS,GASTOS,FUNCIONAMIENTO,TRANSFERENCIAS CORRIENTES,SENTENCIAS Y CONCILIACIONES,FALLOS NACIONALES,SENTENCIAS,No Aplica,No Aplica,No Aplica,No Aplica,VIGENCIA ACTUAL,ENTIDADES TERRITORIALES - ADMINISTRACION CENTRAL,NO APLICA,No Aplica,NO DEFINIDO,,,2022,Primer Trimestre,,,,NO APLICA,"SGP-PROPOSITO GENERAL-LIBRE DESTINACION MUNICIPIOS CATEGORIAS 4, 5 Y 6",,,,,,NO APLICA,,,,,,CON SITUACION DE FONDOS,NO APLICA,NO APLICA,13993200.0,13993200.0,13993200.0
8715484,20220601,218552585,Pupiales,2.3.1.01.01.001.01,SUELDO BASICO,GASTOS,INVERSION,GASTOS DE PERSONAL,PLANTA DE PERSONAL PERMANENTE,FACTORES CONSTITUTIVOS DE SALARIO,FACTORES SALARIALES COMUNES,SUELDO BASICO,No Aplica,No Aplica,No Aplica,VIGENCIA ACTUAL,ENTIDADES TERRITORIALES - ADMINISTRACION CENTRAL,NO APLICA,No Aplica,NO DEFINIDO,,,2022,Segundo Trimestre,,,,NO APLICA,SGP-PROPOSITO GENERAL-PROPOSITO GENERAL LIBRE INVERSION,,,,,,NO APLICA,,,,,,CON SITUACION DE FONDOS,DIRECCION NACIONAL DEL TESORO MINISTERIO DE HACIENDA Y CREDITO PUBLICO,NO APLICA,90339044.0,75135951.0,75135951.0
8722127,20230301,218552585,Pupiales,2.1.1.01.03.001.02,INDEMNIZACION POR VACACIONES,GASTOS,FUNCIONAMIENTO,GASTOS DE PERSONAL,PLANTA DE PERSONAL PERMANENTE,REMUNERACIONES NO CONSTITUTIVAS DE FACTOR SALARIAL,PRESTACIONES SOCIALES,INDEMNIZACION POR VACACIONES,No Aplica,No Aplica,No Aplica,VIGENCIA ACTUAL,ENTIDADES TERRITORIALES - ADMINISTRACION CENTRAL,NO APLICA,No Aplica,NO DEFINIDO,,,2023,Primer Trimestre,,,,NO APLICA,"SGP-PROPOSITO GENERAL-LIBRE DESTINACION MUNICIPIOS CATEGORIAS 4, 5 Y 6",,,,,,NO APLICA,,,,,,CON SITUACION DE FONDOS,NO APLICA,NO APLICA,6915946.0,6915946.0,6915946.0
8722128,20220901,218552585,Pupiales,2.3.2.02.02.009,"SERVICIOS PARA LA COMUNIDAD, SOCIALES Y PERSONALES",GASTOS,INVERSION,ADQUISICION DE BIENES Y SERVICIOS,ADQUISICIONES DIFERENTES DE ACTIVOS,ADQUISICION DE SERVICIOS,"SERVICIOS PARA LA COMUNIDAD, SOCIALES Y PERSONALES",No Aplica,No Aplica,No Aplica,No Aplica,VIGENCIA ACTUAL,ENTIDADES TERRITORIALES - ADMINISTRACION CENTRAL,SERVICIO DE PROMOCION DE ACTIVIDADES CULTURALES.,2021525850021,NO DEFINIDO,,,2022,Tercer Trimestre,,,,OTROS SERVICIOS DE LA ADMINISTRACION PUBLICA N C P,ESTAMPILLAS,,,,,,NO APLICA,,,,,,CON SITUACION DE FONDOS,NO APLICA,NO APLICA,63176752.0,63176752.0,63176752.0
8725275,20230301,218552585,Pupiales,2.1.2.02.02.010,VIATICOS DE LOS FUNCIONARIOS EN COMISION,GASTOS,FUNCIONAMIENTO,ADQUISICION DE BIENES Y SERVICIOS,ADQUISICIONES DIFERENTES DE ACTIVOS,ADQUISICION DE SERVICIOS,VIATICOS DE LOS FUNCIONARIOS EN COMISION,No Aplica,No Aplica,No Aplica,No Aplica,VIGENCIA ACTUAL,ENTIDADES TERRITORIALES - ADMINISTRACION CENTRAL,NO APLICA,No Aplica,NO DEFINIDO,,,2023,Primer Trimestre,,,,SERVICIOS DE TRANSPORTE TERRESTRE ESPECIAL LOCAL DE PASAJEROS,"SGP-PROPOSITO GENERAL-LIBRE DESTINACION MUNICIPIOS CATEGORIAS 4, 5 Y 6",,,,,,NO APLICA,,,,,,CON SITUACION DE FONDOS,NO APLICA,NO APLICA,84400.0,84400.0,79962.0
8726606,20210301,218552585,Pupiales,2.3.2.02.01,MATERIALES Y SUMINISTROS,GASTOS,INVERSION,ADQUISICION DE BIENES Y SERVICIOS,ADQUISICIONES DIFERENTES DE ACTIVOS,MATERIALES Y SUMINISTROS,No Aplica,No Aplica,No Aplica,No Aplica,No Aplica,VIGENCIA ACTUAL,ENTIDADES TERRITORIALES - ADMINISTRACION CENTRAL,NO DEFINIDO,No Aplica,NO DEFINIDO,,,2021,Primer Trimestre,,,,NO DEFINIDO,NO DEFINIDO,,,,,,NO DEFINIDO,,,,,,NO DEFINIDO,NO DEFINIDO,NO DEFINIDO,160000000.0,80000000.0,80000000.0
8728199,20230301,218552585,Pupiales,2.1.3,TRANSFERENCIAS CORRIENTES,GASTOS,FUNCIONAMIENTO,TRANSFERENCIAS CORRIENTES,No Aplica,No Aplica,No Aplica,No Aplica,No Aplica,No Aplica,No Aplica,CUENTAS POR PAGAR,ENTIDADES TERRITORIALES - ADMINISTRACION CENTRAL,NO DEFINIDO,No Aplica,NO DEFINIDO,,,2023,Primer Trimestre,,,,NO DEFINIDO,NO DEFINIDO,,,,,,NO DEFINIDO,,,,,,NO DEFINIDO,NO DEFINIDO,NO DEFINIDO,481959.0,481959.0,481959.0
8729850,20220901,218552585,Pupiales,2.3.2.02.02.006,"COMERCIO Y DISTRIBUCION; ALOJAMIENTO; SERVICIOS DE SUMINISTRO DE COMIDAS Y BEBIDAS; SERVICIOS DE TRANSPORTE; Y SERVICIOS DE DISTRIBUCION DE ELECTRICIDAD, GAS Y AGUA",GASTOS,INVERSION,ADQUISICION DE BIENES Y SERVICIOS,ADQUISICIONES DIFERENTES DE ACTIVOS,ADQUISICION DE SERVICIOS,"COMERCIO Y DISTRIBUCION; ALOJAMIENTO; SERVICIOS DE SUMINISTRO DE COMIDAS Y BEBIDAS; SERVICIOS DE TRANSPORTE; Y SERVICIOS DE DISTRIBUCION DE ELECTRICIDAD, GAS Y AGUA",No Aplica,No Aplica,No Aplica,No Aplica,VIGENCIA ACTUAL,ENTIDADES TERRITORIALES - ADMINISTRACION CENTRAL,"SERVICIO DE FOMENTO PARA EL ACCESO A LA EDUCACION INICIAL, PREESCOLAR, BASICA Y MEDIA.",No Aplica,NO DEFINIDO,,,2022,Tercer Trimestre,,,,OTROS SERVICIOS DE LA ADMINISTRACION PUBLICA N C P,R.B. OTRAS CONTRIBUCIONES,,,,,,NO APLICA,,,,,,CON SITUACION DE FONDOS,NO APLICA,NO APLICA,14527000.0,14527000.0,14527000.0
8731139,20220601,218552585,Pupiales,2.1.1,GASTOS DE PERSONAL,GASTOS,FUNCIONAMIENTO,GASTOS DE PERSONAL,No Aplica,No Aplica,No Aplica,No Aplica,No Aplica,No Aplica,No Aplica,VIGENCIA ACTUAL,ENTIDADES TERRITORIALES - CONCEJO,NO DEFINIDO,No Aplica,NO DEFINIDO,,,2022,Segundo Trimestre,,,,NO DEFINIDO,NO DEFINIDO,,,,,,NO DEFINIDO,,,,,,NO DEFINIDO,NO DEFINIDO,NO DEFINIDO,99880059.0,99880059.0,99880059.0
8733140,20210901,218552585,Pupiales,2.3.1.01.01.001.08.02,PRIMA DE VACACIONES,GASTOS,INVERSION,GASTOS DE PERSONAL,PLANTA DE PERSONAL PERMANENTE,FACTORES CONSTITUTIVOS DE SALARIO,FACTORES SALARIALES COMUNES,PRESTACIONES SOCIALES,PRIMA DE VACACIONES,No Aplica,No Aplica,VIGENCIA ACTUAL,ENTIDADES TERRITORIALES - ADMINISTRACION CENTRAL,NO APLICA,No Aplica,NO DEFINIDO,,,2021,Tercer Trimestre,,,,NO APLICA,1.2.4.3.03 - SGP-PROPOSITO GENERAL-PROPOSITO GENERAL LIBRE INVERSION,,,,,,NO APLICA,,,,,,CON SITUACION DE FONDOS,DIRECCION NACIONAL DEL TESORO MINISTERIO DE HACIENDA Y CREDITO PUBLICO,NO DEFINIDO,5587070.0,5587070.0,5587070.0
8734171,20230601,218552585,Pupiales,2.3.2.02.02.009,"SERVICIOS PARA LA COMUNIDAD, SOCIALES Y PERSONALES",GASTOS,INVERSION,ADQUISICION DE BIENES Y SERVICIOS,ADQUISICIONES DIFERENTES DE ACTIVOS,ADQUISICION DE SERVICIOS,"SERVICIOS PARA LA COMUNIDAD, SOCIALES Y PERSONALES",No Aplica,No Aplica,No Aplica,No Aplica,VIGENCIA ACTUAL,ENTIDADES TERRITORIALES - ADMINISTRACION CENTRAL,VIA TERCIARIA MEJORADA,No Aplica,NO DEFINIDO,,,2023,Segundo Trimestre,,,,SERVICIOS DE LOS ORGANOS DE CONTROL Y OTRAS INSTITUCIONES,RECURSOS DEL BALANCE DE LIBRE DESTINACION,,,,,,NO APLICA,,,,,,CON SITUACION DE FONDOS,NO APLICA,NO APLICA,4400000.0,0.0,0.0
8735860,20230601,218552585,Pupiales,2.3.2.01,ADQUISICION DE ACTIVOS NO FINANCIEROS,GASTOS,INVERSION,ADQUISICION DE BIENES Y SERVICIOS,ADQUISICION DE ACTIVOS NO FINANCIEROS,No Aplica,No Aplica,No Aplica,No Aplica,No Aplica,No Aplica,VIGENCIA ACTUAL,ENTIDADES TERRITORIALES - ADMINISTRACION CENTRAL,NO DEFINIDO,No Aplica,NO DEFINIDO,,,2023,Segundo Trimestre,,,,NO DEFINIDO,NO DEFINIDO,,,,,,NO DEFINIDO,,,,,,NO DEFINIDO,NO DEFINIDO,NO DEFINIDO,216305197.0,26988255.0,26988255.0
8736193,20210901,218552585,Pupiales,2.3.1.01.01.001.05,AUXILIO DE TRANSPORTE,GASTOS,INVERSION,GASTOS DE PERSONAL,PLANTA DE PERSONAL PERMANENTE,FACTORES CONSTITUTIVOS DE SALARIO,FACTORES SALARIALES COMUNES,AUXILIO DE TRANSPORTE,No Aplica,No Aplica,No Aplica,VIGENCIA ACTUAL,ENTIDADES TERRITORIALES - ADMINISTRACION CENTRAL,NO APLICA,No Aplica,NO DEFINIDO,,,2021,Tercer Trimestre,,,,NO APLICA,1.2.4.3.03 - SGP-PROPOSITO GENERAL-PROPOSITO GENERAL LIBRE INVERSION,,,,,,NO APLICA,,,,,,CON SITUACION DE FONDOS,DIRECCION NACIONAL DEL TESORO MINISTERIO DE HACIENDA Y CREDITO PUBLICO,NO DEFINIDO,9034309.0,9034309.0,9034309.0
8736462,20211201,218552585,Pupiales,2.3.1.01.01,FACTORES CONSTITUTIVOS DE SALARIO,GASTOS,INVERSION,GASTOS DE PERSONAL,PLANTA DE PERSONAL PERMANENTE,FACTORES CONSTITUTIVOS DE SALARIO,No Aplica,No Aplica,No Aplica,No Aplica,No Aplica,VIGENCIA ACTUAL,ENTIDADES TERRITORIALES - ADMINISTRACION CENTRAL,NO DEFINIDO,No Aplica,NO DEFINIDO,,,2021,Cuarto Trimestre,,,,NO DEFINIDO,NO DEFINIDO,,,,,,NO DEFINIDO,,,,,,NO DEFINIDO,NO DEFINIDO,NO DEFINIDO,200861598.0,200861598.0,200861598.0
8737776,20211201,218552585,Pupiales,2.3.2.02.02.009,"SERVICIOS PARA LA COMUNIDAD, SOCIALES Y PERSONALES",GASTOS,INVERSION,ADQUISICION DE BIENES Y SERVICIOS,ADQUISICIONES DIFERENTES DE ACTIVOS,ADQUISICION DE SERVICIOS,"SERVICIOS PARA LA COMUNIDAD, SOCIALES Y PERSONALES",No Aplica,No Aplica,No Aplica,No Aplica,VIGENCIA ACTUAL,ENTIDADES TERRITORIALES - ADMINISTRACION CENTRAL,"SERVICIO DE APOYO A LA ACTIVIDAD FISICA, LA RECREACION Y EL DEPORTE",2021525850010,NO DEFINIDO,,,2021,Cuarto Trimestre,,,,OTROS SERVICIOS DIVERSOS N C P,SGP-PROPOSITO GENERAL-DEPORTE Y RECREACION,,,,,,NO APLICA,,,,,,CON SITUACION DE FONDOS,DIRECCION NACIONAL DEL TESORO MINISTERIO DE HACIENDA Y CREDITO PUBLICO,NO DEFINIDO,14213000.0,14213000.0,14213000.0
8740671,20211201,218552585,Pupiales,2.3.4.03,COMPENSACIONES DE CAPITAL,GASTOS,INVERSION,TRANSFERENCIAS DE CAPITAL,COMPENSACIONES DE CAPITAL,No Aplica,No Aplica,No Aplica,No Aplica,No Aplica,No Aplica,VIGENCIA ACTUAL,ENTIDADES TERRITORIALES - ADMINISTRACION CENTRAL,HOSPITALES DE PRIMER NIVEL DE ATENCION ADECUADOS,No Aplica,NO DEFINIDO,,,2021,Cuarto Trimestre,,,,NO APLICA,VENTA DE BIENES Y SERVICIOS CON DESTINACION ESPECIFICA LEGAL,,,,,,NO APLICA,,,,,,CON SITUACION DE FONDOS,NO APLICA,NO DEFINIDO,200000000.0,0.0,0.0
8740746,20230301,218552585,Pupiales,2.3,INVERSION,GASTOS,INVERSION,No Aplica,No Aplica,No Aplica,No Aplica,No Aplica,No Aplica,No Aplica,No Aplica,VIGENCIA ACTUAL,ENTIDADES TERRITORIALES - ADMINISTRACION CENTRAL,NO DEFINIDO,No Aplica,NO DEFINIDO,,,2023,Primer Trimestre,,,,NO DEFINIDO,NO DEFINIDO,,,,,,NO DEFINIDO,,,,,,NO DEFINIDO,NO DEFINIDO,NO DEFINIDO,4087294526.0,3041665478.0,2782126873.0
8746572,20220901,218552585,Pupiales,2.3.3.05,A ENTIDADES DEL GOBIERNO,GASTOS,INVERSION,TRANSFERENCIAS CORRIENTES,A ENTIDADES DEL GOBIERNO,No Aplica,No Aplica,No Aplica,No Aplica,No Aplica,No Aplica,VIGENCIA ACTUAL,ENTIDADES TERRITORIALES - ADMINISTRACION CENTRAL,NO DEFINIDO,No Aplica,NO DEFINIDO,,,2022,Tercer Trimestre,,,,NO DEFINIDO,NO DEFINIDO,,,,,,NO DEFINIDO,,,,,,NO DEFINIDO,NO DEFINIDO,NO DEFINIDO,250000048.0,234810001.0,234810001.0
8747287,20211201,218552585,Pupiales,2.3.3.05.07,A ENTIDADES TERRITORIALES DISTINTAS DE COMPENSACIONES Y PARTICIPACIONES,GASTOS,INVERSION,TRANSFERENCIAS CORRIENTES,A ENTIDADES DEL GOBIERNO,A ENTIDADES TERRITORIALES DISTINTAS DE COMPENSACIONES Y PARTICIPACIONES,No Aplica,No Aplica,No Aplica,No Aplica,No Aplica,VIGENCIA ACTUAL,ENTIDADES TERRITORIALES - ADMINISTRACION CENTRAL,NO DEFINIDO,No Aplica,NO DEFINIDO,,,2021,Cuarto Trimestre,,,,NO DEFINIDO,NO DEFINIDO,,,,,,NO DEFINIDO,,,,,,NO DEFINIDO,NO DEFINIDO,NO DEFINIDO,77925061.0,77925061.0,77925061.0
8747304,20230301,218552585,Pupiales,2.3.2.02.01,MATERIALES Y SUMINISTROS,GASTOS,INVERSION,ADQUISICION DE BIENES Y SERVICIOS,ADQUISICIONES DIFERENTES DE ACTIVOS,MATERIALES Y SUMINISTROS,No Aplica,No Aplica,No Aplica,No Aplica,No Aplica,VIGENCIA ACTUAL,ENTIDADES TERRITORIALES - ADMINISTRACION CENTRAL,NO DEFINIDO,No Aplica,NO DEFINIDO,,,2023,Primer Trimestre,,,,NO DEFINIDO,NO DEFINIDO,,,,,,NO DEFINIDO,,,,,,NO DEFINIDO,NO DEFINIDO,NO DEFINIDO,41603000.0,41603000.0,39623000.0
8748838,20230301,218552585,Pupiales,2.1.2,ADQUISICION DE BIENES Y SERVICIOS,GASTOS,FUNCIONAMIENTO,ADQUISICION DE BIENES Y SERVICIOS,No Aplica,No Aplica,No Aplica,No Aplica,No Aplica,No Aplica,No Aplica,CUENTAS POR PAGAR,ENTIDADES TERRITORIALES - ADMINISTRACION CENTRAL,NO DEFINIDO,No Aplica,NO DEFINIDO,,,2023,Primer Trimestre,,,,NO DEFINIDO,NO DEFINIDO,,,,,,NO DEFINIDO,,,,,,NO DEFINIDO,NO DEFINIDO,NO DEFINIDO,1800000.0,1800000.0,0.0
8749529,20220301,218552585,Pupiales,2.3.3.01.02.004.02,SUBSIDIOS DE ALCANTARILLADO,GASTOS,INVERSION,TRANSFERENCIAS CORRIENTES,SUBVENCIONES,A EMPRESAS PUBLICAS NO FINANCIERAS,SUBVENCIONES PARA SERVICIOS PUBLICOS DOMICILIARIOS DE AGUA POTABLE Y SANEAMIENTO BASICO,SUBSIDIOS DE ALCANTARILLADO,No Aplica,No Aplica,No Aplica,VIGENCIA ACTUAL,ENTIDADES TERRITORIALES - ADMINISTRACION CENTRAL,SERVICIO DE APOYO FINANCIERO PARA SUBSIDIOS AL CONSUMO EN LOS SERVICIOS PUBLICOS DOMICILIARIOS,2021525850015,NO DEFINIDO,,,2022,Primer Trimestre,,,,NO APLICA,SGP-AGUA POTABLE Y SANEAMIENTO BASICO,,,,,,NO APLICA,,,,,,CON SITUACION DE FONDOS,DIRECCION NACIONAL DEL TESORO MINISTERIO DE HACIENDA Y CREDITO PUBLICO,NO APLICA,80609104.0,13213360.0,13213360.0
8751288,20230301,218552585,Pupiales,2.3.2.02,ADQUISICIONES DIFERENTES DE ACTIVOS,GASTOS,INVERSION,ADQUISICION DE BIENES Y SERVICIOS,ADQUISICIONES DIFERENTES DE ACTIVOS,No Aplica,No Aplica,No Aplica,No Aplica,No Aplica,No Aplica,RESERVAS,ENTIDADES TERRITORIALES - ADMINISTRACION CENTRAL,NO DEFINIDO,No Aplica,NO DEFINIDO,,,2023,Primer Trimestre,,,,NO DEFINIDO,NO DEFINIDO,,,,,,NO DEFINIDO,,,,,,NO DEFINIDO,NO DEFINIDO,NO DEFINIDO,3952024126.0,243286453.0,243286453.0
8755356,20220901,218552585,Pupiales,2.1.3,TRANSFERENCIAS CORRIENTES,GASTOS,FUNCIONAMIENTO,TRANSFERENCIAS CORRIENTES,No Aplica,No Aplica,No Aplica,No Aplica,No Aplica,No Aplica,No Aplica,VIGENCIA ACTUAL,ENTIDADES TERRITORIALES - ADMINISTRACION CENTRAL,NO DEFINIDO,No Aplica,NO DEFINIDO,,,2022,Tercer Trimestre,,,,NO DEFINIDO,NO DEFINIDO,,,,,,NO DEFINIDO,,,,,,NO DEFINIDO,NO DEFINIDO,NO DEFINIDO,151170876.0,151170876.0,58993200.0
8757871,20220601,218552585,Pupiales,2.3.2.02.02.009,"SERVICIOS PARA LA COMUNIDAD, SOCIALES Y PERSONALES",GASTOS,INVERSION,ADQUISICION DE BIENES Y SERVICIOS,ADQUISICIONES DIFERENTES DE ACTIVOS,ADQUISICION DE SERVICIOS,"SERVICIOS PARA LA COMUNIDAD, SOCIALES Y PERSONALES",No Aplica,No Aplica,No Aplica,No Aplica,VIGENCIA ACTUAL,ENTIDADES TERRITORIALES - ADMINISTRACION CENTRAL,NO APLICA,No Aplica,NO DEFINIDO,,,2022,Segundo Trimestre,,,,OTROS SERVICIOS DIVERSOS N C P,RECURSOS DEL BALANCE DE LIBRE DESTINACION,,,,,,NO APLICA,,,,,,CON SITUACION DE FONDOS,NO APLICA,NO APLICA,57270000.0,57270000.0,57270000.0
8759220,20210901,218552585,Pupiales,2.3,INVERSION,GASTOS,INVERSION,No Aplica,No Aplica,No Aplica,No Aplica,No Aplica,No Aplica,No Aplica,No Aplica,VIGENCIA ACTUAL,ENTIDADES TERRITORIALES - ADMINISTRACION CENTRAL,NO DEFINIDO,No Aplica,NO DEFINIDO,,,2021,Tercer Trimestre,,,,NO DEFINIDO,NO DEFINIDO,,,,,,NO DEFINIDO,,,,,,NO DEFINIDO,NO DEFINIDO,NO DEFINIDO,20696029275.0,16519784374.0,16466212588.0
8763103,20230301,218552585,Pupiales,2.3.2.02.02.009,"SERVICIOS PARA LA COMUNIDAD, SOCIALES Y PERSONALES",GASTOS,INVERSION,ADQUISICION DE BIENES Y SERVICIOS,ADQUISICIONES DIFERENTES DE ACTIVOS,ADQUISICION DE SERVICIOS,"SERVICIOS PARA LA COMUNIDAD, SOCIALES Y PERSONALES",No Aplica,No Aplica,No Aplica,No Aplica,CUENTAS POR PAGAR,ENTIDADES TERRITORIALES - ADMINISTRACION CENTRAL,SERVICIO DE ASISTENCIA TECNICA4599031,No Aplica,NO DEFINIDO,,,2023,Primer Trimestre,,,,SERVICIOS EJECUTIVOS DE LA ADMINISTRACION PUBLICA,"SGP-PROPOSITO GENERAL-LIBRE DESTINACION MUNICIPIOS CATEGORIAS 4, 5 Y 6",,,,,,NO APLICA,,,,,,CON SITUACION DE FONDOS,NO APLICA,NO APLICA,413217.0,413217.0,300521.0
8764527,20220901,218552585,Pupiales,2.1.2.02,ADQUISICIONES DIFERENTES DE ACTIVOS,GASTOS,FUNCIONAMIENTO,ADQUISICION DE BIENES Y SERVICIOS,ADQUISICIONES DIFERENTES DE ACTIVOS,No Aplica,No Aplica,No Aplica,No Aplica,No Aplica,No Aplica,VIGENCIA ACTUAL,ENTIDADES TERRITORIALES - ADMINISTRACION CENTRAL,NO DEFINIDO,No Aplica,NO DEFINIDO,,,2022,Tercer Trimestre,,,,NO DEFINIDO,NO DEFINIDO,,,,,,NO DEFINIDO,,,,,,NO DEFINIDO,NO DEFINIDO,NO DEFINIDO,732930569.0,652599997.0,652507003.0
8764809,20211201,218552585,Pupiales,2.1.3,TRANSFERENCIAS CORRIENTES,GASTOS,FUNCIONAMIENTO,TRANSFERENCIAS CORRIENTES,No Aplica,No Aplica,No Aplica,No Aplica,No Aplica,No Aplica,No Aplica,VIGENCIA ACTUAL,ENTIDADES TERRITORIALES - ADMINISTRACION CENTRAL,NO DEFINIDO,No Aplica,NO DEFINIDO,,,2021,Cuarto Trimestre,,,,NO DEFINIDO,NO DEFINIDO,,,,,,NO DEFINIDO,,,,,,NO DEFINIDO,NO DEFINIDO,NO DEFINIDO,180343209.0,180343209.0,168329303.0
8764965,20221201,218552585,Pupiales,2.2.2.02,INTERESES,GASTOS,SERVICIO DE LA DEUDA PUBLICA,SERVICIO DE LA DEUDA PUBLICA INTERNA,INTERESES,No Aplica,No Aplica,No Aplica,No Aplica,No Aplica,No Aplica,VIGENCIA ACTUAL,ENTIDADES TERRITORIALES - ADMINISTRACION CENTRAL,NO DEFINIDO,No Aplica,NO DEFINIDO,,,2022,Cuarto Trimestre,,,,NO DEFINIDO,NO DEFINIDO,,,,,,NO DEFINIDO,,,,,,NO DEFINIDO,NO DEFINIDO,NO DEFINIDO,124537119.0,124537119.0,124537119.0
8769537,20221201,218552585,Pupiales,2.3.2.02.02.009,"SERVICIOS PARA LA COMUNIDAD, SOCIALES Y PERSONALES",GASTOS,INVERSION,ADQUISICION DE BIENES Y SERVICIOS,ADQUISICIONES DIFERENTES DE ACTIVOS,ADQUISICION DE SERVICIOS,"SERVICIOS PARA LA COMUNIDAD, SOCIALES Y PERSONALES",No Aplica,No Aplica,No Aplica,No Aplica,VIGENCIA ACTUAL,ENTIDADES TERRITORIALES - ADMINISTRACION CENTRAL,"SERVICIO DE APOYO FINANCIERO A LOS PLANES, PROGRAMAS Y PROYECTOS DE AGUA POTABLE Y SANEAMIENTO BASICO",No Aplica,NO DEFINIDO,,,2022,Cuarto Trimestre,,,,OTROS SERVICIOS DE LA ADMINISTRACION PUBLICA N C P,SGP-AGUA POTABLE Y SANEAMIENTO BASICO,,,,,,NO APLICA,,,,,,CON SITUACION DE FONDOS,DIRECCION NACIONAL DEL TESORO MINISTERIO DE HACIENDA Y CREDITO PUBLICO,NO APLICA,28000000.0,28000000.0,14000000.0
8769876,20220901,218552585,Pupiales,2.1.1.01.01.001,FACTORES SALARIALES COMUNES,GASTOS,FUNCIONAMIENTO,GASTOS DE PERSONAL,PLANTA DE PERSONAL PERMANENTE,FACTORES CONSTITUTIVOS DE SALARIO,FACTORES SALARIALES COMUNES,No Aplica,No Aplica,No Aplica,No Aplica,VIGENCIA ACTUAL,ENTIDADES TERRITORIALES - CONCEJO,NO DEFINIDO,No Aplica,NO DEFINIDO,,,2022,Tercer Trimestre,,,,NO DEFINIDO,NO DEFINIDO,,,,,,NO DEFINIDO,,,,,,NO DEFINIDO,NO DEFINIDO,NO DEFINIDO,33423176.0,33423176.0,33423176.0
8772504,20221201,218552585,Pupiales,2.1.3.13,SENTENCIAS Y CONCILIACIONES,GASTOS,FUNCIONAMIENTO,TRANSFERENCIAS CORRIENTES,SENTENCIAS Y CONCILIACIONES,No Aplica,No Aplica,No Aplica,No Aplica,No Aplica,No Aplica,VIGENCIA ACTUAL,ENTIDADES TERRITORIALES - ADMINISTRACION CENTRAL,NO DEFINIDO,No Aplica,NO DEFINIDO,,,2022,Cuarto Trimestre,,,,NO DEFINIDO,NO DEFINIDO,,,,,,NO DEFINIDO,,,,,,NO DEFINIDO,NO DEFINIDO,NO DEFINIDO,13993200.0,13993200.0,13993200.0
8772745,20230301,218552585,Pupiales,2.1.1.01.01.001.08.02,PRIMA DE VACACIONES,GASTOS,FUNCIONAMIENTO,GASTOS DE PERSONAL,PLANTA DE PERSONAL PERMANENTE,FACTORES CONSTITUTIVOS DE SALARIO,FACTORES SALARIALES COMUNES,PRESTACIONES SOCIALES,PRIMA DE VACACIONES,No Aplica,No Aplica,VIGENCIA ACTUAL,ENTIDADES TERRITORIALES - ADMINISTRACION CENTRAL,NO APLICA,No Aplica,NO DEFINIDO,,,2023,Primer Trimestre,,,,NO APLICA,"SGP-PROPOSITO GENERAL-LIBRE DESTINACION MUNICIPIOS CATEGORIAS 4, 5 Y 6",,,,,,NO APLICA,,,,,,CON SITUACION DE FONDOS,NO APLICA,NO APLICA,8969037.0,8969037.0,8969037.0
8773558,20211201,218552585,Pupiales,2.1,FUNCIONAMIENTO,GASTOS,FUNCIONAMIENTO,No Aplica,No Aplica,No Aplica,No Aplica,No Aplica,No Aplica,No Aplica,No Aplica,VIGENCIA ACTUAL,ENTIDADES TERRITORIALES - ADMINISTRACION CENTRAL,NO DEFINIDO,No Aplica,NO DEFINIDO,,,2021,Cuarto Trimestre,,,,NO DEFINIDO,NO DEFINIDO,,,,,,NO DEFINIDO,,,,,,NO DEFINIDO,NO DEFINIDO,NO DEFINIDO,1904245701.0,1904245701.0,1868726610.0
8773876,20220601,218552585,Pupiales,2.3.2.02.02.005,CONSTRUCCION Y SERVICIOS DE LA CONSTRUCCION,GASTOS,INVERSION,ADQUISICION DE BIENES Y SERVICIOS,ADQUISICIONES DIFERENTES DE ACTIVOS,ADQUISICION DE SERVICIOS,CONSTRUCCION Y SERVICIOS DE LA CONSTRUCCION,No Aplica,No Aplica,No Aplica,No Aplica,VIGENCIA ACTUAL,ENTIDADES TERRITORIALES - ADMINISTRACION CENTRAL,SEDES CONSTRUIDAS,No Aplica,NO DEFINIDO,,,2022,Segundo Trimestre,,,,OTROS SERVICIOS DIVERSOS N C P,"SGP-PROPOSITO GENERAL-LIBRE DESTINACION MUNICIPIOS CATEGORIAS 4, 5 Y 6",,,,,,NO APLICA,,,,,,CON SITUACION DE FONDOS,NO APLICA,NO APLICA,240907408.0,0.0,0.0
8776409,20211201,218552585,Pupiales,2.3.2.02.01.003,"OTROS BIENES TRANSPORTABLES EXCEPTO PRODUCTOS METALICOS, MAQUINARIA Y EQUIPO",GASTOS,INVERSION,ADQUISICION DE BIENES Y SERVICIOS,ADQUISICIONES DIFERENTES DE ACTIVOS,MATERIALES Y SUMINISTROS,"OTROS BIENES TRANSPORTABLES EXCEPTO PRODUCTOS METALICOS, MAQUINARIA Y EQUIPO",No Aplica,No Aplica,No Aplica,No Aplica,VIGENCIA ACTUAL,ENTIDADES TERRITORIALES - ADMINISTRACION CENTRAL,SERVICIO DE ASISTENCIA TECNICA EN INFRAESTRUCTURA Y SERVICIO DE LA RED VIAL REGIONAL,No Aplica,NO DEFINIDO,,,2021,Cuarto Trimestre,,,,OTROS SERVICIOS DIVERSOS N C P,SGP-PROPOSITO GENERAL-PROPOSITO GENERAL LIBRE INVERSION,,,,,,NO APLICA,,,,,,CON SITUACION DE FONDOS,DIRECCION NACIONAL DEL TESORO MINISTERIO DE HACIENDA Y CREDITO PUBLICO,NO DEFINIDO,159999279.0,159999279.0,154056295.0
8779728,20230301,218552585,Pupiales,2.3.2.02.02.009,"SERVICIOS PARA LA COMUNIDAD, SOCIALES Y PERSONALES",GASTOS,INVERSION,ADQUISICION DE BIENES Y SERVICIOS,ADQUISICIONES DIFERENTES DE ACTIVOS,ADQUISICION DE SERVICIOS,"SERVICIOS PARA LA COMUNIDAD, SOCIALES Y PERSONALES",No Aplica,No Aplica,No Aplica,No Aplica,CUENTAS POR PAGAR,ENTIDADES TERRITORIALES - ADMINISTRACION CENTRAL,SERVICIO DE PROMOCION DE ACTIVIDADES CULTURALES.,No Aplica,NO DEFINIDO,,,2023,Primer Trimestre,,,,SERVICIOS DE LA ADMINISTRACION PUBLICA RELACIONADOS CON LA RECREACION LA CULTURA Y LA RELIGION,ESTAMPILLAS,,,,,,NO APLICA,,,,,,CON SITUACION DE FONDOS,NO APLICA,NO APLICA,410942.0,410942.0,0.0
8779900,20210601,218552585,Pupiales,2.1.1.01.01.001.08.02,PRIMA DE VACACIONES,GASTOS,FUNCIONAMIENTO,GASTOS DE PERSONAL,PLANTA DE PERSONAL PERMANENTE,FACTORES CONSTITUTIVOS DE SALARIO,FACTORES SALARIALES COMUNES,PRESTACIONES SOCIALES,PRIMA DE VACACIONES,No Aplica,No Aplica,VIGENCIA ACTUAL,ENTIDADES TERRITORIALES - ADMINISTRACION CENTRAL,NO APLICA,No Aplica,NO DEFINIDO,,,2021,Segundo Trimestre,,,,NO APLICA,1.2.1.0.00 - INGRESOS CORRIENTES DE LIBRE DESTINACION,,,,,,NO APLICA,,,,,,CON SITUACION DE FONDOS,NO APLICA,NO DEFINIDO,8847524.0,8847524.0,8847524.0
8781399,20230601,218552585,Pupiales,2.3.2.01.01.001.02.04,EDIFICIOS PUBLICOS DE ENTRETENIMIENTO,GASTOS,INVERSION,ADQUISICION DE BIENES Y SERVICIOS,ADQUISICION DE ACTIVOS NO FINANCIEROS,ACTIVOS FIJOS,EDIFICACIONES Y ESTRUCTURAS,EDIFICACIONES DISTINTAS A VIVIENDAS,EDIFICIOS PUBLICOS DE ENTRETENIMIENTO,No Aplica,No Aplica,VIGENCIA ACTUAL,ENTIDADES TERRITORIALES - ADMINISTRACION CENTRAL,CENTROS DE PROTECCION SOCIAL DE DIA PARA EL ADULTO MAYOR CONSTRUIDOS Y DOTADOS,No Aplica,NO DEFINIDO,,,2023,Segundo Trimestre,,,,NO APLICA,ESTAMPILLAS,,,,,,NO APLICA,,,,,,CON SITUACION DE FONDOS,NO APLICA,NO APLICA,10800000.0,10800000.0,10800000.0
8781849,20220601,218552585,Pupiales,2.2.2.01.02.002,ENTIDADES FINANCIERAS,GASTOS,SERVICIO DE LA DEUDA PUBLICA,SERVICIO DE LA DEUDA PUBLICA INTERNA,PRINCIPAL,PRESTAMOS,ENTIDADES FINANCIERAS,No Aplica,No Aplica,No Aplica,No Aplica,VIGENCIA ACTUAL,ENTIDADES TERRITORIALES - ADMINISTRACION CENTRAL,NO DEFINIDO,No Aplica,NO DEFINIDO,,,2022,Segundo Trimestre,,,,NO DEFINIDO,NO DEFINIDO,,,,,,NO DEFINIDO,,,,,,NO DEFINIDO,NO DEFINIDO,NO DEFINIDO,222249753.0,222249753.0,222249753.0
8784256,20230601,218552585,Pupiales,2.3.2.01.01.001.02,EDIFICACIONES DISTINTAS A VIVIENDAS,GASTOS,INVERSION,ADQUISICION DE BIENES Y SERVICIOS,ADQUISICION DE ACTIVOS NO FINANCIEROS,ACTIVOS FIJOS,EDIFICACIONES Y ESTRUCTURAS,EDIFICACIONES DISTINTAS A VIVIENDAS,No Aplica,No Aplica,No Aplica,VIGENCIA ACTUAL,ENTIDADES TERRITORIALES - ADMINISTRACION CENTRAL,NO DEFINIDO,No Aplica,NO DEFINIDO,,,2023,Segundo Trimestre,,,,NO DEFINIDO,NO DEFINIDO,,,,,,NO DEFINIDO,,,,,,NO DEFINIDO,NO DEFINIDO,NO DEFINIDO,47933088.0,10800000.0,10800000.0
8789482,20220601,218552585,Pupiales,2.3.2.02.02.009,"SERVICIOS PARA LA COMUNIDAD, SOCIALES Y PERSONALES",GASTOS,INVERSION,ADQUISICION DE BIENES Y SERVICIOS,ADQUISICIONES DIFERENTES DE ACTIVOS,ADQUISICION DE SERVICIOS,"SERVICIOS PARA LA COMUNIDAD, SOCIALES Y PERSONALES",No Aplica,No Aplica,No Aplica,No Aplica,VIGENCIA ACTUAL,ENTIDADES TERRITORIALES - ADMINISTRACION CENTRAL,SERVICIOS BIBLIOTECARIOS,2021525850009,NO DEFINIDO,,,2022,Segundo Trimestre,,,,OTROS SERVICIOS DIVERSOS N C P,SGP-PROPOSITO GENERAL-CULTURA,,,,,,NO APLICA,,,,,,CON SITUACION DE FONDOS,DIRECCION NACIONAL DEL TESORO MINISTERIO DE HACIENDA Y CREDITO PUBLICO,NO APLICA,150000000.0,150000000.0,150000000.0
8790481,20220301,218552585,Pupiales,2.1.1.01.03.001.01,VACACIONES,GASTOS,FUNCIONAMIENTO,GASTOS DE PERSONAL,PLANTA DE PERSONAL PERMANENTE,REMUNERACIONES NO CONSTITUTIVAS DE FACTOR SALARIAL,PRESTACIONES SOCIALES,VACACIONES,No Aplica,No Aplica,No Aplica,VIGENCIA ACTUAL,ENTIDADES TERRITORIALES - ADMINISTRACION CENTRAL,NO APLICA,No Aplica,NO DEFINIDO,,,2022,Primer Trimestre,,,,NO APLICA,INGRESOS CORRIENTES DE LIBRE DESTINACION,,,,,,NO APLICA,,,,,,CON SITUACION DE FONDOS,NO APLICA,NO APLICA,4088749.0,4088749.0,4088749.0
8791548,20230601,218552585,Pupiales,2.1.1.01.03,REMUNERACIONES NO CONSTITUTIVAS DE FACTOR SALARIAL,GASTOS,FUNCIONAMIENTO,GASTOS DE PERSONAL,PLANTA DE PERSONAL PERMANENTE,REMUNERACIONES NO CONSTITUTIVAS DE FACTOR SALARIAL,No Aplica,No Aplica,No Aplica,No Aplica,No Aplica,VIGENCIA ACTUAL,ENTIDADES TERRITORIALES - ADMINISTRACION CENTRAL,NO DEFINIDO,No Aplica,NO DEFINIDO,,,2023,Segundo Trimestre,,,,NO DEFINIDO,NO DEFINIDO,,,,,,NO DEFINIDO,,,,,,NO DEFINIDO,NO DEFINIDO,NO DEFINIDO,35483995.0,34273323.0,34273323.0
8795384,20220901,218552585,Pupiales,2.1.3.05.04.001.13.01,TRANSFERENCIA DE LA SOBRETASA AMBIENTAL A LAS CORPORACIONES AUTONOMAS REGIONALES,GASTOS,FUNCIONAMIENTO,TRANSFERENCIAS CORRIENTES,A ENTIDADES DEL GOBIERNO,PARTICIPACIONES DISTINTAS DEL SGP,PARTICIPACIONES DE IMPUESTOS,PARTICIPACION DE LA SOBRETASA AMBIENTAL,TRANSFERENCIA DE LA SOBRETASA AMBIENTAL A LAS CORPORACIONES AUTONOMAS REGIONALES,No Aplica,No Aplica,VIGENCIA ACTUAL,ENTIDADES TERRITORIALES - ADMINISTRACION CENTRAL,NO APLICA,No Aplica,NO DEFINIDO,,,2022,Tercer Trimestre,,,,NO APLICA,SOBRETASA - PARTICIPACION AMBIENTAL - CORPORACIONES AUTONOMAS REGIONALES,,,,,,NO APLICA,,,,,,CON SITUACION DE FONDOS,NO APLICA,NO APLICA,45000000.0,45000000.0,45000000.0
8795645,20230601,218552585,Pupiales,2.3.1.01.01.001.08,PRESTACIONES SOCIALES,GASTOS,INVERSION,GASTOS DE PERSONAL,PLANTA DE PERSONAL PERMANENTE,FACTORES CONSTITUTIVOS DE SALARIO,FACTORES SALARIALES COMUNES,PRESTACIONES SOCIALES,No Aplica,No Aplica,No Aplica,VIGENCIA ACTUAL,ENTIDADES TERRITORIALES - ADMINISTRACION CENTRAL,NO DEFINIDO,No Aplica,NO DEFINIDO,,,2023,Segundo Trimestre,,,,NO DEFINIDO,NO DEFINIDO,,,,,,NO DEFINIDO,,,,,,NO DEFINIDO,NO DEFINIDO,NO DEFINIDO,935613.0,0.0,0.0
8795943,20230301,218552585,Pupiales,2.1.1.01.03.006,HONORARIOS CONCEJALES,GASTOS,FUNCIONAMIENTO,GASTOS DE PERSONAL,PLANTA DE PERSONAL PERMANENTE,REMUNERACIONES NO CONSTITUTIVAS DE FACTOR SALARIAL,HONORARIOS CONCEJALES,No Aplica,No Aplica,No Aplica,No Aplica,VIGENCIA ACTUAL,ENTIDADES TERRITORIALES - CONCEJO,NO APLICA,No Aplica,NO DEFINIDO,,,2023,Primer Trimestre,,,,NO APLICA,"SGP-PROPOSITO GENERAL-LIBRE DESTINACION MUNICIPIOS CATEGORIAS 4, 5 Y 6",,,,,,NO APLICA,,,,,,CON SITUACION DE FONDOS,NO APLICA,NO APLICA,30349314.0,30349314.0,30349314.0
8798619,20221201,218552585,Pupiales,2.3.3.05.07.013,TRANSFERIR A LAS ENTIDADES TERRITORIALES PARA APOYAR LA OPERACION DEL PROGRAMA DE ALIMENTACION ESCOLAR,GASTOS,INVERSION,TRANSFERENCIAS CORRIENTES,A ENTIDADES DEL GOBIERNO,A ENTIDADES TERRITORIALES DISTINTAS DE COMPENSACIONES Y PARTICIPACIONES,TRANSFERIR A LAS ENTIDADES TERRITORIALES PARA APOYAR LA OPERACION DEL PROGRAMA DE ALIMENTACION ESCOLAR,No Aplica,No Aplica,No Aplica,No Aplica,VIGENCIA ACTUAL,ENTIDADES TERRITORIALES - ADMINISTRACION CENTRAL,SERVICIO DE APOYO A LA PERMANENCIA CON ALIMENTACION ESCOLAR,No Aplica,NO DEFINIDO,,,2022,Cuarto Trimestre,,,,NO APLICA,SGP-ASIGNACION ESPECIAL-PROGRAMAS DE ALIMENTACION ESCOLAR,,,,,,NO APLICA,,,,,,CON SITUACION DE FONDOS,NO APLICA,NO APLICA,60758054.0,60758054.0,60758054.0
8800041,20221201,218552585,Pupiales,2.3.2.02.02.009,"SERVICIOS PARA LA COMUNIDAD, SOCIALES Y PERSONALES",GASTOS,INVERSION,ADQUISICION DE BIENES Y SERVICIOS,ADQUISICIONES DIFERENTES DE ACTIVOS,ADQUISICION DE SERVICIOS,"SERVICIOS PARA LA COMUNIDAD, SOCIALES Y PERSONALES",No Aplica,No Aplica,No Aplica,No Aplica,VIGENCIA ACTUAL,ENTIDADES TERRITORIALES - ADMINISTRACION CENTRAL,SERVICIO DE APOYO FINANCIERO PARA PROYECTOS DE CONVIVENCIA Y SEGURIDAD CIUDADANA,No Aplica,NO DEFINIDO,,,2022,Cuarto Trimestre,,,,OTROS SERVICIOS DE LA ADMINISTRACION PUBLICA N C P,CONTRIBUCION SOBRE CONTRATOS DE OBRA PUBLICA,,,,,,NO APLICA,,,,,,CON SITUACION DE FONDOS,NO APLICA,NO APLICA,1047488.0,1047488.0,0.0
8802261,20211201,218552585,Pupiales,2.1.1,GASTOS DE PERSONAL,GASTOS,FUNCIONAMIENTO,GASTOS DE PERSONAL,No Aplica,No Aplica,No Aplica,No Aplica,No Aplica,No Aplica,No Aplica,VIGENCIA ACTUAL,ENTIDADES TERRITORIALES - ADMINISTRACION CENTRAL,NO DEFINIDO,No Aplica,NO DEFINIDO,,,2021,Cuarto Trimestre,,,,NO DEFINIDO,NO DEFINIDO,,,,,,NO DEFINIDO,,,,,,NO DEFINIDO,NO DEFINIDO,NO DEFINIDO,919232126.0,919232126.0,898036941.0
8804632,20230301,218552585,Pupiales,2.3.2.02.02.009,"SERVICIOS PARA LA COMUNIDAD, SOCIALES Y PERSONALES",GASTOS,INVERSION,ADQUISICION DE BIENES Y SERVICIOS,ADQUISICIONES DIFERENTES DE ACTIVOS,ADQUISICION DE SERVICIOS,"SERVICIOS PARA LA COMUNIDAD, SOCIALES Y PERSONALES",No Aplica,No Aplica,No Aplica,No Aplica,VIGENCIA ACTUAL,ENTIDADES TERRITORIALES - ADMINISTRACION CENTRAL,SERVICIO DE ATENCION EN SALUD A LA POBLACION,No Aplica,NO DEFINIDO,,,2023,Primer Trimestre,,,,SERVICIOS DE LA ADMINISTRACION PUBLICA RELACIONADOS CON LA SALUD,TRANSFERENCIAS DE CAPITAL DE OTRAS ENTIDADES DEL GOBIERNO GENERAL,,,,,,NO APLICA,,,,,,CON SITUACION DE FONDOS,NO APLICA,NO APLICA,842943109.0,842943109.0,842943109.0
8804770,20230301,218552585,Pupiales,2.3.2.02.02.009,"SERVICIOS PARA LA COMUNIDAD, SOCIALES Y PERSONALES",GASTOS,INVERSION,ADQUISICION DE BIENES Y SERVICIOS,ADQUISICIONES DIFERENTES DE ACTIVOS,ADQUISICION DE SERVICIOS,"SERVICIOS PARA LA COMUNIDAD, SOCIALES Y PERSONALES",No Aplica,No Aplica,No Aplica,No Aplica,VIGENCIA ACTUAL,ENTIDADES TERRITORIALES - ADMINISTRACION CENTRAL,SERVICIO DE APOYO FINANCIERO PARA EL ADULTO MAYOR4103065,No Aplica,NO DEFINIDO,,,2023,Primer Trimestre,,,,OTROS SERVICIOS DE LA ADMINISTRACION PUBLICA N C P,ESTAMPILLAS,,,,,,NO APLICA,,,,,,CON SITUACION DE FONDOS,NO APLICA,NO APLICA,2882991.0,2320000.0,1657349.0
8805259,20220601,218552585,Pupiales,2.1.2.02.01,MATERIALES Y SUMINISTROS,GASTOS,FUNCIONAMIENTO,ADQUISICION DE BIENES Y SERVICIOS,ADQUISICIONES DIFERENTES DE ACTIVOS,MATERIALES Y SUMINISTROS,No Aplica,No Aplica,No Aplica,No Aplica,No Aplica,VIGENCIA ACTUAL,ENTIDADES TERRITORIALES - ADMINISTRACION CENTRAL,NO DEFINIDO,No Aplica,NO DEFINIDO,,,2022,Segundo Trimestre,,,,NO DEFINIDO,NO DEFINIDO,,,,,,NO DEFINIDO,,,,,,NO DEFINIDO,NO DEFINIDO,NO DEFINIDO,53604884.0,27534384.0,27534384.0
8807447,20210901,218552585,Pupiales,2.1.1.01,PLANTA DE PERSONAL PERMANENTE,GASTOS,FUNCIONAMIENTO,GASTOS DE PERSONAL,PLANTA DE PERSONAL PERMANENTE,No Aplica,No Aplica,No Aplica,No Aplica,No Aplica,No Aplica,VIGENCIA ACTUAL,ENTIDADES TERRITORIALES - ADMINISTRACION CENTRAL,NO DEFINIDO,No Aplica,NO DEFINIDO,,,2021,Tercer Trimestre,,,,NO DEFINIDO,NO DEFINIDO,,,,,,NO DEFINIDO,,,,,,NO DEFINIDO,NO DEFINIDO,NO DEFINIDO,641979502.0,641979502.0,639968126.0
8809461,20210901,218552585,Pupiales,2.1.1.01,PLANTA DE PERSONAL PERMANENTE,GASTOS,FUNCIONAMIENTO,GASTOS DE PERSONAL,PLANTA DE PERSONAL PERMANENTE,No Aplica,No Aplica,No Aplica,No Aplica,No Aplica,No Aplica,VIGENCIA ACTUAL,ENTIDADES TERRITORIALES - PERSONERIA,NO DEFINIDO,No Aplica,NO DEFINIDO,,,2021,Tercer Trimestre,,,,NO DEFINIDO,NO DEFINIDO,,,,,,NO DEFINIDO,,,,,,NO DEFINIDO,NO DEFINIDO,NO DEFINIDO,93958200.0,93958200.0,93958200.0
8812431,20230301,218552585,Pupiales,2.1.1.01,PLANTA DE PERSONAL PERMANENTE,GASTOS,FUNCIONAMIENTO,GASTOS DE PERSONAL,PLANTA DE PERSONAL PERMANENTE,No Aplica,No Aplica,No Aplica,No Aplica,No Aplica,No Aplica,VIGENCIA ACTUAL,ENTIDADES TERRITORIALES - CONCEJO,NO DEFINIDO,No Aplica,NO DEFINIDO,,,2023,Primer Trimestre,,,,NO DEFINIDO,NO DEFINIDO,,,,,,NO DEFINIDO,,,,,,NO DEFINIDO,NO DEFINIDO,NO DEFINIDO,30349314.0,30349314.0,30349314.0
8813249,20220901,218552585,Pupiales,2.3.2.02.02.009,"SERVICIOS PARA LA COMUNIDAD, SOCIALES Y PERSONALES",GASTOS,INVERSION,ADQUISICION DE BIENES Y SERVICIOS,ADQUISICIONES DIFERENTES DE ACTIVOS,ADQUISICION DE SERVICIOS,"SERVICIOS PARA LA COMUNIDAD, SOCIALES Y PERSONALES",No Aplica,No Aplica,No Aplica,No Aplica,VIGENCIA ACTUAL,ENTIDADES TERRITORIALES - ADMINISTRACION CENTRAL,SERVICIOS BIBLIOTECARIOS,2021525850009,NO DEFINIDO,,,2022,Tercer Trimestre,,,,OTROS SERVICIOS DE LA ADMINISTRACION PUBLICA N C P,SGP-PROPOSITO GENERAL-CULTURA,,,,,,NO APLICA,,,,,,CON SITUACION DE FONDOS,DIRECCION NACIONAL DEL TESORO MINISTERIO DE HACIENDA Y CREDITO PUBLICO,NO APLICA,150000000.0,150000000.0,150000000.0
8816082,20210301,218552585,Pupiales,2.1.2.01.01.003,MAQUINARIA Y EQUIPO,GASTOS,FUNCIONAMIENTO,ADQUISICION DE BIENES Y SERVICIOS,ADQUISICION DE ACTIVOS NO FINANCIEROS,ACTIVOS FIJOS,MAQUINARIA Y EQUIPO,No Aplica,No Aplica,No Aplica,No Aplica,VIGENCIA ACTUAL,ENTIDADES TERRITORIALES - ADMINISTRACION CENTRAL,NO DEFINIDO,No Aplica,NO DEFINIDO,,,2021,Primer Trimestre,,,,NO DEFINIDO,NO DEFINIDO,,,,,,NO DEFINIDO,,,,,,NO DEFINIDO,NO DEFINIDO,NO DEFINIDO,23200000.0,0.0,0.0
8819177,20220901,218552585,Pupiales,2.1.1.01.01,FACTORES CONSTITUTIVOS DE SALARIO,GASTOS,FUNCIONAMIENTO,GASTOS DE PERSONAL,PLANTA DE PERSONAL PERMANENTE,FACTORES CONSTITUTIVOS DE SALARIO,No Aplica,No Aplica,No Aplica,No Aplica,No Aplica,VIGENCIA ACTUAL,ENTIDADES TERRITORIALES - PERSONERIA,NO DEFINIDO,No Aplica,NO DEFINIDO,,,2022,Tercer Trimestre,,,,NO DEFINIDO,NO DEFINIDO,,,,,,NO DEFINIDO,,,,,,NO DEFINIDO,NO DEFINIDO,NO DEFINIDO,97793337.0,97793337.0,97793337.0
8822086,20220901,218552585,Pupiales,2.3.2.02.02.009,"SERVICIOS PARA LA COMUNIDAD, SOCIALES Y PERSONALES",GASTOS,INVERSION,ADQUISICION DE BIENES Y SERVICIOS,ADQUISICIONES DIFERENTES DE ACTIVOS,ADQUISICION DE SERVICIOS,"SERVICIOS PARA LA COMUNIDAD, SOCIALES Y PERSONALES",No Aplica,No Aplica,No Aplica,No Aplica,VIGENCIA ACTUAL,ENTIDADES TERRITORIALES - ADMINISTRACION CENTRAL,CENTROS DE PROTECCION SOCIAL DE DIA PARA EL ADULTO MAYOR AMPLIADOS,No Aplica,NO DEFINIDO,,,2022,Tercer Trimestre,,,,OTROS SERVICIOS DE LA ADMINISTRACION PUBLICA N C P,R.B. ESTAMPILLAS,,,,,,NO APLICA,,,,,,CON SITUACION DE FONDOS,NO APLICA,NO APLICA,222102804.0,139423850.0,139423850.0
8822414,20220301,218552585,Pupiales,2.3.2.02.02.009,"SERVICIOS PARA LA COMUNIDAD, SOCIALES Y PERSONALES",GASTOS,INVERSION,ADQUISICION DE BIENES Y SERVICIOS,ADQUISICIONES DIFERENTES DE ACTIVOS,ADQUISICION DE SERVICIOS,"SERVICIOS PARA LA COMUNIDAD, SOCIALES Y PERSONALES",No Aplica,No Aplica,No Aplica,No Aplica,VIGENCIA ACTUAL,ENTIDADES TERRITORIALES - ADMINISTRACION CENTRAL,SERVICIO DE ATENCION EN SALUD A LA POBLACION,No Aplica,NO DEFINIDO,,,2022,Primer Trimestre,,,,OTROS SERVICIOS ADMINISTRATIVOS DEL GOBIERNO N C P,SGP-SALUD-REGIMEN SUBSIDIADO,,,,,,NO APLICA,,,,,,SIN SITUACION DE FONDOS,DIRECCION NACIONAL DEL TESORO MINISTERIO DE HACIENDA Y CREDITO PUBLICO,NO APLICA,1626563132.0,1626563132.0,1626563132.0
8823412,20210301,218552585,Pupiales,2.1.1.01.02.006,APORTES AL ICBF,GASTOS,FUNCIONAMIENTO,GASTOS DE PERSONAL,PLANTA DE PERSONAL PERMANENTE,CONTRIBUCIONES INHERENTES A LA NOMINA,APORTES AL ICBF,No Aplica,No Aplica,No Aplica,No Aplica,VIGENCIA ACTUAL,ENTIDADES TERRITORIALES - ADMINISTRACION CENTRAL,NO APLICA,No Aplica,NO DEFINIDO,,,2021,Primer Trimestre,,,,NO APLICA,1.2.1.0.00 - INGRESOS CORRIENTES DE LIBRE DESTINACION,,,,,,NO APLICA,,,,,,CON SITUACION DE FONDOS,NO APLICA,NO DEFINIDO,2227446.0,2227446.0,2227446.0
8824401,20220601,218552585,Pupiales,2.1.1.01.01.001.07,BONIFICACION POR SERVICIOS PRESTADOS,GASTOS,FUNCIONAMIENTO,GASTOS DE PERSONAL,PLANTA DE PERSONAL PERMANENTE,FACTORES CONSTITUTIVOS DE SALARIO,FACTORES SALARIALES COMUNES,BONIFICACION POR SERVICIOS PRESTADOS,No Aplica,No Aplica,No Aplica,VIGENCIA ACTUAL,ENTIDADES TERRITORIALES - ADMINISTRACION CENTRAL,NO APLICA,No Aplica,NO DEFINIDO,,,2022,Segundo Trimestre,,,,NO APLICA,INGRESOS CORRIENTES DE LIBRE DESTINACION,,,,,,NO APLICA,,,,,,CON SITUACION DE FONDOS,NO APLICA,NO APLICA,11425172.0,11425172.0,11425172.0
8825380,20230301,218552585,Pupiales,2,GASTOS,GASTOS,No Aplica,No Aplica,No Aplica,No Aplica,No Aplica,No Aplica,No Aplica,No Aplica,No Aplica,RESERVAS,ENTIDADES TERRITORIALES - ADMINISTRACION CENTRAL,NO DEFINIDO,No Aplica,NO DEFINIDO,,,2023,Primer Trimestre,,,,NO DEFINIDO,NO DEFINIDO,,,,,,NO DEFINIDO,,,,,,NO DEFINIDO,NO DEFINIDO,NO DEFINIDO,3952024126.0,243286453.0,243286453.0
8825858,20220301,218552585,Pupiales,2.1.2.02.02.009,"SERVICIOS PARA LA COMUNIDAD, SOCIALES Y PERSONALES",GASTOS,FUNCIONAMIENTO,ADQUISICION DE BIENES Y SERVICIOS,ADQUISICIONES DIFERENTES DE ACTIVOS,ADQUISICION DE SERVICIOS,"SERVICIOS PARA LA COMUNIDAD, SOCIALES Y PERSONALES",No Aplica,No Aplica,No Aplica,No Aplica,VIGENCIA ACTUAL,ENTIDADES TERRITORIALES - ADMINISTRACION CENTRAL,NO APLICA,No Aplica,NO DEFINIDO,,,2022,Primer Trimestre,,,,OTROS SERVICIOS ADMINISTRATIVOS DEL GOBIERNO N C P,INGRESOS CORRIENTES DE LIBRE DESTINACION,,,,,,NO APLICA,,,,,,CON SITUACION DE FONDOS,NO APLICA,NO APLICA,427305000.0,123076400.0,123076400.0
8826728,20220601,218552585,Pupiales,2.1.1.01.01.001.01,SUELDO BASICO,GASTOS,FUNCIONAMIENTO,GASTOS DE PERSONAL,PLANTA DE PERSONAL PERMANENTE,FACTORES CONSTITUTIVOS DE SALARIO,FACTORES SALARIALES COMUNES,SUELDO BASICO,No Aplica,No Aplica,No Aplica,VIGENCIA ACTUAL,ENTIDADES TERRITORIALES - ADMINISTRACION CENTRAL,NO APLICA,No Aplica,NO DEFINIDO,,,2022,Segundo Trimestre,,,,NO APLICA,INGRESOS CORRIENTES DE LIBRE DESTINACION,,,,,,NO APLICA,,,,,,CON SITUACION DE FONDOS,NO APLICA,NO APLICA,252060823.0,209228139.0,209228139.0
8828354,20211201,218552585,Pupiales,2.2.2.02.02.002.02,BANCA COMERCIAL,GASTOS,SERVICIO DE LA DEUDA PUBLICA,SERVICIO DE LA DEUDA PUBLICA INTERNA,INTERESES,PRESTAMOS,ENTIDADES FINANCIERAS,BANCA COMERCIAL,No Aplica,No Aplica,No Aplica,VIGENCIA ACTUAL,ENTIDADES TERRITORIALES - ADMINISTRACION CENTRAL,NO DEFINIDO,No Aplica,NO DEFINIDO,,,2021,Cuarto Trimestre,,,,NO DEFINIDO,NO DEFINIDO,,,,,,NO DEFINIDO,,,,,,NO DEFINIDO,NO DEFINIDO,NO DEFINIDO,54738225.0,54738225.0,54738225.0
8829572,20221201,218552585,Pupiales,2.1.3.05.04.001.13,PARTICIPACION DE LA SOBRETASA AMBIENTAL,GASTOS,FUNCIONAMIENTO,TRANSFERENCIAS CORRIENTES,A ENTIDADES DEL GOBIERNO,PARTICIPACIONES DISTINTAS DEL SGP,PARTICIPACIONES DE IMPUESTOS,PARTICIPACION DE LA SOBRETASA AMBIENTAL,No Aplica,No Aplica,No Aplica,VIGENCIA ACTUAL,ENTIDADES TERRITORIALES - ADMINISTRACION CENTRAL,NO DEFINIDO,No Aplica,NO DEFINIDO,,,2022,Cuarto Trimestre,,,,NO DEFINIDO,NO DEFINIDO,,,,,,NO DEFINIDO,,,,,,NO DEFINIDO,NO DEFINIDO,NO DEFINIDO,61349586.0,61349586.0,55111163.0
8830493,20221201,218552585,Pupiales,2.3.2.02.02.009,"SERVICIOS PARA LA COMUNIDAD, SOCIALES Y PERSONALES",GASTOS,INVERSION,ADQUISICION DE BIENES Y SERVICIOS,ADQUISICIONES DIFERENTES DE ACTIVOS,ADQUISICION DE SERVICIOS,"SERVICIOS PARA LA COMUNIDAD, SOCIALES Y PERSONALES",No Aplica,No Aplica,No Aplica,No Aplica,VIGENCIA ACTUAL,ENTIDADES TERRITORIALES - ADMINISTRACION CENTRAL,SERVICIO DE ATENCION EN SALUD A LA POBLACION,No Aplica,NO DEFINIDO,,,2022,Cuarto Trimestre,,,,OTROS SERVICIOS DE LA ADMINISTRACION PUBLICA N C P,SGP-SALUD-SUBSIDIO A LA OFERTA,,,,,,NO APLICA,,,,,,SIN SITUACION DE FONDOS,DIRECCION NACIONAL DEL TESORO MINISTERIO DE HACIENDA Y CREDITO PUBLICO,NO APLICA,216860475.0,216860475.0,216860475.0
8832329,20210601,218552585,Pupiales,2.3.1.01.01.001.04,SUBSIDIO DE ALIMENTACION,GASTOS,INVERSION,GASTOS DE PERSONAL,PLANTA DE PERSONAL PERMANENTE,FACTORES CONSTITUTIVOS DE SALARIO,FACTORES SALARIALES COMUNES,SUBSIDIO DE ALIMENTACION,No Aplica,No Aplica,No Aplica,VIGENCIA ACTUAL,ENTIDADES TERRITORIALES - ADMINISTRACION CENTRAL,NO APLICA,No Aplica,NO DEFINIDO,,,2021,Segundo Trimestre,,,,NO APLICA,1.2.4.3.03 - SGP-PROPOSITO GENERAL-PROPOSITO GENERAL LIBRE INVERSION,,,,,,NO APLICA,,,,,,CON SITUACION DE FONDOS,DIRECCION NACIONAL DEL TESORO MINISTERIO DE HACIENDA Y CREDITO PUBLICO,NO DEFINIDO,3803552.0,3803552.0,3803552.0
8832337,20211201,218552585,Pupiales,2.1.1.01.03.004,BONIFICACION DE GESTION TERRITORIAL PARA ALCALDES,GASTOS,FUNCIONAMIENTO,GASTOS DE PERSONAL,PLANTA DE PERSONAL PERMANENTE,REMUNERACIONES NO CONSTITUTIVAS DE FACTOR SALARIAL,BONIFICACION DE GESTION TERRITORIAL PARA ALCALDES,No Aplica,No Aplica,No Aplica,No Aplica,VIGENCIA ACTUAL,ENTIDADES TERRITORIALES - ADMINISTRACION CENTRAL,NO APLICA,No Aplica,NO DEFINIDO,,,2021,Cuarto Trimestre,,,,NO APLICA,INGRESOS CORRIENTES DE LIBRE DESTINACION,,,,,,NO APLICA,,,,,,CON SITUACION DE FONDOS,NO APLICA,NO DEFINIDO,6559303.0,6559303.0,6559303.0
8833287,20230301,218552585,Pupiales,2.3.2,ADQUISICION DE BIENES Y SERVICIOS,GASTOS,INVERSION,ADQUISICION DE BIENES Y SERVICIOS,No Aplica,No Aplica,No Aplica,No Aplica,No Aplica,No Aplica,No Aplica,CUENTAS POR PAGAR,ENTIDADES TERRITORIALES - ADMINISTRACION CENTRAL,NO DEFINIDO,No Aplica,NO DEFINIDO,,,2023,Primer Trimestre,,,,NO DEFINIDO,NO DEFINIDO,,,,,,NO DEFINIDO,,,,,,NO DEFINIDO,NO DEFINIDO,NO DEFINIDO,60060387.0,60060387.0,41869986.0
8834484,20220601,218552585,Pupiales,2.1.1.01.01,FACTORES CONSTITUTIVOS DE SALARIO,GASTOS,FUNCIONAMIENTO,GASTOS DE PERSONAL,PLANTA DE PERSONAL PERMANENTE,FACTORES CONSTITUTIVOS DE SALARIO,No Aplica,No Aplica,No Aplica,No Aplica,No Aplica,VIGENCIA ACTUAL,ENTIDADES TERRITORIALES - CONCEJO,NO DEFINIDO,No Aplica,NO DEFINIDO,,,2022,Segundo Trimestre,,,,NO DEFINIDO,NO DEFINIDO,,,,,,NO DEFINIDO,,,,,,NO DEFINIDO,NO DEFINIDO,NO DEFINIDO,20528003.0,20528003.0,20528003.0
8835583,20221201,218552585,Pupiales,2.1.1.01.01.001.10,VIATICOS DE LOS FUNCIONARIOS EN COMISION,GASTOS,FUNCIONAMIENTO,GASTOS DE PERSONAL,PLANTA DE PERSONAL PERMANENTE,FACTORES CONSTITUTIVOS DE SALARIO,FACTORES SALARIALES COMUNES,VIATICOS DE LOS FUNCIONARIOS EN COMISION,No Aplica,No Aplica,No Aplica,VIGENCIA ACTUAL,ENTIDADES TERRITORIALES - ADMINISTRACION CENTRAL,NO APLICA,No Aplica,NO DEFINIDO,,,2022,Cuarto Trimestre,,,,NO APLICA,"SGP-PROPOSITO GENERAL-LIBRE DESTINACION MUNICIPIOS CATEGORIAS 4, 5 Y 6",,,,,,NO APLICA,,,,,,CON SITUACION DE FONDOS,NO APLICA,NO APLICA,7343549.0,7343549.0,7343549.0
8839536,20211201,218552585,Pupiales,2.1.3.09,A INSTITUCIONES SIN ANIMO DE LUCRO QUE SIRVEN A LOS HOGARES,GASTOS,FUNCIONAMIENTO,TRANSFERENCIAS CORRIENTES,A INSTITUCIONES SIN ANIMO DE LUCRO QUE SIRVEN A LOS HOGARES,No Aplica,No Aplica,No Aplica,No Aplica,No Aplica,No Aplica,VIGENCIA ACTUAL,ENTIDADES TERRITORIALES - ADMINISTRACION CENTRAL,NO DEFINIDO,No Aplica,NO DEFINIDO,,,2021,Cuarto Trimestre,,,,NO DEFINIDO,NO DEFINIDO,,,,,,NO DEFINIDO,,,,,,NO DEFINIDO,NO DEFINIDO,NO DEFINIDO,10000000.0,10000000.0,10000000.0
8840915,20220901,218552585,Pupiales,2.3.1.01.01.001.04,SUBSIDIO DE ALIMENTACION,GASTOS,INVERSION,GASTOS DE PERSONAL,PLANTA DE PERSONAL PERMANENTE,FACTORES CONSTITUTIVOS DE SALARIO,FACTORES SALARIALES COMUNES,SUBSIDIO DE ALIMENTACION,No Aplica,No Aplica,No Aplica,VIGENCIA ACTUAL,ENTIDADES TERRITORIALES - ADMINISTRACION CENTRAL,NO APLICA,No Aplica,NO DEFINIDO,,,2022,Tercer Trimestre,,,,NO APLICA,SGP-PROPOSITO GENERAL-PROPOSITO GENERAL LIBRE INVERSION,,,,,,NO APLICA,,,,,,CON SITUACION DE FONDOS,DIRECCION NACIONAL DEL TESORO MINISTERIO DE HACIENDA Y CREDITO PUBLICO,NO APLICA,6169759.0,6169759.0,6169759.0
8844305,20230601,218552585,Pupiales,2.3.3.13,SENTENCIAS Y CONCILIACIONES,GASTOS,INVERSION,TRANSFERENCIAS CORRIENTES,SENTENCIAS Y CONCILIACIONES,No Aplica,No Aplica,No Aplica,No Aplica,No Aplica,No Aplica,VIGENCIA ACTUAL,ENTIDADES TERRITORIALES - ADMINISTRACION CENTRAL,NO DEFINIDO,No Aplica,NO DEFINIDO,,,2023,Segundo Trimestre,,,,NO DEFINIDO,NO DEFINIDO,,,,,,NO DEFINIDO,,,,,,NO DEFINIDO,NO DEFINIDO,NO DEFINIDO,6375286.0,6375286.0,6375286.0
8847971,20210901,218552585,Pupiales,2.3.1.01.01.001.04,SUBSIDIO DE ALIMENTACION,GASTOS,INVERSION,GASTOS DE PERSONAL,PLANTA DE PERSONAL PERMANENTE,FACTORES CONSTITUTIVOS DE SALARIO,FACTORES SALARIALES COMUNES,SUBSIDIO DE ALIMENTACION,No Aplica,No Aplica,No Aplica,VIGENCIA ACTUAL,ENTIDADES TERRITORIALES - ADMINISTRACION CENTRAL,NO APLICA,No Aplica,NO DEFINIDO,,,2021,Tercer Trimestre,,,,NO APLICA,1.2.4.3.03 - SGP-PROPOSITO GENERAL-PROPOSITO GENERAL LIBRE INVERSION,,,,,,NO APLICA,,,,,,CON SITUACION DE FONDOS,DIRECCION NACIONAL DEL TESORO MINISTERIO DE HACIENDA Y CREDITO PUBLICO,NO DEFINIDO,5754535.0,5754535.0,5754535.0
8848091,20230601,218552585,Pupiales,2.1.1.01.01.001.04,SUBSIDIO DE ALIMENTACION,GASTOS,FUNCIONAMIENTO,GASTOS DE PERSONAL,PLANTA DE PERSONAL PERMANENTE,FACTORES CONSTITUTIVOS DE SALARIO,FACTORES SALARIALES COMUNES,SUBSIDIO DE ALIMENTACION,No Aplica,No Aplica,No Aplica,VIGENCIA ACTUAL,ENTIDADES TERRITORIALES - ADMINISTRACION CENTRAL,NO APLICA,No Aplica,NO DEFINIDO,,,2023,Segundo Trimestre,,,,NO APLICA,"SGP-PROPOSITO GENERAL-LIBRE DESTINACION MUNICIPIOS CATEGORIAS 4, 5 Y 6",,,,,,NO APLICA,,,,,,CON SITUACION DE FONDOS,NO APLICA,NO APLICA,4915408.0,4915408.0,4915408.0
8848145,20210301,218552585,Pupiales,2.1.1.01.01.001,FACTORES SALARIALES COMUNES,GASTOS,FUNCIONAMIENTO,GASTOS DE PERSONAL,PLANTA DE PERSONAL PERMANENTE,FACTORES CONSTITUTIVOS DE SALARIO,FACTORES SALARIALES COMUNES,No Aplica,No Aplica,No Aplica,No Aplica,VIGENCIA ACTUAL,ENTIDADES TERRITORIALES - PERSONERIA,NO DEFINIDO,No Aplica,NO DEFINIDO,,,2021,Primer Trimestre,,,,NO DEFINIDO,NO DEFINIDO,,,,,,NO DEFINIDO,,,,,,NO DEFINIDO,NO DEFINIDO,NO DEFINIDO,34869450.0,34869450.0,34869450.0
8848179,20210901,218552585,Pupiales,2.1.1.01.01.001,FACTORES SALARIALES COMUNES,GASTOS,FUNCIONAMIENTO,GASTOS DE PERSONAL,PLANTA DE PERSONAL PERMANENTE,FACTORES CONSTITUTIVOS DE SALARIO,FACTORES SALARIALES COMUNES,No Aplica,No Aplica,No Aplica,No Aplica,VIGENCIA ACTUAL,ENTIDADES TERRITORIALES - ADMINISTRACION CENTRAL,NO DEFINIDO,No Aplica,NO DEFINIDO,,,2021,Tercer Trimestre,,,,NO DEFINIDO,NO DEFINIDO,,,,,,NO DEFINIDO,,,,,,NO DEFINIDO,NO DEFINIDO,NO DEFINIDO,423827238.0,423827238.0,421815862.0
8850334,20230301,218552585,Pupiales,2.1.1.01.01.001.01,SUELDO BASICO,GASTOS,FUNCIONAMIENTO,GASTOS DE PERSONAL,PLANTA DE PERSONAL PERMANENTE,FACTORES CONSTITUTIVOS DE SALARIO,FACTORES SALARIALES COMUNES,SUELDO BASICO,No Aplica,No Aplica,No Aplica,VIGENCIA ACTUAL,ENTIDADES TERRITORIALES - ADMINISTRACION CENTRAL,NO APLICA,No Aplica,NO DEFINIDO,,,2023,Primer Trimestre,,,,NO APLICA,"SGP-PROPOSITO GENERAL-LIBRE DESTINACION MUNICIPIOS CATEGORIAS 4, 5 Y 6",,,,,,NO APLICA,,,,,,CON SITUACION DE FONDOS,NO APLICA,NO APLICA,78453393.0,78453393.0,54445835.0
8851435,20210901,218552585,Pupiales,2.3.4.03,COMPENSACIONES DE CAPITAL,GASTOS,INVERSION,TRANSFERENCIAS DE CAPITAL,COMPENSACIONES DE CAPITAL,No Aplica,No Aplica,No Aplica,No Aplica,No Aplica,No Aplica,VIGENCIA ACTUAL,ENTIDADES TERRITORIALES - ADMINISTRACION CENTRAL,24.02.021 - TRANSPORTE - INFRAESTRUCTURA RED VIAL REGIONAL - VIA SECUNDARIA CON MANTENIMIENTO PERIODICO O RUTINARIO,No Aplica,NO DEFINIDO,,,2021,Tercer Trimestre,,,,NO APLICA,1.3.3.6.03 - R.B. SGP - PROPOSITO GENERAL - PROPOSITO GENERAL LIBRE INVERSION,,,,,,NO APLICA,,,,,,CON SITUACION DE FONDOS,DIRECCION NACIONAL DEL TESORO MINISTERIO DE HACIENDA Y CREDITO PUBLICO,NO DEFINIDO,130000000.0,0.0,0.0
8854315,20211201,218552585,Pupiales,2.3.2.01.01.001.03.02,"AUTOPISTAS, CARRETERAS, CALLES",GASTOS,INVERSION,ADQUISICION DE BIENES Y SERVICIOS,ADQUISICION DE ACTIVOS NO FINANCIEROS,ACTIVOS FIJOS,EDIFICACIONES Y ESTRUCTURAS,OTRAS ESTRUCTURAS,"AUTOPISTAS, CARRETERAS, CALLES",No Aplica,No Aplica,VIGENCIA ACTUAL,ENTIDADES TERRITORIALES - ADMINISTRACION CENTRAL,VIA SECUNDARIA CONSTRUIDA,2021525850007,NO DEFINIDO,,,2021,Cuarto Trimestre,,,,NO APLICA,SGP-PROPOSITO GENERAL-PROPOSITO GENERAL LIBRE INVERSION,,,,,,NO APLICA,,,,,,CON SITUACION DE FONDOS,DIRECCION NACIONAL DEL TESORO MINISTERIO DE HACIENDA Y CREDITO PUBLICO,NO DEFINIDO,323615651.0,255618000.0,255618000.0
8857848,20230301,218552585,Pupiales,2.3.2.02.02.009,"SERVICIOS PARA LA COMUNIDAD, SOCIALES Y PERSONALES",GASTOS,INVERSION,ADQUISICION DE BIENES Y SERVICIOS,ADQUISICIONES DIFERENTES DE ACTIVOS,ADQUISICION DE SERVICIOS,"SERVICIOS PARA LA COMUNIDAD, SOCIALES Y PERSONALES",No Aplica,No Aplica,No Aplica,No Aplica,VIGENCIA ACTUAL,ENTIDADES TERRITORIALES - ADMINISTRACION CENTRAL,SERVICIO DE ASISTENCIA TECNICA4599031,No Aplica,NO DEFINIDO,,,2023,Primer Trimestre,,,,OTROS SERVICIOS ADMINISTRATIVOS DEL GOBIERNO N C P,"SGP-PROPOSITO GENERAL-LIBRE DESTINACION MUNICIPIOS CATEGORIAS 4, 5 Y 6",,,,,,NO APLICA,,,,,,CON SITUACION DE FONDOS,NO APLICA,NO APLICA,10543446.0,6761567.0,3598291.0
8861592,20210901,218552585,Pupiales,2.1.2.01,ADQUISICION DE ACTIVOS NO FINANCIEROS,GASTOS,FUNCIONAMIENTO,ADQUISICION DE BIENES Y SERVICIOS,ADQUISICION DE ACTIVOS NO FINANCIEROS,No Aplica,No Aplica,No Aplica,No Aplica,No Aplica,No Aplica,VIGENCIA ACTUAL,ENTIDADES TERRITORIALES - ADMINISTRACION CENTRAL,NO DEFINIDO,No Aplica,NO DEFINIDO,,,2021,Tercer Trimestre,,,,NO DEFINIDO,NO DEFINIDO,,,,,,NO DEFINIDO,,,,,,NO DEFINIDO,NO DEFINIDO,NO DEFINIDO,23200000.0,23200000.0,23200000.0
8864068,20210901,218552585,Pupiales,2.2.2.02.02,PRESTAMOS,GASTOS,SERVICIO DE LA DEUDA PUBLICA,SERVICIO DE LA DEUDA PUBLICA INTERNA,INTERESES,PRESTAMOS,No Aplica,No Aplica,No Aplica,No Aplica,No Aplica,VIGENCIA ACTUAL,ENTIDADES TERRITORIALES - ADMINISTRACION CENTRAL,NO DEFINIDO,No Aplica,NO DEFINIDO,,,2021,Tercer Trimestre,,,,NO DEFINIDO,NO DEFINIDO,,,,,,NO DEFINIDO,,,,,,NO DEFINIDO,NO DEFINIDO,NO DEFINIDO,19975817.0,19975817.0,19975817.0
8865258,20220901,218552585,Pupiales,2.3.2.02.02.009,"SERVICIOS PARA LA COMUNIDAD, SOCIALES Y PERSONALES",GASTOS,INVERSION,ADQUISICION DE BIENES Y SERVICIOS,ADQUISICIONES DIFERENTES DE ACTIVOS,ADQUISICION DE SERVICIOS,"SERVICIOS PARA LA COMUNIDAD, SOCIALES Y PERSONALES",No Aplica,No Aplica,No Aplica,No Aplica,VIGENCIA ACTUAL,ENTIDADES TERRITORIALES - ADMINISTRACION CENTRAL,SERVICIO DE ATENCION EN SALUD A LA POBLACION,No Aplica,NO DEFINIDO,,,2022,Tercer Trimestre,,,,OTROS SERVICIOS DE LA ADMINISTRACION PUBLICA N C P,TRANSFERENCIAS DE CAPITAL DE OTRAS ENTIDADES DEL GOBIERNO GENERAL,,,,,,NO APLICA,,,,,,SIN SITUACION DE FONDOS,MINISTERIO DE SALUD Y PROTECCION SOCIAL,NO APLICA,8004316228.0,8004316228.0,8004316228.0
8865500,20220901,218552585,Pupiales,2.3.3.01.02.004.01,SUBSIDIOS DE ACUEDUCTO,GASTOS,INVERSION,TRANSFERENCIAS CORRIENTES,SUBVENCIONES,A EMPRESAS PUBLICAS NO FINANCIERAS,SUBVENCIONES PARA SERVICIOS PUBLICOS DOMICILIARIOS DE AGUA POTABLE Y SANEAMIENTO BASICO,SUBSIDIOS DE ACUEDUCTO,No Aplica,No Aplica,No Aplica,VIGENCIA ACTUAL,ENTIDADES TERRITORIALES - ADMINISTRACION CENTRAL,SERVICIO DE APOYO FINANCIERO PARA SUBSIDIOS AL CONSUMO EN LOS SERVICIOS PUBLICOS DOMICILIARIOS,2021525850015,NO DEFINIDO,,,2022,Tercer Trimestre,,,,NO APLICA,SGP-AGUA POTABLE Y SANEAMIENTO BASICO,,,,,,NO APLICA,,,,,,CON SITUACION DE FONDOS,DIRECCION NACIONAL DEL TESORO MINISTERIO DE HACIENDA Y CREDITO PUBLICO,NO APLICA,208930890.0,132119055.0,132119055.0
8866589,20211201,218552585,Pupiales,2.2.2.02.02.002.02.03,BANCA COMERCIAL,GASTOS,SERVICIO DE LA DEUDA PUBLICA,SERVICIO DE LA DEUDA PUBLICA INTERNA,INTERESES,PRESTAMOS,ENTIDADES FINANCIERAS,BANCA COMERCIAL,BANCA COMERCIAL,No Aplica,No Aplica,VIGENCIA ACTUAL,ENTIDADES TERRITORIALES - ADMINISTRACION CENTRAL,BANCO DE MAQUINARIA DOTADO,No Aplica,NO DEFINIDO,,,2021,Cuarto Trimestre,,,,NO APLICA,SGP-PROPOSITO GENERAL-PROPOSITO GENERAL LIBRE INVERSION,,,,,,NO APLICA,,,,,,CON SITUACION DE FONDOS,NO APLICA,NO DEFINIDO,34477266.0,34477266.0,34477266.0
8873792,20220601,218552585,Pupiales,2.3.1.01.01.001,FACTORES SALARIALES COMUNES,GASTOS,INVERSION,GASTOS DE PERSONAL,PLANTA DE PERSONAL PERMANENTE,FACTORES CONSTITUTIVOS DE SALARIO,FACTORES SALARIALES COMUNES,No Aplica,No Aplica,No Aplica,No Aplica,VIGENCIA ACTUAL,ENTIDADES TERRITORIALES - ADMINISTRACION CENTRAL,NO DEFINIDO,No Aplica,NO DEFINIDO,,,2022,Segundo Trimestre,,,,NO DEFINIDO,NO DEFINIDO,,,,,,NO DEFINIDO,,,,,,NO DEFINIDO,NO DEFINIDO,NO DEFINIDO,120808310.0,95085110.0,95085110.0
8875114,20220601,218552585,Pupiales,2.1,FUNCIONAMIENTO,GASTOS,FUNCIONAMIENTO,No Aplica,No Aplica,No Aplica,No Aplica,No Aplica,No Aplica,No Aplica,No Aplica,VIGENCIA ACTUAL,ENTIDADES TERRITORIALES - CONCEJO,NO DEFINIDO,No Aplica,NO DEFINIDO,,,2022,Segundo Trimestre,,,,NO DEFINIDO,NO DEFINIDO,,,,,,NO DEFINIDO,,,,,,NO DEFINIDO,NO DEFINIDO,NO DEFINIDO,99880059.0,99880059.0,99880059.0
8875619,20220601,218552585,Pupiales,2.3.2.02.02.006,"COMERCIO Y DISTRIBUCION; ALOJAMIENTO; SERVICIOS DE SUMINISTRO DE COMIDAS Y BEBIDAS; SERVICIOS DE TRANSPORTE; Y SERVICIOS DE DISTRIBUCION DE ELECTRICIDAD, GAS Y AGUA",GASTOS,INVERSION,ADQUISICION DE BIENES Y SERVICIOS,ADQUISICIONES DIFERENTES DE ACTIVOS,ADQUISICION DE SERVICIOS,"COMERCIO Y DISTRIBUCION; ALOJAMIENTO; SERVICIOS DE SUMINISTRO DE COMIDAS Y BEBIDAS; SERVICIOS DE TRANSPORTE; Y SERVICIOS DE DISTRIBUCION DE ELECTRICIDAD, GAS Y AGUA",No Aplica,No Aplica,No Aplica,No Aplica,VIGENCIA ACTUAL,ENTIDADES TERRITORIALES - ADMINISTRACION CENTRAL,SERVICIO DE APOYO FINANCIERO AL CONSUMO DEL SERVICIO DE ENERGIA ELECTRICA DEL SISTEMA INTERCONECTADO NACIONAL,No Aplica,NO DEFINIDO,,,2022,Segundo Trimestre,,,,OTROS SERVICIOS DIVERSOS N C P,SGP-PROPOSITO GENERAL-PROPOSITO GENERAL LIBRE INVERSION,,,,,,NO APLICA,,,,,,CON SITUACION DE FONDOS,DIRECCION NACIONAL DEL TESORO MINISTERIO DE HACIENDA Y CREDITO PUBLICO,NO APLICA,198195230.0,191576162.0,191576162.0
8875986,20230601,218552585,Pupiales,2.2.2.02.02.002.02,BANCA COMERCIAL,GASTOS,SERVICIO DE LA DEUDA PUBLICA,SERVICIO DE LA DEUDA PUBLICA INTERNA,INTERESES,PRESTAMOS,ENTIDADES FINANCIERAS,BANCA COMERCIAL,No Aplica,No Aplica,No Aplica,VIGENCIA ACTUAL,ENTIDADES TERRITORIALES - ADMINISTRACION CENTRAL,NO DEFINIDO,No Aplica,NO DEFINIDO,,,2023,Segundo Trimestre,,,,NO DEFINIDO,NO DEFINIDO,,,,,,NO DEFINIDO,,,,,,NO DEFINIDO,NO DEFINIDO,NO DEFINIDO,103361644.0,103361644.0,103361644.0
8876395,20210901,218552585,Pupiales,2.1.1.01.02.007,APORTES AL SENA,GASTOS,FUNCIONAMIENTO,GASTOS DE PERSONAL,PLANTA DE PERSONAL PERMANENTE,CONTRIBUCIONES INHERENTES A LA NOMINA,APORTES AL SENA,No Aplica,No Aplica,No Aplica,No Aplica,VIGENCIA ACTUAL,ENTIDADES TERRITORIALES - ADMINISTRACION CENTRAL,NO APLICA,No Aplica,NO DEFINIDO,,,2021,Tercer Trimestre,,,,NO APLICA,1.2.1.0.00 - INGRESOS CORRIENTES DE LIBRE DESTINACION,,,,,,NO APLICA,,,,,,CON SITUACION DE FONDOS,NO APLICA,NO DEFINIDO,1706179.0,1706179.0,1706179.0
8877860,20210901,218552585,Pupiales,2.1.1.01,PLANTA DE PERSONAL PERMANENTE,GASTOS,FUNCIONAMIENTO,GASTOS DE PERSONAL,PLANTA DE PERSONAL PERMANENTE,No Aplica,No Aplica,No Aplica,No Aplica,No Aplica,No Aplica,VIGENCIA ACTUAL,ENTIDADES TERRITORIALES - CONCEJO,NO DEFINIDO,No Aplica,NO DEFINIDO,,,2021,Tercer Trimestre,,,,NO DEFINIDO,NO DEFINIDO,,,,,,NO DEFINIDO,,,,,,NO DEFINIDO,NO DEFINIDO,NO DEFINIDO,181268314.0,181268314.0,181268314.0
8878112,20210901,218552585,Pupiales,2.2.2,SERVICIO DE LA DEUDA PUBLICA INTERNA,GASTOS,SERVICIO DE LA DEUDA PUBLICA,SERVICIO DE LA DEUDA PUBLICA INTERNA,No Aplica,No Aplica,No Aplica,No Aplica,No Aplica,No Aplica,No Aplica,VIGENCIA ACTUAL,ENTIDADES TERRITORIALES - ADMINISTRACION CENTRAL,NO DEFINIDO,No Aplica,NO DEFINIDO,,,2021,Tercer Trimestre,,,,NO DEFINIDO,NO DEFINIDO,,,,,,NO DEFINIDO,,,,,,NO DEFINIDO,NO DEFINIDO,NO DEFINIDO,97335931.0,97335931.0,97335931.0
8879042,20220601,218552585,Pupiales,2.3.2.02,ADQUISICIONES DIFERENTES DE ACTIVOS,GASTOS,INVERSION,ADQUISICION DE BIENES Y SERVICIOS,ADQUISICIONES DIFERENTES DE ACTIVOS,No Aplica,No Aplica,No Aplica,No Aplica,No Aplica,No Aplica,VIGENCIA ACTUAL,ENTIDADES TERRITORIALES - ADMINISTRACION CENTRAL,NO DEFINIDO,No Aplica,NO DEFINIDO,,,2022,Segundo Trimestre,,,,NO DEFINIDO,NO DEFINIDO,,,,,,NO DEFINIDO,,,,,,NO DEFINIDO,NO DEFINIDO,NO DEFINIDO,12599557654.0,10825276447.0,10825276447.0
8880924,20221201,218552585,Pupiales,2.2.2.01.02,PRESTAMOS,GASTOS,SERVICIO DE LA DEUDA PUBLICA,SERVICIO DE LA DEUDA PUBLICA INTERNA,PRINCIPAL,PRESTAMOS,No Aplica,No Aplica,No Aplica,No Aplica,No Aplica,VIGENCIA ACTUAL,ENTIDADES TERRITORIALES - ADMINISTRACION CENTRAL,NO DEFINIDO,No Aplica,NO DEFINIDO,,,2022,Cuarto Trimestre,,,,NO DEFINIDO,NO DEFINIDO,,,,,,NO DEFINIDO,,,,,,NO DEFINIDO,NO DEFINIDO,NO DEFINIDO,407585113.0,407585113.0,407585113.0
8881448,20220601,218552585,Pupiales,2.3.1.01.02.006,APORTES AL ICBF,GASTOS,INVERSION,GASTOS DE PERSONAL,PLANTA DE PERSONAL PERMANENTE,CONTRIBUCIONES INHERENTES A LA NOMINA,APORTES AL ICBF,No Aplica,No Aplica,No Aplica,No Aplica,VIGENCIA ACTUAL,ENTIDADES TERRITORIALES - ADMINISTRACION CENTRAL,NO APLICA,No Aplica,NO DEFINIDO,,,2022,Segundo Trimestre,,,,NO APLICA,SGP-PROPOSITO GENERAL-PROPOSITO GENERAL LIBRE INVERSION,,,,,,NO APLICA,,,,,,CON SITUACION DE FONDOS,DIRECCION NACIONAL DEL TESORO MINISTERIO DE HACIENDA Y CREDITO PUBLICO,NO APLICA,2967770.0,2967770.0,2967770.0
8881566,20230301,218552585,Pupiales,2.1.1.01.02.002,APORTES A LA SEGURIDAD SOCIAL EN SALUD,GASTOS,FUNCIONAMIENTO,GASTOS DE PERSONAL,PLANTA DE PERSONAL PERMANENTE,CONTRIBUCIONES INHERENTES A LA NOMINA,APORTES A LA SEGURIDAD SOCIAL EN SALUD,No Aplica,No Aplica,No Aplica,No Aplica,VIGENCIA ACTUAL,ENTIDADES TERRITORIALES - ADMINISTRACION CENTRAL,NO APLICA,No Aplica,NO DEFINIDO,,,2023,Primer Trimestre,,,,NO APLICA,"SGP-PROPOSITO GENERAL-LIBRE DESTINACION MUNICIPIOS CATEGORIAS 4, 5 Y 6",,,,,,NO APLICA,,,,,,CON SITUACION DE FONDOS,NO APLICA,NO APLICA,10123879.0,10123879.0,6681167.0
8882649,20230301,218552585,Pupiales,2.3.2.02.02.009,"SERVICIOS PARA LA COMUNIDAD, SOCIALES Y PERSONALES",GASTOS,INVERSION,ADQUISICION DE BIENES Y SERVICIOS,ADQUISICIONES DIFERENTES DE ACTIVOS,ADQUISICION DE SERVICIOS,"SERVICIOS PARA LA COMUNIDAD, SOCIALES Y PERSONALES",No Aplica,No Aplica,No Aplica,No Aplica,CUENTAS POR PAGAR,ENTIDADES TERRITORIALES - ADMINISTRACION CENTRAL,SERVICIO DE ASISTENCIA TECNICA4599031,No Aplica,NO DEFINIDO,,,2023,Primer Trimestre,,,,SERVICIOS FINANCIEROS Y FISCALES DE LA ADMINISTRACION PUBLICA,"SGP-PROPOSITO GENERAL-LIBRE DESTINACION MUNICIPIOS CATEGORIAS 4, 5 Y 6",,,,,,NO APLICA,,,,,,CON SITUACION DE FONDOS,NO APLICA,NO APLICA,1534424.0,1534424.0,1115944.0
8884180,20220901,218552585,Pupiales,2.3.2.02.01.003,"OTROS BIENES TRANSPORTABLES EXCEPTO PRODUCTOS METALICOS, MAQUINARIA Y EQUIPO",GASTOS,INVERSION,ADQUISICION DE BIENES Y SERVICIOS,ADQUISICIONES DIFERENTES DE ACTIVOS,MATERIALES Y SUMINISTROS,"OTROS BIENES TRANSPORTABLES EXCEPTO PRODUCTOS METALICOS, MAQUINARIA Y EQUIPO",No Aplica,No Aplica,No Aplica,No Aplica,VIGENCIA ACTUAL,ENTIDADES TERRITORIALES - ADMINISTRACION CENTRAL,SERVICIO DE ASISTENCIA TECNICA EN INFRAESTRUCTURA Y SERVICIO DE LA RED VIAL REGIONAL,No Aplica,NO DEFINIDO,,,2022,Tercer Trimestre,,,,OTROS SERVICIOS DE LA ADMINISTRACION PUBLICA N C P,SGP-PROPOSITO GENERAL-PROPOSITO GENERAL LIBRE INVERSION,,,,,,NO APLICA,,,,,,CON SITUACION DE FONDOS,DIRECCION NACIONAL DEL TESORO MINISTERIO DE HACIENDA Y CREDITO PUBLICO,NO APLICA,268708000.0,268707972.0,268707972.0
8888461,20220301,218552585,Pupiales,2.3.1.01.03.001,PRESTACIONES SOCIALES,GASTOS,INVERSION,GASTOS DE PERSONAL,PLANTA DE PERSONAL PERMANENTE,REMUNERACIONES NO CONSTITUTIVAS DE FACTOR SALARIAL,PRESTACIONES SOCIALES,No Aplica,No Aplica,No Aplica,No Aplica,VIGENCIA ACTUAL,ENTIDADES TERRITORIALES - ADMINISTRACION CENTRAL,NO DEFINIDO,No Aplica,NO DEFINIDO,,,2022,Primer Trimestre,,,,NO DEFINIDO,NO DEFINIDO,,,,,,NO DEFINIDO,,,,,,NO DEFINIDO,NO DEFINIDO,NO DEFINIDO,4999151.0,4999151.0,4999151.0
8888785,20220901,218552585,Pupiales,2.2.2.02,INTERESES,GASTOS,SERVICIO DE LA DEUDA PUBLICA,SERVICIO DE LA DEUDA PUBLICA INTERNA,INTERESES,No Aplica,No Aplica,No Aplica,No Aplica,No Aplica,No Aplica,VIGENCIA ACTUAL,ENTIDADES TERRITORIALES - ADMINISTRACION CENTRAL,NO DEFINIDO,No Aplica,NO DEFINIDO,,,2022,Tercer Trimestre,,,,NO DEFINIDO,NO DEFINIDO,,,,,,NO DEFINIDO,,,,,,NO DEFINIDO,NO DEFINIDO,NO DEFINIDO,79948891.0,79948891.0,79948891.0
8892509,20230601,218552585,Pupiales,2.3.2.01.01.003.02.04,"MAQUINARIA PARA LA MINERIA, LA EXPLOTACION DE CANTERAS Y LA CONSTRUCCION Y SUS PARTES Y PIEZAS",GASTOS,INVERSION,ADQUISICION DE BIENES Y SERVICIOS,ADQUISICION DE ACTIVOS NO FINANCIEROS,ACTIVOS FIJOS,MAQUINARIA Y EQUIPO,MAQUINARIA PARA USOS ESPECIALES,"MAQUINARIA PARA LA MINERIA, LA EXPLOTACION DE CANTERAS Y LA CONSTRUCCION Y SUS PARTES Y PIEZAS",No Aplica,No Aplica,VIGENCIA ACTUAL,ENTIDADES TERRITORIALES - ADMINISTRACION CENTRAL,VIA TERCIARIA MEJORADA,No Aplica,NO DEFINIDO,,,2023,Segundo Trimestre,,,,NO APLICA,SGP-PROPOSITO GENERAL-PROPOSITO GENERAL LIBRE INVERSION,,,,,,NO APLICA,,,,,,CON SITUACION DE FONDOS,NO APLICA,NO APLICA,119995000.0,0.0,0.0
8892635,20220301,218552585,Pupiales,2.1.1.01.02.004,APORTES A CAJAS DE COMPENSACION FAMILIAR,GASTOS,FUNCIONAMIENTO,GASTOS DE PERSONAL,PLANTA DE PERSONAL PERMANENTE,CONTRIBUCIONES INHERENTES A LA NOMINA,APORTES A CAJAS DE COMPENSACION FAMILIAR,No Aplica,No Aplica,No Aplica,No Aplica,VIGENCIA ACTUAL,ENTIDADES TERRITORIALES - ADMINISTRACION CENTRAL,NO APLICA,No Aplica,NO DEFINIDO,,,2022,Primer Trimestre,,,,NO APLICA,INGRESOS CORRIENTES DE LIBRE DESTINACION,,,,,,NO APLICA,,,,,,CON SITUACION DE FONDOS,NO APLICA,NO APLICA,3647209.0,3647209.0,3647209.0
8895006,20211201,218552585,Pupiales,2.3.4.03,COMPENSACIONES DE CAPITAL,GASTOS,INVERSION,TRANSFERENCIAS DE CAPITAL,COMPENSACIONES DE CAPITAL,No Aplica,No Aplica,No Aplica,No Aplica,No Aplica,No Aplica,VIGENCIA ACTUAL,ENTIDADES TERRITORIALES - ADMINISTRACION CENTRAL,SEDES DOTADAS,No Aplica,NO DEFINIDO,,,2021,Cuarto Trimestre,,,,NO APLICA,INGRESOS CORRIENTES DE LIBRE DESTINACION,,,,,,NO APLICA,,,,,,CON SITUACION DE FONDOS,NO APLICA,NO DEFINIDO,25000000.0,25000000.0,25000000.0
8896187,20230601,218552585,Pupiales,2.1.3.14,APORTES AL FONPET,GASTOS,FUNCIONAMIENTO,TRANSFERENCIAS CORRIENTES,APORTES AL FONPET,No Aplica,No Aplica,No Aplica,No Aplica,No Aplica,No Aplica,VIGENCIA ACTUAL,ENTIDADES TERRITORIALES - ADMINISTRACION CENTRAL,NO DEFINIDO,No Aplica,NO DEFINIDO,,,2023,Segundo Trimestre,,,,NO DEFINIDO,NO DEFINIDO,,,,,,NO DEFINIDO,,,,,,NO DEFINIDO,NO DEFINIDO,NO DEFINIDO,197028084.0,197028084.0,197028084.0
8897464,20230301,218552585,Pupiales,2.3.2.02.02.009,"SERVICIOS PARA LA COMUNIDAD, SOCIALES Y PERSONALES",GASTOS,INVERSION,ADQUISICION DE BIENES Y SERVICIOS,ADQUISICIONES DIFERENTES DE ACTIVOS,ADQUISICION DE SERVICIOS,"SERVICIOS PARA LA COMUNIDAD, SOCIALES Y PERSONALES",No Aplica,No Aplica,No Aplica,No Aplica,CUENTAS POR PAGAR,ENTIDADES TERRITORIALES - ADMINISTRACION CENTRAL,"SERVICIO DE APOYO PARA LA ORGANIZACION Y LA PARTICIPACION DEL SECTOR ARTISTICO, CULTURAL Y LA CIUDADANIA",No Aplica,NO DEFINIDO,,,2023,Primer Trimestre,,,,OTROS SERVICIOS DIVERSOS N C P,"SGP-PROPOSITO GENERAL-LIBRE DESTINACION MUNICIPIOS CATEGORIAS 4, 5 Y 6",,,,,,NO APLICA,,,,,,CON SITUACION DE FONDOS,NO APLICA,NO APLICA,2717890.0,2717890.0,0.0
8898647,20210901,218552585,Pupiales,2.2.2.01.02,PRESTAMOS,GASTOS,SERVICIO DE LA DEUDA PUBLICA,SERVICIO DE LA DEUDA PUBLICA INTERNA,PRINCIPAL,PRESTAMOS,No Aplica,No Aplica,No Aplica,No Aplica,No Aplica,VIGENCIA ACTUAL,ENTIDADES TERRITORIALES - ADMINISTRACION CENTRAL,NO DEFINIDO,No Aplica,NO DEFINIDO,,,2021,Tercer Trimestre,,,,NO DEFINIDO,NO DEFINIDO,,,,,,NO DEFINIDO,,,,,,NO DEFINIDO,NO DEFINIDO,NO DEFINIDO,77360114.0,77360114.0,77360114.0
8902855,20230601,218552585,Pupiales,2.3.2.02.01,MATERIALES Y SUMINISTROS,GASTOS,INVERSION,ADQUISICION DE BIENES Y SERVICIOS,ADQUISICIONES DIFERENTES DE ACTIVOS,MATERIALES Y SUMINISTROS,No Aplica,No Aplica,No Aplica,No Aplica,No Aplica,VIGENCIA ACTUAL,ENTIDADES TERRITORIALES - ADMINISTRACION CENTRAL,NO DEFINIDO,No Aplica,NO DEFINIDO,,,2023,Segundo Trimestre,,,,NO DEFINIDO,NO DEFINIDO,,,,,,NO DEFINIDO,,,,,,NO DEFINIDO,NO DEFINIDO,NO DEFINIDO,250000000.0,147925409.0,147925409.0
8906828,20221201,218552585,Pupiales,2.1.1.01.02.008,APORTES A LA ESAP,GASTOS,FUNCIONAMIENTO,GASTOS DE PERSONAL,PLANTA DE PERSONAL PERMANENTE,CONTRIBUCIONES INHERENTES A LA NOMINA,APORTES A LA ESAP,No Aplica,No Aplica,No Aplica,No Aplica,VIGENCIA ACTUAL,ENTIDADES TERRITORIALES - ADMINISTRACION CENTRAL,NO APLICA,No Aplica,NO DEFINIDO,,,2022,Cuarto Trimestre,,,,NO APLICA,"SGP-PROPOSITO GENERAL-LIBRE DESTINACION MUNICIPIOS CATEGORIAS 4, 5 Y 6",,,,,,NO APLICA,,,,,,CON SITUACION DE FONDOS,NO APLICA,NO APLICA,2627579.0,2627579.0,2627579.0
8907718,20220601,218552585,Pupiales,2.3.1.01.01,FACTORES CONSTITUTIVOS DE SALARIO,GASTOS,INVERSION,GASTOS DE PERSONAL,PLANTA DE PERSONAL PERMANENTE,FACTORES CONSTITUTIVOS DE SALARIO,No Aplica,No Aplica,No Aplica,No Aplica,No Aplica,VIGENCIA ACTUAL,ENTIDADES TERRITORIALES - ADMINISTRACION CENTRAL,NO DEFINIDO,No Aplica,NO DEFINIDO,,,2022,Segundo Trimestre,,,,NO DEFINIDO,NO DEFINIDO,,,,,,NO DEFINIDO,,,,,,NO DEFINIDO,NO DEFINIDO,NO DEFINIDO,120808310.0,95085110.0,95085110.0
8908273,20210601,218552585,Pupiales,2.1.2.01,ADQUISICION DE ACTIVOS NO FINANCIEROS,GASTOS,FUNCIONAMIENTO,ADQUISICION DE BIENES Y SERVICIOS,ADQUISICION DE ACTIVOS NO FINANCIEROS,No Aplica,No Aplica,No Aplica,No Aplica,No Aplica,No Aplica,VIGENCIA ACTUAL,ENTIDADES TERRITORIALES - ADMINISTRACION CENTRAL,NO DEFINIDO,No Aplica,NO DEFINIDO,,,2021,Segundo Trimestre,,,,NO DEFINIDO,NO DEFINIDO,,,,,,NO DEFINIDO,,,,,,NO DEFINIDO,NO DEFINIDO,NO DEFINIDO,23200000.0,23200000.0,23200000.0
8909819,20211201,218552585,Pupiales,2.3.2.02.02.009,"SERVICIOS PARA LA COMUNIDAD, SOCIALES Y PERSONALES",GASTOS,INVERSION,ADQUISICION DE BIENES Y SERVICIOS,ADQUISICIONES DIFERENTES DE ACTIVOS,ADQUISICION DE SERVICIOS,"SERVICIOS PARA LA COMUNIDAD, SOCIALES Y PERSONALES",No Aplica,No Aplica,No Aplica,No Aplica,VIGENCIA ACTUAL,ENTIDADES TERRITORIALES - ADMINISTRACION CENTRAL,ALCANTARILLADOS OPTIMIZADOS,2021525850001,NO DEFINIDO,,,2021,Cuarto Trimestre,,,,OTROS SERVICIOS DIVERSOS N C P,SGP-AGUA POTABLE Y SANEAMIENTO BASICO,,,,,,NO APLICA,,,,,,CON SITUACION DE FONDOS,DIRECCION NACIONAL DEL TESORO MINISTERIO DE HACIENDA Y CREDITO PUBLICO,NO DEFINIDO,67963267.0,42619121.0,42619121.0
8910026,20220601,218552585,Pupiales,2.3.2.02.02.009,"SERVICIOS PARA LA COMUNIDAD, SOCIALES Y PERSONALES",GASTOS,INVERSION,ADQUISICION DE BIENES Y SERVICIOS,ADQUISICIONES DIFERENTES DE ACTIVOS,ADQUISICION DE SERVICIOS,"SERVICIOS PARA LA COMUNIDAD, SOCIALES Y PERSONALES",No Aplica,No Aplica,No Aplica,No Aplica,VIGENCIA ACTUAL,ENTIDADES TERRITORIALES - ADMINISTRACION CENTRAL,SERVICIO DE ASISTENCIA TECNICA EN EL MARCO DE LA FORMULACION E IMPLEMENTACION DE PROYECTOS DEMOSTRATIVOS PARA LA REDUCCION DE IMPACTOS AMBIENTALES DE LA MINERIA,No Aplica,NO DEFINIDO,,,2022,Segundo Trimestre,,,,OTROS SERVICIOS DIVERSOS N C P,SGP-PROPOSITO GENERAL-PROPOSITO GENERAL LIBRE INVERSION,,,,,,NO APLICA,,,,,,CON SITUACION DE FONDOS,DIRECCION NACIONAL DEL TESORO MINISTERIO DE HACIENDA Y CREDITO PUBLICO,NO APLICA,18985000.0,15365000.0,15365000.0
8912428,20220301,218552585,Pupiales,2.3.1.01.01.001,FACTORES SALARIALES COMUNES,GASTOS,INVERSION,GASTOS DE PERSONAL,PLANTA DE PERSONAL PERMANENTE,FACTORES CONSTITUTIVOS DE SALARIO,FACTORES SALARIALES COMUNES,No Aplica,No Aplica,No Aplica,No Aplica,VIGENCIA ACTUAL,ENTIDADES TERRITORIALES - ADMINISTRACION CENTRAL,NO DEFINIDO,No Aplica,NO DEFINIDO,,,2022,Primer Trimestre,,,,NO DEFINIDO,NO DEFINIDO,,,,,,NO DEFINIDO,,,,,,NO DEFINIDO,NO DEFINIDO,NO DEFINIDO,58754256.0,58754256.0,58754256.0
8913378,20211201,218552585,Pupiales,2.3.2,ADQUISICION DE BIENES Y SERVICIOS,GASTOS,INVERSION,ADQUISICION DE BIENES Y SERVICIOS,No Aplica,No Aplica,No Aplica,No Aplica,No Aplica,No Aplica,No Aplica,VIGENCIA ACTUAL,ENTIDADES TERRITORIALES - ADMINISTRACION CENTRAL,NO DEFINIDO,No Aplica,NO DEFINIDO,,,2021,Cuarto Trimestre,,,,NO DEFINIDO,NO DEFINIDO,,,,,,NO DEFINIDO,,,,,,NO DEFINIDO,NO DEFINIDO,NO DEFINIDO,22834293812.0,22194705754.0,21855962172.0
8913897,20220601,218552585,Pupiales,2.1.1.01.03.001.03,BONIFICACION ESPECIAL DE RECREACION,GASTOS,FUNCIONAMIENTO,GASTOS DE PERSONAL,PLANTA DE PERSONAL PERMANENTE,REMUNERACIONES NO CONSTITUTIVAS DE FACTOR SALARIAL,PRESTACIONES SOCIALES,BONIFICACION ESPECIAL DE RECREACION,No Aplica,No Aplica,No Aplica,VIGENCIA ACTUAL,ENTIDADES TERRITORIALES - ADMINISTRACION CENTRAL,NO APLICA,No Aplica,NO DEFINIDO,,,2022,Segundo Trimestre,,,,NO APLICA,INGRESOS CORRIENTES DE LIBRE DESTINACION,,,,,,NO APLICA,,,,,,CON SITUACION DE FONDOS,NO APLICA,NO APLICA,975765.0,975765.0,975765.0
8915054,20220301,218552585,Pupiales,2.3.2.02.02.009,"SERVICIOS PARA LA COMUNIDAD, SOCIALES Y PERSONALES",GASTOS,INVERSION,ADQUISICION DE BIENES Y SERVICIOS,ADQUISICIONES DIFERENTES DE ACTIVOS,ADQUISICION DE SERVICIOS,"SERVICIOS PARA LA COMUNIDAD, SOCIALES Y PERSONALES",No Aplica,No Aplica,No Aplica,No Aplica,VIGENCIA ACTUAL,ENTIDADES TERRITORIALES - ADMINISTRACION CENTRAL,SERVICIO DE ATENCION EN SALUD A LA POBLACION,No Aplica,NO DEFINIDO,,,2022,Primer Trimestre,,,,OTROS SERVICIOS ADMINISTRATIVOS DEL GOBIERNO N C P,TRANSFERENCIAS DE CAPITAL DE OTRAS ENTIDADES DEL GOBIERNO GENERAL,,,,,,NO APLICA,,,,,,SIN SITUACION DE FONDOS,MINISTERIO DE SALUD Y PROTECCION SOCIAL,NO APLICA,2773234020.0,2773234020.0,2773234020.0
8916319,20230601,218552585,Pupiales,2.2.2.01.02.002.02.03,BANCA COMERCIAL,GASTOS,SERVICIO DE LA DEUDA PUBLICA,SERVICIO DE LA DEUDA PUBLICA INTERNA,PRINCIPAL,PRESTAMOS,ENTIDADES FINANCIERAS,BANCA COMERCIAL,BANCA COMERCIAL,No Aplica,No Aplica,VIGENCIA ACTUAL,ENTIDADES TERRITORIALES - ADMINISTRACION CENTRAL,NO APLICA,No Aplica,NO DEFINIDO,,,2023,Segundo Trimestre,,,,NO APLICA,SGP-AGUA POTABLE Y SANEAMIENTO BASICO,,,,,,NO APLICA,,,,,,CON SITUACION DE FONDOS,NO APLICA,NO APLICA,29197144.0,29197144.0,29197144.0
8916861,20220301,218552585,Pupiales,2.3.1.01.01,FACTORES CONSTITUTIVOS DE SALARIO,GASTOS,INVERSION,GASTOS DE PERSONAL,PLANTA DE PERSONAL PERMANENTE,FACTORES CONSTITUTIVOS DE SALARIO,No Aplica,No Aplica,No Aplica,No Aplica,No Aplica,VIGENCIA ACTUAL,ENTIDADES TERRITORIALES - ADMINISTRACION CENTRAL,NO DEFINIDO,No Aplica,NO DEFINIDO,,,2022,Primer Trimestre,,,,NO DEFINIDO,NO DEFINIDO,,,,,,NO DEFINIDO,,,,,,NO DEFINIDO,NO DEFINIDO,NO DEFINIDO,58754256.0,58754256.0,58754256.0
8919855,20220301,218552585,Pupiales,2.3.1.01.02.003,APORTES DE CESANTIAS,GASTOS,INVERSION,GASTOS DE PERSONAL,PLANTA DE PERSONAL PERMANENTE,CONTRIBUCIONES INHERENTES A LA NOMINA,APORTES DE CESANTIAS,No Aplica,No Aplica,No Aplica,No Aplica,VIGENCIA ACTUAL,ENTIDADES TERRITORIALES - ADMINISTRACION CENTRAL,NO APLICA,No Aplica,NO DEFINIDO,,,2022,Primer Trimestre,,,,NO APLICA,SGP-PROPOSITO GENERAL-PROPOSITO GENERAL LIBRE INVERSION,,,,,,NO APLICA,,,,,,CON SITUACION DE FONDOS,DIRECCION NACIONAL DEL TESORO MINISTERIO DE HACIENDA Y CREDITO PUBLICO,NO APLICA,3654653.0,3654653.0,3654653.0
8921568,20220901,218552585,Pupiales,2.2.2.02.02.002.02.03,BANCA COMERCIAL,GASTOS,SERVICIO DE LA DEUDA PUBLICA,SERVICIO DE LA DEUDA PUBLICA INTERNA,INTERESES,PRESTAMOS,ENTIDADES FINANCIERAS,BANCA COMERCIAL,BANCA COMERCIAL,No Aplica,No Aplica,VIGENCIA ACTUAL,ENTIDADES TERRITORIALES - ADMINISTRACION CENTRAL,NO APLICA,No Aplica,NO DEFINIDO,,,2022,Tercer Trimestre,,,,NO APLICA,SGP-AGUA POTABLE Y SANEAMIENTO BASICO,,,,,,NO APLICA,,,,,,CON SITUACION DE FONDOS,NO APLICA,NO APLICA,14976379.0,14976379.0,14976379.0
8924753,20221201,218552585,Pupiales,2.3.1.01.01.001.07,BONIFICACION POR SERVICIOS PRESTADOS,GASTOS,INVERSION,GASTOS DE PERSONAL,PLANTA DE PERSONAL PERMANENTE,FACTORES CONSTITUTIVOS DE SALARIO,FACTORES SALARIALES COMUNES,BONIFICACION POR SERVICIOS PRESTADOS,No Aplica,No Aplica,No Aplica,VIGENCIA ACTUAL,ENTIDADES TERRITORIALES - ADMINISTRACION CENTRAL,NO APLICA,No Aplica,NO DEFINIDO,,,2022,Cuarto Trimestre,,,,NO APLICA,SGP-PROPOSITO GENERAL-PROPOSITO GENERAL LIBRE INVERSION,,,,,,NO APLICA,,,,,,CON SITUACION DE FONDOS,DIRECCION NACIONAL DEL TESORO MINISTERIO DE HACIENDA Y CREDITO PUBLICO,NO APLICA,7348293.0,7348293.0,7348293.0
8928128,20210601,218552585,Pupiales,2.3.1,GASTOS DE PERSONAL,GASTOS,INVERSION,GASTOS DE PERSONAL,No Aplica,No Aplica,No Aplica,No Aplica,No Aplica,No Aplica,No Aplica,VIGENCIA ACTUAL,ENTIDADES TERRITORIALES - ADMINISTRACION CENTRAL,NO DEFINIDO,No Aplica,NO DEFINIDO,,,2021,Segundo Trimestre,,,,NO DEFINIDO,NO DEFINIDO,,,,,,NO DEFINIDO,,,,,,NO DEFINIDO,NO DEFINIDO,NO DEFINIDO,129469645.0,129469645.0,129469645.0
8933512,20210901,218552585,Pupiales,2.3.2.02.02,ADQUISICION DE SERVICIOS,GASTOS,INVERSION,ADQUISICION DE BIENES Y SERVICIOS,ADQUISICIONES DIFERENTES DE ACTIVOS,ADQUISICION DE SERVICIOS,No Aplica,No Aplica,No Aplica,No Aplica,No Aplica,VIGENCIA ACTUAL,ENTIDADES TERRITORIALES - ADMINISTRACION CENTRAL,NO DEFINIDO,No Aplica,NO DEFINIDO,,,2021,Tercer Trimestre,,,,NO DEFINIDO,NO DEFINIDO,,,,,,NO DEFINIDO,,,,,,NO DEFINIDO,NO DEFINIDO,NO DEFINIDO,17109281198.0,15630497328.0,15592559646.0
8937395,20230601,218552585,Pupiales,2.3.2.02,ADQUISICIONES DIFERENTES DE ACTIVOS,GASTOS,INVERSION,ADQUISICION DE BIENES Y SERVICIOS,ADQUISICIONES DIFERENTES DE ACTIVOS,No Aplica,No Aplica,No Aplica,No Aplica,No Aplica,No Aplica,RESERVAS,ENTIDADES TERRITORIALES - ADMINISTRACION CENTRAL,NO DEFINIDO,No Aplica,NO DEFINIDO,,,2023,Segundo Trimestre,,,,NO DEFINIDO,NO DEFINIDO,,,,,,NO DEFINIDO,,,,,,NO DEFINIDO,NO DEFINIDO,NO DEFINIDO,1089974172.0,702808827.0,702808827.0
8939370,20220901,218552585,Pupiales,2.3.3.01.02.004.02,SUBSIDIOS DE ALCANTARILLADO,GASTOS,INVERSION,TRANSFERENCIAS CORRIENTES,SUBVENCIONES,A EMPRESAS PUBLICAS NO FINANCIERAS,SUBVENCIONES PARA SERVICIOS PUBLICOS DOMICILIARIOS DE AGUA POTABLE Y SANEAMIENTO BASICO,SUBSIDIOS DE ALCANTARILLADO,No Aplica,No Aplica,No Aplica,VIGENCIA ACTUAL,ENTIDADES TERRITORIALES - ADMINISTRACION CENTRAL,SERVICIO DE APOYO FINANCIERO PARA SUBSIDIOS AL CONSUMO EN LOS SERVICIOS PUBLICOS DOMICILIARIOS,2021525850015,NO DEFINIDO,,,2022,Tercer Trimestre,,,,NO APLICA,SGP-AGUA POTABLE Y SANEAMIENTO BASICO,,,,,,NO APLICA,,,,,,CON SITUACION DE FONDOS,DIRECCION NACIONAL DEL TESORO MINISTERIO DE HACIENDA Y CREDITO PUBLICO,NO APLICA,80609105.0,61872910.0,61872910.0
8939722,20210601,218552585,Pupiales,2.3.2.01,ADQUISICION DE ACTIVOS NO FINANCIEROS,GASTOS,INVERSION,ADQUISICION DE BIENES Y SERVICIOS,ADQUISICION DE ACTIVOS NO FINANCIEROS,No Aplica,No Aplica,No Aplica,No Aplica,No Aplica,No Aplica,VIGENCIA ACTUAL,ENTIDADES TERRITORIALES - ADMINISTRACION CENTRAL,NO DEFINIDO,No Aplica,NO DEFINIDO,,,2021,Segundo Trimestre,,,,NO DEFINIDO,NO DEFINIDO,,,,,,NO DEFINIDO,,,,,,NO DEFINIDO,NO DEFINIDO,NO DEFINIDO,1997497071.0,70919976.0,46419976.0
8940707,20211201,218552585,Pupiales,2.3.4.03,COMPENSACIONES DE CAPITAL,GASTOS,INVERSION,TRANSFERENCIAS DE CAPITAL,COMPENSACIONES DE CAPITAL,No Aplica,No Aplica,No Aplica,No Aplica,No Aplica,No Aplica,VIGENCIA ACTUAL,ENTIDADES TERRITORIALES - ADMINISTRACION CENTRAL,SEDES ADECUADAS,No Aplica,NO DEFINIDO,,,2021,Cuarto Trimestre,,,,NO APLICA,R.B. VENTA DE BIENES Y SERVICIOS,,,,,,NO APLICA,,,,,,CON SITUACION DE FONDOS,OTRO,NO DEFINIDO,42957770.0,42957770.0,33271900.0
8942457,20230601,218552585,Pupiales,2.3.2.02.02.009,"SERVICIOS PARA LA COMUNIDAD, SOCIALES Y PERSONALES",GASTOS,INVERSION,ADQUISICION DE BIENES Y SERVICIOS,ADQUISICIONES DIFERENTES DE ACTIVOS,ADQUISICION DE SERVICIOS,"SERVICIOS PARA LA COMUNIDAD, SOCIALES Y PERSONALES",No Aplica,No Aplica,No Aplica,No Aplica,VIGENCIA ACTUAL,ENTIDADES TERRITORIALES - ADMINISTRACION CENTRAL,SERVICIO DE APOYO FINANCIERO AL SECTOR ARTISTICO Y CULTURAL,No Aplica,NO DEFINIDO,,,2023,Segundo Trimestre,,,,SERVICIOS DE LOS ORGANOS DE CONTROL Y OTRAS INSTITUCIONES,ESTAMPILLAS,,,,,,NO APLICA,,,,,,CON SITUACION DE FONDOS,NO APLICA,NO APLICA,22000000.0,22000000.0,22000000.0
8942737,20220901,218552585,Pupiales,2.1.1.01.03,REMUNERACIONES NO CONSTITUTIVAS DE FACTOR SALARIAL,GASTOS,FUNCIONAMIENTO,GASTOS DE PERSONAL,PLANTA DE PERSONAL PERMANENTE,REMUNERACIONES NO CONSTITUTIVAS DE FACTOR SALARIAL,No Aplica,No Aplica,No Aplica,No Aplica,No Aplica,VIGENCIA ACTUAL,ENTIDADES TERRITORIALES - CONCEJO,NO DEFINIDO,No Aplica,NO DEFINIDO,,,2022,Tercer Trimestre,,,,NO DEFINIDO,NO DEFINIDO,,,,,,NO DEFINIDO,,,,,,NO DEFINIDO,NO DEFINIDO,NO DEFINIDO,108328861.0,108328861.0,108328861.0
8945503,20230601,218552585,Pupiales,2.3.2.01,ADQUISICION DE ACTIVOS NO FINANCIEROS,GASTOS,INVERSION,ADQUISICION DE BIENES Y SERVICIOS,ADQUISICION DE ACTIVOS NO FINANCIEROS,No Aplica,No Aplica,No Aplica,No Aplica,No Aplica,No Aplica,RESERVAS,ENTIDADES TERRITORIALES - ADMINISTRACION CENTRAL,NO DEFINIDO,No Aplica,NO DEFINIDO,,,2023,Segundo Trimestre,,,,NO DEFINIDO,NO DEFINIDO,,,,,,NO DEFINIDO,,,,,,NO DEFINIDO,NO DEFINIDO,NO DEFINIDO,5975850.0,0.0,0.0
8948039,20221201,218552585,Pupiales,2.3.2.02.02.009,"SERVICIOS PARA LA COMUNIDAD, SOCIALES Y PERSONALES",GASTOS,INVERSION,ADQUISICION DE BIENES Y SERVICIOS,ADQUISICIONES DIFERENTES DE ACTIVOS,ADQUISICION DE SERVICIOS,"SERVICIOS PARA LA COMUNIDAD, SOCIALES Y PERSONALES",No Aplica,No Aplica,No Aplica,No Aplica,VIGENCIA ACTUAL,ENTIDADES TERRITORIALES - ADMINISTRACION CENTRAL,SERVICIO DE PROMOCION DE ACTIVIDADES CULTURALES,No Aplica,NO DEFINIDO,,,2022,Cuarto Trimestre,,,,OTROS SERVICIOS DE LA ADMINISTRACION PUBLICA N C P,SGP-PROPOSITO GENERAL-CULTURA,,,,,,NO APLICA,,,,,,CON SITUACION DE FONDOS,DIRECCION NACIONAL DEL TESORO MINISTERIO DE HACIENDA Y CREDITO PUBLICO,NO APLICA,71600633.0,71600633.0,71600633.0
8948981,20210301,218552585,Pupiales,2.1.1.01.02.009,APORTES A ESCUELAS INDUSTRIALES E INSTITUTOS TECNICOS,GASTOS,FUNCIONAMIENTO,GASTOS DE PERSONAL,PLANTA DE PERSONAL PERMANENTE,CONTRIBUCIONES INHERENTES A LA NOMINA,APORTES A ESCUELAS INDUSTRIALES E INSTITUTOS TECNICOS,No Aplica,No Aplica,No Aplica,No Aplica,VIGENCIA ACTUAL,ENTIDADES TERRITORIALES - ADMINISTRACION CENTRAL,NO APLICA,No Aplica,NO DEFINIDO,,,2021,Primer Trimestre,,,,NO APLICA,1.2.1.0.00 - INGRESOS CORRIENTES DE LIBRE DESTINACION,,,,,,NO APLICA,,,,,,CON SITUACION DE FONDOS,NO APLICA,NO DEFINIDO,372321.0,372321.0,372321.0
8949568,20230301,218552585,Pupiales,2.3.2.02.02.009,"SERVICIOS PARA LA COMUNIDAD, SOCIALES Y PERSONALES",GASTOS,INVERSION,ADQUISICION DE BIENES Y SERVICIOS,ADQUISICIONES DIFERENTES DE ACTIVOS,ADQUISICION DE SERVICIOS,"SERVICIOS PARA LA COMUNIDAD, SOCIALES Y PERSONALES",No Aplica,No Aplica,No Aplica,No Aplica,VIGENCIA ACTUAL,ENTIDADES TERRITORIALES - ADMINISTRACION CENTRAL,SERVICIO DE PROMOCION DE ACTIVIDADES CULTURALES.,No Aplica,NO DEFINIDO,,,2023,Primer Trimestre,,,,SERVICIOS DE LA ADMINISTRACION PUBLICA RELACIONADOS CON LA RECREACION LA CULTURA Y LA RELIGION,ESTAMPILLAS,,,,,,NO APLICA,,,,,,CON SITUACION DE FONDOS,NO APLICA,NO APLICA,7360000.0,7360000.0,7063156.0
8951020,20221201,218552585,Pupiales,2.1,FUNCIONAMIENTO,GASTOS,FUNCIONAMIENTO,No Aplica,No Aplica,No Aplica,No Aplica,No Aplica,No Aplica,No Aplica,No Aplica,VIGENCIA ACTUAL,ENTIDADES TERRITORIALES - PERSONERIA,NO DEFINIDO,No Aplica,NO DEFINIDO,,,2022,Cuarto Trimestre,,,,NO DEFINIDO,NO DEFINIDO,,,,,,NO DEFINIDO,,,,,,NO DEFINIDO,NO DEFINIDO,NO DEFINIDO,150000000.0,150000000.0,150000000.0
8953000,20211201,218552585,Pupiales,2.3.2.02.01,MATERIALES Y SUMINISTROS,GASTOS,INVERSION,ADQUISICION DE BIENES Y SERVICIOS,ADQUISICIONES DIFERENTES DE ACTIVOS,MATERIALES Y SUMINISTROS,No Aplica,No Aplica,No Aplica,No Aplica,No Aplica,VIGENCIA ACTUAL,ENTIDADES TERRITORIALES - ADMINISTRACION CENTRAL,NO DEFINIDO,No Aplica,NO DEFINIDO,,,2021,Cuarto Trimestre,,,,NO DEFINIDO,NO DEFINIDO,,,,,,NO DEFINIDO,,,,,,NO DEFINIDO,NO DEFINIDO,NO DEFINIDO,585325919.0,585325919.0,579382935.0
8954551,20210901,218552585,Pupiales,2.3.1,GASTOS DE PERSONAL,GASTOS,INVERSION,GASTOS DE PERSONAL,No Aplica,No Aplica,No Aplica,No Aplica,No Aplica,No Aplica,No Aplica,VIGENCIA ACTUAL,ENTIDADES TERRITORIALES - ADMINISTRACION CENTRAL,NO DEFINIDO,No Aplica,NO DEFINIDO,,,2021,Tercer Trimestre,,,,NO DEFINIDO,NO DEFINIDO,,,,,,NO DEFINIDO,,,,,,NO DEFINIDO,NO DEFINIDO,NO DEFINIDO,198688072.0,198688072.0,198688072.0
8958006,20211201,218552585,Pupiales,2.3.2.02.02.009,"SERVICIOS PARA LA COMUNIDAD, SOCIALES Y PERSONALES",GASTOS,INVERSION,ADQUISICION DE BIENES Y SERVICIOS,ADQUISICIONES DIFERENTES DE ACTIVOS,ADQUISICION DE SERVICIOS,"SERVICIOS PARA LA COMUNIDAD, SOCIALES Y PERSONALES",No Aplica,No Aplica,No Aplica,No Aplica,VIGENCIA ACTUAL,ENTIDADES TERRITORIALES - ADMINISTRACION CENTRAL,ACUEDUCTOS OPTIMIZADOS,No Aplica,NO DEFINIDO,,,2021,Cuarto Trimestre,,,,OTROS SERVICIOS DIVERSOS N C P,SGP-AGUA POTABLE Y SANEAMIENTO BASICO,,,,,,NO APLICA,,,,,,CON SITUACION DE FONDOS,DIRECCION NACIONAL DEL TESORO MINISTERIO DE HACIENDA Y CREDITO PUBLICO,NO DEFINIDO,149732620.0,149732620.0,149732620.0
8960860,20210301,218552585,Pupiales,2.2.2.02,INTERESES,GASTOS,SERVICIO DE LA DEUDA PUBLICA,SERVICIO DE LA DEUDA PUBLICA INTERNA,INTERESES,No Aplica,No Aplica,No Aplica,No Aplica,No Aplica,No Aplica,VIGENCIA ACTUAL,ENTIDADES TERRITORIALES - ADMINISTRACION CENTRAL,NO DEFINIDO,No Aplica,NO DEFINIDO,,,2021,Primer Trimestre,,,,NO DEFINIDO,NO DEFINIDO,,,,,,NO DEFINIDO,,,,,,NO DEFINIDO,NO DEFINIDO,NO DEFINIDO,7222936.0,7222936.0,7222936.0
8963944,20220601,218552585,Pupiales,2.1.1.01.02.005,APORTES GENERALES AL SISTEMA DE RIESGOS LABORALES,GASTOS,FUNCIONAMIENTO,GASTOS DE PERSONAL,PLANTA DE PERSONAL PERMANENTE,CONTRIBUCIONES INHERENTES A LA NOMINA,APORTES GENERALES AL SISTEMA DE RIESGOS LABORALES,No Aplica,No Aplica,No Aplica,No Aplica,VIGENCIA ACTUAL,ENTIDADES TERRITORIALES - ADMINISTRACION CENTRAL,NO APLICA,No Aplica,NO DEFINIDO,,,2022,Segundo Trimestre,,,,NO APLICA,INGRESOS CORRIENTES DE LIBRE DESTINACION,,,,,,NO APLICA,,,,,,CON SITUACION DE FONDOS,NO APLICA,NO APLICA,4252778.0,4252778.0,4252778.0
8965626,20221201,218552585,Pupiales,2.3.2.02.02.009,"SERVICIOS PARA LA COMUNIDAD, SOCIALES Y PERSONALES",GASTOS,INVERSION,ADQUISICION DE BIENES Y SERVICIOS,ADQUISICIONES DIFERENTES DE ACTIVOS,ADQUISICION DE SERVICIOS,"SERVICIOS PARA LA COMUNIDAD, SOCIALES Y PERSONALES",No Aplica,No Aplica,No Aplica,No Aplica,VIGENCIA ACTUAL,ENTIDADES TERRITORIALES - ADMINISTRACION CENTRAL,SERVICIO DE APOYO FINANCIERO PARA EL MEJORAMIENTO DE PRODUCTOS O PROCESOS,No Aplica,NO DEFINIDO,,,2022,Cuarto Trimestre,,,,OTROS SERVICIOS DE LA ADMINISTRACION PUBLICA N C P,INGRESOS CORRIENTES DE LIBRE DESTINACION,,,,,,NO APLICA,,,,,,CON SITUACION DE FONDOS,NO APLICA,NO APLICA,9999367.0,9999367.0,9999367.0
8967876,20221201,218552585,Pupiales,2.3.2.02.02.009,"SERVICIOS PARA LA COMUNIDAD, SOCIALES Y PERSONALES",GASTOS,INVERSION,ADQUISICION DE BIENES Y SERVICIOS,ADQUISICIONES DIFERENTES DE ACTIVOS,ADQUISICION DE SERVICIOS,"SERVICIOS PARA LA COMUNIDAD, SOCIALES Y PERSONALES",No Aplica,No Aplica,No Aplica,No Aplica,VIGENCIA ACTUAL,ENTIDADES TERRITORIALES - ADMINISTRACION CENTRAL,"SERVICIO DE APOYO A LA ACTIVIDAD FISICA, LA RECREACION Y EL DEPORTE",No Aplica,NO DEFINIDO,,,2022,Cuarto Trimestre,,,,OTROS SERVICIOS DE LA ADMINISTRACION PUBLICA N C P,IMPUESTO AL CONSUMO DE CIGARRILLOS Y TABACO,,,,,,NO APLICA,,,,,,CON SITUACION DE FONDOS,NO APLICA,NO APLICA,9550000.0,9550000.0,9550000.0
8968496,20221201,218552585,Pupiales,2.1.1.01.02.001,APORTES A LA SEGURIDAD SOCIAL EN PENSIONES,GASTOS,FUNCIONAMIENTO,GASTOS DE PERSONAL,PLANTA DE PERSONAL PERMANENTE,CONTRIBUCIONES INHERENTES A LA NOMINA,APORTES A LA SEGURIDAD SOCIAL EN PENSIONES,No Aplica,No Aplica,No Aplica,No Aplica,VIGENCIA ACTUAL,ENTIDADES TERRITORIALES - ADMINISTRACION CENTRAL,NO APLICA,No Aplica,NO DEFINIDO,,,2022,Cuarto Trimestre,,,,NO APLICA,INGRESOS CORRIENTES DE LIBRE DESTINACION,,,,,,NO APLICA,,,,,,CON SITUACION DE FONDOS,NO APLICA,NO APLICA,81905286.0,81905286.0,81905286.0
8970377,20211201,218552585,Pupiales,2.3.2.01.01.001.02,EDIFICACIONES DISTINTAS A VIVIENDAS,GASTOS,INVERSION,ADQUISICION DE BIENES Y SERVICIOS,ADQUISICION DE ACTIVOS NO FINANCIEROS,ACTIVOS FIJOS,EDIFICACIONES Y ESTRUCTURAS,EDIFICACIONES DISTINTAS A VIVIENDAS,No Aplica,No Aplica,No Aplica,VIGENCIA ACTUAL,ENTIDADES TERRITORIALES - ADMINISTRACION CENTRAL,NO DEFINIDO,No Aplica,NO DEFINIDO,,,2021,Cuarto Trimestre,,,,NO DEFINIDO,NO DEFINIDO,,,,,,NO DEFINIDO,,,,,,NO DEFINIDO,NO DEFINIDO,NO DEFINIDO,68711794.0,68711794.0,38220000.0
8970758,20210301,218552585,Pupiales,2.1.1.01.03.001.03,BONIFICACION ESPECIAL DE RECREACION,GASTOS,FUNCIONAMIENTO,GASTOS DE PERSONAL,PLANTA DE PERSONAL PERMANENTE,REMUNERACIONES NO CONSTITUTIVAS DE FACTOR SALARIAL,PRESTACIONES SOCIALES,BONIFICACION ESPECIAL DE RECREACION,No Aplica,No Aplica,No Aplica,VIGENCIA ACTUAL,ENTIDADES TERRITORIALES - ADMINISTRACION CENTRAL,NO APLICA,No Aplica,NO DEFINIDO,,,2021,Primer Trimestre,,,,NO APLICA,1.2.1.0.00 - INGRESOS CORRIENTES DE LIBRE DESTINACION,,,,,,NO APLICA,,,,,,CON SITUACION DE FONDOS,NO APLICA,NO DEFINIDO,60554.0,60554.0,60554.0
8974259,20211201,218552585,Pupiales,2.3.1.01.02.005,APORTES GENERALES AL SISTEMA DE RIESGOS LABORALES,GASTOS,INVERSION,GASTOS DE PERSONAL,PLANTA DE PERSONAL PERMANENTE,CONTRIBUCIONES INHERENTES A LA NOMINA,APORTES GENERALES AL SISTEMA DE RIESGOS LABORALES,No Aplica,No Aplica,No Aplica,No Aplica,VIGENCIA ACTUAL,ENTIDADES TERRITORIALES - ADMINISTRACION CENTRAL,NO APLICA,No Aplica,NO DEFINIDO,,,2021,Cuarto Trimestre,,,,NO APLICA,SGP-PROPOSITO GENERAL-PROPOSITO GENERAL LIBRE INVERSION,,,,,,NO APLICA,,,,,,CON SITUACION DE FONDOS,DIRECCION NACIONAL DEL TESORO MINISTERIO DE HACIENDA Y CREDITO PUBLICO,NO DEFINIDO,1469327.0,1469327.0,1469327.0
8974993,20211201,218552585,Pupiales,2.2.2.01,PRINCIPAL,GASTOS,SERVICIO DE LA DEUDA PUBLICA,SERVICIO DE LA DEUDA PUBLICA INTERNA,PRINCIPAL,No Aplica,No Aplica,No Aplica,No Aplica,No Aplica,No Aplica,VIGENCIA ACTUAL,ENTIDADES TERRITORIALES - ADMINISTRACION CENTRAL,NO DEFINIDO,No Aplica,NO DEFINIDO,,,2021,Cuarto Trimestre,,,,NO DEFINIDO,NO DEFINIDO,,,,,,NO DEFINIDO,,,,,,NO DEFINIDO,NO DEFINIDO,NO DEFINIDO,206879702.0,206879702.0,206879702.0
8980397,20211201,218552585,Pupiales,2.1.1.01.01,FACTORES CONSTITUTIVOS DE SALARIO,GASTOS,FUNCIONAMIENTO,GASTOS DE PERSONAL,PLANTA DE PERSONAL PERMANENTE,FACTORES CONSTITUTIVOS DE SALARIO,No Aplica,No Aplica,No Aplica,No Aplica,No Aplica,VIGENCIA ACTUAL,ENTIDADES TERRITORIALES - CONCEJO,NO DEFINIDO,No Aplica,NO DEFINIDO,,,2021,Cuarto Trimestre,,,,NO DEFINIDO,NO DEFINIDO,,,,,,NO DEFINIDO,,,,,,NO DEFINIDO,NO DEFINIDO,NO DEFINIDO,54511560.0,54511560.0,54511560.0
8982892,20220901,218552585,Pupiales,2.3.1.01.01.001.08,PRESTACIONES SOCIALES,GASTOS,INVERSION,GASTOS DE PERSONAL,PLANTA DE PERSONAL PERMANENTE,FACTORES CONSTITUTIVOS DE SALARIO,FACTORES SALARIALES COMUNES,PRESTACIONES SOCIALES,No Aplica,No Aplica,No Aplica,VIGENCIA ACTUAL,ENTIDADES TERRITORIALES - ADMINISTRACION CENTRAL,NO DEFINIDO,No Aplica,NO DEFINIDO,,,2022,Tercer Trimestre,,,,NO DEFINIDO,NO DEFINIDO,,,,,,NO DEFINIDO,,,,,,NO DEFINIDO,NO DEFINIDO,NO DEFINIDO,7982790.0,7982790.0,7982790.0
8987174,20230601,218552585,Pupiales,2.1.1.01.02.001,APORTES A LA SEGURIDAD SOCIAL EN PENSIONES,GASTOS,FUNCIONAMIENTO,GASTOS DE PERSONAL,PLANTA DE PERSONAL PERMANENTE,CONTRIBUCIONES INHERENTES A LA NOMINA,APORTES A LA SEGURIDAD SOCIAL EN PENSIONES,No Aplica,No Aplica,No Aplica,No Aplica,VIGENCIA ACTUAL,ENTIDADES TERRITORIALES - ADMINISTRACION CENTRAL,NO APLICA,No Aplica,NO DEFINIDO,,,2023,Segundo Trimestre,,,,NO APLICA,"SGP-PROPOSITO GENERAL-LIBRE DESTINACION MUNICIPIOS CATEGORIAS 4, 5 Y 6",,,,,,NO APLICA,,,,,,CON SITUACION DE FONDOS,NO APLICA,NO APLICA,20649766.0,20649766.0,20649766.0
8987580,20221201,218552585,Pupiales,2.3.2.02,ADQUISICIONES DIFERENTES DE ACTIVOS,GASTOS,INVERSION,ADQUISICION DE BIENES Y SERVICIOS,ADQUISICIONES DIFERENTES DE ACTIVOS,No Aplica,No Aplica,No Aplica,No Aplica,No Aplica,No Aplica,VIGENCIA ACTUAL,ENTIDADES TERRITORIALES - ADMINISTRACION CENTRAL,NO DEFINIDO,No Aplica,NO DEFINIDO,,,2022,Cuarto Trimestre,,,,NO DEFINIDO,NO DEFINIDO,,,,,,NO DEFINIDO,,,,,,NO DEFINIDO,NO DEFINIDO,NO DEFINIDO,23601839483.0,22467459540.0,22399764464.0
8988489,20230601,218552585,Pupiales,2.1.1,GASTOS DE PERSONAL,GASTOS,FUNCIONAMIENTO,GASTOS DE PERSONAL,No Aplica,No Aplica,No Aplica,No Aplica,No Aplica,No Aplica,No Aplica,VIGENCIA ACTUAL,ENTIDADES TERRITORIALES - CONCEJO,NO DEFINIDO,No Aplica,NO DEFINIDO,,,2023,Segundo Trimestre,,,,NO DEFINIDO,NO DEFINIDO,,,,,,NO DEFINIDO,,,,,,NO DEFINIDO,NO DEFINIDO,NO DEFINIDO,103239655.0,103239655.0,103239655.0
8990846,20230301,218552585,Pupiales,2.3.2.02.02.009,"SERVICIOS PARA LA COMUNIDAD, SOCIALES Y PERSONALES",GASTOS,INVERSION,ADQUISICION DE BIENES Y SERVICIOS,ADQUISICIONES DIFERENTES DE ACTIVOS,ADQUISICION DE SERVICIOS,"SERVICIOS PARA LA COMUNIDAD, SOCIALES Y PERSONALES",No Aplica,No Aplica,No Aplica,No Aplica,CUENTAS POR PAGAR,ENTIDADES TERRITORIALES - ADMINISTRACION CENTRAL,SERVICIO DE ASISTENCIA TECNICA4599031,No Aplica,NO DEFINIDO,,,2023,Primer Trimestre,,,,SERVICIOS LEGISLATIVOS DE LA ADMINISTRACION PUBLICA,"SGP-PROPOSITO GENERAL-LIBRE DESTINACION MUNICIPIOS CATEGORIAS 4, 5 Y 6",,,,,,NO APLICA,,,,,,CON SITUACION DE FONDOS,NO APLICA,NO APLICA,2129344.0,2129344.0,1548614.0
8991686,20220601,218552585,Pupiales,2.3.3.01.02,A EMPRESAS PUBLICAS NO FINANCIERAS,GASTOS,INVERSION,TRANSFERENCIAS CORRIENTES,SUBVENCIONES,A EMPRESAS PUBLICAS NO FINANCIERAS,No Aplica,No Aplica,No Aplica,No Aplica,No Aplica,VIGENCIA ACTUAL,ENTIDADES TERRITORIALES - ADMINISTRACION CENTRAL,NO DEFINIDO,No Aplica,NO DEFINIDO,,,2022,Segundo Trimestre,,,,NO DEFINIDO,NO DEFINIDO,,,,,,NO DEFINIDO,,,,,,NO DEFINIDO,NO DEFINIDO,NO DEFINIDO,491892532.0,189247356.0,189247356.0
8994531,20220601,218552585,Pupiales,2.2.2.01.02,PRESTAMOS,GASTOS,SERVICIO DE LA DEUDA PUBLICA,SERVICIO DE LA DEUDA PUBLICA INTERNA,PRINCIPAL,PRESTAMOS,No Aplica,No Aplica,No Aplica,No Aplica,No Aplica,VIGENCIA ACTUAL,ENTIDADES TERRITORIALES - ADMINISTRACION CENTRAL,NO DEFINIDO,No Aplica,NO DEFINIDO,,,2022,Segundo Trimestre,,,,NO DEFINIDO,NO DEFINIDO,,,,,,NO DEFINIDO,,,,,,NO DEFINIDO,NO DEFINIDO,NO DEFINIDO,222249753.0,222249753.0,222249753.0
8996001,20210301,218552585,Pupiales,2.3.1.01.02.006,APORTES AL ICBF,GASTOS,INVERSION,GASTOS DE PERSONAL,PLANTA DE PERSONAL PERMANENTE,CONTRIBUCIONES INHERENTES A LA NOMINA,APORTES AL ICBF,No Aplica,No Aplica,No Aplica,No Aplica,VIGENCIA ACTUAL,ENTIDADES TERRITORIALES - ADMINISTRACION CENTRAL,NO APLICA,No Aplica,NO DEFINIDO,,,2021,Primer Trimestre,,,,NO APLICA,1.2.4.3.03 - SGP-PROPOSITO GENERAL-PROPOSITO GENERAL LIBRE INVERSION,,,,,,NO APLICA,,,,,,CON SITUACION DE FONDOS,DIRECCION NACIONAL DEL TESORO MINISTERIO DE HACIENDA Y CREDITO PUBLICO,NO DEFINIDO,968454.0,968454.0,968454.0
8996443,20220601,218552585,Pupiales,2.1.1.01.01.001.08,PRESTACIONES SOCIALES,GASTOS,FUNCIONAMIENTO,GASTOS DE PERSONAL,PLANTA DE PERSONAL PERMANENTE,FACTORES CONSTITUTIVOS DE SALARIO,FACTORES SALARIALES COMUNES,PRESTACIONES SOCIALES,No Aplica,No Aplica,No Aplica,VIGENCIA ACTUAL,ENTIDADES TERRITORIALES - ADMINISTRACION CENTRAL,NO DEFINIDO,No Aplica,NO DEFINIDO,,,2022,Segundo Trimestre,,,,NO DEFINIDO,NO DEFINIDO,,,,,,NO DEFINIDO,,,,,,NO DEFINIDO,NO DEFINIDO,NO DEFINIDO,8337944.0,8337944.0,8337944.0
8997104,20220601,218552585,Pupiales,2.3.2.01.01.001.02,EDIFICACIONES DISTINTAS A VIVIENDAS,GASTOS,INVERSION,ADQUISICION DE BIENES Y SERVICIOS,ADQUISICION DE ACTIVOS NO FINANCIEROS,ACTIVOS FIJOS,EDIFICACIONES Y ESTRUCTURAS,EDIFICACIONES DISTINTAS A VIVIENDAS,No Aplica,No Aplica,No Aplica,VIGENCIA ACTUAL,ENTIDADES TERRITORIALES - ADMINISTRACION CENTRAL,NO DEFINIDO,No Aplica,NO DEFINIDO,,,2022,Segundo Trimestre,,,,NO DEFINIDO,NO DEFINIDO,,,,,,NO DEFINIDO,,,,,,NO DEFINIDO,NO DEFINIDO,NO DEFINIDO,22173840.0,11086920.0,11086920.0
8998371,20230301,218552585,Pupiales,2.1.2.02.02.009,"SERVICIOS PARA LA COMUNIDAD, SOCIALES Y PERSONALES",GASTOS,FUNCIONAMIENTO,ADQUISICION DE BIENES Y SERVICIOS,ADQUISICIONES DIFERENTES DE ACTIVOS,ADQUISICION DE SERVICIOS,"SERVICIOS PARA LA COMUNIDAD, SOCIALES Y PERSONALES",No Aplica,No Aplica,No Aplica,No Aplica,VIGENCIA ACTUAL,ENTIDADES TERRITORIALES - ADMINISTRACION CENTRAL,NO APLICA,No Aplica,NO DEFINIDO,,,2023,Primer Trimestre,,,,SERVICIOS DE LA ADMINISTRACION PUBLICA RELACIONADOS CON LA RECREACION LA CULTURA Y LA RELIGION,"SGP-PROPOSITO GENERAL-LIBRE DESTINACION MUNICIPIOS CATEGORIAS 4, 5 Y 6",,,,,,NO APLICA,,,,,,CON SITUACION DE FONDOS,NO APLICA,NO APLICA,4148576.0,3173336.0,1751604.0
9000009,20220901,218552585,Pupiales,2.3.2.02.02.009,"SERVICIOS PARA LA COMUNIDAD, SOCIALES Y PERSONALES",GASTOS,INVERSION,ADQUISICION DE BIENES Y SERVICIOS,ADQUISICIONES DIFERENTES DE ACTIVOS,ADQUISICION DE SERVICIOS,"SERVICIOS PARA LA COMUNIDAD, SOCIALES Y PERSONALES",No Aplica,No Aplica,No Aplica,No Aplica,VIGENCIA ACTUAL,ENTIDADES TERRITORIALES - ADMINISTRACION CENTRAL,"SERVICIO DE INSPECCION, VIGILANCIA Y CONTROL DE LOS FACTORES DEL RIESGO DEL AMBIENTE QUE AFECTAN LA SALUD HUMANA",2021525850017,NO DEFINIDO,,,2022,Tercer Trimestre,,,,OTROS SERVICIOS DE LA ADMINISTRACION PUBLICA N C P,SGP-SALUD-SALUD PUBLICA,,,,,,NO APLICA,,,,,,CON SITUACION DE FONDOS,DIRECCION NACIONAL DEL TESORO MINISTERIO DE HACIENDA Y CREDITO PUBLICO,NO APLICA,203741657.0,107782600.0,107782600.0
9001746,20210601,218552585,Pupiales,2,GASTOS,GASTOS,No Aplica,No Aplica,No Aplica,No Aplica,No Aplica,No Aplica,No Aplica,No Aplica,No Aplica,VIGENCIA ACTUAL,ENTIDADES TERRITORIALES - ADMINISTRACION CENTRAL,NO DEFINIDO,No Aplica,NO DEFINIDO,,,2021,Segundo Trimestre,,,,NO DEFINIDO,NO DEFINIDO,,,,,,NO DEFINIDO,,,,,,NO DEFINIDO,NO DEFINIDO,NO DEFINIDO,13938293861.0,10587691786.0,10528741786.0
9011232,20230601,218552585,Pupiales,2.1.2.02.01.003,"OTROS BIENES TRANSPORTABLES EXCEPTO PRODUCTOS METALICOS, MAQUINARIA Y EQUIPO",GASTOS,FUNCIONAMIENTO,ADQUISICION DE BIENES Y SERVICIOS,ADQUISICIONES DIFERENTES DE ACTIVOS,MATERIALES Y SUMINISTROS,"OTROS BIENES TRANSPORTABLES EXCEPTO PRODUCTOS METALICOS, MAQUINARIA Y EQUIPO",No Aplica,No Aplica,No Aplica,No Aplica,VIGENCIA ACTUAL,ENTIDADES TERRITORIALES - ADMINISTRACION CENTRAL,NO APLICA,No Aplica,NO DEFINIDO,,,2023,Segundo Trimestre,,,,PASTAS O PULPAS DE OTRAS FIBRAS N C P PARA PAPEL,"SGP-PROPOSITO GENERAL-LIBRE DESTINACION MUNICIPIOS CATEGORIAS 4, 5 Y 6",,,,,,NO APLICA,,,,,,CON SITUACION DE FONDOS,NO APLICA,NO APLICA,49296060.0,49296060.0,49296060.0
9017180,20211201,218552585,Pupiales,2.1.2.02.02.007,SERVICIOS FINANCIEROS Y SERVICIOS CONEXOS; SERVICIOS INMOBILIARIOS; Y SERVICIOS DE ARRENDAMIENTO Y LEASING,GASTOS,FUNCIONAMIENTO,ADQUISICION DE BIENES Y SERVICIOS,ADQUISICIONES DIFERENTES DE ACTIVOS,ADQUISICION DE SERVICIOS,SERVICIOS FINANCIEROS Y SERVICIOS CONEXOS; SERVICIOS INMOBILIARIOS; Y SERVICIOS DE ARRENDAMIENTO Y LEASING,No Aplica,No Aplica,No Aplica,No Aplica,VIGENCIA ACTUAL,ENTIDADES TERRITORIALES - ADMINISTRACION CENTRAL,NO APLICA,No Aplica,NO DEFINIDO,,,2021,Cuarto Trimestre,,,,OTROS SERVICIOS DIVERSOS N C P,INGRESOS CORRIENTES DE LIBRE DESTINACION,,,,,,NO APLICA,,,,,,CON SITUACION DE FONDOS,NO APLICA,NO DEFINIDO,14315481.0,14315481.0,14315481.0
9019587,20210301,218552585,Pupiales,2.1.1.01.01.001.08,PRESTACIONES SOCIALES,GASTOS,FUNCIONAMIENTO,GASTOS DE PERSONAL,PLANTA DE PERSONAL PERMANENTE,FACTORES CONSTITUTIVOS DE SALARIO,FACTORES SALARIALES COMUNES,PRESTACIONES SOCIALES,No Aplica,No Aplica,No Aplica,VIGENCIA ACTUAL,ENTIDADES TERRITORIALES - ADMINISTRACION CENTRAL,NO DEFINIDO,No Aplica,NO DEFINIDO,,,2021,Primer Trimestre,,,,NO DEFINIDO,NO DEFINIDO,,,,,,NO DEFINIDO,,,,,,NO DEFINIDO,NO DEFINIDO,NO DEFINIDO,581642.0,581642.0,581642.0
9020981,20211201,218552585,Pupiales,2.1.1.01.03,REMUNERACIONES NO CONSTITUTIVAS DE FACTOR SALARIAL,GASTOS,FUNCIONAMIENTO,GASTOS DE PERSONAL,PLANTA DE PERSONAL PERMANENTE,REMUNERACIONES NO CONSTITUTIVAS DE FACTOR SALARIAL,No Aplica,No Aplica,No Aplica,No Aplica,No Aplica,VIGENCIA ACTUAL,ENTIDADES TERRITORIALES - ADMINISTRACION CENTRAL,NO DEFINIDO,No Aplica,NO DEFINIDO,,,2021,Cuarto Trimestre,,,,NO DEFINIDO,NO DEFINIDO,,,,,,NO DEFINIDO,,,,,,NO DEFINIDO,NO DEFINIDO,NO DEFINIDO,78551767.0,78551767.0,78551767.0
9024331,20210901,218552585,Pupiales,2.2.2.02.02.002.02,BANCA COMERCIAL,GASTOS,SERVICIO DE LA DEUDA PUBLICA,SERVICIO DE LA DEUDA PUBLICA INTERNA,INTERESES,PRESTAMOS,ENTIDADES FINANCIERAS,BANCA COMERCIAL,No Aplica,No Aplica,No Aplica,VIGENCIA ACTUAL,ENTIDADES TERRITORIALES - ADMINISTRACION CENTRAL,NO DEFINIDO,No Aplica,NO DEFINIDO,,,2021,Tercer Trimestre,,,,NO DEFINIDO,NO DEFINIDO,,,,,,NO DEFINIDO,,,,,,NO DEFINIDO,NO DEFINIDO,NO DEFINIDO,19975817.0,19975817.0,19975817.0
9027451,20221201,218552585,Pupiales,2.1.1.01.02.004,APORTES A CAJAS DE COMPENSACION FAMILIAR,GASTOS,FUNCIONAMIENTO,GASTOS DE PERSONAL,PLANTA DE PERSONAL PERMANENTE,CONTRIBUCIONES INHERENTES A LA NOMINA,APORTES A CAJAS DE COMPENSACION FAMILIAR,No Aplica,No Aplica,No Aplica,No Aplica,VIGENCIA ACTUAL,ENTIDADES TERRITORIALES - ADMINISTRACION CENTRAL,NO APLICA,No Aplica,NO DEFINIDO,,,2022,Cuarto Trimestre,,,,NO APLICA,INGRESOS CORRIENTES DE LIBRE DESTINACION,,,,,,NO APLICA,,,,,,CON SITUACION DE FONDOS,NO APLICA,NO APLICA,21489273.0,21489273.0,21489273.0
9028329,20230601,218552585,Pupiales,2.1.2.01.01.003.03.01,"MAQUINAS PARA OFICINA Y CONTABILIDAD, Y SUS PARTES Y ACCESORIOS",GASTOS,FUNCIONAMIENTO,ADQUISICION DE BIENES Y SERVICIOS,ADQUISICION DE ACTIVOS NO FINANCIEROS,ACTIVOS FIJOS,MAQUINARIA Y EQUIPO,"MAQUINARIA DE OFICINA, CONTABILIDAD E INFORMATICA","MAQUINAS PARA OFICINA Y CONTABILIDAD, Y SUS PARTES Y ACCESORIOS",No Aplica,No Aplica,VIGENCIA ACTUAL,ENTIDADES TERRITORIALES - ADMINISTRACION CENTRAL,NO APLICA,No Aplica,NO DEFINIDO,,,2023,Segundo Trimestre,,,,NO APLICA,"SGP-PROPOSITO GENERAL-LIBRE DESTINACION MUNICIPIOS CATEGORIAS 4, 5 Y 6",,,,,,NO APLICA,,,,,,CON SITUACION DE FONDOS,NO APLICA,NO APLICA,21115000.0,0.0,0.0
9030372,20220301,218552585,Pupiales,2.3.3.01.02.004.03,SUBSIDIOS DE ASEO,GASTOS,INVERSION,TRANSFERENCIAS CORRIENTES,SUBVENCIONES,A EMPRESAS PUBLICAS NO FINANCIERAS,SUBVENCIONES PARA SERVICIOS PUBLICOS DOMICILIARIOS DE AGUA POTABLE Y SANEAMIENTO BASICO,SUBSIDIOS DE ASEO,No Aplica,No Aplica,No Aplica,VIGENCIA ACTUAL,ENTIDADES TERRITORIALES - ADMINISTRACION CENTRAL,SERVICIO DE APOYO FINANCIERO PARA SUBSIDIOS AL CONSUMO EN LOS SERVICIOS PUBLICOS DOMICILIARIOS,2021525850015,NO DEFINIDO,,,2022,Primer Trimestre,,,,NO APLICA,SGP-AGUA POTABLE Y SANEAMIENTO BASICO,,,,,,NO APLICA,,,,,,CON SITUACION DE FONDOS,DIRECCION NACIONAL DEL TESORO MINISTERIO DE HACIENDA Y CREDITO PUBLICO,NO APLICA,202352537.0,30263857.0,30263857.0
9032348,20221201,218552585,Pupiales,2.3.2.01.01.001,EDIFICACIONES Y ESTRUCTURAS,GASTOS,INVERSION,ADQUISICION DE BIENES Y SERVICIOS,ADQUISICION DE ACTIVOS NO FINANCIEROS,ACTIVOS FIJOS,EDIFICACIONES Y ESTRUCTURAS,No Aplica,No Aplica,No Aplica,No Aplica,VIGENCIA ACTUAL,ENTIDADES TERRITORIALES - ADMINISTRACION CENTRAL,NO DEFINIDO,No Aplica,NO DEFINIDO,,,2022,Cuarto Trimestre,,,,NO DEFINIDO,NO DEFINIDO,,,,,,NO DEFINIDO,,,,,,NO DEFINIDO,NO DEFINIDO,NO DEFINIDO,268726295.0,262750445.0,244634735.0
9034191,20220301,218552585,Pupiales,2.3.2.02.02.009,"SERVICIOS PARA LA COMUNIDAD, SOCIALES Y PERSONALES",GASTOS,INVERSION,ADQUISICION DE BIENES Y SERVICIOS,ADQUISICIONES DIFERENTES DE ACTIVOS,ADQUISICION DE SERVICIOS,"SERVICIOS PARA LA COMUNIDAD, SOCIALES Y PERSONALES",No Aplica,No Aplica,No Aplica,No Aplica,VIGENCIA ACTUAL,ENTIDADES TERRITORIALES - ADMINISTRACION CENTRAL,SERVICIO DE APOYO FINANCIERO PARA CREADORES Y GESTORES CULTURALES,No Aplica,NO DEFINIDO,,,2022,Primer Trimestre,,,,OTROS SERVICIOS ADMINISTRATIVOS DEL GOBIERNO N C P,ESTAMPILLAS,,,,,,NO APLICA,,,,,,CON SITUACION DE FONDOS,NO APLICA,NO APLICA,8000000.0,8000000.0,8000000.0
9039117,20210901,218552585,Pupiales,2.3.1.01.01,FACTORES CONSTITUTIVOS DE SALARIO,GASTOS,INVERSION,GASTOS DE PERSONAL,PLANTA DE PERSONAL PERMANENTE,FACTORES CONSTITUTIVOS DE SALARIO,No Aplica,No Aplica,No Aplica,No Aplica,No Aplica,VIGENCIA ACTUAL,ENTIDADES TERRITORIALES - ADMINISTRACION CENTRAL,NO DEFINIDO,No Aplica,NO DEFINIDO,,,2021,Tercer Trimestre,,,,NO DEFINIDO,NO DEFINIDO,,,,,,NO DEFINIDO,,,,,,NO DEFINIDO,NO DEFINIDO,NO DEFINIDO,157232042.0,157232042.0,157232042.0
9039156,20221201,218552585,Pupiales,2.3.2.02.02.009,"SERVICIOS PARA LA COMUNIDAD, SOCIALES Y PERSONALES",GASTOS,INVERSION,ADQUISICION DE BIENES Y SERVICIOS,ADQUISICIONES DIFERENTES DE ACTIVOS,ADQUISICION DE SERVICIOS,"SERVICIOS PARA LA COMUNIDAD, SOCIALES Y PERSONALES",No Aplica,No Aplica,No Aplica,No Aplica,VIGENCIA ACTUAL,ENTIDADES TERRITORIALES - ADMINISTRACION CENTRAL,ESCUELAS DE MUSICA CONSTRUIDAS,No Aplica,NO DEFINIDO,,,2022,Cuarto Trimestre,,,,OTROS SERVICIOS DE LA ADMINISTRACION PUBLICA N C P,SGP-PROPOSITO GENERAL-PROPOSITO GENERAL LIBRE INVERSION,,,,,,NO APLICA,,,,,,CON SITUACION DE FONDOS,NO APLICA,NO APLICA,47909402.0,0.0,0.0
9040187,20221201,218552585,Pupiales,2.3.2.02.02.009,"SERVICIOS PARA LA COMUNIDAD, SOCIALES Y PERSONALES",GASTOS,INVERSION,ADQUISICION DE BIENES Y SERVICIOS,ADQUISICIONES DIFERENTES DE ACTIVOS,ADQUISICION DE SERVICIOS,"SERVICIOS PARA LA COMUNIDAD, SOCIALES Y PERSONALES",No Aplica,No Aplica,No Aplica,No Aplica,VIGENCIA ACTUAL,ENTIDADES TERRITORIALES - ADMINISTRACION CENTRAL,SERVICIO DE PROMOCION DE ACTIVIDADES CULTURALES,No Aplica,NO DEFINIDO,,,2022,Cuarto Trimestre,,,,OTROS SERVICIOS DE LA ADMINISTRACION PUBLICA N C P,R.B. SGP-PROPOSITO GENERAL-CULTURA,,,,,,NO APLICA,,,,,,CON SITUACION DE FONDOS,NO APLICA,NO APLICA,124896248.0,124896248.0,124896248.0
9041707,20210601,218552585,Pupiales,2.3.2.02,ADQUISICIONES DIFERENTES DE ACTIVOS,GASTOS,INVERSION,ADQUISICION DE BIENES Y SERVICIOS,ADQUISICIONES DIFERENTES DE ACTIVOS,No Aplica,No Aplica,No Aplica,No Aplica,No Aplica,No Aplica,VIGENCIA ACTUAL,ENTIDADES TERRITORIALES - ADMINISTRACION CENTRAL,NO DEFINIDO,No Aplica,NO DEFINIDO,,,2021,Segundo Trimestre,,,,NO DEFINIDO,NO DEFINIDO,,,,,,NO DEFINIDO,,,,,,NO DEFINIDO,NO DEFINIDO,NO DEFINIDO,10710749732.0,9502573664.0,9468123664.0
9043053,20230601,218552585,Pupiales,2.3.2.02.02.009,"SERVICIOS PARA LA COMUNIDAD, SOCIALES Y PERSONALES",GASTOS,INVERSION,ADQUISICION DE BIENES Y SERVICIOS,ADQUISICIONES DIFERENTES DE ACTIVOS,ADQUISICION DE SERVICIOS,"SERVICIOS PARA LA COMUNIDAD, SOCIALES Y PERSONALES",No Aplica,No Aplica,No Aplica,No Aplica,VIGENCIA ACTUAL,ENTIDADES TERRITORIALES - ADMINISTRACION CENTRAL,SERVICIO DE EDUCACION INFORMAL EN TEMAS DE SALUD PUBLICA,No Aplica,NO DEFINIDO,,,2023,Segundo Trimestre,,,,SERVICIOS DE LOS ORGANOS DE CONTROL Y OTRAS INSTITUCIONES,SGP-SALUD-SALUD PUBLICA,,,,,,NO APLICA,,,,,,CON SITUACION DE FONDOS,NO APLICA,NO APLICA,60860000.0,30640000.0,30640000.0
9044317,20230601,218552585,Pupiales,2.1.2.02,ADQUISICIONES DIFERENTES DE ACTIVOS,GASTOS,FUNCIONAMIENTO,ADQUISICION DE BIENES Y SERVICIOS,ADQUISICIONES DIFERENTES DE ACTIVOS,No Aplica,No Aplica,No Aplica,No Aplica,No Aplica,No Aplica,VIGENCIA ACTUAL,ENTIDADES TERRITORIALES - CONCEJO,NO DEFINIDO,No Aplica,NO DEFINIDO,,,2023,Segundo Trimestre,,,,NO DEFINIDO,NO DEFINIDO,,,,,,NO DEFINIDO,,,,,,NO DEFINIDO,NO DEFINIDO,NO DEFINIDO,5460000.0,5460000.0,5460000.0
9048878,20230301,218552585,Pupiales,2.3.2.02.02.009,"SERVICIOS PARA LA COMUNIDAD, SOCIALES Y PERSONALES",GASTOS,INVERSION,ADQUISICION DE BIENES Y SERVICIOS,ADQUISICIONES DIFERENTES DE ACTIVOS,ADQUISICION DE SERVICIOS,"SERVICIOS PARA LA COMUNIDAD, SOCIALES Y PERSONALES",No Aplica,No Aplica,No Aplica,No Aplica,CUENTAS POR PAGAR,ENTIDADES TERRITORIALES - ADMINISTRACION CENTRAL,"SERVICIO DE FOMENTO PARA EL ACCESO A LA EDUCACION INICIAL, PREESCOLAR, BASICA Y MEDIA.",No Aplica,NO DEFINIDO,,,2023,Primer Trimestre,,,,SERVICIOS DE LA ADMINISTRACION PUBLICA RELACIONADOS CON LA EDUCACION,SGP-EDUCACION-CALIDAD  POR MATRICULA OFICIAL,,,,,,NO APLICA,,,,,,CON SITUACION DE FONDOS,NO APLICA,NO APLICA,4442878.0,4442878.0,4442878.0
9050241,20230301,218552585,Pupiales,2.2.2.01.02.002,ENTIDADES FINANCIERAS,GASTOS,SERVICIO DE LA DEUDA PUBLICA,SERVICIO DE LA DEUDA PUBLICA INTERNA,PRINCIPAL,PRESTAMOS,ENTIDADES FINANCIERAS,No Aplica,No Aplica,No Aplica,No Aplica,VIGENCIA ACTUAL,ENTIDADES TERRITORIALES - ADMINISTRACION CENTRAL,NO DEFINIDO,No Aplica,NO DEFINIDO,,,2023,Primer Trimestre,,,,NO DEFINIDO,NO DEFINIDO,,,,,,NO DEFINIDO,,,,,,NO DEFINIDO,NO DEFINIDO,NO DEFINIDO,167657631.0,167657631.0,167657631.0
9050783,20230601,218552585,Pupiales,2.1.1.01.03.006,HONORARIOS CONCEJALES,GASTOS,FUNCIONAMIENTO,GASTOS DE PERSONAL,PLANTA DE PERSONAL PERMANENTE,REMUNERACIONES NO CONSTITUTIVAS DE FACTOR SALARIAL,HONORARIOS CONCEJALES,No Aplica,No Aplica,No Aplica,No Aplica,VIGENCIA ACTUAL,ENTIDADES TERRITORIALES - CONCEJO,NO APLICA,No Aplica,NO DEFINIDO,,,2023,Segundo Trimestre,,,,NO APLICA,INGRESOS CORRIENTES DE LIBRE DESTINACION,,,,,,NO APLICA,,,,,,CON SITUACION DE FONDOS,NO APLICA,NO APLICA,81955421.0,81955421.0,81955421.0
9055792,20230601,218552585,Pupiales,2.1.1.01.02.004,APORTES A CAJAS DE COMPENSACION FAMILIAR,GASTOS,FUNCIONAMIENTO,GASTOS DE PERSONAL,PLANTA DE PERSONAL PERMANENTE,CONTRIBUCIONES INHERENTES A LA NOMINA,APORTES A CAJAS DE COMPENSACION FAMILIAR,No Aplica,No Aplica,No Aplica,No Aplica,VIGENCIA ACTUAL,ENTIDADES TERRITORIALES - ADMINISTRACION CENTRAL,NO APLICA,No Aplica,NO DEFINIDO,,,2023,Segundo Trimestre,,,,NO APLICA,"SGP-PROPOSITO GENERAL-LIBRE DESTINACION MUNICIPIOS CATEGORIAS 4, 5 Y 6",,,,,,NO APLICA,,,,,,CON SITUACION DE FONDOS,NO APLICA,NO APLICA,8082965.0,8082965.0,8082965.0
9056400,20211201,218552585,Pupiales,2.1.3.05.04.001.13,PARTICIPACION DE LA SOBRETASA AMBIENTAL,GASTOS,FUNCIONAMIENTO,TRANSFERENCIAS CORRIENTES,A ENTIDADES DEL GOBIERNO,PARTICIPACIONES DISTINTAS DEL SGP,PARTICIPACIONES DE IMPUESTOS,PARTICIPACION DE LA SOBRETASA AMBIENTAL,No Aplica,No Aplica,No Aplica,VIGENCIA ACTUAL,ENTIDADES TERRITORIALES - ADMINISTRACION CENTRAL,NO DEFINIDO,No Aplica,NO DEFINIDO,,,2021,Cuarto Trimestre,,,,NO DEFINIDO,NO DEFINIDO,,,,,,NO DEFINIDO,,,,,,NO DEFINIDO,NO DEFINIDO,NO DEFINIDO,79873145.0,79873145.0,67859239.0
9059069,20220601,218552585,Pupiales,2.3.2.01,ADQUISICION DE ACTIVOS NO FINANCIEROS,GASTOS,INVERSION,ADQUISICION DE BIENES Y SERVICIOS,ADQUISICION DE ACTIVOS NO FINANCIEROS,No Aplica,No Aplica,No Aplica,No Aplica,No Aplica,No Aplica,VIGENCIA ACTUAL,ENTIDADES TERRITORIALES - ADMINISTRACION CENTRAL,NO DEFINIDO,No Aplica,NO DEFINIDO,,,2022,Segundo Trimestre,,,,NO DEFINIDO,NO DEFINIDO,,,,,,NO DEFINIDO,,,,,,NO DEFINIDO,NO DEFINIDO,NO DEFINIDO,140956143.0,71938031.0,71938031.0
9061127,20210301,218552585,Pupiales,2,GASTOS,GASTOS,No Aplica,No Aplica,No Aplica,No Aplica,No Aplica,No Aplica,No Aplica,No Aplica,No Aplica,VIGENCIA ACTUAL,ENTIDADES TERRITORIALES - PERSONERIA,NO DEFINIDO,No Aplica,NO DEFINIDO,,,2021,Primer Trimestre,,,,NO DEFINIDO,NO DEFINIDO,,,,,,NO DEFINIDO,,,,,,NO DEFINIDO,NO DEFINIDO,NO DEFINIDO,34869450.0,34869450.0,34869450.0
9065821,20210901,218552585,Pupiales,2.3.4.03,COMPENSACIONES DE CAPITAL,GASTOS,INVERSION,TRANSFERENCIAS DE CAPITAL,COMPENSACIONES DE CAPITAL,No Aplica,No Aplica,No Aplica,No Aplica,No Aplica,No Aplica,VIGENCIA ACTUAL,ENTIDADES TERRITORIALES - ADMINISTRACION CENTRAL,45.99.031 - GOBIERNO TERRITORIAL - FORTALECIMIENTO A LA GESTION Y DIRECCION DE LA ADMINISTRACION PUBLICA TERRITORIAL - SERVICIO DE ASISTENCIA TECNICA,No Aplica,NO DEFINIDO,,,2021,Tercer Trimestre,,,,NO APLICA,1.2.1.0.00 - INGRESOS CORRIENTES DE LIBRE DESTINACION,,,,,,NO APLICA,,,,,,CON SITUACION DE FONDOS,NO APLICA,NO DEFINIDO,40000000.0,12000000.0,12000000.0
9066452,20221201,218552585,Pupiales,2.3.1.01.02.008,APORTES A LA ESAP,GASTOS,INVERSION,GASTOS DE PERSONAL,PLANTA DE PERSONAL PERMANENTE,CONTRIBUCIONES INHERENTES A LA NOMINA,APORTES A LA ESAP,No Aplica,No Aplica,No Aplica,No Aplica,VIGENCIA ACTUAL,ENTIDADES TERRITORIALES - ADMINISTRACION CENTRAL,NO APLICA,No Aplica,NO DEFINIDO,,,2022,Cuarto Trimestre,,,,NO APLICA,SGP-PROPOSITO GENERAL-PROPOSITO GENERAL LIBRE INVERSION,,,,,,NO APLICA,,,,,,CON SITUACION DE FONDOS,DIRECCION NACIONAL DEL TESORO MINISTERIO DE HACIENDA Y CREDITO PUBLICO,NO APLICA,1098821.0,1098821.0,1098821.0
9068819,20220901,218552585,Pupiales,2.1.1.01.03.001.01,VACACIONES,GASTOS,FUNCIONAMIENTO,GASTOS DE PERSONAL,PLANTA DE PERSONAL PERMANENTE,REMUNERACIONES NO CONSTITUTIVAS DE FACTOR SALARIAL,PRESTACIONES SOCIALES,VACACIONES,No Aplica,No Aplica,No Aplica,VIGENCIA ACTUAL,ENTIDADES TERRITORIALES - ADMINISTRACION CENTRAL,NO APLICA,No Aplica,NO DEFINIDO,,,2022,Tercer Trimestre,,,,NO APLICA,INGRESOS CORRIENTES DE LIBRE DESTINACION,,,,,,NO APLICA,,,,,,CON SITUACION DE FONDOS,NO APLICA,NO APLICA,22212366.0,22212366.0,22212366.0
9070234,20230601,218552585,Pupiales,2.1.1.01.01,FACTORES CONSTITUTIVOS DE SALARIO,GASTOS,FUNCIONAMIENTO,GASTOS DE PERSONAL,PLANTA DE PERSONAL PERMANENTE,FACTORES CONSTITUTIVOS DE SALARIO,No Aplica,No Aplica,No Aplica,No Aplica,No Aplica,VIGENCIA ACTUAL,ENTIDADES TERRITORIALES - PERSONERIA,NO DEFINIDO,No Aplica,NO DEFINIDO,,,2023,Segundo Trimestre,,,,NO DEFINIDO,NO DEFINIDO,,,,,,NO DEFINIDO,,,,,,NO DEFINIDO,NO DEFINIDO,NO DEFINIDO,83119247.0,83119247.0,83119247.0
9071112,20230301,218552585,Pupiales,2.1.1.01.02.001,APORTES A LA SEGURIDAD SOCIAL EN PENSIONES,GASTOS,FUNCIONAMIENTO,GASTOS DE PERSONAL,PLANTA DE PERSONAL PERMANENTE,CONTRIBUCIONES INHERENTES A LA NOMINA,APORTES A LA SEGURIDAD SOCIAL EN PENSIONES,No Aplica,No Aplica,No Aplica,No Aplica,VIGENCIA ACTUAL,ENTIDADES TERRITORIALES - ADMINISTRACION CENTRAL,NO APLICA,No Aplica,NO DEFINIDO,,,2023,Primer Trimestre,,,,NO APLICA,"SGP-PROPOSITO GENERAL-LIBRE DESTINACION MUNICIPIOS CATEGORIAS 4, 5 Y 6",,,,,,NO APLICA,,,,,,CON SITUACION DE FONDOS,COLPENSIONES - FONDO DE VEJEZ,NO APLICA,278400.0,278400.0,185600.0
9076467,20220901,218552585,Pupiales,2.3.2.02.02.009,"SERVICIOS PARA LA COMUNIDAD, SOCIALES Y PERSONALES",GASTOS,INVERSION,ADQUISICION DE BIENES Y SERVICIOS,ADQUISICIONES DIFERENTES DE ACTIVOS,ADQUISICION DE SERVICIOS,"SERVICIOS PARA LA COMUNIDAD, SOCIALES Y PERSONALES",No Aplica,No Aplica,No Aplica,No Aplica,VIGENCIA ACTUAL,ENTIDADES TERRITORIALES - ADMINISTRACION CENTRAL,DOCUMENTOS PLANEACION,No Aplica,NO DEFINIDO,,,2022,Tercer Trimestre,,,,OTROS SERVICIOS DE LA ADMINISTRACION PUBLICA N C P,CONTRIBUCION SOBRE CONTRATOS DE OBRA PUBLICA,,,,,,NO APLICA,,,,,,CON SITUACION DE FONDOS,NO APLICA,NO APLICA,6390040.0,6390040.0,6390040.0
9082436,20211201,218552585,Pupiales,2.3.1.01.02.004,APORTES A CAJAS DE COMPENSACION FAMILIAR,GASTOS,INVERSION,GASTOS DE PERSONAL,PLANTA DE PERSONAL PERMANENTE,CONTRIBUCIONES INHERENTES A LA NOMINA,APORTES A CAJAS DE COMPENSACION FAMILIAR,No Aplica,No Aplica,No Aplica,No Aplica,VIGENCIA ACTUAL,ENTIDADES TERRITORIALES - ADMINISTRACION CENTRAL,NO APLICA,No Aplica,NO DEFINIDO,,,2021,Cuarto Trimestre,,,,NO APLICA,SGP-PROPOSITO GENERAL-PROPOSITO GENERAL LIBRE INVERSION,,,,,,NO APLICA,,,,,,CON SITUACION DE FONDOS,DIRECCION NACIONAL DEL TESORO MINISTERIO DE HACIENDA Y CREDITO PUBLICO,NO DEFINIDO,6402987.0,6402987.0,6402987.0
9084300,20210601,218552585,Pupiales,2.3.1.01.02.004,APORTES A CAJAS DE COMPENSACION FAMILIAR,GASTOS,INVERSION,GASTOS DE PERSONAL,PLANTA DE PERSONAL PERMANENTE,CONTRIBUCIONES INHERENTES A LA NOMINA,APORTES A CAJAS DE COMPENSACION FAMILIAR,No Aplica,No Aplica,No Aplica,No Aplica,VIGENCIA ACTUAL,ENTIDADES TERRITORIALES - ADMINISTRACION CENTRAL,NO APLICA,No Aplica,NO DEFINIDO,,,2021,Segundo Trimestre,,,,NO APLICA,1.2.4.3.03 - SGP-PROPOSITO GENERAL-PROPOSITO GENERAL LIBRE INVERSION,,,,,,NO APLICA,,,,,,CON SITUACION DE FONDOS,DIRECCION NACIONAL DEL TESORO MINISTERIO DE HACIENDA Y CREDITO PUBLICO,NO DEFINIDO,3866423.0,3866423.0,3866423.0
9084639,20221201,218552585,Pupiales,2.3.1.01.02.003,APORTES DE CESANTIAS,GASTOS,INVERSION,GASTOS DE PERSONAL,PLANTA DE PERSONAL PERMANENTE,CONTRIBUCIONES INHERENTES A LA NOMINA,APORTES DE CESANTIAS,No Aplica,No Aplica,No Aplica,No Aplica,VIGENCIA ACTUAL,ENTIDADES TERRITORIALES - ADMINISTRACION CENTRAL,NO APLICA,No Aplica,NO DEFINIDO,,,2022,Cuarto Trimestre,,,,NO APLICA,INGRESOS CORRIENTES DE LIBRE DESTINACION,,,,,,NO APLICA,,,,,,CON SITUACION DE FONDOS,DIRECCION NACIONAL DEL TESORO MINISTERIO DE HACIENDA Y CREDITO PUBLICO,NO APLICA,25069653.0,25069653.0,3654653.0
9087644,20210901,218552585,Pupiales,2.1.1.01.03.001.02,INDEMNIZACION POR VACACIONES,GASTOS,FUNCIONAMIENTO,GASTOS DE PERSONAL,PLANTA DE PERSONAL PERMANENTE,REMUNERACIONES NO CONSTITUTIVAS DE FACTOR SALARIAL,PRESTACIONES SOCIALES,INDEMNIZACION POR VACACIONES,No Aplica,No Aplica,No Aplica,VIGENCIA ACTUAL,ENTIDADES TERRITORIALES - ADMINISTRACION CENTRAL,NO APLICA,No Aplica,NO DEFINIDO,,,2021,Tercer Trimestre,,,,NO APLICA,1.2.1.0.00 - INGRESOS CORRIENTES DE LIBRE DESTINACION,,,,,,NO APLICA,,,,,,CON SITUACION DE FONDOS,NO APLICA,NO DEFINIDO,11873102.0,11873102.0,11873102.0
9088582,20210901,218552585,Pupiales,2.1.1.01.01.001.04,SUBSIDIO DE ALIMENTACION,GASTOS,FUNCIONAMIENTO,GASTOS DE PERSONAL,PLANTA DE PERSONAL PERMANENTE,FACTORES CONSTITUTIVOS DE SALARIO,FACTORES SALARIALES COMUNES,SUBSIDIO DE ALIMENTACION,No Aplica,No Aplica,No Aplica,VIGENCIA ACTUAL,ENTIDADES TERRITORIALES - ADMINISTRACION CENTRAL,NO APLICA,No Aplica,NO DEFINIDO,,,2021,Tercer Trimestre,,,,NO APLICA,1.2.1.0.00 - INGRESOS CORRIENTES DE LIBRE DESTINACION,,,,,,NO APLICA,,,,,,CON SITUACION DE FONDOS,NO APLICA,NO DEFINIDO,6817806.0,6817806.0,6817806.0
9091859,20210901,218552585,Pupiales,2.3.2.01.01.001.01,VIVIENDAS,GASTOS,INVERSION,ADQUISICION DE BIENES Y SERVICIOS,ADQUISICION DE ACTIVOS NO FINANCIEROS,ACTIVOS FIJOS,EDIFICACIONES Y ESTRUCTURAS,VIVIENDAS,No Aplica,No Aplica,No Aplica,VIGENCIA ACTUAL,ENTIDADES TERRITORIALES - ADMINISTRACION CENTRAL,NO DEFINIDO,No Aplica,NO DEFINIDO,,,2021,Tercer Trimestre,,,,NO DEFINIDO,NO DEFINIDO,,,,,,NO DEFINIDO,,,,,,NO DEFINIDO,NO DEFINIDO,NO DEFINIDO,21197071.0,21197071.0,21197071.0
9093482,20211201,218552585,Pupiales,2.3.2.02.02.009,"SERVICIOS PARA LA COMUNIDAD, SOCIALES Y PERSONALES",GASTOS,INVERSION,ADQUISICION DE BIENES Y SERVICIOS,ADQUISICIONES DIFERENTES DE ACTIVOS,ADQUISICION DE SERVICIOS,"SERVICIOS PARA LA COMUNIDAD, SOCIALES Y PERSONALES",No Aplica,No Aplica,No Aplica,No Aplica,VIGENCIA ACTUAL,ENTIDADES TERRITORIALES - ADMINISTRACION CENTRAL,SERVICIO DE ORGANIZACION DE EVENTOS DEPORTIVOS COMUNITARIOS,2021525850035,NO DEFINIDO,,,2021,Cuarto Trimestre,,,,OTROS SERVICIOS DIVERSOS N C P,SGP-PROPOSITO GENERAL-DEPORTE Y RECREACION,,,,,,NO APLICA,,,,,,CON SITUACION DE FONDOS,DIRECCION NACIONAL DEL TESORO MINISTERIO DE HACIENDA Y CREDITO PUBLICO,NO DEFINIDO,28093000.0,28093000.0,28093000.0
9094298,20230601,218552585,Pupiales,2.3.1.01.01.001.07,BONIFICACION POR SERVICIOS PRESTADOS,GASTOS,INVERSION,GASTOS DE PERSONAL,PLANTA DE PERSONAL PERMANENTE,FACTORES CONSTITUTIVOS DE SALARIO,FACTORES SALARIALES COMUNES,BONIFICACION POR SERVICIOS PRESTADOS,No Aplica,No Aplica,No Aplica,VIGENCIA ACTUAL,ENTIDADES TERRITORIALES - ADMINISTRACION CENTRAL,SERVICIO DE JUSTICIA A LOS CIUDADANOS,No Aplica,NO DEFINIDO,,,2023,Segundo Trimestre,,,,NO APLICA,SGP-PROPOSITO GENERAL-PROPOSITO GENERAL LIBRE INVERSION,,,,,,NO APLICA,,,,,,CON SITUACION DE FONDOS,NO APLICA,NO APLICA,2846305.0,2846305.0,2846305.0
9101405,20210601,218552585,Pupiales,2.3.2.02.02,ADQUISICION DE SERVICIOS,GASTOS,INVERSION,ADQUISICION DE BIENES Y SERVICIOS,ADQUISICIONES DIFERENTES DE ACTIVOS,ADQUISICION DE SERVICIOS,No Aplica,No Aplica,No Aplica,No Aplica,No Aplica,VIGENCIA ACTUAL,ENTIDADES TERRITORIALES - ADMINISTRACION CENTRAL,NO DEFINIDO,No Aplica,NO DEFINIDO,,,2021,Segundo Trimestre,,,,NO DEFINIDO,NO DEFINIDO,,,,,,NO DEFINIDO,,,,,,NO DEFINIDO,NO DEFINIDO,NO DEFINIDO,10450749732.0,9372573664.0,9338123664.0
9102965,20220301,218552585,Pupiales,2.2.2.01.02.002,ENTIDADES FINANCIERAS,GASTOS,SERVICIO DE LA DEUDA PUBLICA,SERVICIO DE LA DEUDA PUBLICA INTERNA,PRINCIPAL,PRESTAMOS,ENTIDADES FINANCIERAS,No Aplica,No Aplica,No Aplica,No Aplica,VIGENCIA ACTUAL,ENTIDADES TERRITORIALES - ADMINISTRACION CENTRAL,NO DEFINIDO,No Aplica,NO DEFINIDO,,,2022,Primer Trimestre,,,,NO DEFINIDO,NO DEFINIDO,,,,,,NO DEFINIDO,,,,,,NO DEFINIDO,NO DEFINIDO,NO DEFINIDO,111097910.0,111097910.0,111097910.0
9105226,20221201,218552585,Pupiales,2.3.2.02.02.009,"SERVICIOS PARA LA COMUNIDAD, SOCIALES Y PERSONALES",GASTOS,INVERSION,ADQUISICION DE BIENES Y SERVICIOS,ADQUISICIONES DIFERENTES DE ACTIVOS,ADQUISICION DE SERVICIOS,"SERVICIOS PARA LA COMUNIDAD, SOCIALES Y PERSONALES",No Aplica,No Aplica,No Aplica,No Aplica,VIGENCIA ACTUAL,ENTIDADES TERRITORIALES - ADMINISTRACION CENTRAL,SERVICIO DE ASISTENCIA TECNICA PARA PROMOCIONAR EL DESPLIEGUE DE INFRAESTRUCTURA DE LAS TECNOLOGIAS DE LA INFORMACION Y LAS COMUNICACIONES,No Aplica,NO DEFINIDO,,,2022,Cuarto Trimestre,,,,OTROS SERVICIOS DE LA ADMINISTRACION PUBLICA N C P,INGRESOS CORRIENTES DE LIBRE DESTINACION,,,,,,NO APLICA,,,,,,CON SITUACION DE FONDOS,NO APLICA,NO APLICA,9300000.0,9300000.0,9300000.0
9106259,20210601,218552585,Pupiales,2.3.2.01.01.001.03,OTRAS ESTRUCTURAS,GASTOS,INVERSION,ADQUISICION DE BIENES Y SERVICIOS,ADQUISICION DE ACTIVOS NO FINANCIEROS,ACTIVOS FIJOS,EDIFICACIONES Y ESTRUCTURAS,OTRAS ESTRUCTURAS,No Aplica,No Aplica,No Aplica,VIGENCIA ACTUAL,ENTIDADES TERRITORIALES - ADMINISTRACION CENTRAL,NO DEFINIDO,No Aplica,NO DEFINIDO,,,2021,Segundo Trimestre,,,,NO DEFINIDO,NO DEFINIDO,,,,,,NO DEFINIDO,,,,,,NO DEFINIDO,NO DEFINIDO,NO DEFINIDO,73500000.0,37902905.0,13402905.0
9106654,20211201,218552585,Pupiales,2.3.2.02.02.009,"SERVICIOS PARA LA COMUNIDAD, SOCIALES Y PERSONALES",GASTOS,INVERSION,ADQUISICION DE BIENES Y SERVICIOS,ADQUISICIONES DIFERENTES DE ACTIVOS,ADQUISICION DE SERVICIOS,"SERVICIOS PARA LA COMUNIDAD, SOCIALES Y PERSONALES",No Aplica,No Aplica,No Aplica,No Aplica,VIGENCIA ACTUAL,ENTIDADES TERRITORIALES - ADMINISTRACION CENTRAL,"SERVICIO DE APOYO FINANCIERO A LOS PLANES, PROGRAMAS Y PROYECTOS DE AGUA POTABLE Y SANEAMIENTO BASICO",No Aplica,NO DEFINIDO,,,2021,Cuarto Trimestre,,,,OTROS SERVICIOS DIVERSOS N C P,SGP-AGUA POTABLE Y SANEAMIENTO BASICO,,,,,,NO APLICA,,,,,,CON SITUACION DE FONDOS,DIRECCION NACIONAL DEL TESORO MINISTERIO DE HACIENDA Y CREDITO PUBLICO,NO DEFINIDO,62650000.0,62650000.0,62650000.0
9111224,20230601,218552585,Pupiales,2.3.2.02.02.009,"SERVICIOS PARA LA COMUNIDAD, SOCIALES Y PERSONALES",GASTOS,INVERSION,ADQUISICION DE BIENES Y SERVICIOS,ADQUISICIONES DIFERENTES DE ACTIVOS,ADQUISICION DE SERVICIOS,"SERVICIOS PARA LA COMUNIDAD, SOCIALES Y PERSONALES",No Aplica,No Aplica,No Aplica,No Aplica,VIGENCIA ACTUAL,ENTIDADES TERRITORIALES - ADMINISTRACION CENTRAL,SERVICIO DE ATENCION EN SALUD A LA POBLACION,No Aplica,NO DEFINIDO,,,2023,Segundo Trimestre,,,,SERVICIOS DE LOS ORGANOS DE CONTROL Y OTRAS INSTITUCIONES,PARTICIPACIONES DISTINTAS DEL SGP CON DESTINACION ESPECIFICA LEGAL,,,,,,NO APLICA,,,,,,SIN SITUACION DE FONDOS,NO APLICA,NO APLICA,5398923924.0,5398923924.0,5398923924.0
9111535,20220901,218552585,Pupiales,2.3.2.02.02.009,"SERVICIOS PARA LA COMUNIDAD, SOCIALES Y PERSONALES",GASTOS,INVERSION,ADQUISICION DE BIENES Y SERVICIOS,ADQUISICIONES DIFERENTES DE ACTIVOS,ADQUISICION DE SERVICIOS,"SERVICIOS PARA LA COMUNIDAD, SOCIALES Y PERSONALES",No Aplica,No Aplica,No Aplica,No Aplica,VIGENCIA ACTUAL,ENTIDADES TERRITORIALES - ADMINISTRACION CENTRAL,NO APLICA,2021525850003,NO DEFINIDO,,,2022,Tercer Trimestre,,,,OTROS SERVICIOS DE LA ADMINISTRACION PUBLICA N C P,SGP-PROPOSITO GENERAL-PROPOSITO GENERAL LIBRE INVERSION,,,,,,NO APLICA,,,,,,CON SITUACION DE FONDOS,DIRECCION NACIONAL DEL TESORO MINISTERIO DE HACIENDA Y CREDITO PUBLICO,NO APLICA,417560000.0,268970000.0,268970000.0
9115906,20220301,218552585,Pupiales,2.1.2.02.02.006,"COMERCIO Y DISTRIBUCION; ALOJAMIENTO; SERVICIOS DE SUMINISTRO DE COMIDAS Y BEBIDAS; SERVICIOS DE TRANSPORTE; Y SERVICIOS DE DISTRIBUCION DE ELECTRICIDAD, GAS Y AGUA",GASTOS,FUNCIONAMIENTO,ADQUISICION DE BIENES Y SERVICIOS,ADQUISICIONES DIFERENTES DE ACTIVOS,ADQUISICION DE SERVICIOS,"COMERCIO Y DISTRIBUCION; ALOJAMIENTO; SERVICIOS DE SUMINISTRO DE COMIDAS Y BEBIDAS; SERVICIOS DE TRANSPORTE; Y SERVICIOS DE DISTRIBUCION DE ELECTRICIDAD, GAS Y AGUA",No Aplica,No Aplica,No Aplica,No Aplica,VIGENCIA ACTUAL,ENTIDADES TERRITORIALES - ADMINISTRACION CENTRAL,NO APLICA,No Aplica,NO DEFINIDO,,,2022,Primer Trimestre,,,,OTROS SERVICIOS ADMINISTRATIVOS DEL GOBIERNO N C P,INGRESOS CORRIENTES DE LIBRE DESTINACION,,,,,,NO APLICA,,,,,,CON SITUACION DE FONDOS,NO APLICA,NO APLICA,35143880.0,10143880.0,10143880.0
9118061,20220601,218552585,Pupiales,2.3.2.02.01,MATERIALES Y SUMINISTROS,GASTOS,INVERSION,ADQUISICION DE BIENES Y SERVICIOS,ADQUISICIONES DIFERENTES DE ACTIVOS,MATERIALES Y SUMINISTROS,No Aplica,No Aplica,No Aplica,No Aplica,No Aplica,VIGENCIA ACTUAL,ENTIDADES TERRITORIALES - ADMINISTRACION CENTRAL,NO DEFINIDO,No Aplica,NO DEFINIDO,,,2022,Segundo Trimestre,,,,NO DEFINIDO,NO DEFINIDO,,,,,,NO DEFINIDO,,,,,,NO DEFINIDO,NO DEFINIDO,NO DEFINIDO,330000000.0,220000000.0,220000000.0
9118989,20220601,218552585,Pupiales,2.1.1.01.03,REMUNERACIONES NO CONSTITUTIVAS DE FACTOR SALARIAL,GASTOS,FUNCIONAMIENTO,GASTOS DE PERSONAL,PLANTA DE PERSONAL PERMANENTE,REMUNERACIONES NO CONSTITUTIVAS DE FACTOR SALARIAL,No Aplica,No Aplica,No Aplica,No Aplica,No Aplica,VIGENCIA ACTUAL,ENTIDADES TERRITORIALES - ADMINISTRACION CENTRAL,NO DEFINIDO,No Aplica,NO DEFINIDO,,,2022,Segundo Trimestre,,,,NO DEFINIDO,NO DEFINIDO,,,,,,NO DEFINIDO,,,,,,NO DEFINIDO,NO DEFINIDO,NO DEFINIDO,24540428.0,24540428.0,24540428.0
9120215,20230601,218552585,Pupiales,2.3.2.02.02.009,"SERVICIOS PARA LA COMUNIDAD, SOCIALES Y PERSONALES",GASTOS,INVERSION,ADQUISICION DE BIENES Y SERVICIOS,ADQUISICIONES DIFERENTES DE ACTIVOS,ADQUISICION DE SERVICIOS,"SERVICIOS PARA LA COMUNIDAD, SOCIALES Y PERSONALES",No Aplica,No Aplica,No Aplica,No Aplica,VIGENCIA ACTUAL,ENTIDADES TERRITORIALES - ADMINISTRACION CENTRAL,SERVICIO DE ASISTENCIA TECNICA EN GESTION ARTISTICA Y CULTURAL,No Aplica,NO DEFINIDO,,,2023,Segundo Trimestre,,,,SERVICIOS DE LOS ORGANOS DE CONTROL Y OTRAS INSTITUCIONES,SGP-PROPOSITO GENERAL-CULTURA,,,,,,NO APLICA,,,,,,CON SITUACION DE FONDOS,NO APLICA,NO APLICA,25550000.0,18750000.0,18750000.0
9120316,20230601,218552585,Pupiales,2.2.2.01,PRINCIPAL,GASTOS,SERVICIO DE LA DEUDA PUBLICA,SERVICIO DE LA DEUDA PUBLICA INTERNA,PRINCIPAL,No Aplica,No Aplica,No Aplica,No Aplica,No Aplica,No Aplica,VIGENCIA ACTUAL,ENTIDADES TERRITORIALES - ADMINISTRACION CENTRAL,NO DEFINIDO,No Aplica,NO DEFINIDO,,,2023,Segundo Trimestre,,,,NO DEFINIDO,NO DEFINIDO,,,,,,NO DEFINIDO,,,,,,NO DEFINIDO,NO DEFINIDO,NO DEFINIDO,186613810.0,186613810.0,186613810.0
9120907,20210901,218552585,Pupiales,2.1.2,ADQUISICION DE BIENES Y SERVICIOS,GASTOS,FUNCIONAMIENTO,ADQUISICION DE BIENES Y SERVICIOS,No Aplica,No Aplica,No Aplica,No Aplica,No Aplica,No Aplica,No Aplica,VIGENCIA ACTUAL,ENTIDADES TERRITORIALES - ADMINISTRACION CENTRAL,NO DEFINIDO,No Aplica,NO DEFINIDO,,,2021,Tercer Trimestre,,,,NO DEFINIDO,NO DEFINIDO,,,,,,NO DEFINIDO,,,,,,NO DEFINIDO,NO DEFINIDO,NO DEFINIDO,700554467.0,511116821.0,510658386.0
9125584,20221201,218552585,Pupiales,2.3.2.02.02.009,"SERVICIOS PARA LA COMUNIDAD, SOCIALES Y PERSONALES",GASTOS,INVERSION,ADQUISICION DE BIENES Y SERVICIOS,ADQUISICIONES DIFERENTES DE ACTIVOS,ADQUISICION DE SERVICIOS,"SERVICIOS PARA LA COMUNIDAD, SOCIALES Y PERSONALES",No Aplica,No Aplica,No Aplica,No Aplica,VIGENCIA ACTUAL,ENTIDADES TERRITORIALES - ADMINISTRACION CENTRAL,SERVICIO DE ORGANIZACION DE EVENTOS RECREATIVOS COMUNITARIOS,No Aplica,NO DEFINIDO,,,2022,Cuarto Trimestre,,,,OTROS SERVICIOS DE LA ADMINISTRACION PUBLICA N C P,SGP-PROPOSITO GENERAL-DEPORTE Y RECREACION,,,,,,NO APLICA,,,,,,CON SITUACION DE FONDOS,NO APLICA,NO APLICA,2400000.0,2400000.0,2400000.0
9128120,20210301,218552585,Pupiales,2.1.1.01.01,FACTORES CONSTITUTIVOS DE SALARIO,GASTOS,FUNCIONAMIENTO,GASTOS DE PERSONAL,PLANTA DE PERSONAL PERMANENTE,FACTORES CONSTITUTIVOS DE SALARIO,No Aplica,No Aplica,No Aplica,No Aplica,No Aplica,VIGENCIA ACTUAL,ENTIDADES TERRITORIALES - ADMINISTRACION CENTRAL,NO DEFINIDO,No Aplica,NO DEFINIDO,,,2021,Primer Trimestre,,,,NO DEFINIDO,NO DEFINIDO,,,,,,NO DEFINIDO,,,,,,NO DEFINIDO,NO DEFINIDO,NO DEFINIDO,136733426.0,136733426.0,136733426.0
9128278,20221201,218552585,Pupiales,2.2,SERVICIO DE LA DEUDA PUBLICA,GASTOS,SERVICIO DE LA DEUDA PUBLICA,No Aplica,No Aplica,No Aplica,No Aplica,No Aplica,No Aplica,No Aplica,No Aplica,VIGENCIA ACTUAL,ENTIDADES TERRITORIALES - ADMINISTRACION CENTRAL,NO DEFINIDO,No Aplica,NO DEFINIDO,,,2022,Cuarto Trimestre,,,,NO DEFINIDO,NO DEFINIDO,,,,,,NO DEFINIDO,,,,,,NO DEFINIDO,NO DEFINIDO,NO DEFINIDO,532122232.0,532122232.0,532122232.0
9129237,20221201,218552585,Pupiales,2.1.1.01.01.001.05,AUXILIO DE TRANSPORTE,GASTOS,FUNCIONAMIENTO,GASTOS DE PERSONAL,PLANTA DE PERSONAL PERMANENTE,FACTORES CONSTITUTIVOS DE SALARIO,FACTORES SALARIALES COMUNES,AUXILIO DE TRANSPORTE,No Aplica,No Aplica,No Aplica,VIGENCIA ACTUAL,ENTIDADES TERRITORIALES - ADMINISTRACION CENTRAL,NO APLICA,No Aplica,NO DEFINIDO,,,2022,Cuarto Trimestre,,,,NO APLICA,INGRESOS CORRIENTES DE LIBRE DESTINACION,,,,,,NO APLICA,,,,,,CON SITUACION DE FONDOS,NO APLICA,NO APLICA,16958027.0,16958027.0,16958027.0
9132010,20230601,218552585,Pupiales,2.3.2.02.02.009,"SERVICIOS PARA LA COMUNIDAD, SOCIALES Y PERSONALES",GASTOS,INVERSION,ADQUISICION DE BIENES Y SERVICIOS,ADQUISICIONES DIFERENTES DE ACTIVOS,ADQUISICION DE SERVICIOS,"SERVICIOS PARA LA COMUNIDAD, SOCIALES Y PERSONALES",No Aplica,No Aplica,No Aplica,No Aplica,VIGENCIA ACTUAL,ENTIDADES TERRITORIALES - ADMINISTRACION CENTRAL,SERVICIO DE APOYO FINANCIERO AL SECTOR ARTISTICO Y CULTURAL,No Aplica,NO DEFINIDO,,,2023,Segundo Trimestre,,,,SERVICIOS DE LOS ORGANOS DE CONTROL Y OTRAS INSTITUCIONES,R.B. ESTAMPILLAS,,,,,,NO APLICA,,,,,,CON SITUACION DE FONDOS,NO APLICA,NO APLICA,5840000.0,5840000.0,5840000.0
9132910,20220601,218552585,Pupiales,2.3.2.02.02.009,"SERVICIOS PARA LA COMUNIDAD, SOCIALES Y PERSONALES",GASTOS,INVERSION,ADQUISICION DE BIENES Y SERVICIOS,ADQUISICIONES DIFERENTES DE ACTIVOS,ADQUISICION DE SERVICIOS,"SERVICIOS PARA LA COMUNIDAD, SOCIALES Y PERSONALES",No Aplica,No Aplica,No Aplica,No Aplica,VIGENCIA ACTUAL,ENTIDADES TERRITORIALES - ADMINISTRACION CENTRAL,SERVICIO DE ATENCION EN SALUD A LA POBLACION,No Aplica,NO DEFINIDO,,,2022,Segundo Trimestre,,,,OTROS SERVICIOS DIVERSOS N C P,SGP-SALUD-REGIMEN SUBSIDIADO,,,,,,NO APLICA,,,,,,SIN SITUACION DE FONDOS,DIRECCION NACIONAL DEL TESORO MINISTERIO DE HACIENDA Y CREDITO PUBLICO,NO APLICA,3307060109.0,3307060109.0,3307060109.0
9134732,20220901,218552585,Pupiales,2.1.1.01,PLANTA DE PERSONAL PERMANENTE,GASTOS,FUNCIONAMIENTO,GASTOS DE PERSONAL,PLANTA DE PERSONAL PERMANENTE,No Aplica,No Aplica,No Aplica,No Aplica,No Aplica,No Aplica,VIGENCIA ACTUAL,ENTIDADES TERRITORIALES - CONCEJO,NO DEFINIDO,No Aplica,NO DEFINIDO,,,2022,Tercer Trimestre,,,,NO DEFINIDO,NO DEFINIDO,,,,,,NO DEFINIDO,,,,,,NO DEFINIDO,NO DEFINIDO,NO DEFINIDO,141752037.0,141752037.0,141752037.0
9134858,20230601,218552585,Pupiales,2.3.1.01.01.001.08.02,PRIMA DE VACACIONES,GASTOS,INVERSION,GASTOS DE PERSONAL,PLANTA DE PERSONAL PERMANENTE,FACTORES CONSTITUTIVOS DE SALARIO,FACTORES SALARIALES COMUNES,PRESTACIONES SOCIALES,PRIMA DE VACACIONES,No Aplica,No Aplica,VIGENCIA ACTUAL,ENTIDADES TERRITORIALES - ADMINISTRACION CENTRAL,VIA TERCIARIA MEJORADA,No Aplica,NO DEFINIDO,,,2023,Segundo Trimestre,,,,NO APLICA,INGRESOS CORRIENTES DE LIBRE DESTINACION,,,,,,NO APLICA,,,,,,CON SITUACION DE FONDOS,NO APLICA,NO APLICA,935613.0,0.0,0.0
9135286,20220901,218552585,Pupiales,2.1.1.01.02.005,APORTES GENERALES AL SISTEMA DE RIESGOS LABORALES,GASTOS,FUNCIONAMIENTO,GASTOS DE PERSONAL,PLANTA DE PERSONAL PERMANENTE,CONTRIBUCIONES INHERENTES A LA NOMINA,APORTES GENERALES AL SISTEMA DE RIESGOS LABORALES,No Aplica,No Aplica,No Aplica,No Aplica,VIGENCIA ACTUAL,ENTIDADES TERRITORIALES - ADMINISTRACION CENTRAL,NO APLICA,No Aplica,NO DEFINIDO,,,2022,Tercer Trimestre,,,,NO APLICA,INGRESOS CORRIENTES DE LIBRE DESTINACION,,,,,,NO APLICA,,,,,,CON SITUACION DE FONDOS,NO APLICA,NO APLICA,6448177.0,6448177.0,6448177.0
9135383,20220601,218552585,Pupiales,2.3.2.02.02.005,CONSTRUCCION Y SERVICIOS DE LA CONSTRUCCION,GASTOS,INVERSION,ADQUISICION DE BIENES Y SERVICIOS,ADQUISICIONES DIFERENTES DE ACTIVOS,ADQUISICION DE SERVICIOS,CONSTRUCCION Y SERVICIOS DE LA CONSTRUCCION,No Aplica,No Aplica,No Aplica,No Aplica,VIGENCIA ACTUAL,ENTIDADES TERRITORIALES - ADMINISTRACION CENTRAL,SEDES CONSTRUIDAS,No Aplica,NO DEFINIDO,,,2022,Segundo Trimestre,,,,OTROS SERVICIOS DIVERSOS N C P,R.B. VENTA DE BIENES Y SERVICIOS,,,,,,NO APLICA,,,,,,CON SITUACION DE FONDOS,NO APLICA,NO APLICA,968000000.0,0.0,0.0
9136337,20221201,218552585,Pupiales,2.3.2.02.02.009,"SERVICIOS PARA LA COMUNIDAD, SOCIALES Y PERSONALES",GASTOS,INVERSION,ADQUISICION DE BIENES Y SERVICIOS,ADQUISICIONES DIFERENTES DE ACTIVOS,ADQUISICION DE SERVICIOS,"SERVICIOS PARA LA COMUNIDAD, SOCIALES Y PERSONALES",No Aplica,No Aplica,No Aplica,No Aplica,VIGENCIA ACTUAL,ENTIDADES TERRITORIALES - ADMINISTRACION CENTRAL,SERVICIO DE JUSTICIA A LOS CIUDADANOS,No Aplica,NO DEFINIDO,,,2022,Cuarto Trimestre,,,,OTROS SERVICIOS DE LA ADMINISTRACION PUBLICA N C P,SGP-PROPOSITO GENERAL-PROPOSITO GENERAL LIBRE INVERSION,,,,,,NO APLICA,,,,,,CON SITUACION DE FONDOS,DIRECCION NACIONAL DEL TESORO MINISTERIO DE HACIENDA Y CREDITO PUBLICO,NO APLICA,5200000.0,5200000.0,5200000.0
9137069,20220301,218552585,Pupiales,2.1.1.01.02.002,APORTES A LA SEGURIDAD SOCIAL EN SALUD,GASTOS,FUNCIONAMIENTO,GASTOS DE PERSONAL,PLANTA DE PERSONAL PERMANENTE,CONTRIBUCIONES INHERENTES A LA NOMINA,APORTES A LA SEGURIDAD SOCIAL EN SALUD,No Aplica,No Aplica,No Aplica,No Aplica,VIGENCIA ACTUAL,ENTIDADES TERRITORIALES - ADMINISTRACION CENTRAL,NO APLICA,No Aplica,NO DEFINIDO,,,2022,Primer Trimestre,,,,NO APLICA,INGRESOS CORRIENTES DE LIBRE DESTINACION,,,,,,NO APLICA,,,,,,CON SITUACION DE FONDOS,NO APLICA,NO APLICA,7536157.0,7536157.0,7536157.0
9137957,20210601,218552585,Pupiales,2.1.2.01.01,ACTIVOS FIJOS,GASTOS,FUNCIONAMIENTO,ADQUISICION DE BIENES Y SERVICIOS,ADQUISICION DE ACTIVOS NO FINANCIEROS,ACTIVOS FIJOS,No Aplica,No Aplica,No Aplica,No Aplica,No Aplica,VIGENCIA ACTUAL,ENTIDADES TERRITORIALES - ADMINISTRACION CENTRAL,NO DEFINIDO,No Aplica,NO DEFINIDO,,,2021,Segundo Trimestre,,,,NO DEFINIDO,NO DEFINIDO,,,,,,NO DEFINIDO,,,,,,NO DEFINIDO,NO DEFINIDO,NO DEFINIDO,23200000.0,23200000.0,23200000.0
9140989,20211201,218552585,Pupiales,2.1.1.01.02.007,APORTES AL SENA,GASTOS,FUNCIONAMIENTO,GASTOS DE PERSONAL,PLANTA DE PERSONAL PERMANENTE,CONTRIBUCIONES INHERENTES A LA NOMINA,APORTES AL SENA,No Aplica,No Aplica,No Aplica,No Aplica,VIGENCIA ACTUAL,ENTIDADES TERRITORIALES - ADMINISTRACION CENTRAL,NO APLICA,No Aplica,NO DEFINIDO,,,2021,Cuarto Trimestre,,,,NO APLICA,INGRESOS CORRIENTES DE LIBRE DESTINACION,,,,,,NO APLICA,,,,,,CON SITUACION DE FONDOS,NO APLICA,NO DEFINIDO,2104143.0,2104143.0,2104143.0
9143132,20220601,218552585,Pupiales,2.3.2.02.02.006,"COMERCIO Y DISTRIBUCION; ALOJAMIENTO; SERVICIOS DE SUMINISTRO DE COMIDAS Y BEBIDAS; SERVICIOS DE TRANSPORTE; Y SERVICIOS DE DISTRIBUCION DE ELECTRICIDAD, GAS Y AGUA",GASTOS,INVERSION,ADQUISICION DE BIENES Y SERVICIOS,ADQUISICIONES DIFERENTES DE ACTIVOS,ADQUISICION DE SERVICIOS,"COMERCIO Y DISTRIBUCION; ALOJAMIENTO; SERVICIOS DE SUMINISTRO DE COMIDAS Y BEBIDAS; SERVICIOS DE TRANSPORTE; Y SERVICIOS DE DISTRIBUCION DE ELECTRICIDAD, GAS Y AGUA",No Aplica,No Aplica,No Aplica,No Aplica,VIGENCIA ACTUAL,ENTIDADES TERRITORIALES - ADMINISTRACION CENTRAL,SERVICIO DE APOYO A LA PERMANENCIA CON TRANSPORTE ESCOLAR,No Aplica,NO DEFINIDO,,,2022,Segundo Trimestre,,,,OTROS SERVICIOS DIVERSOS N C P,SGP-EDUCACION-CALIDAD  POR MATRICULA OFICIAL,,,,,,NO APLICA,,,,,,CON SITUACION DE FONDOS,DIRECCION NACIONAL DEL TESORO MINISTERIO DE HACIENDA Y CREDITO PUBLICO,NO APLICA,28000000.0,28000000.0,28000000.0
9144894,20210901,218552585,Pupiales,2.3.4.03,COMPENSACIONES DE CAPITAL,GASTOS,INVERSION,TRANSFERENCIAS DE CAPITAL,COMPENSACIONES DE CAPITAL,No Aplica,No Aplica,No Aplica,No Aplica,No Aplica,No Aplica,VIGENCIA ACTUAL,ENTIDADES TERRITORIALES - ADMINISTRACION CENTRAL,"40.03.003 - VIVIENDA, CIUDAD Y TERRITORIO - ACCESO DE LA POBLACION A LOS SERVICIOS DE AGUA POTABLE Y SANEAMIENTO BASICO - SERVICIO DE EDUCACION INFORMAL EN FORMULACION, EVALUACION Y MONITOREO DE PLANE",No Aplica,NO DEFINIDO,,,2021,Tercer Trimestre,,,,NO APLICA,1.3.3.0.00 - RECURSOS DEL BALANCE DE LIBRE DESTINACION,,,,,,NO APLICA,,,,,,CON SITUACION DE FONDOS,OTRO,NO DEFINIDO,74886194.0,25000000.0,25000000.0
9145805,20230301,218552585,Pupiales,2,GASTOS,GASTOS,No Aplica,No Aplica,No Aplica,No Aplica,No Aplica,No Aplica,No Aplica,No Aplica,No Aplica,VIGENCIA ACTUAL,ENTIDADES TERRITORIALES - ADMINISTRACION CENTRAL,NO DEFINIDO,No Aplica,NO DEFINIDO,,,2023,Primer Trimestre,,,,NO DEFINIDO,NO DEFINIDO,,,,,,NO DEFINIDO,,,,,,NO DEFINIDO,NO DEFINIDO,NO DEFINIDO,4779311003.0,3622725004.0,3246232763.0
9146074,20221201,218552585,Pupiales,2.3.7.05,PROGRAMAS DE SANEAMIENTO FISCAL Y FINANCIERO,GASTOS,INVERSION,DISMINUCION DE PASIVOS,PROGRAMAS DE SANEAMIENTO FISCAL Y FINANCIERO,No Aplica,No Aplica,No Aplica,No Aplica,No Aplica,No Aplica,VIGENCIA ACTUAL,ENTIDADES TERRITORIALES - ADMINISTRACION CENTRAL,NO DEFINIDO,No Aplica,NO DEFINIDO,,,2022,Cuarto Trimestre,,,,NO DEFINIDO,NO DEFINIDO,,,,,,NO DEFINIDO,,,,,,NO DEFINIDO,NO DEFINIDO,NO DEFINIDO,75077354.0,75077354.0,75077354.0
9148736,20221201,218552585,Pupiales,2.3.2.02.02.009,"SERVICIOS PARA LA COMUNIDAD, SOCIALES Y PERSONALES",GASTOS,INVERSION,ADQUISICION DE BIENES Y SERVICIOS,ADQUISICIONES DIFERENTES DE ACTIVOS,ADQUISICION DE SERVICIOS,"SERVICIOS PARA LA COMUNIDAD, SOCIALES Y PERSONALES",No Aplica,No Aplica,No Aplica,No Aplica,VIGENCIA ACTUAL,ENTIDADES TERRITORIALES - ADMINISTRACION CENTRAL,SERVICIOS BIBLIOTECARIOS,No Aplica,NO DEFINIDO,,,2022,Cuarto Trimestre,,,,OTROS SERVICIOS DE LA ADMINISTRACION PUBLICA N C P,SGP-PROPOSITO GENERAL-CULTURA,,,,,,NO APLICA,,,,,,CON SITUACION DE FONDOS,DIRECCION NACIONAL DEL TESORO MINISTERIO DE HACIENDA Y CREDITO PUBLICO,NO APLICA,150000000.0,150000000.0,150000000.0
9148808,20221201,218552585,Pupiales,2.3.2.02.02.009,"SERVICIOS PARA LA COMUNIDAD, SOCIALES Y PERSONALES",GASTOS,INVERSION,ADQUISICION DE BIENES Y SERVICIOS,ADQUISICIONES DIFERENTES DE ACTIVOS,ADQUISICION DE SERVICIOS,"SERVICIOS PARA LA COMUNIDAD, SOCIALES Y PERSONALES",No Aplica,No Aplica,No Aplica,No Aplica,VIGENCIA ACTUAL,ENTIDADES TERRITORIALES - ADMINISTRACION CENTRAL,SERVICIO DE PREPARACION DEPORTIVA,No Aplica,NO DEFINIDO,,,2022,Cuarto Trimestre,,,,OTROS SERVICIOS DE LA ADMINISTRACION PUBLICA N C P,SGP-PROPOSITO GENERAL-DEPORTE Y RECREACION,,,,,,NO APLICA,,,,,,CON SITUACION DE FONDOS,DIRECCION NACIONAL DEL TESORO MINISTERIO DE HACIENDA Y CREDITO PUBLICO,NO APLICA,8525000.0,8525000.0,8525000.0
9152263,20211201,218552585,Pupiales,2.1.1.01.03.001.02,INDEMNIZACION POR VACACIONES,GASTOS,FUNCIONAMIENTO,GASTOS DE PERSONAL,PLANTA DE PERSONAL PERMANENTE,REMUNERACIONES NO CONSTITUTIVAS DE FACTOR SALARIAL,PRESTACIONES SOCIALES,INDEMNIZACION POR VACACIONES,No Aplica,No Aplica,No Aplica,VIGENCIA ACTUAL,ENTIDADES TERRITORIALES - ADMINISTRACION CENTRAL,NO APLICA,No Aplica,NO DEFINIDO,,,2021,Cuarto Trimestre,,,,NO APLICA,INGRESOS CORRIENTES DE LIBRE DESTINACION,,,,,,NO APLICA,,,,,,CON SITUACION DE FONDOS,NO APLICA,NO DEFINIDO,12736450.0,12736450.0,12736450.0
9157466,20230601,218552585,Pupiales,2.3,INVERSION,GASTOS,INVERSION,No Aplica,No Aplica,No Aplica,No Aplica,No Aplica,No Aplica,No Aplica,No Aplica,CUENTAS POR PAGAR,ENTIDADES DIFERENTES A ENTIDADES TERRITORIALES - GESTION GENERAL,NO DEFINIDO,No Aplica,NO DEFINIDO,,,2023,Segundo Trimestre,,,,NO DEFINIDO,NO DEFINIDO,,,,,,NO DEFINIDO,,,,,,NO DEFINIDO,NO DEFINIDO,NO DEFINIDO,3897204.0,3897204.0,3897204.0
9157667,20210901,218552585,Pupiales,2.1.1.01.01.001.06,PRIMA DE SERVICIO,GASTOS,FUNCIONAMIENTO,GASTOS DE PERSONAL,PLANTA DE PERSONAL PERMANENTE,FACTORES CONSTITUTIVOS DE SALARIO,FACTORES SALARIALES COMUNES,PRIMA DE SERVICIO,No Aplica,No Aplica,No Aplica,VIGENCIA ACTUAL,ENTIDADES TERRITORIALES - ADMINISTRACION CENTRAL,NO APLICA,No Aplica,NO DEFINIDO,,,2021,Tercer Trimestre,,,,NO APLICA,1.2.1.0.00 - INGRESOS CORRIENTES DE LIBRE DESTINACION,,,,,,NO APLICA,,,,,,CON SITUACION DE FONDOS,NO APLICA,NO DEFINIDO,21063750.0,21063750.0,21063750.0
9159141,20220301,218552585,Pupiales,2.3.2.02.02.009,"SERVICIOS PARA LA COMUNIDAD, SOCIALES Y PERSONALES",GASTOS,INVERSION,ADQUISICION DE BIENES Y SERVICIOS,ADQUISICIONES DIFERENTES DE ACTIVOS,ADQUISICION DE SERVICIOS,"SERVICIOS PARA LA COMUNIDAD, SOCIALES Y PERSONALES",No Aplica,No Aplica,No Aplica,No Aplica,VIGENCIA ACTUAL,ENTIDADES TERRITORIALES - ADMINISTRACION CENTRAL,NO APLICA,No Aplica,NO DEFINIDO,,,2022,Primer Trimestre,,,,OTROS SERVICIOS ADMINISTRATIVOS DEL GOBIERNO N C P,SGP-PROPOSITO GENERAL-PROPOSITO GENERAL LIBRE INVERSION,,,,,,NO APLICA,,,,,,CON SITUACION DE FONDOS,DIRECCION NACIONAL DEL TESORO MINISTERIO DE HACIENDA Y CREDITO PUBLICO,NO APLICA,314160000.0,94120666.0,94120666.0
9160046,20210601,218552585,Pupiales,2.1.1.01.03.001,PRESTACIONES SOCIALES,GASTOS,FUNCIONAMIENTO,GASTOS DE PERSONAL,PLANTA DE PERSONAL PERMANENTE,REMUNERACIONES NO CONSTITUTIVAS DE FACTOR SALARIAL,PRESTACIONES SOCIALES,No Aplica,No Aplica,No Aplica,No Aplica,VIGENCIA ACTUAL,ENTIDADES TERRITORIALES - ADMINISTRACION CENTRAL,NO DEFINIDO,No Aplica,NO DEFINIDO,,,2021,Segundo Trimestre,,,,NO DEFINIDO,NO DEFINIDO,,,,,,NO DEFINIDO,,,,,,NO DEFINIDO,NO DEFINIDO,NO DEFINIDO,18376273.0,18376273.0,18376273.0
9160263,20230601,218552585,Pupiales,2.3.1.01.02.005,APORTES GENERALES AL SISTEMA DE RIESGOS LABORALES,GASTOS,INVERSION,GASTOS DE PERSONAL,PLANTA DE PERSONAL PERMANENTE,CONTRIBUCIONES INHERENTES A LA NOMINA,APORTES GENERALES AL SISTEMA DE RIESGOS LABORALES,No Aplica,No Aplica,No Aplica,No Aplica,VIGENCIA ACTUAL,ENTIDADES TERRITORIALES - ADMINISTRACION CENTRAL,VIA TERCIARIA MEJORADA,No Aplica,NO DEFINIDO,,,2023,Segundo Trimestre,,,,NO APLICA,INGRESOS CORRIENTES DE LIBRE DESTINACION,,,,,,NO APLICA,,,,,,CON SITUACION DE FONDOS,NO APLICA,NO APLICA,289091.0,289091.0,289091.0
9161028,20210601,218552585,Pupiales,2.1.1.01.02.002,APORTES A LA SEGURIDAD SOCIAL EN SALUD,GASTOS,FUNCIONAMIENTO,GASTOS DE PERSONAL,PLANTA DE PERSONAL PERMANENTE,CONTRIBUCIONES INHERENTES A LA NOMINA,APORTES A LA SEGURIDAD SOCIAL EN SALUD,No Aplica,No Aplica,No Aplica,No Aplica,VIGENCIA ACTUAL,ENTIDADES TERRITORIALES - ADMINISTRACION CENTRAL,NO APLICA,No Aplica,NO DEFINIDO,,,2021,Segundo Trimestre,,,,NO APLICA,1.2.1.0.00 - INGRESOS CORRIENTES DE LIBRE DESTINACION,,,,,,NO APLICA,,,,,,CON SITUACION DE FONDOS,NO APLICA,NO DEFINIDO,26335820.0,26335820.0,26335820.0
9162613,20230601,218552585,Pupiales,2.1.1.01.01.001.01,SUELDO BASICO,GASTOS,FUNCIONAMIENTO,GASTOS DE PERSONAL,PLANTA DE PERSONAL PERMANENTE,FACTORES CONSTITUTIVOS DE SALARIO,FACTORES SALARIALES COMUNES,SUELDO BASICO,No Aplica,No Aplica,No Aplica,VIGENCIA ACTUAL,ENTIDADES TERRITORIALES - CONCEJO,NO APLICA,No Aplica,NO DEFINIDO,,,2023,Segundo Trimestre,,,,NO APLICA,"SGP-PROPOSITO GENERAL-LIBRE DESTINACION MUNICIPIOS CATEGORIAS 4, 5 Y 6",,,,,,NO APLICA,,,,,,CON SITUACION DE FONDOS,NO APLICA,NO APLICA,21284234.0,21284234.0,21284234.0
9163000,20230301,218552585,Pupiales,2.1.1.01.03,REMUNERACIONES NO CONSTITUTIVAS DE FACTOR SALARIAL,GASTOS,FUNCIONAMIENTO,GASTOS DE PERSONAL,PLANTA DE PERSONAL PERMANENTE,REMUNERACIONES NO CONSTITUTIVAS DE FACTOR SALARIAL,No Aplica,No Aplica,No Aplica,No Aplica,No Aplica,VIGENCIA ACTUAL,ENTIDADES TERRITORIALES - CONCEJO,NO DEFINIDO,No Aplica,NO DEFINIDO,,,2023,Primer Trimestre,,,,NO DEFINIDO,NO DEFINIDO,,,,,,NO DEFINIDO,,,,,,NO DEFINIDO,NO DEFINIDO,NO DEFINIDO,30349314.0,30349314.0,30349314.0
9163086,20211201,218552585,Pupiales,2.1.1.01.01.001,FACTORES SALARIALES COMUNES,GASTOS,FUNCIONAMIENTO,GASTOS DE PERSONAL,PLANTA DE PERSONAL PERMANENTE,FACTORES CONSTITUTIVOS DE SALARIO,FACTORES SALARIALES COMUNES,No Aplica,No Aplica,No Aplica,No Aplica,VIGENCIA ACTUAL,ENTIDADES TERRITORIALES - PERSONERIA,NO DEFINIDO,No Aplica,NO DEFINIDO,,,2021,Cuarto Trimestre,,,,NO DEFINIDO,NO DEFINIDO,,,,,,NO DEFINIDO,,,,,,NO DEFINIDO,NO DEFINIDO,NO DEFINIDO,136278900.0,136278900.0,136278900.0
9163089,20210601,218552585,Pupiales,2.1.1.01.01.001,FACTORES SALARIALES COMUNES,GASTOS,FUNCIONAMIENTO,GASTOS DE PERSONAL,PLANTA DE PERSONAL PERMANENTE,FACTORES CONSTITUTIVOS DE SALARIO,FACTORES SALARIALES COMUNES,No Aplica,No Aplica,No Aplica,No Aplica,VIGENCIA ACTUAL,ENTIDADES TERRITORIALES - CONCEJO,NO DEFINIDO,No Aplica,NO DEFINIDO,,,2021,Segundo Trimestre,,,,NO DEFINIDO,NO DEFINIDO,,,,,,NO DEFINIDO,,,,,,NO DEFINIDO,NO DEFINIDO,NO DEFINIDO,40998955.0,40998955.0,40998955.0
9167519,20221201,218552585,Pupiales,2.3.2.02.01.003,"OTROS BIENES TRANSPORTABLES EXCEPTO PRODUCTOS METALICOS, MAQUINARIA Y EQUIPO",GASTOS,INVERSION,ADQUISICION DE BIENES Y SERVICIOS,ADQUISICIONES DIFERENTES DE ACTIVOS,MATERIALES Y SUMINISTROS,"OTROS BIENES TRANSPORTABLES EXCEPTO PRODUCTOS METALICOS, MAQUINARIA Y EQUIPO",No Aplica,No Aplica,No Aplica,No Aplica,VIGENCIA ACTUAL,ENTIDADES TERRITORIALES - ADMINISTRACION CENTRAL,SERVICIO DE ASISTENCIA TECNICA EN INFRAESTRUCTURA Y SERVICIO DE LA RED VIAL REGIONAL,No Aplica,NO DEFINIDO,,,2022,Cuarto Trimestre,,,,OTROS SERVICIOS DE LA ADMINISTRACION PUBLICA N C P,SGP-PROPOSITO GENERAL-PROPOSITO GENERAL LIBRE INVERSION,,,,,,NO APLICA,,,,,,CON SITUACION DE FONDOS,DIRECCION NACIONAL DEL TESORO MINISTERIO DE HACIENDA Y CREDITO PUBLICO,NO APLICA,268707972.0,268707972.0,268707972.0
9168727,20230601,218552585,Pupiales,2.3.2.02.01,MATERIALES Y SUMINISTROS,GASTOS,INVERSION,ADQUISICION DE BIENES Y SERVICIOS,ADQUISICIONES DIFERENTES DE ACTIVOS,MATERIALES Y SUMINISTROS,No Aplica,No Aplica,No Aplica,No Aplica,No Aplica,RESERVAS,ENTIDADES TERRITORIALES - ADMINISTRACION CENTRAL,NO DEFINIDO,No Aplica,NO DEFINIDO,,,2023,Segundo Trimestre,,,,NO DEFINIDO,NO DEFINIDO,,,,,,NO DEFINIDO,,,,,,NO DEFINIDO,NO DEFINIDO,NO DEFINIDO,50000000.0,0.0,0.0
9174444,20230301,218552585,Pupiales,2.3.2.02.02.009,"SERVICIOS PARA LA COMUNIDAD, SOCIALES Y PERSONALES",GASTOS,INVERSION,ADQUISICION DE BIENES Y SERVICIOS,ADQUISICIONES DIFERENTES DE ACTIVOS,ADQUISICION DE SERVICIOS,"SERVICIOS PARA LA COMUNIDAD, SOCIALES Y PERSONALES",No Aplica,No Aplica,No Aplica,No Aplica,CUENTAS POR PAGAR,ENTIDADES TERRITORIALES - ADMINISTRACION CENTRAL,"SERVICIO DE APOYO PARA LA ORGANIZACION Y LA PARTICIPACION DEL SECTOR ARTISTICO, CULTURAL Y LA CIUDADANIA",No Aplica,NO DEFINIDO,,,2023,Primer Trimestre,,,,OTROS SERVICIOS DIVERSOS N C P,INGRESOS CORRIENTES DE LIBRE DESTINACION,,,,,,NO APLICA,,,,,,CON SITUACION DE FONDOS,NO APLICA,NO APLICA,5006690.0,5006690.0,0.0
9174928,20230301,218552585,Pupiales,2.3.2.02.02.009,"SERVICIOS PARA LA COMUNIDAD, SOCIALES Y PERSONALES",GASTOS,INVERSION,ADQUISICION DE BIENES Y SERVICIOS,ADQUISICIONES DIFERENTES DE ACTIVOS,ADQUISICION DE SERVICIOS,"SERVICIOS PARA LA COMUNIDAD, SOCIALES Y PERSONALES",No Aplica,No Aplica,No Aplica,No Aplica,VIGENCIA ACTUAL,ENTIDADES TERRITORIALES - ADMINISTRACION CENTRAL,VIA SECUNDARIA MEJORADA,No Aplica,NO DEFINIDO,,,2023,Primer Trimestre,,,,SERVICIOS DE LA ADMINISTRACION PUBLICA RELACIONADOS CON LA ENERGIA Y LOS COMBUSTIBLES,SGP-PROPOSITO GENERAL-PROPOSITO GENERAL LIBRE INVERSION,,,,,,NO APLICA,,,,,,CON SITUACION DE FONDOS,NO APLICA,NO APLICA,78195789.0,64151400.0,49953945.0
9175484,20220601,218552585,Pupiales,2.3.2.02.02.009,"SERVICIOS PARA LA COMUNIDAD, SOCIALES Y PERSONALES",GASTOS,INVERSION,ADQUISICION DE BIENES Y SERVICIOS,ADQUISICIONES DIFERENTES DE ACTIVOS,ADQUISICION DE SERVICIOS,"SERVICIOS PARA LA COMUNIDAD, SOCIALES Y PERSONALES",No Aplica,No Aplica,No Aplica,No Aplica,VIGENCIA ACTUAL,ENTIDADES TERRITORIALES - ADMINISTRACION CENTRAL,NO APLICA,No Aplica,NO DEFINIDO,,,2022,Segundo Trimestre,,,,OTROS SERVICIOS DIVERSOS N C P,R.B. ESTAMPILLAS,,,,,,NO APLICA,,,,,,CON SITUACION DE FONDOS,NO APLICA,NO APLICA,10752117.0,0.0,0.0
9178563,20230601,218552585,Pupiales,2.1.1.01.03.003,BONIFICACION DE DIRECCION PARA GOBERNADORES Y ALCALDES,GASTOS,FUNCIONAMIENTO,GASTOS DE PERSONAL,PLANTA DE PERSONAL PERMANENTE,REMUNERACIONES NO CONSTITUTIVAS DE FACTOR SALARIAL,BONIFICACION DE DIRECCION PARA GOBERNADORES Y ALCALDES,No Aplica,No Aplica,No Aplica,No Aplica,VIGENCIA ACTUAL,ENTIDADES TERRITORIALES - ADMINISTRACION CENTRAL,NO APLICA,No Aplica,NO DEFINIDO,,,2023,Segundo Trimestre,,,,NO APLICA,"SGP-PROPOSITO GENERAL-LIBRE DESTINACION MUNICIPIOS CATEGORIAS 4, 5 Y 6",,,,,,NO APLICA,,,,,,CON SITUACION DE FONDOS,NO APLICA,NO APLICA,12507712.0,12507712.0,12507712.0
9179270,20220901,218552585,Pupiales,2.3.2.02.01.001,"MINERALES, ELECTRICIDAD, GAS Y AGUA",GASTOS,INVERSION,ADQUISICION DE BIENES Y SERVICIOS,ADQUISICIONES DIFERENTES DE ACTIVOS,MATERIALES Y SUMINISTROS,"MINERALES, ELECTRICIDAD, GAS Y AGUA",No Aplica,No Aplica,No Aplica,No Aplica,VIGENCIA ACTUAL,ENTIDADES TERRITORIALES - ADMINISTRACION CENTRAL,SERVICIO DE ASISTENCIA TECNICA EN INFRAESTRUCTURA Y SERVICIO DE LA RED VIAL REGIONAL,No Aplica,NO DEFINIDO,,,2022,Tercer Trimestre,,,,OTROS SERVICIOS DE LA ADMINISTRACION PUBLICA N C P,SGP-PROPOSITO GENERAL-PROPOSITO GENERAL LIBRE INVERSION,,,,,,NO APLICA,,,,,,CON SITUACION DE FONDOS,DIRECCION NACIONAL DEL TESORO MINISTERIO DE HACIENDA Y CREDITO PUBLICO,NO APLICA,20000000.0,20000000.0,20000000.0
9180038,20221201,218552585,Pupiales,2.3.2.02.02.009,"SERVICIOS PARA LA COMUNIDAD, SOCIALES Y PERSONALES",GASTOS,INVERSION,ADQUISICION DE BIENES Y SERVICIOS,ADQUISICIONES DIFERENTES DE ACTIVOS,ADQUISICION DE SERVICIOS,"SERVICIOS PARA LA COMUNIDAD, SOCIALES Y PERSONALES",No Aplica,No Aplica,No Aplica,No Aplica,VIGENCIA ACTUAL,ENTIDADES TERRITORIALES - ADMINISTRACION CENTRAL,SERVICIO DE ATENCION INTEGRAL A POBLACION EN CONDICION DE DISCAPACIDAD,No Aplica,NO DEFINIDO,,,2022,Cuarto Trimestre,,,,OTROS SERVICIOS DE LA ADMINISTRACION PUBLICA N C P,SGP-PROPOSITO GENERAL-PROPOSITO GENERAL LIBRE INVERSION,,,,,,NO APLICA,,,,,,CON SITUACION DE FONDOS,NO APLICA,NO APLICA,22511663.0,22511663.0,22511663.0
9180994,20211201,218552585,Pupiales,2.1.1.01.01.001.08.02,PRIMA DE VACACIONES,GASTOS,FUNCIONAMIENTO,GASTOS DE PERSONAL,PLANTA DE PERSONAL PERMANENTE,FACTORES CONSTITUTIVOS DE SALARIO,FACTORES SALARIALES COMUNES,PRESTACIONES SOCIALES,PRIMA DE VACACIONES,No Aplica,No Aplica,VIGENCIA ACTUAL,ENTIDADES TERRITORIALES - ADMINISTRACION CENTRAL,NO APLICA,No Aplica,NO DEFINIDO,,,2021,Cuarto Trimestre,,,,NO APLICA,INGRESOS CORRIENTES DE LIBRE DESTINACION,,,,,,NO APLICA,,,,,,CON SITUACION DE FONDOS,NO APLICA,NO DEFINIDO,21224901.0,21224901.0,21224901.0
9182019,20211201,218552585,Pupiales,2.3.1.01.02.007,APORTES AL SENA,GASTOS,INVERSION,GASTOS DE PERSONAL,PLANTA DE PERSONAL PERMANENTE,CONTRIBUCIONES INHERENTES A LA NOMINA,APORTES AL SENA,No Aplica,No Aplica,No Aplica,No Aplica,VIGENCIA ACTUAL,ENTIDADES TERRITORIALES - ADMINISTRACION CENTRAL,NO APLICA,No Aplica,NO DEFINIDO,,,2021,Cuarto Trimestre,,,,NO APLICA,SGP-PROPOSITO GENERAL-PROPOSITO GENERAL LIBRE INVERSION,,,,,,NO APLICA,,,,,,CON SITUACION DE FONDOS,DIRECCION NACIONAL DEL TESORO MINISTERIO DE HACIENDA Y CREDITO PUBLICO,NO DEFINIDO,856057.0,856057.0,856057.0
9182089,20220301,218552585,Pupiales,2.1.1,GASTOS DE PERSONAL,GASTOS,FUNCIONAMIENTO,GASTOS DE PERSONAL,No Aplica,No Aplica,No Aplica,No Aplica,No Aplica,No Aplica,No Aplica,VIGENCIA ACTUAL,ENTIDADES TERRITORIALES - CONCEJO,NO DEFINIDO,No Aplica,NO DEFINIDO,,,2022,Primer Trimestre,,,,NO DEFINIDO,NO DEFINIDO,,,,,,NO DEFINIDO,,,,,,NO DEFINIDO,NO DEFINIDO,NO DEFINIDO,54434984.0,54434984.0,54434984.0
9182561,20221201,218552585,Pupiales,2.3.2.01,ADQUISICION DE ACTIVOS NO FINANCIEROS,GASTOS,INVERSION,ADQUISICION DE BIENES Y SERVICIOS,ADQUISICION DE ACTIVOS NO FINANCIEROS,No Aplica,No Aplica,No Aplica,No Aplica,No Aplica,No Aplica,VIGENCIA ACTUAL,ENTIDADES TERRITORIALES - ADMINISTRACION CENTRAL,NO DEFINIDO,No Aplica,NO DEFINIDO,,,2022,Cuarto Trimestre,,,,NO DEFINIDO,NO DEFINIDO,,,,,,NO DEFINIDO,,,,,,NO DEFINIDO,NO DEFINIDO,NO DEFINIDO,388884495.0,382908645.0,364792935.0
9184153,20230301,218552585,Pupiales,2.3,INVERSION,GASTOS,INVERSION,No Aplica,No Aplica,No Aplica,No Aplica,No Aplica,No Aplica,No Aplica,No Aplica,CUENTAS POR PAGAR,ENTIDADES TERRITORIALES - ADMINISTRACION CENTRAL,NO DEFINIDO,No Aplica,NO DEFINIDO,,,2023,Primer Trimestre,,,,NO DEFINIDO,NO DEFINIDO,,,,,,NO DEFINIDO,,,,,,NO DEFINIDO,NO DEFINIDO,NO DEFINIDO,60060387.0,60060387.0,41869986.0
9185353,20210601,218552585,Pupiales,2.1.1,GASTOS DE PERSONAL,GASTOS,FUNCIONAMIENTO,GASTOS DE PERSONAL,No Aplica,No Aplica,No Aplica,No Aplica,No Aplica,No Aplica,No Aplica,VIGENCIA ACTUAL,ENTIDADES TERRITORIALES - CONCEJO,NO DEFINIDO,No Aplica,NO DEFINIDO,,,2021,Segundo Trimestre,,,,NO DEFINIDO,NO DEFINIDO,,,,,,NO DEFINIDO,,,,,,NO DEFINIDO,NO DEFINIDO,NO DEFINIDO,125822319.0,125822319.0,125822319.0
9186460,20230601,218552585,Pupiales,2.3.2.02.02.009,"SERVICIOS PARA LA COMUNIDAD, SOCIALES Y PERSONALES",GASTOS,INVERSION,ADQUISICION DE BIENES Y SERVICIOS,ADQUISICIONES DIFERENTES DE ACTIVOS,ADQUISICION DE SERVICIOS,"SERVICIOS PARA LA COMUNIDAD, SOCIALES Y PERSONALES",No Aplica,No Aplica,No Aplica,No Aplica,VIGENCIA ACTUAL,ENTIDADES TERRITORIALES - ADMINISTRACION CENTRAL,SERVICIO DE ATENCION A EMERGENCIAS Y DESASTRES,No Aplica,NO DEFINIDO,,,2023,Segundo Trimestre,,,,SERVICIOS DE LOS ORGANOS DE CONTROL Y OTRAS INSTITUCIONES,SGP-PROPOSITO GENERAL-PROPOSITO GENERAL LIBRE INVERSION,,,,,,NO APLICA,,,,,,CON SITUACION DE FONDOS,NO APLICA,NO APLICA,10000000.0,3328105.0,3328105.0
9186869,20221201,218552585,Pupiales,2.3.2.02.02.006,"COMERCIO Y DISTRIBUCION; ALOJAMIENTO; SERVICIOS DE SUMINISTRO DE COMIDAS Y BEBIDAS; SERVICIOS DE TRANSPORTE; Y SERVICIOS DE DISTRIBUCION DE ELECTRICIDAD, GAS Y AGUA",GASTOS,INVERSION,ADQUISICION DE BIENES Y SERVICIOS,ADQUISICIONES DIFERENTES DE ACTIVOS,ADQUISICION DE SERVICIOS,"COMERCIO Y DISTRIBUCION; ALOJAMIENTO; SERVICIOS DE SUMINISTRO DE COMIDAS Y BEBIDAS; SERVICIOS DE TRANSPORTE; Y SERVICIOS DE DISTRIBUCION DE ELECTRICIDAD, GAS Y AGUA",No Aplica,No Aplica,No Aplica,No Aplica,VIGENCIA ACTUAL,ENTIDADES TERRITORIALES - ADMINISTRACION CENTRAL,SERVICIO DE APOYO FINANCIERO AL CONSUMO DEL SERVICIO DE ENERGIA ELECTRICA DEL SISTEMA INTERCONECTADO NACIONAL,No Aplica,NO DEFINIDO,,,2022,Cuarto Trimestre,,,,OTROS SERVICIOS DE LA ADMINISTRACION PUBLICA N C P,SGP-PROPOSITO GENERAL-PROPOSITO GENERAL LIBRE INVERSION,,,,,,NO APLICA,,,,,,CON SITUACION DE FONDOS,DIRECCION NACIONAL DEL TESORO MINISTERIO DE HACIENDA Y CREDITO PUBLICO,NO APLICA,234946261.0,234946261.0,234946261.0
9192089,20211201,218552585,Pupiales,2.3.2.01.01.001.02.04,EDIFICIOS PUBLICOS DE ENTRETENIMIENTO,GASTOS,INVERSION,ADQUISICION DE BIENES Y SERVICIOS,ADQUISICION DE ACTIVOS NO FINANCIEROS,ACTIVOS FIJOS,EDIFICACIONES Y ESTRUCTURAS,EDIFICACIONES DISTINTAS A VIVIENDAS,EDIFICIOS PUBLICOS DE ENTRETENIMIENTO,No Aplica,No Aplica,VIGENCIA ACTUAL,ENTIDADES TERRITORIALES - ADMINISTRACION CENTRAL,CENTROS DE PROTECCION SOCIAL PARA EL ADULTO MAYOR CONSTRUIDOS Y DOTADOS,No Aplica,NO DEFINIDO,,,2021,Cuarto Trimestre,,,,NO APLICA,ESTAMPILLAS,,,,,,NO APLICA,,,,,,CON SITUACION DE FONDOS,NO APLICA,NO DEFINIDO,24420000.0,24420000.0,24420000.0
9196114,20220601,218552585,Pupiales,2.3.1,GASTOS DE PERSONAL,GASTOS,INVERSION,GASTOS DE PERSONAL,No Aplica,No Aplica,No Aplica,No Aplica,No Aplica,No Aplica,No Aplica,VIGENCIA ACTUAL,ENTIDADES TERRITORIALES - ADMINISTRACION CENTRAL,NO DEFINIDO,No Aplica,NO DEFINIDO,,,2022,Segundo Trimestre,,,,NO DEFINIDO,NO DEFINIDO,,,,,,NO DEFINIDO,,,,,,NO DEFINIDO,NO DEFINIDO,NO DEFINIDO,157314441.0,131591241.0,131591241.0
9198663,20211201,218552585,Pupiales,2.3.2.02.02.006,"COMERCIO Y DISTRIBUCION; ALOJAMIENTO; SERVICIOS DE SUMINISTRO DE COMIDAS Y BEBIDAS; SERVICIOS DE TRANSPORTE; Y SERVICIOS DE DISTRIBUCION DE ELECTRICIDAD, GAS Y AGUA",GASTOS,INVERSION,ADQUISICION DE BIENES Y SERVICIOS,ADQUISICIONES DIFERENTES DE ACTIVOS,ADQUISICION DE SERVICIOS,"COMERCIO Y DISTRIBUCION; ALOJAMIENTO; SERVICIOS DE SUMINISTRO DE COMIDAS Y BEBIDAS; SERVICIOS DE TRANSPORTE; Y SERVICIOS DE DISTRIBUCION DE ELECTRICIDAD, GAS Y AGUA",No Aplica,No Aplica,No Aplica,No Aplica,VIGENCIA ACTUAL,ENTIDADES TERRITORIALES - ADMINISTRACION CENTRAL,SERVICIO DE APOYO FINANCIERO AL CONSUMO DEL SERVICIO DE ENERGIA ELECTRICA DEL SISTEMA INTERCONECTADO NACIONAL,No Aplica,NO DEFINIDO,,,2021,Cuarto Trimestre,,,,OTROS SERVICIOS DIVERSOS N C P,SGP-PROPOSITO GENERAL-PROPOSITO GENERAL LIBRE INVERSION,,,,,,NO APLICA,,,,,,CON SITUACION DE FONDOS,DIRECCION NACIONAL DEL TESORO MINISTERIO DE HACIENDA Y CREDITO PUBLICO,NO DEFINIDO,232813955.0,232813955.0,232813955.0
9201631,20230601,218552585,Pupiales,2.3.2.02.02.009,"SERVICIOS PARA LA COMUNIDAD, SOCIALES Y PERSONALES",GASTOS,INVERSION,ADQUISICION DE BIENES Y SERVICIOS,ADQUISICIONES DIFERENTES DE ACTIVOS,ADQUISICION DE SERVICIOS,"SERVICIOS PARA LA COMUNIDAD, SOCIALES Y PERSONALES",No Aplica,No Aplica,No Aplica,No Aplica,VIGENCIA ACTUAL,ENTIDADES TERRITORIALES - ADMINISTRACION CENTRAL,SERVICIO DE ASISTENCIA TECNICA4599031,No Aplica,NO DEFINIDO,,,2023,Segundo Trimestre,,,,SERVICIOS DE LOS ORGANOS DE CONTROL Y OTRAS INSTITUCIONES,SGP-PROPOSITO GENERAL-PROPOSITO GENERAL LIBRE INVERSION,,,,,,NO APLICA,,,,,,CON SITUACION DE FONDOS,INSTITUTO GEOGRAFICO AGUSTIN CODAZZI,NO APLICA,822500.0,822500.0,822500.0
9202032,20210601,218552585,Pupiales,2,GASTOS,GASTOS,No Aplica,No Aplica,No Aplica,No Aplica,No Aplica,No Aplica,No Aplica,No Aplica,No Aplica,VIGENCIA ACTUAL,ENTIDADES TERRITORIALES - PERSONERIA,NO DEFINIDO,No Aplica,NO DEFINIDO,,,2021,Segundo Trimestre,,,,NO DEFINIDO,NO DEFINIDO,,,,,,NO DEFINIDO,,,,,,NO DEFINIDO,NO DEFINIDO,NO DEFINIDO,70610823.0,70610823.0,70610823.0
9202390,20230601,218552585,Pupiales,2.1.2.02.02,ADQUISICION DE SERVICIOS,GASTOS,FUNCIONAMIENTO,ADQUISICION DE BIENES Y SERVICIOS,ADQUISICIONES DIFERENTES DE ACTIVOS,ADQUISICION DE SERVICIOS,No Aplica,No Aplica,No Aplica,No Aplica,No Aplica,CUENTAS POR PAGAR,ENTIDADES TERRITORIALES - ADMINISTRACION CENTRAL,NO DEFINIDO,No Aplica,NO DEFINIDO,,,2023,Segundo Trimestre,,,,NO DEFINIDO,NO DEFINIDO,,,,,,NO DEFINIDO,,,,,,NO DEFINIDO,NO DEFINIDO,NO DEFINIDO,2200000.0,2200000.0,0.0
9202440,20221201,218552585,Pupiales,2.1.1.01.03.006,HONORARIOS CONCEJALES,GASTOS,FUNCIONAMIENTO,GASTOS DE PERSONAL,PLANTA DE PERSONAL PERMANENTE,REMUNERACIONES NO CONSTITUTIVAS DE FACTOR SALARIAL,HONORARIOS CONCEJALES,No Aplica,No Aplica,No Aplica,No Aplica,VIGENCIA ACTUAL,ENTIDADES TERRITORIALES - CONCEJO,NO APLICA,No Aplica,NO DEFINIDO,,,2022,Cuarto Trimestre,,,,NO APLICA,"SGP-PROPOSITO GENERAL-LIBRE DESTINACION MUNICIPIOS CATEGORIAS 4, 5 Y 6",,,,,,NO APLICA,,,,,,CON SITUACION DE FONDOS,NO APLICA,NO APLICA,126284648.0,126284648.0,126284648.0
9203871,20210601,218552585,Pupiales,2.3.1.01,PLANTA DE PERSONAL PERMANENTE,GASTOS,INVERSION,GASTOS DE PERSONAL,PLANTA DE PERSONAL PERMANENTE,No Aplica,No Aplica,No Aplica,No Aplica,No Aplica,No Aplica,VIGENCIA ACTUAL,ENTIDADES TERRITORIALES - ADMINISTRACION CENTRAL,NO DEFINIDO,No Aplica,NO DEFINIDO,,,2021,Segundo Trimestre,,,,NO DEFINIDO,NO DEFINIDO,,,,,,NO DEFINIDO,,,,,,NO DEFINIDO,NO DEFINIDO,NO DEFINIDO,129469645.0,129469645.0,129469645.0
9204991,20230301,218552585,Pupiales,2.1.2.02.02.009,"SERVICIOS PARA LA COMUNIDAD, SOCIALES Y PERSONALES",GASTOS,FUNCIONAMIENTO,ADQUISICION DE BIENES Y SERVICIOS,ADQUISICIONES DIFERENTES DE ACTIVOS,ADQUISICION DE SERVICIOS,"SERVICIOS PARA LA COMUNIDAD, SOCIALES Y PERSONALES",No Aplica,No Aplica,No Aplica,No Aplica,VIGENCIA ACTUAL,ENTIDADES TERRITORIALES - ADMINISTRACION CENTRAL,NO APLICA,No Aplica,NO DEFINIDO,,,2023,Primer Trimestre,,,,SERVICIOS LEGISLATIVOS DE LA ADMINISTRACION PUBLICA,"SGP-PROPOSITO GENERAL-LIBRE DESTINACION MUNICIPIOS CATEGORIAS 4, 5 Y 6",,,,,,NO APLICA,,,,,,CON SITUACION DE FONDOS,NO APLICA,NO APLICA,7782649.0,5953117.0,3285976.0
9206747,20220601,218552585,Pupiales,2.1.1.01.01.001,FACTORES SALARIALES COMUNES,GASTOS,FUNCIONAMIENTO,GASTOS DE PERSONAL,PLANTA DE PERSONAL PERMANENTE,FACTORES CONSTITUTIVOS DE SALARIO,FACTORES SALARIALES COMUNES,No Aplica,No Aplica,No Aplica,No Aplica,VIGENCIA ACTUAL,ENTIDADES TERRITORIALES - ADMINISTRACION CENTRAL,NO DEFINIDO,No Aplica,NO DEFINIDO,,,2022,Segundo Trimestre,,,,NO DEFINIDO,NO DEFINIDO,,,,,,NO DEFINIDO,,,,,,NO DEFINIDO,NO DEFINIDO,NO DEFINIDO,310712578.0,243123183.0,243123183.0
9213577,20210601,218552585,Pupiales,2.2.2.02.02.002.02.03,BANCA COMERCIAL,GASTOS,SERVICIO DE LA DEUDA PUBLICA,SERVICIO DE LA DEUDA PUBLICA INTERNA,INTERESES,PRESTAMOS,ENTIDADES FINANCIERAS,BANCA COMERCIAL,BANCA COMERCIAL,No Aplica,No Aplica,VIGENCIA ACTUAL,ENTIDADES TERRITORIALES - ADMINISTRACION CENTRAL,"40.03.010 - VIVIENDA, CIUDAD Y TERRITORIO - ACCESO DE LA POBLACION A LOS SERVICIOS DE AGUA POTABLE Y SANEAMIENTO BASICO - SERVICIO DE ASEO",No Aplica,NO DEFINIDO,,,2021,Segundo Trimestre,,,,NO APLICA,1.3.1.1.05 - RECURSOS DE CREDITO INTERNO,,,,,,NO APLICA,,,,,,CON SITUACION DE FONDOS,NO APLICA,NO DEFINIDO,13916978.0,13916978.0,13916978.0
9215687,20221201,218552585,Pupiales,2.2.2.01.02.002.02.03,BANCA COMERCIAL,GASTOS,SERVICIO DE LA DEUDA PUBLICA,SERVICIO DE LA DEUDA PUBLICA INTERNA,PRINCIPAL,PRESTAMOS,ENTIDADES FINANCIERAS,BANCA COMERCIAL,BANCA COMERCIAL,No Aplica,No Aplica,VIGENCIA ACTUAL,ENTIDADES TERRITORIALES - ADMINISTRACION CENTRAL,NO APLICA,No Aplica,NO DEFINIDO,,,2022,Cuarto Trimestre,,,,NO APLICA,SGP-AGUA POTABLE Y SANEAMIENTO BASICO,,,,,,NO APLICA,,,,,,CON SITUACION DE FONDOS,NO APLICA,NO APLICA,55711781.0,55711781.0,55711781.0
9216006,20220601,218552585,Pupiales,2.3.2.02.01.003,"OTROS BIENES TRANSPORTABLES EXCEPTO PRODUCTOS METALICOS, MAQUINARIA Y EQUIPO",GASTOS,INVERSION,ADQUISICION DE BIENES Y SERVICIOS,ADQUISICIONES DIFERENTES DE ACTIVOS,MATERIALES Y SUMINISTROS,"OTROS BIENES TRANSPORTABLES EXCEPTO PRODUCTOS METALICOS, MAQUINARIA Y EQUIPO",No Aplica,No Aplica,No Aplica,No Aplica,VIGENCIA ACTUAL,ENTIDADES TERRITORIALES - ADMINISTRACION CENTRAL,SERVICIO DE ASISTENCIA TECNICA EN INFRAESTRUCTURA Y SERVICIO DE LA RED VIAL REGIONAL,No Aplica,NO DEFINIDO,,,2022,Segundo Trimestre,,,,OTROS SERVICIOS DIVERSOS N C P,SGP-PROPOSITO GENERAL-PROPOSITO GENERAL LIBRE INVERSION,,,,,,NO APLICA,,,,,,CON SITUACION DE FONDOS,DIRECCION NACIONAL DEL TESORO MINISTERIO DE HACIENDA Y CREDITO PUBLICO,NO APLICA,250000000.0,160000000.0,160000000.0
9216032,20230601,218552585,Pupiales,2.1.1.01.01.001.08,PRESTACIONES SOCIALES,GASTOS,FUNCIONAMIENTO,GASTOS DE PERSONAL,PLANTA DE PERSONAL PERMANENTE,FACTORES CONSTITUTIVOS DE SALARIO,FACTORES SALARIALES COMUNES,PRESTACIONES SOCIALES,No Aplica,No Aplica,No Aplica,VIGENCIA ACTUAL,ENTIDADES TERRITORIALES - ADMINISTRACION CENTRAL,NO DEFINIDO,No Aplica,NO DEFINIDO,,,2023,Segundo Trimestre,,,,NO DEFINIDO,NO DEFINIDO,,,,,,NO DEFINIDO,,,,,,NO DEFINIDO,NO DEFINIDO,NO DEFINIDO,12147231.0,11377032.0,11377032.0
9218272,20220901,218552585,Pupiales,2.3.1.01,PLANTA DE PERSONAL PERMANENTE,GASTOS,INVERSION,GASTOS DE PERSONAL,PLANTA DE PERSONAL PERMANENTE,No Aplica,No Aplica,No Aplica,No Aplica,No Aplica,No Aplica,VIGENCIA ACTUAL,ENTIDADES TERRITORIALES - ADMINISTRACION CENTRAL,NO DEFINIDO,No Aplica,NO DEFINIDO,,,2022,Tercer Trimestre,,,,NO DEFINIDO,NO DEFINIDO,,,,,,NO DEFINIDO,,,,,,NO DEFINIDO,NO DEFINIDO,NO DEFINIDO,209593803.0,209593803.0,209593803.0
9220447,20211201,218552585,Pupiales,2.1.1.01.03,REMUNERACIONES NO CONSTITUTIVAS DE FACTOR SALARIAL,GASTOS,FUNCIONAMIENTO,GASTOS DE PERSONAL,PLANTA DE PERSONAL PERMANENTE,REMUNERACIONES NO CONSTITUTIVAS DE FACTOR SALARIAL,No Aplica,No Aplica,No Aplica,No Aplica,No Aplica,VIGENCIA ACTUAL,ENTIDADES TERRITORIALES - CONCEJO,NO DEFINIDO,No Aplica,NO DEFINIDO,,,2021,Cuarto Trimestre,,,,NO DEFINIDO,NO DEFINIDO,,,,,,NO DEFINIDO,,,,,,NO DEFINIDO,NO DEFINIDO,NO DEFINIDO,171936816.0,171936816.0,171936816.0
9223610,20211201,218552585,Pupiales,2.3.2.01.01.003,MAQUINARIA Y EQUIPO,GASTOS,INVERSION,ADQUISICION DE BIENES Y SERVICIOS,ADQUISICION DE ACTIVOS NO FINANCIEROS,ACTIVOS FIJOS,MAQUINARIA Y EQUIPO,No Aplica,No Aplica,No Aplica,No Aplica,VIGENCIA ACTUAL,ENTIDADES TERRITORIALES - ADMINISTRACION CENTRAL,NO DEFINIDO,No Aplica,NO DEFINIDO,,,2021,Cuarto Trimestre,,,,NO DEFINIDO,NO DEFINIDO,,,,,,NO DEFINIDO,,,,,,NO DEFINIDO,NO DEFINIDO,NO DEFINIDO,1989000000.0,1989000000.0,1989000000.0
9226058,20220601,218552585,Pupiales,2.3.3.01.02.004.01,SUBSIDIOS DE ACUEDUCTO,GASTOS,INVERSION,TRANSFERENCIAS CORRIENTES,SUBVENCIONES,A EMPRESAS PUBLICAS NO FINANCIERAS,SUBVENCIONES PARA SERVICIOS PUBLICOS DOMICILIARIOS DE AGUA POTABLE Y SANEAMIENTO BASICO,SUBSIDIOS DE ACUEDUCTO,No Aplica,No Aplica,No Aplica,VIGENCIA ACTUAL,ENTIDADES TERRITORIALES - ADMINISTRACION CENTRAL,SERVICIO DE APOYO FINANCIERO PARA SUBSIDIOS AL CONSUMO EN LOS SERVICIOS PUBLICOS DOMICILIARIOS,2021525850015,NO DEFINIDO,,,2022,Segundo Trimestre,,,,NO APLICA,SGP-AGUA POTABLE Y SANEAMIENTO BASICO,,,,,,NO APLICA,,,,,,CON SITUACION DE FONDOS,DIRECCION NACIONAL DEL TESORO MINISTERIO DE HACIENDA Y CREDITO PUBLICO,NO APLICA,208930890.0,80120731.0,80120731.0
9227403,20230301,218552585,Pupiales,2.1.1.01.02.003,APORTES DE CESANTIAS,GASTOS,FUNCIONAMIENTO,GASTOS DE PERSONAL,PLANTA DE PERSONAL PERMANENTE,CONTRIBUCIONES INHERENTES A LA NOMINA,APORTES DE CESANTIAS,No Aplica,No Aplica,No Aplica,No Aplica,VIGENCIA ACTUAL,ENTIDADES TERRITORIALES - ADMINISTRACION CENTRAL,NO APLICA,No Aplica,NO DEFINIDO,,,2023,Primer Trimestre,,,,NO APLICA,"SGP-PROPOSITO GENERAL-LIBRE DESTINACION MUNICIPIOS CATEGORIAS 4, 5 Y 6",,,,,,NO APLICA,,,,,,CON SITUACION DE FONDOS,NO APLICA,NO APLICA,31983050.0,31983050.0,31983050.0
9230228,20220601,218552585,Pupiales,2.3.2.02.02.009,"SERVICIOS PARA LA COMUNIDAD, SOCIALES Y PERSONALES",GASTOS,INVERSION,ADQUISICION DE BIENES Y SERVICIOS,ADQUISICIONES DIFERENTES DE ACTIVOS,ADQUISICION DE SERVICIOS,"SERVICIOS PARA LA COMUNIDAD, SOCIALES Y PERSONALES",No Aplica,No Aplica,No Aplica,No Aplica,VIGENCIA ACTUAL,ENTIDADES TERRITORIALES - ADMINISTRACION CENTRAL,SERVICIO DE PROMOCION DE ACTIVIDADES CULTURALES.,2021525850021,NO DEFINIDO,,,2022,Segundo Trimestre,,,,OTROS SERVICIOS DIVERSOS N C P,ESTAMPILLAS,,,,,,NO APLICA,,,,,,CON SITUACION DE FONDOS,NO APLICA,NO APLICA,60000000.0,60000000.0,60000000.0
9232076,20230301,218552585,Pupiales,2.3.2.02,ADQUISICIONES DIFERENTES DE ACTIVOS,GASTOS,INVERSION,ADQUISICION DE BIENES Y SERVICIOS,ADQUISICIONES DIFERENTES DE ACTIVOS,No Aplica,No Aplica,No Aplica,No Aplica,No Aplica,No Aplica,VIGENCIA ACTUAL,ENTIDADES TERRITORIALES - ADMINISTRACION CENTRAL,NO DEFINIDO,No Aplica,NO DEFINIDO,,,2023,Primer Trimestre,,,,NO DEFINIDO,NO DEFINIDO,,,,,,NO DEFINIDO,,,,,,NO DEFINIDO,NO DEFINIDO,NO DEFINIDO,4087294526.0,3041665478.0,2782126873.0
9234244,20230601,218552585,Pupiales,2.3.2.01.01.001.03.02,"AUTOPISTAS, CARRETERAS, CALLES",GASTOS,INVERSION,ADQUISICION DE BIENES Y SERVICIOS,ADQUISICION DE ACTIVOS NO FINANCIEROS,ACTIVOS FIJOS,EDIFICACIONES Y ESTRUCTURAS,OTRAS ESTRUCTURAS,"AUTOPISTAS, CARRETERAS, CALLES",No Aplica,No Aplica,CUENTAS POR PAGAR,ENTIDADES TERRITORIALES - ADMINISTRACION CENTRAL,NO APLICA,No Aplica,NO DEFINIDO,,,2023,Segundo Trimestre,,,,NO APLICA,CONTRIBUCION DEL SECTOR ELECTRICO,,,,,,NO APLICA,,,,,,CON SITUACION DE FONDOS,NO APLICA,NO APLICA,12000000.0,12000000.0,12000000.0
9236790,20210601,218552585,Pupiales,2.2.2.01.02,PRESTAMOS,GASTOS,SERVICIO DE LA DEUDA PUBLICA,SERVICIO DE LA DEUDA PUBLICA INTERNA,PRINCIPAL,PRESTAMOS,No Aplica,No Aplica,No Aplica,No Aplica,No Aplica,VIGENCIA ACTUAL,ENTIDADES TERRITORIALES - ADMINISTRACION CENTRAL,NO DEFINIDO,No Aplica,NO DEFINIDO,,,2021,Segundo Trimestre,,,,NO DEFINIDO,NO DEFINIDO,,,,,,NO DEFINIDO,,,,,,NO DEFINIDO,NO DEFINIDO,NO DEFINIDO,63743244.0,63743244.0,63743244.0
9238677,20230301,218552585,Pupiales,2.3.2.02.02.009,"SERVICIOS PARA LA COMUNIDAD, SOCIALES Y PERSONALES",GASTOS,INVERSION,ADQUISICION DE BIENES Y SERVICIOS,ADQUISICIONES DIFERENTES DE ACTIVOS,ADQUISICION DE SERVICIOS,"SERVICIOS PARA LA COMUNIDAD, SOCIALES Y PERSONALES",No Aplica,No Aplica,No Aplica,No Aplica,CUENTAS POR PAGAR,ENTIDADES TERRITORIALES - ADMINISTRACION CENTRAL,"SERVICIO DE APOYO A LA ACTIVIDAD FISICA, LA RECREACION Y EL DEPORTE",No Aplica,NO DEFINIDO,,,2023,Primer Trimestre,,,,SERVICIOS DE APOYO RELACIONADOS CON EL DEPORTE Y LA RECREACION,CONTRIBUCIONES SOCIALES - PENSION,,,,,,NO APLICA,,,,,,CON SITUACION DE FONDOS,NO APLICA,NO APLICA,9700000.0,9700000.0,9700000.0
9244912,20211201,218552585,Pupiales,2.3.1.01.01.001.08.01,PRIMA DE NAVIDAD,GASTOS,INVERSION,GASTOS DE PERSONAL,PLANTA DE PERSONAL PERMANENTE,FACTORES CONSTITUTIVOS DE SALARIO,FACTORES SALARIALES COMUNES,PRESTACIONES SOCIALES,PRIMA DE NAVIDAD,No Aplica,No Aplica,VIGENCIA ACTUAL,ENTIDADES TERRITORIALES - ADMINISTRACION CENTRAL,NO APLICA,No Aplica,NO DEFINIDO,,,2021,Cuarto Trimestre,,,,NO APLICA,SGP-PROPOSITO GENERAL-PROPOSITO GENERAL LIBRE INVERSION,,,,,,NO APLICA,,,,,,CON SITUACION DE FONDOS,DIRECCION NACIONAL DEL TESORO MINISTERIO DE HACIENDA Y CREDITO PUBLICO,NO DEFINIDO,9072465.0,9072465.0,9072465.0
9247201,20210601,218552585,Pupiales,2.1.1.01.02.008,APORTES A LA ESAP,GASTOS,FUNCIONAMIENTO,GASTOS DE PERSONAL,PLANTA DE PERSONAL PERMANENTE,CONTRIBUCIONES INHERENTES A LA NOMINA,APORTES A LA ESAP,No Aplica,No Aplica,No Aplica,No Aplica,VIGENCIA ACTUAL,ENTIDADES TERRITORIALES - ADMINISTRACION CENTRAL,NO APLICA,No Aplica,NO DEFINIDO,,,2021,Segundo Trimestre,,,,NO APLICA,1.2.1.0.00 - INGRESOS CORRIENTES DE LIBRE DESTINACION,,,,,,NO APLICA,,,,,,CON SITUACION DE FONDOS,NO APLICA,NO DEFINIDO,1493048.0,1493048.0,1493048.0
9249226,20220901,218552585,Pupiales,2.3.1.01.02,CONTRIBUCIONES INHERENTES A LA NOMINA,GASTOS,INVERSION,GASTOS DE PERSONAL,PLANTA DE PERSONAL PERMANENTE,CONTRIBUCIONES INHERENTES A LA NOMINA,No Aplica,No Aplica,No Aplica,No Aplica,No Aplica,VIGENCIA ACTUAL,ENTIDADES TERRITORIALES - ADMINISTRACION CENTRAL,NO DEFINIDO,No Aplica,NO DEFINIDO,,,2022,Tercer Trimestre,,,,NO DEFINIDO,NO DEFINIDO,,,,,,NO DEFINIDO,,,,,,NO DEFINIDO,NO DEFINIDO,NO DEFINIDO,39248047.0,39248047.0,39248047.0
9249440,20211201,218552585,Pupiales,2.3.1.01,PLANTA DE PERSONAL PERMANENTE,GASTOS,INVERSION,GASTOS DE PERSONAL,PLANTA DE PERSONAL PERMANENTE,No Aplica,No Aplica,No Aplica,No Aplica,No Aplica,No Aplica,VIGENCIA ACTUAL,ENTIDADES TERRITORIALES - ADMINISTRACION CENTRAL,NO DEFINIDO,No Aplica,NO DEFINIDO,,,2021,Cuarto Trimestre,,,,NO DEFINIDO,NO DEFINIDO,,,,,,NO DEFINIDO,,,,,,NO DEFINIDO,NO DEFINIDO,NO DEFINIDO,249611753.0,249611753.0,247980482.0
9251221,20220301,218552585,Pupiales,2.1.2.02.02,ADQUISICION DE SERVICIOS,GASTOS,FUNCIONAMIENTO,ADQUISICION DE BIENES Y SERVICIOS,ADQUISICIONES DIFERENTES DE ACTIVOS,ADQUISICION DE SERVICIOS,No Aplica,No Aplica,No Aplica,No Aplica,No Aplica,VIGENCIA ACTUAL,ENTIDADES TERRITORIALES - ADMINISTRACION CENTRAL,NO DEFINIDO,No Aplica,NO DEFINIDO,,,2022,Primer Trimestre,,,,NO DEFINIDO,NO DEFINIDO,,,,,,NO DEFINIDO,,,,,,NO DEFINIDO,NO DEFINIDO,NO DEFINIDO,471704275.0,142475675.0,142475675.0
9251284,20230601,218552585,Pupiales,2.3.3.05,A ENTIDADES DEL GOBIERNO,GASTOS,INVERSION,TRANSFERENCIAS CORRIENTES,A ENTIDADES DEL GOBIERNO,No Aplica,No Aplica,No Aplica,No Aplica,No Aplica,No Aplica,VIGENCIA ACTUAL,ENTIDADES TERRITORIALES - ADMINISTRACION CENTRAL,NO DEFINIDO,No Aplica,NO DEFINIDO,,,2023,Segundo Trimestre,,,,NO DEFINIDO,NO DEFINIDO,,,,,,NO DEFINIDO,,,,,,NO DEFINIDO,NO DEFINIDO,NO DEFINIDO,411132498.0,366591420.0,366591420.0
9252880,20221201,218552585,Pupiales,2.3.3.01.02.004.01,SUBSIDIOS DE ACUEDUCTO,GASTOS,INVERSION,TRANSFERENCIAS CORRIENTES,SUBVENCIONES,A EMPRESAS PUBLICAS NO FINANCIERAS,SUBVENCIONES PARA SERVICIOS PUBLICOS DOMICILIARIOS DE AGUA POTABLE Y SANEAMIENTO BASICO,SUBSIDIOS DE ACUEDUCTO,No Aplica,No Aplica,No Aplica,VIGENCIA ACTUAL,ENTIDADES TERRITORIALES - ADMINISTRACION CENTRAL,SERVICIO DE APOYO FINANCIERO PARA SUBSIDIOS AL CONSUMO EN LOS SERVICIOS PUBLICOS DOMICILIARIOS,No Aplica,NO DEFINIDO,,,2022,Cuarto Trimestre,,,,NO APLICA,SGP-AGUA POTABLE Y SANEAMIENTO BASICO,,,,,,NO APLICA,,,,,,CON SITUACION DE FONDOS,DIRECCION NACIONAL DEL TESORO MINISTERIO DE HACIENDA Y CREDITO PUBLICO,NO APLICA,200952531.0,200952531.0,197759751.0
9253900,20221201,218552585,Pupiales,2.2.2.02.02,PRESTAMOS,GASTOS,SERVICIO DE LA DEUDA PUBLICA,SERVICIO DE LA DEUDA PUBLICA INTERNA,INTERESES,PRESTAMOS,No Aplica,No Aplica,No Aplica,No Aplica,No Aplica,VIGENCIA ACTUAL,ENTIDADES TERRITORIALES - ADMINISTRACION CENTRAL,NO DEFINIDO,No Aplica,NO DEFINIDO,,,2022,Cuarto Trimestre,,,,NO DEFINIDO,NO DEFINIDO,,,,,,NO DEFINIDO,,,,,,NO DEFINIDO,NO DEFINIDO,NO DEFINIDO,124537119.0,124537119.0,124537119.0
9254553,20211201,218552585,Pupiales,2.3.4.03,COMPENSACIONES DE CAPITAL,GASTOS,INVERSION,TRANSFERENCIAS DE CAPITAL,COMPENSACIONES DE CAPITAL,No Aplica,No Aplica,No Aplica,No Aplica,No Aplica,No Aplica,VIGENCIA ACTUAL,ENTIDADES TERRITORIALES - ADMINISTRACION CENTRAL,"SERVICIO DE PROMOCION DE LA ACTIVIDAD FISICA, LA RECREACION Y EL DEPORTE",No Aplica,NO DEFINIDO,,,2021,Cuarto Trimestre,,,,NO APLICA,R.B. OTRAS TRANSFERENCIAS DE CAPITAL,,,,,,NO APLICA,,,,,,CON SITUACION DE FONDOS,OTRO,NO DEFINIDO,8228000.0,8228000.0,8228000.0
9254585,20230601,218552585,Pupiales,2.2.2.02.02.002.02.03,BANCA COMERCIAL,GASTOS,SERVICIO DE LA DEUDA PUBLICA,SERVICIO DE LA DEUDA PUBLICA INTERNA,INTERESES,PRESTAMOS,ENTIDADES FINANCIERAS,BANCA COMERCIAL,BANCA COMERCIAL,No Aplica,No Aplica,VIGENCIA ACTUAL,ENTIDADES TERRITORIALES - ADMINISTRACION CENTRAL,NO APLICA,No Aplica,NO DEFINIDO,,,2023,Segundo Trimestre,,,,NO APLICA,SGP-AGUA POTABLE Y SANEAMIENTO BASICO,,,,,,NO APLICA,,,,,,CON SITUACION DE FONDOS,NO APLICA,NO APLICA,11654382.0,11654382.0,11654382.0
9255286,20211201,218552585,Pupiales,2.3.1.01.01.001,FACTORES SALARIALES COMUNES,GASTOS,INVERSION,GASTOS DE PERSONAL,PLANTA DE PERSONAL PERMANENTE,FACTORES CONSTITUTIVOS DE SALARIO,FACTORES SALARIALES COMUNES,No Aplica,No Aplica,No Aplica,No Aplica,VIGENCIA ACTUAL,ENTIDADES TERRITORIALES - ADMINISTRACION CENTRAL,NO DEFINIDO,No Aplica,NO DEFINIDO,,,2021,Cuarto Trimestre,,,,NO DEFINIDO,NO DEFINIDO,,,,,,NO DEFINIDO,,,,,,NO DEFINIDO,NO DEFINIDO,NO DEFINIDO,200861598.0,200861598.0,200861598.0
9255821,20230301,218552585,Pupiales,2.1.3.05.04.001,PARTICIPACIONES DE IMPUESTOS,GASTOS,FUNCIONAMIENTO,TRANSFERENCIAS CORRIENTES,A ENTIDADES DEL GOBIERNO,PARTICIPACIONES DISTINTAS DEL SGP,PARTICIPACIONES DE IMPUESTOS,No Aplica,No Aplica,No Aplica,No Aplica,VIGENCIA ACTUAL,ENTIDADES TERRITORIALES - ADMINISTRACION CENTRAL,NO DEFINIDO,No Aplica,NO DEFINIDO,,,2023,Primer Trimestre,,,,NO DEFINIDO,NO DEFINIDO,,,,,,NO DEFINIDO,,,,,,NO DEFINIDO,NO DEFINIDO,NO DEFINIDO,4504385.0,4504385.0,2158679.0
9256707,20220901,218552585,Pupiales,2.3.2.01.01.001.02.11,INSTALACIONES RECREATIVAS,GASTOS,INVERSION,ADQUISICION DE BIENES Y SERVICIOS,ADQUISICION DE ACTIVOS NO FINANCIEROS,ACTIVOS FIJOS,EDIFICACIONES Y ESTRUCTURAS,EDIFICACIONES DISTINTAS A VIVIENDAS,INSTALACIONES RECREATIVAS,No Aplica,No Aplica,VIGENCIA ACTUAL,ENTIDADES TERRITORIALES - ADMINISTRACION CENTRAL,PARQUES RECREATIVOS MANTENIDOS,No Aplica,NO DEFINIDO,,,2022,Tercer Trimestre,,,,NO APLICA,SGP-PROPOSITO GENERAL-DEPORTE Y RECREACION,,,,,,NO APLICA,,,,,,CON SITUACION DE FONDOS,DIRECCION NACIONAL DEL TESORO MINISTERIO DE HACIENDA Y CREDITO PUBLICO,NO APLICA,22173840.0,22173840.0,22173840.0
9257063,20230601,218552585,Pupiales,2.3.3.13.01,FALLOS NACIONALES,GASTOS,INVERSION,TRANSFERENCIAS CORRIENTES,SENTENCIAS Y CONCILIACIONES,FALLOS NACIONALES,No Aplica,No Aplica,No Aplica,No Aplica,No Aplica,VIGENCIA ACTUAL,ENTIDADES TERRITORIALES - ADMINISTRACION CENTRAL,NO DEFINIDO,No Aplica,NO DEFINIDO,,,2023,Segundo Trimestre,,,,NO DEFINIDO,NO DEFINIDO,,,,,,NO DEFINIDO,,,,,,NO DEFINIDO,NO DEFINIDO,NO DEFINIDO,6375286.0,6375286.0,6375286.0
9259050,20220901,218552585,Pupiales,2.3.3.09,A INSTITUCIONES SIN ANIMO DE LUCRO QUE SIRVEN A LOS HOGARES,GASTOS,INVERSION,TRANSFERENCIAS CORRIENTES,A INSTITUCIONES SIN ANIMO DE LUCRO QUE SIRVEN A LOS HOGARES,No Aplica,No Aplica,No Aplica,No Aplica,No Aplica,No Aplica,VIGENCIA ACTUAL,ENTIDADES TERRITORIALES - ADMINISTRACION CENTRAL,NO DEFINIDO,No Aplica,NO DEFINIDO,,,2022,Tercer Trimestre,,,,NO DEFINIDO,NO DEFINIDO,,,,,,NO DEFINIDO,,,,,,NO DEFINIDO,NO DEFINIDO,NO DEFINIDO,17000000.0,10000000.0,10000000.0
9265048,20211201,218552585,Pupiales,2.3.3.01.02.004.01,SUBSIDIOS DE ACUEDUCTO,GASTOS,INVERSION,TRANSFERENCIAS CORRIENTES,SUBVENCIONES,A EMPRESAS PUBLICAS NO FINANCIERAS,SUBVENCIONES PARA SERVICIOS PUBLICOS DOMICILIARIOS DE AGUA POTABLE Y SANEAMIENTO BASICO,SUBSIDIOS DE ACUEDUCTO,No Aplica,No Aplica,No Aplica,VIGENCIA ACTUAL,ENTIDADES TERRITORIALES - ADMINISTRACION CENTRAL,SERVICIO DE APOYO FINANCIERO PARA SUBSIDIOS AL CONSUMO EN LOS SERVICIOS PUBLICOS DOMICILIARIOS,2021525850015,NO DEFINIDO,,,2021,Cuarto Trimestre,,,,NO APLICA,SGP-AGUA POTABLE Y SANEAMIENTO BASICO,,,,,,NO APLICA,,,,,,CON SITUACION DE FONDOS,DIRECCION NACIONAL DEL TESORO MINISTERIO DE HACIENDA Y CREDITO PUBLICO,NO DEFINIDO,175000000.0,175000000.0,175000000.0
9265157,20230601,218552585,Pupiales,2.3.2.02.02.009,"SERVICIOS PARA LA COMUNIDAD, SOCIALES Y PERSONALES",GASTOS,INVERSION,ADQUISICION DE BIENES Y SERVICIOS,ADQUISICIONES DIFERENTES DE ACTIVOS,ADQUISICION DE SERVICIOS,"SERVICIOS PARA LA COMUNIDAD, SOCIALES Y PERSONALES",No Aplica,No Aplica,No Aplica,No Aplica,VIGENCIA ACTUAL,ENTIDADES TERRITORIALES - ADMINISTRACION CENTRAL,SERVICIO DE EDUCACION INFORMAL4501049,No Aplica,NO DEFINIDO,,,2023,Segundo Trimestre,,,,SERVICIOS DE LOS ORGANOS DE CONTROL Y OTRAS INSTITUCIONES,R.B. MULTAS CODIGO NACIONAL DE POLICIA Y CONVIVENCIA,,,,,,NO APLICA,,,,,,CON SITUACION DE FONDOS,NO APLICA,NO APLICA,28900000.0,0.0,0.0
9266455,20220901,218552585,Pupiales,2.3.1.01.03.001.03,BONIFICACION ESPECIAL DE RECREACION,GASTOS,INVERSION,GASTOS DE PERSONAL,PLANTA DE PERSONAL PERMANENTE,REMUNERACIONES NO CONSTITUTIVAS DE FACTOR SALARIAL,PRESTACIONES SOCIALES,BONIFICACION ESPECIAL DE RECREACION,No Aplica,No Aplica,No Aplica,VIGENCIA ACTUAL,ENTIDADES TERRITORIALES - ADMINISTRACION CENTRAL,NO APLICA,No Aplica,NO DEFINIDO,,,2022,Tercer Trimestre,,,,NO APLICA,SGP-PROPOSITO GENERAL-PROPOSITO GENERAL LIBRE INVERSION,,,,,,NO APLICA,,,,,,CON SITUACION DE FONDOS,DIRECCION NACIONAL DEL TESORO MINISTERIO DE HACIENDA Y CREDITO PUBLICO,NO APLICA,676814.0,676814.0,676814.0
9268257,20210301,218552585,Pupiales,2.1.2.01.01.003.03,"MAQUINARIA DE OFICINA, CONTABILIDAD E INFORMATICA",GASTOS,FUNCIONAMIENTO,ADQUISICION DE BIENES Y SERVICIOS,ADQUISICION DE ACTIVOS NO FINANCIEROS,ACTIVOS FIJOS,MAQUINARIA Y EQUIPO,"MAQUINARIA DE OFICINA, CONTABILIDAD E INFORMATICA",No Aplica,No Aplica,No Aplica,VIGENCIA ACTUAL,ENTIDADES TERRITORIALES - ADMINISTRACION CENTRAL,NO DEFINIDO,No Aplica,NO DEFINIDO,,,2021,Primer Trimestre,,,,NO DEFINIDO,NO DEFINIDO,,,,,,NO DEFINIDO,,,,,,NO DEFINIDO,NO DEFINIDO,NO DEFINIDO,23200000.0,0.0,0.0
9268434,20230301,218552585,Pupiales,2.1.1.01.01.001.10,VIATICOS DE LOS FUNCIONARIOS EN COMISION,GASTOS,FUNCIONAMIENTO,GASTOS DE PERSONAL,PLANTA DE PERSONAL PERMANENTE,FACTORES CONSTITUTIVOS DE SALARIO,FACTORES SALARIALES COMUNES,VIATICOS DE LOS FUNCIONARIOS EN COMISION,No Aplica,No Aplica,No Aplica,VIGENCIA ACTUAL,ENTIDADES TERRITORIALES - ADMINISTRACION CENTRAL,NO APLICA,No Aplica,NO DEFINIDO,,,2023,Primer Trimestre,,,,NO APLICA,"SGP-PROPOSITO GENERAL-LIBRE DESTINACION MUNICIPIOS CATEGORIAS 4, 5 Y 6",,,,,,NO APLICA,,,,,,CON SITUACION DE FONDOS,NO APLICA,NO APLICA,5000000.0,1309790.0,1309790.0
9269196,20220301,218552585,Pupiales,2.3.2.02.02.009,"SERVICIOS PARA LA COMUNIDAD, SOCIALES Y PERSONALES",GASTOS,INVERSION,ADQUISICION DE BIENES Y SERVICIOS,ADQUISICIONES DIFERENTES DE ACTIVOS,ADQUISICION DE SERVICIOS,"SERVICIOS PARA LA COMUNIDAD, SOCIALES Y PERSONALES",No Aplica,No Aplica,No Aplica,No Aplica,VIGENCIA ACTUAL,ENTIDADES TERRITORIALES - ADMINISTRACION CENTRAL,DOCUMENTOS PLANEACION,No Aplica,NO DEFINIDO,,,2022,Primer Trimestre,,,,OTROS SERVICIOS ADMINISTRATIVOS DEL GOBIERNO N C P,CONTRIBUCION SOBRE CONTRATOS DE OBRA PUBLICA,,,,,,NO APLICA,,,,,,CON SITUACION DE FONDOS,NO APLICA,NO APLICA,4351500.0,2851500.0,2851500.0
9269899,20210601,218552585,Pupiales,2.1.1.01.02.009,APORTES A ESCUELAS INDUSTRIALES E INSTITUTOS TECNICOS,GASTOS,FUNCIONAMIENTO,GASTOS DE PERSONAL,PLANTA DE PERSONAL PERMANENTE,CONTRIBUCIONES INHERENTES A LA NOMINA,APORTES A ESCUELAS INDUSTRIALES E INSTITUTOS TECNICOS,No Aplica,No Aplica,No Aplica,No Aplica,VIGENCIA ACTUAL,ENTIDADES TERRITORIALES - ADMINISTRACION CENTRAL,NO APLICA,No Aplica,NO DEFINIDO,,,2021,Segundo Trimestre,,,,NO APLICA,1.2.1.0.00 - INGRESOS CORRIENTES DE LIBRE DESTINACION,,,,,,NO APLICA,,,,,,CON SITUACION DE FONDOS,NO APLICA,NO DEFINIDO,1858957.0,1858957.0,1858957.0
9269981,20210301,218552585,Pupiales,2.3.1.01.02.008,APORTES A LA ESAP,GASTOS,INVERSION,GASTOS DE PERSONAL,PLANTA DE PERSONAL PERMANENTE,CONTRIBUCIONES INHERENTES A LA NOMINA,APORTES A LA ESAP,No Aplica,No Aplica,No Aplica,No Aplica,VIGENCIA ACTUAL,ENTIDADES TERRITORIALES - ADMINISTRACION CENTRAL,NO APLICA,No Aplica,NO DEFINIDO,,,2021,Primer Trimestre,,,,NO APLICA,1.2.4.3.03 - SGP-PROPOSITO GENERAL-PROPOSITO GENERAL LIBRE INVERSION,,,,,,NO APLICA,,,,,,CON SITUACION DE FONDOS,DIRECCION NACIONAL DEL TESORO MINISTERIO DE HACIENDA Y CREDITO PUBLICO,NO DEFINIDO,162606.0,162606.0,162606.0
9270036,20220301,218552585,Pupiales,2.3.3.01.02,A EMPRESAS PUBLICAS NO FINANCIERAS,GASTOS,INVERSION,TRANSFERENCIAS CORRIENTES,SUBVENCIONES,A EMPRESAS PUBLICAS NO FINANCIERAS,No Aplica,No Aplica,No Aplica,No Aplica,No Aplica,VIGENCIA ACTUAL,ENTIDADES TERRITORIALES - ADMINISTRACION CENTRAL,NO DEFINIDO,No Aplica,NO DEFINIDO,,,2022,Primer Trimestre,,,,NO DEFINIDO,NO DEFINIDO,,,,,,NO DEFINIDO,,,,,,NO DEFINIDO,NO DEFINIDO,NO DEFINIDO,491892531.0,71896365.0,71896365.0
9271775,20230601,218552585,Pupiales,2.3.2.02.02.009,"SERVICIOS PARA LA COMUNIDAD, SOCIALES Y PERSONALES",GASTOS,INVERSION,ADQUISICION DE BIENES Y SERVICIOS,ADQUISICIONES DIFERENTES DE ACTIVOS,ADQUISICION DE SERVICIOS,"SERVICIOS PARA LA COMUNIDAD, SOCIALES Y PERSONALES",No Aplica,No Aplica,No Aplica,No Aplica,VIGENCIA ACTUAL,ENTIDADES TERRITORIALES - ADMINISTRACION CENTRAL,SERVICIO DE ATENCION EN SALUD A LA POBLACION,No Aplica,NO DEFINIDO,,,2023,Segundo Trimestre,,,,SERVICIOS DE LOS ORGANOS DE CONTROL Y OTRAS INSTITUCIONES,PARTICIPACIONES DISTINTAS DEL SGP CON DESTINACION ESPECIFICA LEGAL,,,,,,NO APLICA,,,,,,SIN SITUACION DE FONDOS,E.P.S. ENTIDAD PROMOTORA DE SALUD MALLAMAS INDIGENA,NO APLICA,1806898553.0,1806898553.0,1806898553.0
9274435,20220901,218552585,Pupiales,2.1.1.01.01.001.08,PRESTACIONES SOCIALES,GASTOS,FUNCIONAMIENTO,GASTOS DE PERSONAL,PLANTA DE PERSONAL PERMANENTE,FACTORES CONSTITUTIVOS DE SALARIO,FACTORES SALARIALES COMUNES,PRESTACIONES SOCIALES,No Aplica,No Aplica,No Aplica,VIGENCIA ACTUAL,ENTIDADES TERRITORIALES - ADMINISTRACION CENTRAL,NO DEFINIDO,No Aplica,NO DEFINIDO,,,2022,Tercer Trimestre,,,,NO DEFINIDO,NO DEFINIDO,,,,,,NO DEFINIDO,,,,,,NO DEFINIDO,NO DEFINIDO,NO DEFINIDO,24101793.0,24101793.0,24101793.0
9275411,20220901,218552585,Pupiales,2.3.2.02.02.009,"SERVICIOS PARA LA COMUNIDAD, SOCIALES Y PERSONALES",GASTOS,INVERSION,ADQUISICION DE BIENES Y SERVICIOS,ADQUISICIONES DIFERENTES DE ACTIVOS,ADQUISICION DE SERVICIOS,"SERVICIOS PARA LA COMUNIDAD, SOCIALES Y PERSONALES",No Aplica,No Aplica,No Aplica,No Aplica,VIGENCIA ACTUAL,ENTIDADES TERRITORIALES - ADMINISTRACION CENTRAL,ESTUDIOS DE PREINVERSION,No Aplica,NO DEFINIDO,,,2022,Tercer Trimestre,,,,OTROS SERVICIOS DE LA ADMINISTRACION PUBLICA N C P,RECURSOS DEL BALANCE DE LIBRE DESTINACION,,,,,,NO APLICA,,,,,,CON SITUACION DE FONDOS,NO APLICA,NO APLICA,11960000.0,11960000.0,11960000.0
9275563,20210601,218552585,Pupiales,2.3.1.01.02,CONTRIBUCIONES INHERENTES A LA NOMINA,GASTOS,INVERSION,GASTOS DE PERSONAL,PLANTA DE PERSONAL PERMANENTE,CONTRIBUCIONES INHERENTES A LA NOMINA,No Aplica,No Aplica,No Aplica,No Aplica,No Aplica,VIGENCIA ACTUAL,ENTIDADES TERRITORIALES - ADMINISTRACION CENTRAL,NO DEFINIDO,No Aplica,NO DEFINIDO,,,2021,Segundo Trimestre,,,,NO DEFINIDO,NO DEFINIDO,,,,,,NO DEFINIDO,,,,,,NO DEFINIDO,NO DEFINIDO,NO DEFINIDO,26823718.0,26823718.0,26823718.0
9275791,20210301,218552585,Pupiales,2.3,INVERSION,GASTOS,INVERSION,No Aplica,No Aplica,No Aplica,No Aplica,No Aplica,No Aplica,No Aplica,No Aplica,VIGENCIA ACTUAL,ENTIDADES TERRITORIALES - ADMINISTRACION CENTRAL,NO DEFINIDO,No Aplica,NO DEFINIDO,,,2021,Primer Trimestre,,,,NO DEFINIDO,NO DEFINIDO,,,,,,NO DEFINIDO,,,,,,NO DEFINIDO,NO DEFINIDO,NO DEFINIDO,6214303311.0,4715430470.0,4684686470.0
9280412,20230601,218552585,Pupiales,2.3.1.01.02.008,APORTES A LA ESAP,GASTOS,INVERSION,GASTOS DE PERSONAL,PLANTA DE PERSONAL PERMANENTE,CONTRIBUCIONES INHERENTES A LA NOMINA,APORTES A LA ESAP,No Aplica,No Aplica,No Aplica,No Aplica,VIGENCIA ACTUAL,ENTIDADES TERRITORIALES - ADMINISTRACION CENTRAL,VIA TERCIARIA MEJORADA,No Aplica,NO DEFINIDO,,,2023,Segundo Trimestre,,,,NO APLICA,INGRESOS CORRIENTES DE LIBRE DESTINACION,,,,,,NO APLICA,,,,,,CON SITUACION DE FONDOS,NO APLICA,NO APLICA,132264.0,132264.0,132264.0
9281066,20230601,218552585,Pupiales,2.3.2.01.01.001.03,OTRAS ESTRUCTURAS,GASTOS,INVERSION,ADQUISICION DE BIENES Y SERVICIOS,ADQUISICION DE ACTIVOS NO FINANCIEROS,ACTIVOS FIJOS,EDIFICACIONES Y ESTRUCTURAS,OTRAS ESTRUCTURAS,No Aplica,No Aplica,No Aplica,CUENTAS POR PAGAR,ENTIDADES TERRITORIALES - ADMINISTRACION CENTRAL,NO DEFINIDO,No Aplica,NO DEFINIDO,,,2023,Segundo Trimestre,,,,NO DEFINIDO,NO DEFINIDO,,,,,,NO DEFINIDO,,,,,,NO DEFINIDO,NO DEFINIDO,NO DEFINIDO,13615710.0,13615710.0,13615710.0
9284193,20230301,218552585,Pupiales,2.3.2.02.02.009,"SERVICIOS PARA LA COMUNIDAD, SOCIALES Y PERSONALES",GASTOS,INVERSION,ADQUISICION DE BIENES Y SERVICIOS,ADQUISICIONES DIFERENTES DE ACTIVOS,ADQUISICION DE SERVICIOS,"SERVICIOS PARA LA COMUNIDAD, SOCIALES Y PERSONALES",No Aplica,No Aplica,No Aplica,No Aplica,VIGENCIA ACTUAL,ENTIDADES TERRITORIALES - ADMINISTRACION CENTRAL,SERVICIO DE PROMOCION DE ACTIVIDADES CULTURALES.,No Aplica,NO DEFINIDO,,,2023,Primer Trimestre,,,,SERVICIOS DE LA ADMINISTRACION PUBLICA RELACIONADOS CON LA RECREACION LA CULTURA Y LA RELIGION,SGP-PROPOSITO GENERAL-CULTURA,,,,,,NO APLICA,,,,,,CON SITUACION DE FONDOS,NO APLICA,NO APLICA,31945000.0,31945000.0,23780854.0
9285372,20210901,218552585,Pupiales,2.1.2.01.01,ACTIVOS FIJOS,GASTOS,FUNCIONAMIENTO,ADQUISICION DE BIENES Y SERVICIOS,ADQUISICION DE ACTIVOS NO FINANCIEROS,ACTIVOS FIJOS,No Aplica,No Aplica,No Aplica,No Aplica,No Aplica,VIGENCIA ACTUAL,ENTIDADES TERRITORIALES - ADMINISTRACION CENTRAL,NO DEFINIDO,No Aplica,NO DEFINIDO,,,2021,Tercer Trimestre,,,,NO DEFINIDO,NO DEFINIDO,,,,,,NO DEFINIDO,,,,,,NO DEFINIDO,NO DEFINIDO,NO DEFINIDO,23200000.0,23200000.0,23200000.0
9286167,20230601,218552585,Pupiales,2.3.2.01.01,ACTIVOS FIJOS,GASTOS,INVERSION,ADQUISICION DE BIENES Y SERVICIOS,ADQUISICION DE ACTIVOS NO FINANCIEROS,ACTIVOS FIJOS,No Aplica,No Aplica,No Aplica,No Aplica,No Aplica,VIGENCIA ACTUAL,ENTIDADES TERRITORIALES - ADMINISTRACION CENTRAL,NO DEFINIDO,No Aplica,NO DEFINIDO,,,2023,Segundo Trimestre,,,,NO DEFINIDO,NO DEFINIDO,,,,,,NO DEFINIDO,,,,,,NO DEFINIDO,NO DEFINIDO,NO DEFINIDO,216305197.0,26988255.0,26988255.0
9288817,20220901,218552585,Pupiales,2.1.2.02.02,ADQUISICION DE SERVICIOS,GASTOS,FUNCIONAMIENTO,ADQUISICION DE BIENES Y SERVICIOS,ADQUISICIONES DIFERENTES DE ACTIVOS,ADQUISICION DE SERVICIOS,No Aplica,No Aplica,No Aplica,No Aplica,No Aplica,VIGENCIA ACTUAL,ENTIDADES TERRITORIALES - ADMINISTRACION CENTRAL,NO DEFINIDO,No Aplica,NO DEFINIDO,,,2022,Tercer Trimestre,,,,NO DEFINIDO,NO DEFINIDO,,,,,,NO DEFINIDO,,,,,,NO DEFINIDO,NO DEFINIDO,NO DEFINIDO,679325685.0,601709113.0,601616119.0
9289021,20220601,218552585,Pupiales,2.3.2.02.02.009,"SERVICIOS PARA LA COMUNIDAD, SOCIALES Y PERSONALES",GASTOS,INVERSION,ADQUISICION DE BIENES Y SERVICIOS,ADQUISICIONES DIFERENTES DE ACTIVOS,ADQUISICION DE SERVICIOS,"SERVICIOS PARA LA COMUNIDAD, SOCIALES Y PERSONALES",No Aplica,No Aplica,No Aplica,No Aplica,VIGENCIA ACTUAL,ENTIDADES TERRITORIALES - ADMINISTRACION CENTRAL,DOCUMENTOS PLANEACION,No Aplica,NO DEFINIDO,,,2022,Segundo Trimestre,,,,OTROS SERVICIOS DIVERSOS N C P,CONTRIBUCION SOBRE CONTRATOS DE OBRA PUBLICA,,,,,,NO APLICA,,,,,,CON SITUACION DE FONDOS,NO APLICA,NO APLICA,6661010.0,5161010.0,5161010.0
9290474,20211201,218552585,Pupiales,2.3.4.03,COMPENSACIONES DE CAPITAL,GASTOS,INVERSION,TRANSFERENCIAS DE CAPITAL,COMPENSACIONES DE CAPITAL,No Aplica,No Aplica,No Aplica,No Aplica,No Aplica,No Aplica,VIGENCIA ACTUAL,ENTIDADES TERRITORIALES - ADMINISTRACION CENTRAL,"SERVICIO DE APOYO A LA ACTIVIDAD FISICA, LA RECREACION Y EL DEPORTE",No Aplica,NO DEFINIDO,,,2021,Cuarto Trimestre,,,,NO APLICA,RECURSOS DEL BALANCE DE LIBRE DESTINACION,,,,,,NO APLICA,,,,,,CON SITUACION DE FONDOS,OTRO,NO DEFINIDO,51445000.0,51445000.0,51445000.0
9291066,20220601,218552585,Pupiales,2.3.2.02.02.009,"SERVICIOS PARA LA COMUNIDAD, SOCIALES Y PERSONALES",GASTOS,INVERSION,ADQUISICION DE BIENES Y SERVICIOS,ADQUISICIONES DIFERENTES DE ACTIVOS,ADQUISICION DE SERVICIOS,"SERVICIOS PARA LA COMUNIDAD, SOCIALES Y PERSONALES",No Aplica,No Aplica,No Aplica,No Aplica,VIGENCIA ACTUAL,ENTIDADES TERRITORIALES - ADMINISTRACION CENTRAL,SERVICIO DE GESTION DE OFERTA SOCIAL PARA LA POBLACION VULNERABLE,No Aplica,NO DEFINIDO,,,2022,Segundo Trimestre,,,,OTROS SERVICIOS DIVERSOS N C P,INGRESOS CORRIENTES DE LIBRE DESTINACION,,,,,,NO APLICA,,,,,,CON SITUACION DE FONDOS,NO APLICA,NO APLICA,13985000.0,13985000.0,13985000.0
9291447,20230601,218552585,Pupiales,2.3.2.02.02.009,"SERVICIOS PARA LA COMUNIDAD, SOCIALES Y PERSONALES",GASTOS,INVERSION,ADQUISICION DE BIENES Y SERVICIOS,ADQUISICIONES DIFERENTES DE ACTIVOS,ADQUISICION DE SERVICIOS,"SERVICIOS PARA LA COMUNIDAD, SOCIALES Y PERSONALES",No Aplica,No Aplica,No Aplica,No Aplica,CUENTAS POR PAGAR,ENTIDADES DIFERENTES A ENTIDADES TERRITORIALES - GESTION GENERAL,NO APLICA,No Aplica,NO DEFINIDO,,,2023,Segundo Trimestre,,,,OTROS SERVICIOS DIVERSOS N C P,RECURSOS DEL BALANCE DE LIBRE DESTINACION,,,,,,NO APLICA,,,,,,CON SITUACION DE FONDOS,NO APLICA,NO APLICA,3897204.0,3897204.0,3897204.0
9293638,20221201,218552585,Pupiales,2.3.2.01.01.003.01.06,OTRAS MAQUINAS PARA USOS GENERALES Y SUS PARTES Y PIEZAS,GASTOS,INVERSION,ADQUISICION DE BIENES Y SERVICIOS,ADQUISICION DE ACTIVOS NO FINANCIEROS,ACTIVOS FIJOS,MAQUINARIA Y EQUIPO,MAQUINARIA PARA USO GENERAL,OTRAS MAQUINAS PARA USOS GENERALES Y SUS PARTES Y PIEZAS,No Aplica,No Aplica,VIGENCIA ACTUAL,ENTIDADES TERRITORIALES - ADMINISTRACION CENTRAL,SERVICIO DE ASISTENCIA TECNICA EN INFRAESTRUCTURA Y SERVICIO DE LA RED VIAL REGIONAL,No Aplica,NO DEFINIDO,,,2022,Cuarto Trimestre,,,,NO APLICA,SGP-PROPOSITO GENERAL-PROPOSITO GENERAL LIBRE INVERSION,,,,,,NO APLICA,,,,,,CON SITUACION DE FONDOS,DIRECCION NACIONAL DEL TESORO MINISTERIO DE HACIENDA Y CREDITO PUBLICO,NO APLICA,120158200.0,120158200.0,120158200.0
9298274,20230301,218552585,Pupiales,2.1.2.02.02.010,VIATICOS DE LOS FUNCIONARIOS EN COMISION,GASTOS,FUNCIONAMIENTO,ADQUISICION DE BIENES Y SERVICIOS,ADQUISICIONES DIFERENTES DE ACTIVOS,ADQUISICION DE SERVICIOS,VIATICOS DE LOS FUNCIONARIOS EN COMISION,No Aplica,No Aplica,No Aplica,No Aplica,VIGENCIA ACTUAL,ENTIDADES TERRITORIALES - ADMINISTRACION CENTRAL,NO APLICA,No Aplica,NO DEFINIDO,,,2023,Primer Trimestre,,,,SERVICIOS DE TRANSPORTE LOCAL COMBINADO DE PASAJEROS,"SGP-PROPOSITO GENERAL-LIBRE DESTINACION MUNICIPIOS CATEGORIAS 4, 5 Y 6",,,,,,NO APLICA,,,,,,CON SITUACION DE FONDOS,NO APLICA,NO APLICA,43700.0,43700.0,41402.0
9301583,20220601,218552585,Pupiales,2.1.1.01.03.001.02,INDEMNIZACION POR VACACIONES,GASTOS,FUNCIONAMIENTO,GASTOS DE PERSONAL,PLANTA DE PERSONAL PERMANENTE,REMUNERACIONES NO CONSTITUTIVAS DE FACTOR SALARIAL,PRESTACIONES SOCIALES,INDEMNIZACION POR VACACIONES,No Aplica,No Aplica,No Aplica,VIGENCIA ACTUAL,ENTIDADES TERRITORIALES - ADMINISTRACION CENTRAL,NO APLICA,No Aplica,NO DEFINIDO,,,2022,Segundo Trimestre,,,,NO APLICA,INGRESOS CORRIENTES DE LIBRE DESTINACION,,,,,,NO APLICA,,,,,,CON SITUACION DE FONDOS,NO APLICA,NO APLICA,3056568.0,3056568.0,3056568.0
9302604,20220301,218552585,Pupiales,2.1.1.01.02.005,APORTES GENERALES AL SISTEMA DE RIESGOS LABORALES,GASTOS,FUNCIONAMIENTO,GASTOS DE PERSONAL,PLANTA DE PERSONAL PERMANENTE,CONTRIBUCIONES INHERENTES A LA NOMINA,APORTES GENERALES AL SISTEMA DE RIESGOS LABORALES,No Aplica,No Aplica,No Aplica,No Aplica,VIGENCIA ACTUAL,ENTIDADES TERRITORIALES - ADMINISTRACION CENTRAL,NO APLICA,No Aplica,NO DEFINIDO,,,2022,Primer Trimestre,,,,NO APLICA,INGRESOS CORRIENTES DE LIBRE DESTINACION,,,,,,NO APLICA,,,,,,CON SITUACION DE FONDOS,NO APLICA,NO APLICA,1871424.0,1871424.0,1871424.0
9302914,20220601,218552585,Pupiales,2.2.2.02,INTERESES,GASTOS,SERVICIO DE LA DEUDA PUBLICA,SERVICIO DE LA DEUDA PUBLICA INTERNA,INTERESES,No Aplica,No Aplica,No Aplica,No Aplica,No Aplica,No Aplica,VIGENCIA ACTUAL,ENTIDADES TERRITORIALES - ADMINISTRACION CENTRAL,NO DEFINIDO,No Aplica,NO DEFINIDO,,,2022,Segundo Trimestre,,,,NO DEFINIDO,NO DEFINIDO,,,,,,NO DEFINIDO,,,,,,NO DEFINIDO,NO DEFINIDO,NO DEFINIDO,44348102.0,44348102.0,44348102.0
9303581,20220901,218552585,Pupiales,2.1.1.01.02.007,APORTES AL SENA,GASTOS,FUNCIONAMIENTO,GASTOS DE PERSONAL,PLANTA DE PERSONAL PERMANENTE,CONTRIBUCIONES INHERENTES A LA NOMINA,APORTES AL SENA,No Aplica,No Aplica,No Aplica,No Aplica,VIGENCIA ACTUAL,ENTIDADES TERRITORIALES - ADMINISTRACION CENTRAL,NO APLICA,No Aplica,NO DEFINIDO,,,2022,Tercer Trimestre,,,,NO APLICA,INGRESOS CORRIENTES DE LIBRE DESTINACION,,,,,,NO APLICA,,,,,,CON SITUACION DE FONDOS,NO APLICA,NO APLICA,1785910.0,1785910.0,1785910.0
9304157,20210601,218552585,Pupiales,2.3.4.03,COMPENSACIONES DE CAPITAL,GASTOS,INVERSION,TRANSFERENCIAS DE CAPITAL,COMPENSACIONES DE CAPITAL,No Aplica,No Aplica,No Aplica,No Aplica,No Aplica,No Aplica,VIGENCIA ACTUAL,ENTIDADES TERRITORIALES - ADMINISTRACION CENTRAL,41.04.001 - INCLUSION SOCIAL Y RECONCILIACION - ATENCION INTEGRAL DE POBLACION EN SITUACION PERMANENTE DE DESPROTECCION SOCIAL Y/O FAMILIAR - CENTROS DE PROTECCION SOCIAL PARA EL ADULTO MAYOR CONSTRUI,No Aplica,NO DEFINIDO,,,2021,Segundo Trimestre,,,,NO APLICA,1.3.3.1.19 - R.B. ESTAMPILLAS,,,,,,NO APLICA,,,,,,CON SITUACION DE FONDOS,NO APLICA,NO DEFINIDO,10000000.0,0.0,0.0
9305858,20211201,218552585,Pupiales,2.3.1.01.02.003,APORTES DE CESANTIAS,GASTOS,INVERSION,GASTOS DE PERSONAL,PLANTA DE PERSONAL PERMANENTE,CONTRIBUCIONES INHERENTES A LA NOMINA,APORTES DE CESANTIAS,No Aplica,No Aplica,No Aplica,No Aplica,VIGENCIA ACTUAL,ENTIDADES TERRITORIALES - ADMINISTRACION CENTRAL,NO APLICA,No Aplica,NO DEFINIDO,,,2021,Cuarto Trimestre,,,,NO APLICA,SGP-PROPOSITO GENERAL-PROPOSITO GENERAL LIBRE INVERSION,,,,,,NO APLICA,,,,,,CON SITUACION DE FONDOS,DIRECCION NACIONAL DEL TESORO MINISTERIO DE HACIENDA Y CREDITO PUBLICO,NO DEFINIDO,1631271.0,1631271.0,0.0
9306009,20230601,218552585,Pupiales,2.3.2.02.02.009,"SERVICIOS PARA LA COMUNIDAD, SOCIALES Y PERSONALES",GASTOS,INVERSION,ADQUISICION DE BIENES Y SERVICIOS,ADQUISICIONES DIFERENTES DE ACTIVOS,ADQUISICION DE SERVICIOS,"SERVICIOS PARA LA COMUNIDAD, SOCIALES Y PERSONALES",No Aplica,No Aplica,No Aplica,No Aplica,VIGENCIA ACTUAL,ENTIDADES TERRITORIALES - ADMINISTRACION CENTRAL,VIA TERCIARIA MEJORADA,No Aplica,NO DEFINIDO,,,2023,Segundo Trimestre,,,,SERVICIOS DE LOS ORGANOS DE CONTROL Y OTRAS INSTITUCIONES,SGP-PROPOSITO GENERAL-PROPOSITO GENERAL LIBRE INVERSION,,,,,,NO APLICA,,,,,,CON SITUACION DE FONDOS,NO APLICA,NO APLICA,44400000.0,26500000.0,26500000.0
9306951,20230601,218552585,Pupiales,2.2.2.02.02.002.02.03,BANCA COMERCIAL,GASTOS,SERVICIO DE LA DEUDA PUBLICA,SERVICIO DE LA DEUDA PUBLICA INTERNA,INTERESES,PRESTAMOS,ENTIDADES FINANCIERAS,BANCA COMERCIAL,BANCA COMERCIAL,No Aplica,No Aplica,VIGENCIA ACTUAL,ENTIDADES TERRITORIALES - ADMINISTRACION CENTRAL,NO APLICA,No Aplica,NO DEFINIDO,,,2023,Segundo Trimestre,,,,NO APLICA,"SGP-PROPOSITO GENERAL-LIBRE DESTINACION MUNICIPIOS CATEGORIAS 4, 5 Y 6",,,,,,NO APLICA,,,,,,CON SITUACION DE FONDOS,NO APLICA,NO APLICA,91707262.0,91707262.0,91707262.0
9307493,20210601,218552585,Pupiales,2.1.1.01.01,FACTORES CONSTITUTIVOS DE SALARIO,GASTOS,FUNCIONAMIENTO,GASTOS DE PERSONAL,PLANTA DE PERSONAL PERMANENTE,FACTORES CONSTITUTIVOS DE SALARIO,No Aplica,No Aplica,No Aplica,No Aplica,No Aplica,VIGENCIA ACTUAL,ENTIDADES TERRITORIALES - ADMINISTRACION CENTRAL,NO DEFINIDO,No Aplica,NO DEFINIDO,,,2021,Segundo Trimestre,,,,NO DEFINIDO,NO DEFINIDO,,,,,,NO DEFINIDO,,,,,,NO DEFINIDO,NO DEFINIDO,NO DEFINIDO,265054138.0,265054138.0,265054138.0
9312870,20210301,218552585,Pupiales,2.2.2.01.02.002.02,BANCA COMERCIAL,GASTOS,SERVICIO DE LA DEUDA PUBLICA,SERVICIO DE LA DEUDA PUBLICA INTERNA,PRINCIPAL,PRESTAMOS,ENTIDADES FINANCIERAS,BANCA COMERCIAL,No Aplica,No Aplica,No Aplica,VIGENCIA ACTUAL,ENTIDADES TERRITORIALES - ADMINISTRACION CENTRAL,NO DEFINIDO,No Aplica,NO DEFINIDO,,,2021,Primer Trimestre,,,,NO DEFINIDO,NO DEFINIDO,,,,,,NO DEFINIDO,,,,,,NO DEFINIDO,NO DEFINIDO,NO DEFINIDO,31776378.0,31776378.0,31776378.0
9316365,20230601,218552585,Pupiales,2.1.1.01.02.005,APORTES GENERALES AL SISTEMA DE RIESGOS LABORALES,GASTOS,FUNCIONAMIENTO,GASTOS DE PERSONAL,PLANTA DE PERSONAL PERMANENTE,CONTRIBUCIONES INHERENTES A LA NOMINA,APORTES GENERALES AL SISTEMA DE RIESGOS LABORALES,No Aplica,No Aplica,No Aplica,No Aplica,VIGENCIA ACTUAL,ENTIDADES TERRITORIALES - ADMINISTRACION CENTRAL,NO APLICA,No Aplica,NO DEFINIDO,,,2023,Segundo Trimestre,,,,NO APLICA,"SGP-PROPOSITO GENERAL-LIBRE DESTINACION MUNICIPIOS CATEGORIAS 4, 5 Y 6",,,,,,NO APLICA,,,,,,CON SITUACION DE FONDOS,NO APLICA,NO APLICA,591900.0,591900.0,591900.0
9317189,20220601,218552585,Pupiales,2.3.2.01.01.003.01,MAQUINARIA PARA USO GENERAL,GASTOS,INVERSION,ADQUISICION DE BIENES Y SERVICIOS,ADQUISICION DE ACTIVOS NO FINANCIEROS,ACTIVOS FIJOS,MAQUINARIA Y EQUIPO,MAQUINARIA PARA USO GENERAL,No Aplica,No Aplica,No Aplica,VIGENCIA ACTUAL,ENTIDADES TERRITORIALES - ADMINISTRACION CENTRAL,NO DEFINIDO,No Aplica,NO DEFINIDO,,,2022,Segundo Trimestre,,,,NO DEFINIDO,NO DEFINIDO,,,,,,NO DEFINIDO,,,,,,NO DEFINIDO,NO DEFINIDO,NO DEFINIDO,28000000.0,14000000.0,14000000.0
9322294,20220601,218552585,Pupiales,2.1.1.01,PLANTA DE PERSONAL PERMANENTE,GASTOS,FUNCIONAMIENTO,GASTOS DE PERSONAL,PLANTA DE PERSONAL PERMANENTE,No Aplica,No Aplica,No Aplica,No Aplica,No Aplica,No Aplica,VIGENCIA ACTUAL,ENTIDADES TERRITORIALES - CONCEJO,NO DEFINIDO,No Aplica,NO DEFINIDO,,,2022,Segundo Trimestre,,,,NO DEFINIDO,NO DEFINIDO,,,,,,NO DEFINIDO,,,,,,NO DEFINIDO,NO DEFINIDO,NO DEFINIDO,99880059.0,99880059.0,99880059.0
9322970,20230301,218552585,Pupiales,2.1,FUNCIONAMIENTO,GASTOS,FUNCIONAMIENTO,No Aplica,No Aplica,No Aplica,No Aplica,No Aplica,No Aplica,No Aplica,No Aplica,VIGENCIA ACTUAL,ENTIDADES TERRITORIALES - ADMINISTRACION CENTRAL,NO DEFINIDO,No Aplica,NO DEFINIDO,,,2023,Primer Trimestre,,,,NO DEFINIDO,NO DEFINIDO,,,,,,NO DEFINIDO,,,,,,NO DEFINIDO,NO DEFINIDO,NO DEFINIDO,509141211.0,398184260.0,281230624.0
9325821,20210601,218552585,Pupiales,2.1.1.01.01.001.04,SUBSIDIO DE ALIMENTACION,GASTOS,FUNCIONAMIENTO,GASTOS DE PERSONAL,PLANTA DE PERSONAL PERMANENTE,FACTORES CONSTITUTIVOS DE SALARIO,FACTORES SALARIALES COMUNES,SUBSIDIO DE ALIMENTACION,No Aplica,No Aplica,No Aplica,VIGENCIA ACTUAL,ENTIDADES TERRITORIALES - ADMINISTRACION CENTRAL,NO APLICA,No Aplica,NO DEFINIDO,,,2021,Segundo Trimestre,,,,NO APLICA,1.2.1.0.00 - INGRESOS CORRIENTES DE LIBRE DESTINACION,,,,,,NO APLICA,,,,,,CON SITUACION DE FONDOS,NO APLICA,NO DEFINIDO,4478949.0,4478949.0,4478949.0
9328909,20220301,218552585,Pupiales,2.2.2.01.02.002.02,BANCA COMERCIAL,GASTOS,SERVICIO DE LA DEUDA PUBLICA,SERVICIO DE LA DEUDA PUBLICA INTERNA,PRINCIPAL,PRESTAMOS,ENTIDADES FINANCIERAS,BANCA COMERCIAL,No Aplica,No Aplica,No Aplica,VIGENCIA ACTUAL,ENTIDADES TERRITORIALES - ADMINISTRACION CENTRAL,NO DEFINIDO,No Aplica,NO DEFINIDO,,,2022,Primer Trimestre,,,,NO DEFINIDO,NO DEFINIDO,,,,,,NO DEFINIDO,,,,,,NO DEFINIDO,NO DEFINIDO,NO DEFINIDO,111097910.0,111097910.0,111097910.0
9329225,20220601,218552585,Pupiales,2.3.2.02.02.009,"SERVICIOS PARA LA COMUNIDAD, SOCIALES Y PERSONALES",GASTOS,INVERSION,ADQUISICION DE BIENES Y SERVICIOS,ADQUISICIONES DIFERENTES DE ACTIVOS,ADQUISICION DE SERVICIOS,"SERVICIOS PARA LA COMUNIDAD, SOCIALES Y PERSONALES",No Aplica,No Aplica,No Aplica,No Aplica,VIGENCIA ACTUAL,ENTIDADES TERRITORIALES - ADMINISTRACION CENTRAL,SERVICIO DE ASISTENCIA TECNICA4502022,No Aplica,NO DEFINIDO,,,2022,Segundo Trimestre,,,,OTROS SERVICIOS DIVERSOS N C P,SGP-PROPOSITO GENERAL-PROPOSITO GENERAL LIBRE INVERSION,,,,,,NO APLICA,,,,,,CON SITUACION DE FONDOS,DIRECCION NACIONAL DEL TESORO MINISTERIO DE HACIENDA Y CREDITO PUBLICO,NO APLICA,8000000.0,8000000.0,8000000.0
9331775,20210301,218552585,Pupiales,2.3.1.01.01.001.08,PRESTACIONES SOCIALES,GASTOS,INVERSION,GASTOS DE PERSONAL,PLANTA DE PERSONAL PERMANENTE,FACTORES CONSTITUTIVOS DE SALARIO,FACTORES SALARIALES COMUNES,PRESTACIONES SOCIALES,No Aplica,No Aplica,No Aplica,VIGENCIA ACTUAL,ENTIDADES TERRITORIALES - ADMINISTRACION CENTRAL,NO DEFINIDO,No Aplica,NO DEFINIDO,,,2021,Primer Trimestre,,,,NO DEFINIDO,NO DEFINIDO,,,,,,NO DEFINIDO,,,,,,NO DEFINIDO,NO DEFINIDO,NO DEFINIDO,1602807.0,1602807.0,1602807.0
9333491,20230301,218552585,Pupiales,2.3.2.02.02.009,"SERVICIOS PARA LA COMUNIDAD, SOCIALES Y PERSONALES",GASTOS,INVERSION,ADQUISICION DE BIENES Y SERVICIOS,ADQUISICIONES DIFERENTES DE ACTIVOS,ADQUISICION DE SERVICIOS,"SERVICIOS PARA LA COMUNIDAD, SOCIALES Y PERSONALES",No Aplica,No Aplica,No Aplica,No Aplica,VIGENCIA ACTUAL,ENTIDADES TERRITORIALES - ADMINISTRACION CENTRAL,SERVICIO DE APOYO FINANCIERO PARA EL ADULTO MAYOR4103065,No Aplica,NO DEFINIDO,,,2023,Primer Trimestre,,,,OTROS SERVICIOS SOCIALES CON ALOJAMIENTO PARA ADULTOS,ESTAMPILLAS,,,,,,NO APLICA,,,,,,CON SITUACION DE FONDOS,NO APLICA,NO APLICA,135361895.0,108928368.0,77815691.0
9335124,20230601,218552585,Pupiales,2.1.2.02.02,ADQUISICION DE SERVICIOS,GASTOS,FUNCIONAMIENTO,ADQUISICION DE BIENES Y SERVICIOS,ADQUISICIONES DIFERENTES DE ACTIVOS,ADQUISICION DE SERVICIOS,No Aplica,No Aplica,No Aplica,No Aplica,No Aplica,VIGENCIA ACTUAL,ENTIDADES TERRITORIALES - ADMINISTRACION CENTRAL,NO DEFINIDO,No Aplica,NO DEFINIDO,,,2023,Segundo Trimestre,,,,NO DEFINIDO,NO DEFINIDO,,,,,,NO DEFINIDO,,,,,,NO DEFINIDO,NO DEFINIDO,NO DEFINIDO,271692401.0,205219983.0,205219983.0
9335340,20230601,218552585,Pupiales,2.3.2.02.01.001,"MINERALES, ELECTRICIDAD, GAS Y AGUA",GASTOS,INVERSION,ADQUISICION DE BIENES Y SERVICIOS,ADQUISICIONES DIFERENTES DE ACTIVOS,MATERIALES Y SUMINISTROS,"MINERALES, ELECTRICIDAD, GAS Y AGUA",No Aplica,No Aplica,No Aplica,No Aplica,RESERVAS,ENTIDADES TERRITORIALES - ADMINISTRACION CENTRAL,NO APLICA,No Aplica,NO DEFINIDO,,,2023,Segundo Trimestre,,,,OTRAS ROCAS O PIEDRAS TRITURADAS PARA CONSTRUCCION N C P,SGP-PROPOSITO GENERAL-PROPOSITO GENERAL LIBRE INVERSION,,,,,,NO APLICA,,,,,,CON SITUACION DE FONDOS,NO APLICA,NO APLICA,50000000.0,0.0,0.0
9336229,20230601,218552585,Pupiales,2.3.2.02.02.009,"SERVICIOS PARA LA COMUNIDAD, SOCIALES Y PERSONALES",GASTOS,INVERSION,ADQUISICION DE BIENES Y SERVICIOS,ADQUISICIONES DIFERENTES DE ACTIVOS,ADQUISICION DE SERVICIOS,"SERVICIOS PARA LA COMUNIDAD, SOCIALES Y PERSONALES",No Aplica,No Aplica,No Aplica,No Aplica,VIGENCIA ACTUAL,ENTIDADES TERRITORIALES - ADMINISTRACION CENTRAL,SERVICIO DE ATENCION Y PROTECCION INTEGRAL AL ADULTO MAYOR,No Aplica,NO DEFINIDO,,,2023,Segundo Trimestre,,,,SERVICIOS DE LOS ORGANOS DE CONTROL Y OTRAS INSTITUCIONES,R.B. ESTAMPILLAS,,,,,,NO APLICA,,,,,,CON SITUACION DE FONDOS,NO APLICA,NO APLICA,88012460.0,47062460.0,47062460.0
9339877,20220901,218552585,Pupiales,2.3.1.01.01.001.06,PRIMA DE SERVICIO,GASTOS,INVERSION,GASTOS DE PERSONAL,PLANTA DE PERSONAL PERMANENTE,FACTORES CONSTITUTIVOS DE SALARIO,FACTORES SALARIALES COMUNES,PRIMA DE SERVICIO,No Aplica,No Aplica,No Aplica,VIGENCIA ACTUAL,ENTIDADES TERRITORIALES - ADMINISTRACION CENTRAL,NO APLICA,No Aplica,NO DEFINIDO,,,2022,Tercer Trimestre,,,,NO APLICA,SGP-PROPOSITO GENERAL-PROPOSITO GENERAL LIBRE INVERSION,,,,,,NO APLICA,,,,,,CON SITUACION DE FONDOS,DIRECCION NACIONAL DEL TESORO MINISTERIO DE HACIENDA Y CREDITO PUBLICO,NO APLICA,8933432.0,8933432.0,8933432.0
9340621,20230601,218552585,Pupiales,2.3.2.02.02.009,"SERVICIOS PARA LA COMUNIDAD, SOCIALES Y PERSONALES",GASTOS,INVERSION,ADQUISICION DE BIENES Y SERVICIOS,ADQUISICIONES DIFERENTES DE ACTIVOS,ADQUISICION DE SERVICIOS,"SERVICIOS PARA LA COMUNIDAD, SOCIALES Y PERSONALES",No Aplica,No Aplica,No Aplica,No Aplica,CUENTAS POR PAGAR,ENTIDADES TERRITORIALES - ADMINISTRACION CENTRAL,NO APLICA,No Aplica,NO DEFINIDO,,,2023,Segundo Trimestre,,,,SERVICIOS DE LOS ORGANOS DE CONTROL Y OTRAS INSTITUCIONES,TASAS RETRIBUTIVAS,,,,,,NO APLICA,,,,,,CON SITUACION DE FONDOS,NO APLICA,NO APLICA,4351250.0,4351250.0,4351250.0
9343704,20221201,218552585,Pupiales,2.3.2.02.02.009,"SERVICIOS PARA LA COMUNIDAD, SOCIALES Y PERSONALES",GASTOS,INVERSION,ADQUISICION DE BIENES Y SERVICIOS,ADQUISICIONES DIFERENTES DE ACTIVOS,ADQUISICION DE SERVICIOS,"SERVICIOS PARA LA COMUNIDAD, SOCIALES Y PERSONALES",No Aplica,No Aplica,No Aplica,No Aplica,VIGENCIA ACTUAL,ENTIDADES TERRITORIALES - ADMINISTRACION CENTRAL,"SERVICIO DE CARACTERIZACION DE LA POBLACION VICTIMA PARA SU POSTERIOR ATENCION, ASISTENCIA Y REPARACION INTEGRAL",No Aplica,NO DEFINIDO,,,2022,Cuarto Trimestre,,,,OTROS SERVICIOS DE LA ADMINISTRACION PUBLICA N C P,SGP-PROPOSITO GENERAL-PROPOSITO GENERAL LIBRE INVERSION,,,,,,NO APLICA,,,,,,CON SITUACION DE FONDOS,DIRECCION NACIONAL DEL TESORO MINISTERIO DE HACIENDA Y CREDITO PUBLICO,NO APLICA,20616900.0,20616900.0,20616900.0
9345673,20211201,218552585,Pupiales,2.3.2.01.01,ACTIVOS FIJOS,GASTOS,INVERSION,ADQUISICION DE BIENES Y SERVICIOS,ADQUISICION DE ACTIVOS NO FINANCIEROS,ACTIVOS FIJOS,No Aplica,No Aplica,No Aplica,No Aplica,No Aplica,VIGENCIA ACTUAL,ENTIDADES TERRITORIALES - ADMINISTRACION CENTRAL,NO DEFINIDO,No Aplica,NO DEFINIDO,,,2021,Cuarto Trimestre,,,,NO DEFINIDO,NO DEFINIDO,,,,,,NO DEFINIDO,,,,,,NO DEFINIDO,NO DEFINIDO,NO DEFINIDO,2430324252.0,2362326601.0,2331834807.0
9347809,20220901,218552585,Pupiales,2.1.1.01.01.001.08.01,PRIMA DE NAVIDAD,GASTOS,FUNCIONAMIENTO,GASTOS DE PERSONAL,PLANTA DE PERSONAL PERMANENTE,FACTORES CONSTITUTIVOS DE SALARIO,FACTORES SALARIALES COMUNES,PRESTACIONES SOCIALES,PRIMA DE NAVIDAD,No Aplica,No Aplica,VIGENCIA ACTUAL,ENTIDADES TERRITORIALES - ADMINISTRACION CENTRAL,NO APLICA,No Aplica,NO DEFINIDO,,,2022,Tercer Trimestre,,,,NO APLICA,INGRESOS CORRIENTES DE LIBRE DESTINACION,,,,,,NO APLICA,,,,,,CON SITUACION DE FONDOS,NO APLICA,NO APLICA,2385651.0,2385651.0,2385651.0
9350266,20221201,218552585,Pupiales,2.3.2.02.02.009,"SERVICIOS PARA LA COMUNIDAD, SOCIALES Y PERSONALES",GASTOS,INVERSION,ADQUISICION DE BIENES Y SERVICIOS,ADQUISICIONES DIFERENTES DE ACTIVOS,ADQUISICION DE SERVICIOS,"SERVICIOS PARA LA COMUNIDAD, SOCIALES Y PERSONALES",No Aplica,No Aplica,No Aplica,No Aplica,VIGENCIA ACTUAL,ENTIDADES TERRITORIALES - ADMINISTRACION CENTRAL,"SERVICIO DE INSPECCION, VIGILANCIA Y CONTROL1903011",No Aplica,NO DEFINIDO,,,2022,Cuarto Trimestre,,,,OTROS SERVICIOS DE LA ADMINISTRACION PUBLICA N C P,SGP-SALUD-PRESTACION DEL SERVICIO DE SALUD,,,,,,NO APLICA,,,,,,CON SITUACION DE FONDOS,DIRECCION NACIONAL DEL TESORO MINISTERIO DE HACIENDA Y CREDITO PUBLICO,NO APLICA,28923750.0,28923750.0,28923750.0
9351177,20211201,218552585,Pupiales,2.3.2.02.02.005,CONSTRUCCION Y SERVICIOS DE LA CONSTRUCCION,GASTOS,INVERSION,ADQUISICION DE BIENES Y SERVICIOS,ADQUISICIONES DIFERENTES DE ACTIVOS,ADQUISICION DE SERVICIOS,CONSTRUCCION Y SERVICIOS DE LA CONSTRUCCION,No Aplica,No Aplica,No Aplica,No Aplica,VIGENCIA ACTUAL,ENTIDADES TERRITORIALES - ADMINISTRACION CENTRAL,VIA TERCIARIA MEJORADA,No Aplica,NO DEFINIDO,,,2021,Cuarto Trimestre,,,,OTROS SERVICIOS DIVERSOS N C P,TRANSFERENCIAS DE CAPITAL DE OTRAS ENTIDADES DEL GOBIERNO GENERAL,,,,,,NO APLICA,,,,,,CON SITUACION DE FONDOS,INSTITUTO NACIONAL DE VIAS,NO DEFINIDO,738382635.0,221514791.0,0.0
9351821,20220601,218552585,Pupiales,2.3.2.02.02.009,"SERVICIOS PARA LA COMUNIDAD, SOCIALES Y PERSONALES",GASTOS,INVERSION,ADQUISICION DE BIENES Y SERVICIOS,ADQUISICIONES DIFERENTES DE ACTIVOS,ADQUISICION DE SERVICIOS,"SERVICIOS PARA LA COMUNIDAD, SOCIALES Y PERSONALES",No Aplica,No Aplica,No Aplica,No Aplica,VIGENCIA ACTUAL,ENTIDADES TERRITORIALES - ADMINISTRACION CENTRAL,SERVICIO DE EDUCACION INFORMAL A LA CIUDADANIA EN ASUNTOS PATRIMONIALES,No Aplica,NO DEFINIDO,,,2022,Segundo Trimestre,,,,OTROS SERVICIOS DIVERSOS N C P,OTRAS TRANSFERENCIAS CORRIENTES DE OTRAS ENTIDADES CON DESTINACION ESPECIFICA LEGAL DEL GOBIERNO GENERAL,,,,,,NO APLICA,,,,,,CON SITUACION DE FONDOS,NO APLICA,NO APLICA,19960000.0,0.0,0.0
9357342,20230301,218552585,Pupiales,2.3.2,ADQUISICION DE BIENES Y SERVICIOS,GASTOS,INVERSION,ADQUISICION DE BIENES Y SERVICIOS,No Aplica,No Aplica,No Aplica,No Aplica,No Aplica,No Aplica,No Aplica,VIGENCIA ACTUAL,ENTIDADES TERRITORIALES - ADMINISTRACION CENTRAL,NO DEFINIDO,No Aplica,NO DEFINIDO,,,2023,Primer Trimestre,,,,NO DEFINIDO,NO DEFINIDO,,,,,,NO DEFINIDO,,,,,,NO DEFINIDO,NO DEFINIDO,NO DEFINIDO,4087294526.0,3041665478.0,2782126873.0
9362067,20220601,218552585,Pupiales,2.3.1.01.02.003,APORTES DE CESANTIAS,GASTOS,INVERSION,GASTOS DE PERSONAL,PLANTA DE PERSONAL PERMANENTE,CONTRIBUCIONES INHERENTES A LA NOMINA,APORTES DE CESANTIAS,No Aplica,No Aplica,No Aplica,No Aplica,VIGENCIA ACTUAL,ENTIDADES TERRITORIALES - ADMINISTRACION CENTRAL,NO APLICA,No Aplica,NO DEFINIDO,,,2022,Segundo Trimestre,,,,NO APLICA,SGP-PROPOSITO GENERAL-PROPOSITO GENERAL LIBRE INVERSION,,,,,,NO APLICA,,,,,,CON SITUACION DE FONDOS,DIRECCION NACIONAL DEL TESORO MINISTERIO DE HACIENDA Y CREDITO PUBLICO,NO APLICA,3654653.0,3654653.0,3654653.0
9364718,20210901,218552585,Pupiales,2.3.2.01.01.005.01.02,"ARBOLES, CULTIVOS Y PLANTAS QUE GENERAN PRODUCTOS EN FORMA REPETIDA",GASTOS,INVERSION,ADQUISICION DE BIENES Y SERVICIOS,ADQUISICION DE ACTIVOS NO FINANCIEROS,ACTIVOS FIJOS,OTROS ACTIVOS FIJOS,RECURSOS BIOLOGICOS CULTIVADOS,"ARBOLES, CULTIVOS Y PLANTAS QUE GENERAN PRODUCTOS EN FORMA REPETIDA",No Aplica,No Aplica,VIGENCIA ACTUAL,ENTIDADES TERRITORIALES - ADMINISTRACION CENTRAL,NO DEFINIDO,No Aplica,NO DEFINIDO,,,2021,Tercer Trimestre,,,,NO DEFINIDO,NO DEFINIDO,,,,,,NO DEFINIDO,,,,,,NO DEFINIDO,NO DEFINIDO,NO DEFINIDO,25399736.0,12699868.0,12699868.0
9364787,20220901,218552585,Pupiales,2.1.1.01.03,REMUNERACIONES NO CONSTITUTIVAS DE FACTOR SALARIAL,GASTOS,FUNCIONAMIENTO,GASTOS DE PERSONAL,PLANTA DE PERSONAL PERMANENTE,REMUNERACIONES NO CONSTITUTIVAS DE FACTOR SALARIAL,No Aplica,No Aplica,No Aplica,No Aplica,No Aplica,VIGENCIA ACTUAL,ENTIDADES TERRITORIALES - ADMINISTRACION CENTRAL,NO DEFINIDO,No Aplica,NO DEFINIDO,,,2022,Tercer Trimestre,,,,NO DEFINIDO,NO DEFINIDO,,,,,,NO DEFINIDO,,,,,,NO DEFINIDO,NO DEFINIDO,NO DEFINIDO,63328507.0,63328507.0,63328507.0
9366470,20230601,218552585,Pupiales,2.1.1.01.03.001.01,VACACIONES,GASTOS,FUNCIONAMIENTO,GASTOS DE PERSONAL,PLANTA DE PERSONAL PERMANENTE,REMUNERACIONES NO CONSTITUTIVAS DE FACTOR SALARIAL,PRESTACIONES SOCIALES,VACACIONES,No Aplica,No Aplica,No Aplica,VIGENCIA ACTUAL,ENTIDADES TERRITORIALES - ADMINISTRACION CENTRAL,NO APLICA,No Aplica,NO DEFINIDO,,,2023,Segundo Trimestre,,,,NO APLICA,"SGP-PROPOSITO GENERAL-LIBRE DESTINACION MUNICIPIOS CATEGORIAS 4, 5 Y 6",,,,,,NO APLICA,,,,,,CON SITUACION DE FONDOS,NO APLICA,NO APLICA,10941909.0,9812284.0,9812284.0
9367554,20220901,218552585,Pupiales,2.3.2.01.01.001.03.19,OTRAS OBRAS DE INGENIERIA CIVIL,GASTOS,INVERSION,ADQUISICION DE BIENES Y SERVICIOS,ADQUISICION DE ACTIVOS NO FINANCIEROS,ACTIVOS FIJOS,EDIFICACIONES Y ESTRUCTURAS,OTRAS ESTRUCTURAS,OTRAS OBRAS DE INGENIERIA CIVIL,No Aplica,No Aplica,VIGENCIA ACTUAL,ENTIDADES TERRITORIALES - ADMINISTRACION CENTRAL,CEMENTERIOS REMODELADOS,No Aplica,NO DEFINIDO,,,2022,Tercer Trimestre,,,,NO APLICA,INGRESOS CORRIENTES DE LIBRE DESTINACION,,,,,,NO APLICA,,,,,,CON SITUACION DE FONDOS,NO APLICA,NO APLICA,18475942.0,0.0,0.0
9369318,20230301,218552585,Pupiales,2.3.2.02.02.009,"SERVICIOS PARA LA COMUNIDAD, SOCIALES Y PERSONALES",GASTOS,INVERSION,ADQUISICION DE BIENES Y SERVICIOS,ADQUISICIONES DIFERENTES DE ACTIVOS,ADQUISICION DE SERVICIOS,"SERVICIOS PARA LA COMUNIDAD, SOCIALES Y PERSONALES",No Aplica,No Aplica,No Aplica,No Aplica,VIGENCIA ACTUAL,ENTIDADES TERRITORIALES - ADMINISTRACION CENTRAL,"SERVICIO DE APOYO A LA ACTIVIDAD FISICA, LA RECREACION Y EL DEPORTE",No Aplica,NO DEFINIDO,,,2023,Primer Trimestre,,,,SERVICIOS DE APOYO RELACIONADOS CON EL DEPORTE Y LA RECREACION,CONTRIBUCIONES SOCIALES - PENSION,,,,,,NO APLICA,,,,,,CON SITUACION DE FONDOS,NO APLICA,NO APLICA,1600000.0,1600000.0,1600000.0
9370084,20230601,218552585,Pupiales,2.3.1.01.01.001.04,SUBSIDIO DE ALIMENTACION,GASTOS,INVERSION,GASTOS DE PERSONAL,PLANTA DE PERSONAL PERMANENTE,FACTORES CONSTITUTIVOS DE SALARIO,FACTORES SALARIALES COMUNES,SUBSIDIO DE ALIMENTACION,No Aplica,No Aplica,No Aplica,VIGENCIA ACTUAL,ENTIDADES TERRITORIALES - ADMINISTRACION CENTRAL,SERVICIO DE JUSTICIA A LOS CIUDADANOS,No Aplica,NO DEFINIDO,,,2023,Segundo Trimestre,,,,NO APLICA,SGP-PROPOSITO GENERAL-PROPOSITO GENERAL LIBRE INVERSION,,,,,,NO APLICA,,,,,,CON SITUACION DE FONDOS,NO APLICA,NO APLICA,2490441.0,2490441.0,2490441.0
9374060,20211201,218552585,Pupiales,2.3.2.02.02.009,"SERVICIOS PARA LA COMUNIDAD, SOCIALES Y PERSONALES",GASTOS,INVERSION,ADQUISICION DE BIENES Y SERVICIOS,ADQUISICIONES DIFERENTES DE ACTIVOS,ADQUISICION DE SERVICIOS,"SERVICIOS PARA LA COMUNIDAD, SOCIALES Y PERSONALES",No Aplica,No Aplica,No Aplica,No Aplica,VIGENCIA ACTUAL,ENTIDADES TERRITORIALES - ADMINISTRACION CENTRAL,SERVICIO DE INFORMACION PARA ORIENTAR AL CIUDADANO EN EL ACCESO A LA JUSTICIA,No Aplica,NO DEFINIDO,,,2021,Cuarto Trimestre,,,,OTROS SERVICIOS DIVERSOS N C P,SGP-PROPOSITO GENERAL-PROPOSITO GENERAL LIBRE INVERSION,,,,,,NO APLICA,,,,,,CON SITUACION DE FONDOS,DIRECCION NACIONAL DEL TESORO MINISTERIO DE HACIENDA Y CREDITO PUBLICO,NO DEFINIDO,33050000.0,33050000.0,31865000.0
9377419,20220301,218552585,Pupiales,2.3.2.02.01.003,"OTROS BIENES TRANSPORTABLES EXCEPTO PRODUCTOS METALICOS, MAQUINARIA Y EQUIPO",GASTOS,INVERSION,ADQUISICION DE BIENES Y SERVICIOS,ADQUISICIONES DIFERENTES DE ACTIVOS,MATERIALES Y SUMINISTROS,"OTROS BIENES TRANSPORTABLES EXCEPTO PRODUCTOS METALICOS, MAQUINARIA Y EQUIPO",No Aplica,No Aplica,No Aplica,No Aplica,VIGENCIA ACTUAL,ENTIDADES TERRITORIALES - ADMINISTRACION CENTRAL,SERVICIO DE ASISTENCIA TECNICA EN INFRAESTRUCTURA Y SERVICIO DE LA RED VIAL REGIONAL,No Aplica,NO DEFINIDO,,,2022,Primer Trimestre,,,,OTROS SERVICIOS ADMINISTRATIVOS DEL GOBIERNO N C P,SGP-PROPOSITO GENERAL-PROPOSITO GENERAL LIBRE INVERSION,,,,,,NO APLICA,,,,,,CON SITUACION DE FONDOS,DIRECCION NACIONAL DEL TESORO MINISTERIO DE HACIENDA Y CREDITO PUBLICO,NO APLICA,70000000.0,35000000.0,35000000.0
9378165,20230601,218552585,Pupiales,2.3.1.01.02.004,APORTES A CAJAS DE COMPENSACION FAMILIAR,GASTOS,INVERSION,GASTOS DE PERSONAL,PLANTA DE PERSONAL PERMANENTE,CONTRIBUCIONES INHERENTES A LA NOMINA,APORTES A CAJAS DE COMPENSACION FAMILIAR,No Aplica,No Aplica,No Aplica,No Aplica,VIGENCIA ACTUAL,ENTIDADES TERRITORIALES - ADMINISTRACION CENTRAL,VIA TERCIARIA MEJORADA,No Aplica,NO DEFINIDO,,,2023,Segundo Trimestre,,,,NO APLICA,INGRESOS CORRIENTES DE LIBRE DESTINACION,,,,,,NO APLICA,,,,,,CON SITUACION DE FONDOS,NO APLICA,NO APLICA,1054301.0,1054301.0,1054301.0
9378173,20221201,218552585,Pupiales,2.3.3.01.02.004.02,SUBSIDIOS DE ALCANTARILLADO,GASTOS,INVERSION,TRANSFERENCIAS CORRIENTES,SUBVENCIONES,A EMPRESAS PUBLICAS NO FINANCIERAS,SUBVENCIONES PARA SERVICIOS PUBLICOS DOMICILIARIOS DE AGUA POTABLE Y SANEAMIENTO BASICO,SUBSIDIOS DE ALCANTARILLADO,No Aplica,No Aplica,No Aplica,VIGENCIA ACTUAL,ENTIDADES TERRITORIALES - ADMINISTRACION CENTRAL,SERVICIO DE APOYO FINANCIERO PARA SUBSIDIOS AL CONSUMO EN LOS SERVICIOS PUBLICOS DOMICILIARIOS,No Aplica,NO DEFINIDO,,,2022,Cuarto Trimestre,,,,NO APLICA,SGP-AGUA POTABLE Y SANEAMIENTO BASICO,,,,,,NO APLICA,,,,,,CON SITUACION DE FONDOS,DIRECCION NACIONAL DEL TESORO MINISTERIO DE HACIENDA Y CREDITO PUBLICO,NO APLICA,80289480.0,80289480.0,80289480.0
9380387,20230601,218552585,Pupiales,2.2,SERVICIO DE LA DEUDA PUBLICA,GASTOS,SERVICIO DE LA DEUDA PUBLICA,No Aplica,No Aplica,No Aplica,No Aplica,No Aplica,No Aplica,No Aplica,No Aplica,VIGENCIA ACTUAL,ENTIDADES TERRITORIALES - ADMINISTRACION CENTRAL,NO DEFINIDO,No Aplica,NO DEFINIDO,,,2023,Segundo Trimestre,,,,NO DEFINIDO,NO DEFINIDO,,,,,,NO DEFINIDO,,,,,,NO DEFINIDO,NO DEFINIDO,NO DEFINIDO,289975454.0,289975454.0,289975454.0
9381333,20220301,218552585,Pupiales,2.3.2.02.02.009,"SERVICIOS PARA LA COMUNIDAD, SOCIALES Y PERSONALES",GASTOS,INVERSION,ADQUISICION DE BIENES Y SERVICIOS,ADQUISICIONES DIFERENTES DE ACTIVOS,ADQUISICION DE SERVICIOS,"SERVICIOS PARA LA COMUNIDAD, SOCIALES Y PERSONALES",No Aplica,No Aplica,No Aplica,No Aplica,VIGENCIA ACTUAL,ENTIDADES TERRITORIALES - ADMINISTRACION CENTRAL,SERVICIO DE ASISTENCIA TECNICA PARA LA IMPLEMENTACION DE LOS METODOS DE SOLUCION DE CONFLICTOS,2021525850008,NO DEFINIDO,,,2022,Primer Trimestre,,,,OTROS SERVICIOS ADMINISTRATIVOS DEL GOBIERNO N C P,SGP-PROPOSITO GENERAL-PROPOSITO GENERAL LIBRE INVERSION,,,,,,NO APLICA,,,,,,CON SITUACION DE FONDOS,DIRECCION NACIONAL DEL TESORO MINISTERIO DE HACIENDA Y CREDITO PUBLICO,NO APLICA,13750000.0,3750000.0,3750000.0
9385521,20210901,218552585,Pupiales,2.3.4.03,COMPENSACIONES DE CAPITAL,GASTOS,INVERSION,TRANSFERENCIAS DE CAPITAL,COMPENSACIONES DE CAPITAL,No Aplica,No Aplica,No Aplica,No Aplica,No Aplica,No Aplica,VIGENCIA ACTUAL,ENTIDADES TERRITORIALES - ADMINISTRACION CENTRAL,NO APLICA,No Aplica,NO DEFINIDO,,,2021,Tercer Trimestre,,,,NO APLICA,1.3.3.6.03 - R.B. SGP - PROPOSITO GENERAL - PROPOSITO GENERAL LIBRE INVERSION,,,,,,NO APLICA,,,,,,CON SITUACION DE FONDOS,DIRECCION NACIONAL DEL TESORO MINISTERIO DE HACIENDA Y CREDITO PUBLICO,NO DEFINIDO,80122867.0,47637154.0,35637154.0
9387394,20210301,218552585,Pupiales,2.3.2,ADQUISICION DE BIENES Y SERVICIOS,GASTOS,INVERSION,ADQUISICION DE BIENES Y SERVICIOS,No Aplica,No Aplica,No Aplica,No Aplica,No Aplica,No Aplica,No Aplica,VIGENCIA ACTUAL,ENTIDADES TERRITORIALES - ADMINISTRACION CENTRAL,NO DEFINIDO,No Aplica,NO DEFINIDO,,,2021,Primer Trimestre,,,,NO DEFINIDO,NO DEFINIDO,,,,,,NO DEFINIDO,,,,,,NO DEFINIDO,NO DEFINIDO,NO DEFINIDO,6146995739.0,4652665528.0,4621921528.0
9387884,20220301,218552585,Pupiales,2.3.1.01.01.001.04,SUBSIDIO DE ALIMENTACION,GASTOS,INVERSION,GASTOS DE PERSONAL,PLANTA DE PERSONAL PERMANENTE,FACTORES CONSTITUTIVOS DE SALARIO,FACTORES SALARIALES COMUNES,SUBSIDIO DE ALIMENTACION,No Aplica,No Aplica,No Aplica,VIGENCIA ACTUAL,ENTIDADES TERRITORIALES - ADMINISTRACION CENTRAL,NO APLICA,No Aplica,NO DEFINIDO,,,2022,Primer Trimestre,,,,NO APLICA,SGP-PROPOSITO GENERAL-PROPOSITO GENERAL LIBRE INVERSION,,,,,,NO APLICA,,,,,,CON SITUACION DE FONDOS,DIRECCION NACIONAL DEL TESORO MINISTERIO DE HACIENDA Y CREDITO PUBLICO,NO APLICA,1994026.0,1994026.0,1994026.0
9391242,20221201,218552585,Pupiales,2.3.2.02.02.009,"SERVICIOS PARA LA COMUNIDAD, SOCIALES Y PERSONALES",GASTOS,INVERSION,ADQUISICION DE BIENES Y SERVICIOS,ADQUISICIONES DIFERENTES DE ACTIVOS,ADQUISICION DE SERVICIOS,"SERVICIOS PARA LA COMUNIDAD, SOCIALES Y PERSONALES",No Aplica,No Aplica,No Aplica,No Aplica,VIGENCIA ACTUAL,ENTIDADES TERRITORIALES - ADMINISTRACION CENTRAL,SERVICIO DE ATENCION EN SALUD A LA POBLACION,No Aplica,NO DEFINIDO,,,2022,Cuarto Trimestre,,,,OTROS SERVICIOS DE LA ADMINISTRACION PUBLICA N C P,TRANSFERENCIAS DE CAPITAL DE OTRAS ENTIDADES DEL GOBIERNO GENERAL,,,,,,NO APLICA,,,,,,SIN SITUACION DE FONDOS,MINISTERIO DE SALUD Y PROTECCION SOCIAL,NO APLICA,10717123033.0,10717123033.0,10717123033.0
9391831,20210301,218552585,Pupiales,2.1.2.02.01,MATERIALES Y SUMINISTROS,GASTOS,FUNCIONAMIENTO,ADQUISICION DE BIENES Y SERVICIOS,ADQUISICIONES DIFERENTES DE ACTIVOS,MATERIALES Y SUMINISTROS,No Aplica,No Aplica,No Aplica,No Aplica,No Aplica,VIGENCIA ACTUAL,ENTIDADES TERRITORIALES - ADMINISTRACION CENTRAL,NO DEFINIDO,No Aplica,NO DEFINIDO,,,2021,Primer Trimestre,,,,NO DEFINIDO,NO DEFINIDO,,,,,,NO DEFINIDO,,,,,,NO DEFINIDO,NO DEFINIDO,NO DEFINIDO,21468100.0,0.0,0.0
9403029,20220901,218552585,Pupiales,2.3.1.01.01.001.05,AUXILIO DE TRANSPORTE,GASTOS,INVERSION,GASTOS DE PERSONAL,PLANTA DE PERSONAL PERMANENTE,FACTORES CONSTITUTIVOS DE SALARIO,FACTORES SALARIALES COMUNES,AUXILIO DE TRANSPORTE,No Aplica,No Aplica,No Aplica,VIGENCIA ACTUAL,ENTIDADES TERRITORIALES - ADMINISTRACION CENTRAL,NO APLICA,No Aplica,NO DEFINIDO,,,2022,Tercer Trimestre,,,,NO APLICA,SGP-PROPOSITO GENERAL-PROPOSITO GENERAL LIBRE INVERSION,,,,,,NO APLICA,,,,,,CON SITUACION DE FONDOS,DIRECCION NACIONAL DEL TESORO MINISTERIO DE HACIENDA Y CREDITO PUBLICO,NO APLICA,9701841.0,9701841.0,9701841.0
9403133,20230601,218552585,Pupiales,2.1.1.01.02.008,APORTES A LA ESAP,GASTOS,FUNCIONAMIENTO,GASTOS DE PERSONAL,PLANTA DE PERSONAL PERMANENTE,CONTRIBUCIONES INHERENTES A LA NOMINA,APORTES A LA ESAP,No Aplica,No Aplica,No Aplica,No Aplica,VIGENCIA ACTUAL,ENTIDADES TERRITORIALES - ADMINISTRACION CENTRAL,NO APLICA,No Aplica,NO DEFINIDO,,,2023,Segundo Trimestre,,,,NO APLICA,"SGP-PROPOSITO GENERAL-LIBRE DESTINACION MUNICIPIOS CATEGORIAS 4, 5 Y 6",,,,,,NO APLICA,,,,,,CON SITUACION DE FONDOS,NO APLICA,NO APLICA,1014019.0,1014019.0,1014019.0
9403696,20230301,218552585,Pupiales,2.1.4,TRANSFERENCIAS DE CAPITAL,GASTOS,FUNCIONAMIENTO,TRANSFERENCIAS DE CAPITAL,No Aplica,No Aplica,No Aplica,No Aplica,No Aplica,No Aplica,No Aplica,VIGENCIA ACTUAL,ENTIDADES TERRITORIALES - CONCEJO,NO DEFINIDO,No Aplica,NO DEFINIDO,,,2023,Primer Trimestre,,,,NO DEFINIDO,NO DEFINIDO,,,,,,NO DEFINIDO,,,,,,NO DEFINIDO,NO DEFINIDO,NO DEFINIDO,9029250.0,9029250.0,6019500.0
9410334,20230601,218552585,Pupiales,2.1.2.02.01,MATERIALES Y SUMINISTROS,GASTOS,FUNCIONAMIENTO,ADQUISICION DE BIENES Y SERVICIOS,ADQUISICIONES DIFERENTES DE ACTIVOS,MATERIALES Y SUMINISTROS,No Aplica,No Aplica,No Aplica,No Aplica,No Aplica,VIGENCIA ACTUAL,ENTIDADES TERRITORIALES - ADMINISTRACION CENTRAL,NO DEFINIDO,No Aplica,NO DEFINIDO,,,2023,Segundo Trimestre,,,,NO DEFINIDO,NO DEFINIDO,,,,,,NO DEFINIDO,,,,,,NO DEFINIDO,NO DEFINIDO,NO DEFINIDO,49296060.0,49296060.0,49296060.0
9413282,20230301,218552585,Pupiales,2.1.2.02.02.009,"SERVICIOS PARA LA COMUNIDAD, SOCIALES Y PERSONALES",GASTOS,FUNCIONAMIENTO,ADQUISICION DE BIENES Y SERVICIOS,ADQUISICIONES DIFERENTES DE ACTIVOS,ADQUISICION DE SERVICIOS,"SERVICIOS PARA LA COMUNIDAD, SOCIALES Y PERSONALES",No Aplica,No Aplica,No Aplica,No Aplica,CUENTAS POR PAGAR,ENTIDADES TERRITORIALES - ADMINISTRACION CENTRAL,NO APLICA,No Aplica,NO DEFINIDO,,,2023,Primer Trimestre,,,,OTROS SERVICIOS DIVERSOS N C P,INGRESOS CORRIENTES DE LIBRE DESTINACION,,,,,,NO APLICA,,,,,,CON SITUACION DE FONDOS,NO APLICA,NO APLICA,1800000.0,1800000.0,0.0
9415884,20211201,218552585,Pupiales,2.3.3,TRANSFERENCIAS CORRIENTES,GASTOS,INVERSION,TRANSFERENCIAS CORRIENTES,No Aplica,No Aplica,No Aplica,No Aplica,No Aplica,No Aplica,No Aplica,VIGENCIA ACTUAL,ENTIDADES TERRITORIALES - ADMINISTRACION CENTRAL,NO DEFINIDO,No Aplica,NO DEFINIDO,,,2021,Cuarto Trimestre,,,,NO DEFINIDO,NO DEFINIDO,,,,,,NO DEFINIDO,,,,,,NO DEFINIDO,NO DEFINIDO,NO DEFINIDO,737619203.0,737619203.0,737619203.0
9417805,20220301,218552585,Pupiales,2.3.3,TRANSFERENCIAS CORRIENTES,GASTOS,INVERSION,TRANSFERENCIAS CORRIENTES,No Aplica,No Aplica,No Aplica,No Aplica,No Aplica,No Aplica,No Aplica,VIGENCIA ACTUAL,ENTIDADES TERRITORIALES - ADMINISTRACION CENTRAL,NO DEFINIDO,No Aplica,NO DEFINIDO,,,2022,Primer Trimestre,,,,NO DEFINIDO,NO DEFINIDO,,,,,,NO DEFINIDO,,,,,,NO DEFINIDO,NO DEFINIDO,NO DEFINIDO,491892531.0,71896365.0,71896365.0
9419957,20220301,218552585,Pupiales,2.1,FUNCIONAMIENTO,GASTOS,FUNCIONAMIENTO,No Aplica,No Aplica,No Aplica,No Aplica,No Aplica,No Aplica,No Aplica,No Aplica,VIGENCIA ACTUAL,ENTIDADES TERRITORIALES - CONCEJO,NO DEFINIDO,No Aplica,NO DEFINIDO,,,2022,Primer Trimestre,,,,NO DEFINIDO,NO DEFINIDO,,,,,,NO DEFINIDO,,,,,,NO DEFINIDO,NO DEFINIDO,NO DEFINIDO,54434984.0,54434984.0,54434984.0
9420232,20211201,218552585,Pupiales,2.1.1.01.01.001.05,AUXILIO DE TRANSPORTE,GASTOS,FUNCIONAMIENTO,GASTOS DE PERSONAL,PLANTA DE PERSONAL PERMANENTE,FACTORES CONSTITUTIVOS DE SALARIO,FACTORES SALARIALES COMUNES,AUXILIO DE TRANSPORTE,No Aplica,No Aplica,No Aplica,VIGENCIA ACTUAL,ENTIDADES TERRITORIALES - ADMINISTRACION CENTRAL,NO APLICA,No Aplica,NO DEFINIDO,,,2021,Cuarto Trimestre,,,,NO APLICA,INGRESOS CORRIENTES DE LIBRE DESTINACION,,,,,,NO APLICA,,,,,,CON SITUACION DE FONDOS,NO APLICA,NO DEFINIDO,14359989.0,14359989.0,14359989.0
9421521,20210601,218552585,Pupiales,2.1.1.01.01.001.10,VIATICOS DE LOS FUNCIONARIOS EN COMISION,GASTOS,FUNCIONAMIENTO,GASTOS DE PERSONAL,PLANTA DE PERSONAL PERMANENTE,FACTORES CONSTITUTIVOS DE SALARIO,FACTORES SALARIALES COMUNES,VIATICOS DE LOS FUNCIONARIOS EN COMISION,No Aplica,No Aplica,No Aplica,VIGENCIA ACTUAL,ENTIDADES TERRITORIALES - ADMINISTRACION CENTRAL,NO APLICA,No Aplica,NO DEFINIDO,,,2021,Segundo Trimestre,,,,NO APLICA,1.2.1.0.00 - INGRESOS CORRIENTES DE LIBRE DESTINACION,,,,,,NO APLICA,,,,,,CON SITUACION DE FONDOS,NO APLICA,NO DEFINIDO,2464100.0,2464100.0,2464100.0
9424533,20210901,218552585,Pupiales,2.3.1.01.03.001.03,BONIFICACION ESPECIAL DE RECREACION,GASTOS,INVERSION,GASTOS DE PERSONAL,PLANTA DE PERSONAL PERMANENTE,REMUNERACIONES NO CONSTITUTIVAS DE FACTOR SALARIAL,PRESTACIONES SOCIALES,BONIFICACION ESPECIAL DE RECREACION,No Aplica,No Aplica,No Aplica,VIGENCIA ACTUAL,ENTIDADES TERRITORIALES - ADMINISTRACION CENTRAL,NO APLICA,No Aplica,NO DEFINIDO,,,2021,Tercer Trimestre,,,,NO APLICA,1.2.4.3.03 - SGP-PROPOSITO GENERAL-PROPOSITO GENERAL LIBRE INVERSION,,,,,,NO APLICA,,,,,,CON SITUACION DE FONDOS,DIRECCION NACIONAL DEL TESORO MINISTERIO DE HACIENDA Y CREDITO PUBLICO,NO DEFINIDO,611736.0,611736.0,611736.0
9430887,20230301,218552585,Pupiales,2.1.8.01.14,GRAVAMEN A LOS MOVIMIENTOS FINANCIEROS,GASTOS,FUNCIONAMIENTO,"GASTOS POR TRIBUTOS, TASAS, CONTRIBUCIONES, MULTAS, SANCIONES E INTERESES DE MORA",IMPUESTOS,GRAVAMEN A LOS MOVIMIENTOS FINANCIEROS,No Aplica,No Aplica,No Aplica,No Aplica,No Aplica,VIGENCIA ACTUAL,ENTIDADES TERRITORIALES - ADMINISTRACION CENTRAL,NO APLICA,No Aplica,NO DEFINIDO,,,2023,Primer Trimestre,,,,NO APLICA,"SGP-PROPOSITO GENERAL-LIBRE DESTINACION MUNICIPIOS CATEGORIAS 4, 5 Y 6",,,,,,NO APLICA,,,,,,CON SITUACION DE FONDOS,NO APLICA,NO APLICA,1057977.0,1057977.0,1057977.0
9431602,20220901,218552585,Pupiales,2.1.1.01.01.001.07,BONIFICACION POR SERVICIOS PRESTADOS,GASTOS,FUNCIONAMIENTO,GASTOS DE PERSONAL,PLANTA DE PERSONAL PERMANENTE,FACTORES CONSTITUTIVOS DE SALARIO,FACTORES SALARIALES COMUNES,BONIFICACION POR SERVICIOS PRESTADOS,No Aplica,No Aplica,No Aplica,VIGENCIA ACTUAL,ENTIDADES TERRITORIALES - ADMINISTRACION CENTRAL,NO APLICA,No Aplica,NO DEFINIDO,,,2022,Tercer Trimestre,,,,NO APLICA,INGRESOS CORRIENTES DE LIBRE DESTINACION,,,,,,NO APLICA,,,,,,CON SITUACION DE FONDOS,NO APLICA,NO APLICA,16373916.0,16373916.0,16373916.0
9434004,20211201,218552585,Pupiales,2.3.2.02.02.006,"COMERCIO Y DISTRIBUCION; ALOJAMIENTO; SERVICIOS DE SUMINISTRO DE COMIDAS Y BEBIDAS; SERVICIOS DE TRANSPORTE; Y SERVICIOS DE DISTRIBUCION DE ELECTRICIDAD, GAS Y AGUA",GASTOS,INVERSION,ADQUISICION DE BIENES Y SERVICIOS,ADQUISICIONES DIFERENTES DE ACTIVOS,ADQUISICION DE SERVICIOS,"COMERCIO Y DISTRIBUCION; ALOJAMIENTO; SERVICIOS DE SUMINISTRO DE COMIDAS Y BEBIDAS; SERVICIOS DE TRANSPORTE; Y SERVICIOS DE DISTRIBUCION DE ELECTRICIDAD, GAS Y AGUA",No Aplica,No Aplica,No Aplica,No Aplica,VIGENCIA ACTUAL,ENTIDADES TERRITORIALES - ADMINISTRACION CENTRAL,INFRAESTRUCTURA EDUCATIVA MANTENIDA,No Aplica,NO DEFINIDO,,,2021,Cuarto Trimestre,,,,OTROS SERVICIOS DIVERSOS N C P,SGP-EDUCACION-CALIDAD  POR MATRICULA OFICIAL,,,,,,NO APLICA,,,,,,CON SITUACION DE FONDOS,DIRECCION NACIONAL DEL TESORO MINISTERIO DE HACIENDA Y CREDITO PUBLICO,NO DEFINIDO,26195401.0,26195401.0,26195401.0
9435007,20210901,218552585,Pupiales,2.3.1.01.02.008,APORTES A LA ESAP,GASTOS,INVERSION,GASTOS DE PERSONAL,PLANTA DE PERSONAL PERMANENTE,CONTRIBUCIONES INHERENTES A LA NOMINA,APORTES A LA ESAP,No Aplica,No Aplica,No Aplica,No Aplica,VIGENCIA ACTUAL,ENTIDADES TERRITORIALES - ADMINISTRACION CENTRAL,NO APLICA,No Aplica,NO DEFINIDO,,,2021,Tercer Trimestre,,,,NO APLICA,1.2.4.3.03 - SGP-PROPOSITO GENERAL-PROPOSITO GENERAL LIBRE INVERSION,,,,,,NO APLICA,,,,,,CON SITUACION DE FONDOS,DIRECCION NACIONAL DEL TESORO MINISTERIO DE HACIENDA Y CREDITO PUBLICO,NO DEFINIDO,706821.0,706821.0,706821.0
9436692,20230601,218552585,Pupiales,2.2.2.01.02.002,ENTIDADES FINANCIERAS,GASTOS,SERVICIO DE LA DEUDA PUBLICA,SERVICIO DE LA DEUDA PUBLICA INTERNA,PRINCIPAL,PRESTAMOS,ENTIDADES FINANCIERAS,No Aplica,No Aplica,No Aplica,No Aplica,VIGENCIA ACTUAL,ENTIDADES TERRITORIALES - ADMINISTRACION CENTRAL,NO DEFINIDO,No Aplica,NO DEFINIDO,,,2023,Segundo Trimestre,,,,NO DEFINIDO,NO DEFINIDO,,,,,,NO DEFINIDO,,,,,,NO DEFINIDO,NO DEFINIDO,NO DEFINIDO,186613810.0,186613810.0,186613810.0
9444504,20220601,218552585,Pupiales,2.3.2.02.02.009,"SERVICIOS PARA LA COMUNIDAD, SOCIALES Y PERSONALES",GASTOS,INVERSION,ADQUISICION DE BIENES Y SERVICIOS,ADQUISICIONES DIFERENTES DE ACTIVOS,ADQUISICION DE SERVICIOS,"SERVICIOS PARA LA COMUNIDAD, SOCIALES Y PERSONALES",No Aplica,No Aplica,No Aplica,No Aplica,VIGENCIA ACTUAL,ENTIDADES TERRITORIALES - ADMINISTRACION CENTRAL,ACUEDUCTOS OPTIMIZADOS,No Aplica,NO DEFINIDO,,,2022,Segundo Trimestre,,,,OTROS SERVICIOS DIVERSOS N C P,SGP-AGUA POTABLE Y SANEAMIENTO BASICO,,,,,,NO APLICA,,,,,,CON SITUACION DE FONDOS,DIRECCION NACIONAL DEL TESORO MINISTERIO DE HACIENDA Y CREDITO PUBLICO,NO APLICA,21905000.0,21905000.0,21905000.0
9450827,20220901,218552585,Pupiales,2.3.2.02.01.000,"AGRICULTURA, SILVICULTURA Y PRODUCTOS DE LA PESCA",GASTOS,INVERSION,ADQUISICION DE BIENES Y SERVICIOS,ADQUISICIONES DIFERENTES DE ACTIVOS,MATERIALES Y SUMINISTROS,"AGRICULTURA, SILVICULTURA Y PRODUCTOS DE LA PESCA",No Aplica,No Aplica,No Aplica,No Aplica,VIGENCIA ACTUAL,ENTIDADES TERRITORIALES - ADMINISTRACION CENTRAL,SERVICIO DE APOYO FINANCIERO PARA PROYECTOS PRODUCTIVOS,No Aplica,NO DEFINIDO,,,2022,Tercer Trimestre,,,,OTROS SERVICIOS DE LA ADMINISTRACION PUBLICA N C P,SGP-PROPOSITO GENERAL-PROPOSITO GENERAL LIBRE INVERSION,,,,,,NO APLICA,,,,,,CON SITUACION DE FONDOS,DIRECCION NACIONAL DEL TESORO MINISTERIO DE HACIENDA Y CREDITO PUBLICO,NO APLICA,60000000.0,60000000.0,60000000.0
9453433,20211201,218552585,Pupiales,2.1.2.02.01,MATERIALES Y SUMINISTROS,GASTOS,FUNCIONAMIENTO,ADQUISICION DE BIENES Y SERVICIOS,ADQUISICIONES DIFERENTES DE ACTIVOS,MATERIALES Y SUMINISTROS,No Aplica,No Aplica,No Aplica,No Aplica,No Aplica,VIGENCIA ACTUAL,ENTIDADES TERRITORIALES - ADMINISTRACION CENTRAL,NO DEFINIDO,No Aplica,NO DEFINIDO,,,2021,Cuarto Trimestre,,,,NO DEFINIDO,NO DEFINIDO,,,,,,NO DEFINIDO,,,,,,NO DEFINIDO,NO DEFINIDO,NO DEFINIDO,42493100.0,42493100.0,42493100.0
9455456,20211201,218552585,Pupiales,2.1.1.01.01.001.01,SUELDO BASICO,GASTOS,FUNCIONAMIENTO,GASTOS DE PERSONAL,PLANTA DE PERSONAL PERMANENTE,FACTORES CONSTITUTIVOS DE SALARIO,FACTORES SALARIALES COMUNES,SUELDO BASICO,No Aplica,No Aplica,No Aplica,VIGENCIA ACTUAL,ENTIDADES TERRITORIALES - ADMINISTRACION CENTRAL,NO APLICA,No Aplica,NO DEFINIDO,,,2021,Cuarto Trimestre,,,,NO APLICA,INGRESOS CORRIENTES DE LIBRE DESTINACION,,,,,,NO APLICA,,,,,,CON SITUACION DE FONDOS,NO APLICA,NO DEFINIDO,473438557.0,473438557.0,473438557.0
9455886,20210301,218552585,Pupiales,2.3.1,GASTOS DE PERSONAL,GASTOS,INVERSION,GASTOS DE PERSONAL,No Aplica,No Aplica,No Aplica,No Aplica,No Aplica,No Aplica,No Aplica,VIGENCIA ACTUAL,ENTIDADES TERRITORIALES - ADMINISTRACION CENTRAL,NO DEFINIDO,No Aplica,NO DEFINIDO,,,2021,Primer Trimestre,,,,NO DEFINIDO,NO DEFINIDO,,,,,,NO DEFINIDO,,,,,,NO DEFINIDO,NO DEFINIDO,NO DEFINIDO,62764942.0,62764942.0,62764942.0
9457055,20220901,218552585,Pupiales,2.3.2.02.02.009,"SERVICIOS PARA LA COMUNIDAD, SOCIALES Y PERSONALES",GASTOS,INVERSION,ADQUISICION DE BIENES Y SERVICIOS,ADQUISICIONES DIFERENTES DE ACTIVOS,ADQUISICION DE SERVICIOS,"SERVICIOS PARA LA COMUNIDAD, SOCIALES Y PERSONALES",No Aplica,No Aplica,No Aplica,No Aplica,VIGENCIA ACTUAL,ENTIDADES TERRITORIALES - ADMINISTRACION CENTRAL,"SERVICIO DE CARACTERIZACION DE LA POBLACION VICTIMA PARA SU POSTERIOR ATENCION, ASISTENCIA Y REPARACION INTEGRAL",No Aplica,NO DEFINIDO,,,2022,Tercer Trimestre,,,,OTROS SERVICIOS DE LA ADMINISTRACION PUBLICA N C P,SGP-PROPOSITO GENERAL-PROPOSITO GENERAL LIBRE INVERSION,,,,,,NO APLICA,,,,,,CON SITUACION DE FONDOS,DIRECCION NACIONAL DEL TESORO MINISTERIO DE HACIENDA Y CREDITO PUBLICO,NO APLICA,7461500.0,7461500.0,7461500.0
9457847,20220901,218552585,Pupiales,2.1.1.01.01.001.04,SUBSIDIO DE ALIMENTACION,GASTOS,FUNCIONAMIENTO,GASTOS DE PERSONAL,PLANTA DE PERSONAL PERMANENTE,FACTORES CONSTITUTIVOS DE SALARIO,FACTORES SALARIALES COMUNES,SUBSIDIO DE ALIMENTACION,No Aplica,No Aplica,No Aplica,VIGENCIA ACTUAL,ENTIDADES TERRITORIALES - ADMINISTRACION CENTRAL,NO APLICA,No Aplica,NO DEFINIDO,,,2022,Tercer Trimestre,,,,NO APLICA,INGRESOS CORRIENTES DE LIBRE DESTINACION,,,,,,NO APLICA,,,,,,CON SITUACION DE FONDOS,NO APLICA,NO APLICA,7499425.0,7499425.0,7480025.0
9459072,20230301,218552585,Pupiales,2.3.2.02.02.009,"SERVICIOS PARA LA COMUNIDAD, SOCIALES Y PERSONALES",GASTOS,INVERSION,ADQUISICION DE BIENES Y SERVICIOS,ADQUISICIONES DIFERENTES DE ACTIVOS,ADQUISICION DE SERVICIOS,"SERVICIOS PARA LA COMUNIDAD, SOCIALES Y PERSONALES",No Aplica,No Aplica,No Aplica,No Aplica,VIGENCIA ACTUAL,ENTIDADES TERRITORIALES - ADMINISTRACION CENTRAL,VIA SECUNDARIA MEJORADA,No Aplica,NO DEFINIDO,,,2023,Primer Trimestre,,,,SERVICIOS GENERALES DE RECOLECCION DE OTROS DESECHOS,SGP-PROPOSITO GENERAL-PROPOSITO GENERAL LIBRE INVERSION,,,,,,NO APLICA,,,,,,CON SITUACION DE FONDOS,NO APLICA,NO APLICA,10156275.0,8332153.0,6488150.0
9464364,20221201,218552585,Pupiales,2.1.1.01.02,CONTRIBUCIONES INHERENTES A LA NOMINA,GASTOS,FUNCIONAMIENTO,GASTOS DE PERSONAL,PLANTA DE PERSONAL PERMANENTE,CONTRIBUCIONES INHERENTES A LA NOMINA,No Aplica,No Aplica,No Aplica,No Aplica,No Aplica,VIGENCIA ACTUAL,ENTIDADES TERRITORIALES - ADMINISTRACION CENTRAL,NO DEFINIDO,No Aplica,NO DEFINIDO,,,2022,Cuarto Trimestre,,,,NO DEFINIDO,NO DEFINIDO,,,,,,NO DEFINIDO,,,,,,NO DEFINIDO,NO DEFINIDO,NO DEFINIDO,327059172.0,327059172.0,285501703.0
9465553,20211201,218552585,Pupiales,2.3.2.01.01.005.01,RECURSOS BIOLOGICOS CULTIVADOS,GASTOS,INVERSION,ADQUISICION DE BIENES Y SERVICIOS,ADQUISICION DE ACTIVOS NO FINANCIEROS,ACTIVOS FIJOS,OTROS ACTIVOS FIJOS,RECURSOS BIOLOGICOS CULTIVADOS,No Aplica,No Aplica,No Aplica,VIGENCIA ACTUAL,ENTIDADES TERRITORIALES - ADMINISTRACION CENTRAL,NO DEFINIDO,No Aplica,NO DEFINIDO,,,2021,Cuarto Trimestre,,,,NO DEFINIDO,NO DEFINIDO,,,,,,NO DEFINIDO,,,,,,NO DEFINIDO,NO DEFINIDO,NO DEFINIDO,25399736.0,25399736.0,25399736.0
9465785,20221201,218552585,Pupiales,2.3.2.02.02.009,"SERVICIOS PARA LA COMUNIDAD, SOCIALES Y PERSONALES",GASTOS,INVERSION,ADQUISICION DE BIENES Y SERVICIOS,ADQUISICIONES DIFERENTES DE ACTIVOS,ADQUISICION DE SERVICIOS,"SERVICIOS PARA LA COMUNIDAD, SOCIALES Y PERSONALES",No Aplica,No Aplica,No Aplica,No Aplica,VIGENCIA ACTUAL,ENTIDADES TERRITORIALES - ADMINISTRACION CENTRAL,SERVICIO DE ATENCION EN SALUD A LA POBLACION,No Aplica,NO DEFINIDO,,,2022,Cuarto Trimestre,,,,OTROS SERVICIOS DE LA ADMINISTRACION PUBLICA N C P,SGP-SALUD-REGIMEN SUBSIDIADO,,,,,,NO APLICA,,,,,,SIN SITUACION DE FONDOS,DIRECCION NACIONAL DEL TESORO MINISTERIO DE HACIENDA Y CREDITO PUBLICO,NO APLICA,6668054063.0,6668054063.0,6668054063.0
9466270,20220901,218552585,Pupiales,2.3.2.02.02.009,"SERVICIOS PARA LA COMUNIDAD, SOCIALES Y PERSONALES",GASTOS,INVERSION,ADQUISICION DE BIENES Y SERVICIOS,ADQUISICIONES DIFERENTES DE ACTIVOS,ADQUISICION DE SERVICIOS,"SERVICIOS PARA LA COMUNIDAD, SOCIALES Y PERSONALES",No Aplica,No Aplica,No Aplica,No Aplica,VIGENCIA ACTUAL,ENTIDADES TERRITORIALES - ADMINISTRACION CENTRAL,SERVICIO DE APOYO FINANCIERO PARA LA GENERACION DE NUEVO CONOCIMIENTO,No Aplica,NO DEFINIDO,,,2022,Tercer Trimestre,,,,OTROS SERVICIOS DE LA ADMINISTRACION PUBLICA N C P,INGRESOS CORRIENTES DE LIBRE DESTINACION,,,,,,NO APLICA,,,,,,CON SITUACION DE FONDOS,NO APLICA,NO APLICA,7540000.0,7540000.0,7540000.0
9467379,20230301,218552585,Pupiales,2.2.2.02.02,PRESTAMOS,GASTOS,SERVICIO DE LA DEUDA PUBLICA,SERVICIO DE LA DEUDA PUBLICA INTERNA,INTERESES,PRESTAMOS,No Aplica,No Aplica,No Aplica,No Aplica,No Aplica,VIGENCIA ACTUAL,ENTIDADES TERRITORIALES - ADMINISTRACION CENTRAL,NO DEFINIDO,No Aplica,NO DEFINIDO,,,2023,Primer Trimestre,,,,NO DEFINIDO,NO DEFINIDO,,,,,,NO DEFINIDO,,,,,,NO DEFINIDO,NO DEFINIDO,NO DEFINIDO,15217635.0,15217635.0,15217635.0
9470005,20220901,218552585,Pupiales,2.3.2.02.01,MATERIALES Y SUMINISTROS,GASTOS,INVERSION,ADQUISICION DE BIENES Y SERVICIOS,ADQUISICIONES DIFERENTES DE ACTIVOS,MATERIALES Y SUMINISTROS,No Aplica,No Aplica,No Aplica,No Aplica,No Aplica,VIGENCIA ACTUAL,ENTIDADES TERRITORIALES - ADMINISTRACION CENTRAL,NO DEFINIDO,No Aplica,NO DEFINIDO,,,2022,Tercer Trimestre,,,,NO DEFINIDO,NO DEFINIDO,,,,,,NO DEFINIDO,,,,,,NO DEFINIDO,NO DEFINIDO,NO DEFINIDO,348708000.0,348707972.0,348707972.0
9472224,20210601,218552585,Pupiales,2.1.1,GASTOS DE PERSONAL,GASTOS,FUNCIONAMIENTO,GASTOS DE PERSONAL,No Aplica,No Aplica,No Aplica,No Aplica,No Aplica,No Aplica,No Aplica,VIGENCIA ACTUAL,ENTIDADES TERRITORIALES - ADMINISTRACION CENTRAL,NO DEFINIDO,No Aplica,NO DEFINIDO,,,2021,Segundo Trimestre,,,,NO DEFINIDO,NO DEFINIDO,,,,,,NO DEFINIDO,,,,,,NO DEFINIDO,NO DEFINIDO,NO DEFINIDO,400628655.0,400628655.0,400628655.0
9472737,20210301,218552585,Pupiales,2.3.1.01,PLANTA DE PERSONAL PERMANENTE,GASTOS,INVERSION,GASTOS DE PERSONAL,PLANTA DE PERSONAL PERMANENTE,No Aplica,No Aplica,No Aplica,No Aplica,No Aplica,No Aplica,VIGENCIA ACTUAL,ENTIDADES TERRITORIALES - ADMINISTRACION CENTRAL,NO DEFINIDO,No Aplica,NO DEFINIDO,,,2021,Primer Trimestre,,,,NO DEFINIDO,NO DEFINIDO,,,,,,NO DEFINIDO,,,,,,NO DEFINIDO,NO DEFINIDO,NO DEFINIDO,62764942.0,62764942.0,62764942.0
9476514,20211201,218552585,Pupiales,2,GASTOS,GASTOS,No Aplica,No Aplica,No Aplica,No Aplica,No Aplica,No Aplica,No Aplica,No Aplica,No Aplica,VIGENCIA ACTUAL,ENTIDADES TERRITORIALES - PERSONERIA,NO DEFINIDO,No Aplica,NO DEFINIDO,,,2021,Cuarto Trimestre,,,,NO DEFINIDO,NO DEFINIDO,,,,,,NO DEFINIDO,,,,,,NO DEFINIDO,NO DEFINIDO,NO DEFINIDO,136278900.0,136278900.0,136278900.0
9477298,20220901,218552585,Pupiales,2.3.1.01.01.001.01,SUELDO BASICO,GASTOS,INVERSION,GASTOS DE PERSONAL,PLANTA DE PERSONAL PERMANENTE,FACTORES CONSTITUTIVOS DE SALARIO,FACTORES SALARIALES COMUNES,SUELDO BASICO,No Aplica,No Aplica,No Aplica,VIGENCIA ACTUAL,ENTIDADES TERRITORIALES - ADMINISTRACION CENTRAL,NO APLICA,No Aplica,NO DEFINIDO,,,2022,Tercer Trimestre,,,,NO APLICA,SGP-PROPOSITO GENERAL-PROPOSITO GENERAL LIBRE INVERSION,,,,,,NO APLICA,,,,,,CON SITUACION DE FONDOS,DIRECCION NACIONAL DEL TESORO MINISTERIO DE HACIENDA Y CREDITO PUBLICO,NO APLICA,123587408.0,123587408.0,123587408.0
9477793,20220901,218552585,Pupiales,2.3.1.01.03,REMUNERACIONES NO CONSTITUTIVAS DE FACTOR SALARIAL,GASTOS,INVERSION,GASTOS DE PERSONAL,PLANTA DE PERSONAL PERMANENTE,REMUNERACIONES NO CONSTITUTIVAS DE FACTOR SALARIAL,No Aplica,No Aplica,No Aplica,No Aplica,No Aplica,VIGENCIA ACTUAL,ENTIDADES TERRITORIALES - ADMINISTRACION CENTRAL,NO DEFINIDO,No Aplica,NO DEFINIDO,,,2022,Tercer Trimestre,,,,NO DEFINIDO,NO DEFINIDO,,,,,,NO DEFINIDO,,,,,,NO DEFINIDO,NO DEFINIDO,NO DEFINIDO,7410827.0,7410827.0,7410827.0
9478143,20230301,218552585,Pupiales,2.3.2.02.02,ADQUISICION DE SERVICIOS,GASTOS,INVERSION,ADQUISICION DE BIENES Y SERVICIOS,ADQUISICIONES DIFERENTES DE ACTIVOS,ADQUISICION DE SERVICIOS,No Aplica,No Aplica,No Aplica,No Aplica,No Aplica,VIGENCIA ACTUAL,ENTIDADES TERRITORIALES - ADMINISTRACION CENTRAL,NO DEFINIDO,No Aplica,NO DEFINIDO,,,2023,Primer Trimestre,,,,NO DEFINIDO,NO DEFINIDO,,,,,,NO DEFINIDO,,,,,,NO DEFINIDO,NO DEFINIDO,NO DEFINIDO,4045691526.0,3000062478.0,2742503873.0
9478580,20230601,218552585,Pupiales,2.3.2.02.02.009,"SERVICIOS PARA LA COMUNIDAD, SOCIALES Y PERSONALES",GASTOS,INVERSION,ADQUISICION DE BIENES Y SERVICIOS,ADQUISICIONES DIFERENTES DE ACTIVOS,ADQUISICION DE SERVICIOS,"SERVICIOS PARA LA COMUNIDAD, SOCIALES Y PERSONALES",No Aplica,No Aplica,No Aplica,No Aplica,CUENTAS POR PAGAR,ENTIDADES TERRITORIALES - ADMINISTRACION CENTRAL,NO APLICA,No Aplica,NO DEFINIDO,,,2023,Segundo Trimestre,,,,SERVICIOS DE LOS ORGANOS DE CONTROL Y OTRAS INSTITUCIONES,SGP-PROPOSITO GENERAL-PROPOSITO GENERAL LIBRE INVERSION,,,,,,NO APLICA,,,,,,CON SITUACION DE FONDOS,NO APLICA,NO APLICA,1047488.0,1047488.0,0.0
9481510,20220301,218552585,Pupiales,2.1.1.01.02.007,APORTES AL SENA,GASTOS,FUNCIONAMIENTO,GASTOS DE PERSONAL,PLANTA DE PERSONAL PERMANENTE,CONTRIBUCIONES INHERENTES A LA NOMINA,APORTES AL SENA,No Aplica,No Aplica,No Aplica,No Aplica,VIGENCIA ACTUAL,ENTIDADES TERRITORIALES - ADMINISTRACION CENTRAL,NO APLICA,No Aplica,NO DEFINIDO,,,2022,Primer Trimestre,,,,NO APLICA,INGRESOS CORRIENTES DE LIBRE DESTINACION,,,,,,NO APLICA,,,,,,CON SITUACION DE FONDOS,NO APLICA,NO APLICA,382218.0,382218.0,382218.0
9486193,20221201,218552585,Pupiales,2,GASTOS,GASTOS,No Aplica,No Aplica,No Aplica,No Aplica,No Aplica,No Aplica,No Aplica,No Aplica,No Aplica,VIGENCIA ACTUAL,ENTIDADES TERRITORIALES - PERSONERIA,NO DEFINIDO,No Aplica,NO DEFINIDO,,,2022,Cuarto Trimestre,,,,NO DEFINIDO,NO DEFINIDO,,,,,,NO DEFINIDO,,,,,,NO DEFINIDO,NO DEFINIDO,NO DEFINIDO,150000000.0,150000000.0,150000000.0
9486949,20210601,218552585,Pupiales,2.1.2.02.01,MATERIALES Y SUMINISTROS,GASTOS,FUNCIONAMIENTO,ADQUISICION DE BIENES Y SERVICIOS,ADQUISICIONES DIFERENTES DE ACTIVOS,MATERIALES Y SUMINISTROS,No Aplica,No Aplica,No Aplica,No Aplica,No Aplica,VIGENCIA ACTUAL,ENTIDADES TERRITORIALES - ADMINISTRACION CENTRAL,NO DEFINIDO,No Aplica,NO DEFINIDO,,,2021,Segundo Trimestre,,,,NO DEFINIDO,NO DEFINIDO,,,,,,NO DEFINIDO,,,,,,NO DEFINIDO,NO DEFINIDO,NO DEFINIDO,42493100.0,42493100.0,42493100.0
9487897,20220301,218552585,Pupiales,2,GASTOS,GASTOS,No Aplica,No Aplica,No Aplica,No Aplica,No Aplica,No Aplica,No Aplica,No Aplica,No Aplica,VIGENCIA ACTUAL,ENTIDADES TERRITORIALES - PERSONERIA,NO DEFINIDO,No Aplica,NO DEFINIDO,,,2022,Primer Trimestre,,,,NO DEFINIDO,NO DEFINIDO,,,,,,NO DEFINIDO,,,,,,NO DEFINIDO,NO DEFINIDO,NO DEFINIDO,32337805.0,32337805.0,32337805.0
9495530,20211201,218552585,Pupiales,2.3.2.02.02.009,"SERVICIOS PARA LA COMUNIDAD, SOCIALES Y PERSONALES",GASTOS,INVERSION,ADQUISICION DE BIENES Y SERVICIOS,ADQUISICIONES DIFERENTES DE ACTIVOS,ADQUISICION DE SERVICIOS,"SERVICIOS PARA LA COMUNIDAD, SOCIALES Y PERSONALES",No Aplica,No Aplica,No Aplica,No Aplica,VIGENCIA ACTUAL,ENTIDADES TERRITORIALES - ADMINISTRACION CENTRAL,"SERVICIO DE INSPECCION, VIGILANCIA Y CONTROL DE LOS FACTORES DEL RIESGO DEL AMBIENTE QUE AFECTAN LA SALUD HUMANA",2021525850017,NO DEFINIDO,,,2021,Cuarto Trimestre,,,,OTROS SERVICIOS DIVERSOS N C P,SGP-SALUD-SALUD PUBLICA,,,,,,NO APLICA,,,,,,CON SITUACION DE FONDOS,DIRECCION NACIONAL DEL TESORO MINISTERIO DE HACIENDA Y CREDITO PUBLICO,NO DEFINIDO,211044669.0,211044669.0,211044669.0
9498655,20230601,218552585,Pupiales,2.1.1.01.01,FACTORES CONSTITUTIVOS DE SALARIO,GASTOS,FUNCIONAMIENTO,GASTOS DE PERSONAL,PLANTA DE PERSONAL PERMANENTE,FACTORES CONSTITUTIVOS DE SALARIO,No Aplica,No Aplica,No Aplica,No Aplica,No Aplica,VIGENCIA ACTUAL,ENTIDADES TERRITORIALES - CONCEJO,NO DEFINIDO,No Aplica,NO DEFINIDO,,,2023,Segundo Trimestre,,,,NO DEFINIDO,NO DEFINIDO,,,,,,NO DEFINIDO,,,,,,NO DEFINIDO,NO DEFINIDO,NO DEFINIDO,21284234.0,21284234.0,21284234.0
9499849,20210301,218552585,Pupiales,2.3.2.01.01.001,EDIFICACIONES Y ESTRUCTURAS,GASTOS,INVERSION,ADQUISICION DE BIENES Y SERVICIOS,ADQUISICION DE ACTIVOS NO FINANCIEROS,ACTIVOS FIJOS,EDIFICACIONES Y ESTRUCTURAS,No Aplica,No Aplica,No Aplica,No Aplica,VIGENCIA ACTUAL,ENTIDADES TERRITORIALES - ADMINISTRACION CENTRAL,NO DEFINIDO,No Aplica,NO DEFINIDO,,,2021,Primer Trimestre,,,,NO DEFINIDO,NO DEFINIDO,,,,,,NO DEFINIDO,,,,,,NO DEFINIDO,NO DEFINIDO,NO DEFINIDO,83997071.0,7710000.0,5750000.0
9500097,20221201,218552585,Pupiales,2.1.3.14.05,APORTES VOLUNTARIOS,GASTOS,FUNCIONAMIENTO,TRANSFERENCIAS CORRIENTES,APORTES AL FONPET,APORTES VOLUNTARIOS,No Aplica,No Aplica,No Aplica,No Aplica,No Aplica,VIGENCIA ACTUAL,ENTIDADES TERRITORIALES - ADMINISTRACION CENTRAL,NO APLICA,No Aplica,NO DEFINIDO,,,2022,Cuarto Trimestre,,,,NO APLICA,SGP-PROPOSITO GENERAL-PROPOSITO GENERAL LIBRE INVERSION,,,,,,NO APLICA,,,,,,SIN SITUACION DE FONDOS,NO APLICA,NO APLICA,135334345.0,135334345.0,135334345.0
9507985,20220301,218552585,Pupiales,2.3.1.01.01.001.06,PRIMA DE SERVICIO,GASTOS,INVERSION,GASTOS DE PERSONAL,PLANTA DE PERSONAL PERMANENTE,FACTORES CONSTITUTIVOS DE SALARIO,FACTORES SALARIALES COMUNES,PRIMA DE SERVICIO,No Aplica,No Aplica,No Aplica,VIGENCIA ACTUAL,ENTIDADES TERRITORIALES - ADMINISTRACION CENTRAL,NO APLICA,No Aplica,NO DEFINIDO,,,2022,Primer Trimestre,,,,NO APLICA,SGP-PROPOSITO GENERAL-PROPOSITO GENERAL LIBRE INVERSION,,,,,,NO APLICA,,,,,,CON SITUACION DE FONDOS,DIRECCION NACIONAL DEL TESORO MINISTERIO DE HACIENDA Y CREDITO PUBLICO,NO APLICA,300818.0,300818.0,300818.0
9508502,20210901,218552585,Pupiales,2.1.2.02,ADQUISICIONES DIFERENTES DE ACTIVOS,GASTOS,FUNCIONAMIENTO,ADQUISICION DE BIENES Y SERVICIOS,ADQUISICIONES DIFERENTES DE ACTIVOS,No Aplica,No Aplica,No Aplica,No Aplica,No Aplica,No Aplica,VIGENCIA ACTUAL,ENTIDADES TERRITORIALES - ADMINISTRACION CENTRAL,NO DEFINIDO,No Aplica,NO DEFINIDO,,,2021,Tercer Trimestre,,,,NO DEFINIDO,NO DEFINIDO,,,,,,NO DEFINIDO,,,,,,NO DEFINIDO,NO DEFINIDO,NO DEFINIDO,677354467.0,487916821.0,487458386.0
9511510,20230601,218552585,Pupiales,2.3.1.01.01,FACTORES CONSTITUTIVOS DE SALARIO,GASTOS,INVERSION,GASTOS DE PERSONAL,PLANTA DE PERSONAL PERMANENTE,FACTORES CONSTITUTIVOS DE SALARIO,No Aplica,No Aplica,No Aplica,No Aplica,No Aplica,VIGENCIA ACTUAL,ENTIDADES TERRITORIALES - ADMINISTRACION CENTRAL,NO DEFINIDO,No Aplica,NO DEFINIDO,,,2023,Segundo Trimestre,,,,NO DEFINIDO,NO DEFINIDO,,,,,,NO DEFINIDO,,,,,,NO DEFINIDO,NO DEFINIDO,NO DEFINIDO,108750502.0,107814889.0,107814889.0
9515042,20230601,218552585,Pupiales,2.3.3.05.07,A ENTIDADES TERRITORIALES DISTINTAS DE COMPENSACIONES Y PARTICIPACIONES,GASTOS,INVERSION,TRANSFERENCIAS CORRIENTES,A ENTIDADES DEL GOBIERNO,A ENTIDADES TERRITORIALES DISTINTAS DE COMPENSACIONES Y PARTICIPACIONES,No Aplica,No Aplica,No Aplica,No Aplica,No Aplica,VIGENCIA ACTUAL,ENTIDADES TERRITORIALES - ADMINISTRACION CENTRAL,NO DEFINIDO,No Aplica,NO DEFINIDO,,,2023,Segundo Trimestre,,,,NO DEFINIDO,NO DEFINIDO,,,,,,NO DEFINIDO,,,,,,NO DEFINIDO,NO DEFINIDO,NO DEFINIDO,67204347.0,22663269.0,22663269.0
9519418,20221201,218552585,Pupiales,2.3.2.02.02.006,"COMERCIO Y DISTRIBUCION; ALOJAMIENTO; SERVICIOS DE SUMINISTRO DE COMIDAS Y BEBIDAS; SERVICIOS DE TRANSPORTE; Y SERVICIOS DE DISTRIBUCION DE ELECTRICIDAD, GAS Y AGUA",GASTOS,INVERSION,ADQUISICION DE BIENES Y SERVICIOS,ADQUISICIONES DIFERENTES DE ACTIVOS,ADQUISICION DE SERVICIOS,"COMERCIO Y DISTRIBUCION; ALOJAMIENTO; SERVICIOS DE SUMINISTRO DE COMIDAS Y BEBIDAS; SERVICIOS DE TRANSPORTE; Y SERVICIOS DE DISTRIBUCION DE ELECTRICIDAD, GAS Y AGUA",No Aplica,No Aplica,No Aplica,No Aplica,VIGENCIA ACTUAL,ENTIDADES TERRITORIALES - ADMINISTRACION CENTRAL,INFRAESTRUCTURA EDUCATIVA MANTENIDA,No Aplica,NO DEFINIDO,,,2022,Cuarto Trimestre,,,,OTROS SERVICIOS DE LA ADMINISTRACION PUBLICA N C P,SGP-EDUCACION-CALIDAD  POR MATRICULA OFICIAL,,,,,,NO APLICA,,,,,,CON SITUACION DE FONDOS,DIRECCION NACIONAL DEL TESORO MINISTERIO DE HACIENDA Y CREDITO PUBLICO,NO APLICA,170733430.0,170733430.0,170733430.0
9519618,20230301,218552585,Pupiales,2.3.2.02.02.009,"SERVICIOS PARA LA COMUNIDAD, SOCIALES Y PERSONALES",GASTOS,INVERSION,ADQUISICION DE BIENES Y SERVICIOS,ADQUISICIONES DIFERENTES DE ACTIVOS,ADQUISICION DE SERVICIOS,"SERVICIOS PARA LA COMUNIDAD, SOCIALES Y PERSONALES",No Aplica,No Aplica,No Aplica,No Aplica,VIGENCIA ACTUAL,ENTIDADES TERRITORIALES - ADMINISTRACION CENTRAL,SERVICIO DE PROMOCION DE ACTIVIDADES CULTURALES.,No Aplica,NO DEFINIDO,,,2023,Primer Trimestre,,,,OTROS SERVICIOS DE ARTES ESCENICAS EVENTOS CULTURALES Y DE ENTRETENIMIENTO EN VIVO,SGP-PROPOSITO GENERAL-CULTURA,,,,,,NO APLICA,,,,,,CON SITUACION DE FONDOS,NO APLICA,NO APLICA,10966958.0,10966958.0,8164145.0
9521210,20220901,218552585,Pupiales,2.1.2.02.02.007,SERVICIOS FINANCIEROS Y SERVICIOS CONEXOS; SERVICIOS INMOBILIARIOS; Y SERVICIOS DE ARRENDAMIENTO Y LEASING,GASTOS,FUNCIONAMIENTO,ADQUISICION DE BIENES Y SERVICIOS,ADQUISICIONES DIFERENTES DE ACTIVOS,ADQUISICION DE SERVICIOS,SERVICIOS FINANCIEROS Y SERVICIOS CONEXOS; SERVICIOS INMOBILIARIOS; Y SERVICIOS DE ARRENDAMIENTO Y LEASING,No Aplica,No Aplica,No Aplica,No Aplica,VIGENCIA ACTUAL,ENTIDADES TERRITORIALES - ADMINISTRACION CENTRAL,NO APLICA,No Aplica,NO DEFINIDO,,,2022,Tercer Trimestre,,,,OTROS SERVICIOS DE LA ADMINISTRACION PUBLICA N C P,INGRESOS CORRIENTES DE LIBRE DESTINACION,,,,,,NO APLICA,,,,,,CON SITUACION DE FONDOS,NO APLICA,NO APLICA,15650941.0,14082441.0,13989447.0
9521827,20210601,218552585,Pupiales,2.3.1.01.01.001.01,SUELDO BASICO,GASTOS,INVERSION,GASTOS DE PERSONAL,PLANTA DE PERSONAL PERMANENTE,FACTORES CONSTITUTIVOS DE SALARIO,FACTORES SALARIALES COMUNES,SUELDO BASICO,No Aplica,No Aplica,No Aplica,VIGENCIA ACTUAL,ENTIDADES TERRITORIALES - ADMINISTRACION CENTRAL,NO APLICA,No Aplica,NO DEFINIDO,,,2021,Segundo Trimestre,,,,NO APLICA,1.2.4.3.03 - SGP-PROPOSITO GENERAL-PROPOSITO GENERAL LIBRE INVERSION,,,,,,NO APLICA,,,,,,CON SITUACION DE FONDOS,DIRECCION NACIONAL DEL TESORO MINISTERIO DE HACIENDA Y CREDITO PUBLICO,NO DEFINIDO,80359259.0,80359259.0,80359259.0
9523044,20221201,218552585,Pupiales,2.1.1.01.02.002,APORTES A LA SEGURIDAD SOCIAL EN SALUD,GASTOS,FUNCIONAMIENTO,GASTOS DE PERSONAL,PLANTA DE PERSONAL PERMANENTE,CONTRIBUCIONES INHERENTES A LA NOMINA,APORTES A LA SEGURIDAD SOCIAL EN SALUD,No Aplica,No Aplica,No Aplica,No Aplica,VIGENCIA ACTUAL,ENTIDADES TERRITORIALES - ADMINISTRACION CENTRAL,NO APLICA,No Aplica,NO DEFINIDO,,,2022,Cuarto Trimestre,,,,NO APLICA,INGRESOS CORRIENTES DE LIBRE DESTINACION,,,,,,NO APLICA,,,,,,CON SITUACION DE FONDOS,NO APLICA,NO APLICA,63313521.0,63313521.0,63313521.0
9534150,20230601,218552585,Pupiales,2.3.2.02.02.009,"SERVICIOS PARA LA COMUNIDAD, SOCIALES Y PERSONALES",GASTOS,INVERSION,ADQUISICION DE BIENES Y SERVICIOS,ADQUISICIONES DIFERENTES DE ACTIVOS,ADQUISICION DE SERVICIOS,"SERVICIOS PARA LA COMUNIDAD, SOCIALES Y PERSONALES",No Aplica,No Aplica,No Aplica,No Aplica,VIGENCIA ACTUAL,ENTIDADES TERRITORIALES - ADMINISTRACION CENTRAL,SERVICIO DE APOYO FINANCIERO PARA PROYECTOS DE CONVIVENCIA Y SEGURIDAD CIUDADANA,No Aplica,NO DEFINIDO,,,2023,Segundo Trimestre,,,,SERVICIOS DE LOS ORGANOS DE CONTROL Y OTRAS INSTITUCIONES,CONTRIBUCION SOBRE CONTRATOS DE OBRA PUBLICA,,,,,,NO APLICA,,,,,,CON SITUACION DE FONDOS,NO APLICA,NO APLICA,13995400.0,13995400.0,13995400.0
9534906,20210901,218552585,Pupiales,2.3.1.01.02.004,APORTES A CAJAS DE COMPENSACION FAMILIAR,GASTOS,INVERSION,GASTOS DE PERSONAL,PLANTA DE PERSONAL PERMANENTE,CONTRIBUCIONES INHERENTES A LA NOMINA,APORTES A CAJAS DE COMPENSACION FAMILIAR,No Aplica,No Aplica,No Aplica,No Aplica,VIGENCIA ACTUAL,ENTIDADES TERRITORIALES - ADMINISTRACION CENTRAL,NO APLICA,No Aplica,NO DEFINIDO,,,2021,Tercer Trimestre,,,,NO APLICA,1.2.4.3.03 - SGP-PROPOSITO GENERAL-PROPOSITO GENERAL LIBRE INVERSION,,,,,,NO APLICA,,,,,,CON SITUACION DE FONDOS,DIRECCION NACIONAL DEL TESORO MINISTERIO DE HACIENDA Y CREDITO PUBLICO,NO DEFINIDO,5610078.0,5610078.0,5610078.0
9538910,20220301,218552585,Pupiales,2.1.1.01.01.001.08,PRESTACIONES SOCIALES,GASTOS,FUNCIONAMIENTO,GASTOS DE PERSONAL,PLANTA DE PERSONAL PERMANENTE,FACTORES CONSTITUTIVOS DE SALARIO,FACTORES SALARIALES COMUNES,PRESTACIONES SOCIALES,No Aplica,No Aplica,No Aplica,VIGENCIA ACTUAL,ENTIDADES TERRITORIALES - ADMINISTRACION CENTRAL,NO DEFINIDO,No Aplica,NO DEFINIDO,,,2022,Primer Trimestre,,,,NO DEFINIDO,NO DEFINIDO,,,,,,NO DEFINIDO,,,,,,NO DEFINIDO,NO DEFINIDO,NO DEFINIDO,4031197.0,4031197.0,4031197.0
9540439,20221201,218552585,Pupiales,2.1.1.01.01.001.04,SUBSIDIO DE ALIMENTACION,GASTOS,FUNCIONAMIENTO,GASTOS DE PERSONAL,PLANTA DE PERSONAL PERMANENTE,FACTORES CONSTITUTIVOS DE SALARIO,FACTORES SALARIALES COMUNES,SUBSIDIO DE ALIMENTACION,No Aplica,No Aplica,No Aplica,VIGENCIA ACTUAL,ENTIDADES TERRITORIALES - ADMINISTRACION CENTRAL,NO APLICA,No Aplica,NO DEFINIDO,,,2022,Cuarto Trimestre,,,,NO APLICA,INGRESOS CORRIENTES DE LIBRE DESTINACION,,,,,,NO APLICA,,,,,,CON SITUACION DE FONDOS,NO APLICA,NO APLICA,10067465.0,10067465.0,10067465.0
9543386,20210901,218552585,Pupiales,2.1.1,GASTOS DE PERSONAL,GASTOS,FUNCIONAMIENTO,GASTOS DE PERSONAL,No Aplica,No Aplica,No Aplica,No Aplica,No Aplica,No Aplica,No Aplica,VIGENCIA ACTUAL,ENTIDADES TERRITORIALES - ADMINISTRACION CENTRAL,NO DEFINIDO,No Aplica,NO DEFINIDO,,,2021,Tercer Trimestre,,,,NO DEFINIDO,NO DEFINIDO,,,,,,NO DEFINIDO,,,,,,NO DEFINIDO,NO DEFINIDO,NO DEFINIDO,641979502.0,641979502.0,639968126.0
9545254,20220301,218552585,Pupiales,2.1.1.01.01.001,FACTORES SALARIALES COMUNES,GASTOS,FUNCIONAMIENTO,GASTOS DE PERSONAL,PLANTA DE PERSONAL PERMANENTE,FACTORES CONSTITUTIVOS DE SALARIO,FACTORES SALARIALES COMUNES,No Aplica,No Aplica,No Aplica,No Aplica,VIGENCIA ACTUAL,ENTIDADES TERRITORIALES - ADMINISTRACION CENTRAL,NO DEFINIDO,No Aplica,NO DEFINIDO,,,2022,Primer Trimestre,,,,NO DEFINIDO,NO DEFINIDO,,,,,,NO DEFINIDO,,,,,,NO DEFINIDO,NO DEFINIDO,NO DEFINIDO,140652252.0,138484652.0,138484652.0
9549067,20210601,218552585,Pupiales,2.1.2.01.01.003.03,"MAQUINARIA DE OFICINA, CONTABILIDAD E INFORMATICA",GASTOS,FUNCIONAMIENTO,ADQUISICION DE BIENES Y SERVICIOS,ADQUISICION DE ACTIVOS NO FINANCIEROS,ACTIVOS FIJOS,MAQUINARIA Y EQUIPO,"MAQUINARIA DE OFICINA, CONTABILIDAD E INFORMATICA",No Aplica,No Aplica,No Aplica,VIGENCIA ACTUAL,ENTIDADES TERRITORIALES - ADMINISTRACION CENTRAL,NO DEFINIDO,No Aplica,NO DEFINIDO,,,2021,Segundo Trimestre,,,,NO DEFINIDO,NO DEFINIDO,,,,,,NO DEFINIDO,,,,,,NO DEFINIDO,NO DEFINIDO,NO DEFINIDO,23200000.0,23200000.0,23200000.0
9549487,20211201,218552585,Pupiales,2.3.1.01.01.001.01,SUELDO BASICO,GASTOS,INVERSION,GASTOS DE PERSONAL,PLANTA DE PERSONAL PERMANENTE,FACTORES CONSTITUTIVOS DE SALARIO,FACTORES SALARIALES COMUNES,SUELDO BASICO,No Aplica,No Aplica,No Aplica,VIGENCIA ACTUAL,ENTIDADES TERRITORIALES - ADMINISTRACION CENTRAL,NO APLICA,No Aplica,NO DEFINIDO,,,2021,Cuarto Trimestre,,,,NO APLICA,SGP-PROPOSITO GENERAL-PROPOSITO GENERAL LIBRE INVERSION,,,,,,NO APLICA,,,,,,CON SITUACION DE FONDOS,DIRECCION NACIONAL DEL TESORO MINISTERIO DE HACIENDA Y CREDITO PUBLICO,NO DEFINIDO,149120259.0,149120259.0,149120259.0
9550290,20230301,218552585,Pupiales,2.3.2.02.02.006,"COMERCIO Y DISTRIBUCION; ALOJAMIENTO; SERVICIOS DE SUMINISTRO DE COMIDAS Y BEBIDAS; SERVICIOS DE TRANSPORTE; Y SERVICIOS DE DISTRIBUCION DE ELECTRICIDAD, GAS Y AGUA",GASTOS,INVERSION,ADQUISICION DE BIENES Y SERVICIOS,ADQUISICIONES DIFERENTES DE ACTIVOS,ADQUISICION DE SERVICIOS,"COMERCIO Y DISTRIBUCION; ALOJAMIENTO; SERVICIOS DE SUMINISTRO DE COMIDAS Y BEBIDAS; SERVICIOS DE TRANSPORTE; Y SERVICIOS DE DISTRIBUCION DE ELECTRICIDAD, GAS Y AGUA",No Aplica,No Aplica,No Aplica,No Aplica,VIGENCIA ACTUAL,ENTIDADES TERRITORIALES - ADMINISTRACION CENTRAL,SEDES DOTADAS,No Aplica,NO DEFINIDO,,,2023,Primer Trimestre,,,,SERVICIOS DE DISTRIBUCION DE AGUA EXCEPTO POR TUBERIAS  POR CUENTA PROPIA,INGRESOS CORRIENTES DE LIBRE DESTINACION,,,,,,NO APLICA,,,,,,CON SITUACION DE FONDOS,NO APLICA,NO APLICA,307996.0,307996.0,307996.0
9552869,20220901,218552585,Pupiales,2.3.2.02.02.006,"COMERCIO Y DISTRIBUCION; ALOJAMIENTO; SERVICIOS DE SUMINISTRO DE COMIDAS Y BEBIDAS; SERVICIOS DE TRANSPORTE; Y SERVICIOS DE DISTRIBUCION DE ELECTRICIDAD, GAS Y AGUA",GASTOS,INVERSION,ADQUISICION DE BIENES Y SERVICIOS,ADQUISICIONES DIFERENTES DE ACTIVOS,ADQUISICION DE SERVICIOS,"COMERCIO Y DISTRIBUCION; ALOJAMIENTO; SERVICIOS DE SUMINISTRO DE COMIDAS Y BEBIDAS; SERVICIOS DE TRANSPORTE; Y SERVICIOS DE DISTRIBUCION DE ELECTRICIDAD, GAS Y AGUA",No Aplica,No Aplica,No Aplica,No Aplica,VIGENCIA ACTUAL,ENTIDADES TERRITORIALES - ADMINISTRACION CENTRAL,SERVICIO DE APOYO A LA PERMANENCIA CON TRANSPORTE ESCOLAR,No Aplica,NO DEFINIDO,,,2022,Tercer Trimestre,,,,OTROS SERVICIOS DE LA ADMINISTRACION PUBLICA N C P,SGP-EDUCACION-CALIDAD  POR MATRICULA OFICIAL,,,,,,NO APLICA,,,,,,CON SITUACION DE FONDOS,DIRECCION NACIONAL DEL TESORO MINISTERIO DE HACIENDA Y CREDITO PUBLICO,NO APLICA,128000000.0,28000000.0,28000000.0
9554941,20211201,218552585,Pupiales,2.2.2.02,INTERESES,GASTOS,SERVICIO DE LA DEUDA PUBLICA,SERVICIO DE LA DEUDA PUBLICA INTERNA,INTERESES,No Aplica,No Aplica,No Aplica,No Aplica,No Aplica,No Aplica,VIGENCIA ACTUAL,ENTIDADES TERRITORIALES - ADMINISTRACION CENTRAL,NO DEFINIDO,No Aplica,NO DEFINIDO,,,2021,Cuarto Trimestre,,,,NO DEFINIDO,NO DEFINIDO,,,,,,NO DEFINIDO,,,,,,NO DEFINIDO,NO DEFINIDO,NO DEFINIDO,54738225.0,54738225.0,54738225.0
9555320,20220301,218552585,Pupiales,2.1.2,ADQUISICION DE BIENES Y SERVICIOS,GASTOS,FUNCIONAMIENTO,ADQUISICION DE BIENES Y SERVICIOS,No Aplica,No Aplica,No Aplica,No Aplica,No Aplica,No Aplica,No Aplica,VIGENCIA ACTUAL,ENTIDADES TERRITORIALES - ADMINISTRACION CENTRAL,NO DEFINIDO,No Aplica,NO DEFINIDO,,,2022,Primer Trimestre,,,,NO DEFINIDO,NO DEFINIDO,,,,,,NO DEFINIDO,,,,,,NO DEFINIDO,NO DEFINIDO,NO DEFINIDO,471704275.0,142475675.0,142475675.0
9555870,20210301,218552585,Pupiales,2.2.2.01.02.002,ENTIDADES FINANCIERAS,GASTOS,SERVICIO DE LA DEUDA PUBLICA,SERVICIO DE LA DEUDA PUBLICA INTERNA,PRINCIPAL,PRESTAMOS,ENTIDADES FINANCIERAS,No Aplica,No Aplica,No Aplica,No Aplica,VIGENCIA ACTUAL,ENTIDADES TERRITORIALES - ADMINISTRACION CENTRAL,NO DEFINIDO,No Aplica,NO DEFINIDO,,,2021,Primer Trimestre,,,,NO DEFINIDO,NO DEFINIDO,,,,,,NO DEFINIDO,,,,,,NO DEFINIDO,NO DEFINIDO,NO DEFINIDO,31776378.0,31776378.0,31776378.0
9557300,20230301,218552585,Pupiales,2.3.2.02.02.009,"SERVICIOS PARA LA COMUNIDAD, SOCIALES Y PERSONALES",GASTOS,INVERSION,ADQUISICION DE BIENES Y SERVICIOS,ADQUISICIONES DIFERENTES DE ACTIVOS,ADQUISICION DE SERVICIOS,"SERVICIOS PARA LA COMUNIDAD, SOCIALES Y PERSONALES",No Aplica,No Aplica,No Aplica,No Aplica,RESERVAS,ENTIDADES TERRITORIALES - ADMINISTRACION CENTRAL,"SERVICIO DE APOYO FINANCIERO A LOS PLANES, PROGRAMAS Y PROYECTOS DE AGUA POTABLE Y SANEAMIENTO BASICO",No Aplica,NO DEFINIDO,,,2023,Primer Trimestre,,,,SERVICIOS DE LA ADMINISTRACION PUBLICA RELACIONADOS CON LA VIVIENDA E INFRAESTRUCTURA DE SERVICIOS PUBLICOS,SGP-AGUA POTABLE Y SANEAMIENTO BASICO,,,,,,NO APLICA,,,,,,CON SITUACION DE FONDOS,NO APLICA,NO APLICA,7766574.0,7766574.0,7766574.0
9558094,20210601,218552585,Pupiales,2.3.1.01.01.001.08.02,PRIMA DE VACACIONES,GASTOS,INVERSION,GASTOS DE PERSONAL,PLANTA DE PERSONAL PERMANENTE,FACTORES CONSTITUTIVOS DE SALARIO,FACTORES SALARIALES COMUNES,PRESTACIONES SOCIALES,PRIMA DE VACACIONES,No Aplica,No Aplica,VIGENCIA ACTUAL,ENTIDADES TERRITORIALES - ADMINISTRACION CENTRAL,NO APLICA,No Aplica,NO DEFINIDO,,,2021,Segundo Trimestre,,,,NO APLICA,1.2.4.3.03 - SGP-PROPOSITO GENERAL-PROPOSITO GENERAL LIBRE INVERSION,,,,,,NO APLICA,,,,,,CON SITUACION DE FONDOS,DIRECCION NACIONAL DEL TESORO MINISTERIO DE HACIENDA Y CREDITO PUBLICO,NO DEFINIDO,2983556.0,2983556.0,2983556.0
9558124,20230601,218552585,Pupiales,2.3.2.02.02.009,"SERVICIOS PARA LA COMUNIDAD, SOCIALES Y PERSONALES",GASTOS,INVERSION,ADQUISICION DE BIENES Y SERVICIOS,ADQUISICIONES DIFERENTES DE ACTIVOS,ADQUISICION DE SERVICIOS,"SERVICIOS PARA LA COMUNIDAD, SOCIALES Y PERSONALES",No Aplica,No Aplica,No Aplica,No Aplica,VIGENCIA ACTUAL,ENTIDADES TERRITORIALES - ADMINISTRACION CENTRAL,SERVICIO DE FORTALECIMIENTO A CUERPOS DE BOMBEROS,No Aplica,NO DEFINIDO,,,2023,Segundo Trimestre,,,,OTROS SERVICIOS DIVERSOS N C P,SGP-PROPOSITO GENERAL-PROPOSITO GENERAL LIBRE INVERSION,,,,,,NO APLICA,,,,,,CON SITUACION DE FONDOS,NO APLICA,NO APLICA,10000000.0,10000000.0,10000000.0
9558355,20230301,218552585,Pupiales,2.3.2.02.02.009,"SERVICIOS PARA LA COMUNIDAD, SOCIALES Y PERSONALES",GASTOS,INVERSION,ADQUISICION DE BIENES Y SERVICIOS,ADQUISICIONES DIFERENTES DE ACTIVOS,ADQUISICION DE SERVICIOS,"SERVICIOS PARA LA COMUNIDAD, SOCIALES Y PERSONALES",No Aplica,No Aplica,No Aplica,No Aplica,VIGENCIA ACTUAL,ENTIDADES TERRITORIALES - ADMINISTRACION CENTRAL,VIA SECUNDARIA MEJORADA,No Aplica,NO DEFINIDO,,,2023,Primer Trimestre,,,,SERVICIOS DE LA ADMINISTRACION PUBLICA RELACIONADOS CON EL TRANSPORTE Y LAS COMUNICACIONES,SGP-PROPOSITO GENERAL-PROPOSITO GENERAL LIBRE INVERSION,,,,,,NO APLICA,,,,,,CON SITUACION DE FONDOS,NO APLICA,NO APLICA,126056983.0,103416462.0,80529189.0
9558679,20211201,218552585,Pupiales,2.2.2.02.02,PRESTAMOS,GASTOS,SERVICIO DE LA DEUDA PUBLICA,SERVICIO DE LA DEUDA PUBLICA INTERNA,INTERESES,PRESTAMOS,No Aplica,No Aplica,No Aplica,No Aplica,No Aplica,VIGENCIA ACTUAL,ENTIDADES TERRITORIALES - ADMINISTRACION CENTRAL,NO DEFINIDO,No Aplica,NO DEFINIDO,,,2021,Cuarto Trimestre,,,,NO DEFINIDO,NO DEFINIDO,,,,,,NO DEFINIDO,,,,,,NO DEFINIDO,NO DEFINIDO,NO DEFINIDO,54738225.0,54738225.0,54738225.0
9560480,20210301,218552585,Pupiales,2.2.2.01,PRINCIPAL,GASTOS,SERVICIO DE LA DEUDA PUBLICA,SERVICIO DE LA DEUDA PUBLICA INTERNA,PRINCIPAL,No Aplica,No Aplica,No Aplica,No Aplica,No Aplica,No Aplica,VIGENCIA ACTUAL,ENTIDADES TERRITORIALES - ADMINISTRACION CENTRAL,NO DEFINIDO,No Aplica,NO DEFINIDO,,,2021,Primer Trimestre,,,,NO DEFINIDO,NO DEFINIDO,,,,,,NO DEFINIDO,,,,,,NO DEFINIDO,NO DEFINIDO,NO DEFINIDO,31776378.0,31776378.0,31776378.0
9560802,20210901,218552585,Pupiales,2.1.1.01.01.001.01,SUELDO BASICO,GASTOS,FUNCIONAMIENTO,GASTOS DE PERSONAL,PLANTA DE PERSONAL PERMANENTE,FACTORES CONSTITUTIVOS DE SALARIO,FACTORES SALARIALES COMUNES,SUELDO BASICO,No Aplica,No Aplica,No Aplica,VIGENCIA ACTUAL,ENTIDADES TERRITORIALES - ADMINISTRACION CENTRAL,NO APLICA,No Aplica,NO DEFINIDO,,,2021,Tercer Trimestre,,,,NO APLICA,1.2.1.0.00 - INGRESOS CORRIENTES DE LIBRE DESTINACION,,,,,,NO APLICA,,,,,,CON SITUACION DE FONDOS,NO APLICA,NO DEFINIDO,342922788.0,342922788.0,340911412.0
9561392,20210601,218552585,Pupiales,2.1.1.01,PLANTA DE PERSONAL PERMANENTE,GASTOS,FUNCIONAMIENTO,GASTOS DE PERSONAL,PLANTA DE PERSONAL PERMANENTE,No Aplica,No Aplica,No Aplica,No Aplica,No Aplica,No Aplica,VIGENCIA ACTUAL,ENTIDADES TERRITORIALES - PERSONERIA,NO DEFINIDO,No Aplica,NO DEFINIDO,,,2021,Segundo Trimestre,,,,NO DEFINIDO,NO DEFINIDO,,,,,,NO DEFINIDO,,,,,,NO DEFINIDO,NO DEFINIDO,NO DEFINIDO,70610823.0,70610823.0,70610823.0
9561444,20210901,218552585,Pupiales,2.3.1.01.03,REMUNERACIONES NO CONSTITUTIVAS DE FACTOR SALARIAL,GASTOS,INVERSION,GASTOS DE PERSONAL,PLANTA DE PERSONAL PERMANENTE,REMUNERACIONES NO CONSTITUTIVAS DE FACTOR SALARIAL,No Aplica,No Aplica,No Aplica,No Aplica,No Aplica,VIGENCIA ACTUAL,ENTIDADES TERRITORIALES - ADMINISTRACION CENTRAL,NO DEFINIDO,No Aplica,NO DEFINIDO,,,2021,Tercer Trimestre,,,,NO DEFINIDO,NO DEFINIDO,,,,,,NO DEFINIDO,,,,,,NO DEFINIDO,NO DEFINIDO,NO DEFINIDO,8831446.0,8831446.0,8831446.0
9561529,20230601,218552585,Pupiales,2.2.2.02.02.002,ENTIDADES FINANCIERAS,GASTOS,SERVICIO DE LA DEUDA PUBLICA,SERVICIO DE LA DEUDA PUBLICA INTERNA,INTERESES,PRESTAMOS,ENTIDADES FINANCIERAS,No Aplica,No Aplica,No Aplica,No Aplica,VIGENCIA ACTUAL,ENTIDADES TERRITORIALES - ADMINISTRACION CENTRAL,NO DEFINIDO,No Aplica,NO DEFINIDO,,,2023,Segundo Trimestre,,,,NO DEFINIDO,NO DEFINIDO,,,,,,NO DEFINIDO,,,,,,NO DEFINIDO,NO DEFINIDO,NO DEFINIDO,103361644.0,103361644.0,103361644.0
9562181,20230301,218552585,Pupiales,2.2.2.02.02.002.02,BANCA COMERCIAL,GASTOS,SERVICIO DE LA DEUDA PUBLICA,SERVICIO DE LA DEUDA PUBLICA INTERNA,INTERESES,PRESTAMOS,ENTIDADES FINANCIERAS,BANCA COMERCIAL,No Aplica,No Aplica,No Aplica,VIGENCIA ACTUAL,ENTIDADES TERRITORIALES - ADMINISTRACION CENTRAL,NO DEFINIDO,No Aplica,NO DEFINIDO,,,2023,Primer Trimestre,,,,NO DEFINIDO,NO DEFINIDO,,,,,,NO DEFINIDO,,,,,,NO DEFINIDO,NO DEFINIDO,NO DEFINIDO,15217635.0,15217635.0,15217635.0
9562693,20220301,218552585,Pupiales,2.1.3.13.01,FALLOS NACIONALES,GASTOS,FUNCIONAMIENTO,TRANSFERENCIAS CORRIENTES,SENTENCIAS Y CONCILIACIONES,FALLOS NACIONALES,No Aplica,No Aplica,No Aplica,No Aplica,No Aplica,VIGENCIA ACTUAL,ENTIDADES TERRITORIALES - ADMINISTRACION CENTRAL,NO DEFINIDO,No Aplica,NO DEFINIDO,,,2022,Primer Trimestre,,,,NO DEFINIDO,NO DEFINIDO,,,,,,NO DEFINIDO,,,,,,NO DEFINIDO,NO DEFINIDO,NO DEFINIDO,13993200.0,13993200.0,13993200.0
9563369,20221201,218552585,Pupiales,2.1.1.01.02.003,APORTES DE CESANTIAS,GASTOS,FUNCIONAMIENTO,GASTOS DE PERSONAL,PLANTA DE PERSONAL PERMANENTE,CONTRIBUCIONES INHERENTES A LA NOMINA,APORTES DE CESANTIAS,No Aplica,No Aplica,No Aplica,No Aplica,VIGENCIA ACTUAL,ENTIDADES TERRITORIALES - ADMINISTRACION CENTRAL,NO APLICA,No Aplica,NO DEFINIDO,,,2022,Cuarto Trimestre,,,,NO APLICA,INGRESOS CORRIENTES DE LIBRE DESTINACION,,,,,,NO APLICA,,,,,,CON SITUACION DE FONDOS,NO APLICA,NO APLICA,124184780.0,124184780.0,82627311.0
9569787,20230601,218552585,Pupiales,2.3.3,TRANSFERENCIAS CORRIENTES,GASTOS,INVERSION,TRANSFERENCIAS CORRIENTES,No Aplica,No Aplica,No Aplica,No Aplica,No Aplica,No Aplica,No Aplica,VIGENCIA ACTUAL,ENTIDADES TERRITORIALES - ADMINISTRACION CENTRAL,NO DEFINIDO,No Aplica,NO DEFINIDO,,,2023,Segundo Trimestre,,,,NO DEFINIDO,NO DEFINIDO,,,,,,NO DEFINIDO,,,,,,NO DEFINIDO,NO DEFINIDO,NO DEFINIDO,417507784.0,372966706.0,372966706.0
9572024,20221201,218552585,Pupiales,2.3.2.02.02.009,"SERVICIOS PARA LA COMUNIDAD, SOCIALES Y PERSONALES",GASTOS,INVERSION,ADQUISICION DE BIENES Y SERVICIOS,ADQUISICIONES DIFERENTES DE ACTIVOS,ADQUISICION DE SERVICIOS,"SERVICIOS PARA LA COMUNIDAD, SOCIALES Y PERSONALES",No Aplica,No Aplica,No Aplica,No Aplica,VIGENCIA ACTUAL,ENTIDADES TERRITORIALES - ADMINISTRACION CENTRAL,SERVICIO DE DIVULGACION SOBRE EL SISTEMA GENERAL DE PENSIONES Y CAJAS DE COMPENSACION,No Aplica,NO DEFINIDO,,,2022,Cuarto Trimestre,,,,OTROS SERVICIOS DE LA ADMINISTRACION PUBLICA N C P,R.B. RETIROS FONPET,,,,,,NO APLICA,,,,,,CON SITUACION DE FONDOS,NO APLICA,NO APLICA,24000000.0,24000000.0,24000000.0
9574326,20211201,218552585,Pupiales,2.1.2.02,ADQUISICIONES DIFERENTES DE ACTIVOS,GASTOS,FUNCIONAMIENTO,ADQUISICION DE BIENES Y SERVICIOS,ADQUISICIONES DIFERENTES DE ACTIVOS,No Aplica,No Aplica,No Aplica,No Aplica,No Aplica,No Aplica,VIGENCIA ACTUAL,ENTIDADES TERRITORIALES - ADMINISTRACION CENTRAL,NO DEFINIDO,No Aplica,NO DEFINIDO,,,2021,Cuarto Trimestre,,,,NO DEFINIDO,NO DEFINIDO,,,,,,NO DEFINIDO,,,,,,NO DEFINIDO,NO DEFINIDO,NO DEFINIDO,781470366.0,781470366.0,779160366.0
9576038,20211201,218552585,Pupiales,2,GASTOS,GASTOS,No Aplica,No Aplica,No Aplica,No Aplica,No Aplica,No Aplica,No Aplica,No Aplica,No Aplica,VIGENCIA ACTUAL,ENTIDADES TERRITORIALES - ADMINISTRACION CENTRAL,NO DEFINIDO,No Aplica,NO DEFINIDO,,,2021,Cuarto Trimestre,,,,NO DEFINIDO,NO DEFINIDO,,,,,,NO DEFINIDO,,,,,,NO DEFINIDO,NO DEFINIDO,NO DEFINIDO,26911901893.0,25837836627.0,25452256813.0
9576284,20221201,218552585,Pupiales,2.3.1.01.01,FACTORES CONSTITUTIVOS DE SALARIO,GASTOS,INVERSION,GASTOS DE PERSONAL,PLANTA DE PERSONAL PERMANENTE,FACTORES CONSTITUTIVOS DE SALARIO,No Aplica,No Aplica,No Aplica,No Aplica,No Aplica,VIGENCIA ACTUAL,ENTIDADES TERRITORIALES - ADMINISTRACION CENTRAL,NO DEFINIDO,No Aplica,NO DEFINIDO,,,2022,Cuarto Trimestre,,,,NO DEFINIDO,NO DEFINIDO,,,,,,NO DEFINIDO,,,,,,NO DEFINIDO,NO DEFINIDO,NO DEFINIDO,220392593.0,220392593.0,220392593.0
9577053,20220301,218552585,Pupiales,2.3.2.02.02.009,"SERVICIOS PARA LA COMUNIDAD, SOCIALES Y PERSONALES",GASTOS,INVERSION,ADQUISICION DE BIENES Y SERVICIOS,ADQUISICIONES DIFERENTES DE ACTIVOS,ADQUISICION DE SERVICIOS,"SERVICIOS PARA LA COMUNIDAD, SOCIALES Y PERSONALES",No Aplica,No Aplica,No Aplica,No Aplica,VIGENCIA ACTUAL,ENTIDADES TERRITORIALES - ADMINISTRACION CENTRAL,SERVICIO DE PROMOCION DE ACTIVIDADES CULTURALES,No Aplica,NO DEFINIDO,,,2022,Primer Trimestre,,,,OTROS SERVICIOS ADMINISTRATIVOS DEL GOBIERNO N C P,SGP-PROPOSITO GENERAL-CULTURA,,,,,,NO APLICA,,,,,,CON SITUACION DE FONDOS,DIRECCION NACIONAL DEL TESORO MINISTERIO DE HACIENDA Y CREDITO PUBLICO,NO APLICA,55950633.0,55950633.0,55950633.0
9581202,20221201,218552585,Pupiales,2.1.2.02.02,ADQUISICION DE SERVICIOS,GASTOS,FUNCIONAMIENTO,ADQUISICION DE BIENES Y SERVICIOS,ADQUISICIONES DIFERENTES DE ACTIVOS,ADQUISICION DE SERVICIOS,No Aplica,No Aplica,No Aplica,No Aplica,No Aplica,VIGENCIA ACTUAL,ENTIDADES TERRITORIALES - ADMINISTRACION CENTRAL,NO DEFINIDO,No Aplica,NO DEFINIDO,,,2022,Cuarto Trimestre,,,,NO DEFINIDO,NO DEFINIDO,,,,,,NO DEFINIDO,,,,,,NO DEFINIDO,NO DEFINIDO,NO DEFINIDO,719951235.0,719951235.0,717751235.0
9582603,20221201,218552585,Pupiales,2.3,INVERSION,GASTOS,INVERSION,No Aplica,No Aplica,No Aplica,No Aplica,No Aplica,No Aplica,No Aplica,No Aplica,VIGENCIA ACTUAL,ENTIDADES TERRITORIALES - ADMINISTRACION CENTRAL,NO DEFINIDO,No Aplica,NO DEFINIDO,,,2022,Cuarto Trimestre,,,,NO DEFINIDO,NO DEFINIDO,,,,,,NO DEFINIDO,,,,,,NO DEFINIDO,NO DEFINIDO,NO DEFINIDO,25114796158.0,23974440365.0,23860124595.0
9587210,20220301,218552585,Pupiales,2.1.1.01.02.008,APORTES A LA ESAP,GASTOS,FUNCIONAMIENTO,GASTOS DE PERSONAL,PLANTA DE PERSONAL PERMANENTE,CONTRIBUCIONES INHERENTES A LA NOMINA,APORTES A LA ESAP,No Aplica,No Aplica,No Aplica,No Aplica,VIGENCIA ACTUAL,ENTIDADES TERRITORIALES - ADMINISTRACION CENTRAL,NO APLICA,No Aplica,NO DEFINIDO,,,2022,Primer Trimestre,,,,NO APLICA,INGRESOS CORRIENTES DE LIBRE DESTINACION,,,,,,NO APLICA,,,,,,CON SITUACION DE FONDOS,NO APLICA,NO APLICA,382218.0,382218.0,382218.0
9587350,20220301,218552585,Pupiales,2.3.2.02.02.006,"COMERCIO Y DISTRIBUCION; ALOJAMIENTO; SERVICIOS DE SUMINISTRO DE COMIDAS Y BEBIDAS; SERVICIOS DE TRANSPORTE; Y SERVICIOS DE DISTRIBUCION DE ELECTRICIDAD, GAS Y AGUA",GASTOS,INVERSION,ADQUISICION DE BIENES Y SERVICIOS,ADQUISICIONES DIFERENTES DE ACTIVOS,ADQUISICION DE SERVICIOS,"COMERCIO Y DISTRIBUCION; ALOJAMIENTO; SERVICIOS DE SUMINISTRO DE COMIDAS Y BEBIDAS; SERVICIOS DE TRANSPORTE; Y SERVICIOS DE DISTRIBUCION DE ELECTRICIDAD, GAS Y AGUA",No Aplica,No Aplica,No Aplica,No Aplica,VIGENCIA ACTUAL,ENTIDADES TERRITORIALES - ADMINISTRACION CENTRAL,SERVICIO DE APOYO A LA PERMANENCIA CON TRANSPORTE ESCOLAR,No Aplica,NO DEFINIDO,,,2022,Primer Trimestre,,,,OTROS SERVICIOS ADMINISTRATIVOS DEL GOBIERNO N C P,SGP-EDUCACION-CALIDAD  POR MATRICULA OFICIAL,,,,,,NO APLICA,,,,,,CON SITUACION DE FONDOS,DIRECCION NACIONAL DEL TESORO MINISTERIO DE HACIENDA Y CREDITO PUBLICO,NO APLICA,28000000.0,0.0,0.0
9589227,20220601,218552585,Pupiales,2.1.1.01.02.009,APORTES A ESCUELAS INDUSTRIALES E INSTITUTOS TECNICOS,GASTOS,FUNCIONAMIENTO,GASTOS DE PERSONAL,PLANTA DE PERSONAL PERMANENTE,CONTRIBUCIONES INHERENTES A LA NOMINA,APORTES A ESCUELAS INDUSTRIALES E INSTITUTOS TECNICOS,No Aplica,No Aplica,No Aplica,No Aplica,VIGENCIA ACTUAL,ENTIDADES TERRITORIALES - ADMINISTRACION CENTRAL,NO APLICA,No Aplica,NO DEFINIDO,,,2022,Segundo Trimestre,,,,NO APLICA,INGRESOS CORRIENTES DE LIBRE DESTINACION,,,,,,NO APLICA,,,,,,CON SITUACION DE FONDOS,NO APLICA,NO APLICA,1956346.0,1956346.0,1956346.0
9589720,20221201,218552585,Pupiales,2.1.3.05.04,PARTICIPACIONES DISTINTAS DEL SGP,GASTOS,FUNCIONAMIENTO,TRANSFERENCIAS CORRIENTES,A ENTIDADES DEL GOBIERNO,PARTICIPACIONES DISTINTAS DEL SGP,No Aplica,No Aplica,No Aplica,No Aplica,No Aplica,VIGENCIA ACTUAL,ENTIDADES TERRITORIALES - ADMINISTRACION CENTRAL,NO DEFINIDO,No Aplica,NO DEFINIDO,,,2022,Cuarto Trimestre,,,,NO DEFINIDO,NO DEFINIDO,,,,,,NO DEFINIDO,,,,,,NO DEFINIDO,NO DEFINIDO,NO DEFINIDO,61349586.0,61349586.0,55111163.0
9591132,20230301,218552585,Pupiales,2.1.8,"GASTOS POR TRIBUTOS, TASAS, CONTRIBUCIONES, MULTAS, SANCIONES E INTERESES DE MORA",GASTOS,FUNCIONAMIENTO,"GASTOS POR TRIBUTOS, TASAS, CONTRIBUCIONES, MULTAS, SANCIONES E INTERESES DE MORA",No Aplica,No Aplica,No Aplica,No Aplica,No Aplica,No Aplica,No Aplica,VIGENCIA ACTUAL,ENTIDADES TERRITORIALES - ADMINISTRACION CENTRAL,NO DEFINIDO,No Aplica,NO DEFINIDO,,,2023,Primer Trimestre,,,,NO DEFINIDO,NO DEFINIDO,,,,,,NO DEFINIDO,,,,,,NO DEFINIDO,NO DEFINIDO,NO DEFINIDO,1134617.0,1134617.0,1134617.0
9591908,20221201,218552585,Pupiales,2.3.1.01.02.009,APORTES A ESCUELAS INDUSTRIALES E INSTITUTOS TECNICOS,GASTOS,INVERSION,GASTOS DE PERSONAL,PLANTA DE PERSONAL PERMANENTE,CONTRIBUCIONES INHERENTES A LA NOMINA,APORTES A ESCUELAS INDUSTRIALES E INSTITUTOS TECNICOS,No Aplica,No Aplica,No Aplica,No Aplica,VIGENCIA ACTUAL,ENTIDADES TERRITORIALES - ADMINISTRACION CENTRAL,NO APLICA,No Aplica,NO DEFINIDO,,,2022,Cuarto Trimestre,,,,NO APLICA,INGRESOS CORRIENTES DE LIBRE DESTINACION,,,,,,NO APLICA,,,,,,CON SITUACION DE FONDOS,DIRECCION NACIONAL DEL TESORO MINISTERIO DE HACIENDA Y CREDITO PUBLICO,NO APLICA,1966135.0,1966135.0,1966135.0
9593197,20210601,218552585,Pupiales,2.3.1.01.03,REMUNERACIONES NO CONSTITUTIVAS DE FACTOR SALARIAL,GASTOS,INVERSION,GASTOS DE PERSONAL,PLANTA DE PERSONAL PERMANENTE,REMUNERACIONES NO CONSTITUTIVAS DE FACTOR SALARIAL,No Aplica,No Aplica,No Aplica,No Aplica,No Aplica,VIGENCIA ACTUAL,ENTIDADES TERRITORIALES - ADMINISTRACION CENTRAL,NO DEFINIDO,No Aplica,NO DEFINIDO,,,2021,Segundo Trimestre,,,,NO DEFINIDO,NO DEFINIDO,,,,,,NO DEFINIDO,,,,,,NO DEFINIDO,NO DEFINIDO,NO DEFINIDO,4790622.0,4790622.0,4790622.0
9595523,20230601,218552585,Pupiales,2.3.2.02.02.006,"COMERCIO Y DISTRIBUCION; ALOJAMIENTO; SERVICIOS DE SUMINISTRO DE COMIDAS Y BEBIDAS; SERVICIOS DE TRANSPORTE; Y SERVICIOS DE DISTRIBUCION DE ELECTRICIDAD, GAS Y AGUA",GASTOS,INVERSION,ADQUISICION DE BIENES Y SERVICIOS,ADQUISICIONES DIFERENTES DE ACTIVOS,ADQUISICION DE SERVICIOS,"COMERCIO Y DISTRIBUCION; ALOJAMIENTO; SERVICIOS DE SUMINISTRO DE COMIDAS Y BEBIDAS; SERVICIOS DE TRANSPORTE; Y SERVICIOS DE DISTRIBUCION DE ELECTRICIDAD, GAS Y AGUA",No Aplica,No Aplica,No Aplica,No Aplica,VIGENCIA ACTUAL,ENTIDADES TERRITORIALES - ADMINISTRACION CENTRAL,SERVICIOS CONEXOS A LA PRESTACION DEL SERVICIO EDUCATIVO OFICIAL,No Aplica,NO DEFINIDO,,,2023,Segundo Trimestre,,,,OTRO COMERCIO AL POR MENOR DE CAFE TE Y OTRAS ESPECIAS NO REALIZADOS EN ESTABLECIMIENTOS,SGP-EDUCACION-CALIDAD  POR MATRICULA OFICIAL,,,,,,NO APLICA,,,,,,CON SITUACION DE FONDOS,NO APLICA,NO APLICA,2632900.0,2632900.0,2632900.0
9596512,20211201,218552585,Pupiales,2.1.1.01.03.001,PRESTACIONES SOCIALES,GASTOS,FUNCIONAMIENTO,GASTOS DE PERSONAL,PLANTA DE PERSONAL PERMANENTE,REMUNERACIONES NO CONSTITUTIVAS DE FACTOR SALARIAL,PRESTACIONES SOCIALES,No Aplica,No Aplica,No Aplica,No Aplica,VIGENCIA ACTUAL,ENTIDADES TERRITORIALES - ADMINISTRACION CENTRAL,NO DEFINIDO,No Aplica,NO DEFINIDO,,,2021,Cuarto Trimestre,,,,NO DEFINIDO,NO DEFINIDO,,,,,,NO DEFINIDO,,,,,,NO DEFINIDO,NO DEFINIDO,NO DEFINIDO,37009512.0,37009512.0,37009512.0
9598596,20221201,218552585,Pupiales,2.3.3.01.02.004.03,SUBSIDIOS DE ASEO,GASTOS,INVERSION,TRANSFERENCIAS CORRIENTES,SUBVENCIONES,A EMPRESAS PUBLICAS NO FINANCIERAS,SUBVENCIONES PARA SERVICIOS PUBLICOS DOMICILIARIOS DE AGUA POTABLE Y SANEAMIENTO BASICO,SUBSIDIOS DE ASEO,No Aplica,No Aplica,No Aplica,VIGENCIA ACTUAL,ENTIDADES TERRITORIALES - ADMINISTRACION CENTRAL,SERVICIO DE APOYO FINANCIERO PARA SUBSIDIOS AL CONSUMO EN LOS SERVICIOS PUBLICOS DOMICILIARIOS,No Aplica,NO DEFINIDO,,,2022,Cuarto Trimestre,,,,NO APLICA,SGP-AGUA POTABLE Y SANEAMIENTO BASICO,,,,,,NO APLICA,,,,,,CON SITUACION DE FONDOS,DIRECCION NACIONAL DEL TESORO MINISTERIO DE HACIENDA Y CREDITO PUBLICO,NO APLICA,197216701.0,197216701.0,197216701.0
9598775,20220601,218552585,Pupiales,2.1.3,TRANSFERENCIAS CORRIENTES,GASTOS,FUNCIONAMIENTO,TRANSFERENCIAS CORRIENTES,No Aplica,No Aplica,No Aplica,No Aplica,No Aplica,No Aplica,No Aplica,VIGENCIA ACTUAL,ENTIDADES TERRITORIALES - ADMINISTRACION CENTRAL,NO DEFINIDO,No Aplica,NO DEFINIDO,,,2022,Segundo Trimestre,,,,NO DEFINIDO,NO DEFINIDO,,,,,,NO DEFINIDO,,,,,,NO DEFINIDO,NO DEFINIDO,NO DEFINIDO,45837390.0,45837390.0,45837390.0
9600849,20230601,218552585,Pupiales,2.3.2.01.01.001.03,OTRAS ESTRUCTURAS,GASTOS,INVERSION,ADQUISICION DE BIENES Y SERVICIOS,ADQUISICION DE ACTIVOS NO FINANCIEROS,ACTIVOS FIJOS,EDIFICACIONES Y ESTRUCTURAS,OTRAS ESTRUCTURAS,No Aplica,No Aplica,No Aplica,VIGENCIA ACTUAL,ENTIDADES TERRITORIALES - ADMINISTRACION CENTRAL,NO DEFINIDO,No Aplica,NO DEFINIDO,,,2023,Segundo Trimestre,,,,NO DEFINIDO,NO DEFINIDO,,,,,,NO DEFINIDO,,,,,,NO DEFINIDO,NO DEFINIDO,NO DEFINIDO,48377109.0,16188255.0,16188255.0
9605777,20210601,218552585,Pupiales,2.2.2.01.02.002,ENTIDADES FINANCIERAS,GASTOS,SERVICIO DE LA DEUDA PUBLICA,SERVICIO DE LA DEUDA PUBLICA INTERNA,PRINCIPAL,PRESTAMOS,ENTIDADES FINANCIERAS,No Aplica,No Aplica,No Aplica,No Aplica,VIGENCIA ACTUAL,ENTIDADES TERRITORIALES - ADMINISTRACION CENTRAL,NO DEFINIDO,No Aplica,NO DEFINIDO,,,2021,Segundo Trimestre,,,,NO DEFINIDO,NO DEFINIDO,,,,,,NO DEFINIDO,,,,,,NO DEFINIDO,NO DEFINIDO,NO DEFINIDO,63743244.0,63743244.0,63743244.0
9607659,20210901,218552585,Pupiales,2.3.2.01.01.003.02,MAQUINARIA PARA USOS ESPECIALES,GASTOS,INVERSION,ADQUISICION DE BIENES Y SERVICIOS,ADQUISICION DE ACTIVOS NO FINANCIEROS,ACTIVOS FIJOS,MAQUINARIA Y EQUIPO,MAQUINARIA PARA USOS ESPECIALES,No Aplica,No Aplica,No Aplica,VIGENCIA ACTUAL,ENTIDADES TERRITORIALES - ADMINISTRACION CENTRAL,NO DEFINIDO,No Aplica,NO DEFINIDO,,,2021,Tercer Trimestre,,,,NO DEFINIDO,NO DEFINIDO,,,,,,NO DEFINIDO,,,,,,NO DEFINIDO,NO DEFINIDO,NO DEFINIDO,1989000000.0,50000000.0,50000000.0
9609219,20210601,218552585,Pupiales,2.2.2.01,PRINCIPAL,GASTOS,SERVICIO DE LA DEUDA PUBLICA,SERVICIO DE LA DEUDA PUBLICA INTERNA,PRINCIPAL,No Aplica,No Aplica,No Aplica,No Aplica,No Aplica,No Aplica,VIGENCIA ACTUAL,ENTIDADES TERRITORIALES - ADMINISTRACION CENTRAL,NO DEFINIDO,No Aplica,NO DEFINIDO,,,2021,Segundo Trimestre,,,,NO DEFINIDO,NO DEFINIDO,,,,,,NO DEFINIDO,,,,,,NO DEFINIDO,NO DEFINIDO,NO DEFINIDO,63743244.0,63743244.0,63743244.0
9614548,20220901,218552585,Pupiales,2.1.2.02.01.003,"OTROS BIENES TRANSPORTABLES EXCEPTO PRODUCTOS METALICOS, MAQUINARIA Y EQUIPO",GASTOS,FUNCIONAMIENTO,ADQUISICION DE BIENES Y SERVICIOS,ADQUISICIONES DIFERENTES DE ACTIVOS,MATERIALES Y SUMINISTROS,"OTROS BIENES TRANSPORTABLES EXCEPTO PRODUCTOS METALICOS, MAQUINARIA Y EQUIPO",No Aplica,No Aplica,No Aplica,No Aplica,VIGENCIA ACTUAL,ENTIDADES TERRITORIALES - ADMINISTRACION CENTRAL,NO APLICA,No Aplica,NO DEFINIDO,,,2022,Tercer Trimestre,,,,OTROS SERVICIOS DE LA ADMINISTRACION PUBLICA N C P,INGRESOS CORRIENTES DE LIBRE DESTINACION,,,,,,NO APLICA,,,,,,CON SITUACION DE FONDOS,NO APLICA,NO APLICA,53604884.0,50890884.0,50890884.0
9614751,20220901,218552585,Pupiales,2.3.3.09.16,SOBRETASA BOMBERIL - CUERPOS DE BOMBEROS VOLUNTARIOS,GASTOS,INVERSION,TRANSFERENCIAS CORRIENTES,A INSTITUCIONES SIN ANIMO DE LUCRO QUE SIRVEN A LOS HOGARES,SOBRETASA BOMBERIL - CUERPOS DE BOMBEROS VOLUNTARIOS,No Aplica,No Aplica,No Aplica,No Aplica,No Aplica,VIGENCIA ACTUAL,ENTIDADES TERRITORIALES - ADMINISTRACION CENTRAL,SERVICIO DE ATENCION A EMERGENCIAS Y DESASTRES,No Aplica,NO DEFINIDO,,,2022,Tercer Trimestre,,,,NO APLICA,OTRAS TASAS Y DERECHOS ADMINISTRATIVOS CON DESTINACION ESPECIFICA LEGAL,,,,,,NO APLICA,,,,,,CON SITUACION DE FONDOS,NO APLICA,NO APLICA,17000000.0,10000000.0,10000000.0
9615811,20210901,218552585,Pupiales,2.3.1.01.03.001.01,VACACIONES,GASTOS,INVERSION,GASTOS DE PERSONAL,PLANTA DE PERSONAL PERMANENTE,REMUNERACIONES NO CONSTITUTIVAS DE FACTOR SALARIAL,PRESTACIONES SOCIALES,VACACIONES,No Aplica,No Aplica,No Aplica,VIGENCIA ACTUAL,ENTIDADES TERRITORIALES - ADMINISTRACION CENTRAL,NO APLICA,No Aplica,NO DEFINIDO,,,2021,Tercer Trimestre,,,,NO APLICA,1.2.4.3.03 - SGP-PROPOSITO GENERAL-PROPOSITO GENERAL LIBRE INVERSION,,,,,,NO APLICA,,,,,,CON SITUACION DE FONDOS,DIRECCION NACIONAL DEL TESORO MINISTERIO DE HACIENDA Y CREDITO PUBLICO,NO DEFINIDO,8219710.0,8219710.0,8219710.0
9617115,20220901,218552585,Pupiales,2.3.2.01.01.001.02,EDIFICACIONES DISTINTAS A VIVIENDAS,GASTOS,INVERSION,ADQUISICION DE BIENES Y SERVICIOS,ADQUISICION DE ACTIVOS NO FINANCIEROS,ACTIVOS FIJOS,EDIFICACIONES Y ESTRUCTURAS,EDIFICACIONES DISTINTAS A VIVIENDAS,No Aplica,No Aplica,No Aplica,VIGENCIA ACTUAL,ENTIDADES TERRITORIALES - ADMINISTRACION CENTRAL,NO DEFINIDO,No Aplica,NO DEFINIDO,,,2022,Tercer Trimestre,,,,NO DEFINIDO,NO DEFINIDO,,,,,,NO DEFINIDO,,,,,,NO DEFINIDO,NO DEFINIDO,NO DEFINIDO,78918736.0,22173840.0,22173840.0
9617784,20220901,218552585,Pupiales,2.3.1.01.02.009,APORTES A ESCUELAS INDUSTRIALES E INSTITUTOS TECNICOS,GASTOS,INVERSION,GASTOS DE PERSONAL,PLANTA DE PERSONAL PERMANENTE,CONTRIBUCIONES INHERENTES A LA NOMINA,APORTES A ESCUELAS INDUSTRIALES E INSTITUTOS TECNICOS,No Aplica,No Aplica,No Aplica,No Aplica,VIGENCIA ACTUAL,ENTIDADES TERRITORIALES - ADMINISTRACION CENTRAL,NO APLICA,No Aplica,NO DEFINIDO,,,2022,Tercer Trimestre,,,,NO APLICA,SGP-PROPOSITO GENERAL-PROPOSITO GENERAL LIBRE INVERSION,,,,,,NO APLICA,,,,,,CON SITUACION DE FONDOS,DIRECCION NACIONAL DEL TESORO MINISTERIO DE HACIENDA Y CREDITO PUBLICO,NO APLICA,1471762.0,1471762.0,1471762.0
9618211,20230301,218552585,Pupiales,2.3.2.02.02.009,"SERVICIOS PARA LA COMUNIDAD, SOCIALES Y PERSONALES",GASTOS,INVERSION,ADQUISICION DE BIENES Y SERVICIOS,ADQUISICIONES DIFERENTES DE ACTIVOS,ADQUISICION DE SERVICIOS,"SERVICIOS PARA LA COMUNIDAD, SOCIALES Y PERSONALES",No Aplica,No Aplica,No Aplica,No Aplica,VIGENCIA ACTUAL,ENTIDADES TERRITORIALES - ADMINISTRACION CENTRAL,SERVICIO DE APOYO FINANCIERO PARA EL ADULTO MAYOR4103065,No Aplica,NO DEFINIDO,,,2023,Primer Trimestre,,,,SERVICIOS GENERALES DE RECOLECCION DE OTROS DESECHOS,ESTAMPILLAS,,,,,,NO APLICA,,,,,,CON SITUACION DE FONDOS,NO APLICA,NO APLICA,2719022.0,2188051.0,1563088.0
9619975,20210901,218552585,Pupiales,2.1.1.01.02.001,APORTES A LA SEGURIDAD SOCIAL EN PENSIONES,GASTOS,FUNCIONAMIENTO,GASTOS DE PERSONAL,PLANTA DE PERSONAL PERMANENTE,CONTRIBUCIONES INHERENTES A LA NOMINA,APORTES A LA SEGURIDAD SOCIAL EN PENSIONES,No Aplica,No Aplica,No Aplica,No Aplica,VIGENCIA ACTUAL,ENTIDADES TERRITORIALES - ADMINISTRACION CENTRAL,NO APLICA,No Aplica,NO DEFINIDO,,,2021,Tercer Trimestre,,,,NO APLICA,1.2.1.0.00 - INGRESOS CORRIENTES DE LIBRE DESTINACION,,,,,,NO APLICA,,,,,,CON SITUACION DE FONDOS,NO APLICA,NO DEFINIDO,61559279.0,61559279.0,61559279.0
9620419,20220301,218552585,Pupiales,2.3.2.02.02.009,"SERVICIOS PARA LA COMUNIDAD, SOCIALES Y PERSONALES",GASTOS,INVERSION,ADQUISICION DE BIENES Y SERVICIOS,ADQUISICIONES DIFERENTES DE ACTIVOS,ADQUISICION DE SERVICIOS,"SERVICIOS PARA LA COMUNIDAD, SOCIALES Y PERSONALES",No Aplica,No Aplica,No Aplica,No Aplica,VIGENCIA ACTUAL,ENTIDADES TERRITORIALES - ADMINISTRACION CENTRAL,SERVICIO DE PROMOCION DE ACTIVIDADES CULTURALES.,2021525850021,NO DEFINIDO,,,2022,Primer Trimestre,,,,OTROS SERVICIOS ADMINISTRATIVOS DEL GOBIERNO N C P,ESTAMPILLAS,,,,,,NO APLICA,,,,,,CON SITUACION DE FONDOS,NO APLICA,NO APLICA,60000000.0,60000000.0,60000000.0
9620612,20220601,218552585,Pupiales,2.3,INVERSION,GASTOS,INVERSION,No Aplica,No Aplica,No Aplica,No Aplica,No Aplica,No Aplica,No Aplica,No Aplica,VIGENCIA ACTUAL,ENTIDADES TERRITORIALES - ADMINISTRACION CENTRAL,NO DEFINIDO,No Aplica,NO DEFINIDO,,,2022,Segundo Trimestre,,,,NO DEFINIDO,NO DEFINIDO,,,,,,NO DEFINIDO,,,,,,NO DEFINIDO,NO DEFINIDO,NO DEFINIDO,13389720770.0,11218053075.0,11218053075.0
9629908,20220601,218552585,Pupiales,2.3.2.01.01.001.03,OTRAS ESTRUCTURAS,GASTOS,INVERSION,ADQUISICION DE BIENES Y SERVICIOS,ADQUISICION DE ACTIVOS NO FINANCIEROS,ACTIVOS FIJOS,EDIFICACIONES Y ESTRUCTURAS,OTRAS ESTRUCTURAS,No Aplica,No Aplica,No Aplica,VIGENCIA ACTUAL,ENTIDADES TERRITORIALES - ADMINISTRACION CENTRAL,NO DEFINIDO,No Aplica,NO DEFINIDO,,,2022,Segundo Trimestre,,,,NO DEFINIDO,NO DEFINIDO,,,,,,NO DEFINIDO,,,,,,NO DEFINIDO,NO DEFINIDO,NO DEFINIDO,90782303.0,46851111.0,46851111.0
9631342,20220601,218552585,Pupiales,2.1.1.01.01.001.01,SUELDO BASICO,GASTOS,FUNCIONAMIENTO,GASTOS DE PERSONAL,PLANTA DE PERSONAL PERMANENTE,FACTORES CONSTITUTIVOS DE SALARIO,FACTORES SALARIALES COMUNES,SUELDO BASICO,No Aplica,No Aplica,No Aplica,VIGENCIA ACTUAL,ENTIDADES TERRITORIALES - CONCEJO,NO APLICA,No Aplica,NO DEFINIDO,,,2022,Segundo Trimestre,,,,NO APLICA,INGRESOS CORRIENTES DE LIBRE DESTINACION,,,,,,NO APLICA,,,,,,CON SITUACION DE FONDOS,NO APLICA,NO APLICA,20528003.0,20528003.0,20528003.0
9633436,20221201,218552585,Pupiales,2.1.1.01.01.001.01,SUELDO BASICO,GASTOS,FUNCIONAMIENTO,GASTOS DE PERSONAL,PLANTA DE PERSONAL PERMANENTE,FACTORES CONSTITUTIVOS DE SALARIO,FACTORES SALARIALES COMUNES,SUELDO BASICO,No Aplica,No Aplica,No Aplica,VIGENCIA ACTUAL,ENTIDADES TERRITORIALES - ADMINISTRACION CENTRAL,NO APLICA,No Aplica,NO DEFINIDO,,,2022,Cuarto Trimestre,,,,NO APLICA,INGRESOS CORRIENTES DE LIBRE DESTINACION,,,,,,NO APLICA,,,,,,CON SITUACION DE FONDOS,NO APLICA,NO APLICA,519341493.0,519341493.0,519341493.0
9635752,20221201,218552585,Pupiales,2.3.1.01.02.002,APORTES A LA SEGURIDAD SOCIAL EN SALUD,GASTOS,INVERSION,GASTOS DE PERSONAL,PLANTA DE PERSONAL PERMANENTE,CONTRIBUCIONES INHERENTES A LA NOMINA,APORTES A LA SEGURIDAD SOCIAL EN SALUD,No Aplica,No Aplica,No Aplica,No Aplica,VIGENCIA ACTUAL,ENTIDADES TERRITORIALES - ADMINISTRACION CENTRAL,NO APLICA,No Aplica,NO DEFINIDO,,,2022,Cuarto Trimestre,,,,NO APLICA,SGP-PROPOSITO GENERAL-PROPOSITO GENERAL LIBRE INVERSION,,,,,,NO APLICA,,,,,,CON SITUACION DE FONDOS,DIRECCION NACIONAL DEL TESORO MINISTERIO DE HACIENDA Y CREDITO PUBLICO,NO APLICA,14023921.0,14023921.0,14023921.0
9640389,20210901,218552585,Pupiales,2.3.1.01.01.001.07,BONIFICACION POR SERVICIOS PRESTADOS,GASTOS,INVERSION,GASTOS DE PERSONAL,PLANTA DE PERSONAL PERMANENTE,FACTORES CONSTITUTIVOS DE SALARIO,FACTORES SALARIALES COMUNES,BONIFICACION POR SERVICIOS PRESTADOS,No Aplica,No Aplica,No Aplica,VIGENCIA ACTUAL,ENTIDADES TERRITORIALES - ADMINISTRACION CENTRAL,NO APLICA,No Aplica,NO DEFINIDO,,,2021,Tercer Trimestre,,,,NO APLICA,1.2.4.3.03 - SGP-PROPOSITO GENERAL-PROPOSITO GENERAL LIBRE INVERSION,,,,,,NO APLICA,,,,,,CON SITUACION DE FONDOS,DIRECCION NACIONAL DEL TESORO MINISTERIO DE HACIENDA Y CREDITO PUBLICO,NO DEFINIDO,7090549.0,7090549.0,7090549.0
9644173,20230601,218552585,Pupiales,2.1.1.01.03.001,PRESTACIONES SOCIALES,GASTOS,FUNCIONAMIENTO,GASTOS DE PERSONAL,PLANTA DE PERSONAL PERMANENTE,REMUNERACIONES NO CONSTITUTIVAS DE FACTOR SALARIAL,PRESTACIONES SOCIALES,No Aplica,No Aplica,No Aplica,No Aplica,VIGENCIA ACTUAL,ENTIDADES TERRITORIALES - ADMINISTRACION CENTRAL,NO DEFINIDO,No Aplica,NO DEFINIDO,,,2023,Segundo Trimestre,,,,NO DEFINIDO,NO DEFINIDO,,,,,,NO DEFINIDO,,,,,,NO DEFINIDO,NO DEFINIDO,NO DEFINIDO,19458528.0,18247856.0,18247856.0
9645359,20221201,218552585,Pupiales,2.3.2.01.01.001.02,EDIFICACIONES DISTINTAS A VIVIENDAS,GASTOS,INVERSION,ADQUISICION DE BIENES Y SERVICIOS,ADQUISICION DE ACTIVOS NO FINANCIEROS,ACTIVOS FIJOS,EDIFICACIONES Y ESTRUCTURAS,EDIFICACIONES DISTINTAS A VIVIENDAS,No Aplica,No Aplica,No Aplica,VIGENCIA ACTUAL,ENTIDADES TERRITORIALES - ADMINISTRACION CENTRAL,NO DEFINIDO,No Aplica,NO DEFINIDO,,,2022,Cuarto Trimestre,,,,NO DEFINIDO,NO DEFINIDO,,,,,,NO DEFINIDO,,,,,,NO DEFINIDO,NO DEFINIDO,NO DEFINIDO,159943992.0,159943992.0,155443992.0
9646748,20220301,218552585,Pupiales,2.3.1.01.02.002,APORTES A LA SEGURIDAD SOCIAL EN SALUD,GASTOS,INVERSION,GASTOS DE PERSONAL,PLANTA DE PERSONAL PERMANENTE,CONTRIBUCIONES INHERENTES A LA NOMINA,APORTES A LA SEGURIDAD SOCIAL EN SALUD,No Aplica,No Aplica,No Aplica,No Aplica,VIGENCIA ACTUAL,ENTIDADES TERRITORIALES - ADMINISTRACION CENTRAL,NO APLICA,No Aplica,NO DEFINIDO,,,2022,Primer Trimestre,,,,NO APLICA,SGP-PROPOSITO GENERAL-PROPOSITO GENERAL LIBRE INVERSION,,,,,,NO APLICA,,,,,,CON SITUACION DE FONDOS,DIRECCION NACIONAL DEL TESORO MINISTERIO DE HACIENDA Y CREDITO PUBLICO,NO APLICA,2440196.0,2440196.0,2440196.0
9647538,20210901,218552585,Pupiales,2.3.1.01.03.001,PRESTACIONES SOCIALES,GASTOS,INVERSION,GASTOS DE PERSONAL,PLANTA DE PERSONAL PERMANENTE,REMUNERACIONES NO CONSTITUTIVAS DE FACTOR SALARIAL,PRESTACIONES SOCIALES,No Aplica,No Aplica,No Aplica,No Aplica,VIGENCIA ACTUAL,ENTIDADES TERRITORIALES - ADMINISTRACION CENTRAL,NO DEFINIDO,No Aplica,NO DEFINIDO,,,2021,Tercer Trimestre,,,,NO DEFINIDO,NO DEFINIDO,,,,,,NO DEFINIDO,,,,,,NO DEFINIDO,NO DEFINIDO,NO DEFINIDO,8831446.0,8831446.0,8831446.0
9649412,20221201,218552585,Pupiales,2.1.2.02,ADQUISICIONES DIFERENTES DE ACTIVOS,GASTOS,FUNCIONAMIENTO,ADQUISICION DE BIENES Y SERVICIOS,ADQUISICIONES DIFERENTES DE ACTIVOS,No Aplica,No Aplica,No Aplica,No Aplica,No Aplica,No Aplica,VIGENCIA ACTUAL,ENTIDADES TERRITORIALES - ADMINISTRACION CENTRAL,NO DEFINIDO,No Aplica,NO DEFINIDO,,,2022,Cuarto Trimestre,,,,NO DEFINIDO,NO DEFINIDO,,,,,,NO DEFINIDO,,,,,,NO DEFINIDO,NO DEFINIDO,NO DEFINIDO,773555119.0,773555119.0,771355119.0
9652302,20221201,218552585,Pupiales,2.3.2.02.02.005,CONSTRUCCION Y SERVICIOS DE LA CONSTRUCCION,GASTOS,INVERSION,ADQUISICION DE BIENES Y SERVICIOS,ADQUISICIONES DIFERENTES DE ACTIVOS,ADQUISICION DE SERVICIOS,CONSTRUCCION Y SERVICIOS DE LA CONSTRUCCION,No Aplica,No Aplica,No Aplica,No Aplica,VIGENCIA ACTUAL,ENTIDADES TERRITORIALES - ADMINISTRACION CENTRAL,PARQUES RECREATIVOS CONSTRUIDOS,No Aplica,NO DEFINIDO,,,2022,Cuarto Trimestre,,,,OTROS SERVICIOS DE LA ADMINISTRACION PUBLICA N C P,R.B. SGP-PROPOSITO GENERAL-DEPORTE Y RECREACION,,,,,,NO APLICA,,,,,,CON SITUACION DE FONDOS,NO APLICA,NO APLICA,19610142.0,19610142.0,19610142.0
9652405,20220601,218552585,Pupiales,2.1.2.02.02.007,SERVICIOS FINANCIEROS Y SERVICIOS CONEXOS; SERVICIOS INMOBILIARIOS; Y SERVICIOS DE ARRENDAMIENTO Y LEASING,GASTOS,FUNCIONAMIENTO,ADQUISICION DE BIENES Y SERVICIOS,ADQUISICIONES DIFERENTES DE ACTIVOS,ADQUISICION DE SERVICIOS,SERVICIOS FINANCIEROS Y SERVICIOS CONEXOS; SERVICIOS INMOBILIARIOS; Y SERVICIOS DE ARRENDAMIENTO Y LEASING,No Aplica,No Aplica,No Aplica,No Aplica,VIGENCIA ACTUAL,ENTIDADES TERRITORIALES - ADMINISTRACION CENTRAL,NO APLICA,No Aplica,NO DEFINIDO,,,2022,Segundo Trimestre,,,,OTROS SERVICIOS DIVERSOS N C P,INGRESOS CORRIENTES DE LIBRE DESTINACION,,,,,,NO APLICA,,,,,,CON SITUACION DE FONDOS,NO APLICA,NO APLICA,13940213.0,10150313.0,10089655.0
9652637,20220601,218552585,Pupiales,2.3.3.01.02.004.03,SUBSIDIOS DE ASEO,GASTOS,INVERSION,TRANSFERENCIAS CORRIENTES,SUBVENCIONES,A EMPRESAS PUBLICAS NO FINANCIERAS,SUBVENCIONES PARA SERVICIOS PUBLICOS DOMICILIARIOS DE AGUA POTABLE Y SANEAMIENTO BASICO,SUBSIDIOS DE ASEO,No Aplica,No Aplica,No Aplica,VIGENCIA ACTUAL,ENTIDADES TERRITORIALES - ADMINISTRACION CENTRAL,SERVICIO DE APOYO FINANCIERO PARA SUBSIDIOS AL CONSUMO EN LOS SERVICIOS PUBLICOS DOMICILIARIOS,2021525850015,NO DEFINIDO,,,2022,Segundo Trimestre,,,,NO APLICA,SGP-AGUA POTABLE Y SANEAMIENTO BASICO,,,,,,NO APLICA,,,,,,CON SITUACION DE FONDOS,DIRECCION NACIONAL DEL TESORO MINISTERIO DE HACIENDA Y CREDITO PUBLICO,NO APLICA,202352537.0,75890406.0,75890406.0
9654256,20210601,218552585,Pupiales,2.3.2.01.01,ACTIVOS FIJOS,GASTOS,INVERSION,ADQUISICION DE BIENES Y SERVICIOS,ADQUISICION DE ACTIVOS NO FINANCIEROS,ACTIVOS FIJOS,No Aplica,No Aplica,No Aplica,No Aplica,No Aplica,VIGENCIA ACTUAL,ENTIDADES TERRITORIALES - ADMINISTRACION CENTRAL,NO DEFINIDO,No Aplica,NO DEFINIDO,,,2021,Segundo Trimestre,,,,NO DEFINIDO,NO DEFINIDO,,,,,,NO DEFINIDO,,,,,,NO DEFINIDO,NO DEFINIDO,NO DEFINIDO,1997497071.0,70919976.0,46419976.0
9655992,20210301,218552585,Pupiales,2.1.1.01.02.004,APORTES A CAJAS DE COMPENSACION FAMILIAR,GASTOS,FUNCIONAMIENTO,GASTOS DE PERSONAL,PLANTA DE PERSONAL PERMANENTE,CONTRIBUCIONES INHERENTES A LA NOMINA,APORTES A CAJAS DE COMPENSACION FAMILIAR,No Aplica,No Aplica,No Aplica,No Aplica,VIGENCIA ACTUAL,ENTIDADES TERRITORIALES - ADMINISTRACION CENTRAL,NO APLICA,No Aplica,NO DEFINIDO,,,2021,Primer Trimestre,,,,NO APLICA,1.2.1.0.00 - INGRESOS CORRIENTES DE LIBRE DESTINACION,,,,,,NO APLICA,,,,,,CON SITUACION DE FONDOS,NO APLICA,NO DEFINIDO,3257867.0,3257867.0,3257867.0
9663471,20230601,218552585,Pupiales,2.3.2.01.01.001.02.11,INSTALACIONES RECREATIVAS,GASTOS,INVERSION,ADQUISICION DE BIENES Y SERVICIOS,ADQUISICION DE ACTIVOS NO FINANCIEROS,ACTIVOS FIJOS,EDIFICACIONES Y ESTRUCTURAS,EDIFICACIONES DISTINTAS A VIVIENDAS,INSTALACIONES RECREATIVAS,No Aplica,No Aplica,VIGENCIA ACTUAL,ENTIDADES TERRITORIALES - ADMINISTRACION CENTRAL,CANCHAS MULTIFUNCIONALES MANTENIDAS,No Aplica,NO DEFINIDO,,,2023,Segundo Trimestre,,,,NO APLICA,SGP-PROPOSITO GENERAL-DEPORTE Y RECREACION,,,,,,NO APLICA,,,,,,CON SITUACION DE FONDOS,E.S.P. EMPRESA DE SERVICIOS PUBLICOS VARIOS DE PUPIALES,NO APLICA,32480000.0,0.0,0.0
9664842,20210901,218552585,Pupiales,2.3.2.01,ADQUISICION DE ACTIVOS NO FINANCIEROS,GASTOS,INVERSION,ADQUISICION DE BIENES Y SERVICIOS,ADQUISICION DE ACTIVOS NO FINANCIEROS,No Aplica,No Aplica,No Aplica,No Aplica,No Aplica,No Aplica,VIGENCIA ACTUAL,ENTIDADES TERRITORIALES - ADMINISTRACION CENTRAL,NO DEFINIDO,No Aplica,NO DEFINIDO,,,2021,Tercer Trimestre,,,,NO DEFINIDO,NO DEFINIDO,,,,,,NO DEFINIDO,,,,,,NO DEFINIDO,NO DEFINIDO,NO DEFINIDO,2365557172.0,195096939.0,195096939.0
9665807,20211201,218552585,Pupiales,2.3.2.02.02.009,"SERVICIOS PARA LA COMUNIDAD, SOCIALES Y PERSONALES",GASTOS,INVERSION,ADQUISICION DE BIENES Y SERVICIOS,ADQUISICIONES DIFERENTES DE ACTIVOS,ADQUISICION DE SERVICIOS,"SERVICIOS PARA LA COMUNIDAD, SOCIALES Y PERSONALES",No Aplica,No Aplica,No Aplica,No Aplica,VIGENCIA ACTUAL,ENTIDADES TERRITORIALES - ADMINISTRACION CENTRAL,SERVICIO DE INTEGRACION DE LA OFERTA PUBLICA4599029,2021525850009,NO DEFINIDO,,,2021,Cuarto Trimestre,,,,OTROS SERVICIOS DIVERSOS N C P,SGP-PROPOSITO GENERAL-PROPOSITO GENERAL LIBRE INVERSION,,,,,,NO APLICA,,,,,,CON SITUACION DE FONDOS,DIRECCION NACIONAL DEL TESORO MINISTERIO DE HACIENDA Y CREDITO PUBLICO,NO DEFINIDO,101378417.0,85000000.0,85000000.0
9670290,20211201,218552585,Pupiales,2.3.2.02.02.009,"SERVICIOS PARA LA COMUNIDAD, SOCIALES Y PERSONALES",GASTOS,INVERSION,ADQUISICION DE BIENES Y SERVICIOS,ADQUISICIONES DIFERENTES DE ACTIVOS,ADQUISICION DE SERVICIOS,"SERVICIOS PARA LA COMUNIDAD, SOCIALES Y PERSONALES",No Aplica,No Aplica,No Aplica,No Aplica,VIGENCIA ACTUAL,ENTIDADES TERRITORIALES - ADMINISTRACION CENTRAL,"SERVICIO DE ANALISIS Y DIAGNOSTICO SANITARIO, FITOSANITARIO E INOCUIDAD",No Aplica,NO DEFINIDO,,,2021,Cuarto Trimestre,,,,OTROS SERVICIOS DIVERSOS N C P,SGP-PROPOSITO GENERAL-PROPOSITO GENERAL LIBRE INVERSION,,,,,,NO APLICA,,,,,,CON SITUACION DE FONDOS,DIRECCION NACIONAL DEL TESORO MINISTERIO DE HACIENDA Y CREDITO PUBLICO,NO DEFINIDO,7750000.0,7750000.0,7750000.0
9670406,20220301,218552585,Pupiales,2.3.2.01.01.001.03.02,"AUTOPISTAS, CARRETERAS, CALLES",GASTOS,INVERSION,ADQUISICION DE BIENES Y SERVICIOS,ADQUISICION DE ACTIVOS NO FINANCIEROS,ACTIVOS FIJOS,EDIFICACIONES Y ESTRUCTURAS,OTRAS ESTRUCTURAS,"AUTOPISTAS, CARRETERAS, CALLES",No Aplica,No Aplica,VIGENCIA ACTUAL,ENTIDADES TERRITORIALES - ADMINISTRACION CENTRAL,VIA SECUNDARIA CONSTRUIDA,2021525850007,NO DEFINIDO,,,2022,Primer Trimestre,,,,NO APLICA,SGP-PROPOSITO GENERAL-PROPOSITO GENERAL LIBRE INVERSION,,,,,,NO APLICA,,,,,,CON SITUACION DE FONDOS,DIRECCION NACIONAL DEL TESORO MINISTERIO DE HACIENDA Y CREDITO PUBLICO,NO APLICA,72306361.0,22306361.0,22306361.0
9670894,20211201,218552585,Pupiales,2.3.4.03,COMPENSACIONES DE CAPITAL,GASTOS,INVERSION,TRANSFERENCIAS DE CAPITAL,COMPENSACIONES DE CAPITAL,No Aplica,No Aplica,No Aplica,No Aplica,No Aplica,No Aplica,VIGENCIA ACTUAL,ENTIDADES TERRITORIALES - ADMINISTRACION CENTRAL,NO APLICA,No Aplica,NO DEFINIDO,,,2021,Cuarto Trimestre,,,,NO APLICA,R.B. SGP-PROPOSITO GENERAL-PROPOSITO GENERAL LIBRE INVERSION,,,,,,NO APLICA,,,,,,CON SITUACION DE FONDOS,DIRECCION NACIONAL DEL TESORO MINISTERIO DE HACIENDA Y CREDITO PUBLICO,NO DEFINIDO,82848445.0,82848445.0,82848445.0
9671330,20211201,218552585,Pupiales,2.1.1.01.03.006,HONORARIOS CONCEJALES,GASTOS,FUNCIONAMIENTO,GASTOS DE PERSONAL,PLANTA DE PERSONAL PERMANENTE,REMUNERACIONES NO CONSTITUTIVAS DE FACTOR SALARIAL,HONORARIOS CONCEJALES,No Aplica,No Aplica,No Aplica,No Aplica,VIGENCIA ACTUAL,ENTIDADES TERRITORIALES - CONCEJO,NO APLICA,No Aplica,NO DEFINIDO,,,2021,Cuarto Trimestre,,,,NO APLICA,INGRESOS CORRIENTES DE LIBRE DESTINACION,,,,,,NO APLICA,,,,,,CON SITUACION DE FONDOS,NO APLICA,NO DEFINIDO,171936816.0,171936816.0,171936816.0
9671431,20220901,218552585,Pupiales,2.3.2.02.02.009,"SERVICIOS PARA LA COMUNIDAD, SOCIALES Y PERSONALES",GASTOS,INVERSION,ADQUISICION DE BIENES Y SERVICIOS,ADQUISICIONES DIFERENTES DE ACTIVOS,ADQUISICION DE SERVICIOS,"SERVICIOS PARA LA COMUNIDAD, SOCIALES Y PERSONALES",No Aplica,No Aplica,No Aplica,No Aplica,VIGENCIA ACTUAL,ENTIDADES TERRITORIALES - ADMINISTRACION CENTRAL,SERVICIO DE PREPARACION DEPORTIVA,2021525850035,NO DEFINIDO,,,2022,Tercer Trimestre,,,,OTROS SERVICIOS DE LA ADMINISTRACION PUBLICA N C P,SGP-PROPOSITO GENERAL-DEPORTE Y RECREACION,,,,,,NO APLICA,,,,,,CON SITUACION DE FONDOS,DIRECCION NACIONAL DEL TESORO MINISTERIO DE HACIENDA Y CREDITO PUBLICO,NO APLICA,8525000.0,8525000.0,8525000.0
9673036,20211201,218552585,Pupiales,2.1.1.01.01.001,FACTORES SALARIALES COMUNES,GASTOS,FUNCIONAMIENTO,GASTOS DE PERSONAL,PLANTA DE PERSONAL PERMANENTE,FACTORES CONSTITUTIVOS DE SALARIO,FACTORES SALARIALES COMUNES,No Aplica,No Aplica,No Aplica,No Aplica,VIGENCIA ACTUAL,ENTIDADES TERRITORIALES - CONCEJO,NO DEFINIDO,No Aplica,NO DEFINIDO,,,2021,Cuarto Trimestre,,,,NO DEFINIDO,NO DEFINIDO,,,,,,NO DEFINIDO,,,,,,NO DEFINIDO,NO DEFINIDO,NO DEFINIDO,54511560.0,54511560.0,54511560.0
9677792,20220601,218552585,Pupiales,2.2.2.02.02.002.02.03,BANCA COMERCIAL,GASTOS,SERVICIO DE LA DEUDA PUBLICA,SERVICIO DE LA DEUDA PUBLICA INTERNA,INTERESES,PRESTAMOS,ENTIDADES FINANCIERAS,BANCA COMERCIAL,BANCA COMERCIAL,No Aplica,No Aplica,VIGENCIA ACTUAL,ENTIDADES TERRITORIALES - ADMINISTRACION CENTRAL,NO APLICA,No Aplica,NO DEFINIDO,,,2022,Segundo Trimestre,,,,NO APLICA,SGP-PROPOSITO GENERAL-PROPOSITO GENERAL LIBRE INVERSION,,,,,,NO APLICA,,,,,,CON SITUACION DE FONDOS,NO APLICA,NO APLICA,44348102.0,44348102.0,44348102.0
9677944,20221201,218552585,Pupiales,2.3.2.02.02.009,"SERVICIOS PARA LA COMUNIDAD, SOCIALES Y PERSONALES",GASTOS,INVERSION,ADQUISICION DE BIENES Y SERVICIOS,ADQUISICIONES DIFERENTES DE ACTIVOS,ADQUISICION DE SERVICIOS,"SERVICIOS PARA LA COMUNIDAD, SOCIALES Y PERSONALES",No Aplica,No Aplica,No Aplica,No Aplica,VIGENCIA ACTUAL,ENTIDADES TERRITORIALES - ADMINISTRACION CENTRAL,ACUEDUCTOS OPTIMIZADOS,No Aplica,NO DEFINIDO,,,2022,Cuarto Trimestre,,,,OTROS SERVICIOS DE LA ADMINISTRACION PUBLICA N C P,SGP-AGUA POTABLE Y SANEAMIENTO BASICO,,,,,,NO APLICA,,,,,,CON SITUACION DE FONDOS,DIRECCION NACIONAL DEL TESORO MINISTERIO DE HACIENDA Y CREDITO PUBLICO,NO APLICA,21905000.0,21905000.0,21905000.0
9679063,20210901,218552585,Pupiales,2.3.2,ADQUISICION DE BIENES Y SERVICIOS,GASTOS,INVERSION,ADQUISICION DE BIENES Y SERVICIOS,No Aplica,No Aplica,No Aplica,No Aplica,No Aplica,No Aplica,No Aplica,VIGENCIA ACTUAL,ENTIDADES TERRITORIALES - ADMINISTRACION CENTRAL,NO DEFINIDO,No Aplica,NO DEFINIDO,,,2021,Tercer Trimestre,,,,NO DEFINIDO,NO DEFINIDO,,,,,,NO DEFINIDO,,,,,,NO DEFINIDO,NO DEFINIDO,NO DEFINIDO,20060178370.0,16141305376.0,16103367694.0
9680243,20221201,218552585,Pupiales,2.3.2.02.02.009,"SERVICIOS PARA LA COMUNIDAD, SOCIALES Y PERSONALES",GASTOS,INVERSION,ADQUISICION DE BIENES Y SERVICIOS,ADQUISICIONES DIFERENTES DE ACTIVOS,ADQUISICION DE SERVICIOS,"SERVICIOS PARA LA COMUNIDAD, SOCIALES Y PERSONALES",No Aplica,No Aplica,No Aplica,No Aplica,VIGENCIA ACTUAL,ENTIDADES TERRITORIALES - ADMINISTRACION CENTRAL,TUNEL DE VIA SECUNDARIA REHABILITADO,No Aplica,NO DEFINIDO,,,2022,Cuarto Trimestre,,,,OTROS SERVICIOS DE LA ADMINISTRACION PUBLICA N C P,SGP-PROPOSITO GENERAL-PROPOSITO GENERAL LIBRE INVERSION,,,,,,NO APLICA,,,,,,CON SITUACION DE FONDOS,NO APLICA,NO APLICA,27997877.0,27997877.0,27997877.0
9689183,20221201,218552585,Pupiales,2.1.1.01.02.007,APORTES AL SENA,GASTOS,FUNCIONAMIENTO,GASTOS DE PERSONAL,PLANTA DE PERSONAL PERMANENTE,CONTRIBUCIONES INHERENTES A LA NOMINA,APORTES AL SENA,No Aplica,No Aplica,No Aplica,No Aplica,VIGENCIA ACTUAL,ENTIDADES TERRITORIALES - ADMINISTRACION CENTRAL,NO APLICA,No Aplica,NO DEFINIDO,,,2022,Cuarto Trimestre,,,,NO APLICA,"SGP-PROPOSITO GENERAL-LIBRE DESTINACION MUNICIPIOS CATEGORIAS 4, 5 Y 6",,,,,,NO APLICA,,,,,,CON SITUACION DE FONDOS,NO APLICA,NO APLICA,2672263.0,2672263.0,2672263.0
9689225,20220901,218552585,Pupiales,2.3.2.02.02.009,"SERVICIOS PARA LA COMUNIDAD, SOCIALES Y PERSONALES",GASTOS,INVERSION,ADQUISICION DE BIENES Y SERVICIOS,ADQUISICIONES DIFERENTES DE ACTIVOS,ADQUISICION DE SERVICIOS,"SERVICIOS PARA LA COMUNIDAD, SOCIALES Y PERSONALES",No Aplica,No Aplica,No Aplica,No Aplica,VIGENCIA ACTUAL,ENTIDADES TERRITORIALES - ADMINISTRACION CENTRAL,ACUEDUCTOS OPTIMIZADOS,No Aplica,NO DEFINIDO,,,2022,Tercer Trimestre,,,,OTROS SERVICIOS DE LA ADMINISTRACION PUBLICA N C P,SGP-AGUA POTABLE Y SANEAMIENTO BASICO,,,,,,NO APLICA,,,,,,CON SITUACION DE FONDOS,DIRECCION NACIONAL DEL TESORO MINISTERIO DE HACIENDA Y CREDITO PUBLICO,NO APLICA,21905000.0,21905000.0,21905000.0
9690361,20210601,218552585,Pupiales,2.3.2.02.01,MATERIALES Y SUMINISTROS,GASTOS,INVERSION,ADQUISICION DE BIENES Y SERVICIOS,ADQUISICIONES DIFERENTES DE ACTIVOS,MATERIALES Y SUMINISTROS,No Aplica,No Aplica,No Aplica,No Aplica,No Aplica,VIGENCIA ACTUAL,ENTIDADES TERRITORIALES - ADMINISTRACION CENTRAL,NO DEFINIDO,No Aplica,NO DEFINIDO,,,2021,Segundo Trimestre,,,,NO DEFINIDO,NO DEFINIDO,,,,,,NO DEFINIDO,,,,,,NO DEFINIDO,NO DEFINIDO,NO DEFINIDO,260000000.0,130000000.0,130000000.0
9690869,20211201,218552585,Pupiales,2.1.1.01.03.001.03,BONIFICACION ESPECIAL DE RECREACION,GASTOS,FUNCIONAMIENTO,GASTOS DE PERSONAL,PLANTA DE PERSONAL PERMANENTE,REMUNERACIONES NO CONSTITUTIVAS DE FACTOR SALARIAL,PRESTACIONES SOCIALES,BONIFICACION ESPECIAL DE RECREACION,No Aplica,No Aplica,No Aplica,VIGENCIA ACTUAL,ENTIDADES TERRITORIALES - ADMINISTRACION CENTRAL,NO APLICA,No Aplica,NO DEFINIDO,,,2021,Cuarto Trimestre,,,,NO APLICA,INGRESOS CORRIENTES DE LIBRE DESTINACION,,,,,,NO APLICA,,,,,,CON SITUACION DE FONDOS,NO APLICA,NO DEFINIDO,2116445.0,2116445.0,2116445.0
9691532,20220901,218552585,Pupiales,2.1.1,GASTOS DE PERSONAL,GASTOS,FUNCIONAMIENTO,GASTOS DE PERSONAL,No Aplica,No Aplica,No Aplica,No Aplica,No Aplica,No Aplica,No Aplica,VIGENCIA ACTUAL,ENTIDADES TERRITORIALES - PERSONERIA,NO DEFINIDO,No Aplica,NO DEFINIDO,,,2022,Tercer Trimestre,,,,NO DEFINIDO,NO DEFINIDO,,,,,,NO DEFINIDO,,,,,,NO DEFINIDO,NO DEFINIDO,NO DEFINIDO,97793337.0,97793337.0,97793337.0
9691602,20220301,218552585,Pupiales,2.1.1,GASTOS DE PERSONAL,GASTOS,FUNCIONAMIENTO,GASTOS DE PERSONAL,No Aplica,No Aplica,No Aplica,No Aplica,No Aplica,No Aplica,No Aplica,VIGENCIA ACTUAL,ENTIDADES TERRITORIALES - ADMINISTRACION CENTRAL,NO DEFINIDO,No Aplica,NO DEFINIDO,,,2022,Primer Trimestre,,,,NO DEFINIDO,NO DEFINIDO,,,,,,NO DEFINIDO,,,,,,NO DEFINIDO,NO DEFINIDO,NO DEFINIDO,227186461.0,225018861.0,225018861.0
9691952,20220301,218552585,Pupiales,2.3.1.01.02.004,APORTES A CAJAS DE COMPENSACION FAMILIAR,GASTOS,INVERSION,GASTOS DE PERSONAL,PLANTA DE PERSONAL PERMANENTE,CONTRIBUCIONES INHERENTES A LA NOMINA,APORTES A CAJAS DE COMPENSACION FAMILIAR,No Aplica,No Aplica,No Aplica,No Aplica,VIGENCIA ACTUAL,ENTIDADES TERRITORIALES - ADMINISTRACION CENTRAL,NO APLICA,No Aplica,NO DEFINIDO,,,2022,Primer Trimestre,,,,NO APLICA,SGP-PROPOSITO GENERAL-PROPOSITO GENERAL LIBRE INVERSION,,,,,,NO APLICA,,,,,,CON SITUACION DE FONDOS,DIRECCION NACIONAL DEL TESORO MINISTERIO DE HACIENDA Y CREDITO PUBLICO,NO APLICA,1325091.0,1325091.0,1325091.0
9694501,20230301,218552585,Pupiales,2.3.2.02.02.009,"SERVICIOS PARA LA COMUNIDAD, SOCIALES Y PERSONALES",GASTOS,INVERSION,ADQUISICION DE BIENES Y SERVICIOS,ADQUISICIONES DIFERENTES DE ACTIVOS,ADQUISICION DE SERVICIOS,"SERVICIOS PARA LA COMUNIDAD, SOCIALES Y PERSONALES",No Aplica,No Aplica,No Aplica,No Aplica,VIGENCIA ACTUAL,ENTIDADES TERRITORIALES - ADMINISTRACION CENTRAL,SERVICIO DE PROMOCION DE ACTIVIDADES CULTURALES.,No Aplica,NO DEFINIDO,,,2023,Primer Trimestre,,,,OTROS SERVICIOS DE ARTES ESCENICAS EVENTOS CULTURALES Y DE ENTRETENIMIENTO EN VIVO,ESTAMPILLAS,,,,,,NO APLICA,,,,,,CON SITUACION DE FONDOS,NO APLICA,NO APLICA,105033042.0,105033042.0,100796843.0
9698674,20230301,218552585,Pupiales,2.2.2.02.02.002.02.03,BANCA COMERCIAL,GASTOS,SERVICIO DE LA DEUDA PUBLICA,SERVICIO DE LA DEUDA PUBLICA INTERNA,INTERESES,PRESTAMOS,ENTIDADES FINANCIERAS,BANCA COMERCIAL,BANCA COMERCIAL,No Aplica,No Aplica,VIGENCIA ACTUAL,ENTIDADES TERRITORIALES - ADMINISTRACION CENTRAL,NO APLICA,No Aplica,NO DEFINIDO,,,2023,Primer Trimestre,,,,NO APLICA,SGP-PROPOSITO GENERAL-PROPOSITO GENERAL LIBRE INVERSION,,,,,,NO APLICA,,,,,,CON SITUACION DE FONDOS,BANCO AGRARIO DE COLOMBIA,NO APLICA,9098129.0,9098129.0,9098129.0
9700326,20220601,218552585,Pupiales,2.1.1.01.03.003,BONIFICACION DE DIRECCION PARA GOBERNADORES Y ALCALDES,GASTOS,FUNCIONAMIENTO,GASTOS DE PERSONAL,PLANTA DE PERSONAL PERMANENTE,REMUNERACIONES NO CONSTITUTIVAS DE FACTOR SALARIAL,BONIFICACION DE DIRECCION PARA GOBERNADORES Y ALCALDES,No Aplica,No Aplica,No Aplica,No Aplica,VIGENCIA ACTUAL,ENTIDADES TERRITORIALES - ADMINISTRACION CENTRAL,NO APLICA,No Aplica,NO DEFINIDO,,,2022,Segundo Trimestre,,,,NO APLICA,INGRESOS CORRIENTES DE LIBRE DESTINACION,,,,,,NO APLICA,,,,,,CON SITUACION DE FONDOS,NO APLICA,NO APLICA,11660983.0,11660983.0,11660983.0
9701767,20221201,218552585,Pupiales,2.3.2.02.02.009,"SERVICIOS PARA LA COMUNIDAD, SOCIALES Y PERSONALES",GASTOS,INVERSION,ADQUISICION DE BIENES Y SERVICIOS,ADQUISICIONES DIFERENTES DE ACTIVOS,ADQUISICION DE SERVICIOS,"SERVICIOS PARA LA COMUNIDAD, SOCIALES Y PERSONALES",No Aplica,No Aplica,No Aplica,No Aplica,VIGENCIA ACTUAL,ENTIDADES TERRITORIALES - ADMINISTRACION CENTRAL,SERVICIO DE APOYO FINANCIERO PARA LA GENERACION DE NUEVO CONOCIMIENTO,No Aplica,NO DEFINIDO,,,2022,Cuarto Trimestre,,,,OTROS SERVICIOS DE LA ADMINISTRACION PUBLICA N C P,INGRESOS CORRIENTES DE LIBRE DESTINACION,,,,,,NO APLICA,,,,,,CON SITUACION DE FONDOS,NO APLICA,NO APLICA,7540000.0,7540000.0,7540000.0
9704981,20220601,218552585,Pupiales,2.1.2.02.02.009,"SERVICIOS PARA LA COMUNIDAD, SOCIALES Y PERSONALES",GASTOS,FUNCIONAMIENTO,ADQUISICION DE BIENES Y SERVICIOS,ADQUISICIONES DIFERENTES DE ACTIVOS,ADQUISICION DE SERVICIOS,"SERVICIOS PARA LA COMUNIDAD, SOCIALES Y PERSONALES",No Aplica,No Aplica,No Aplica,No Aplica,VIGENCIA ACTUAL,ENTIDADES TERRITORIALES - ADMINISTRACION CENTRAL,NO APLICA,No Aplica,NO DEFINIDO,,,2022,Segundo Trimestre,,,,OTROS SERVICIOS DIVERSOS N C P,INGRESOS CORRIENTES DE LIBRE DESTINACION,,,,,,NO APLICA,,,,,,CON SITUACION DE FONDOS,NO APLICA,NO APLICA,475696989.0,360828489.0,360828489.0
9706732,20220601,218552585,Pupiales,2.3.2.02.02.009,"SERVICIOS PARA LA COMUNIDAD, SOCIALES Y PERSONALES",GASTOS,INVERSION,ADQUISICION DE BIENES Y SERVICIOS,ADQUISICIONES DIFERENTES DE ACTIVOS,ADQUISICION DE SERVICIOS,"SERVICIOS PARA LA COMUNIDAD, SOCIALES Y PERSONALES",No Aplica,No Aplica,No Aplica,No Aplica,VIGENCIA ACTUAL,ENTIDADES TERRITORIALES - ADMINISTRACION CENTRAL,SERVICIO DE ASISTENCIA TECNICA4503003,2021525850002,NO DEFINIDO,,,2022,Segundo Trimestre,,,,OTROS SERVICIOS DIVERSOS N C P,SGP-PROPOSITO GENERAL-PROPOSITO GENERAL LIBRE INVERSION,,,,,,NO APLICA,,,,,,CON SITUACION DE FONDOS,DIRECCION NACIONAL DEL TESORO MINISTERIO DE HACIENDA Y CREDITO PUBLICO,NO APLICA,20000000.0,16752941.0,16752941.0
9709030,20210901,218552585,Pupiales,2.1.1.01.01.001.08,PRESTACIONES SOCIALES,GASTOS,FUNCIONAMIENTO,GASTOS DE PERSONAL,PLANTA DE PERSONAL PERMANENTE,FACTORES CONSTITUTIVOS DE SALARIO,FACTORES SALARIALES COMUNES,PRESTACIONES SOCIALES,No Aplica,No Aplica,No Aplica,VIGENCIA ACTUAL,ENTIDADES TERRITORIALES - ADMINISTRACION CENTRAL,NO DEFINIDO,No Aplica,NO DEFINIDO,,,2021,Tercer Trimestre,,,,NO DEFINIDO,NO DEFINIDO,,,,,,NO DEFINIDO,,,,,,NO DEFINIDO,NO DEFINIDO,NO DEFINIDO,20551516.0,20551516.0,20551516.0
9721769,20211201,218552585,Pupiales,2.1.2.01.01.003.03.01,"MAQUINAS PARA OFICINA Y CONTABILIDAD, Y SUS PARTES Y ACCESORIOS",GASTOS,FUNCIONAMIENTO,ADQUISICION DE BIENES Y SERVICIOS,ADQUISICION DE ACTIVOS NO FINANCIEROS,ACTIVOS FIJOS,MAQUINARIA Y EQUIPO,"MAQUINARIA DE OFICINA, CONTABILIDAD E INFORMATICA","MAQUINAS PARA OFICINA Y CONTABILIDAD, Y SUS PARTES Y ACCESORIOS",No Aplica,No Aplica,VIGENCIA ACTUAL,ENTIDADES TERRITORIALES - ADMINISTRACION CENTRAL,NO APLICA,No Aplica,NO DEFINIDO,,,2021,Cuarto Trimestre,,,,NO APLICA,INGRESOS CORRIENTES DE LIBRE DESTINACION,,,,,,NO APLICA,,,,,,CON SITUACION DE FONDOS,NO APLICA,NO DEFINIDO,23200000.0,23200000.0,23200000.0
9722663,20230601,218552585,Pupiales,2.3.2.02.02,ADQUISICION DE SERVICIOS,GASTOS,INVERSION,ADQUISICION DE BIENES Y SERVICIOS,ADQUISICIONES DIFERENTES DE ACTIVOS,ADQUISICION DE SERVICIOS,No Aplica,No Aplica,No Aplica,No Aplica,No Aplica,RESERVAS,ENTIDADES TERRITORIALES - ADMINISTRACION CENTRAL,NO DEFINIDO,No Aplica,NO DEFINIDO,,,2023,Segundo Trimestre,,,,NO DEFINIDO,NO DEFINIDO,,,,,,NO DEFINIDO,,,,,,NO DEFINIDO,NO DEFINIDO,NO DEFINIDO,1039974172.0,702808827.0,702808827.0
9724003,20230601,218552585,Pupiales,2.1.1,GASTOS DE PERSONAL,GASTOS,FUNCIONAMIENTO,GASTOS DE PERSONAL,No Aplica,No Aplica,No Aplica,No Aplica,No Aplica,No Aplica,No Aplica,CUENTAS POR PAGAR,ENTIDADES TERRITORIALES - ADMINISTRACION CENTRAL,NO DEFINIDO,No Aplica,NO DEFINIDO,,,2023,Segundo Trimestre,,,,NO DEFINIDO,NO DEFINIDO,,,,,,NO DEFINIDO,,,,,,NO DEFINIDO,NO DEFINIDO,NO DEFINIDO,41557468.0,41557468.0,41557468.0
9730256,20220301,218552585,Pupiales,2.3.2.02.02,ADQUISICION DE SERVICIOS,GASTOS,INVERSION,ADQUISICION DE BIENES Y SERVICIOS,ADQUISICIONES DIFERENTES DE ACTIVOS,ADQUISICION DE SERVICIOS,No Aplica,No Aplica,No Aplica,No Aplica,No Aplica,VIGENCIA ACTUAL,ENTIDADES TERRITORIALES - ADMINISTRACION CENTRAL,NO DEFINIDO,No Aplica,NO DEFINIDO,,,2022,Primer Trimestre,,,,NO DEFINIDO,NO DEFINIDO,,,,,,NO DEFINIDO,,,,,,NO DEFINIDO,NO DEFINIDO,NO DEFINIDO,6060827131.0,5180779217.0,5180779217.0
9733110,20210601,218552585,Pupiales,2.3.1.01.02.008,APORTES A LA ESAP,GASTOS,INVERSION,GASTOS DE PERSONAL,PLANTA DE PERSONAL PERMANENTE,CONTRIBUCIONES INHERENTES A LA NOMINA,APORTES A LA ESAP,No Aplica,No Aplica,No Aplica,No Aplica,VIGENCIA ACTUAL,ENTIDADES TERRITORIALES - ADMINISTRACION CENTRAL,NO APLICA,No Aplica,NO DEFINIDO,,,2021,Segundo Trimestre,,,,NO APLICA,1.2.4.3.03 - SGP-PROPOSITO GENERAL-PROPOSITO GENERAL LIBRE INVERSION,,,,,,NO APLICA,,,,,,CON SITUACION DE FONDOS,DIRECCION NACIONAL DEL TESORO MINISTERIO DE HACIENDA Y CREDITO PUBLICO,NO DEFINIDO,487303.0,487303.0,487303.0
9736842,20210601,218552585,Pupiales,2.3.2.01.01.003,MAQUINARIA Y EQUIPO,GASTOS,INVERSION,ADQUISICION DE BIENES Y SERVICIOS,ADQUISICION DE ACTIVOS NO FINANCIEROS,ACTIVOS FIJOS,MAQUINARIA Y EQUIPO,No Aplica,No Aplica,No Aplica,No Aplica,VIGENCIA ACTUAL,ENTIDADES TERRITORIALES - ADMINISTRACION CENTRAL,NO DEFINIDO,No Aplica,NO DEFINIDO,,,2021,Segundo Trimestre,,,,NO DEFINIDO,NO DEFINIDO,,,,,,NO DEFINIDO,,,,,,NO DEFINIDO,NO DEFINIDO,NO DEFINIDO,1889000000.0,0.0,0.0
9738007,20210601,218552585,Pupiales,2.1.1.01.03.004,BONIFICACION DE GESTION TERRITORIAL PARA ALCALDES,GASTOS,FUNCIONAMIENTO,GASTOS DE PERSONAL,PLANTA DE PERSONAL PERMANENTE,REMUNERACIONES NO CONSTITUTIVAS DE FACTOR SALARIAL,BONIFICACION DE GESTION TERRITORIAL PARA ALCALDES,No Aplica,No Aplica,No Aplica,No Aplica,VIGENCIA ACTUAL,ENTIDADES TERRITORIALES - ADMINISTRACION CENTRAL,NO APLICA,No Aplica,NO DEFINIDO,,,2021,Segundo Trimestre,,,,NO APLICA,1.2.1.0.00 - INGRESOS CORRIENTES DE LIBRE DESTINACION,,,,,,NO APLICA,,,,,,CON SITUACION DE FONDOS,NO APLICA,NO DEFINIDO,3196230.0,3196230.0,3196230.0
9738618,20210301,218552585,Pupiales,2.1.1,GASTOS DE PERSONAL,GASTOS,FUNCIONAMIENTO,GASTOS DE PERSONAL,No Aplica,No Aplica,No Aplica,No Aplica,No Aplica,No Aplica,No Aplica,VIGENCIA ACTUAL,ENTIDADES TERRITORIALES - ADMINISTRACION CENTRAL,NO DEFINIDO,No Aplica,NO DEFINIDO,,,2021,Primer Trimestre,,,,NO DEFINIDO,NO DEFINIDO,,,,,,NO DEFINIDO,,,,,,NO DEFINIDO,NO DEFINIDO,NO DEFINIDO,167532741.0,167532741.0,167532741.0
9738659,20230601,218552585,Pupiales,2.3.1.01,PLANTA DE PERSONAL PERMANENTE,GASTOS,INVERSION,GASTOS DE PERSONAL,PLANTA DE PERSONAL PERMANENTE,No Aplica,No Aplica,No Aplica,No Aplica,No Aplica,No Aplica,VIGENCIA ACTUAL,ENTIDADES TERRITORIALES - ADMINISTRACION CENTRAL,NO DEFINIDO,No Aplica,NO DEFINIDO,,,2023,Segundo Trimestre,,,,NO DEFINIDO,NO DEFINIDO,,,,,,NO DEFINIDO,,,,,,NO DEFINIDO,NO DEFINIDO,NO DEFINIDO,133909572.0,131500353.0,131500353.0
9740126,20211201,218552585,Pupiales,2.3.4.03,COMPENSACIONES DE CAPITAL,GASTOS,INVERSION,TRANSFERENCIAS DE CAPITAL,COMPENSACIONES DE CAPITAL,No Aplica,No Aplica,No Aplica,No Aplica,No Aplica,No Aplica,VIGENCIA ACTUAL,ENTIDADES TERRITORIALES - ADMINISTRACION CENTRAL,SERVICIOS DE APOYO FINANCIERO PARA LA EJECUCION DE PROYECTOS DE ACUEDUCTOS Y ALCANTARILLADO,2021525850040,NO DEFINIDO,,,2021,Cuarto Trimestre,,,,NO APLICA,R.B. SGP-AGUA POTABLE Y SANEAMIENTO BASICO,,,,,,NO APLICA,,,,,,CON SITUACION DE FONDOS,DIRECCION NACIONAL DEL TESORO MINISTERIO DE HACIENDA Y CREDITO PUBLICO,NO DEFINIDO,15000000.0,15000000.0,15000000.0
9740211,20230301,218552585,Pupiales,2.1.3.05.04,PARTICIPACIONES DISTINTAS DEL SGP,GASTOS,FUNCIONAMIENTO,TRANSFERENCIAS CORRIENTES,A ENTIDADES DEL GOBIERNO,PARTICIPACIONES DISTINTAS DEL SGP,No Aplica,No Aplica,No Aplica,No Aplica,No Aplica,CUENTAS POR PAGAR,ENTIDADES TERRITORIALES - ADMINISTRACION CENTRAL,NO DEFINIDO,No Aplica,NO DEFINIDO,,,2023,Primer Trimestre,,,,NO DEFINIDO,NO DEFINIDO,,,,,,NO DEFINIDO,,,,,,NO DEFINIDO,NO DEFINIDO,NO DEFINIDO,481959.0,481959.0,481959.0
9744438,20210601,218552585,Pupiales,2.1.1.01.01.001.01,SUELDO BASICO,GASTOS,FUNCIONAMIENTO,GASTOS DE PERSONAL,PLANTA DE PERSONAL PERMANENTE,FACTORES CONSTITUTIVOS DE SALARIO,FACTORES SALARIALES COMUNES,SUELDO BASICO,No Aplica,No Aplica,No Aplica,VIGENCIA ACTUAL,ENTIDADES TERRITORIALES - ADMINISTRACION CENTRAL,NO APLICA,No Aplica,NO DEFINIDO,,,2021,Segundo Trimestre,,,,NO APLICA,1.2.1.0.00 - INGRESOS CORRIENTES DE LIBRE DESTINACION,,,,,,NO APLICA,,,,,,CON SITUACION DE FONDOS,NO APLICA,NO DEFINIDO,227283092.0,227283092.0,227283092.0
9749186,20210901,218552585,Pupiales,2.3.2.01.01.001.02,EDIFICACIONES DISTINTAS A VIVIENDAS,GASTOS,INVERSION,ADQUISICION DE BIENES Y SERVICIOS,ADQUISICION DE ACTIVOS NO FINANCIEROS,ACTIVOS FIJOS,EDIFICACIONES Y ESTRUCTURAS,EDIFICACIONES DISTINTAS A VIVIENDAS,No Aplica,No Aplica,No Aplica,VIGENCIA ACTUAL,ENTIDADES TERRITORIALES - ADMINISTRACION CENTRAL,NO DEFINIDO,No Aplica,NO DEFINIDO,,,2021,Tercer Trimestre,,,,NO DEFINIDO,NO DEFINIDO,,,,,,NO DEFINIDO,,,,,,NO DEFINIDO,NO DEFINIDO,NO DEFINIDO,38220000.0,22800000.0,22800000.0
9754215,20220301,218552585,Pupiales,2.2.2.02.02.002,ENTIDADES FINANCIERAS,GASTOS,SERVICIO DE LA DEUDA PUBLICA,SERVICIO DE LA DEUDA PUBLICA INTERNA,INTERESES,PRESTAMOS,ENTIDADES FINANCIERAS,No Aplica,No Aplica,No Aplica,No Aplica,VIGENCIA ACTUAL,ENTIDADES TERRITORIALES - ADMINISTRACION CENTRAL,NO DEFINIDO,No Aplica,NO DEFINIDO,,,2022,Primer Trimestre,,,,NO DEFINIDO,NO DEFINIDO,,,,,,NO DEFINIDO,,,,,,NO DEFINIDO,NO DEFINIDO,NO DEFINIDO,5580583.0,5580583.0,5580583.0
9754617,20230301,218552585,Pupiales,2.1,FUNCIONAMIENTO,GASTOS,FUNCIONAMIENTO,No Aplica,No Aplica,No Aplica,No Aplica,No Aplica,No Aplica,No Aplica,No Aplica,VIGENCIA ACTUAL,ENTIDADES TERRITORIALES - PERSONERIA,NO DEFINIDO,No Aplica,NO DEFINIDO,,,2023,Primer Trimestre,,,,NO DEFINIDO,NO DEFINIDO,,,,,,NO DEFINIDO,,,,,,NO DEFINIDO,NO DEFINIDO,NO DEFINIDO,43500000.0,43500000.0,29000000.0
9754956,20220301,218552585,Pupiales,2.3.2.01.01.001.03,OTRAS ESTRUCTURAS,GASTOS,INVERSION,ADQUISICION DE BIENES Y SERVICIOS,ADQUISICION DE ACTIVOS NO FINANCIEROS,ACTIVOS FIJOS,EDIFICACIONES Y ESTRUCTURAS,OTRAS ESTRUCTURAS,No Aplica,No Aplica,No Aplica,VIGENCIA ACTUAL,ENTIDADES TERRITORIALES - ADMINISTRACION CENTRAL,NO DEFINIDO,No Aplica,NO DEFINIDO,,,2022,Primer Trimestre,,,,NO DEFINIDO,NO DEFINIDO,,,,,,NO DEFINIDO,,,,,,NO DEFINIDO,NO DEFINIDO,NO DEFINIDO,72306361.0,22306361.0,22306361.0
9756503,20220601,218552585,Pupiales,2.3.2.02.02.009,"SERVICIOS PARA LA COMUNIDAD, SOCIALES Y PERSONALES",GASTOS,INVERSION,ADQUISICION DE BIENES Y SERVICIOS,ADQUISICIONES DIFERENTES DE ACTIVOS,ADQUISICION DE SERVICIOS,"SERVICIOS PARA LA COMUNIDAD, SOCIALES Y PERSONALES",No Aplica,No Aplica,No Aplica,No Aplica,VIGENCIA ACTUAL,ENTIDADES TERRITORIALES - ADMINISTRACION CENTRAL,VIA PRIMARIA MANTENIDA,No Aplica,NO DEFINIDO,,,2022,Segundo Trimestre,,,,OTROS SERVICIOS DIVERSOS N C P,SGP-PROPOSITO GENERAL-PROPOSITO GENERAL LIBRE INVERSION,,,,,,NO APLICA,,,,,,CON SITUACION DE FONDOS,NO APLICA,NO APLICA,27997877.0,13998939.0,13998939.0
9756749,20220301,218552585,Pupiales,2.1.1.01.01,FACTORES CONSTITUTIVOS DE SALARIO,GASTOS,FUNCIONAMIENTO,GASTOS DE PERSONAL,PLANTA DE PERSONAL PERMANENTE,FACTORES CONSTITUTIVOS DE SALARIO,No Aplica,No Aplica,No Aplica,No Aplica,No Aplica,VIGENCIA ACTUAL,ENTIDADES TERRITORIALES - PERSONERIA,NO DEFINIDO,No Aplica,NO DEFINIDO,,,2022,Primer Trimestre,,,,NO DEFINIDO,NO DEFINIDO,,,,,,NO DEFINIDO,,,,,,NO DEFINIDO,NO DEFINIDO,NO DEFINIDO,32337805.0,32337805.0,32337805.0
9758236,20211201,218552585,Pupiales,2.3.2.02.02.009,"SERVICIOS PARA LA COMUNIDAD, SOCIALES Y PERSONALES",GASTOS,INVERSION,ADQUISICION DE BIENES Y SERVICIOS,ADQUISICIONES DIFERENTES DE ACTIVOS,ADQUISICION DE SERVICIOS,"SERVICIOS PARA LA COMUNIDAD, SOCIALES Y PERSONALES",No Aplica,No Aplica,No Aplica,No Aplica,VIGENCIA ACTUAL,ENTIDADES TERRITORIALES - ADMINISTRACION CENTRAL,SERVICIO DE APOYO FINANCIERO PARA CREADORES Y GESTORES CULTURALES,No Aplica,NO DEFINIDO,,,2021,Cuarto Trimestre,,,,OTROS SERVICIOS DIVERSOS N C P,ESTAMPILLAS,,,,,,NO APLICA,,,,,,CON SITUACION DE FONDOS,NO APLICA,NO DEFINIDO,13627890.0,13627890.0,13627890.0
9760221,20230301,218552585,Pupiales,2.1.1.01.02.009,APORTES A ESCUELAS INDUSTRIALES E INSTITUTOS TECNICOS,GASTOS,FUNCIONAMIENTO,GASTOS DE PERSONAL,PLANTA DE PERSONAL PERMANENTE,CONTRIBUCIONES INHERENTES A LA NOMINA,APORTES A ESCUELAS INDUSTRIALES E INSTITUTOS TECNICOS,No Aplica,No Aplica,No Aplica,No Aplica,VIGENCIA ACTUAL,ENTIDADES TERRITORIALES - ADMINISTRACION CENTRAL,NO APLICA,No Aplica,NO DEFINIDO,,,2023,Primer Trimestre,,,,NO APLICA,"SGP-PROPOSITO GENERAL-LIBRE DESTINACION MUNICIPIOS CATEGORIAS 4, 5 Y 6",,,,,,NO APLICA,,,,,,CON SITUACION DE FONDOS,MINISTERIO DE EDUCACION NACIONAL,NO APLICA,786600.0,786600.0,524400.0
9761143,20211201,218552585,Pupiales,2.3.2.02.02.005,CONSTRUCCION Y SERVICIOS DE LA CONSTRUCCION,GASTOS,INVERSION,ADQUISICION DE BIENES Y SERVICIOS,ADQUISICIONES DIFERENTES DE ACTIVOS,ADQUISICION DE SERVICIOS,CONSTRUCCION Y SERVICIOS DE LA CONSTRUCCION,No Aplica,No Aplica,No Aplica,No Aplica,VIGENCIA ACTUAL,ENTIDADES TERRITORIALES - ADMINISTRACION CENTRAL,INFRAESTRUCTURA PARA EDUCACION INICIAL MEJORADA,No Aplica,NO DEFINIDO,,,2021,Cuarto Trimestre,,,,OTROS SERVICIOS DIVERSOS N C P,SGP-EDUCACION-CALIDAD  POR MATRICULA OFICIAL,,,,,,NO APLICA,,,,,,CON SITUACION DE FONDOS,DIRECCION NACIONAL DEL TESORO MINISTERIO DE HACIENDA Y CREDITO PUBLICO,NO DEFINIDO,73268000.0,73268000.0,73268000.0
9763885,20210301,218552585,Pupiales,2.1.1.01.02.007,APORTES AL SENA,GASTOS,FUNCIONAMIENTO,GASTOS DE PERSONAL,PLANTA DE PERSONAL PERMANENTE,CONTRIBUCIONES INHERENTES A LA NOMINA,APORTES AL SENA,No Aplica,No Aplica,No Aplica,No Aplica,VIGENCIA ACTUAL,ENTIDADES TERRITORIALES - ADMINISTRACION CENTRAL,NO APLICA,No Aplica,NO DEFINIDO,,,2021,Primer Trimestre,,,,NO APLICA,1.2.1.0.00 - INGRESOS CORRIENTES DE LIBRE DESTINACION,,,,,,NO APLICA,,,,,,CON SITUACION DE FONDOS,NO APLICA,NO DEFINIDO,373994.0,373994.0,373994.0
9768508,20230601,218552585,Pupiales,2.3.2.02.02.009,"SERVICIOS PARA LA COMUNIDAD, SOCIALES Y PERSONALES",GASTOS,INVERSION,ADQUISICION DE BIENES Y SERVICIOS,ADQUISICIONES DIFERENTES DE ACTIVOS,ADQUISICION DE SERVICIOS,"SERVICIOS PARA LA COMUNIDAD, SOCIALES Y PERSONALES",No Aplica,No Aplica,No Aplica,No Aplica,VIGENCIA ACTUAL,ENTIDADES TERRITORIALES - ADMINISTRACION CENTRAL,SERVICIO DE ATENCION INTEGRAL A LA PRIMERA INFANCIA,No Aplica,NO DEFINIDO,,,2023,Segundo Trimestre,,,,SERVICIOS DE LOS ORGANOS DE CONTROL Y OTRAS INSTITUCIONES,SGP-PROPOSITO GENERAL-PROPOSITO GENERAL LIBRE INVERSION,,,,,,NO APLICA,,,,,,CON SITUACION DE FONDOS,NO APLICA,NO APLICA,4000000.0,4000000.0,4000000.0
9768710,20221201,218552585,Pupiales,2.3.7.05.03,"PAGO DE DEFICIT FISCAL, DE PASIVO LABORAL Y PRESTACIONAL EN PROGRAMAS DE SANEAMIENTO FISCAL Y FINANCIERO",GASTOS,INVERSION,DISMINUCION DE PASIVOS,PROGRAMAS DE SANEAMIENTO FISCAL Y FINANCIERO,"PAGO DE DEFICIT FISCAL, DE PASIVO LABORAL Y PRESTACIONAL EN PROGRAMAS DE SANEAMIENTO FISCAL Y FINANCIERO",No Aplica,No Aplica,No Aplica,No Aplica,No Aplica,VIGENCIA ACTUAL,ENTIDADES TERRITORIALES - ADMINISTRACION CENTRAL,INFRAESTRUCTURA EDUCATIVA MEJORADA,No Aplica,NO DEFINIDO,,,2022,Cuarto Trimestre,,,,NO APLICA,SGP-EDUCACION-CALIDAD  POR MATRICULA OFICIAL,,,,,,NO APLICA,,,,,,CON SITUACION DE FONDOS,NO APLICA,NO APLICA,75077354.0,75077354.0,75077354.0
9771017,20230601,218552585,Pupiales,2.2.2.02,INTERESES,GASTOS,SERVICIO DE LA DEUDA PUBLICA,SERVICIO DE LA DEUDA PUBLICA INTERNA,INTERESES,No Aplica,No Aplica,No Aplica,No Aplica,No Aplica,No Aplica,VIGENCIA ACTUAL,ENTIDADES TERRITORIALES - ADMINISTRACION CENTRAL,NO DEFINIDO,No Aplica,NO DEFINIDO,,,2023,Segundo Trimestre,,,,NO DEFINIDO,NO DEFINIDO,,,,,,NO DEFINIDO,,,,,,NO DEFINIDO,NO DEFINIDO,NO DEFINIDO,103361644.0,103361644.0,103361644.0
9774643,20221201,218552585,Pupiales,2.3.3.05,A ENTIDADES DEL GOBIERNO,GASTOS,INVERSION,TRANSFERENCIAS CORRIENTES,A ENTIDADES DEL GOBIERNO,No Aplica,No Aplica,No Aplica,No Aplica,No Aplica,No Aplica,VIGENCIA ACTUAL,ENTIDADES TERRITORIALES - ADMINISTRACION CENTRAL,NO DEFINIDO,No Aplica,NO DEFINIDO,,,2022,Cuarto Trimestre,,,,NO DEFINIDO,NO DEFINIDO,,,,,,NO DEFINIDO,,,,,,NO DEFINIDO,NO DEFINIDO,NO DEFINIDO,250000048.0,250000048.0,250000048.0
9774767,20230601,218552585,Pupiales,2.1.1.01.02.003,APORTES DE CESANTIAS,GASTOS,FUNCIONAMIENTO,GASTOS DE PERSONAL,PLANTA DE PERSONAL PERMANENTE,CONTRIBUCIONES INHERENTES A LA NOMINA,APORTES DE CESANTIAS,No Aplica,No Aplica,No Aplica,No Aplica,CUENTAS POR PAGAR,ENTIDADES TERRITORIALES - ADMINISTRACION CENTRAL,NO APLICA,No Aplica,NO DEFINIDO,,,2023,Segundo Trimestre,,,,NO APLICA,INGRESOS CORRIENTES DE LIBRE DESTINACION,,,,,,NO APLICA,,,,,,CON SITUACION DE FONDOS,NO APLICA,NO APLICA,30130269.0,30130269.0,30130269.0
9775645,20230601,218552585,Pupiales,2.3.2.02.02,ADQUISICION DE SERVICIOS,GASTOS,INVERSION,ADQUISICION DE BIENES Y SERVICIOS,ADQUISICIONES DIFERENTES DE ACTIVOS,ADQUISICION DE SERVICIOS,No Aplica,No Aplica,No Aplica,No Aplica,No Aplica,CUENTAS POR PAGAR,ENTIDADES TERRITORIALES - ADMINISTRACION CENTRAL,NO DEFINIDO,No Aplica,NO DEFINIDO,,,2023,Segundo Trimestre,,,,NO DEFINIDO,NO DEFINIDO,,,,,,NO DEFINIDO,,,,,,NO DEFINIDO,NO DEFINIDO,NO DEFINIDO,57304710.0,57304710.0,46297222.0
9775810,20221201,218552585,Pupiales,2.3.1.01.01.001.06,PRIMA DE SERVICIO,GASTOS,INVERSION,GASTOS DE PERSONAL,PLANTA DE PERSONAL PERMANENTE,FACTORES CONSTITUTIVOS DE SALARIO,FACTORES SALARIALES COMUNES,PRIMA DE SERVICIO,No Aplica,No Aplica,No Aplica,VIGENCIA ACTUAL,ENTIDADES TERRITORIALES - ADMINISTRACION CENTRAL,NO APLICA,No Aplica,NO DEFINIDO,,,2022,Cuarto Trimestre,,,,NO APLICA,SGP-PROPOSITO GENERAL-PROPOSITO GENERAL LIBRE INVERSION,,,,,,NO APLICA,,,,,,CON SITUACION DE FONDOS,DIRECCION NACIONAL DEL TESORO MINISTERIO DE HACIENDA Y CREDITO PUBLICO,NO APLICA,8933432.0,8933432.0,8933432.0
9777694,20220901,218552585,Pupiales,2.2.2,SERVICIO DE LA DEUDA PUBLICA INTERNA,GASTOS,SERVICIO DE LA DEUDA PUBLICA,SERVICIO DE LA DEUDA PUBLICA INTERNA,No Aplica,No Aplica,No Aplica,No Aplica,No Aplica,No Aplica,No Aplica,VIGENCIA ACTUAL,ENTIDADES TERRITORIALES - ADMINISTRACION CENTRAL,NO DEFINIDO,No Aplica,NO DEFINIDO,,,2022,Tercer Trimestre,,,,NO DEFINIDO,NO DEFINIDO,,,,,,NO DEFINIDO,,,,,,NO DEFINIDO,NO DEFINIDO,NO DEFINIDO,394825828.0,394825828.0,394825828.0
9784467,20210901,218552585,Pupiales,2.1.1.01.02.002,APORTES A LA SEGURIDAD SOCIAL EN SALUD,GASTOS,FUNCIONAMIENTO,GASTOS DE PERSONAL,PLANTA DE PERSONAL PERMANENTE,CONTRIBUCIONES INHERENTES A LA NOMINA,APORTES A LA SEGURIDAD SOCIAL EN SALUD,No Aplica,No Aplica,No Aplica,No Aplica,VIGENCIA ACTUAL,ENTIDADES TERRITORIALES - ADMINISTRACION CENTRAL,NO APLICA,No Aplica,NO DEFINIDO,,,2021,Tercer Trimestre,,,,NO APLICA,1.2.1.0.00 - INGRESOS CORRIENTES DE LIBRE DESTINACION,,,,,,NO APLICA,,,,,,CON SITUACION DE FONDOS,NO APLICA,NO DEFINIDO,43976661.0,43976661.0,43976661.0
9787780,20210601,218552585,Pupiales,2.3.1.01.01.001.07,BONIFICACION POR SERVICIOS PRESTADOS,GASTOS,INVERSION,GASTOS DE PERSONAL,PLANTA DE PERSONAL PERMANENTE,FACTORES CONSTITUTIVOS DE SALARIO,FACTORES SALARIALES COMUNES,BONIFICACION POR SERVICIOS PRESTADOS,No Aplica,No Aplica,No Aplica,VIGENCIA ACTUAL,ENTIDADES TERRITORIALES - ADMINISTRACION CENTRAL,NO APLICA,No Aplica,NO DEFINIDO,,,2021,Segundo Trimestre,,,,NO APLICA,1.2.4.3.03 - SGP-PROPOSITO GENERAL-PROPOSITO GENERAL LIBRE INVERSION,,,,,,NO APLICA,,,,,,CON SITUACION DE FONDOS,DIRECCION NACIONAL DEL TESORO MINISTERIO DE HACIENDA Y CREDITO PUBLICO,NO DEFINIDO,4623404.0,4623404.0,4623404.0
9789155,20230601,218552585,Pupiales,2.3.2.02.02.009,"SERVICIOS PARA LA COMUNIDAD, SOCIALES Y PERSONALES",GASTOS,INVERSION,ADQUISICION DE BIENES Y SERVICIOS,ADQUISICIONES DIFERENTES DE ACTIVOS,ADQUISICION DE SERVICIOS,"SERVICIOS PARA LA COMUNIDAD, SOCIALES Y PERSONALES",No Aplica,No Aplica,No Aplica,No Aplica,RESERVAS,ENTIDADES TERRITORIALES - ADMINISTRACION CENTRAL,NO APLICA,No Aplica,NO DEFINIDO,,,2023,Segundo Trimestre,,,,SERVICIOS DE LOS ORGANOS DE CONTROL Y OTRAS INSTITUCIONES,SGP-AGUA POTABLE Y SANEAMIENTO BASICO,,,,,,NO APLICA,,,,,,CON SITUACION DE FONDOS,E.S.P. EMPRESA DE SERVICIOS PUBLICOS VARIOS DE PUPIALES,NO APLICA,12800000.0,12800000.0,12800000.0
9791130,20211201,218552585,Pupiales,2.3.2.01.01.001.03,OTRAS ESTRUCTURAS,GASTOS,INVERSION,ADQUISICION DE BIENES Y SERVICIOS,ADQUISICION DE ACTIVOS NO FINANCIEROS,ACTIVOS FIJOS,EDIFICACIONES Y ESTRUCTURAS,OTRAS ESTRUCTURAS,No Aplica,No Aplica,No Aplica,VIGENCIA ACTUAL,ENTIDADES TERRITORIALES - ADMINISTRACION CENTRAL,NO DEFINIDO,No Aplica,NO DEFINIDO,,,2021,Cuarto Trimestre,,,,NO DEFINIDO,NO DEFINIDO,,,,,,NO DEFINIDO,,,,,,NO DEFINIDO,NO DEFINIDO,NO DEFINIDO,323615651.0,255618000.0,255618000.0
9796185,20210901,218552585,Pupiales,2.3.1.01.02.007,APORTES AL SENA,GASTOS,INVERSION,GASTOS DE PERSONAL,PLANTA DE PERSONAL PERMANENTE,CONTRIBUCIONES INHERENTES A LA NOMINA,APORTES AL SENA,No Aplica,No Aplica,No Aplica,No Aplica,VIGENCIA ACTUAL,ENTIDADES TERRITORIALES - ADMINISTRACION CENTRAL,NO APLICA,No Aplica,NO DEFINIDO,,,2021,Tercer Trimestre,,,,NO APLICA,1.2.4.3.03 - SGP-PROPOSITO GENERAL-PROPOSITO GENERAL LIBRE INVERSION,,,,,,NO APLICA,,,,,,CON SITUACION DE FONDOS,DIRECCION NACIONAL DEL TESORO MINISTERIO DE HACIENDA Y CREDITO PUBLICO,NO DEFINIDO,706821.0,706821.0,706821.0
9801016,20211201,218552585,Pupiales,2.3.2.02.02.009,"SERVICIOS PARA LA COMUNIDAD, SOCIALES Y PERSONALES",GASTOS,INVERSION,ADQUISICION DE BIENES Y SERVICIOS,ADQUISICIONES DIFERENTES DE ACTIVOS,ADQUISICION DE SERVICIOS,"SERVICIOS PARA LA COMUNIDAD, SOCIALES Y PERSONALES",No Aplica,No Aplica,No Aplica,No Aplica,VIGENCIA ACTUAL,ENTIDADES TERRITORIALES - ADMINISTRACION CENTRAL,"SERVICIO DE INSPECCION, VIGILANCIA Y CONTROL1903011",No Aplica,NO DEFINIDO,,,2021,Cuarto Trimestre,,,,OTROS SERVICIOS DIVERSOS N C P,SGP-SALUD-PRESTACION DEL SERVICIO DE SALUD,,,,,,NO APLICA,,,,,,CON SITUACION DE FONDOS,DIRECCION NACIONAL DEL TESORO MINISTERIO DE HACIENDA Y CREDITO PUBLICO,NO DEFINIDO,30264369.0,30264369.0,21486339.0
9802323,20210601,218552585,Pupiales,2.1.1.01.02.006,APORTES AL ICBF,GASTOS,FUNCIONAMIENTO,GASTOS DE PERSONAL,PLANTA DE PERSONAL PERMANENTE,CONTRIBUCIONES INHERENTES A LA NOMINA,APORTES AL ICBF,No Aplica,No Aplica,No Aplica,No Aplica,VIGENCIA ACTUAL,ENTIDADES TERRITORIALES - ADMINISTRACION CENTRAL,NO APLICA,No Aplica,NO DEFINIDO,,,2021,Segundo Trimestre,,,,NO APLICA,1.2.1.0.00 - INGRESOS CORRIENTES DE LIBRE DESTINACION,,,,,,NO APLICA,,,,,,CON SITUACION DE FONDOS,NO APLICA,NO DEFINIDO,6674252.0,6674252.0,6674252.0
9802493,20210301,218552585,Pupiales,2.1.1.01.01.001.01,SUELDO BASICO,GASTOS,FUNCIONAMIENTO,GASTOS DE PERSONAL,PLANTA DE PERSONAL PERMANENTE,FACTORES CONSTITUTIVOS DE SALARIO,FACTORES SALARIALES COMUNES,SUELDO BASICO,No Aplica,No Aplica,No Aplica,VIGENCIA ACTUAL,ENTIDADES TERRITORIALES - ADMINISTRACION CENTRAL,NO APLICA,No Aplica,NO DEFINIDO,,,2021,Primer Trimestre,,,,NO APLICA,1.2.1.0.00 - INGRESOS CORRIENTES DE LIBRE DESTINACION,,,,,,NO APLICA,,,,,,CON SITUACION DE FONDOS,NO APLICA,NO DEFINIDO,116712328.0,116712328.0,116712328.0
9807067,20210901,218552585,Pupiales,2.1.1,GASTOS DE PERSONAL,GASTOS,FUNCIONAMIENTO,GASTOS DE PERSONAL,No Aplica,No Aplica,No Aplica,No Aplica,No Aplica,No Aplica,No Aplica,VIGENCIA ACTUAL,ENTIDADES TERRITORIALES - CONCEJO,NO DEFINIDO,No Aplica,NO DEFINIDO,,,2021,Tercer Trimestre,,,,NO DEFINIDO,NO DEFINIDO,,,,,,NO DEFINIDO,,,,,,NO DEFINIDO,NO DEFINIDO,NO DEFINIDO,181268314.0,181268314.0,181268314.0
9807252,20220301,218552585,Pupiales,2.3.2.02.02.006,"COMERCIO Y DISTRIBUCION; ALOJAMIENTO; SERVICIOS DE SUMINISTRO DE COMIDAS Y BEBIDAS; SERVICIOS DE TRANSPORTE; Y SERVICIOS DE DISTRIBUCION DE ELECTRICIDAD, GAS Y AGUA",GASTOS,INVERSION,ADQUISICION DE BIENES Y SERVICIOS,ADQUISICIONES DIFERENTES DE ACTIVOS,ADQUISICION DE SERVICIOS,"COMERCIO Y DISTRIBUCION; ALOJAMIENTO; SERVICIOS DE SUMINISTRO DE COMIDAS Y BEBIDAS; SERVICIOS DE TRANSPORTE; Y SERVICIOS DE DISTRIBUCION DE ELECTRICIDAD, GAS Y AGUA",No Aplica,No Aplica,No Aplica,No Aplica,VIGENCIA ACTUAL,ENTIDADES TERRITORIALES - ADMINISTRACION CENTRAL,INFRAESTRUCTURA EDUCATIVA MANTENIDA,No Aplica,NO DEFINIDO,,,2022,Primer Trimestre,,,,OTROS SERVICIOS ADMINISTRATIVOS DEL GOBIERNO N C P,SGP-EDUCACION-CALIDAD  POR MATRICULA OFICIAL,,,,,,NO APLICA,,,,,,CON SITUACION DE FONDOS,DIRECCION NACIONAL DEL TESORO MINISTERIO DE HACIENDA Y CREDITO PUBLICO,NO APLICA,12239150.0,12239150.0,12239150.0
9808483,20211201,218552585,Pupiales,2.1.1.01.02.008,APORTES A LA ESAP,GASTOS,FUNCIONAMIENTO,GASTOS DE PERSONAL,PLANTA DE PERSONAL PERMANENTE,CONTRIBUCIONES INHERENTES A LA NOMINA,APORTES A LA ESAP,No Aplica,No Aplica,No Aplica,No Aplica,VIGENCIA ACTUAL,ENTIDADES TERRITORIALES - ADMINISTRACION CENTRAL,NO APLICA,No Aplica,NO DEFINIDO,,,2021,Cuarto Trimestre,,,,NO APLICA,INGRESOS CORRIENTES DE LIBRE DESTINACION,,,,,,NO APLICA,,,,,,CON SITUACION DE FONDOS,NO APLICA,NO DEFINIDO,2551094.0,2551094.0,2551094.0
9809616,20220301,218552585,Pupiales,2.2.2.01,PRINCIPAL,GASTOS,SERVICIO DE LA DEUDA PUBLICA,SERVICIO DE LA DEUDA PUBLICA INTERNA,PRINCIPAL,No Aplica,No Aplica,No Aplica,No Aplica,No Aplica,No Aplica,VIGENCIA ACTUAL,ENTIDADES TERRITORIALES - ADMINISTRACION CENTRAL,NO DEFINIDO,No Aplica,NO DEFINIDO,,,2022,Primer Trimestre,,,,NO DEFINIDO,NO DEFINIDO,,,,,,NO DEFINIDO,,,,,,NO DEFINIDO,NO DEFINIDO,NO DEFINIDO,111097910.0,111097910.0,111097910.0
9810527,20210601,218552585,Pupiales,2.1.1.01.03.001.02,INDEMNIZACION POR VACACIONES,GASTOS,FUNCIONAMIENTO,GASTOS DE PERSONAL,PLANTA DE PERSONAL PERMANENTE,REMUNERACIONES NO CONSTITUTIVAS DE FACTOR SALARIAL,PRESTACIONES SOCIALES,INDEMNIZACION POR VACACIONES,No Aplica,No Aplica,No Aplica,VIGENCIA ACTUAL,ENTIDADES TERRITORIALES - ADMINISTRACION CENTRAL,NO APLICA,No Aplica,NO DEFINIDO,,,2021,Segundo Trimestre,,,,NO APLICA,1.2.1.0.00 - INGRESOS CORRIENTES DE LIBRE DESTINACION,,,,,,NO APLICA,,,,,,CON SITUACION DE FONDOS,NO APLICA,NO DEFINIDO,8474039.0,8474039.0,8474039.0
9810658,20230601,218552585,Pupiales,2.3.2.02.02.009,"SERVICIOS PARA LA COMUNIDAD, SOCIALES Y PERSONALES",GASTOS,INVERSION,ADQUISICION DE BIENES Y SERVICIOS,ADQUISICIONES DIFERENTES DE ACTIVOS,ADQUISICION DE SERVICIOS,"SERVICIOS PARA LA COMUNIDAD, SOCIALES Y PERSONALES",No Aplica,No Aplica,No Aplica,No Aplica,VIGENCIA ACTUAL,ENTIDADES TERRITORIALES - ADMINISTRACION CENTRAL,"SERVICIO DE APOYO EN TECNOLOGIAS DE LA INFORMACION Y LAS COMUNICACIONES PARA LA EDUCACION BASICA, PRIMARIA Y SECUNDARIA",No Aplica,NO DEFINIDO,,,2023,Segundo Trimestre,,,,SERVICIOS DE LOS ORGANOS DE CONTROL Y OTRAS INSTITUCIONES,SGP-PROPOSITO GENERAL-PROPOSITO GENERAL LIBRE INVERSION,,,,,,NO APLICA,,,,,,CON SITUACION DE FONDOS,NO APLICA,NO APLICA,11800000.0,5400000.0,5400000.0
9812306,20220901,218552585,Pupiales,2.1.1,GASTOS DE PERSONAL,GASTOS,FUNCIONAMIENTO,GASTOS DE PERSONAL,No Aplica,No Aplica,No Aplica,No Aplica,No Aplica,No Aplica,No Aplica,VIGENCIA ACTUAL,ENTIDADES TERRITORIALES - ADMINISTRACION CENTRAL,NO DEFINIDO,No Aplica,NO DEFINIDO,,,2022,Tercer Trimestre,,,,NO DEFINIDO,NO DEFINIDO,,,,,,NO DEFINIDO,,,,,,NO DEFINIDO,NO DEFINIDO,NO DEFINIDO,760310594.0,760310594.0,759935759.0
9817161,20211201,218552585,Pupiales,2.1.3.05.04.001,PARTICIPACIONES DE IMPUESTOS,GASTOS,FUNCIONAMIENTO,TRANSFERENCIAS CORRIENTES,A ENTIDADES DEL GOBIERNO,PARTICIPACIONES DISTINTAS DEL SGP,PARTICIPACIONES DE IMPUESTOS,No Aplica,No Aplica,No Aplica,No Aplica,VIGENCIA ACTUAL,ENTIDADES TERRITORIALES - ADMINISTRACION CENTRAL,NO DEFINIDO,No Aplica,NO DEFINIDO,,,2021,Cuarto Trimestre,,,,NO DEFINIDO,NO DEFINIDO,,,,,,NO DEFINIDO,,,,,,NO DEFINIDO,NO DEFINIDO,NO DEFINIDO,79873145.0,79873145.0,67859239.0
9826148,20230601,218552585,Pupiales,2,GASTOS,GASTOS,No Aplica,No Aplica,No Aplica,No Aplica,No Aplica,No Aplica,No Aplica,No Aplica,No Aplica,VIGENCIA ACTUAL,ENTIDADES TERRITORIALES - CONCEJO,NO DEFINIDO,No Aplica,NO DEFINIDO,,,2023,Segundo Trimestre,,,,NO DEFINIDO,NO DEFINIDO,,,,,,NO DEFINIDO,,,,,,NO DEFINIDO,NO DEFINIDO,NO DEFINIDO,108699655.0,108699655.0,108699655.0
9828761,20230301,218552585,Pupiales,2.1.1.01.03.001,PRESTACIONES SOCIALES,GASTOS,FUNCIONAMIENTO,GASTOS DE PERSONAL,PLANTA DE PERSONAL PERMANENTE,REMUNERACIONES NO CONSTITUTIVAS DE FACTOR SALARIAL,PRESTACIONES SOCIALES,No Aplica,No Aplica,No Aplica,No Aplica,VIGENCIA ACTUAL,ENTIDADES TERRITORIALES - ADMINISTRACION CENTRAL,NO DEFINIDO,No Aplica,NO DEFINIDO,,,2023,Primer Trimestre,,,,NO DEFINIDO,NO DEFINIDO,,,,,,NO DEFINIDO,,,,,,NO DEFINIDO,NO DEFINIDO,NO DEFINIDO,8081786.0,8081786.0,8081786.0
9833447,20220301,218552585,Pupiales,2.3.2.01.01,ACTIVOS FIJOS,GASTOS,INVERSION,ADQUISICION DE BIENES Y SERVICIOS,ADQUISICION DE ACTIVOS NO FINANCIEROS,ACTIVOS FIJOS,No Aplica,No Aplica,No Aplica,No Aplica,No Aplica,VIGENCIA ACTUAL,ENTIDADES TERRITORIALES - ADMINISTRACION CENTRAL,NO DEFINIDO,No Aplica,NO DEFINIDO,,,2022,Primer Trimestre,,,,NO DEFINIDO,NO DEFINIDO,,,,,,NO DEFINIDO,,,,,,NO DEFINIDO,NO DEFINIDO,NO DEFINIDO,72306361.0,22306361.0,22306361.0
9835368,20230601,218552585,Pupiales,2.3.3.05,A ENTIDADES DEL GOBIERNO,GASTOS,INVERSION,TRANSFERENCIAS CORRIENTES,A ENTIDADES DEL GOBIERNO,No Aplica,No Aplica,No Aplica,No Aplica,No Aplica,No Aplica,CUENTAS POR PAGAR,ENTIDADES TERRITORIALES - ADMINISTRACION CENTRAL,NO DEFINIDO,No Aplica,NO DEFINIDO,,,2023,Segundo Trimestre,,,,NO DEFINIDO,NO DEFINIDO,,,,,,NO DEFINIDO,,,,,,NO DEFINIDO,NO DEFINIDO,NO DEFINIDO,6238423.0,6238423.0,6238423.0
9835710,20221201,218552585,Pupiales,2.2.2.02.02.002,ENTIDADES FINANCIERAS,GASTOS,SERVICIO DE LA DEUDA PUBLICA,SERVICIO DE LA DEUDA PUBLICA INTERNA,INTERESES,PRESTAMOS,ENTIDADES FINANCIERAS,No Aplica,No Aplica,No Aplica,No Aplica,VIGENCIA ACTUAL,ENTIDADES TERRITORIALES - ADMINISTRACION CENTRAL,NO DEFINIDO,No Aplica,NO DEFINIDO,,,2022,Cuarto Trimestre,,,,NO DEFINIDO,NO DEFINIDO,,,,,,NO DEFINIDO,,,,,,NO DEFINIDO,NO DEFINIDO,NO DEFINIDO,124537119.0,124537119.0,124537119.0
9836381,20230301,218552585,Pupiales,2.1.3.05.04,PARTICIPACIONES DISTINTAS DEL SGP,GASTOS,FUNCIONAMIENTO,TRANSFERENCIAS CORRIENTES,A ENTIDADES DEL GOBIERNO,PARTICIPACIONES DISTINTAS DEL SGP,No Aplica,No Aplica,No Aplica,No Aplica,No Aplica,VIGENCIA ACTUAL,ENTIDADES TERRITORIALES - ADMINISTRACION CENTRAL,NO DEFINIDO,No Aplica,NO DEFINIDO,,,2023,Primer Trimestre,,,,NO DEFINIDO,NO DEFINIDO,,,,,,NO DEFINIDO,,,,,,NO DEFINIDO,NO DEFINIDO,NO DEFINIDO,4504385.0,4504385.0,2158679.0
9836533,20220601,218552585,Pupiales,2.3.1.01.03.001.03,BONIFICACION ESPECIAL DE RECREACION,GASTOS,INVERSION,GASTOS DE PERSONAL,PLANTA DE PERSONAL PERMANENTE,REMUNERACIONES NO CONSTITUTIVAS DE FACTOR SALARIAL,PRESTACIONES SOCIALES,BONIFICACION ESPECIAL DE RECREACION,No Aplica,No Aplica,No Aplica,VIGENCIA ACTUAL,ENTIDADES TERRITORIALES - ADMINISTRACION CENTRAL,NO APLICA,No Aplica,NO DEFINIDO,,,2022,Segundo Trimestre,,,,NO APLICA,SGP-PROPOSITO GENERAL-PROPOSITO GENERAL LIBRE INVERSION,,,,,,NO APLICA,,,,,,CON SITUACION DE FONDOS,DIRECCION NACIONAL DEL TESORO MINISTERIO DE HACIENDA Y CREDITO PUBLICO,NO APLICA,431083.0,431083.0,431083.0
9836817,20221201,218552585,Pupiales,2.1.2.02.01,MATERIALES Y SUMINISTROS,GASTOS,FUNCIONAMIENTO,ADQUISICION DE BIENES Y SERVICIOS,ADQUISICIONES DIFERENTES DE ACTIVOS,MATERIALES Y SUMINISTROS,No Aplica,No Aplica,No Aplica,No Aplica,No Aplica,VIGENCIA ACTUAL,ENTIDADES TERRITORIALES - ADMINISTRACION CENTRAL,NO DEFINIDO,No Aplica,NO DEFINIDO,,,2022,Cuarto Trimestre,,,,NO DEFINIDO,NO DEFINIDO,,,,,,NO DEFINIDO,,,,,,NO DEFINIDO,NO DEFINIDO,NO DEFINIDO,53603884.0,53603884.0,53603884.0
9842802,20220301,218552585,Pupiales,2.1.1.01.01.001.01,SUELDO BASICO,GASTOS,FUNCIONAMIENTO,GASTOS DE PERSONAL,PLANTA DE PERSONAL PERMANENTE,FACTORES CONSTITUTIVOS DE SALARIO,FACTORES SALARIALES COMUNES,SUELDO BASICO,No Aplica,No Aplica,No Aplica,VIGENCIA ACTUAL,ENTIDADES TERRITORIALES - PERSONERIA,NO APLICA,No Aplica,NO DEFINIDO,,,2022,Primer Trimestre,,,,NO APLICA,INGRESOS CORRIENTES DE LIBRE DESTINACION,,,,,,NO APLICA,,,,,,CON SITUACION DE FONDOS,NO APLICA,NO APLICA,32337805.0,32337805.0,32337805.0
9843539,20210301,218552585,Pupiales,2.1.2.01.01,ACTIVOS FIJOS,GASTOS,FUNCIONAMIENTO,ADQUISICION DE BIENES Y SERVICIOS,ADQUISICION DE ACTIVOS NO FINANCIEROS,ACTIVOS FIJOS,No Aplica,No Aplica,No Aplica,No Aplica,No Aplica,VIGENCIA ACTUAL,ENTIDADES TERRITORIALES - ADMINISTRACION CENTRAL,NO DEFINIDO,No Aplica,NO DEFINIDO,,,2021,Primer Trimestre,,,,NO DEFINIDO,NO DEFINIDO,,,,,,NO DEFINIDO,,,,,,NO DEFINIDO,NO DEFINIDO,NO DEFINIDO,23200000.0,0.0,0.0
9845544,20211201,218552585,Pupiales,2.3.2.02.02.009,"SERVICIOS PARA LA COMUNIDAD, SOCIALES Y PERSONALES",GASTOS,INVERSION,ADQUISICION DE BIENES Y SERVICIOS,ADQUISICIONES DIFERENTES DE ACTIVOS,ADQUISICION DE SERVICIOS,"SERVICIOS PARA LA COMUNIDAD, SOCIALES Y PERSONALES",No Aplica,No Aplica,No Aplica,No Aplica,VIGENCIA ACTUAL,ENTIDADES TERRITORIALES - ADMINISTRACION CENTRAL,SERVICIO DE JUSTICIA A LOS CIUDADANOS,No Aplica,NO DEFINIDO,,,2021,Cuarto Trimestre,,,,OTROS SERVICIOS DIVERSOS N C P,SGP-PROPOSITO GENERAL-PROPOSITO GENERAL LIBRE INVERSION,,,,,,NO APLICA,,,,,,CON SITUACION DE FONDOS,DIRECCION NACIONAL DEL TESORO MINISTERIO DE HACIENDA Y CREDITO PUBLICO,NO DEFINIDO,17700000.0,17700000.0,17700000.0
9845625,20220601,218552585,Pupiales,2.1.3.05,A ENTIDADES DEL GOBIERNO,GASTOS,FUNCIONAMIENTO,TRANSFERENCIAS CORRIENTES,A ENTIDADES DEL GOBIERNO,No Aplica,No Aplica,No Aplica,No Aplica,No Aplica,No Aplica,VIGENCIA ACTUAL,ENTIDADES TERRITORIALES - ADMINISTRACION CENTRAL,NO DEFINIDO,No Aplica,NO DEFINIDO,,,2022,Segundo Trimestre,,,,NO DEFINIDO,NO DEFINIDO,,,,,,NO DEFINIDO,,,,,,NO DEFINIDO,NO DEFINIDO,NO DEFINIDO,31844190.0,31844190.0,31844190.0
9846421,20220901,218552585,Pupiales,2.1.1.01,PLANTA DE PERSONAL PERMANENTE,GASTOS,FUNCIONAMIENTO,GASTOS DE PERSONAL,PLANTA DE PERSONAL PERMANENTE,No Aplica,No Aplica,No Aplica,No Aplica,No Aplica,No Aplica,VIGENCIA ACTUAL,ENTIDADES TERRITORIALES - PERSONERIA,NO DEFINIDO,No Aplica,NO DEFINIDO,,,2022,Tercer Trimestre,,,,NO DEFINIDO,NO DEFINIDO,,,,,,NO DEFINIDO,,,,,,NO DEFINIDO,NO DEFINIDO,NO DEFINIDO,97793337.0,97793337.0,97793337.0
9848860,20220601,218552585,Pupiales,2,GASTOS,GASTOS,No Aplica,No Aplica,No Aplica,No Aplica,No Aplica,No Aplica,No Aplica,No Aplica,No Aplica,VIGENCIA ACTUAL,ENTIDADES TERRITORIALES - CONCEJO,NO DEFINIDO,No Aplica,NO DEFINIDO,,,2022,Segundo Trimestre,,,,NO DEFINIDO,NO DEFINIDO,,,,,,NO DEFINIDO,,,,,,NO DEFINIDO,NO DEFINIDO,NO DEFINIDO,99880059.0,99880059.0,99880059.0
9849374,20230601,218552585,Pupiales,2.3.1.01.02.007,APORTES AL SENA,GASTOS,INVERSION,GASTOS DE PERSONAL,PLANTA DE PERSONAL PERMANENTE,CONTRIBUCIONES INHERENTES A LA NOMINA,APORTES AL SENA,No Aplica,No Aplica,No Aplica,No Aplica,VIGENCIA ACTUAL,ENTIDADES TERRITORIALES - ADMINISTRACION CENTRAL,SERVICIO DE JUSTICIA A LOS CIUDADANOS,No Aplica,NO DEFINIDO,,,2023,Segundo Trimestre,,,,NO APLICA,SGP-PROPOSITO GENERAL-PROPOSITO GENERAL LIBRE INVERSION,,,,,,NO APLICA,,,,,,CON SITUACION DE FONDOS,SERVICIO NACIONAL DE APRENDIZAJE,NO APLICA,264528.0,264528.0,264528.0
9851364,20230601,218552585,Pupiales,2.3.2.01.01.001.03.02,"AUTOPISTAS, CARRETERAS, CALLES",GASTOS,INVERSION,ADQUISICION DE BIENES Y SERVICIOS,ADQUISICION DE ACTIVOS NO FINANCIEROS,ACTIVOS FIJOS,EDIFICACIONES Y ESTRUCTURAS,OTRAS ESTRUCTURAS,"AUTOPISTAS, CARRETERAS, CALLES",No Aplica,No Aplica,VIGENCIA ACTUAL,ENTIDADES TERRITORIALES - ADMINISTRACION CENTRAL,VIA TERCIARIA MEJORADA,No Aplica,NO DEFINIDO,,,2023,Segundo Trimestre,,,,NO APLICA,RECURSOS DEL BALANCE DE LIBRE DESTINACION,,,,,,NO APLICA,,,,,,CON SITUACION DE FONDOS,NO APLICA,NO APLICA,48377109.0,16188255.0,16188255.0
9852213,20230601,218552585,Pupiales,2.1.1.01.01.001.01,SUELDO BASICO,GASTOS,FUNCIONAMIENTO,GASTOS DE PERSONAL,PLANTA DE PERSONAL PERMANENTE,FACTORES CONSTITUTIVOS DE SALARIO,FACTORES SALARIALES COMUNES,SUELDO BASICO,No Aplica,No Aplica,No Aplica,VIGENCIA ACTUAL,ENTIDADES TERRITORIALES - ADMINISTRACION CENTRAL,NO APLICA,No Aplica,NO DEFINIDO,,,2023,Segundo Trimestre,,,,NO APLICA,"SGP-PROPOSITO GENERAL-LIBRE DESTINACION MUNICIPIOS CATEGORIAS 4, 5 Y 6",,,,,,NO APLICA,,,,,,CON SITUACION DE FONDOS,NO APLICA,NO APLICA,250191787.0,250191787.0,250191787.0
9858761,20230601,218552585,Pupiales,2.1.3.13,SENTENCIAS Y CONCILIACIONES,GASTOS,FUNCIONAMIENTO,TRANSFERENCIAS CORRIENTES,SENTENCIAS Y CONCILIACIONES,No Aplica,No Aplica,No Aplica,No Aplica,No Aplica,No Aplica,VIGENCIA ACTUAL,ENTIDADES TERRITORIALES - ADMINISTRACION CENTRAL,NO DEFINIDO,No Aplica,NO DEFINIDO,,,2023,Segundo Trimestre,,,,NO DEFINIDO,NO DEFINIDO,,,,,,NO DEFINIDO,,,,,,NO DEFINIDO,NO DEFINIDO,NO DEFINIDO,5273000.0,5273000.0,5273000.0
9862593,20210601,218552585,Pupiales,2.1.1.01.02.001,APORTES A LA SEGURIDAD SOCIAL EN PENSIONES,GASTOS,FUNCIONAMIENTO,GASTOS DE PERSONAL,PLANTA DE PERSONAL PERMANENTE,CONTRIBUCIONES INHERENTES A LA NOMINA,APORTES A LA SEGURIDAD SOCIAL EN PENSIONES,No Aplica,No Aplica,No Aplica,No Aplica,VIGENCIA ACTUAL,ENTIDADES TERRITORIALES - ADMINISTRACION CENTRAL,NO APLICA,No Aplica,NO DEFINIDO,,,2021,Segundo Trimestre,,,,NO APLICA,1.2.1.0.00 - INGRESOS CORRIENTES DE LIBRE DESTINACION,,,,,,NO APLICA,,,,,,CON SITUACION DE FONDOS,NO APLICA,NO DEFINIDO,36531735.0,36531735.0,36531735.0
9865621,20230601,218552585,Pupiales,2.3.2.02,ADQUISICIONES DIFERENTES DE ACTIVOS,GASTOS,INVERSION,ADQUISICION DE BIENES Y SERVICIOS,ADQUISICIONES DIFERENTES DE ACTIVOS,No Aplica,No Aplica,No Aplica,No Aplica,No Aplica,No Aplica,VIGENCIA ACTUAL,ENTIDADES TERRITORIALES - ADMINISTRACION CENTRAL,NO DEFINIDO,No Aplica,NO DEFINIDO,,,2023,Segundo Trimestre,,,,NO DEFINIDO,NO DEFINIDO,,,,,,NO DEFINIDO,,,,,,NO DEFINIDO,NO DEFINIDO,NO DEFINIDO,14556736675.0,12990163166.0,12990163166.0
9865889,20220301,218552585,Pupiales,2.2,SERVICIO DE LA DEUDA PUBLICA,GASTOS,SERVICIO DE LA DEUDA PUBLICA,No Aplica,No Aplica,No Aplica,No Aplica,No Aplica,No Aplica,No Aplica,No Aplica,VIGENCIA ACTUAL,ENTIDADES TERRITORIALES - ADMINISTRACION CENTRAL,NO DEFINIDO,No Aplica,NO DEFINIDO,,,2022,Primer Trimestre,,,,NO DEFINIDO,NO DEFINIDO,,,,,,NO DEFINIDO,,,,,,NO DEFINIDO,NO DEFINIDO,NO DEFINIDO,116678493.0,116678493.0,116678493.0
9868522,20230301,218552585,Pupiales,2.3.2.02.02.009,"SERVICIOS PARA LA COMUNIDAD, SOCIALES Y PERSONALES",GASTOS,INVERSION,ADQUISICION DE BIENES Y SERVICIOS,ADQUISICIONES DIFERENTES DE ACTIVOS,ADQUISICION DE SERVICIOS,"SERVICIOS PARA LA COMUNIDAD, SOCIALES Y PERSONALES",No Aplica,No Aplica,No Aplica,No Aplica,CUENTAS POR PAGAR,ENTIDADES TERRITORIALES - ADMINISTRACION CENTRAL,SERVICIO DE ASISTENCIA TECNICA4599031,No Aplica,NO DEFINIDO,,,2023,Primer Trimestre,,,,OTROS SERVICIOS DE LA ADMINISTRACION PUBLICA N C P,"SGP-PROPOSITO GENERAL-LIBRE DESTINACION MUNICIPIOS CATEGORIAS 4, 5 Y 6",,,,,,NO APLICA,,,,,,CON SITUACION DE FONDOS,NO APLICA,NO APLICA,683652.0,683652.0,497201.0
9870579,20230601,218552585,Pupiales,2.3.2.02.02.009,"SERVICIOS PARA LA COMUNIDAD, SOCIALES Y PERSONALES",GASTOS,INVERSION,ADQUISICION DE BIENES Y SERVICIOS,ADQUISICIONES DIFERENTES DE ACTIVOS,ADQUISICION DE SERVICIOS,"SERVICIOS PARA LA COMUNIDAD, SOCIALES Y PERSONALES",No Aplica,No Aplica,No Aplica,No Aplica,VIGENCIA ACTUAL,ENTIDADES TERRITORIALES - ADMINISTRACION CENTRAL,"SERVICIO DE APOYO FINANCIERO A LOS PLANES, PROGRAMAS Y PROYECTOS DE AGUA POTABLE Y SANEAMIENTO BASICO",No Aplica,NO DEFINIDO,,,2023,Segundo Trimestre,,,,SERVICIOS DE LOS ORGANOS DE CONTROL Y OTRAS INSTITUCIONES,SGP-AGUA POTABLE Y SANEAMIENTO BASICO,,,,,,NO APLICA,,,,,,CON SITUACION DE FONDOS,E.S.P. EMPRESA DE SERVICIOS PUBLICOS VARIOS DE PUPIALES,NO APLICA,191944253.0,161998309.0,161998309.0
9870815,20211201,218552585,Pupiales,2.3.1.01.03.001.01,VACACIONES,GASTOS,INVERSION,GASTOS DE PERSONAL,PLANTA DE PERSONAL PERMANENTE,REMUNERACIONES NO CONSTITUTIVAS DE FACTOR SALARIAL,PRESTACIONES SOCIALES,VACACIONES,No Aplica,No Aplica,No Aplica,VIGENCIA ACTUAL,ENTIDADES TERRITORIALES - ADMINISTRACION CENTRAL,NO APLICA,No Aplica,NO DEFINIDO,,,2021,Cuarto Trimestre,,,,NO APLICA,SGP-PROPOSITO GENERAL-PROPOSITO GENERAL LIBRE INVERSION,,,,,,NO APLICA,,,,,,CON SITUACION DE FONDOS,DIRECCION NACIONAL DEL TESORO MINISTERIO DE HACIENDA Y CREDITO PUBLICO,NO DEFINIDO,11284196.0,11284196.0,11284196.0
9871431,20211201,218552585,Pupiales,2.3.1.01.03.001.03,BONIFICACION ESPECIAL DE RECREACION,GASTOS,INVERSION,GASTOS DE PERSONAL,PLANTA DE PERSONAL PERMANENTE,REMUNERACIONES NO CONSTITUTIVAS DE FACTOR SALARIAL,PRESTACIONES SOCIALES,BONIFICACION ESPECIAL DE RECREACION,No Aplica,No Aplica,No Aplica,VIGENCIA ACTUAL,ENTIDADES TERRITORIALES - ADMINISTRACION CENTRAL,NO APLICA,No Aplica,NO DEFINIDO,,,2021,Cuarto Trimestre,,,,NO APLICA,SGP-PROPOSITO GENERAL-PROPOSITO GENERAL LIBRE INVERSION,,,,,,NO APLICA,,,,,,CON SITUACION DE FONDOS,DIRECCION NACIONAL DEL TESORO MINISTERIO DE HACIENDA Y CREDITO PUBLICO,NO DEFINIDO,846177.0,846177.0,846177.0
9871598,20220301,218552585,Pupiales,2.3.1,GASTOS DE PERSONAL,GASTOS,INVERSION,GASTOS DE PERSONAL,No Aplica,No Aplica,No Aplica,No Aplica,No Aplica,No Aplica,No Aplica,VIGENCIA ACTUAL,ENTIDADES TERRITORIALES - ADMINISTRACION CENTRAL,NO DEFINIDO,No Aplica,NO DEFINIDO,,,2022,Primer Trimestre,,,,NO DEFINIDO,NO DEFINIDO,,,,,,NO DEFINIDO,,,,,,NO DEFINIDO,NO DEFINIDO,NO DEFINIDO,75950926.0,75950926.0,75950926.0
9873695,20220301,218552585,Pupiales,2.3.2.02.02.009,"SERVICIOS PARA LA COMUNIDAD, SOCIALES Y PERSONALES",GASTOS,INVERSION,ADQUISICION DE BIENES Y SERVICIOS,ADQUISICIONES DIFERENTES DE ACTIVOS,ADQUISICION DE SERVICIOS,"SERVICIOS PARA LA COMUNIDAD, SOCIALES Y PERSONALES",No Aplica,No Aplica,No Aplica,No Aplica,VIGENCIA ACTUAL,ENTIDADES TERRITORIALES - ADMINISTRACION CENTRAL,SERVICIOS TECNOLOGICOS4599007,No Aplica,NO DEFINIDO,,,2022,Primer Trimestre,,,,OTROS SERVICIOS ADMINISTRATIVOS DEL GOBIERNO N C P,SGP-PROPOSITO GENERAL-PROPOSITO GENERAL LIBRE INVERSION,,,,,,NO APLICA,,,,,,CON SITUACION DE FONDOS,NO APLICA,NO APLICA,18000000.0,18000000.0,18000000.0
9874780,20220901,218552585,Pupiales,2.3.2.02.02.009,"SERVICIOS PARA LA COMUNIDAD, SOCIALES Y PERSONALES",GASTOS,INVERSION,ADQUISICION DE BIENES Y SERVICIOS,ADQUISICIONES DIFERENTES DE ACTIVOS,ADQUISICION DE SERVICIOS,"SERVICIOS PARA LA COMUNIDAD, SOCIALES Y PERSONALES",No Aplica,No Aplica,No Aplica,No Aplica,VIGENCIA ACTUAL,ENTIDADES TERRITORIALES - ADMINISTRACION CENTRAL,SERVICIO DE APOYO FINANCIERO PARA EL MEJORAMIENTO DE PRODUCTOS O PROCESOS,No Aplica,NO DEFINIDO,,,2022,Tercer Trimestre,,,,OTROS SERVICIOS DE LA ADMINISTRACION PUBLICA N C P,INGRESOS CORRIENTES DE LIBRE DESTINACION,,,,,,NO APLICA,,,,,,CON SITUACION DE FONDOS,NO APLICA,NO APLICA,9999367.0,9999367.0,9999367.0
9875319,20230601,218552585,Pupiales,2.3.2.02.02.009,"SERVICIOS PARA LA COMUNIDAD, SOCIALES Y PERSONALES",GASTOS,INVERSION,ADQUISICION DE BIENES Y SERVICIOS,ADQUISICIONES DIFERENTES DE ACTIVOS,ADQUISICION DE SERVICIOS,"SERVICIOS PARA LA COMUNIDAD, SOCIALES Y PERSONALES",No Aplica,No Aplica,No Aplica,No Aplica,VIGENCIA ACTUAL,ENTIDADES TERRITORIALES - ADMINISTRACION CENTRAL,SERVICIO DE PROMOCION DE ACTIVIDADES CULTURALES,No Aplica,NO DEFINIDO,,,2023,Segundo Trimestre,,,,SERVICIOS DE LOS ORGANOS DE CONTROL Y OTRAS INSTITUCIONES,ESTAMPILLAS,,,,,,NO APLICA,,,,,,CON SITUACION DE FONDOS,NO APLICA,NO APLICA,40000000.0,40000000.0,40000000.0
9877976,20220901,218552585,Pupiales,2.3.1.01.02.005,APORTES GENERALES AL SISTEMA DE RIESGOS LABORALES,GASTOS,INVERSION,GASTOS DE PERSONAL,PLANTA DE PERSONAL PERMANENTE,CONTRIBUCIONES INHERENTES A LA NOMINA,APORTES GENERALES AL SISTEMA DE RIESGOS LABORALES,No Aplica,No Aplica,No Aplica,No Aplica,VIGENCIA ACTUAL,ENTIDADES TERRITORIALES - ADMINISTRACION CENTRAL,NO APLICA,No Aplica,NO DEFINIDO,,,2022,Tercer Trimestre,,,,NO APLICA,SGP-PROPOSITO GENERAL-PROPOSITO GENERAL LIBRE INVERSION,,,,,,NO APLICA,,,,,,CON SITUACION DE FONDOS,DIRECCION NACIONAL DEL TESORO MINISTERIO DE HACIENDA Y CREDITO PUBLICO,NO APLICA,1323196.0,1323196.0,1323196.0
9878886,20220901,218552585,Pupiales,2.3.3.05.07,A ENTIDADES TERRITORIALES DISTINTAS DE COMPENSACIONES Y PARTICIPACIONES,GASTOS,INVERSION,TRANSFERENCIAS CORRIENTES,A ENTIDADES DEL GOBIERNO,A ENTIDADES TERRITORIALES DISTINTAS DE COMPENSACIONES Y PARTICIPACIONES,No Aplica,No Aplica,No Aplica,No Aplica,No Aplica,VIGENCIA ACTUAL,ENTIDADES TERRITORIALES - ADMINISTRACION CENTRAL,NO DEFINIDO,No Aplica,NO DEFINIDO,,,2022,Tercer Trimestre,,,,NO DEFINIDO,NO DEFINIDO,,,,,,NO DEFINIDO,,,,,,NO DEFINIDO,NO DEFINIDO,NO DEFINIDO,60758054.0,45568007.0,45568007.0
9880058,20220601,218552585,Pupiales,2.3.2.02.02.009,"SERVICIOS PARA LA COMUNIDAD, SOCIALES Y PERSONALES",GASTOS,INVERSION,ADQUISICION DE BIENES Y SERVICIOS,ADQUISICIONES DIFERENTES DE ACTIVOS,ADQUISICION DE SERVICIOS,"SERVICIOS PARA LA COMUNIDAD, SOCIALES Y PERSONALES",No Aplica,No Aplica,No Aplica,No Aplica,VIGENCIA ACTUAL,ENTIDADES TERRITORIALES - ADMINISTRACION CENTRAL,SERVICIO DE PREPARACION DEPORTIVA,2021525850035,NO DEFINIDO,,,2022,Segundo Trimestre,,,,OTROS SERVICIOS DIVERSOS N C P,SGP-PROPOSITO GENERAL-DEPORTE Y RECREACION,,,,,,NO APLICA,,,,,,CON SITUACION DE FONDOS,DIRECCION NACIONAL DEL TESORO MINISTERIO DE HACIENDA Y CREDITO PUBLICO,NO APLICA,8525000.0,6820000.0,6820000.0
9880621,20211201,218552585,Pupiales,2.1.1.01.01,FACTORES CONSTITUTIVOS DE SALARIO,GASTOS,FUNCIONAMIENTO,GASTOS DE PERSONAL,PLANTA DE PERSONAL PERMANENTE,FACTORES CONSTITUTIVOS DE SALARIO,No Aplica,No Aplica,No Aplica,No Aplica,No Aplica,VIGENCIA ACTUAL,ENTIDADES TERRITORIALES - PERSONERIA,NO DEFINIDO,No Aplica,NO DEFINIDO,,,2021,Cuarto Trimestre,,,,NO DEFINIDO,NO DEFINIDO,,,,,,NO DEFINIDO,,,,,,NO DEFINIDO,NO DEFINIDO,NO DEFINIDO,136278900.0,136278900.0,136278900.0
9881542,20221201,218552585,Pupiales,2.3.1.01.03.001.01,VACACIONES,GASTOS,INVERSION,GASTOS DE PERSONAL,PLANTA DE PERSONAL PERMANENTE,REMUNERACIONES NO CONSTITUTIVAS DE FACTOR SALARIAL,PRESTACIONES SOCIALES,VACACIONES,No Aplica,No Aplica,No Aplica,VIGENCIA ACTUAL,ENTIDADES TERRITORIALES - ADMINISTRACION CENTRAL,NO APLICA,No Aplica,NO DEFINIDO,,,2022,Cuarto Trimestre,,,,NO APLICA,SGP-PROPOSITO GENERAL-PROPOSITO GENERAL LIBRE INVERSION,,,,,,NO APLICA,,,,,,CON SITUACION DE FONDOS,DIRECCION NACIONAL DEL TESORO MINISTERIO DE HACIENDA Y CREDITO PUBLICO,NO APLICA,6734013.0,6734013.0,6734013.0
9890828,20220901,218552585,Pupiales,2.3.2.01.01.003.01,MAQUINARIA PARA USO GENERAL,GASTOS,INVERSION,ADQUISICION DE BIENES Y SERVICIOS,ADQUISICION DE ACTIVOS NO FINANCIEROS,ACTIVOS FIJOS,MAQUINARIA Y EQUIPO,MAQUINARIA PARA USO GENERAL,No Aplica,No Aplica,No Aplica,VIGENCIA ACTUAL,ENTIDADES TERRITORIALES - ADMINISTRACION CENTRAL,NO DEFINIDO,No Aplica,NO DEFINIDO,,,2022,Tercer Trimestre,,,,NO DEFINIDO,NO DEFINIDO,,,,,,NO DEFINIDO,,,,,,NO DEFINIDO,NO DEFINIDO,NO DEFINIDO,120158200.0,14000000.0,14000000.0
9893844,20230601,218552585,Pupiales,2.1.2.01.01,ACTIVOS FIJOS,GASTOS,FUNCIONAMIENTO,ADQUISICION DE BIENES Y SERVICIOS,ADQUISICION DE ACTIVOS NO FINANCIEROS,ACTIVOS FIJOS,No Aplica,No Aplica,No Aplica,No Aplica,No Aplica,VIGENCIA ACTUAL,ENTIDADES TERRITORIALES - ADMINISTRACION CENTRAL,NO DEFINIDO,No Aplica,NO DEFINIDO,,,2023,Segundo Trimestre,,,,NO DEFINIDO,NO DEFINIDO,,,,,,NO DEFINIDO,,,,,,NO DEFINIDO,NO DEFINIDO,NO DEFINIDO,21115000.0,0.0,0.0
9900243,20230601,218552585,Pupiales,2.3,INVERSION,GASTOS,INVERSION,No Aplica,No Aplica,No Aplica,No Aplica,No Aplica,No Aplica,No Aplica,No Aplica,RESERVAS,ENTIDADES TERRITORIALES - ADMINISTRACION CENTRAL,NO DEFINIDO,No Aplica,NO DEFINIDO,,,2023,Segundo Trimestre,,,,NO DEFINIDO,NO DEFINIDO,,,,,,NO DEFINIDO,,,,,,NO DEFINIDO,NO DEFINIDO,NO DEFINIDO,1095950022.0,702808827.0,702808827.0
9900621,20220601,218552585,Pupiales,2.3.2.02.02.009,"SERVICIOS PARA LA COMUNIDAD, SOCIALES Y PERSONALES",GASTOS,INVERSION,ADQUISICION DE BIENES Y SERVICIOS,ADQUISICIONES DIFERENTES DE ACTIVOS,ADQUISICION DE SERVICIOS,"SERVICIOS PARA LA COMUNIDAD, SOCIALES Y PERSONALES",No Aplica,No Aplica,No Aplica,No Aplica,VIGENCIA ACTUAL,ENTIDADES TERRITORIALES - ADMINISTRACION CENTRAL,"SERVICIO DE INSPECCION, VIGILANCIA Y CONTROL1903011",No Aplica,NO DEFINIDO,,,2022,Segundo Trimestre,,,,OTROS SERVICIOS DIVERSOS N C P,SGP-SALUD-PRESTACION DEL SERVICIO DE SALUD,,,,,,NO APLICA,,,,,,CON SITUACION DE FONDOS,DIRECCION NACIONAL DEL TESORO MINISTERIO DE HACIENDA Y CREDITO PUBLICO,NO APLICA,14923750.0,7960000.0,7960000.0
9902571,20230601,218552585,Pupiales,2.3.2.02.02.009,"SERVICIOS PARA LA COMUNIDAD, SOCIALES Y PERSONALES",GASTOS,INVERSION,ADQUISICION DE BIENES Y SERVICIOS,ADQUISICIONES DIFERENTES DE ACTIVOS,ADQUISICION DE SERVICIOS,"SERVICIOS PARA LA COMUNIDAD, SOCIALES Y PERSONALES",No Aplica,No Aplica,No Aplica,No Aplica,VIGENCIA ACTUAL,ENTIDADES TERRITORIALES - ADMINISTRACION CENTRAL,SERVICIO DE JUSTICIA A LOS CIUDADANOS,No Aplica,NO DEFINIDO,,,2023,Segundo Trimestre,,,,SERVICIOS DE LOS ORGANOS DE CONTROL Y OTRAS INSTITUCIONES,"SGP-PROPOSITO GENERAL-LIBRE DESTINACION MUNICIPIOS CATEGORIAS 4, 5 Y 6",,,,,,NO APLICA,,,,,,CON SITUACION DE FONDOS,IPIALES,NO APLICA,3000000.0,0.0,0.0
9903043,20221201,218552585,Pupiales,2.2.2.02.02.002.02,BANCA COMERCIAL,GASTOS,SERVICIO DE LA DEUDA PUBLICA,SERVICIO DE LA DEUDA PUBLICA INTERNA,INTERESES,PRESTAMOS,ENTIDADES FINANCIERAS,BANCA COMERCIAL,No Aplica,No Aplica,No Aplica,VIGENCIA ACTUAL,ENTIDADES TERRITORIALES - ADMINISTRACION CENTRAL,NO DEFINIDO,No Aplica,NO DEFINIDO,,,2022,Cuarto Trimestre,,,,NO DEFINIDO,NO DEFINIDO,,,,,,NO DEFINIDO,,,,,,NO DEFINIDO,NO DEFINIDO,NO DEFINIDO,124537119.0,124537119.0,124537119.0
9903413,20230601,218552585,Pupiales,2.1.1.01,PLANTA DE PERSONAL PERMANENTE,GASTOS,FUNCIONAMIENTO,GASTOS DE PERSONAL,PLANTA DE PERSONAL PERMANENTE,No Aplica,No Aplica,No Aplica,No Aplica,No Aplica,No Aplica,CUENTAS POR PAGAR,ENTIDADES TERRITORIALES - ADMINISTRACION CENTRAL,NO DEFINIDO,No Aplica,NO DEFINIDO,,,2023,Segundo Trimestre,,,,NO DEFINIDO,NO DEFINIDO,,,,,,NO DEFINIDO,,,,,,NO DEFINIDO,NO DEFINIDO,NO DEFINIDO,41557468.0,41557468.0,41557468.0
9907282,20221201,218552585,Pupiales,2.3.2.02.01.001,"MINERALES, ELECTRICIDAD, GAS Y AGUA",GASTOS,INVERSION,ADQUISICION DE BIENES Y SERVICIOS,ADQUISICIONES DIFERENTES DE ACTIVOS,MATERIALES Y SUMINISTROS,"MINERALES, ELECTRICIDAD, GAS Y AGUA",No Aplica,No Aplica,No Aplica,No Aplica,VIGENCIA ACTUAL,ENTIDADES TERRITORIALES - ADMINISTRACION CENTRAL,SERVICIO DE ASISTENCIA TECNICA EN INFRAESTRUCTURA Y SERVICIO DE LA RED VIAL REGIONAL,No Aplica,NO DEFINIDO,,,2022,Cuarto Trimestre,,,,OTROS SERVICIOS DE LA ADMINISTRACION PUBLICA N C P,SGP-PROPOSITO GENERAL-PROPOSITO GENERAL LIBRE INVERSION,,,,,,NO APLICA,,,,,,CON SITUACION DE FONDOS,DIRECCION NACIONAL DEL TESORO MINISTERIO DE HACIENDA Y CREDITO PUBLICO,NO APLICA,70000000.0,20000000.0,20000000.0
9907767,20230601,218552585,Pupiales,2.1.3.14.03,POR LA VENTA DE ACTIVOS,GASTOS,FUNCIONAMIENTO,TRANSFERENCIAS CORRIENTES,APORTES AL FONPET,POR LA VENTA DE ACTIVOS,No Aplica,No Aplica,No Aplica,No Aplica,No Aplica,VIGENCIA ACTUAL,ENTIDADES TERRITORIALES - ADMINISTRACION CENTRAL,NO APLICA,No Aplica,NO DEFINIDO,,,2023,Segundo Trimestre,,,,NO APLICA,INGRESOS CORRIENTES DE LIBRE DESTINACION,,,,,,NO APLICA,,,,,,CON SITUACION DE FONDOS,NO APLICA,NO APLICA,197028084.0,197028084.0,197028084.0
9908378,20230301,218552585,Pupiales,2.1.2.02.02.010,VIATICOS DE LOS FUNCIONARIOS EN COMISION,GASTOS,FUNCIONAMIENTO,ADQUISICION DE BIENES Y SERVICIOS,ADQUISICIONES DIFERENTES DE ACTIVOS,ADQUISICION DE SERVICIOS,VIATICOS DE LOS FUNCIONARIOS EN COMISION,No Aplica,No Aplica,No Aplica,No Aplica,VIGENCIA ACTUAL,ENTIDADES TERRITORIALES - ADMINISTRACION CENTRAL,NO APLICA,No Aplica,NO DEFINIDO,,,2023,Primer Trimestre,,,,OTROS SERVICIOS DE APOYO AL TRANSPORTE N C P,"SGP-PROPOSITO GENERAL-LIBRE DESTINACION MUNICIPIOS CATEGORIAS 4, 5 Y 6",,,,,,NO APLICA,,,,,,CON SITUACION DE FONDOS,NO APLICA,NO APLICA,916500.0,916500.0,868309.0
9908591,20220301,218552585,Pupiales,2.2.2.02.02.002.02.03,BANCA COMERCIAL,GASTOS,SERVICIO DE LA DEUDA PUBLICA,SERVICIO DE LA DEUDA PUBLICA INTERNA,INTERESES,PRESTAMOS,ENTIDADES FINANCIERAS,BANCA COMERCIAL,BANCA COMERCIAL,No Aplica,No Aplica,VIGENCIA ACTUAL,ENTIDADES TERRITORIALES - ADMINISTRACION CENTRAL,NO APLICA,No Aplica,NO DEFINIDO,,,2022,Primer Trimestre,,,,NO APLICA,SGP-PROPOSITO GENERAL-PROPOSITO GENERAL LIBRE INVERSION,,,,,,NO APLICA,,,,,,CON SITUACION DE FONDOS,NO APLICA,NO APLICA,5580583.0,5580583.0,5580583.0
9908682,20210301,218552585,Pupiales,2.1,FUNCIONAMIENTO,GASTOS,FUNCIONAMIENTO,No Aplica,No Aplica,No Aplica,No Aplica,No Aplica,No Aplica,No Aplica,No Aplica,VIGENCIA ACTUAL,ENTIDADES TERRITORIALES - ADMINISTRACION CENTRAL,NO DEFINIDO,No Aplica,NO DEFINIDO,,,2021,Primer Trimestre,,,,NO DEFINIDO,NO DEFINIDO,,,,,,NO DEFINIDO,,,,,,NO DEFINIDO,NO DEFINIDO,NO DEFINIDO,569329889.0,324634143.0,324634143.0
9909036,20220601,218552585,Pupiales,2.3.2.02.02.009,"SERVICIOS PARA LA COMUNIDAD, SOCIALES Y PERSONALES",GASTOS,INVERSION,ADQUISICION DE BIENES Y SERVICIOS,ADQUISICIONES DIFERENTES DE ACTIVOS,ADQUISICION DE SERVICIOS,"SERVICIOS PARA LA COMUNIDAD, SOCIALES Y PERSONALES",No Aplica,No Aplica,No Aplica,No Aplica,VIGENCIA ACTUAL,ENTIDADES TERRITORIALES - ADMINISTRACION CENTRAL,SERVICIOS TECNOLOGICOS4599007,No Aplica,NO DEFINIDO,,,2022,Segundo Trimestre,,,,OTROS SERVICIOS DIVERSOS N C P,SGP-PROPOSITO GENERAL-PROPOSITO GENERAL LIBRE INVERSION,,,,,,NO APLICA,,,,,,CON SITUACION DE FONDOS,NO APLICA,NO APLICA,18000000.0,18000000.0,18000000.0
9910617,20211201,218552585,Pupiales,2.3.3.05.07.013,TRANSFERIR A LAS ENTIDADES TERRITORIALES PARA APOYAR LA OPERACION DEL PROGRAMA DE ALIMENTACION ESCOLAR,GASTOS,INVERSION,TRANSFERENCIAS CORRIENTES,A ENTIDADES DEL GOBIERNO,A ENTIDADES TERRITORIALES DISTINTAS DE COMPENSACIONES Y PARTICIPACIONES,TRANSFERIR A LAS ENTIDADES TERRITORIALES PARA APOYAR LA OPERACION DEL PROGRAMA DE ALIMENTACION ESCOLAR,No Aplica,No Aplica,No Aplica,No Aplica,VIGENCIA ACTUAL,ENTIDADES TERRITORIALES - ADMINISTRACION CENTRAL,SERVICIO DE APOYO A LA PERMANENCIA CON ALIMENTACION ESCOLAR,No Aplica,NO DEFINIDO,,,2021,Cuarto Trimestre,,,,NO APLICA,SGP-ASIGNACION ESPECIAL-PROGRAMAS DE ALIMENTACION ESCOLAR,,,,,,NO APLICA,,,,,,CON SITUACION DE FONDOS,DIRECCION NACIONAL DEL TESORO MINISTERIO DE HACIENDA Y CREDITO PUBLICO,NO DEFINIDO,77925061.0,77925061.0,77925061.0
9910906,20211201,218552585,Pupiales,2.3.1.01.01.001.04,SUBSIDIO DE ALIMENTACION,GASTOS,INVERSION,GASTOS DE PERSONAL,PLANTA DE PERSONAL PERMANENTE,FACTORES CONSTITUTIVOS DE SALARIO,FACTORES SALARIALES COMUNES,SUBSIDIO DE ALIMENTACION,No Aplica,No Aplica,No Aplica,VIGENCIA ACTUAL,ENTIDADES TERRITORIALES - ADMINISTRACION CENTRAL,NO APLICA,No Aplica,NO DEFINIDO,,,2021,Cuarto Trimestre,,,,NO APLICA,SGP-PROPOSITO GENERAL-PROPOSITO GENERAL LIBRE INVERSION,,,,,,NO APLICA,,,,,,CON SITUACION DE FONDOS,DIRECCION NACIONAL DEL TESORO MINISTERIO DE HACIENDA Y CREDITO PUBLICO,NO DEFINIDO,7682998.0,7682998.0,7682998.0
9911205,20210601,218552585,Pupiales,2.3.2.01.01.001.02,EDIFICACIONES DISTINTAS A VIVIENDAS,GASTOS,INVERSION,ADQUISICION DE BIENES Y SERVICIOS,ADQUISICION DE ACTIVOS NO FINANCIEROS,ACTIVOS FIJOS,EDIFICACIONES Y ESTRUCTURAS,EDIFICACIONES DISTINTAS A VIVIENDAS,No Aplica,No Aplica,No Aplica,VIGENCIA ACTUAL,ENTIDADES TERRITORIALES - ADMINISTRACION CENTRAL,NO DEFINIDO,No Aplica,NO DEFINIDO,,,2021,Segundo Trimestre,,,,NO DEFINIDO,NO DEFINIDO,,,,,,NO DEFINIDO,,,,,,NO DEFINIDO,NO DEFINIDO,NO DEFINIDO,13800000.0,11820000.0,11820000.0
9911640,20220601,218552585,Pupiales,2.1.1.01.02.004,APORTES A CAJAS DE COMPENSACION FAMILIAR,GASTOS,FUNCIONAMIENTO,GASTOS DE PERSONAL,PLANTA DE PERSONAL PERMANENTE,CONTRIBUCIONES INHERENTES A LA NOMINA,APORTES A CAJAS DE COMPENSACION FAMILIAR,No Aplica,No Aplica,No Aplica,No Aplica,VIGENCIA ACTUAL,ENTIDADES TERRITORIALES - ADMINISTRACION CENTRAL,NO APLICA,No Aplica,NO DEFINIDO,,,2022,Segundo Trimestre,,,,NO APLICA,INGRESOS CORRIENTES DE LIBRE DESTINACION,,,,,,NO APLICA,,,,,,CON SITUACION DE FONDOS,NO APLICA,NO APLICA,10137524.0,10137524.0,10137524.0
9912050,20230601,218552585,Pupiales,2.3.1,GASTOS DE PERSONAL,GASTOS,INVERSION,GASTOS DE PERSONAL,No Aplica,No Aplica,No Aplica,No Aplica,No Aplica,No Aplica,No Aplica,VIGENCIA ACTUAL,ENTIDADES TERRITORIALES - ADMINISTRACION CENTRAL,NO DEFINIDO,No Aplica,NO DEFINIDO,,,2023,Segundo Trimestre,,,,NO DEFINIDO,NO DEFINIDO,,,,,,NO DEFINIDO,,,,,,NO DEFINIDO,NO DEFINIDO,NO DEFINIDO,133909572.0,131500353.0,131500353.0
9915997,20220301,218552585,Pupiales,2.2.2,SERVICIO DE LA DEUDA PUBLICA INTERNA,GASTOS,SERVICIO DE LA DEUDA PUBLICA,SERVICIO DE LA DEUDA PUBLICA INTERNA,No Aplica,No Aplica,No Aplica,No Aplica,No Aplica,No Aplica,No Aplica,VIGENCIA ACTUAL,ENTIDADES TERRITORIALES - ADMINISTRACION CENTRAL,NO DEFINIDO,No Aplica,NO DEFINIDO,,,2022,Primer Trimestre,,,,NO DEFINIDO,NO DEFINIDO,,,,,,NO DEFINIDO,,,,,,NO DEFINIDO,NO DEFINIDO,NO DEFINIDO,116678493.0,116678493.0,116678493.0
9916637,20230601,218552585,Pupiales,2.3.1.01.02.005,APORTES GENERALES AL SISTEMA DE RIESGOS LABORALES,GASTOS,INVERSION,GASTOS DE PERSONAL,PLANTA DE PERSONAL PERMANENTE,CONTRIBUCIONES INHERENTES A LA NOMINA,APORTES GENERALES AL SISTEMA DE RIESGOS LABORALES,No Aplica,No Aplica,No Aplica,No Aplica,VIGENCIA ACTUAL,ENTIDADES TERRITORIALES - ADMINISTRACION CENTRAL,SERVICIO DE JUSTICIA A LOS CIUDADANOS,No Aplica,NO DEFINIDO,,,2023,Segundo Trimestre,,,,NO APLICA,SGP-PROPOSITO GENERAL-PROPOSITO GENERAL LIBRE INVERSION,,,,,,NO APLICA,,,,,,CON SITUACION DE FONDOS,NO APLICA,NO APLICA,476981.0,476981.0,476981.0
9919994,20220901,218552585,Pupiales,2.1.1.01.01.001.01,SUELDO BASICO,GASTOS,FUNCIONAMIENTO,GASTOS DE PERSONAL,PLANTA DE PERSONAL PERMANENTE,FACTORES CONSTITUTIVOS DE SALARIO,FACTORES SALARIALES COMUNES,SUELDO BASICO,No Aplica,No Aplica,No Aplica,VIGENCIA ACTUAL,ENTIDADES TERRITORIALES - PERSONERIA,NO APLICA,No Aplica,NO DEFINIDO,,,2022,Tercer Trimestre,,,,NO APLICA,INGRESOS CORRIENTES DE LIBRE DESTINACION,,,,,,NO APLICA,,,,,,CON SITUACION DE FONDOS,NO APLICA,NO APLICA,97793337.0,97793337.0,97793337.0
9922946,20220301,218552585,Pupiales,2.3.3.01,SUBVENCIONES,GASTOS,INVERSION,TRANSFERENCIAS CORRIENTES,SUBVENCIONES,No Aplica,No Aplica,No Aplica,No Aplica,No Aplica,No Aplica,VIGENCIA ACTUAL,ENTIDADES TERRITORIALES - ADMINISTRACION CENTRAL,NO DEFINIDO,No Aplica,NO DEFINIDO,,,2022,Primer Trimestre,,,,NO DEFINIDO,NO DEFINIDO,,,,,,NO DEFINIDO,,,,,,NO DEFINIDO,NO DEFINIDO,NO DEFINIDO,491892531.0,71896365.0,71896365.0
9926111,20211201,218552585,Pupiales,2.2.2.01.02.002,ENTIDADES FINANCIERAS,GASTOS,SERVICIO DE LA DEUDA PUBLICA,SERVICIO DE LA DEUDA PUBLICA INTERNA,PRINCIPAL,PRESTAMOS,ENTIDADES FINANCIERAS,No Aplica,No Aplica,No Aplica,No Aplica,VIGENCIA ACTUAL,ENTIDADES TERRITORIALES - ADMINISTRACION CENTRAL,NO DEFINIDO,No Aplica,NO DEFINIDO,,,2021,Cuarto Trimestre,,,,NO DEFINIDO,NO DEFINIDO,,,,,,NO DEFINIDO,,,,,,NO DEFINIDO,NO DEFINIDO,NO DEFINIDO,206879702.0,206879702.0,206879702.0
9932329,20220901,218552585,Pupiales,2.1.3.13,SENTENCIAS Y CONCILIACIONES,GASTOS,FUNCIONAMIENTO,TRANSFERENCIAS CORRIENTES,SENTENCIAS Y CONCILIACIONES,No Aplica,No Aplica,No Aplica,No Aplica,No Aplica,No Aplica,VIGENCIA ACTUAL,ENTIDADES TERRITORIALES - ADMINISTRACION CENTRAL,NO DEFINIDO,No Aplica,NO DEFINIDO,,,2022,Tercer Trimestre,,,,NO DEFINIDO,NO DEFINIDO,,,,,,NO DEFINIDO,,,,,,NO DEFINIDO,NO DEFINIDO,NO DEFINIDO,13993200.0,13993200.0,13993200.0
9932882,20220601,218552585,Pupiales,2.3.2.02.02.009,"SERVICIOS PARA LA COMUNIDAD, SOCIALES Y PERSONALES",GASTOS,INVERSION,ADQUISICION DE BIENES Y SERVICIOS,ADQUISICIONES DIFERENTES DE ACTIVOS,ADQUISICION DE SERVICIOS,"SERVICIOS PARA LA COMUNIDAD, SOCIALES Y PERSONALES",No Aplica,No Aplica,No Aplica,No Aplica,VIGENCIA ACTUAL,ENTIDADES TERRITORIALES - ADMINISTRACION CENTRAL,SERVICIO DE ATENCION EN SALUD A LA POBLACION,No Aplica,NO DEFINIDO,,,2022,Segundo Trimestre,,,,OTROS SERVICIOS DIVERSOS N C P,SGP-SALUD-SUBSIDIO A LA OFERTA,,,,,,NO APLICA,,,,,,SIN SITUACION DE FONDOS,DIRECCION NACIONAL DEL TESORO MINISTERIO DE HACIENDA Y CREDITO PUBLICO,NO APLICA,216860475.0,88213013.0,88213013.0
9936545,20230601,218552585,Pupiales,2.2.2.01.02,PRESTAMOS,GASTOS,SERVICIO DE LA DEUDA PUBLICA,SERVICIO DE LA DEUDA PUBLICA INTERNA,PRINCIPAL,PRESTAMOS,No Aplica,No Aplica,No Aplica,No Aplica,No Aplica,VIGENCIA ACTUAL,ENTIDADES TERRITORIALES - ADMINISTRACION CENTRAL,NO DEFINIDO,No Aplica,NO DEFINIDO,,,2023,Segundo Trimestre,,,,NO DEFINIDO,NO DEFINIDO,,,,,,NO DEFINIDO,,,,,,NO DEFINIDO,NO DEFINIDO,NO DEFINIDO,186613810.0,186613810.0,186613810.0
9936744,20230601,218552585,Pupiales,2.3.2.02.02,ADQUISICION DE SERVICIOS,GASTOS,INVERSION,ADQUISICION DE BIENES Y SERVICIOS,ADQUISICIONES DIFERENTES DE ACTIVOS,ADQUISICION DE SERVICIOS,No Aplica,No Aplica,No Aplica,No Aplica,No Aplica,CUENTAS POR PAGAR,ENTIDADES DIFERENTES A ENTIDADES TERRITORIALES - GESTION GENERAL,NO DEFINIDO,No Aplica,NO DEFINIDO,,,2023,Segundo Trimestre,,,,NO DEFINIDO,NO DEFINIDO,,,,,,NO DEFINIDO,,,,,,NO DEFINIDO,NO DEFINIDO,NO DEFINIDO,3897204.0,3897204.0,3897204.0
9938635,20210301,218552585,Pupiales,2.3.1.01.03,REMUNERACIONES NO CONSTITUTIVAS DE FACTOR SALARIAL,GASTOS,INVERSION,GASTOS DE PERSONAL,PLANTA DE PERSONAL PERMANENTE,REMUNERACIONES NO CONSTITUTIVAS DE FACTOR SALARIAL,No Aplica,No Aplica,No Aplica,No Aplica,No Aplica,VIGENCIA ACTUAL,ENTIDADES TERRITORIALES - ADMINISTRACION CENTRAL,NO DEFINIDO,No Aplica,NO DEFINIDO,,,2021,Primer Trimestre,,,,NO DEFINIDO,NO DEFINIDO,,,,,,NO DEFINIDO,,,,,,NO DEFINIDO,NO DEFINIDO,NO DEFINIDO,2526194.0,2526194.0,2526194.0
9938730,20220901,218552585,Pupiales,2.3.2.02.02.006,"COMERCIO Y DISTRIBUCION; ALOJAMIENTO; SERVICIOS DE SUMINISTRO DE COMIDAS Y BEBIDAS; SERVICIOS DE TRANSPORTE; Y SERVICIOS DE DISTRIBUCION DE ELECTRICIDAD, GAS Y AGUA",GASTOS,INVERSION,ADQUISICION DE BIENES Y SERVICIOS,ADQUISICIONES DIFERENTES DE ACTIVOS,ADQUISICION DE SERVICIOS,"COMERCIO Y DISTRIBUCION; ALOJAMIENTO; SERVICIOS DE SUMINISTRO DE COMIDAS Y BEBIDAS; SERVICIOS DE TRANSPORTE; Y SERVICIOS DE DISTRIBUCION DE ELECTRICIDAD, GAS Y AGUA",No Aplica,No Aplica,No Aplica,No Aplica,VIGENCIA ACTUAL,ENTIDADES TERRITORIALES - ADMINISTRACION CENTRAL,SERVICIO DE APOYO FINANCIERO AL CONSUMO DEL SERVICIO DE ENERGIA ELECTRICA DEL SISTEMA INTERCONECTADO NACIONAL,No Aplica,NO DEFINIDO,,,2022,Tercer Trimestre,,,,OTROS SERVICIOS DE LA ADMINISTRACION PUBLICA N C P,SGP-PROPOSITO GENERAL-PROPOSITO GENERAL LIBRE INVERSION,,,,,,NO APLICA,,,,,,CON SITUACION DE FONDOS,DIRECCION NACIONAL DEL TESORO MINISTERIO DE HACIENDA Y CREDITO PUBLICO,NO APLICA,199469040.0,199407652.0,199407652.0
9940872,20211201,218552585,Pupiales,2.3.2.02.02.009,"SERVICIOS PARA LA COMUNIDAD, SOCIALES Y PERSONALES",GASTOS,INVERSION,ADQUISICION DE BIENES Y SERVICIOS,ADQUISICIONES DIFERENTES DE ACTIVOS,ADQUISICION DE SERVICIOS,"SERVICIOS PARA LA COMUNIDAD, SOCIALES Y PERSONALES",No Aplica,No Aplica,No Aplica,No Aplica,VIGENCIA ACTUAL,ENTIDADES TERRITORIALES - ADMINISTRACION CENTRAL,SERVICIO DE ATENCION EN SALUD A LA POBLACION,No Aplica,NO DEFINIDO,,,2021,Cuarto Trimestre,,,,OTROS SERVICIOS DIVERSOS N C P,TRANSFERENCIAS DE CAPITAL DE OTRAS ENTIDADES DEL GOBIERNO GENERAL,,,,,,NO APLICA,,,,,,SIN SITUACION DE FONDOS,MINISTERIO DE SALUD Y PROTECCION SOCIAL,NO DEFINIDO,9134031459.0,9134031459.0,9134031459.0
9941315,20230301,218552585,Pupiales,2.3.2,ADQUISICION DE BIENES Y SERVICIOS,GASTOS,INVERSION,ADQUISICION DE BIENES Y SERVICIOS,No Aplica,No Aplica,No Aplica,No Aplica,No Aplica,No Aplica,No Aplica,RESERVAS,ENTIDADES TERRITORIALES - ADMINISTRACION CENTRAL,NO DEFINIDO,No Aplica,NO DEFINIDO,,,2023,Primer Trimestre,,,,NO DEFINIDO,NO DEFINIDO,,,,,,NO DEFINIDO,,,,,,NO DEFINIDO,NO DEFINIDO,NO DEFINIDO,3952024126.0,243286453.0,243286453.0
9942504,20230601,218552585,Pupiales,2.2.2.01.02.002.02,BANCA COMERCIAL,GASTOS,SERVICIO DE LA DEUDA PUBLICA,SERVICIO DE LA DEUDA PUBLICA INTERNA,PRINCIPAL,PRESTAMOS,ENTIDADES FINANCIERAS,BANCA COMERCIAL,No Aplica,No Aplica,No Aplica,VIGENCIA ACTUAL,ENTIDADES TERRITORIALES - ADMINISTRACION CENTRAL,NO DEFINIDO,No Aplica,NO DEFINIDO,,,2023,Segundo Trimestre,,,,NO DEFINIDO,NO DEFINIDO,,,,,,NO DEFINIDO,,,,,,NO DEFINIDO,NO DEFINIDO,NO DEFINIDO,186613810.0,186613810.0,186613810.0
9942866,20230601,218552585,Pupiales,2.3.1.01.02.001,APORTES A LA SEGURIDAD SOCIAL EN PENSIONES,GASTOS,INVERSION,GASTOS DE PERSONAL,PLANTA DE PERSONAL PERMANENTE,CONTRIBUCIONES INHERENTES A LA NOMINA,APORTES A LA SEGURIDAD SOCIAL EN PENSIONES,No Aplica,No Aplica,No Aplica,No Aplica,VIGENCIA ACTUAL,ENTIDADES TERRITORIALES - ADMINISTRACION CENTRAL,SERVICIO DE JUSTICIA A LOS CIUDADANOS,No Aplica,NO DEFINIDO,,,2023,Segundo Trimestre,,,,NO APLICA,SGP-PROPOSITO GENERAL-PROPOSITO GENERAL LIBRE INVERSION,,,,,,NO APLICA,,,,,,CON SITUACION DE FONDOS,NO APLICA,NO APLICA,3139849.0,3139849.0,3139849.0
9945028,20230601,218552585,Pupiales,2.1.2.02.02.006,"COMERCIO Y DISTRIBUCION; ALOJAMIENTO; SERVICIOS DE SUMINISTRO DE COMIDAS Y BEBIDAS; SERVICIOS DE TRANSPORTE; Y SERVICIOS DE DISTRIBUCION DE ELECTRICIDAD, GAS Y AGUA",GASTOS,FUNCIONAMIENTO,ADQUISICION DE BIENES Y SERVICIOS,ADQUISICIONES DIFERENTES DE ACTIVOS,ADQUISICION DE SERVICIOS,"COMERCIO Y DISTRIBUCION; ALOJAMIENTO; SERVICIOS DE SUMINISTRO DE COMIDAS Y BEBIDAS; SERVICIOS DE TRANSPORTE; Y SERVICIOS DE DISTRIBUCION DE ELECTRICIDAD, GAS Y AGUA",No Aplica,No Aplica,No Aplica,No Aplica,VIGENCIA ACTUAL,ENTIDADES TERRITORIALES - ADMINISTRACION CENTRAL,NO APLICA,No Aplica,NO DEFINIDO,,,2023,Segundo Trimestre,,,,OTRO COMERCIO AL POR MENOR DE CAFE TE Y OTRAS ESPECIAS NO REALIZADOS EN ESTABLECIMIENTOS,"SGP-PROPOSITO GENERAL-LIBRE DESTINACION MUNICIPIOS CATEGORIAS 4, 5 Y 6",,,,,,NO APLICA,,,,,,CON SITUACION DE FONDOS,NO APLICA,NO APLICA,10000000.0,0.0,0.0
9946263,20220601,218552585,Pupiales,2.3.1.01.02.002,APORTES A LA SEGURIDAD SOCIAL EN SALUD,GASTOS,INVERSION,GASTOS DE PERSONAL,PLANTA DE PERSONAL PERMANENTE,CONTRIBUCIONES INHERENTES A LA NOMINA,APORTES A LA SEGURIDAD SOCIAL EN SALUD,No Aplica,No Aplica,No Aplica,No Aplica,VIGENCIA ACTUAL,ENTIDADES TERRITORIALES - ADMINISTRACION CENTRAL,NO APLICA,No Aplica,NO DEFINIDO,,,2022,Segundo Trimestre,,,,NO APLICA,SGP-PROPOSITO GENERAL-PROPOSITO GENERAL LIBRE INVERSION,,,,,,NO APLICA,,,,,,CON SITUACION DE FONDOS,DIRECCION NACIONAL DEL TESORO MINISTERIO DE HACIENDA Y CREDITO PUBLICO,NO APLICA,7266245.0,7266245.0,7266245.0
9947458,20230601,218552585,Pupiales,2.3.2.02.02.009,"SERVICIOS PARA LA COMUNIDAD, SOCIALES Y PERSONALES",GASTOS,INVERSION,ADQUISICION DE BIENES Y SERVICIOS,ADQUISICIONES DIFERENTES DE ACTIVOS,ADQUISICION DE SERVICIOS,"SERVICIOS PARA LA COMUNIDAD, SOCIALES Y PERSONALES",No Aplica,No Aplica,No Aplica,No Aplica,VIGENCIA ACTUAL,ENTIDADES TERRITORIALES - ADMINISTRACION CENTRAL,SERVICIO DE PROMOCION A LA PARTICIPACION CIUDADANA,No Aplica,NO DEFINIDO,,,2023,Segundo Trimestre,,,,SERVICIOS DE LOS ORGANOS DE CONTROL Y OTRAS INSTITUCIONES,SGP-PROPOSITO GENERAL-PROPOSITO GENERAL LIBRE INVERSION,,,,,,NO APLICA,,,,,,CON SITUACION DE FONDOS,NO APLICA,NO APLICA,19200000.0,5600000.0,5600000.0
9949255,20220901,218552585,Pupiales,2.3.2.02.02.009,"SERVICIOS PARA LA COMUNIDAD, SOCIALES Y PERSONALES",GASTOS,INVERSION,ADQUISICION DE BIENES Y SERVICIOS,ADQUISICIONES DIFERENTES DE ACTIVOS,ADQUISICION DE SERVICIOS,"SERVICIOS PARA LA COMUNIDAD, SOCIALES Y PERSONALES",No Aplica,No Aplica,No Aplica,No Aplica,VIGENCIA ACTUAL,ENTIDADES TERRITORIALES - ADMINISTRACION CENTRAL,"SERVICIO DE APOYO A LA ACTIVIDAD FISICA, LA RECREACION Y EL DEPORTE",No Aplica,NO DEFINIDO,,,2022,Tercer Trimestre,,,,OTROS SERVICIOS DE LA ADMINISTRACION PUBLICA N C P,IMPUESTO AL CONSUMO DE CIGARRILLOS Y TABACO,,,,,,NO APLICA,,,,,,CON SITUACION DE FONDOS,NO APLICA,NO APLICA,9550000.0,9550000.0,9550000.0
9949377,20220601,218552585,Pupiales,2.3.3.01.02.004.02,SUBSIDIOS DE ALCANTARILLADO,GASTOS,INVERSION,TRANSFERENCIAS CORRIENTES,SUBVENCIONES,A EMPRESAS PUBLICAS NO FINANCIERAS,SUBVENCIONES PARA SERVICIOS PUBLICOS DOMICILIARIOS DE AGUA POTABLE Y SANEAMIENTO BASICO,SUBSIDIOS DE ALCANTARILLADO,No Aplica,No Aplica,No Aplica,VIGENCIA ACTUAL,ENTIDADES TERRITORIALES - ADMINISTRACION CENTRAL,SERVICIO DE APOYO FINANCIERO PARA SUBSIDIOS AL CONSUMO EN LOS SERVICIOS PUBLICOS DOMICILIARIOS,2021525850015,NO DEFINIDO,,,2022,Segundo Trimestre,,,,NO APLICA,SGP-AGUA POTABLE Y SANEAMIENTO BASICO,,,,,,NO APLICA,,,,,,CON SITUACION DE FONDOS,DIRECCION NACIONAL DEL TESORO MINISTERIO DE HACIENDA Y CREDITO PUBLICO,NO APLICA,80609105.0,33236219.0,33236219.0
9950127,20220901,218552585,Pupiales,2.1.1.01.02.008,APORTES A LA ESAP,GASTOS,FUNCIONAMIENTO,GASTOS DE PERSONAL,PLANTA DE PERSONAL PERMANENTE,CONTRIBUCIONES INHERENTES A LA NOMINA,APORTES A LA ESAP,No Aplica,No Aplica,No Aplica,No Aplica,VIGENCIA ACTUAL,ENTIDADES TERRITORIALES - ADMINISTRACION CENTRAL,NO APLICA,No Aplica,NO DEFINIDO,,,2022,Tercer Trimestre,,,,NO APLICA,INGRESOS CORRIENTES DE LIBRE DESTINACION,,,,,,NO APLICA,,,,,,CON SITUACION DE FONDOS,NO APLICA,NO APLICA,1785758.0,1785758.0,1785758.0
9954612,20221201,218552585,Pupiales,2.3.1.01.03.001.03,BONIFICACION ESPECIAL DE RECREACION,GASTOS,INVERSION,GASTOS DE PERSONAL,PLANTA DE PERSONAL PERMANENTE,REMUNERACIONES NO CONSTITUTIVAS DE FACTOR SALARIAL,PRESTACIONES SOCIALES,BONIFICACION ESPECIAL DE RECREACION,No Aplica,No Aplica,No Aplica,VIGENCIA ACTUAL,ENTIDADES TERRITORIALES - ADMINISTRACION CENTRAL,NO APLICA,No Aplica,NO DEFINIDO,,,2022,Cuarto Trimestre,,,,NO APLICA,SGP-PROPOSITO GENERAL-PROPOSITO GENERAL LIBRE INVERSION,,,,,,NO APLICA,,,,,,CON SITUACION DE FONDOS,DIRECCION NACIONAL DEL TESORO MINISTERIO DE HACIENDA Y CREDITO PUBLICO,NO APLICA,802545.0,802545.0,802545.0
9954720,20220601,218552585,Pupiales,2.1.3.13.01.001,SENTENCIAS,GASTOS,FUNCIONAMIENTO,TRANSFERENCIAS CORRIENTES,SENTENCIAS Y CONCILIACIONES,FALLOS NACIONALES,SENTENCIAS,No Aplica,No Aplica,No Aplica,No Aplica,VIGENCIA ACTUAL,ENTIDADES TERRITORIALES - ADMINISTRACION CENTRAL,NO APLICA,No Aplica,NO DEFINIDO,,,2022,Segundo Trimestre,,,,NO APLICA,"SGP-PROPOSITO GENERAL-LIBRE DESTINACION MUNICIPIOS CATEGORIAS 4, 5 Y 6",,,,,,NO APLICA,,,,,,CON SITUACION DE FONDOS,NO APLICA,NO APLICA,13993200.0,13993200.0,13993200.0
9955355,20230601,218552585,Pupiales,2.1.2.02,ADQUISICIONES DIFERENTES DE ACTIVOS,GASTOS,FUNCIONAMIENTO,ADQUISICION DE BIENES Y SERVICIOS,ADQUISICIONES DIFERENTES DE ACTIVOS,No Aplica,No Aplica,No Aplica,No Aplica,No Aplica,No Aplica,CUENTAS POR PAGAR,ENTIDADES TERRITORIALES - ADMINISTRACION CENTRAL,NO DEFINIDO,No Aplica,NO DEFINIDO,,,2023,Segundo Trimestre,,,,NO DEFINIDO,NO DEFINIDO,,,,,,NO DEFINIDO,,,,,,NO DEFINIDO,NO DEFINIDO,NO DEFINIDO,2200000.0,2200000.0,0.0
9955821,20230601,218552585,Pupiales,2.3.3.05.08,A ESQUEMAS ASOCIATIVOS,GASTOS,INVERSION,TRANSFERENCIAS CORRIENTES,A ENTIDADES DEL GOBIERNO,A ESQUEMAS ASOCIATIVOS,No Aplica,No Aplica,No Aplica,No Aplica,No Aplica,VIGENCIA ACTUAL,ENTIDADES TERRITORIALES - ADMINISTRACION CENTRAL,NO DEFINIDO,No Aplica,NO DEFINIDO,,,2023,Segundo Trimestre,,,,NO DEFINIDO,NO DEFINIDO,,,,,,NO DEFINIDO,,,,,,NO DEFINIDO,NO DEFINIDO,NO DEFINIDO,343928151.0,343928151.0,343928151.0
9960585,20230301,218552585,Pupiales,2.1,FUNCIONAMIENTO,GASTOS,FUNCIONAMIENTO,No Aplica,No Aplica,No Aplica,No Aplica,No Aplica,No Aplica,No Aplica,No Aplica,CUENTAS POR PAGAR,ENTIDADES TERRITORIALES - ADMINISTRACION CENTRAL,NO DEFINIDO,No Aplica,NO DEFINIDO,,,2023,Primer Trimestre,,,,NO DEFINIDO,NO DEFINIDO,,,,,,NO DEFINIDO,,,,,,NO DEFINIDO,NO DEFINIDO,NO DEFINIDO,2281959.0,2281959.0,481959.0
9960878,20230601,218552585,Pupiales,2.3.1,GASTOS DE PERSONAL,GASTOS,INVERSION,GASTOS DE PERSONAL,No Aplica,No Aplica,No Aplica,No Aplica,No Aplica,No Aplica,No Aplica,CUENTAS POR PAGAR,ENTIDADES TERRITORIALES - ADMINISTRACION CENTRAL,NO DEFINIDO,No Aplica,NO DEFINIDO,,,2023,Segundo Trimestre,,,,NO DEFINIDO,NO DEFINIDO,,,,,,NO DEFINIDO,,,,,,NO DEFINIDO,NO DEFINIDO,NO DEFINIDO,15810000.0,15810000.0,15810000.0
9961348,20220901,218552585,Pupiales,2.3.1,GASTOS DE PERSONAL,GASTOS,INVERSION,GASTOS DE PERSONAL,No Aplica,No Aplica,No Aplica,No Aplica,No Aplica,No Aplica,No Aplica,VIGENCIA ACTUAL,ENTIDADES TERRITORIALES - ADMINISTRACION CENTRAL,NO DEFINIDO,No Aplica,NO DEFINIDO,,,2022,Tercer Trimestre,,,,NO DEFINIDO,NO DEFINIDO,,,,,,NO DEFINIDO,,,,,,NO DEFINIDO,NO DEFINIDO,NO DEFINIDO,209593803.0,209593803.0,209593803.0
9966059,20211201,218552585,Pupiales,2.3.1.01.02.009,APORTES A ESCUELAS INDUSTRIALES E INSTITUTOS TECNICOS,GASTOS,INVERSION,GASTOS DE PERSONAL,PLANTA DE PERSONAL PERMANENTE,CONTRIBUCIONES INHERENTES A LA NOMINA,APORTES A ESCUELAS INDUSTRIALES E INSTITUTOS TECNICOS,No Aplica,No Aplica,No Aplica,No Aplica,VIGENCIA ACTUAL,ENTIDADES TERRITORIALES - ADMINISTRACION CENTRAL,NO APLICA,No Aplica,NO DEFINIDO,,,2021,Cuarto Trimestre,,,,NO APLICA,SGP-PROPOSITO GENERAL-PROPOSITO GENERAL LIBRE INVERSION,,,,,,NO APLICA,,,,,,CON SITUACION DE FONDOS,DIRECCION NACIONAL DEL TESORO MINISTERIO DE HACIENDA Y CREDITO PUBLICO,NO DEFINIDO,1556401.0,1556401.0,1556401.0
9966716,20210901,218552585,Pupiales,2.3.1.01.01.001.01,SUELDO BASICO,GASTOS,INVERSION,GASTOS DE PERSONAL,PLANTA DE PERSONAL PERMANENTE,FACTORES CONSTITUTIVOS DE SALARIO,FACTORES SALARIALES COMUNES,SUELDO BASICO,No Aplica,No Aplica,No Aplica,VIGENCIA ACTUAL,ENTIDADES TERRITORIALES - ADMINISTRACION CENTRAL,NO APLICA,No Aplica,NO DEFINIDO,,,2021,Tercer Trimestre,,,,NO APLICA,1.2.4.3.03 - SGP-PROPOSITO GENERAL-PROPOSITO GENERAL LIBRE INVERSION,,,,,,NO APLICA,,,,,,CON SITUACION DE FONDOS,DIRECCION NACIONAL DEL TESORO MINISTERIO DE HACIENDA Y CREDITO PUBLICO,NO DEFINIDO,122029964.0,122029964.0,122029964.0
9966754,20220901,218552585,Pupiales,2.1.1.01.02.003,APORTES DE CESANTIAS,GASTOS,FUNCIONAMIENTO,GASTOS DE PERSONAL,PLANTA DE PERSONAL PERMANENTE,CONTRIBUCIONES INHERENTES A LA NOMINA,APORTES DE CESANTIAS,No Aplica,No Aplica,No Aplica,No Aplica,VIGENCIA ACTUAL,ENTIDADES TERRITORIALES - ADMINISTRACION CENTRAL,NO APLICA,No Aplica,NO DEFINIDO,,,2022,Tercer Trimestre,,,,NO APLICA,INGRESOS CORRIENTES DE LIBRE DESTINACION,,,,,,NO APLICA,,,,,,CON SITUACION DE FONDOS,NO APLICA,NO APLICA,82627311.0,82627311.0,82627311.0
9968841,20220301,218552585,Pupiales,2.3.2.02.02.009,"SERVICIOS PARA LA COMUNIDAD, SOCIALES Y PERSONALES",GASTOS,INVERSION,ADQUISICION DE BIENES Y SERVICIOS,ADQUISICIONES DIFERENTES DE ACTIVOS,ADQUISICION DE SERVICIOS,"SERVICIOS PARA LA COMUNIDAD, SOCIALES Y PERSONALES",No Aplica,No Aplica,No Aplica,No Aplica,VIGENCIA ACTUAL,ENTIDADES TERRITORIALES - ADMINISTRACION CENTRAL,"SERVICIO DE INSPECCION, VIGILANCIA Y CONTROL1903011",No Aplica,NO DEFINIDO,,,2022,Primer Trimestre,,,,OTROS SERVICIOS ADMINISTRATIVOS DEL GOBIERNO N C P,SGP-SALUD-PRESTACION DEL SERVICIO DE SALUD,,,,,,NO APLICA,,,,,,CON SITUACION DE FONDOS,DIRECCION NACIONAL DEL TESORO MINISTERIO DE HACIENDA Y CREDITO PUBLICO,NO APLICA,14923750.0,2000000.0,2000000.0
9974176,20230601,218552585,Pupiales,2.3.2.02.02.009,"SERVICIOS PARA LA COMUNIDAD, SOCIALES Y PERSONALES",GASTOS,INVERSION,ADQUISICION DE BIENES Y SERVICIOS,ADQUISICIONES DIFERENTES DE ACTIVOS,ADQUISICION DE SERVICIOS,"SERVICIOS PARA LA COMUNIDAD, SOCIALES Y PERSONALES",No Aplica,No Aplica,No Aplica,No Aplica,VIGENCIA ACTUAL,ENTIDADES TERRITORIALES - ADMINISTRACION CENTRAL,SERVICIO DE ATENCION EN SALUD A LA POBLACION,No Aplica,NO DEFINIDO,,,2023,Segundo Trimestre,,,,SERVICIOS DE LOS ORGANOS DE CONTROL Y OTRAS INSTITUCIONES,DERECHOS POR LA EXPLOTACION JUEGOS DE SUERTE Y AZAR,,,,,,NO APLICA,,,,,,SIN SITUACION DE FONDOS,E.P.S. ENTIDAD PROMOTORA DE SALUD MALLAMAS INDIGENA,NO APLICA,29462604.0,29462604.0,29462604.0
9975876,20211201,218552585,Pupiales,2.1.1.01.02.005,APORTES GENERALES AL SISTEMA DE RIESGOS LABORALES,GASTOS,FUNCIONAMIENTO,GASTOS DE PERSONAL,PLANTA DE PERSONAL PERMANENTE,CONTRIBUCIONES INHERENTES A LA NOMINA,APORTES GENERALES AL SISTEMA DE RIESGOS LABORALES,No Aplica,No Aplica,No Aplica,No Aplica,VIGENCIA ACTUAL,ENTIDADES TERRITORIALES - ADMINISTRACION CENTRAL,NO APLICA,No Aplica,NO DEFINIDO,,,2021,Cuarto Trimestre,,,,NO APLICA,INGRESOS CORRIENTES DE LIBRE DESTINACION,,,,,,NO APLICA,,,,,,CON SITUACION DE FONDOS,NO APLICA,NO DEFINIDO,5366955.0,5366955.0,5366955.0
9979960,20220601,218552585,Pupiales,2.2,SERVICIO DE LA DEUDA PUBLICA,GASTOS,SERVICIO DE LA DEUDA PUBLICA,No Aplica,No Aplica,No Aplica,No Aplica,No Aplica,No Aplica,No Aplica,No Aplica,VIGENCIA ACTUAL,ENTIDADES TERRITORIALES - ADMINISTRACION CENTRAL,NO DEFINIDO,No Aplica,NO DEFINIDO,,,2022,Segundo Trimestre,,,,NO DEFINIDO,NO DEFINIDO,,,,,,NO DEFINIDO,,,,,,NO DEFINIDO,NO DEFINIDO,NO DEFINIDO,266597855.0,266597855.0,266597855.0
9981377,20221201,218552585,Pupiales,2.3.2.02.02.005,CONSTRUCCION Y SERVICIOS DE LA CONSTRUCCION,GASTOS,INVERSION,ADQUISICION DE BIENES Y SERVICIOS,ADQUISICIONES DIFERENTES DE ACTIVOS,ADQUISICION DE SERVICIOS,CONSTRUCCION Y SERVICIOS DE LA CONSTRUCCION,No Aplica,No Aplica,No Aplica,No Aplica,VIGENCIA ACTUAL,ENTIDADES TERRITORIALES - ADMINISTRACION CENTRAL,ESPACIO PUBLICO ADECUADO,No Aplica,NO DEFINIDO,,,2022,Cuarto Trimestre,,,,OTROS SERVICIOS DE LA ADMINISTRACION PUBLICA N C P,SGP-PROPOSITO GENERAL-PROPOSITO GENERAL LIBRE INVERSION,,,,,,NO APLICA,,,,,,CON SITUACION DE FONDOS,NO APLICA,NO APLICA,27944150.0,27944150.0,27944150.0
9981946,20220901,218552585,Pupiales,2.3.2.02.02.009,"SERVICIOS PARA LA COMUNIDAD, SOCIALES Y PERSONALES",GASTOS,INVERSION,ADQUISICION DE BIENES Y SERVICIOS,ADQUISICIONES DIFERENTES DE ACTIVOS,ADQUISICION DE SERVICIOS,"SERVICIOS PARA LA COMUNIDAD, SOCIALES Y PERSONALES",No Aplica,No Aplica,No Aplica,No Aplica,VIGENCIA ACTUAL,ENTIDADES TERRITORIALES - ADMINISTRACION CENTRAL,SERVICIO DE ASISTENCIA TECNICA4503003,2021525850002,NO DEFINIDO,,,2022,Tercer Trimestre,,,,OTROS SERVICIOS DE LA ADMINISTRACION PUBLICA N C P,SGP-PROPOSITO GENERAL-PROPOSITO GENERAL LIBRE INVERSION,,,,,,NO APLICA,,,,,,CON SITUACION DE FONDOS,DIRECCION NACIONAL DEL TESORO MINISTERIO DE HACIENDA Y CREDITO PUBLICO,NO APLICA,22000000.0,20000000.0,20000000.0
9982732,20220301,218552585,Pupiales,2.3.2.02.02.009,"SERVICIOS PARA LA COMUNIDAD, SOCIALES Y PERSONALES",GASTOS,INVERSION,ADQUISICION DE BIENES Y SERVICIOS,ADQUISICIONES DIFERENTES DE ACTIVOS,ADQUISICION DE SERVICIOS,"SERVICIOS PARA LA COMUNIDAD, SOCIALES Y PERSONALES",No Aplica,No Aplica,No Aplica,No Aplica,VIGENCIA ACTUAL,ENTIDADES TERRITORIALES - ADMINISTRACION CENTRAL,"SERVICIO DE CARACTERIZACION DE LA POBLACION VICTIMA PARA SU POSTERIOR ATENCION, ASISTENCIA Y REPARACION INTEGRAL",No Aplica,NO DEFINIDO,,,2022,Primer Trimestre,,,,OTROS SERVICIOS ADMINISTRATIVOS DEL GOBIERNO N C P,SGP-PROPOSITO GENERAL-PROPOSITO GENERAL LIBRE INVERSION,,,,,,NO APLICA,,,,,,CON SITUACION DE FONDOS,DIRECCION NACIONAL DEL TESORO MINISTERIO DE HACIENDA Y CREDITO PUBLICO,NO APLICA,1500000.0,500000.0,500000.0
9982816,20210901,218552585,Pupiales,2.1.2.02.02,ADQUISICION DE SERVICIOS,GASTOS,FUNCIONAMIENTO,ADQUISICION DE BIENES Y SERVICIOS,ADQUISICIONES DIFERENTES DE ACTIVOS,ADQUISICION DE SERVICIOS,No Aplica,No Aplica,No Aplica,No Aplica,No Aplica,VIGENCIA ACTUAL,ENTIDADES TERRITORIALES - ADMINISTRACION CENTRAL,NO DEFINIDO,No Aplica,NO DEFINIDO,,,2021,Tercer Trimestre,,,,NO DEFINIDO,NO DEFINIDO,,,,,,NO DEFINIDO,,,,,,NO DEFINIDO,NO DEFINIDO,NO DEFINIDO,634861367.0,445423721.0,444965286.0
9987998,20230601,218552585,Pupiales,2.3.1.01.02,CONTRIBUCIONES INHERENTES A LA NOMINA,GASTOS,INVERSION,GASTOS DE PERSONAL,PLANTA DE PERSONAL PERMANENTE,CONTRIBUCIONES INHERENTES A LA NOMINA,No Aplica,No Aplica,No Aplica,No Aplica,No Aplica,VIGENCIA ACTUAL,ENTIDADES TERRITORIALES - ADMINISTRACION CENTRAL,NO DEFINIDO,No Aplica,NO DEFINIDO,,,2023,Segundo Trimestre,,,,NO DEFINIDO,NO DEFINIDO,,,,,,NO DEFINIDO,,,,,,NO DEFINIDO,NO DEFINIDO,NO DEFINIDO,23685464.0,23685464.0,23685464.0
9989163,20211201,218552585,Pupiales,2.3.2.02.02,ADQUISICION DE SERVICIOS,GASTOS,INVERSION,ADQUISICION DE BIENES Y SERVICIOS,ADQUISICIONES DIFERENTES DE ACTIVOS,ADQUISICION DE SERVICIOS,No Aplica,No Aplica,No Aplica,No Aplica,No Aplica,VIGENCIA ACTUAL,ENTIDADES TERRITORIALES - ADMINISTRACION CENTRAL,NO DEFINIDO,No Aplica,NO DEFINIDO,,,2021,Cuarto Trimestre,,,,NO DEFINIDO,NO DEFINIDO,,,,,,NO DEFINIDO,,,,,,NO DEFINIDO,NO DEFINIDO,NO DEFINIDO,19818643641.0,19247053234.0,18944744430.0
9991007,20220901,218552585,Pupiales,2.3.1.01.01.001,FACTORES SALARIALES COMUNES,GASTOS,INVERSION,GASTOS DE PERSONAL,PLANTA DE PERSONAL PERMANENTE,FACTORES CONSTITUTIVOS DE SALARIO,FACTORES SALARIALES COMUNES,No Aplica,No Aplica,No Aplica,No Aplica,VIGENCIA ACTUAL,ENTIDADES TERRITORIALES - ADMINISTRACION CENTRAL,NO DEFINIDO,No Aplica,NO DEFINIDO,,,2022,Tercer Trimestre,,,,NO DEFINIDO,NO DEFINIDO,,,,,,NO DEFINIDO,,,,,,NO DEFINIDO,NO DEFINIDO,NO DEFINIDO,162934929.0,162934929.0,162934929.0
9992793,20230601,218552585,Pupiales,2.1.1.01.02,CONTRIBUCIONES INHERENTES A LA NOMINA,GASTOS,FUNCIONAMIENTO,GASTOS DE PERSONAL,PLANTA DE PERSONAL PERMANENTE,CONTRIBUCIONES INHERENTES A LA NOMINA,No Aplica,No Aplica,No Aplica,No Aplica,No Aplica,VIGENCIA ACTUAL,ENTIDADES TERRITORIALES - ADMINISTRACION CENTRAL,NO DEFINIDO,No Aplica,NO DEFINIDO,,,2023,Segundo Trimestre,,,,NO DEFINIDO,NO DEFINIDO,,,,,,NO DEFINIDO,,,,,,NO DEFINIDO,NO DEFINIDO,NO DEFINIDO,86703390.0,86703390.0,86703390.0
9993281,20230601,218552585,Pupiales,2.2.2,SERVICIO DE LA DEUDA PUBLICA INTERNA,GASTOS,SERVICIO DE LA DEUDA PUBLICA,SERVICIO DE LA DEUDA PUBLICA INTERNA,No Aplica,No Aplica,No Aplica,No Aplica,No Aplica,No Aplica,No Aplica,VIGENCIA ACTUAL,ENTIDADES TERRITORIALES - ADMINISTRACION CENTRAL,NO DEFINIDO,No Aplica,NO DEFINIDO,,,2023,Segundo Trimestre,,,,NO DEFINIDO,NO DEFINIDO,,,,,,NO DEFINIDO,,,,,,NO DEFINIDO,NO DEFINIDO,NO DEFINIDO,289975454.0,289975454.0,289975454.0
9994613,20210601,218552585,Pupiales,2.1.1.01.02.005,APORTES GENERALES AL SISTEMA DE RIESGOS LABORALES,GASTOS,FUNCIONAMIENTO,GASTOS DE PERSONAL,PLANTA DE PERSONAL PERMANENTE,CONTRIBUCIONES INHERENTES A LA NOMINA,APORTES GENERALES AL SISTEMA DE RIESGOS LABORALES,No Aplica,No Aplica,No Aplica,No Aplica,VIGENCIA ACTUAL,ENTIDADES TERRITORIALES - ADMINISTRACION CENTRAL,NO APLICA,No Aplica,NO DEFINIDO,,,2021,Segundo Trimestre,,,,NO APLICA,1.2.1.0.00 - INGRESOS CORRIENTES DE LIBRE DESTINACION,,,,,,NO APLICA,,,,,,CON SITUACION DE FONDOS,NO APLICA,NO DEFINIDO,3071709.0,3071709.0,3071709.0
9994968,20220601,218552585,Pupiales,2.3.2.02.02.009,"SERVICIOS PARA LA COMUNIDAD, SOCIALES Y PERSONALES",GASTOS,INVERSION,ADQUISICION DE BIENES Y SERVICIOS,ADQUISICIONES DIFERENTES DE ACTIVOS,ADQUISICION DE SERVICIOS,"SERVICIOS PARA LA COMUNIDAD, SOCIALES Y PERSONALES",No Aplica,No Aplica,No Aplica,No Aplica,VIGENCIA ACTUAL,ENTIDADES TERRITORIALES - ADMINISTRACION CENTRAL,NO APLICA,No Aplica,NO DEFINIDO,,,2022,Segundo Trimestre,,,,OTROS SERVICIOS DIVERSOS N C P,SGP-PROPOSITO GENERAL-DEPORTE Y RECREACION,,,,,,NO APLICA,,,,,,CON SITUACION DE FONDOS,NO APLICA,NO APLICA,2400000.0,2400000.0,2400000.0
9995510,20220301,218552585,Pupiales,2.1.1.01.02.003,APORTES DE CESANTIAS,GASTOS,FUNCIONAMIENTO,GASTOS DE PERSONAL,PLANTA DE PERSONAL PERMANENTE,CONTRIBUCIONES INHERENTES A LA NOMINA,APORTES DE CESANTIAS,No Aplica,No Aplica,No Aplica,No Aplica,VIGENCIA ACTUAL,ENTIDADES TERRITORIALES - ADMINISTRACION CENTRAL,NO APLICA,No Aplica,NO DEFINIDO,,,2022,Primer Trimestre,,,,NO APLICA,INGRESOS CORRIENTES DE LIBRE DESTINACION,,,,,,NO APLICA,,,,,,CON SITUACION DE FONDOS,NO APLICA,NO APLICA,44993154.0,44993154.0,44993154.0
9999972,20221201,218552585,Pupiales,2.3.2.02.02.009,"SERVICIOS PARA LA COMUNIDAD, SOCIALES Y PERSONALES",GASTOS,INVERSION,ADQUISICION DE BIENES Y SERVICIOS,ADQUISICIONES DIFERENTES DE ACTIVOS,ADQUISICION DE SERVICIOS,"SERVICIOS PARA LA COMUNIDAD, SOCIALES Y PERSONALES",No Aplica,No Aplica,No Aplica,No Aplica,VIGENCIA ACTUAL,ENTIDADES TERRITORIALES - ADMINISTRACION CENTRAL,SERVICIO DE GESTION DE OFERTA SOCIAL PARA LA POBLACION VULNERABLE,No Aplica,NO DEFINIDO,,,2022,Cuarto Trimestre,,,,OTROS SERVICIOS DE LA ADMINISTRACION PUBLICA N C P,INGRESOS CORRIENTES DE LIBRE DESTINACION,,,,,,NO APLICA,,,,,,CON SITUACION DE FONDOS,NO APLICA,NO APLICA,13985000.0,13985000.0,13985000.0
10000506,20230601,218552585,Pupiales,2.1.1.01.01.001.08.02,PRIMA DE VACACIONES,GASTOS,FUNCIONAMIENTO,GASTOS DE PERSONAL,PLANTA DE PERSONAL PERMANENTE,FACTORES CONSTITUTIVOS DE SALARIO,FACTORES SALARIALES COMUNES,PRESTACIONES SOCIALES,PRIMA DE VACACIONES,No Aplica,No Aplica,VIGENCIA ACTUAL,ENTIDADES TERRITORIALES - ADMINISTRACION CENTRAL,NO APLICA,No Aplica,NO DEFINIDO,,,2023,Segundo Trimestre,,,,NO APLICA,"SGP-PROPOSITO GENERAL-LIBRE DESTINACION MUNICIPIOS CATEGORIAS 4, 5 Y 6",,,,,,NO APLICA,,,,,,CON SITUACION DE FONDOS,NO APLICA,NO APLICA,12147231.0,11377032.0,11377032.0
10000706,20230301,218552585,Pupiales,2,GASTOS,GASTOS,No Aplica,No Aplica,No Aplica,No Aplica,No Aplica,No Aplica,No Aplica,No Aplica,No Aplica,CUENTAS POR PAGAR,ENTIDADES TERRITORIALES - ADMINISTRACION CENTRAL,NO DEFINIDO,No Aplica,NO DEFINIDO,,,2023,Primer Trimestre,,,,NO DEFINIDO,NO DEFINIDO,,,,,,NO DEFINIDO,,,,,,NO DEFINIDO,NO DEFINIDO,NO DEFINIDO,62342346.0,62342346.0,42351945.0
10003787,20220901,218552585,Pupiales,2.1.3.14,APORTES AL FONPET,GASTOS,FUNCIONAMIENTO,TRANSFERENCIAS CORRIENTES,APORTES AL FONPET,No Aplica,No Aplica,No Aplica,No Aplica,No Aplica,No Aplica,VIGENCIA ACTUAL,ENTIDADES TERRITORIALES - ADMINISTRACION CENTRAL,NO DEFINIDO,No Aplica,NO DEFINIDO,,,2022,Tercer Trimestre,,,,NO DEFINIDO,NO DEFINIDO,,,,,,NO DEFINIDO,,,,,,NO DEFINIDO,NO DEFINIDO,NO DEFINIDO,92177676.0,92177676.0,0.0
10010369,20220301,218552585,Pupiales,2.3.2.02.02.009,"SERVICIOS PARA LA COMUNIDAD, SOCIALES Y PERSONALES",GASTOS,INVERSION,ADQUISICION DE BIENES Y SERVICIOS,ADQUISICIONES DIFERENTES DE ACTIVOS,ADQUISICION DE SERVICIOS,"SERVICIOS PARA LA COMUNIDAD, SOCIALES Y PERSONALES",No Aplica,No Aplica,No Aplica,No Aplica,VIGENCIA ACTUAL,ENTIDADES TERRITORIALES - ADMINISTRACION CENTRAL,SERVICIO DE ASISTENCIA TECNICA4503003,2021525850002,NO DEFINIDO,,,2022,Primer Trimestre,,,,OTROS SERVICIOS ADMINISTRATIVOS DEL GOBIERNO N C P,SGP-PROPOSITO GENERAL-PROPOSITO GENERAL LIBRE INVERSION,,,,,,NO APLICA,,,,,,CON SITUACION DE FONDOS,DIRECCION NACIONAL DEL TESORO MINISTERIO DE HACIENDA Y CREDITO PUBLICO,NO APLICA,20000000.0,7696641.0,7696641.0
10014932,20221201,218552585,Pupiales,2.3.2.02.02.009,"SERVICIOS PARA LA COMUNIDAD, SOCIALES Y PERSONALES",GASTOS,INVERSION,ADQUISICION DE BIENES Y SERVICIOS,ADQUISICIONES DIFERENTES DE ACTIVOS,ADQUISICION DE SERVICIOS,"SERVICIOS PARA LA COMUNIDAD, SOCIALES Y PERSONALES",No Aplica,No Aplica,No Aplica,No Aplica,VIGENCIA ACTUAL,ENTIDADES TERRITORIALES - ADMINISTRACION CENTRAL,SERVICIOS TECNOLOGICOS4599007,No Aplica,NO DEFINIDO,,,2022,Cuarto Trimestre,,,,OTROS SERVICIOS DE LA ADMINISTRACION PUBLICA N C P,SGP-PROPOSITO GENERAL-PROPOSITO GENERAL LIBRE INVERSION,,,,,,NO APLICA,,,,,,CON SITUACION DE FONDOS,NO APLICA,NO APLICA,20992000.0,20992000.0,20992000.0
10017305,20220601,218552585,Pupiales,2.1.1.01.01.001,FACTORES SALARIALES COMUNES,GASTOS,FUNCIONAMIENTO,GASTOS DE PERSONAL,PLANTA DE PERSONAL PERMANENTE,FACTORES CONSTITUTIVOS DE SALARIO,FACTORES SALARIALES COMUNES,No Aplica,No Aplica,No Aplica,No Aplica,VIGENCIA ACTUAL,ENTIDADES TERRITORIALES - PERSONERIA,NO DEFINIDO,No Aplica,NO DEFINIDO,,,2022,Segundo Trimestre,,,,NO DEFINIDO,NO DEFINIDO,,,,,,NO DEFINIDO,,,,,,NO DEFINIDO,NO DEFINIDO,NO DEFINIDO,68887145.0,68887145.0,68887145.0
10025484,20230601,218552585,Pupiales,2.1.1.01.02.002,APORTES A LA SEGURIDAD SOCIAL EN SALUD,GASTOS,FUNCIONAMIENTO,GASTOS DE PERSONAL,PLANTA DE PERSONAL PERMANENTE,CONTRIBUCIONES INHERENTES A LA NOMINA,APORTES A LA SEGURIDAD SOCIAL EN SALUD,No Aplica,No Aplica,No Aplica,No Aplica,VIGENCIA ACTUAL,ENTIDADES TERRITORIALES - ADMINISTRACION CENTRAL,NO APLICA,No Aplica,NO DEFINIDO,,,2023,Segundo Trimestre,,,,NO APLICA,INGRESOS CORRIENTES DE LIBRE DESTINACION,,,,,,NO APLICA,,,,,,CON SITUACION DE FONDOS,NO APLICA,NO APLICA,14384800.0,14384800.0,14384800.0
10025782,20211201,218552585,Pupiales,2.3.2.01.01.005.01.02,"ARBOLES, CULTIVOS Y PLANTAS QUE GENERAN PRODUCTOS EN FORMA REPETIDA",GASTOS,INVERSION,ADQUISICION DE BIENES Y SERVICIOS,ADQUISICION DE ACTIVOS NO FINANCIEROS,ACTIVOS FIJOS,OTROS ACTIVOS FIJOS,RECURSOS BIOLOGICOS CULTIVADOS,"ARBOLES, CULTIVOS Y PLANTAS QUE GENERAN PRODUCTOS EN FORMA REPETIDA",No Aplica,No Aplica,VIGENCIA ACTUAL,ENTIDADES TERRITORIALES - ADMINISTRACION CENTRAL,NO DEFINIDO,No Aplica,NO DEFINIDO,,,2021,Cuarto Trimestre,,,,NO DEFINIDO,NO DEFINIDO,,,,,,NO DEFINIDO,,,,,,NO DEFINIDO,NO DEFINIDO,NO DEFINIDO,25399736.0,25399736.0,25399736.0
10028824,20220901,218552585,Pupiales,2.1.2.02.02.006,"COMERCIO Y DISTRIBUCION; ALOJAMIENTO; SERVICIOS DE SUMINISTRO DE COMIDAS Y BEBIDAS; SERVICIOS DE TRANSPORTE; Y SERVICIOS DE DISTRIBUCION DE ELECTRICIDAD, GAS Y AGUA",GASTOS,FUNCIONAMIENTO,ADQUISICION DE BIENES Y SERVICIOS,ADQUISICIONES DIFERENTES DE ACTIVOS,ADQUISICION DE SERVICIOS,"COMERCIO Y DISTRIBUCION; ALOJAMIENTO; SERVICIOS DE SUMINISTRO DE COMIDAS Y BEBIDAS; SERVICIOS DE TRANSPORTE; Y SERVICIOS DE DISTRIBUCION DE ELECTRICIDAD, GAS Y AGUA",No Aplica,No Aplica,No Aplica,No Aplica,VIGENCIA ACTUAL,ENTIDADES TERRITORIALES - ADMINISTRACION CENTRAL,NO APLICA,No Aplica,NO DEFINIDO,,,2022,Tercer Trimestre,,,,OTROS SERVICIOS DE LA ADMINISTRACION PUBLICA N C P,INGRESOS CORRIENTES DE LIBRE DESTINACION,,,,,,NO APLICA,,,,,,CON SITUACION DE FONDOS,NO APLICA,NO APLICA,55286010.0,45880510.0,45880510.0
10035414,20210601,218552585,Pupiales,2.3.2.01.01.001,EDIFICACIONES Y ESTRUCTURAS,GASTOS,INVERSION,ADQUISICION DE BIENES Y SERVICIOS,ADQUISICION DE ACTIVOS NO FINANCIEROS,ACTIVOS FIJOS,EDIFICACIONES Y ESTRUCTURAS,No Aplica,No Aplica,No Aplica,No Aplica,VIGENCIA ACTUAL,ENTIDADES TERRITORIALES - ADMINISTRACION CENTRAL,NO DEFINIDO,No Aplica,NO DEFINIDO,,,2021,Segundo Trimestre,,,,NO DEFINIDO,NO DEFINIDO,,,,,,NO DEFINIDO,,,,,,NO DEFINIDO,NO DEFINIDO,NO DEFINIDO,108497071.0,70919976.0,46419976.0
10039199,20230601,218552585,Pupiales,2.3.2.01.01.001,EDIFICACIONES Y ESTRUCTURAS,GASTOS,INVERSION,ADQUISICION DE BIENES Y SERVICIOS,ADQUISICION DE ACTIVOS NO FINANCIEROS,ACTIVOS FIJOS,EDIFICACIONES Y ESTRUCTURAS,No Aplica,No Aplica,No Aplica,No Aplica,VIGENCIA ACTUAL,ENTIDADES TERRITORIALES - ADMINISTRACION CENTRAL,NO DEFINIDO,No Aplica,NO DEFINIDO,,,2023,Segundo Trimestre,,,,NO DEFINIDO,NO DEFINIDO,,,,,,NO DEFINIDO,,,,,,NO DEFINIDO,NO DEFINIDO,NO DEFINIDO,96310197.0,26988255.0,26988255.0
10039962,20210301,218552585,Pupiales,2.3.2.01.01,ACTIVOS FIJOS,GASTOS,INVERSION,ADQUISICION DE BIENES Y SERVICIOS,ADQUISICION DE ACTIVOS NO FINANCIEROS,ACTIVOS FIJOS,No Aplica,No Aplica,No Aplica,No Aplica,No Aplica,VIGENCIA ACTUAL,ENTIDADES TERRITORIALES - ADMINISTRACION CENTRAL,NO DEFINIDO,No Aplica,NO DEFINIDO,,,2021,Primer Trimestre,,,,NO DEFINIDO,NO DEFINIDO,,,,,,NO DEFINIDO,,,,,,NO DEFINIDO,NO DEFINIDO,NO DEFINIDO,83997071.0,7710000.0,5750000.0
10043076,20230601,218552585,Pupiales,2.3.2.02.02.009,"SERVICIOS PARA LA COMUNIDAD, SOCIALES Y PERSONALES",GASTOS,INVERSION,ADQUISICION DE BIENES Y SERVICIOS,ADQUISICIONES DIFERENTES DE ACTIVOS,ADQUISICION DE SERVICIOS,"SERVICIOS PARA LA COMUNIDAD, SOCIALES Y PERSONALES",No Aplica,No Aplica,No Aplica,No Aplica,VIGENCIA ACTUAL,ENTIDADES TERRITORIALES - ADMINISTRACION CENTRAL,"SERVICIO DE APOYO FINANCIERO A LOS PLANES, PROGRAMAS Y PROYECTOS DE AGUA POTABLE Y SANEAMIENTO BASICO",No Aplica,NO DEFINIDO,,,2023,Segundo Trimestre,,,,SERVICIOS DE LOS ORGANOS DE CONTROL Y OTRAS INSTITUCIONES,SGP-AGUA POTABLE Y SANEAMIENTO BASICO,,,,,,NO APLICA,,,,,,CON SITUACION DE FONDOS,NO APLICA,NO APLICA,189576037.0,50785000.0,50785000.0
10044532,20220601,218552585,Pupiales,2.1.3.13,SENTENCIAS Y CONCILIACIONES,GASTOS,FUNCIONAMIENTO,TRANSFERENCIAS CORRIENTES,SENTENCIAS Y CONCILIACIONES,No Aplica,No Aplica,No Aplica,No Aplica,No Aplica,No Aplica,VIGENCIA ACTUAL,ENTIDADES TERRITORIALES - ADMINISTRACION CENTRAL,NO DEFINIDO,No Aplica,NO DEFINIDO,,,2022,Segundo Trimestre,,,,NO DEFINIDO,NO DEFINIDO,,,,,,NO DEFINIDO,,,,,,NO DEFINIDO,NO DEFINIDO,NO DEFINIDO,13993200.0,13993200.0,13993200.0
10044868,20210301,218552585,Pupiales,2.3.1.01.03.001.01,VACACIONES,GASTOS,INVERSION,GASTOS DE PERSONAL,PLANTA DE PERSONAL PERMANENTE,REMUNERACIONES NO CONSTITUTIVAS DE FACTOR SALARIAL,PRESTACIONES SOCIALES,VACACIONES,No Aplica,No Aplica,No Aplica,VIGENCIA ACTUAL,ENTIDADES TERRITORIALES - ADMINISTRACION CENTRAL,NO APLICA,No Aplica,NO DEFINIDO,,,2021,Primer Trimestre,,,,NO APLICA,1.2.4.3.03 - SGP-PROPOSITO GENERAL-PROPOSITO GENERAL LIBRE INVERSION,,,,,,NO APLICA,,,,,,CON SITUACION DE FONDOS,DIRECCION NACIONAL DEL TESORO MINISTERIO DE HACIENDA Y CREDITO PUBLICO,NO DEFINIDO,2350783.0,2350783.0,2350783.0
10045702,20230301,218552585,Pupiales,2.3.2.02.02.009,"SERVICIOS PARA LA COMUNIDAD, SOCIALES Y PERSONALES",GASTOS,INVERSION,ADQUISICION DE BIENES Y SERVICIOS,ADQUISICIONES DIFERENTES DE ACTIVOS,ADQUISICION DE SERVICIOS,"SERVICIOS PARA LA COMUNIDAD, SOCIALES Y PERSONALES",No Aplica,No Aplica,No Aplica,No Aplica,CUENTAS POR PAGAR,ENTIDADES TERRITORIALES - ADMINISTRACION CENTRAL,SERVICIO DE ASISTENCIA TECNICA4599031,No Aplica,NO DEFINIDO,,,2023,Primer Trimestre,,,,OTROS SERVICIOS ADMINISTRATIVOS DEL GOBIERNO N C P,"SGP-PROPOSITO GENERAL-LIBRE DESTINACION MUNICIPIOS CATEGORIAS 4, 5 Y 6",,,,,,NO APLICA,,,,,,CON SITUACION DE FONDOS,NO APLICA,NO APLICA,767486.0,767486.0,558172.0
10045926,20220601,218552585,Pupiales,2.3.2.02.02.009,"SERVICIOS PARA LA COMUNIDAD, SOCIALES Y PERSONALES",GASTOS,INVERSION,ADQUISICION DE BIENES Y SERVICIOS,ADQUISICIONES DIFERENTES DE ACTIVOS,ADQUISICION DE SERVICIOS,"SERVICIOS PARA LA COMUNIDAD, SOCIALES Y PERSONALES",No Aplica,No Aplica,No Aplica,No Aplica,VIGENCIA ACTUAL,ENTIDADES TERRITORIALES - ADMINISTRACION CENTRAL,SERVICIO DE APOYO FINANCIERO PARA CREADORES Y GESTORES CULTURALES,No Aplica,NO DEFINIDO,,,2022,Segundo Trimestre,,,,OTROS SERVICIOS DIVERSOS N C P,ESTAMPILLAS,,,,,,NO APLICA,,,,,,CON SITUACION DE FONDOS,NO APLICA,NO APLICA,8000000.0,8000000.0,8000000.0
10050981,20210901,218552585,Pupiales,2.3.1.01.02.009,APORTES A ESCUELAS INDUSTRIALES E INSTITUTOS TECNICOS,GASTOS,INVERSION,GASTOS DE PERSONAL,PLANTA DE PERSONAL PERMANENTE,CONTRIBUCIONES INHERENTES A LA NOMINA,APORTES A ESCUELAS INDUSTRIALES E INSTITUTOS TECNICOS,No Aplica,No Aplica,No Aplica,No Aplica,VIGENCIA ACTUAL,ENTIDADES TERRITORIALES - ADMINISTRACION CENTRAL,NO APLICA,No Aplica,NO DEFINIDO,,,2021,Tercer Trimestre,,,,NO APLICA,1.2.4.3.03 - SGP-PROPOSITO GENERAL-PROPOSITO GENERAL LIBRE INVERSION,,,,,,NO APLICA,,,,,,CON SITUACION DE FONDOS,DIRECCION NACIONAL DEL TESORO MINISTERIO DE HACIENDA Y CREDITO PUBLICO,NO DEFINIDO,1407492.0,1407492.0,1407492.0
10051537,20230301,218552585,Pupiales,2.1.1.01.01.001.08,PRESTACIONES SOCIALES,GASTOS,FUNCIONAMIENTO,GASTOS DE PERSONAL,PLANTA DE PERSONAL PERMANENTE,FACTORES CONSTITUTIVOS DE SALARIO,FACTORES SALARIALES COMUNES,PRESTACIONES SOCIALES,No Aplica,No Aplica,No Aplica,VIGENCIA ACTUAL,ENTIDADES TERRITORIALES - ADMINISTRACION CENTRAL,NO DEFINIDO,No Aplica,NO DEFINIDO,,,2023,Primer Trimestre,,,,NO DEFINIDO,NO DEFINIDO,,,,,,NO DEFINIDO,,,,,,NO DEFINIDO,NO DEFINIDO,NO DEFINIDO,26938796.0,26938796.0,26938796.0
10053408,20220901,218552585,Pupiales,2.2,SERVICIO DE LA DEUDA PUBLICA,GASTOS,SERVICIO DE LA DEUDA PUBLICA,No Aplica,No Aplica,No Aplica,No Aplica,No Aplica,No Aplica,No Aplica,No Aplica,VIGENCIA ACTUAL,ENTIDADES TERRITORIALES - ADMINISTRACION CENTRAL,NO DEFINIDO,No Aplica,NO DEFINIDO,,,2022,Tercer Trimestre,,,,NO DEFINIDO,NO DEFINIDO,,,,,,NO DEFINIDO,,,,,,NO DEFINIDO,NO DEFINIDO,NO DEFINIDO,394825828.0,394825828.0,394825828.0
10053567,20230301,218552585,Pupiales,2.1.3.05,A ENTIDADES DEL GOBIERNO,GASTOS,FUNCIONAMIENTO,TRANSFERENCIAS CORRIENTES,A ENTIDADES DEL GOBIERNO,No Aplica,No Aplica,No Aplica,No Aplica,No Aplica,No Aplica,CUENTAS POR PAGAR,ENTIDADES TERRITORIALES - ADMINISTRACION CENTRAL,NO DEFINIDO,No Aplica,NO DEFINIDO,,,2023,Primer Trimestre,,,,NO DEFINIDO,NO DEFINIDO,,,,,,NO DEFINIDO,,,,,,NO DEFINIDO,NO DEFINIDO,NO DEFINIDO,481959.0,481959.0,481959.0
10056615,20220901,218552585,Pupiales,2.3.2.02.02.009,"SERVICIOS PARA LA COMUNIDAD, SOCIALES Y PERSONALES",GASTOS,INVERSION,ADQUISICION DE BIENES Y SERVICIOS,ADQUISICIONES DIFERENTES DE ACTIVOS,ADQUISICION DE SERVICIOS,"SERVICIOS PARA LA COMUNIDAD, SOCIALES Y PERSONALES",No Aplica,No Aplica,No Aplica,No Aplica,VIGENCIA ACTUAL,ENTIDADES TERRITORIALES - ADMINISTRACION CENTRAL,SERVICIO DE ATENCION EN SALUD A LA POBLACION,No Aplica,NO DEFINIDO,,,2022,Tercer Trimestre,,,,OTROS SERVICIOS DE LA ADMINISTRACION PUBLICA N C P,OTRAS TRANSFERENCIAS DE CAPITAL,,,,,,NO APLICA,,,,,,CON SITUACION DE FONDOS,OTRO,NO APLICA,200402878.0,175122878.0,170771628.0
10057232,20221201,218552585,Pupiales,2.3.2.01.01.003.01,MAQUINARIA PARA USO GENERAL,GASTOS,INVERSION,ADQUISICION DE BIENES Y SERVICIOS,ADQUISICION DE ACTIVOS NO FINANCIEROS,ACTIVOS FIJOS,MAQUINARIA Y EQUIPO,MAQUINARIA PARA USO GENERAL,No Aplica,No Aplica,No Aplica,VIGENCIA ACTUAL,ENTIDADES TERRITORIALES - ADMINISTRACION CENTRAL,NO DEFINIDO,No Aplica,NO DEFINIDO,,,2022,Cuarto Trimestre,,,,NO DEFINIDO,NO DEFINIDO,,,,,,NO DEFINIDO,,,,,,NO DEFINIDO,NO DEFINIDO,NO DEFINIDO,120158200.0,120158200.0,120158200.0
10057554,20221201,218552585,Pupiales,2.3.2.02.02.009,"SERVICIOS PARA LA COMUNIDAD, SOCIALES Y PERSONALES",GASTOS,INVERSION,ADQUISICION DE BIENES Y SERVICIOS,ADQUISICIONES DIFERENTES DE ACTIVOS,ADQUISICION DE SERVICIOS,"SERVICIOS PARA LA COMUNIDAD, SOCIALES Y PERSONALES",No Aplica,No Aplica,No Aplica,No Aplica,VIGENCIA ACTUAL,ENTIDADES TERRITORIALES - ADMINISTRACION CENTRAL,VIA SECUNDARIA CON MANTENIMIENTO PERIODICO O RUTINARIO,No Aplica,NO DEFINIDO,,,2022,Cuarto Trimestre,,,,OTROS SERVICIOS DE LA ADMINISTRACION PUBLICA N C P,"OTRAS MULTAS, SANCIONES E INTERESES DE MORA CON DESTINACION ESPECIFICA LEGAL",,,,,,NO APLICA,,,,,,CON SITUACION DE FONDOS,NO APLICA,NO APLICA,22960000.0,22960000.0,22960000.0
10058141,20210901,218552585,Pupiales,2.3.2.01.01.003,MAQUINARIA Y EQUIPO,GASTOS,INVERSION,ADQUISICION DE BIENES Y SERVICIOS,ADQUISICION DE ACTIVOS NO FINANCIEROS,ACTIVOS FIJOS,MAQUINARIA Y EQUIPO,No Aplica,No Aplica,No Aplica,No Aplica,VIGENCIA ACTUAL,ENTIDADES TERRITORIALES - ADMINISTRACION CENTRAL,NO DEFINIDO,No Aplica,NO DEFINIDO,,,2021,Tercer Trimestre,,,,NO DEFINIDO,NO DEFINIDO,,,,,,NO DEFINIDO,,,,,,NO DEFINIDO,NO DEFINIDO,NO DEFINIDO,1989000000.0,50000000.0,50000000.0
10060808,20221201,218552585,Pupiales,2.1.1.01.01,FACTORES CONSTITUTIVOS DE SALARIO,GASTOS,FUNCIONAMIENTO,GASTOS DE PERSONAL,PLANTA DE PERSONAL PERMANENTE,FACTORES CONSTITUTIVOS DE SALARIO,No Aplica,No Aplica,No Aplica,No Aplica,No Aplica,VIGENCIA ACTUAL,ENTIDADES TERRITORIALES - CONCEJO,NO DEFINIDO,No Aplica,NO DEFINIDO,,,2022,Cuarto Trimestre,,,,NO DEFINIDO,NO DEFINIDO,,,,,,NO DEFINIDO,,,,,,NO DEFINIDO,NO DEFINIDO,NO DEFINIDO,60000000.0,60000000.0,60000000.0
10061432,20230601,218552585,Pupiales,2.3.2,ADQUISICION DE BIENES Y SERVICIOS,GASTOS,INVERSION,ADQUISICION DE BIENES Y SERVICIOS,No Aplica,No Aplica,No Aplica,No Aplica,No Aplica,No Aplica,No Aplica,RESERVAS,ENTIDADES TERRITORIALES - ADMINISTRACION CENTRAL,NO DEFINIDO,No Aplica,NO DEFINIDO,,,2023,Segundo Trimestre,,,,NO DEFINIDO,NO DEFINIDO,,,,,,NO DEFINIDO,,,,,,NO DEFINIDO,NO DEFINIDO,NO DEFINIDO,1095950022.0,702808827.0,702808827.0
10065950,20210301,218552585,Pupiales,2.2.2,SERVICIO DE LA DEUDA PUBLICA INTERNA,GASTOS,SERVICIO DE LA DEUDA PUBLICA,SERVICIO DE LA DEUDA PUBLICA INTERNA,No Aplica,No Aplica,No Aplica,No Aplica,No Aplica,No Aplica,No Aplica,VIGENCIA ACTUAL,ENTIDADES TERRITORIALES - ADMINISTRACION CENTRAL,NO DEFINIDO,No Aplica,NO DEFINIDO,,,2021,Primer Trimestre,,,,NO DEFINIDO,NO DEFINIDO,,,,,,NO DEFINIDO,,,,,,NO DEFINIDO,NO DEFINIDO,NO DEFINIDO,38999314.0,38999314.0,38999314.0
10068534,20210901,218552585,Pupiales,2.2,SERVICIO DE LA DEUDA PUBLICA,GASTOS,SERVICIO DE LA DEUDA PUBLICA,No Aplica,No Aplica,No Aplica,No Aplica,No Aplica,No Aplica,No Aplica,No Aplica,VIGENCIA ACTUAL,ENTIDADES TERRITORIALES - ADMINISTRACION CENTRAL,NO DEFINIDO,No Aplica,NO DEFINIDO,,,2021,Tercer Trimestre,,,,NO DEFINIDO,NO DEFINIDO,,,,,,NO DEFINIDO,,,,,,NO DEFINIDO,NO DEFINIDO,NO DEFINIDO,97335931.0,97335931.0,97335931.0
10072123,20230301,218552585,Pupiales,2.1.4.02.02,ENTIDADES TERRITORIALES DISTINTAS DE PARTICIPACIONES Y COMPENSACIONES,GASTOS,FUNCIONAMIENTO,TRANSFERENCIAS DE CAPITAL,ENTIDADES DEL GOBIERNO GENERAL,ENTIDADES TERRITORIALES DISTINTAS DE PARTICIPACIONES Y COMPENSACIONES,No Aplica,No Aplica,No Aplica,No Aplica,No Aplica,VIGENCIA ACTUAL,ENTIDADES TERRITORIALES - PERSONERIA,NO APLICA,No Aplica,NO DEFINIDO,,,2023,Primer Trimestre,,,,NO APLICA,"SGP-PROPOSITO GENERAL-LIBRE DESTINACION MUNICIPIOS CATEGORIAS 4, 5 Y 6",,,,,,NO APLICA,,,,,,CON SITUACION DE FONDOS,NO APLICA,NO APLICA,43500000.0,43500000.0,29000000.0
10074695,20210901,218552585,Pupiales,2.3.4.03,COMPENSACIONES DE CAPITAL,GASTOS,INVERSION,TRANSFERENCIAS DE CAPITAL,COMPENSACIONES DE CAPITAL,No Aplica,No Aplica,No Aplica,No Aplica,No Aplica,No Aplica,VIGENCIA ACTUAL,ENTIDADES TERRITORIALES - ADMINISTRACION CENTRAL,41.04.001 - INCLUSION SOCIAL Y RECONCILIACION - ATENCION INTEGRAL DE POBLACION EN SITUACION PERMANENTE DE DESPROTECCION SOCIAL Y/O FAMILIAR - CENTROS DE PROTECCION SOCIAL PARA EL ADULTO MAYOR CONSTRUI,No Aplica,NO DEFINIDO,,,2021,Tercer Trimestre,,,,NO APLICA,1.3.3.1.19 - R.B. ESTAMPILLAS,,,,,,NO APLICA,,,,,,CON SITUACION DE FONDOS,NO APLICA,NO DEFINIDO,10000000.0,10000000.0,10000000.0
10075557,20220601,218552585,Pupiales,2.3.1.01.03.001.01,VACACIONES,GASTOS,INVERSION,GASTOS DE PERSONAL,PLANTA DE PERSONAL PERMANENTE,REMUNERACIONES NO CONSTITUTIVAS DE FACTOR SALARIAL,PRESTACIONES SOCIALES,VACACIONES,No Aplica,No Aplica,No Aplica,VIGENCIA ACTUAL,ENTIDADES TERRITORIALES - ADMINISTRACION CENTRAL,NO APLICA,No Aplica,NO DEFINIDO,,,2022,Segundo Trimestre,,,,NO APLICA,SGP-PROPOSITO GENERAL-PROPOSITO GENERAL LIBRE INVERSION,,,,,,NO APLICA,,,,,,CON SITUACION DE FONDOS,DIRECCION NACIONAL DEL TESORO MINISTERIO DE HACIENDA Y CREDITO PUBLICO,NO APLICA,5734013.0,5734013.0,5734013.0
10077185,20220301,218552585,Pupiales,2.1.1.01.01.001.08.02,PRIMA DE VACACIONES,GASTOS,FUNCIONAMIENTO,GASTOS DE PERSONAL,PLANTA DE PERSONAL PERMANENTE,FACTORES CONSTITUTIVOS DE SALARIO,FACTORES SALARIALES COMUNES,PRESTACIONES SOCIALES,PRIMA DE VACACIONES,No Aplica,No Aplica,VIGENCIA ACTUAL,ENTIDADES TERRITORIALES - ADMINISTRACION CENTRAL,NO APLICA,No Aplica,NO DEFINIDO,,,2022,Primer Trimestre,,,,NO APLICA,INGRESOS CORRIENTES DE LIBRE DESTINACION,,,,,,NO APLICA,,,,,,CON SITUACION DE FONDOS,NO APLICA,NO APLICA,4031197.0,4031197.0,4031197.0
10079213,20211201,218552585,Pupiales,2.3.3.01.02,A EMPRESAS PUBLICAS NO FINANCIERAS,GASTOS,INVERSION,TRANSFERENCIAS CORRIENTES,SUBVENCIONES,A EMPRESAS PUBLICAS NO FINANCIERAS,No Aplica,No Aplica,No Aplica,No Aplica,No Aplica,VIGENCIA ACTUAL,ENTIDADES TERRITORIALES - ADMINISTRACION CENTRAL,NO DEFINIDO,No Aplica,NO DEFINIDO,,,2021,Cuarto Trimestre,,,,NO DEFINIDO,NO DEFINIDO,,,,,,NO DEFINIDO,,,,,,NO DEFINIDO,NO DEFINIDO,NO DEFINIDO,420000000.0,420000000.0,420000000.0
10091699,20220901,218552585,Pupiales,2.3.1.01.03.001,PRESTACIONES SOCIALES,GASTOS,INVERSION,GASTOS DE PERSONAL,PLANTA DE PERSONAL PERMANENTE,REMUNERACIONES NO CONSTITUTIVAS DE FACTOR SALARIAL,PRESTACIONES SOCIALES,No Aplica,No Aplica,No Aplica,No Aplica,VIGENCIA ACTUAL,ENTIDADES TERRITORIALES - ADMINISTRACION CENTRAL,NO DEFINIDO,No Aplica,NO DEFINIDO,,,2022,Tercer Trimestre,,,,NO DEFINIDO,NO DEFINIDO,,,,,,NO DEFINIDO,,,,,,NO DEFINIDO,NO DEFINIDO,NO DEFINIDO,7410827.0,7410827.0,7410827.0
10096038,20211201,218552585,Pupiales,2.3.1.01.02.002,APORTES A LA SEGURIDAD SOCIAL EN SALUD,GASTOS,INVERSION,GASTOS DE PERSONAL,PLANTA DE PERSONAL PERMANENTE,CONTRIBUCIONES INHERENTES A LA NOMINA,APORTES A LA SEGURIDAD SOCIAL EN SALUD,No Aplica,No Aplica,No Aplica,No Aplica,VIGENCIA ACTUAL,ENTIDADES TERRITORIALES - ADMINISTRACION CENTRAL,NO APLICA,No Aplica,NO DEFINIDO,,,2021,Cuarto Trimestre,,,,NO APLICA,SGP-PROPOSITO GENERAL-PROPOSITO GENERAL LIBRE INVERSION,,,,,,NO APLICA,,,,,,CON SITUACION DE FONDOS,DIRECCION NACIONAL DEL TESORO MINISTERIO DE HACIENDA Y CREDITO PUBLICO,NO DEFINIDO,8577211.0,8577211.0,8577211.0
10096342,20210601,218552585,Pupiales,2.3.1.01.02.006,APORTES AL ICBF,GASTOS,INVERSION,GASTOS DE PERSONAL,PLANTA DE PERSONAL PERMANENTE,CONTRIBUCIONES INHERENTES A LA NOMINA,APORTES AL ICBF,No Aplica,No Aplica,No Aplica,No Aplica,VIGENCIA ACTUAL,ENTIDADES TERRITORIALES - ADMINISTRACION CENTRAL,NO APLICA,No Aplica,NO DEFINIDO,,,2021,Segundo Trimestre,,,,NO APLICA,1.2.4.3.03 - SGP-PROPOSITO GENERAL-PROPOSITO GENERAL LIBRE INVERSION,,,,,,NO APLICA,,,,,,CON SITUACION DE FONDOS,DIRECCION NACIONAL DEL TESORO MINISTERIO DE HACIENDA Y CREDITO PUBLICO,NO DEFINIDO,2901848.0,2901848.0,2901848.0
10098334,20220301,218552585,Pupiales,2.1.3,TRANSFERENCIAS CORRIENTES,GASTOS,FUNCIONAMIENTO,TRANSFERENCIAS CORRIENTES,No Aplica,No Aplica,No Aplica,No Aplica,No Aplica,No Aplica,No Aplica,VIGENCIA ACTUAL,ENTIDADES TERRITORIALES - ADMINISTRACION CENTRAL,NO DEFINIDO,No Aplica,NO DEFINIDO,,,2022,Primer Trimestre,,,,NO DEFINIDO,NO DEFINIDO,,,,,,NO DEFINIDO,,,,,,NO DEFINIDO,NO DEFINIDO,NO DEFINIDO,13993200.0,13993200.0,13993200.0
10100851,20210901,218552585,Pupiales,2.1.1.01.03.001,PRESTACIONES SOCIALES,GASTOS,FUNCIONAMIENTO,GASTOS DE PERSONAL,PLANTA DE PERSONAL PERMANENTE,REMUNERACIONES NO CONSTITUTIVAS DE FACTOR SALARIAL,PRESTACIONES SOCIALES,No Aplica,No Aplica,No Aplica,No Aplica,VIGENCIA ACTUAL,ENTIDADES TERRITORIALES - ADMINISTRACION CENTRAL,NO DEFINIDO,No Aplica,NO DEFINIDO,,,2021,Tercer Trimestre,,,,NO DEFINIDO,NO DEFINIDO,,,,,,NO DEFINIDO,,,,,,NO DEFINIDO,NO DEFINIDO,NO DEFINIDO,32127949.0,32127949.0,32127949.0
10102063,20220901,218552585,Pupiales,2.1.1.01.01.001,FACTORES SALARIALES COMUNES,GASTOS,FUNCIONAMIENTO,GASTOS DE PERSONAL,PLANTA DE PERSONAL PERMANENTE,FACTORES CONSTITUTIVOS DE SALARIO,FACTORES SALARIALES COMUNES,No Aplica,No Aplica,No Aplica,No Aplica,VIGENCIA ACTUAL,ENTIDADES TERRITORIALES - ADMINISTRACION CENTRAL,NO DEFINIDO,No Aplica,NO DEFINIDO,,,2022,Tercer Trimestre,,,,NO DEFINIDO,NO DEFINIDO,,,,,,NO DEFINIDO,,,,,,NO DEFINIDO,NO DEFINIDO,NO DEFINIDO,472123371.0,472123371.0,471748536.0
10103644,20210601,218552585,Pupiales,2.1.2.02.02,ADQUISICION DE SERVICIOS,GASTOS,FUNCIONAMIENTO,ADQUISICION DE BIENES Y SERVICIOS,ADQUISICIONES DIFERENTES DE ACTIVOS,ADQUISICION DE SERVICIOS,No Aplica,No Aplica,No Aplica,No Aplica,No Aplica,VIGENCIA ACTUAL,ENTIDADES TERRITORIALES - ADMINISTRACION CENTRAL,NO DEFINIDO,No Aplica,NO DEFINIDO,,,2021,Segundo Trimestre,,,,NO DEFINIDO,NO DEFINIDO,,,,,,NO DEFINIDO,,,,,,NO DEFINIDO,NO DEFINIDO,NO DEFINIDO,412992578.0,307940083.0,307940083.0
10104049,20230601,218552585,Pupiales,2.3.1.01.02.001,APORTES A LA SEGURIDAD SOCIAL EN PENSIONES,GASTOS,INVERSION,GASTOS DE PERSONAL,PLANTA DE PERSONAL PERMANENTE,CONTRIBUCIONES INHERENTES A LA NOMINA,APORTES A LA SEGURIDAD SOCIAL EN PENSIONES,No Aplica,No Aplica,No Aplica,No Aplica,VIGENCIA ACTUAL,ENTIDADES TERRITORIALES - ADMINISTRACION CENTRAL,VIA TERCIARIA MEJORADA,No Aplica,NO DEFINIDO,,,2023,Segundo Trimestre,,,,NO APLICA,INGRESOS CORRIENTES DE LIBRE DESTINACION,,,,,,NO APLICA,,,,,,CON SITUACION DE FONDOS,NO APLICA,NO APLICA,2520760.0,2520760.0,2520760.0
10104831,20221201,218552585,Pupiales,2.3.1,GASTOS DE PERSONAL,GASTOS,INVERSION,GASTOS DE PERSONAL,No Aplica,No Aplica,No Aplica,No Aplica,No Aplica,No Aplica,No Aplica,VIGENCIA ACTUAL,ENTIDADES TERRITORIALES - ADMINISTRACION CENTRAL,NO DEFINIDO,No Aplica,NO DEFINIDO,,,2022,Cuarto Trimestre,,,,NO DEFINIDO,NO DEFINIDO,,,,,,NO DEFINIDO,,,,,,NO DEFINIDO,NO DEFINIDO,NO DEFINIDO,303536066.0,303536066.0,282121066.0
10105093,20230301,218552585,Pupiales,2.2.2.01.02.002.02,BANCA COMERCIAL,GASTOS,SERVICIO DE LA DEUDA PUBLICA,SERVICIO DE LA DEUDA PUBLICA INTERNA,PRINCIPAL,PRESTAMOS,ENTIDADES FINANCIERAS,BANCA COMERCIAL,No Aplica,No Aplica,No Aplica,VIGENCIA ACTUAL,ENTIDADES TERRITORIALES - ADMINISTRACION CENTRAL,NO DEFINIDO,No Aplica,NO DEFINIDO,,,2023,Primer Trimestre,,,,NO DEFINIDO,NO DEFINIDO,,,,,,NO DEFINIDO,,,,,,NO DEFINIDO,NO DEFINIDO,NO DEFINIDO,167657631.0,167657631.0,167657631.0
10111612,20210601,218552585,Pupiales,2.3.1.01.02.009,APORTES A ESCUELAS INDUSTRIALES E INSTITUTOS TECNICOS,GASTOS,INVERSION,GASTOS DE PERSONAL,PLANTA DE PERSONAL PERMANENTE,CONTRIBUCIONES INHERENTES A LA NOMINA,APORTES A ESCUELAS INDUSTRIALES E INSTITUTOS TECNICOS,No Aplica,No Aplica,No Aplica,No Aplica,VIGENCIA ACTUAL,ENTIDADES TERRITORIALES - ADMINISTRACION CENTRAL,NO APLICA,No Aplica,NO DEFINIDO,,,2021,Segundo Trimestre,,,,NO APLICA,1.2.4.3.03 - SGP-PROPOSITO GENERAL-PROPOSITO GENERAL LIBRE INVERSION,,,,,,NO APLICA,,,,,,CON SITUACION DE FONDOS,DIRECCION NACIONAL DEL TESORO MINISTERIO DE HACIENDA Y CREDITO PUBLICO,NO DEFINIDO,970092.0,970092.0,970092.0
10113239,20230601,218552585,Pupiales,2.3.2.02.02.009,"SERVICIOS PARA LA COMUNIDAD, SOCIALES Y PERSONALES",GASTOS,INVERSION,ADQUISICION DE BIENES Y SERVICIOS,ADQUISICIONES DIFERENTES DE ACTIVOS,ADQUISICION DE SERVICIOS,"SERVICIOS PARA LA COMUNIDAD, SOCIALES Y PERSONALES",No Aplica,No Aplica,No Aplica,No Aplica,VIGENCIA ACTUAL,ENTIDADES TERRITORIALES - ADMINISTRACION CENTRAL,"SERVICIO DE APOYO A LA ACTIVIDAD FISICA, LA RECREACION Y EL DEPORTE",No Aplica,NO DEFINIDO,,,2023,Segundo Trimestre,,,,SERVICIOS DE LOS ORGANOS DE CONTROL Y OTRAS INSTITUCIONES,SGP-PROPOSITO GENERAL-DEPORTE Y RECREACION,,,,,,NO APLICA,,,,,,CON SITUACION DE FONDOS,NO APLICA,NO APLICA,15100000.0,9700000.0,9700000.0
10114113,20220301,218552585,Pupiales,2.1.1.01.01.001.01,SUELDO BASICO,GASTOS,FUNCIONAMIENTO,GASTOS DE PERSONAL,PLANTA DE PERSONAL PERMANENTE,FACTORES CONSTITUTIVOS DE SALARIO,FACTORES SALARIALES COMUNES,SUELDO BASICO,No Aplica,No Aplica,No Aplica,VIGENCIA ACTUAL,ENTIDADES TERRITORIALES - CONCEJO,NO APLICA,No Aplica,NO DEFINIDO,,,2022,Primer Trimestre,,,,NO APLICA,INGRESOS CORRIENTES DE LIBRE DESTINACION,,,,,,NO APLICA,,,,,,CON SITUACION DE FONDOS,NO APLICA,NO APLICA,9434984.0,9434984.0,9434984.0
10114221,20220601,218552585,Pupiales,2.3.1.01.02.009,APORTES A ESCUELAS INDUSTRIALES E INSTITUTOS TECNICOS,GASTOS,INVERSION,GASTOS DE PERSONAL,PLANTA DE PERSONAL PERMANENTE,CONTRIBUCIONES INHERENTES A LA NOMINA,APORTES A ESCUELAS INDUSTRIALES E INSTITUTOS TECNICOS,No Aplica,No Aplica,No Aplica,No Aplica,VIGENCIA ACTUAL,ENTIDADES TERRITORIALES - ADMINISTRACION CENTRAL,NO APLICA,No Aplica,NO DEFINIDO,,,2022,Segundo Trimestre,,,,NO APLICA,SGP-PROPOSITO GENERAL-PROPOSITO GENERAL LIBRE INVERSION,,,,,,NO APLICA,,,,,,CON SITUACION DE FONDOS,DIRECCION NACIONAL DEL TESORO MINISTERIO DE HACIENDA Y CREDITO PUBLICO,NO APLICA,874951.0,874951.0,874951.0
10116088,20220601,218552585,Pupiales,2.3.2.02.02.009,"SERVICIOS PARA LA COMUNIDAD, SOCIALES Y PERSONALES",GASTOS,INVERSION,ADQUISICION DE BIENES Y SERVICIOS,ADQUISICIONES DIFERENTES DE ACTIVOS,ADQUISICION DE SERVICIOS,"SERVICIOS PARA LA COMUNIDAD, SOCIALES Y PERSONALES",No Aplica,No Aplica,No Aplica,No Aplica,VIGENCIA ACTUAL,ENTIDADES TERRITORIALES - ADMINISTRACION CENTRAL,SERVICIO DE ATENCION EN SALUD A LA POBLACION,No Aplica,NO DEFINIDO,,,2022,Segundo Trimestre,,,,OTROS SERVICIOS DIVERSOS N C P,TRANSFERENCIAS DE CAPITAL DE OTRAS ENTIDADES DEL GOBIERNO GENERAL,,,,,,NO APLICA,,,,,,SIN SITUACION DE FONDOS,MINISTERIO DE SALUD Y PROTECCION SOCIAL,NO APLICA,5389106478.0,5389106478.0,5389106478.0
10117288,20230601,218552585,Pupiales,2.3.3,TRANSFERENCIAS CORRIENTES,GASTOS,INVERSION,TRANSFERENCIAS CORRIENTES,No Aplica,No Aplica,No Aplica,No Aplica,No Aplica,No Aplica,No Aplica,CUENTAS POR PAGAR,ENTIDADES TERRITORIALES - ADMINISTRACION CENTRAL,NO DEFINIDO,No Aplica,NO DEFINIDO,,,2023,Segundo Trimestre,,,,NO DEFINIDO,NO DEFINIDO,,,,,,NO DEFINIDO,,,,,,NO DEFINIDO,NO DEFINIDO,NO DEFINIDO,6238423.0,6238423.0,6238423.0
10117427,20220901,218552585,Pupiales,2.1.1.01.03.006,HONORARIOS CONCEJALES,GASTOS,FUNCIONAMIENTO,GASTOS DE PERSONAL,PLANTA DE PERSONAL PERMANENTE,REMUNERACIONES NO CONSTITUTIVAS DE FACTOR SALARIAL,HONORARIOS CONCEJALES,No Aplica,No Aplica,No Aplica,No Aplica,VIGENCIA ACTUAL,ENTIDADES TERRITORIALES - CONCEJO,NO APLICA,No Aplica,NO DEFINIDO,,,2022,Tercer Trimestre,,,,NO APLICA,INGRESOS CORRIENTES DE LIBRE DESTINACION,,,,,,NO APLICA,,,,,,CON SITUACION DE FONDOS,NO APLICA,NO APLICA,108328861.0,108328861.0,108328861.0
10118025,20221201,218552585,Pupiales,2.1.1.01.03.001.01,VACACIONES,GASTOS,FUNCIONAMIENTO,GASTOS DE PERSONAL,PLANTA DE PERSONAL PERMANENTE,REMUNERACIONES NO CONSTITUTIVAS DE FACTOR SALARIAL,PRESTACIONES SOCIALES,VACACIONES,No Aplica,No Aplica,No Aplica,VIGENCIA ACTUAL,ENTIDADES TERRITORIALES - ADMINISTRACION CENTRAL,NO APLICA,No Aplica,NO DEFINIDO,,,2022,Cuarto Trimestre,,,,NO APLICA,"SGP-PROPOSITO GENERAL-LIBRE DESTINACION MUNICIPIOS CATEGORIAS 4, 5 Y 6",,,,,,NO APLICA,,,,,,CON SITUACION DE FONDOS,NO APLICA,NO APLICA,30058110.0,30058110.0,30058110.0
10124496,20210901,218552585,Pupiales,2.3.2.01.01.001,EDIFICACIONES Y ESTRUCTURAS,GASTOS,INVERSION,ADQUISICION DE BIENES Y SERVICIOS,ADQUISICION DE ACTIVOS NO FINANCIEROS,ACTIVOS FIJOS,EDIFICACIONES Y ESTRUCTURAS,No Aplica,No Aplica,No Aplica,No Aplica,VIGENCIA ACTUAL,ENTIDADES TERRITORIALES - ADMINISTRACION CENTRAL,NO DEFINIDO,No Aplica,NO DEFINIDO,,,2021,Tercer Trimestre,,,,NO DEFINIDO,NO DEFINIDO,,,,,,NO DEFINIDO,,,,,,NO DEFINIDO,NO DEFINIDO,NO DEFINIDO,348757436.0,129997071.0,129997071.0
10127122,20221201,218552585,Pupiales,2.3.1.01.02,CONTRIBUCIONES INHERENTES A LA NOMINA,GASTOS,INVERSION,GASTOS DE PERSONAL,PLANTA DE PERSONAL PERMANENTE,CONTRIBUCIONES INHERENTES A LA NOMINA,No Aplica,No Aplica,No Aplica,No Aplica,No Aplica,VIGENCIA ACTUAL,ENTIDADES TERRITORIALES - ADMINISTRACION CENTRAL,NO DEFINIDO,No Aplica,NO DEFINIDO,,,2022,Cuarto Trimestre,,,,NO DEFINIDO,NO DEFINIDO,,,,,,NO DEFINIDO,,,,,,NO DEFINIDO,NO DEFINIDO,NO DEFINIDO,75606915.0,75606915.0,54191915.0
10129255,20230601,218552585,Pupiales,2.1.2,ADQUISICION DE BIENES Y SERVICIOS,GASTOS,FUNCIONAMIENTO,ADQUISICION DE BIENES Y SERVICIOS,No Aplica,No Aplica,No Aplica,No Aplica,No Aplica,No Aplica,No Aplica,VIGENCIA ACTUAL,ENTIDADES TERRITORIALES - ADMINISTRACION CENTRAL,NO DEFINIDO,No Aplica,NO DEFINIDO,,,2023,Segundo Trimestre,,,,NO DEFINIDO,NO DEFINIDO,,,,,,NO DEFINIDO,,,,,,NO DEFINIDO,NO DEFINIDO,NO DEFINIDO,342103461.0,254516043.0,254516043.0
10129435,20210301,218552585,Pupiales,2.3.1.01.02.004,APORTES A CAJAS DE COMPENSACION FAMILIAR,GASTOS,INVERSION,GASTOS DE PERSONAL,PLANTA DE PERSONAL PERMANENTE,CONTRIBUCIONES INHERENTES A LA NOMINA,APORTES A CAJAS DE COMPENSACION FAMILIAR,No Aplica,No Aplica,No Aplica,No Aplica,VIGENCIA ACTUAL,ENTIDADES TERRITORIALES - ADMINISTRACION CENTRAL,NO APLICA,No Aplica,NO DEFINIDO,,,2021,Primer Trimestre,,,,NO APLICA,1.2.4.3.03 - SGP-PROPOSITO GENERAL-PROPOSITO GENERAL LIBRE INVERSION,,,,,,NO APLICA,,,,,,CON SITUACION DE FONDOS,DIRECCION NACIONAL DEL TESORO MINISTERIO DE HACIENDA Y CREDITO PUBLICO,NO DEFINIDO,1290333.0,1290333.0,1290333.0
10129875,20220301,218552585,Pupiales,2.3.1.01.03,REMUNERACIONES NO CONSTITUTIVAS DE FACTOR SALARIAL,GASTOS,INVERSION,GASTOS DE PERSONAL,PLANTA DE PERSONAL PERMANENTE,REMUNERACIONES NO CONSTITUTIVAS DE FACTOR SALARIAL,No Aplica,No Aplica,No Aplica,No Aplica,No Aplica,VIGENCIA ACTUAL,ENTIDADES TERRITORIALES - ADMINISTRACION CENTRAL,NO DEFINIDO,No Aplica,NO DEFINIDO,,,2022,Primer Trimestre,,,,NO DEFINIDO,NO DEFINIDO,,,,,,NO DEFINIDO,,,,,,NO DEFINIDO,NO DEFINIDO,NO DEFINIDO,4999151.0,4999151.0,4999151.0
10131981,20220301,218552585,Pupiales,2.1.1.01.01.001.10,VIATICOS DE LOS FUNCIONARIOS EN COMISION,GASTOS,FUNCIONAMIENTO,GASTOS DE PERSONAL,PLANTA DE PERSONAL PERMANENTE,FACTORES CONSTITUTIVOS DE SALARIO,FACTORES SALARIALES COMUNES,VIATICOS DE LOS FUNCIONARIOS EN COMISION,No Aplica,No Aplica,No Aplica,VIGENCIA ACTUAL,ENTIDADES TERRITORIALES - ADMINISTRACION CENTRAL,NO APLICA,No Aplica,NO DEFINIDO,,,2022,Primer Trimestre,,,,NO APLICA,INGRESOS CORRIENTES DE LIBRE DESTINACION,,,,,,NO APLICA,,,,,,CON SITUACION DE FONDOS,NO APLICA,NO APLICA,2167600.0,0.0,0.0
10138398,20220301,218552585,Pupiales,2.1.1.01.01,FACTORES CONSTITUTIVOS DE SALARIO,GASTOS,FUNCIONAMIENTO,GASTOS DE PERSONAL,PLANTA DE PERSONAL PERMANENTE,FACTORES CONSTITUTIVOS DE SALARIO,No Aplica,No Aplica,No Aplica,No Aplica,No Aplica,VIGENCIA ACTUAL,ENTIDADES TERRITORIALES - CONCEJO,NO DEFINIDO,No Aplica,NO DEFINIDO,,,2022,Primer Trimestre,,,,NO DEFINIDO,NO DEFINIDO,,,,,,NO DEFINIDO,,,,,,NO DEFINIDO,NO DEFINIDO,NO DEFINIDO,9434984.0,9434984.0,9434984.0
10139254,20230601,218552585,Pupiales,2.1,FUNCIONAMIENTO,GASTOS,FUNCIONAMIENTO,No Aplica,No Aplica,No Aplica,No Aplica,No Aplica,No Aplica,No Aplica,No Aplica,VIGENCIA ACTUAL,ENTIDADES TERRITORIALES - ADMINISTRACION CENTRAL,NO DEFINIDO,No Aplica,NO DEFINIDO,,,2023,Segundo Trimestre,,,,NO DEFINIDO,NO DEFINIDO,,,,,,NO DEFINIDO,,,,,,NO DEFINIDO,NO DEFINIDO,NO DEFINIDO,958619740.0,869051451.0,869051451.0
10142151,20230601,218552585,Pupiales,2.3.2.01.01.003,MAQUINARIA Y EQUIPO,GASTOS,INVERSION,ADQUISICION DE BIENES Y SERVICIOS,ADQUISICION DE ACTIVOS NO FINANCIEROS,ACTIVOS FIJOS,MAQUINARIA Y EQUIPO,No Aplica,No Aplica,No Aplica,No Aplica,VIGENCIA ACTUAL,ENTIDADES TERRITORIALES - ADMINISTRACION CENTRAL,NO DEFINIDO,No Aplica,NO DEFINIDO,,,2023,Segundo Trimestre,,,,NO DEFINIDO,NO DEFINIDO,,,,,,NO DEFINIDO,,,,,,NO DEFINIDO,NO DEFINIDO,NO DEFINIDO,119995000.0,0.0,0.0
10143323,20220601,218552585,Pupiales,2.3.2.02.02.009,"SERVICIOS PARA LA COMUNIDAD, SOCIALES Y PERSONALES",GASTOS,INVERSION,ADQUISICION DE BIENES Y SERVICIOS,ADQUISICIONES DIFERENTES DE ACTIVOS,ADQUISICION DE SERVICIOS,"SERVICIOS PARA LA COMUNIDAD, SOCIALES Y PERSONALES",No Aplica,No Aplica,No Aplica,No Aplica,VIGENCIA ACTUAL,ENTIDADES TERRITORIALES - ADMINISTRACION CENTRAL,SERVICIO DE ORGANIZACION DE EVENTOS DEPORTIVOS COMUNITARIOS,2021525850035,NO DEFINIDO,,,2022,Segundo Trimestre,,,,OTROS SERVICIOS DIVERSOS N C P,SGP-PROPOSITO GENERAL-DEPORTE Y RECREACION,,,,,,NO APLICA,,,,,,CON SITUACION DE FONDOS,DIRECCION NACIONAL DEL TESORO MINISTERIO DE HACIENDA Y CREDITO PUBLICO,NO APLICA,23800000.0,23800000.0,23800000.0
10148528,20210301,218552585,Pupiales,2.2.2.02.02.002,ENTIDADES FINANCIERAS,GASTOS,SERVICIO DE LA DEUDA PUBLICA,SERVICIO DE LA DEUDA PUBLICA INTERNA,INTERESES,PRESTAMOS,ENTIDADES FINANCIERAS,No Aplica,No Aplica,No Aplica,No Aplica,VIGENCIA ACTUAL,ENTIDADES TERRITORIALES - ADMINISTRACION CENTRAL,NO DEFINIDO,No Aplica,NO DEFINIDO,,,2021,Primer Trimestre,,,,NO DEFINIDO,NO DEFINIDO,,,,,,NO DEFINIDO,,,,,,NO DEFINIDO,NO DEFINIDO,NO DEFINIDO,7222936.0,7222936.0,7222936.0
10148826,20221201,218552585,Pupiales,2.1.1.01,PLANTA DE PERSONAL PERMANENTE,GASTOS,FUNCIONAMIENTO,GASTOS DE PERSONAL,PLANTA DE PERSONAL PERMANENTE,No Aplica,No Aplica,No Aplica,No Aplica,No Aplica,No Aplica,VIGENCIA ACTUAL,ENTIDADES TERRITORIALES - ADMINISTRACION CENTRAL,NO DEFINIDO,No Aplica,NO DEFINIDO,,,2022,Cuarto Trimestre,,,,NO DEFINIDO,NO DEFINIDO,,,,,,NO DEFINIDO,,,,,,NO DEFINIDO,NO DEFINIDO,NO DEFINIDO,1092075560.0,1092075560.0,1050518091.0
10150496,20230301,218552585,Pupiales,2.3.2.02.02.009,"SERVICIOS PARA LA COMUNIDAD, SOCIALES Y PERSONALES",GASTOS,INVERSION,ADQUISICION DE BIENES Y SERVICIOS,ADQUISICIONES DIFERENTES DE ACTIVOS,ADQUISICION DE SERVICIOS,"SERVICIOS PARA LA COMUNIDAD, SOCIALES Y PERSONALES",No Aplica,No Aplica,No Aplica,No Aplica,VIGENCIA ACTUAL,ENTIDADES TERRITORIALES - ADMINISTRACION CENTRAL,SERVICIO DE APOYO FINANCIERO PARA PROYECTOS DE CONVIVENCIA Y SEGURIDAD CIUDADANA,No Aplica,NO DEFINIDO,,,2023,Primer Trimestre,,,,SERVICIOS DE LA ADMINISTRACION PUBLICA RELACIONADOS CON LA ENERGIA Y LOS COMBUSTIBLES,IMPUESTO DE TRANSPORTE POR OLEODUCTOS Y GASODUCTOS,,,,,,NO APLICA,,,,,,CON SITUACION DE FONDOS,NO APLICA,NO APLICA,82544.0,82544.0,82544.0
10154195,20210301,218552585,Pupiales,2.1.1.01,PLANTA DE PERSONAL PERMANENTE,GASTOS,FUNCIONAMIENTO,GASTOS DE PERSONAL,PLANTA DE PERSONAL PERMANENTE,No Aplica,No Aplica,No Aplica,No Aplica,No Aplica,No Aplica,VIGENCIA ACTUAL,ENTIDADES TERRITORIALES - PERSONERIA,NO DEFINIDO,No Aplica,NO DEFINIDO,,,2021,Primer Trimestre,,,,NO DEFINIDO,NO DEFINIDO,,,,,,NO DEFINIDO,,,,,,NO DEFINIDO,NO DEFINIDO,NO DEFINIDO,34869450.0,34869450.0,34869450.0
10157233,20220301,218552585,Pupiales,2.3.2.02.02.009,"SERVICIOS PARA LA COMUNIDAD, SOCIALES Y PERSONALES",GASTOS,INVERSION,ADQUISICION DE BIENES Y SERVICIOS,ADQUISICIONES DIFERENTES DE ACTIVOS,ADQUISICION DE SERVICIOS,"SERVICIOS PARA LA COMUNIDAD, SOCIALES Y PERSONALES",No Aplica,No Aplica,No Aplica,No Aplica,VIGENCIA ACTUAL,ENTIDADES TERRITORIALES - ADMINISTRACION CENTRAL,SERVICIO DE ATENCION EN SALUD A LA POBLACION,No Aplica,NO DEFINIDO,,,2022,Primer Trimestre,,,,OTROS SERVICIOS ADMINISTRATIVOS DEL GOBIERNO N C P,SGP-SALUD-SUBSIDIO A LA OFERTA,,,,,,NO APLICA,,,,,,SIN SITUACION DE FONDOS,DIRECCION NACIONAL DEL TESORO MINISTERIO DE HACIENDA Y CREDITO PUBLICO,NO APLICA,209504409.0,34917402.0,34917402.0
10158767,20221201,218552585,Pupiales,2.3.1.01.03,REMUNERACIONES NO CONSTITUTIVAS DE FACTOR SALARIAL,GASTOS,INVERSION,GASTOS DE PERSONAL,PLANTA DE PERSONAL PERMANENTE,REMUNERACIONES NO CONSTITUTIVAS DE FACTOR SALARIAL,No Aplica,No Aplica,No Aplica,No Aplica,No Aplica,VIGENCIA ACTUAL,ENTIDADES TERRITORIALES - ADMINISTRACION CENTRAL,NO DEFINIDO,No Aplica,NO DEFINIDO,,,2022,Cuarto Trimestre,,,,NO DEFINIDO,NO DEFINIDO,,,,,,NO DEFINIDO,,,,,,NO DEFINIDO,NO DEFINIDO,NO DEFINIDO,7536558.0,7536558.0,7536558.0
10162859,20220601,218552585,Pupiales,2.3.1.01.01.001.08.02,PRIMA DE VACACIONES,GASTOS,INVERSION,GASTOS DE PERSONAL,PLANTA DE PERSONAL PERMANENTE,FACTORES CONSTITUTIVOS DE SALARIO,FACTORES SALARIALES COMUNES,PRESTACIONES SOCIALES,PRIMA DE VACACIONES,No Aplica,No Aplica,VIGENCIA ACTUAL,ENTIDADES TERRITORIALES - ADMINISTRACION CENTRAL,NO APLICA,No Aplica,NO DEFINIDO,,,2022,Segundo Trimestre,,,,NO APLICA,SGP-PROPOSITO GENERAL-PROPOSITO GENERAL LIBRE INVERSION,,,,,,NO APLICA,,,,,,CON SITUACION DE FONDOS,DIRECCION NACIONAL DEL TESORO MINISTERIO DE HACIENDA Y CREDITO PUBLICO,NO APLICA,3995340.0,3995340.0,3995340.0
10163635,20210601,218552585,Pupiales,2.3.1.01.02.005,APORTES GENERALES AL SISTEMA DE RIESGOS LABORALES,GASTOS,INVERSION,GASTOS DE PERSONAL,PLANTA DE PERSONAL PERMANENTE,CONTRIBUCIONES INHERENTES A LA NOMINA,APORTES GENERALES AL SISTEMA DE RIESGOS LABORALES,No Aplica,No Aplica,No Aplica,No Aplica,VIGENCIA ACTUAL,ENTIDADES TERRITORIALES - ADMINISTRACION CENTRAL,NO APLICA,No Aplica,NO DEFINIDO,,,2021,Segundo Trimestre,,,,NO APLICA,1.2.4.3.03 - SGP-PROPOSITO GENERAL-PROPOSITO GENERAL LIBRE INVERSION,,,,,,NO APLICA,,,,,,CON SITUACION DE FONDOS,DIRECCION NACIONAL DEL TESORO MINISTERIO DE HACIENDA Y CREDITO PUBLICO,NO DEFINIDO,1020091.0,1020091.0,1020091.0
10167281,20220601,218552585,Pupiales,2.3.2.02.02.009,"SERVICIOS PARA LA COMUNIDAD, SOCIALES Y PERSONALES",GASTOS,INVERSION,ADQUISICION DE BIENES Y SERVICIOS,ADQUISICIONES DIFERENTES DE ACTIVOS,ADQUISICION DE SERVICIOS,"SERVICIOS PARA LA COMUNIDAD, SOCIALES Y PERSONALES",No Aplica,No Aplica,No Aplica,No Aplica,VIGENCIA ACTUAL,ENTIDADES TERRITORIALES - ADMINISTRACION CENTRAL,NO APLICA,No Aplica,NO DEFINIDO,,,2022,Segundo Trimestre,,,,OTROS SERVICIOS DIVERSOS N C P,SGP-PROPOSITO GENERAL-PROPOSITO GENERAL LIBRE INVERSION,,,,,,NO APLICA,,,,,,CON SITUACION DE FONDOS,DIRECCION NACIONAL DEL TESORO MINISTERIO DE HACIENDA Y CREDITO PUBLICO,NO APLICA,315300000.0,260264165.0,260264165.0
10170770,20211201,218552585,Pupiales,2.3.3.01.02.004,SUBVENCIONES PARA SERVICIOS PUBLICOS DOMICILIARIOS DE AGUA POTABLE Y SANEAMIENTO BASICO,GASTOS,INVERSION,TRANSFERENCIAS CORRIENTES,SUBVENCIONES,A EMPRESAS PUBLICAS NO FINANCIERAS,SUBVENCIONES PARA SERVICIOS PUBLICOS DOMICILIARIOS DE AGUA POTABLE Y SANEAMIENTO BASICO,No Aplica,No Aplica,No Aplica,No Aplica,VIGENCIA ACTUAL,ENTIDADES TERRITORIALES - ADMINISTRACION CENTRAL,NO DEFINIDO,No Aplica,NO DEFINIDO,,,2021,Cuarto Trimestre,,,,NO DEFINIDO,NO DEFINIDO,,,,,,NO DEFINIDO,,,,,,NO DEFINIDO,NO DEFINIDO,NO DEFINIDO,420000000.0,420000000.0,420000000.0
10178528,20210601,218552585,Pupiales,2.1.2.02,ADQUISICIONES DIFERENTES DE ACTIVOS,GASTOS,FUNCIONAMIENTO,ADQUISICION DE BIENES Y SERVICIOS,ADQUISICIONES DIFERENTES DE ACTIVOS,No Aplica,No Aplica,No Aplica,No Aplica,No Aplica,No Aplica,VIGENCIA ACTUAL,ENTIDADES TERRITORIALES - ADMINISTRACION CENTRAL,NO DEFINIDO,No Aplica,NO DEFINIDO,,,2021,Segundo Trimestre,,,,NO DEFINIDO,NO DEFINIDO,,,,,,NO DEFINIDO,,,,,,NO DEFINIDO,NO DEFINIDO,NO DEFINIDO,455485678.0,350433183.0,350433183.0
10181726,20230301,218552585,Pupiales,2.3.2.02.01.003,"OTROS BIENES TRANSPORTABLES EXCEPTO PRODUCTOS METALICOS, MAQUINARIA Y EQUIPO",GASTOS,INVERSION,ADQUISICION DE BIENES Y SERVICIOS,ADQUISICIONES DIFERENTES DE ACTIVOS,MATERIALES Y SUMINISTROS,"OTROS BIENES TRANSPORTABLES EXCEPTO PRODUCTOS METALICOS, MAQUINARIA Y EQUIPO",No Aplica,No Aplica,No Aplica,No Aplica,VIGENCIA ACTUAL,ENTIDADES TERRITORIALES - ADMINISTRACION CENTRAL,SERVICIO DE ASISTENCIA TECNICA4599031,No Aplica,NO DEFINIDO,,,2023,Primer Trimestre,,,,ARTICULOS N C P PARA ESCRITORIO Y OFICINA,"SGP-PROPOSITO GENERAL-LIBRE DESTINACION MUNICIPIOS CATEGORIAS 4, 5 Y 6",,,,,,NO APLICA,,,,,,CON SITUACION DE FONDOS,NO APLICA,NO APLICA,31659400.0,31659400.0,31659400.0
10182632,20220601,218552585,Pupiales,2.3.2.02.02.009,"SERVICIOS PARA LA COMUNIDAD, SOCIALES Y PERSONALES",GASTOS,INVERSION,ADQUISICION DE BIENES Y SERVICIOS,ADQUISICIONES DIFERENTES DE ACTIVOS,ADQUISICION DE SERVICIOS,"SERVICIOS PARA LA COMUNIDAD, SOCIALES Y PERSONALES",No Aplica,No Aplica,No Aplica,No Aplica,VIGENCIA ACTUAL,ENTIDADES TERRITORIALES - ADMINISTRACION CENTRAL,SERVICIO DE ASISTENCIA TECNICA PARA LA IMPLEMENTACION DE LOS METODOS DE SOLUCION DE CONFLICTOS,2021525850008,NO DEFINIDO,,,2022,Segundo Trimestre,,,,OTROS SERVICIOS DIVERSOS N C P,SGP-PROPOSITO GENERAL-PROPOSITO GENERAL LIBRE INVERSION,,,,,,NO APLICA,,,,,,CON SITUACION DE FONDOS,DIRECCION NACIONAL DEL TESORO MINISTERIO DE HACIENDA Y CREDITO PUBLICO,NO APLICA,13750000.0,11250000.0,11250000.0
10183081,20230301,218552585,Pupiales,2.1.8.01,IMPUESTOS,GASTOS,FUNCIONAMIENTO,"GASTOS POR TRIBUTOS, TASAS, CONTRIBUCIONES, MULTAS, SANCIONES E INTERESES DE MORA",IMPUESTOS,No Aplica,No Aplica,No Aplica,No Aplica,No Aplica,No Aplica,VIGENCIA ACTUAL,ENTIDADES TERRITORIALES - ADMINISTRACION CENTRAL,NO DEFINIDO,No Aplica,NO DEFINIDO,,,2023,Primer Trimestre,,,,NO DEFINIDO,NO DEFINIDO,,,,,,NO DEFINIDO,,,,,,NO DEFINIDO,NO DEFINIDO,NO DEFINIDO,1134617.0,1134617.0,1134617.0
10183169,20220901,218552585,Pupiales,2.3.2.02.02.009,"SERVICIOS PARA LA COMUNIDAD, SOCIALES Y PERSONALES",GASTOS,INVERSION,ADQUISICION DE BIENES Y SERVICIOS,ADQUISICIONES DIFERENTES DE ACTIVOS,ADQUISICION DE SERVICIOS,"SERVICIOS PARA LA COMUNIDAD, SOCIALES Y PERSONALES",No Aplica,No Aplica,No Aplica,No Aplica,VIGENCIA ACTUAL,ENTIDADES TERRITORIALES - ADMINISTRACION CENTRAL,SERVICIO DE ATENCION INTEGRAL A POBLACION EN CONDICION DE DISCAPACIDAD,No Aplica,NO DEFINIDO,,,2022,Tercer Trimestre,,,,OTROS SERVICIOS DE LA ADMINISTRACION PUBLICA N C P,SGP-PROPOSITO GENERAL-PROPOSITO GENERAL LIBRE INVERSION,,,,,,NO APLICA,,,,,,CON SITUACION DE FONDOS,NO APLICA,NO APLICA,24000000.0,22511663.0,22511663.0
10183546,20210901,218552585,Pupiales,2,GASTOS,GASTOS,No Aplica,No Aplica,No Aplica,No Aplica,No Aplica,No Aplica,No Aplica,No Aplica,No Aplica,VIGENCIA ACTUAL,ENTIDADES TERRITORIALES - CONCEJO,NO DEFINIDO,No Aplica,NO DEFINIDO,,,2021,Tercer Trimestre,,,,NO DEFINIDO,NO DEFINIDO,,,,,,NO DEFINIDO,,,,,,NO DEFINIDO,NO DEFINIDO,NO DEFINIDO,181268314.0,181268314.0,181268314.0
10185055,20220901,218552585,Pupiales,2.1.1.01.01,FACTORES CONSTITUTIVOS DE SALARIO,GASTOS,FUNCIONAMIENTO,GASTOS DE PERSONAL,PLANTA DE PERSONAL PERMANENTE,FACTORES CONSTITUTIVOS DE SALARIO,No Aplica,No Aplica,No Aplica,No Aplica,No Aplica,VIGENCIA ACTUAL,ENTIDADES TERRITORIALES - CONCEJO,NO DEFINIDO,No Aplica,NO DEFINIDO,,,2022,Tercer Trimestre,,,,NO DEFINIDO,NO DEFINIDO,,,,,,NO DEFINIDO,,,,,,NO DEFINIDO,NO DEFINIDO,NO DEFINIDO,33423176.0,33423176.0,33423176.0
10186883,20210901,218552585,Pupiales,2,GASTOS,GASTOS,No Aplica,No Aplica,No Aplica,No Aplica,No Aplica,No Aplica,No Aplica,No Aplica,No Aplica,VIGENCIA ACTUAL,ENTIDADES TERRITORIALES - PERSONERIA,NO DEFINIDO,No Aplica,NO DEFINIDO,,,2021,Tercer Trimestre,,,,NO DEFINIDO,NO DEFINIDO,,,,,,NO DEFINIDO,,,,,,NO DEFINIDO,NO DEFINIDO,NO DEFINIDO,93958200.0,93958200.0,93958200.0
10187532,20211201,218552585,Pupiales,2.1.1.01.01.001.07,BONIFICACION POR SERVICIOS PRESTADOS,GASTOS,FUNCIONAMIENTO,GASTOS DE PERSONAL,PLANTA DE PERSONAL PERMANENTE,FACTORES CONSTITUTIVOS DE SALARIO,FACTORES SALARIALES COMUNES,BONIFICACION POR SERVICIOS PRESTADOS,No Aplica,No Aplica,No Aplica,VIGENCIA ACTUAL,ENTIDADES TERRITORIALES - ADMINISTRACION CENTRAL,NO APLICA,No Aplica,NO DEFINIDO,,,2021,Cuarto Trimestre,,,,NO APLICA,INGRESOS CORRIENTES DE LIBRE DESTINACION,,,,,,NO APLICA,,,,,,CON SITUACION DE FONDOS,NO APLICA,NO DEFINIDO,17079288.0,17079288.0,17079288.0
10189468,20220601,218552585,Pupiales,2.3.1.01.02.007,APORTES AL SENA,GASTOS,INVERSION,GASTOS DE PERSONAL,PLANTA DE PERSONAL PERMANENTE,CONTRIBUCIONES INHERENTES A LA NOMINA,APORTES AL SENA,No Aplica,No Aplica,No Aplica,No Aplica,VIGENCIA ACTUAL,ENTIDADES TERRITORIALES - ADMINISTRACION CENTRAL,NO APLICA,No Aplica,NO DEFINIDO,,,2022,Segundo Trimestre,,,,NO APLICA,SGP-PROPOSITO GENERAL-PROPOSITO GENERAL LIBRE INVERSION,,,,,,NO APLICA,,,,,,CON SITUACION DE FONDOS,DIRECCION NACIONAL DEL TESORO MINISTERIO DE HACIENDA Y CREDITO PUBLICO,NO APLICA,496085.0,496085.0,496085.0
10194677,20220901,218552585,Pupiales,2.3.2.02.02.009,"SERVICIOS PARA LA COMUNIDAD, SOCIALES Y PERSONALES",GASTOS,INVERSION,ADQUISICION DE BIENES Y SERVICIOS,ADQUISICIONES DIFERENTES DE ACTIVOS,ADQUISICION DE SERVICIOS,"SERVICIOS PARA LA COMUNIDAD, SOCIALES Y PERSONALES",No Aplica,No Aplica,No Aplica,No Aplica,VIGENCIA ACTUAL,ENTIDADES TERRITORIALES - ADMINISTRACION CENTRAL,SERVICIO DE PROMOCION DE ACTIVIDADES CULTURALES,No Aplica,NO DEFINIDO,,,2022,Tercer Trimestre,,,,OTROS SERVICIOS DE LA ADMINISTRACION PUBLICA N C P,SGP-PROPOSITO GENERAL-CULTURA,,,,,,NO APLICA,,,,,,CON SITUACION DE FONDOS,DIRECCION NACIONAL DEL TESORO MINISTERIO DE HACIENDA Y CREDITO PUBLICO,NO APLICA,71600633.0,71600633.0,71600633.0
10198820,20230601,218552585,Pupiales,2.3.1.01.02.002,APORTES A LA SEGURIDAD SOCIAL EN SALUD,GASTOS,INVERSION,GASTOS DE PERSONAL,PLANTA DE PERSONAL PERMANENTE,CONTRIBUCIONES INHERENTES A LA NOMINA,APORTES A LA SEGURIDAD SOCIAL EN SALUD,No Aplica,No Aplica,No Aplica,No Aplica,VIGENCIA ACTUAL,ENTIDADES TERRITORIALES - ADMINISTRACION CENTRAL,SERVICIO DE JUSTICIA A LOS CIUDADANOS,No Aplica,NO DEFINIDO,,,2023,Segundo Trimestre,,,,NO APLICA,SGP-PROPOSITO GENERAL-PROPOSITO GENERAL LIBRE INVERSION,,,,,,NO APLICA,,,,,,CON SITUACION DE FONDOS,NO APLICA,NO APLICA,3880198.0,3880198.0,3880198.0
10199894,20210901,218552585,Pupiales,2.3.4.03,COMPENSACIONES DE CAPITAL,GASTOS,INVERSION,TRANSFERENCIAS DE CAPITAL,COMPENSACIONES DE CAPITAL,No Aplica,No Aplica,No Aplica,No Aplica,No Aplica,No Aplica,VIGENCIA ACTUAL,ENTIDADES TERRITORIALES - ADMINISTRACION CENTRAL,NO APLICA,No Aplica,NO DEFINIDO,,,2021,Tercer Trimestre,,,,NO APLICA,1.3.3.9.08 - R.B. OTRAS TRANSFERENCIAS DE CAPITAL,,,,,,NO APLICA,,,,,,CON SITUACION DE FONDOS,OTRO,NO DEFINIDO,10902312.0,10902312.0,7268208.0
10201232,20221201,218552585,Pupiales,2.3.1.01.02.006,APORTES AL ICBF,GASTOS,INVERSION,GASTOS DE PERSONAL,PLANTA DE PERSONAL PERMANENTE,CONTRIBUCIONES INHERENTES A LA NOMINA,APORTES AL ICBF,No Aplica,No Aplica,No Aplica,No Aplica,VIGENCIA ACTUAL,ENTIDADES TERRITORIALES - ADMINISTRACION CENTRAL,NO APLICA,No Aplica,NO DEFINIDO,,,2022,Cuarto Trimestre,,,,NO APLICA,INGRESOS CORRIENTES DE LIBRE DESTINACION,,,,,,NO APLICA,,,,,,CON SITUACION DE FONDOS,DIRECCION NACIONAL DEL TESORO MINISTERIO DE HACIENDA Y CREDITO PUBLICO,NO APLICA,5751215.0,5751215.0,5751215.0
10202981,20220901,218552585,Pupiales,2.3.3.01.02.004.03,SUBSIDIOS DE ASEO,GASTOS,INVERSION,TRANSFERENCIAS CORRIENTES,SUBVENCIONES,A EMPRESAS PUBLICAS NO FINANCIERAS,SUBVENCIONES PARA SERVICIOS PUBLICOS DOMICILIARIOS DE AGUA POTABLE Y SANEAMIENTO BASICO,SUBSIDIOS DE ASEO,No Aplica,No Aplica,No Aplica,VIGENCIA ACTUAL,ENTIDADES TERRITORIALES - ADMINISTRACION CENTRAL,SERVICIO DE APOYO FINANCIERO PARA SUBSIDIOS AL CONSUMO EN LOS SERVICIOS PUBLICOS DOMICILIARIOS,2021525850015,NO DEFINIDO,,,2022,Tercer Trimestre,,,,NO APLICA,SGP-AGUA POTABLE Y SANEAMIENTO BASICO,,,,,,NO APLICA,,,,,,CON SITUACION DE FONDOS,DIRECCION NACIONAL DEL TESORO MINISTERIO DE HACIENDA Y CREDITO PUBLICO,NO APLICA,202352537.0,113051563.0,113051563.0
10206553,20230301,218552585,Pupiales,2.1.1,GASTOS DE PERSONAL,GASTOS,FUNCIONAMIENTO,GASTOS DE PERSONAL,No Aplica,No Aplica,No Aplica,No Aplica,No Aplica,No Aplica,No Aplica,VIGENCIA ACTUAL,ENTIDADES TERRITORIALES - CONCEJO,NO DEFINIDO,No Aplica,NO DEFINIDO,,,2023,Primer Trimestre,,,,NO DEFINIDO,NO DEFINIDO,,,,,,NO DEFINIDO,,,,,,NO DEFINIDO,NO DEFINIDO,NO DEFINIDO,30349314.0,30349314.0,30349314.0
10208068,20220901,218552585,Pupiales,2.1.1.01.02.002,APORTES A LA SEGURIDAD SOCIAL EN SALUD,GASTOS,FUNCIONAMIENTO,GASTOS DE PERSONAL,PLANTA DE PERSONAL PERMANENTE,CONTRIBUCIONES INHERENTES A LA NOMINA,APORTES A LA SEGURIDAD SOCIAL EN SALUD,No Aplica,No Aplica,No Aplica,No Aplica,VIGENCIA ACTUAL,ENTIDADES TERRITORIALES - ADMINISTRACION CENTRAL,NO APLICA,No Aplica,NO DEFINIDO,,,2022,Tercer Trimestre,,,,NO APLICA,INGRESOS CORRIENTES DE LIBRE DESTINACION,,,,,,NO APLICA,,,,,,CON SITUACION DE FONDOS,NO APLICA,NO APLICA,43123615.0,43123615.0,43123615.0
10209878,20210601,218552585,Pupiales,2.1.1.01.02.007,APORTES AL SENA,GASTOS,FUNCIONAMIENTO,GASTOS DE PERSONAL,PLANTA DE PERSONAL PERMANENTE,CONTRIBUCIONES INHERENTES A LA NOMINA,APORTES AL SENA,No Aplica,No Aplica,No Aplica,No Aplica,VIGENCIA ACTUAL,ENTIDADES TERRITORIALES - ADMINISTRACION CENTRAL,NO APLICA,No Aplica,NO DEFINIDO,,,2021,Segundo Trimestre,,,,NO APLICA,1.2.1.0.00 - INGRESOS CORRIENTES DE LIBRE DESTINACION,,,,,,NO APLICA,,,,,,CON SITUACION DE FONDOS,NO APLICA,NO DEFINIDO,1120797.0,1120797.0,1120797.0
10209982,20220601,218552585,Pupiales,2.1.1,GASTOS DE PERSONAL,GASTOS,FUNCIONAMIENTO,GASTOS DE PERSONAL,No Aplica,No Aplica,No Aplica,No Aplica,No Aplica,No Aplica,No Aplica,VIGENCIA ACTUAL,ENTIDADES TERRITORIALES - ADMINISTRACION CENTRAL,NO DEFINIDO,No Aplica,NO DEFINIDO,,,2022,Segundo Trimestre,,,,NO DEFINIDO,NO DEFINIDO,,,,,,NO DEFINIDO,,,,,,NO DEFINIDO,NO DEFINIDO,NO DEFINIDO,508169616.0,440580221.0,440580221.0
10221359,20210301,218552585,Pupiales,2.2,SERVICIO DE LA DEUDA PUBLICA,GASTOS,SERVICIO DE LA DEUDA PUBLICA,No Aplica,No Aplica,No Aplica,No Aplica,No Aplica,No Aplica,No Aplica,No Aplica,VIGENCIA ACTUAL,ENTIDADES TERRITORIALES - ADMINISTRACION CENTRAL,NO DEFINIDO,No Aplica,NO DEFINIDO,,,2021,Primer Trimestre,,,,NO DEFINIDO,NO DEFINIDO,,,,,,NO DEFINIDO,,,,,,NO DEFINIDO,NO DEFINIDO,NO DEFINIDO,38999314.0,38999314.0,38999314.0
10222064,20221201,218552585,Pupiales,2.1.1.01.02.009,APORTES A ESCUELAS INDUSTRIALES E INSTITUTOS TECNICOS,GASTOS,FUNCIONAMIENTO,GASTOS DE PERSONAL,PLANTA DE PERSONAL PERMANENTE,CONTRIBUCIONES INHERENTES A LA NOMINA,APORTES A ESCUELAS INDUSTRIALES E INSTITUTOS TECNICOS,No Aplica,No Aplica,No Aplica,No Aplica,VIGENCIA ACTUAL,ENTIDADES TERRITORIALES - ADMINISTRACION CENTRAL,NO APLICA,No Aplica,NO DEFINIDO,,,2022,Cuarto Trimestre,,,,NO APLICA,"SGP-PROPOSITO GENERAL-LIBRE DESTINACION MUNICIPIOS CATEGORIAS 4, 5 Y 6",,,,,,NO APLICA,,,,,,CON SITUACION DE FONDOS,NO APLICA,NO APLICA,5460136.0,5460136.0,5460136.0
10224782,20230301,218552585,Pupiales,2.1.2.02.02.009,"SERVICIOS PARA LA COMUNIDAD, SOCIALES Y PERSONALES",GASTOS,FUNCIONAMIENTO,ADQUISICION DE BIENES Y SERVICIOS,ADQUISICIONES DIFERENTES DE ACTIVOS,ADQUISICION DE SERVICIOS,"SERVICIOS PARA LA COMUNIDAD, SOCIALES Y PERSONALES",No Aplica,No Aplica,No Aplica,No Aplica,VIGENCIA ACTUAL,ENTIDADES TERRITORIALES - ADMINISTRACION CENTRAL,NO APLICA,No Aplica,NO DEFINIDO,,,2023,Primer Trimestre,,,,SERVICIOS EJECUTIVOS DE LA ADMINISTRACION PUBLICA,"SGP-PROPOSITO GENERAL-LIBRE DESTINACION MUNICIPIOS CATEGORIAS 4, 5 Y 6",,,,,,NO APLICA,,,,,,CON SITUACION DE FONDOS,NO APLICA,NO APLICA,12603446.0,9640649.0,5321404.0
10225017,20230301,218552585,Pupiales,2.3.2.02.02.009,"SERVICIOS PARA LA COMUNIDAD, SOCIALES Y PERSONALES",GASTOS,INVERSION,ADQUISICION DE BIENES Y SERVICIOS,ADQUISICIONES DIFERENTES DE ACTIVOS,ADQUISICION DE SERVICIOS,"SERVICIOS PARA LA COMUNIDAD, SOCIALES Y PERSONALES",No Aplica,No Aplica,No Aplica,No Aplica,VIGENCIA ACTUAL,ENTIDADES TERRITORIALES - ADMINISTRACION CENTRAL,"SERVICIO DE FOMENTO PARA EL ACCESO A LA EDUCACION INICIAL, PREESCOLAR, BASICA Y MEDIA.",No Aplica,NO DEFINIDO,,,2023,Primer Trimestre,,,,SERVICIOS DE LA ADMINISTRACION PUBLICA RELACIONADOS CON LA ENERGIA Y LOS COMBUSTIBLES,SGP-EDUCACION-CALIDAD  POR MATRICULA OFICIAL,,,,,,NO APLICA,,,,,,CON SITUACION DE FONDOS,NO APLICA,NO APLICA,8304618.0,2107074.0,0.0
10227667,20220601,218552585,Pupiales,2.1.3.05.04,PARTICIPACIONES DISTINTAS DEL SGP,GASTOS,FUNCIONAMIENTO,TRANSFERENCIAS CORRIENTES,A ENTIDADES DEL GOBIERNO,PARTICIPACIONES DISTINTAS DEL SGP,No Aplica,No Aplica,No Aplica,No Aplica,No Aplica,VIGENCIA ACTUAL,ENTIDADES TERRITORIALES - ADMINISTRACION CENTRAL,NO DEFINIDO,No Aplica,NO DEFINIDO,,,2022,Segundo Trimestre,,,,NO DEFINIDO,NO DEFINIDO,,,,,,NO DEFINIDO,,,,,,NO DEFINIDO,NO DEFINIDO,NO DEFINIDO,31844190.0,31844190.0,31844190.0
10227788,20210301,218552585,Pupiales,2.1.2.02,ADQUISICIONES DIFERENTES DE ACTIVOS,GASTOS,FUNCIONAMIENTO,ADQUISICION DE BIENES Y SERVICIOS,ADQUISICIONES DIFERENTES DE ACTIVOS,No Aplica,No Aplica,No Aplica,No Aplica,No Aplica,No Aplica,VIGENCIA ACTUAL,ENTIDADES TERRITORIALES - ADMINISTRACION CENTRAL,NO DEFINIDO,No Aplica,NO DEFINIDO,,,2021,Primer Trimestre,,,,NO DEFINIDO,NO DEFINIDO,,,,,,NO DEFINIDO,,,,,,NO DEFINIDO,NO DEFINIDO,NO DEFINIDO,378597148.0,157101402.0,157101402.0
10230747,20230601,218552585,Pupiales,2.3.1.01,PLANTA DE PERSONAL PERMANENTE,GASTOS,INVERSION,GASTOS DE PERSONAL,PLANTA DE PERSONAL PERMANENTE,No Aplica,No Aplica,No Aplica,No Aplica,No Aplica,No Aplica,CUENTAS POR PAGAR,ENTIDADES TERRITORIALES - ADMINISTRACION CENTRAL,NO DEFINIDO,No Aplica,NO DEFINIDO,,,2023,Segundo Trimestre,,,,NO DEFINIDO,NO DEFINIDO,,,,,,NO DEFINIDO,,,,,,NO DEFINIDO,NO DEFINIDO,NO DEFINIDO,15810000.0,15810000.0,15810000.0
10239112,20210301,218552585,Pupiales,2.2.2.02.02,PRESTAMOS,GASTOS,SERVICIO DE LA DEUDA PUBLICA,SERVICIO DE LA DEUDA PUBLICA INTERNA,INTERESES,PRESTAMOS,No Aplica,No Aplica,No Aplica,No Aplica,No Aplica,VIGENCIA ACTUAL,ENTIDADES TERRITORIALES - ADMINISTRACION CENTRAL,NO DEFINIDO,No Aplica,NO DEFINIDO,,,2021,Primer Trimestre,,,,NO DEFINIDO,NO DEFINIDO,,,,,,NO DEFINIDO,,,,,,NO DEFINIDO,NO DEFINIDO,NO DEFINIDO,7222936.0,7222936.0,7222936.0
10239755,20211201,218552585,Pupiales,2.1.1.01.01.001,FACTORES SALARIALES COMUNES,GASTOS,FUNCIONAMIENTO,GASTOS DE PERSONAL,PLANTA DE PERSONAL PERMANENTE,FACTORES CONSTITUTIVOS DE SALARIO,FACTORES SALARIALES COMUNES,No Aplica,No Aplica,No Aplica,No Aplica,VIGENCIA ACTUAL,ENTIDADES TERRITORIALES - ADMINISTRACION CENTRAL,NO DEFINIDO,No Aplica,NO DEFINIDO,,,2021,Cuarto Trimestre,,,,NO DEFINIDO,NO DEFINIDO,,,,,,NO DEFINIDO,,,,,,NO DEFINIDO,NO DEFINIDO,NO DEFINIDO,620503820.0,620503820.0,620503820.0
10244142,20210601,218552585,Pupiales,2.3.4.03,COMPENSACIONES DE CAPITAL,GASTOS,INVERSION,TRANSFERENCIAS DE CAPITAL,COMPENSACIONES DE CAPITAL,No Aplica,No Aplica,No Aplica,No Aplica,No Aplica,No Aplica,VIGENCIA ACTUAL,ENTIDADES TERRITORIALES - ADMINISTRACION CENTRAL,"40.03.025 - VIVIENDA, CIUDAD Y TERRITORIO - ACCESO DE LA POBLACION A LOS SERVICIOS DE AGUA POTABLE Y SANEAMIENTO BASICO - SERVICIOS DE APOYO FINANCIERO PARA LA EJECUCION DE PROYECTOS DE ACUEDUCTOS Y A",2021525850040,NO DEFINIDO,,,2021,Segundo Trimestre,,,,NO APLICA,1.3.3.8.00 - R.B. SGP - AGUA POTABLE Y SANEAMIENTO BASICO,,,,,,NO APLICA,,,,,,CON SITUACION DE FONDOS,DIRECCION NACIONAL DEL TESORO MINISTERIO DE HACIENDA Y CREDITO PUBLICO,NO DEFINIDO,15000000.0,5000000.0,5000000.0
10245867,20230301,218552585,Pupiales,2.1.4.02.02,ENTIDADES TERRITORIALES DISTINTAS DE PARTICIPACIONES Y COMPENSACIONES,GASTOS,FUNCIONAMIENTO,TRANSFERENCIAS DE CAPITAL,ENTIDADES DEL GOBIERNO GENERAL,ENTIDADES TERRITORIALES DISTINTAS DE PARTICIPACIONES Y COMPENSACIONES,No Aplica,No Aplica,No Aplica,No Aplica,No Aplica,VIGENCIA ACTUAL,ENTIDADES TERRITORIALES - CONCEJO,NO APLICA,No Aplica,NO DEFINIDO,,,2023,Primer Trimestre,,,,NO APLICA,"SGP-PROPOSITO GENERAL-LIBRE DESTINACION MUNICIPIOS CATEGORIAS 4, 5 Y 6",,,,,,NO APLICA,,,,,,CON SITUACION DE FONDOS,NO APLICA,NO APLICA,9029250.0,9029250.0,6019500.0
10246894,20220901,218552585,Pupiales,2.3.2.02.02.009,"SERVICIOS PARA LA COMUNIDAD, SOCIALES Y PERSONALES",GASTOS,INVERSION,ADQUISICION DE BIENES Y SERVICIOS,ADQUISICIONES DIFERENTES DE ACTIVOS,ADQUISICION DE SERVICIOS,"SERVICIOS PARA LA COMUNIDAD, SOCIALES Y PERSONALES",No Aplica,No Aplica,No Aplica,No Aplica,VIGENCIA ACTUAL,ENTIDADES TERRITORIALES - ADMINISTRACION CENTRAL,SERVICIO DE INFORMACION PARA ORIENTAR AL CIUDADANO EN EL ACCESO A LA JUSTICIA,No Aplica,NO DEFINIDO,,,2022,Tercer Trimestre,,,,OTROS SERVICIOS DE LA ADMINISTRACION PUBLICA N C P,SGP-PROPOSITO GENERAL-PROPOSITO GENERAL LIBRE INVERSION,,,,,,NO APLICA,,,,,,CON SITUACION DE FONDOS,DIRECCION NACIONAL DEL TESORO MINISTERIO DE HACIENDA Y CREDITO PUBLICO,NO APLICA,38740000.0,37240000.0,37240000.0
10247360,20210601,218552585,Pupiales,2,GASTOS,GASTOS,No Aplica,No Aplica,No Aplica,No Aplica,No Aplica,No Aplica,No Aplica,No Aplica,No Aplica,VIGENCIA ACTUAL,ENTIDADES TERRITORIALES - CONCEJO,NO DEFINIDO,No Aplica,NO DEFINIDO,,,2021,Segundo Trimestre,,,,NO DEFINIDO,NO DEFINIDO,,,,,,NO DEFINIDO,,,,,,NO DEFINIDO,NO DEFINIDO,NO DEFINIDO,125822319.0,125822319.0,125822319.0
10251608,20211201,218552585,Pupiales,2.3.2.02.02.009,"SERVICIOS PARA LA COMUNIDAD, SOCIALES Y PERSONALES",GASTOS,INVERSION,ADQUISICION DE BIENES Y SERVICIOS,ADQUISICIONES DIFERENTES DE ACTIVOS,ADQUISICION DE SERVICIOS,"SERVICIOS PARA LA COMUNIDAD, SOCIALES Y PERSONALES",No Aplica,No Aplica,No Aplica,No Aplica,VIGENCIA ACTUAL,ENTIDADES TERRITORIALES - ADMINISTRACION CENTRAL,SERVICIO DE ATENCION EN SALUD A LA POBLACION,No Aplica,NO DEFINIDO,,,2021,Cuarto Trimestre,,,,OTROS SERVICIOS DIVERSOS N C P,SGP-SALUD-REGIMEN SUBSIDIADO,,,,,,NO APLICA,,,,,,SIN SITUACION DE FONDOS,DIRECCION NACIONAL DEL TESORO MINISTERIO DE HACIENDA Y CREDITO PUBLICO,NO DEFINIDO,6468544850.0,6468544850.0,6468544850.0
10253403,20221201,218552585,Pupiales,2.1.2,ADQUISICION DE BIENES Y SERVICIOS,GASTOS,FUNCIONAMIENTO,ADQUISICION DE BIENES Y SERVICIOS,No Aplica,No Aplica,No Aplica,No Aplica,No Aplica,No Aplica,No Aplica,VIGENCIA ACTUAL,ENTIDADES TERRITORIALES - ADMINISTRACION CENTRAL,NO DEFINIDO,No Aplica,NO DEFINIDO,,,2022,Cuarto Trimestre,,,,NO DEFINIDO,NO DEFINIDO,,,,,,NO DEFINIDO,,,,,,NO DEFINIDO,NO DEFINIDO,NO DEFINIDO,773555119.0,773555119.0,771355119.0
10256523,20230601,218552585,Pupiales,2.1.1,GASTOS DE PERSONAL,GASTOS,FUNCIONAMIENTO,GASTOS DE PERSONAL,No Aplica,No Aplica,No Aplica,No Aplica,No Aplica,No Aplica,No Aplica,VIGENCIA ACTUAL,ENTIDADES TERRITORIALES - PERSONERIA,NO DEFINIDO,No Aplica,NO DEFINIDO,,,2023,Segundo Trimestre,,,,NO DEFINIDO,NO DEFINIDO,,,,,,NO DEFINIDO,,,,,,NO DEFINIDO,NO DEFINIDO,NO DEFINIDO,83119247.0,83119247.0,83119247.0
10258535,20220301,218552585,Pupiales,2.1.2.02,ADQUISICIONES DIFERENTES DE ACTIVOS,GASTOS,FUNCIONAMIENTO,ADQUISICION DE BIENES Y SERVICIOS,ADQUISICIONES DIFERENTES DE ACTIVOS,No Aplica,No Aplica,No Aplica,No Aplica,No Aplica,No Aplica,VIGENCIA ACTUAL,ENTIDADES TERRITORIALES - ADMINISTRACION CENTRAL,NO DEFINIDO,No Aplica,NO DEFINIDO,,,2022,Primer Trimestre,,,,NO DEFINIDO,NO DEFINIDO,,,,,,NO DEFINIDO,,,,,,NO DEFINIDO,NO DEFINIDO,NO DEFINIDO,471704275.0,142475675.0,142475675.0
10265185,20221201,218552585,Pupiales,2.1.3.05.04.001.13.01,TRANSFERENCIA DE LA SOBRETASA AMBIENTAL A LAS CORPORACIONES AUTONOMAS REGIONALES,GASTOS,FUNCIONAMIENTO,TRANSFERENCIAS CORRIENTES,A ENTIDADES DEL GOBIERNO,PARTICIPACIONES DISTINTAS DEL SGP,PARTICIPACIONES DE IMPUESTOS,PARTICIPACION DE LA SOBRETASA AMBIENTAL,TRANSFERENCIA DE LA SOBRETASA AMBIENTAL A LAS CORPORACIONES AUTONOMAS REGIONALES,No Aplica,No Aplica,VIGENCIA ACTUAL,ENTIDADES TERRITORIALES - ADMINISTRACION CENTRAL,NO APLICA,No Aplica,NO DEFINIDO,,,2022,Cuarto Trimestre,,,,NO APLICA,SOBRETASA - PARTICIPACION AMBIENTAL - CORPORACIONES AUTONOMAS REGIONALES,,,,,,NO APLICA,,,,,,CON SITUACION DE FONDOS,NO APLICA,NO APLICA,61349586.0,61349586.0,55111163.0
10266955,20210601,218552585,Pupiales,2.3.2,ADQUISICION DE BIENES Y SERVICIOS,GASTOS,INVERSION,ADQUISICION DE BIENES Y SERVICIOS,No Aplica,No Aplica,No Aplica,No Aplica,No Aplica,No Aplica,No Aplica,VIGENCIA ACTUAL,ENTIDADES TERRITORIALES - ADMINISTRACION CENTRAL,NO DEFINIDO,No Aplica,NO DEFINIDO,,,2021,Segundo Trimestre,,,,NO DEFINIDO,NO DEFINIDO,,,,,,NO DEFINIDO,,,,,,NO DEFINIDO,NO DEFINIDO,NO DEFINIDO,12708246803.0,9573493640.0,9514543640.0
10275149,20210301,218552585,Pupiales,2.3.1.01.01.001.04,SUBSIDIO DE ALIMENTACION,GASTOS,INVERSION,GASTOS DE PERSONAL,PLANTA DE PERSONAL PERMANENTE,FACTORES CONSTITUTIVOS DE SALARIO,FACTORES SALARIALES COMUNES,SUBSIDIO DE ALIMENTACION,No Aplica,No Aplica,No Aplica,VIGENCIA ACTUAL,ENTIDADES TERRITORIALES - ADMINISTRACION CENTRAL,NO APLICA,No Aplica,NO DEFINIDO,,,2021,Primer Trimestre,,,,NO APLICA,1.2.4.3.03 - SGP-PROPOSITO GENERAL-PROPOSITO GENERAL LIBRE INVERSION,,,,,,NO APLICA,,,,,,CON SITUACION DE FONDOS,DIRECCION NACIONAL DEL TESORO MINISTERIO DE HACIENDA Y CREDITO PUBLICO,NO DEFINIDO,1892890.0,1892890.0,1892890.0
10276958,20210301,218552585,Pupiales,2.3.2.01.01.001.01,VIVIENDAS,GASTOS,INVERSION,ADQUISICION DE BIENES Y SERVICIOS,ADQUISICION DE ACTIVOS NO FINANCIEROS,ACTIVOS FIJOS,EDIFICACIONES Y ESTRUCTURAS,VIVIENDAS,No Aplica,No Aplica,No Aplica,VIGENCIA ACTUAL,ENTIDADES TERRITORIALES - ADMINISTRACION CENTRAL,NO DEFINIDO,No Aplica,NO DEFINIDO,,,2021,Primer Trimestre,,,,NO DEFINIDO,NO DEFINIDO,,,,,,NO DEFINIDO,,,,,,NO DEFINIDO,NO DEFINIDO,NO DEFINIDO,21197071.0,0.0,0.0
10278352,20210301,218552585,Pupiales,2.1.1.01.03.006,HONORARIOS CONCEJALES,GASTOS,FUNCIONAMIENTO,GASTOS DE PERSONAL,PLANTA DE PERSONAL PERMANENTE,REMUNERACIONES NO CONSTITUTIVAS DE FACTOR SALARIAL,HONORARIOS CONCEJALES,No Aplica,No Aplica,No Aplica,No Aplica,VIGENCIA ACTUAL,ENTIDADES TERRITORIALES - CONCEJO,NO APLICA,No Aplica,NO DEFINIDO,,,2021,Primer Trimestre,,,,NO APLICA,1.2.1.0.00 - INGRESOS CORRIENTES DE LIBRE DESTINACION,,,,,,NO APLICA,,,,,,CON SITUACION DE FONDOS,NO APLICA,NO DEFINIDO,42411682.0,42411682.0,42411682.0
10278878,20220901,218552585,Pupiales,2.3.2.02.02.005,CONSTRUCCION Y SERVICIOS DE LA CONSTRUCCION,GASTOS,INVERSION,ADQUISICION DE BIENES Y SERVICIOS,ADQUISICIONES DIFERENTES DE ACTIVOS,ADQUISICION DE SERVICIOS,CONSTRUCCION Y SERVICIOS DE LA CONSTRUCCION,No Aplica,No Aplica,No Aplica,No Aplica,VIGENCIA ACTUAL,ENTIDADES TERRITORIALES - ADMINISTRACION CENTRAL,"SERVICIO DE APOYO FINANCIERO A LOS PLANES, PROGRAMAS Y PROYECTOS DE AGUA POTABLE Y SANEAMIENTO BASICO",No Aplica,NO DEFINIDO,,,2022,Tercer Trimestre,,,,OTROS SERVICIOS DE LA ADMINISTRACION PUBLICA N C P,SGP-AGUA POTABLE Y SANEAMIENTO BASICO,,,,,,NO APLICA,,,,,,CON SITUACION DE FONDOS,NO APLICA,NO APLICA,255812964.0,191859723.0,191859723.0
10279118,20211201,218552585,Pupiales,2.2.2.01.02,PRESTAMOS,GASTOS,SERVICIO DE LA DEUDA PUBLICA,SERVICIO DE LA DEUDA PUBLICA INTERNA,PRINCIPAL,PRESTAMOS,No Aplica,No Aplica,No Aplica,No Aplica,No Aplica,VIGENCIA ACTUAL,ENTIDADES TERRITORIALES - ADMINISTRACION CENTRAL,NO DEFINIDO,No Aplica,NO DEFINIDO,,,2021,Cuarto Trimestre,,,,NO DEFINIDO,NO DEFINIDO,,,,,,NO DEFINIDO,,,,,,NO DEFINIDO,NO DEFINIDO,NO DEFINIDO,206879702.0,206879702.0,206879702.0
10280317,20230301,218552585,Pupiales,2.1.1.01.01.001.05,AUXILIO DE TRANSPORTE,GASTOS,FUNCIONAMIENTO,GASTOS DE PERSONAL,PLANTA DE PERSONAL PERMANENTE,FACTORES CONSTITUTIVOS DE SALARIO,FACTORES SALARIALES COMUNES,AUXILIO DE TRANSPORTE,No Aplica,No Aplica,No Aplica,VIGENCIA ACTUAL,ENTIDADES TERRITORIALES - ADMINISTRACION CENTRAL,NO APLICA,No Aplica,NO DEFINIDO,,,2023,Primer Trimestre,,,,NO APLICA,"SGP-PROPOSITO GENERAL-LIBRE DESTINACION MUNICIPIOS CATEGORIAS 4, 5 Y 6",,,,,,NO APLICA,,,,,,CON SITUACION DE FONDOS,NO APLICA,NO APLICA,1668528.0,1668528.0,1124848.0
10287591,20220601,218552585,Pupiales,2.3.2.02.02,ADQUISICION DE SERVICIOS,GASTOS,INVERSION,ADQUISICION DE BIENES Y SERVICIOS,ADQUISICIONES DIFERENTES DE ACTIVOS,ADQUISICION DE SERVICIOS,No Aplica,No Aplica,No Aplica,No Aplica,No Aplica,VIGENCIA ACTUAL,ENTIDADES TERRITORIALES - ADMINISTRACION CENTRAL,NO DEFINIDO,No Aplica,NO DEFINIDO,,,2022,Segundo Trimestre,,,,NO DEFINIDO,NO DEFINIDO,,,,,,NO DEFINIDO,,,,,,NO DEFINIDO,NO DEFINIDO,NO DEFINIDO,12269557654.0,10605276447.0,10605276447.0
10287593,20221201,218552585,Pupiales,2.3.1.01.01.001.04,SUBSIDIO DE ALIMENTACION,GASTOS,INVERSION,GASTOS DE PERSONAL,PLANTA DE PERSONAL PERMANENTE,FACTORES CONSTITUTIVOS DE SALARIO,FACTORES SALARIALES COMUNES,SUBSIDIO DE ALIMENTACION,No Aplica,No Aplica,No Aplica,VIGENCIA ACTUAL,ENTIDADES TERRITORIALES - ADMINISTRACION CENTRAL,NO APLICA,No Aplica,NO DEFINIDO,,,2022,Cuarto Trimestre,,,,NO APLICA,SGP-PROPOSITO GENERAL-PROPOSITO GENERAL LIBRE INVERSION,,,,,,NO APLICA,,,,,,CON SITUACION DE FONDOS,DIRECCION NACIONAL DEL TESORO MINISTERIO DE HACIENDA Y CREDITO PUBLICO,NO APLICA,8298880.0,8298880.0,8298880.0
10289047,20230601,218552585,Pupiales,2.3.2.01.01.001.02,EDIFICACIONES DISTINTAS A VIVIENDAS,GASTOS,INVERSION,ADQUISICION DE BIENES Y SERVICIOS,ADQUISICION DE ACTIVOS NO FINANCIEROS,ACTIVOS FIJOS,EDIFICACIONES Y ESTRUCTURAS,EDIFICACIONES DISTINTAS A VIVIENDAS,No Aplica,No Aplica,No Aplica,CUENTAS POR PAGAR,ENTIDADES TERRITORIALES - ADMINISTRACION CENTRAL,NO DEFINIDO,No Aplica,NO DEFINIDO,,,2023,Segundo Trimestre,,,,NO DEFINIDO,NO DEFINIDO,,,,,,NO DEFINIDO,,,,,,NO DEFINIDO,NO DEFINIDO,NO DEFINIDO,4500000.0,4500000.0,0.0
10293316,20220301,218552585,Pupiales,2.1.1.01.03.001.02,INDEMNIZACION POR VACACIONES,GASTOS,FUNCIONAMIENTO,GASTOS DE PERSONAL,PLANTA DE PERSONAL PERMANENTE,REMUNERACIONES NO CONSTITUTIVAS DE FACTOR SALARIAL,PRESTACIONES SOCIALES,INDEMNIZACION POR VACACIONES,No Aplica,No Aplica,No Aplica,VIGENCIA ACTUAL,ENTIDADES TERRITORIALES - ADMINISTRACION CENTRAL,NO APLICA,No Aplica,NO DEFINIDO,,,2022,Primer Trimestre,,,,NO APLICA,INGRESOS CORRIENTES DE LIBRE DESTINACION,,,,,,NO APLICA,,,,,,CON SITUACION DE FONDOS,NO APLICA,NO APLICA,1449821.0,1449821.0,1449821.0
10298172,20210901,218552585,Pupiales,2.1.1.01.01.001,FACTORES SALARIALES COMUNES,GASTOS,FUNCIONAMIENTO,GASTOS DE PERSONAL,PLANTA DE PERSONAL PERMANENTE,FACTORES CONSTITUTIVOS DE SALARIO,FACTORES SALARIALES COMUNES,No Aplica,No Aplica,No Aplica,No Aplica,VIGENCIA ACTUAL,ENTIDADES TERRITORIALES - PERSONERIA,NO DEFINIDO,No Aplica,NO DEFINIDO,,,2021,Tercer Trimestre,,,,NO DEFINIDO,NO DEFINIDO,,,,,,NO DEFINIDO,,,,,,NO DEFINIDO,NO DEFINIDO,NO DEFINIDO,93958200.0,93958200.0,93958200.0
10298854,20230301,218552585,Pupiales,2.3.2.02.02.009,"SERVICIOS PARA LA COMUNIDAD, SOCIALES Y PERSONALES",GASTOS,INVERSION,ADQUISICION DE BIENES Y SERVICIOS,ADQUISICIONES DIFERENTES DE ACTIVOS,ADQUISICION DE SERVICIOS,"SERVICIOS PARA LA COMUNIDAD, SOCIALES Y PERSONALES",No Aplica,No Aplica,No Aplica,No Aplica,VIGENCIA ACTUAL,ENTIDADES TERRITORIALES - ADMINISTRACION CENTRAL,SERVICIO DE ASISTENCIA TECNICA4599031,No Aplica,NO DEFINIDO,,,2023,Primer Trimestre,,,,SERVICIOS LEGISLATIVOS DE LA ADMINISTRACION PUBLICA,"SGP-PROPOSITO GENERAL-LIBRE DESTINACION MUNICIPIOS CATEGORIAS 4, 5 Y 6",,,,,,NO APLICA,,,,,,CON SITUACION DE FONDOS,NO APLICA,NO APLICA,29252141.0,18759551.0,9983237.0
10301301,20230601,218552585,Pupiales,2.3.1.01.03.001.03,BONIFICACION ESPECIAL DE RECREACION,GASTOS,INVERSION,GASTOS DE PERSONAL,PLANTA DE PERSONAL PERMANENTE,REMUNERACIONES NO CONSTITUTIVAS DE FACTOR SALARIAL,PRESTACIONES SOCIALES,BONIFICACION ESPECIAL DE RECREACION,No Aplica,No Aplica,No Aplica,VIGENCIA ACTUAL,ENTIDADES TERRITORIALES - ADMINISTRACION CENTRAL,VIA TERCIARIA MEJORADA,No Aplica,NO DEFINIDO,,,2023,Segundo Trimestre,,,,NO APLICA,INGRESOS CORRIENTES DE LIBRE DESTINACION,,,,,,NO APLICA,,,,,,CON SITUACION DE FONDOS,NO APLICA,NO APLICA,101373.0,0.0,0.0
10301636,20230601,218552585,Pupiales,2.1.3.13.01.002,CONCILIACIONES,GASTOS,FUNCIONAMIENTO,TRANSFERENCIAS CORRIENTES,SENTENCIAS Y CONCILIACIONES,FALLOS NACIONALES,CONCILIACIONES,No Aplica,No Aplica,No Aplica,No Aplica,VIGENCIA ACTUAL,ENTIDADES TERRITORIALES - ADMINISTRACION CENTRAL,NO APLICA,No Aplica,NO DEFINIDO,,,2023,Segundo Trimestre,,,,NO APLICA,"SGP-PROPOSITO GENERAL-LIBRE DESTINACION MUNICIPIOS CATEGORIAS 4, 5 Y 6",,,,,,NO APLICA,,,,,,CON SITUACION DE FONDOS,NO APLICA,NO APLICA,5273000.0,5273000.0,5273000.0
10302427,20221201,218552585,Pupiales,2.3.2.02.02.005,CONSTRUCCION Y SERVICIOS DE LA CONSTRUCCION,GASTOS,INVERSION,ADQUISICION DE BIENES Y SERVICIOS,ADQUISICIONES DIFERENTES DE ACTIVOS,ADQUISICION DE SERVICIOS,CONSTRUCCION Y SERVICIOS DE LA CONSTRUCCION,No Aplica,No Aplica,No Aplica,No Aplica,VIGENCIA ACTUAL,ENTIDADES TERRITORIALES - ADMINISTRACION CENTRAL,"SERVICIO DE APOYO FINANCIERO A LOS PLANES, PROGRAMAS Y PROYECTOS DE AGUA POTABLE Y SANEAMIENTO BASICO",No Aplica,NO DEFINIDO,,,2022,Cuarto Trimestre,,,,OTROS SERVICIOS DE LA ADMINISTRACION PUBLICA N C P,SGP-AGUA POTABLE Y SANEAMIENTO BASICO,,,,,,NO APLICA,,,,,,CON SITUACION DE FONDOS,NO APLICA,NO APLICA,255812964.0,255812964.0,255812964.0
10304258,20230301,218552585,Pupiales,2.1.2.02.02.009,"SERVICIOS PARA LA COMUNIDAD, SOCIALES Y PERSONALES",GASTOS,FUNCIONAMIENTO,ADQUISICION DE BIENES Y SERVICIOS,ADQUISICIONES DIFERENTES DE ACTIVOS,ADQUISICION DE SERVICIOS,"SERVICIOS PARA LA COMUNIDAD, SOCIALES Y PERSONALES",No Aplica,No Aplica,No Aplica,No Aplica,VIGENCIA ACTUAL,ENTIDADES TERRITORIALES - ADMINISTRACION CENTRAL,NO APLICA,No Aplica,NO DEFINIDO,,,2023,Primer Trimestre,,,,SERVICIOS FINANCIEROS Y FISCALES DE LA ADMINISTRACION PUBLICA,"SGP-PROPOSITO GENERAL-LIBRE DESTINACION MUNICIPIOS CATEGORIAS 4, 5 Y 6",,,,,,NO APLICA,,,,,,CON SITUACION DE FONDOS,NO APLICA,NO APLICA,13089872.0,10012727.0,5526782.0
10309388,20230301,218552585,Pupiales,2.1.2.02.02.009,"SERVICIOS PARA LA COMUNIDAD, SOCIALES Y PERSONALES",GASTOS,FUNCIONAMIENTO,ADQUISICION DE BIENES Y SERVICIOS,ADQUISICIONES DIFERENTES DE ACTIVOS,ADQUISICION DE SERVICIOS,"SERVICIOS PARA LA COMUNIDAD, SOCIALES Y PERSONALES",No Aplica,No Aplica,No Aplica,No Aplica,VIGENCIA ACTUAL,ENTIDADES TERRITORIALES - ADMINISTRACION CENTRAL,NO APLICA,No Aplica,NO DEFINIDO,,,2023,Primer Trimestre,,,,OTROS SERVICIOS DE PROTECCION DEL MEDIO AMBIENTE N C P,"SGP-PROPOSITO GENERAL-LIBRE DESTINACION MUNICIPIOS CATEGORIAS 4, 5 Y 6",,,,,,NO APLICA,,,,,,CON SITUACION DE FONDOS,NO APLICA,NO APLICA,1133012.0,866666.0,478378.0
10313615,20220301,218552585,Pupiales,2.3.1.01.02.006,APORTES AL ICBF,GASTOS,INVERSION,GASTOS DE PERSONAL,PLANTA DE PERSONAL PERMANENTE,CONTRIBUCIONES INHERENTES A LA NOMINA,APORTES AL ICBF,No Aplica,No Aplica,No Aplica,No Aplica,VIGENCIA ACTUAL,ENTIDADES TERRITORIALES - ADMINISTRACION CENTRAL,NO APLICA,No Aplica,NO DEFINIDO,,,2022,Primer Trimestre,,,,NO APLICA,SGP-PROPOSITO GENERAL-PROPOSITO GENERAL LIBRE INVERSION,,,,,,NO APLICA,,,,,,CON SITUACION DE FONDOS,DIRECCION NACIONAL DEL TESORO MINISTERIO DE HACIENDA Y CREDITO PUBLICO,NO APLICA,994242.0,994242.0,994242.0
10323078,20211201,218552585,Pupiales,2.3.4.03,COMPENSACIONES DE CAPITAL,GASTOS,INVERSION,TRANSFERENCIAS DE CAPITAL,COMPENSACIONES DE CAPITAL,No Aplica,No Aplica,No Aplica,No Aplica,No Aplica,No Aplica,VIGENCIA ACTUAL,ENTIDADES TERRITORIALES - ADMINISTRACION CENTRAL,SERVICIO DE EDUCACION FORMAL AL SECTOR ARTISTICO Y CULTURAL,No Aplica,NO DEFINIDO,,,2021,Cuarto Trimestre,,,,NO APLICA,RECURSOS DEL BALANCE DE LIBRE DESTINACION,,,,,,NO APLICA,,,,,,CON SITUACION DE FONDOS,OTRO,NO DEFINIDO,11360000.0,11360000.0,11360000.0
10326375,20220301,218552585,Pupiales,2.1.2.02.02.007,SERVICIOS FINANCIEROS Y SERVICIOS CONEXOS; SERVICIOS INMOBILIARIOS; Y SERVICIOS DE ARRENDAMIENTO Y LEASING,GASTOS,FUNCIONAMIENTO,ADQUISICION DE BIENES Y SERVICIOS,ADQUISICIONES DIFERENTES DE ACTIVOS,ADQUISICION DE SERVICIOS,SERVICIOS FINANCIEROS Y SERVICIOS CONEXOS; SERVICIOS INMOBILIARIOS; Y SERVICIOS DE ARRENDAMIENTO Y LEASING,No Aplica,No Aplica,No Aplica,No Aplica,VIGENCIA ACTUAL,ENTIDADES TERRITORIALES - ADMINISTRACION CENTRAL,NO APLICA,No Aplica,NO DEFINIDO,,,2022,Primer Trimestre,,,,OTROS SERVICIOS ADMINISTRATIVOS DEL GOBIERNO N C P,INGRESOS CORRIENTES DE LIBRE DESTINACION,,,,,,NO APLICA,,,,,,CON SITUACION DE FONDOS,NO APLICA,NO APLICA,9255395.0,9255395.0,9255395.0
10328267,20221201,218552585,Pupiales,2.1.1.01.03,REMUNERACIONES NO CONSTITUTIVAS DE FACTOR SALARIAL,GASTOS,FUNCIONAMIENTO,GASTOS DE PERSONAL,PLANTA DE PERSONAL PERMANENTE,REMUNERACIONES NO CONSTITUTIVAS DE FACTOR SALARIAL,No Aplica,No Aplica,No Aplica,No Aplica,No Aplica,VIGENCIA ACTUAL,ENTIDADES TERRITORIALES - CONCEJO,NO DEFINIDO,No Aplica,NO DEFINIDO,,,2022,Cuarto Trimestre,,,,NO DEFINIDO,NO DEFINIDO,,,,,,NO DEFINIDO,,,,,,NO DEFINIDO,NO DEFINIDO,NO DEFINIDO,126284648.0,126284648.0,126284648.0
10330814,20221201,218552585,Pupiales,2.3.1.01.01.001.08.01,PRIMA DE NAVIDAD,GASTOS,INVERSION,GASTOS DE PERSONAL,PLANTA DE PERSONAL PERMANENTE,FACTORES CONSTITUTIVOS DE SALARIO,FACTORES SALARIALES COMUNES,PRESTACIONES SOCIALES,PRIMA DE NAVIDAD,No Aplica,No Aplica,VIGENCIA ACTUAL,ENTIDADES TERRITORIALES - ADMINISTRACION CENTRAL,NO APLICA,No Aplica,NO DEFINIDO,,,2022,Cuarto Trimestre,,,,NO APLICA,SGP-PROPOSITO GENERAL-PROPOSITO GENERAL LIBRE INVERSION,,,,,,NO APLICA,,,,,,CON SITUACION DE FONDOS,DIRECCION NACIONAL DEL TESORO MINISTERIO DE HACIENDA Y CREDITO PUBLICO,NO APLICA,19458024.0,19458024.0,19458024.0
10332744,20230601,218552585,Pupiales,2.3.2.02.02.009,"SERVICIOS PARA LA COMUNIDAD, SOCIALES Y PERSONALES",GASTOS,INVERSION,ADQUISICION DE BIENES Y SERVICIOS,ADQUISICIONES DIFERENTES DE ACTIVOS,ADQUISICION DE SERVICIOS,"SERVICIOS PARA LA COMUNIDAD, SOCIALES Y PERSONALES",No Aplica,No Aplica,No Aplica,No Aplica,VIGENCIA ACTUAL,ENTIDADES TERRITORIALES - ADMINISTRACION CENTRAL,SERVICIO DE PROMOCION DE ACTIVIDADES CULTURALES,No Aplica,NO DEFINIDO,,,2023,Segundo Trimestre,,,,SERVICIOS DE LOS ORGANOS DE CONTROL Y OTRAS INSTITUCIONES,SGP-PROPOSITO GENERAL-CULTURA,,,,,,NO APLICA,,,,,,CON SITUACION DE FONDOS,NO APLICA,NO APLICA,47000000.0,47000000.0,47000000.0
10333112,20210901,218552585,Pupiales,2.1.1.01.03.003,BONIFICACION DE DIRECCION PARA GOBERNADORES Y ALCALDES,GASTOS,FUNCIONAMIENTO,GASTOS DE PERSONAL,PLANTA DE PERSONAL PERMANENTE,REMUNERACIONES NO CONSTITUTIVAS DE FACTOR SALARIAL,BONIFICACION DE DIRECCION PARA GOBERNADORES Y ALCALDES,No Aplica,No Aplica,No Aplica,No Aplica,VIGENCIA ACTUAL,ENTIDADES TERRITORIALES - ADMINISTRACION CENTRAL,NO APLICA,No Aplica,NO DEFINIDO,,,2021,Tercer Trimestre,,,,NO APLICA,1.2.1.0.00 - INGRESOS CORRIENTES DE LIBRE DESTINACION,,,,,,NO APLICA,,,,,,CON SITUACION DE FONDOS,NO APLICA,NO DEFINIDO,22728746.0,22728746.0,22728746.0
10335133,20230301,218552585,Pupiales,2.3.2.02.02.009,"SERVICIOS PARA LA COMUNIDAD, SOCIALES Y PERSONALES",GASTOS,INVERSION,ADQUISICION DE BIENES Y SERVICIOS,ADQUISICIONES DIFERENTES DE ACTIVOS,ADQUISICION DE SERVICIOS,"SERVICIOS PARA LA COMUNIDAD, SOCIALES Y PERSONALES",No Aplica,No Aplica,No Aplica,No Aplica,RESERVAS,ENTIDADES TERRITORIALES - ADMINISTRACION CENTRAL,VIA SECUNDARIA MEJORADA,No Aplica,NO DEFINIDO,,,2023,Primer Trimestre,,,,OTROS SERVICIOS DE APOYO PARA EL MEJORAMIENTO DEL COMPORTAMIENTO CIVICO Y DE LAS INFRAESTRUCTURAS COMUNITARIAS,TRANSFERENCIAS DE CAPITAL DE OTRAS ENTIDADES DEL GOBIERNO GENERAL,,,,,,NO APLICA,,,,,,CON SITUACION DE FONDOS,NO APLICA,NO APLICA,349930652.0,233287101.0,233287101.0
10335802,20230601,218552585,Pupiales,2.3.1.01.03,REMUNERACIONES NO CONSTITUTIVAS DE FACTOR SALARIAL,GASTOS,INVERSION,GASTOS DE PERSONAL,PLANTA DE PERSONAL PERMANENTE,REMUNERACIONES NO CONSTITUTIVAS DE FACTOR SALARIAL,No Aplica,No Aplica,No Aplica,No Aplica,No Aplica,VIGENCIA ACTUAL,ENTIDADES TERRITORIALES - ADMINISTRACION CENTRAL,NO DEFINIDO,No Aplica,NO DEFINIDO,,,2023,Segundo Trimestre,,,,NO DEFINIDO,NO DEFINIDO,,,,,,NO DEFINIDO,,,,,,NO DEFINIDO,NO DEFINIDO,NO DEFINIDO,1473606.0,0.0,0.0
10339095,20230601,218552585,Pupiales,2.3.2.02.02.009,"SERVICIOS PARA LA COMUNIDAD, SOCIALES Y PERSONALES",GASTOS,INVERSION,ADQUISICION DE BIENES Y SERVICIOS,ADQUISICIONES DIFERENTES DE ACTIVOS,ADQUISICION DE SERVICIOS,"SERVICIOS PARA LA COMUNIDAD, SOCIALES Y PERSONALES",No Aplica,No Aplica,No Aplica,No Aplica,VIGENCIA ACTUAL,ENTIDADES TERRITORIALES - ADMINISTRACION CENTRAL,SERVICIO DE ATENCION EN SALUD A LA POBLACION,No Aplica,NO DEFINIDO,,,2023,Segundo Trimestre,,,,SERVICIOS DE LOS ORGANOS DE CONTROL Y OTRAS INSTITUCIONES,SGP-SALUD-REGIMEN SUBSIDIADO,,,,,,NO APLICA,,,,,,SIN SITUACION DE FONDOS,E.P.S. ENTIDAD PROMOTORA DE SALUD MALLAMAS INDIGENA,NO APLICA,886475296.0,886475296.0,886475296.0
10339698,20221201,218552585,Pupiales,2.3.3.05.09,A OTRAS ENTIDADES DEL GOBIERNO GENERAL,GASTOS,INVERSION,TRANSFERENCIAS CORRIENTES,A ENTIDADES DEL GOBIERNO,A OTRAS ENTIDADES DEL GOBIERNO GENERAL,No Aplica,No Aplica,No Aplica,No Aplica,No Aplica,VIGENCIA ACTUAL,ENTIDADES TERRITORIALES - ADMINISTRACION CENTRAL,NO DEFINIDO,No Aplica,NO DEFINIDO,,,2022,Cuarto Trimestre,,,,NO DEFINIDO,NO DEFINIDO,,,,,,NO DEFINIDO,,,,,,NO DEFINIDO,NO DEFINIDO,NO DEFINIDO,189241994.0,189241994.0,189241994.0
10340495,20230301,218552585,Pupiales,2.3.2.02.02.009,"SERVICIOS PARA LA COMUNIDAD, SOCIALES Y PERSONALES",GASTOS,INVERSION,ADQUISICION DE BIENES Y SERVICIOS,ADQUISICIONES DIFERENTES DE ACTIVOS,ADQUISICION DE SERVICIOS,"SERVICIOS PARA LA COMUNIDAD, SOCIALES Y PERSONALES",No Aplica,No Aplica,No Aplica,No Aplica,CUENTAS POR PAGAR,ENTIDADES TERRITORIALES - ADMINISTRACION CENTRAL,SERVICIO DE PROMOCION DE ACTIVIDADES CULTURALES.,No Aplica,NO DEFINIDO,,,2023,Primer Trimestre,,,,OTROS SERVICIOS DE ARTES ESCENICAS EVENTOS CULTURALES Y DE ENTRETENIMIENTO EN VIVO,ESTAMPILLAS,,,,,,NO APLICA,,,,,,CON SITUACION DE FONDOS,NO APLICA,NO APLICA,5864477.0,5864477.0,0.0
10341595,20221201,218552585,Pupiales,2.3.2.02.02.009,"SERVICIOS PARA LA COMUNIDAD, SOCIALES Y PERSONALES",GASTOS,INVERSION,ADQUISICION DE BIENES Y SERVICIOS,ADQUISICIONES DIFERENTES DE ACTIVOS,ADQUISICION DE SERVICIOS,"SERVICIOS PARA LA COMUNIDAD, SOCIALES Y PERSONALES",No Aplica,No Aplica,No Aplica,No Aplica,VIGENCIA ACTUAL,ENTIDADES TERRITORIALES - ADMINISTRACION CENTRAL,"SERVICIO DE APOYO FINANCIERO A LOS PLANES, PROGRAMAS Y PROYECTOS DE AGUA POTABLE Y SANEAMIENTO BASICO",No Aplica,NO DEFINIDO,,,2022,Cuarto Trimestre,,,,OTROS SERVICIOS DE LA ADMINISTRACION PUBLICA N C P,R.B. SGP-AGUA POTABLE Y SANEAMIENTO BASICO,,,,,,NO APLICA,,,,,,CON SITUACION DE FONDOS,NO APLICA,NO APLICA,149200000.0,55594229.0,55594229.0
10342830,20220601,218552585,Pupiales,2.1.3.05.04.001.13.01,TRANSFERENCIA DE LA SOBRETASA AMBIENTAL A LAS CORPORACIONES AUTONOMAS REGIONALES,GASTOS,FUNCIONAMIENTO,TRANSFERENCIAS CORRIENTES,A ENTIDADES DEL GOBIERNO,PARTICIPACIONES DISTINTAS DEL SGP,PARTICIPACIONES DE IMPUESTOS,PARTICIPACION DE LA SOBRETASA AMBIENTAL,TRANSFERENCIA DE LA SOBRETASA AMBIENTAL A LAS CORPORACIONES AUTONOMAS REGIONALES,No Aplica,No Aplica,VIGENCIA ACTUAL,ENTIDADES TERRITORIALES - ADMINISTRACION CENTRAL,NO APLICA,No Aplica,NO DEFINIDO,,,2022,Segundo Trimestre,,,,NO APLICA,SOBRETASA - PARTICIPACION AMBIENTAL - CORPORACIONES AUTONOMAS REGIONALES,,,,,,NO APLICA,,,,,,CON SITUACION DE FONDOS,NO APLICA,NO APLICA,31844190.0,31844190.0,31844190.0
10347523,20210901,218552585,Pupiales,2.1,FUNCIONAMIENTO,GASTOS,FUNCIONAMIENTO,No Aplica,No Aplica,No Aplica,No Aplica,No Aplica,No Aplica,No Aplica,No Aplica,VIGENCIA ACTUAL,ENTIDADES TERRITORIALES - ADMINISTRACION CENTRAL,NO DEFINIDO,No Aplica,NO DEFINIDO,,,2021,Tercer Trimestre,,,,NO DEFINIDO,NO DEFINIDO,,,,,,NO DEFINIDO,,,,,,NO DEFINIDO,NO DEFINIDO,NO DEFINIDO,1342533969.0,1153096323.0,1150626512.0
10349387,20210301,218552585,Pupiales,2.3.1.01.01.001.05,AUXILIO DE TRANSPORTE,GASTOS,INVERSION,GASTOS DE PERSONAL,PLANTA DE PERSONAL PERMANENTE,FACTORES CONSTITUTIVOS DE SALARIO,FACTORES SALARIALES COMUNES,AUXILIO DE TRANSPORTE,No Aplica,No Aplica,No Aplica,VIGENCIA ACTUAL,ENTIDADES TERRITORIALES - ADMINISTRACION CENTRAL,NO APLICA,No Aplica,NO DEFINIDO,,,2021,Primer Trimestre,,,,NO APLICA,1.2.4.3.03 - SGP-PROPOSITO GENERAL-PROPOSITO GENERAL LIBRE INVERSION,,,,,,NO APLICA,,,,,,CON SITUACION DE FONDOS,DIRECCION NACIONAL DEL TESORO MINISTERIO DE HACIENDA Y CREDITO PUBLICO,NO DEFINIDO,2931854.0,2931854.0,2931854.0
10352373,20230601,218552585,Pupiales,2.3.1.01.02.006,APORTES AL ICBF,GASTOS,INVERSION,GASTOS DE PERSONAL,PLANTA DE PERSONAL PERMANENTE,CONTRIBUCIONES INHERENTES A LA NOMINA,APORTES AL ICBF,No Aplica,No Aplica,No Aplica,No Aplica,VIGENCIA ACTUAL,ENTIDADES TERRITORIALES - ADMINISTRACION CENTRAL,VIA TERCIARIA MEJORADA,No Aplica,NO DEFINIDO,,,2023,Segundo Trimestre,,,,NO APLICA,INGRESOS CORRIENTES DE LIBRE DESTINACION,,,,,,NO APLICA,,,,,,CON SITUACION DE FONDOS,INSTITUTO COLOMBIANO DE BIENESTAR FAMILIAR,NO APLICA,790901.0,790901.0,790901.0
10360507,20220901,218552585,Pupiales,2.3.3.01.02,A EMPRESAS PUBLICAS NO FINANCIERAS,GASTOS,INVERSION,TRANSFERENCIAS CORRIENTES,SUBVENCIONES,A EMPRESAS PUBLICAS NO FINANCIERAS,No Aplica,No Aplica,No Aplica,No Aplica,No Aplica,VIGENCIA ACTUAL,ENTIDADES TERRITORIALES - ADMINISTRACION CENTRAL,NO DEFINIDO,No Aplica,NO DEFINIDO,,,2022,Tercer Trimestre,,,,NO DEFINIDO,NO DEFINIDO,,,,,,NO DEFINIDO,,,,,,NO DEFINIDO,NO DEFINIDO,NO DEFINIDO,491892532.0,307043528.0,307043528.0
10361599,20220601,218552585,Pupiales,2.3.2.02.02.009,"SERVICIOS PARA LA COMUNIDAD, SOCIALES Y PERSONALES",GASTOS,INVERSION,ADQUISICION DE BIENES Y SERVICIOS,ADQUISICIONES DIFERENTES DE ACTIVOS,ADQUISICION DE SERVICIOS,"SERVICIOS PARA LA COMUNIDAD, SOCIALES Y PERSONALES",No Aplica,No Aplica,No Aplica,No Aplica,VIGENCIA ACTUAL,ENTIDADES TERRITORIALES - ADMINISTRACION CENTRAL,SERVICIO DE PROMOCION DE ACTIVIDADES CULTURALES,No Aplica,NO DEFINIDO,,,2022,Segundo Trimestre,,,,OTROS SERVICIOS DIVERSOS N C P,SGP-PROPOSITO GENERAL-CULTURA,,,,,,NO APLICA,,,,,,CON SITUACION DE FONDOS,DIRECCION NACIONAL DEL TESORO MINISTERIO DE HACIENDA Y CREDITO PUBLICO,NO APLICA,71600633.0,71600633.0,71600633.0
10362997,20230301,218552585,Pupiales,2.1.8.01.14,GRAVAMEN A LOS MOVIMIENTOS FINANCIEROS,GASTOS,FUNCIONAMIENTO,"GASTOS POR TRIBUTOS, TASAS, CONTRIBUCIONES, MULTAS, SANCIONES E INTERESES DE MORA",IMPUESTOS,GRAVAMEN A LOS MOVIMIENTOS FINANCIEROS,No Aplica,No Aplica,No Aplica,No Aplica,No Aplica,VIGENCIA ACTUAL,ENTIDADES TERRITORIALES - ADMINISTRACION CENTRAL,NO APLICA,No Aplica,NO DEFINIDO,,,2023,Primer Trimestre,,,,NO APLICA,"SGP-PROPOSITO GENERAL-LIBRE DESTINACION MUNICIPIOS CATEGORIAS 4, 5 Y 6",,,,,,NO APLICA,,,,,,CON SITUACION DE FONDOS,BANCO AGRARIO DE COLOMBIA,NO APLICA,76640.0,76640.0,76640.0
10363861,20210601,218552585,Pupiales,2.2.2,SERVICIO DE LA DEUDA PUBLICA INTERNA,GASTOS,SERVICIO DE LA DEUDA PUBLICA,SERVICIO DE LA DEUDA PUBLICA INTERNA,No Aplica,No Aplica,No Aplica,No Aplica,No Aplica,No Aplica,No Aplica,VIGENCIA ACTUAL,ENTIDADES TERRITORIALES - ADMINISTRACION CENTRAL,NO DEFINIDO,No Aplica,NO DEFINIDO,,,2021,Segundo Trimestre,,,,NO DEFINIDO,NO DEFINIDO,,,,,,NO DEFINIDO,,,,,,NO DEFINIDO,NO DEFINIDO,NO DEFINIDO,63743244.0,63743244.0,63743244.0
10365696,20230601,218552585,Pupiales,2.1.2.01.01.003,MAQUINARIA Y EQUIPO,GASTOS,FUNCIONAMIENTO,ADQUISICION DE BIENES Y SERVICIOS,ADQUISICION DE ACTIVOS NO FINANCIEROS,ACTIVOS FIJOS,MAQUINARIA Y EQUIPO,No Aplica,No Aplica,No Aplica,No Aplica,VIGENCIA ACTUAL,ENTIDADES TERRITORIALES - ADMINISTRACION CENTRAL,NO DEFINIDO,No Aplica,NO DEFINIDO,,,2023,Segundo Trimestre,,,,NO DEFINIDO,NO DEFINIDO,,,,,,NO DEFINIDO,,,,,,NO DEFINIDO,NO DEFINIDO,NO DEFINIDO,21115000.0,0.0,0.0
10367460,20220901,218552585,Pupiales,2.3.1.01.02.004,APORTES A CAJAS DE COMPENSACION FAMILIAR,GASTOS,INVERSION,GASTOS DE PERSONAL,PLANTA DE PERSONAL PERMANENTE,CONTRIBUCIONES INHERENTES A LA NOMINA,APORTES A CAJAS DE COMPENSACION FAMILIAR,No Aplica,No Aplica,No Aplica,No Aplica,VIGENCIA ACTUAL,ENTIDADES TERRITORIALES - ADMINISTRACION CENTRAL,NO APLICA,No Aplica,NO DEFINIDO,,,2022,Tercer Trimestre,,,,NO APLICA,SGP-PROPOSITO GENERAL-PROPOSITO GENERAL LIBRE INVERSION,,,,,,NO APLICA,,,,,,CON SITUACION DE FONDOS,DIRECCION NACIONAL DEL TESORO MINISTERIO DE HACIENDA Y CREDITO PUBLICO,NO APLICA,5874053.0,5874053.0,5874053.0
10368027,20220601,218552585,Pupiales,2.3.2.02.02.009,"SERVICIOS PARA LA COMUNIDAD, SOCIALES Y PERSONALES",GASTOS,INVERSION,ADQUISICION DE BIENES Y SERVICIOS,ADQUISICIONES DIFERENTES DE ACTIVOS,ADQUISICION DE SERVICIOS,"SERVICIOS PARA LA COMUNIDAD, SOCIALES Y PERSONALES",No Aplica,No Aplica,No Aplica,No Aplica,VIGENCIA ACTUAL,ENTIDADES TERRITORIALES - ADMINISTRACION CENTRAL,SERVICIO DE APOYO A LA COMERCIALIZACION,2021525850005,NO DEFINIDO,,,2022,Segundo Trimestre,,,,OTROS SERVICIOS DIVERSOS N C P,SGP-PROPOSITO GENERAL-PROPOSITO GENERAL LIBRE INVERSION,,,,,,NO APLICA,,,,,,CON SITUACION DE FONDOS,DIRECCION NACIONAL DEL TESORO MINISTERIO DE HACIENDA Y CREDITO PUBLICO,NO APLICA,27990000.0,0.0,0.0
10370374,20230601,218552585,Pupiales,2.1.2.02.02.009,"SERVICIOS PARA LA COMUNIDAD, SOCIALES Y PERSONALES",GASTOS,FUNCIONAMIENTO,ADQUISICION DE BIENES Y SERVICIOS,ADQUISICIONES DIFERENTES DE ACTIVOS,ADQUISICION DE SERVICIOS,"SERVICIOS PARA LA COMUNIDAD, SOCIALES Y PERSONALES",No Aplica,No Aplica,No Aplica,No Aplica,CUENTAS POR PAGAR,ENTIDADES TERRITORIALES - ADMINISTRACION CENTRAL,NO APLICA,No Aplica,NO DEFINIDO,,,2023,Segundo Trimestre,,,,SERVICIOS DE LOS ORGANOS DE CONTROL Y OTRAS INSTITUCIONES,INGRESOS CORRIENTES DE LIBRE DESTINACION,,,,,,NO APLICA,,,,,,CON SITUACION DE FONDOS,NO APLICA,NO APLICA,2200000.0,2200000.0,0.0
10373913,20220901,218552585,Pupiales,2.3.2.02.02.009,"SERVICIOS PARA LA COMUNIDAD, SOCIALES Y PERSONALES",GASTOS,INVERSION,ADQUISICION DE BIENES Y SERVICIOS,ADQUISICIONES DIFERENTES DE ACTIVOS,ADQUISICION DE SERVICIOS,"SERVICIOS PARA LA COMUNIDAD, SOCIALES Y PERSONALES",No Aplica,No Aplica,No Aplica,No Aplica,VIGENCIA ACTUAL,ENTIDADES TERRITORIALES - ADMINISTRACION CENTRAL,NO APLICA,No Aplica,NO DEFINIDO,,,2022,Tercer Trimestre,,,,OTROS SERVICIOS DE LA ADMINISTRACION PUBLICA N C P,SGP-PROPOSITO GENERAL-PROPOSITO GENERAL LIBRE INVERSION,,,,,,NO APLICA,,,,,,CON SITUACION DE FONDOS,DIRECCION NACIONAL DEL TESORO MINISTERIO DE HACIENDA Y CREDITO PUBLICO,NO APLICA,64660000.0,63160000.0,63160000.0
10378239,20211201,218552585,Pupiales,2.3.4.03,COMPENSACIONES DE CAPITAL,GASTOS,INVERSION,TRANSFERENCIAS DE CAPITAL,COMPENSACIONES DE CAPITAL,No Aplica,No Aplica,No Aplica,No Aplica,No Aplica,No Aplica,VIGENCIA ACTUAL,ENTIDADES TERRITORIALES - ADMINISTRACION CENTRAL,CENTROS DE PROTECCION SOCIAL PARA EL ADULTO MAYOR CONSTRUIDOS Y DOTADOS,No Aplica,NO DEFINIDO,,,2021,Cuarto Trimestre,,,,NO APLICA,R.B. ESTAMPILLAS,,,,,,NO APLICA,,,,,,CON SITUACION DE FONDOS,NO APLICA,NO DEFINIDO,42306240.0,35000000.0,35000000.0
10380086,20221201,218552585,Pupiales,2.3.2.02.02.009,"SERVICIOS PARA LA COMUNIDAD, SOCIALES Y PERSONALES",GASTOS,INVERSION,ADQUISICION DE BIENES Y SERVICIOS,ADQUISICIONES DIFERENTES DE ACTIVOS,ADQUISICION DE SERVICIOS,"SERVICIOS PARA LA COMUNIDAD, SOCIALES Y PERSONALES",No Aplica,No Aplica,No Aplica,No Aplica,VIGENCIA ACTUAL,ENTIDADES TERRITORIALES - ADMINISTRACION CENTRAL,TUNEL DE VIA SECUNDARIA REHABILITADO,No Aplica,NO DEFINIDO,,,2022,Cuarto Trimestre,,,,OTROS SERVICIOS DE LA ADMINISTRACION PUBLICA N C P,OTRAS TRANSFERENCIAS CORRIENTES DE OTRAS ENTIDADES CON DESTINACION ESPECIFICA LEGAL DEL GOBIERNO GENERAL,,,,,,NO APLICA,,,,,,CON SITUACION DE FONDOS,NO APLICA,NO APLICA,12180000.0,0.0,0.0
10381512,20220301,218552585,Pupiales,2.3.1.01.02.001,APORTES A LA SEGURIDAD SOCIAL EN PENSIONES,GASTOS,INVERSION,GASTOS DE PERSONAL,PLANTA DE PERSONAL PERMANENTE,CONTRIBUCIONES INHERENTES A LA NOMINA,APORTES A LA SEGURIDAD SOCIAL EN PENSIONES,No Aplica,No Aplica,No Aplica,No Aplica,VIGENCIA ACTUAL,ENTIDADES TERRITORIALES - ADMINISTRACION CENTRAL,NO APLICA,No Aplica,NO DEFINIDO,,,2022,Primer Trimestre,,,,NO APLICA,SGP-PROPOSITO GENERAL-PROPOSITO GENERAL LIBRE INVERSION,,,,,,NO APLICA,,,,,,CON SITUACION DE FONDOS,DIRECCION NACIONAL DEL TESORO MINISTERIO DE HACIENDA Y CREDITO PUBLICO,NO APLICA,2789942.0,2789942.0,2789942.0
10381752,20221201,218552585,Pupiales,2.3.3.05.07,A ENTIDADES TERRITORIALES DISTINTAS DE COMPENSACIONES Y PARTICIPACIONES,GASTOS,INVERSION,TRANSFERENCIAS CORRIENTES,A ENTIDADES DEL GOBIERNO,A ENTIDADES TERRITORIALES DISTINTAS DE COMPENSACIONES Y PARTICIPACIONES,No Aplica,No Aplica,No Aplica,No Aplica,No Aplica,VIGENCIA ACTUAL,ENTIDADES TERRITORIALES - ADMINISTRACION CENTRAL,NO DEFINIDO,No Aplica,NO DEFINIDO,,,2022,Cuarto Trimestre,,,,NO DEFINIDO,NO DEFINIDO,,,,,,NO DEFINIDO,,,,,,NO DEFINIDO,NO DEFINIDO,NO DEFINIDO,60758054.0,60758054.0,60758054.0
10382722,20230601,218552585,Pupiales,2.3.2.02.02.009,"SERVICIOS PARA LA COMUNIDAD, SOCIALES Y PERSONALES",GASTOS,INVERSION,ADQUISICION DE BIENES Y SERVICIOS,ADQUISICIONES DIFERENTES DE ACTIVOS,ADQUISICION DE SERVICIOS,"SERVICIOS PARA LA COMUNIDAD, SOCIALES Y PERSONALES",No Aplica,No Aplica,No Aplica,No Aplica,VIGENCIA ACTUAL,ENTIDADES TERRITORIALES - ADMINISTRACION CENTRAL,NO APLICA,No Aplica,NO DEFINIDO,,,2023,Segundo Trimestre,,,,SERVICIOS DE LOS ORGANOS DE CONTROL Y OTRAS INSTITUCIONES,SGP-PROPOSITO GENERAL-PROPOSITO GENERAL LIBRE INVERSION,,,,,,NO APLICA,,,,,,CON SITUACION DE FONDOS,NO APLICA,NO APLICA,3800000.0,0.0,0.0
10385050,20230601,218552585,Pupiales,2.1.1.01,PLANTA DE PERSONAL PERMANENTE,GASTOS,FUNCIONAMIENTO,GASTOS DE PERSONAL,PLANTA DE PERSONAL PERMANENTE,No Aplica,No Aplica,No Aplica,No Aplica,No Aplica,No Aplica,VIGENCIA ACTUAL,ENTIDADES TERRITORIALES - CONCEJO,NO DEFINIDO,No Aplica,NO DEFINIDO,,,2023,Segundo Trimestre,,,,NO DEFINIDO,NO DEFINIDO,,,,,,NO DEFINIDO,,,,,,NO DEFINIDO,NO DEFINIDO,NO DEFINIDO,103239655.0,103239655.0,103239655.0
10390963,20211201,218552585,Pupiales,2.3.3.01,SUBVENCIONES,GASTOS,INVERSION,TRANSFERENCIAS CORRIENTES,SUBVENCIONES,No Aplica,No Aplica,No Aplica,No Aplica,No Aplica,No Aplica,VIGENCIA ACTUAL,ENTIDADES TERRITORIALES - ADMINISTRACION CENTRAL,NO DEFINIDO,No Aplica,NO DEFINIDO,,,2021,Cuarto Trimestre,,,,NO DEFINIDO,NO DEFINIDO,,,,,,NO DEFINIDO,,,,,,NO DEFINIDO,NO DEFINIDO,NO DEFINIDO,420000000.0,420000000.0,420000000.0
10395926,20221201,218552585,Pupiales,2.2.2.01.02.002,ENTIDADES FINANCIERAS,GASTOS,SERVICIO DE LA DEUDA PUBLICA,SERVICIO DE LA DEUDA PUBLICA INTERNA,PRINCIPAL,PRESTAMOS,ENTIDADES FINANCIERAS,No Aplica,No Aplica,No Aplica,No Aplica,VIGENCIA ACTUAL,ENTIDADES TERRITORIALES - ADMINISTRACION CENTRAL,NO DEFINIDO,No Aplica,NO DEFINIDO,,,2022,Cuarto Trimestre,,,,NO DEFINIDO,NO DEFINIDO,,,,,,NO DEFINIDO,,,,,,NO DEFINIDO,NO DEFINIDO,NO DEFINIDO,407585113.0,407585113.0,407585113.0
10397231,20230601,218552585,Pupiales,2.3.2.02.01.001,"MINERALES, ELECTRICIDAD, GAS Y AGUA",GASTOS,INVERSION,ADQUISICION DE BIENES Y SERVICIOS,ADQUISICIONES DIFERENTES DE ACTIVOS,MATERIALES Y SUMINISTROS,"MINERALES, ELECTRICIDAD, GAS Y AGUA",No Aplica,No Aplica,No Aplica,No Aplica,VIGENCIA ACTUAL,ENTIDADES TERRITORIALES - ADMINISTRACION CENTRAL,VIA TERCIARIA MEJORADA,No Aplica,NO DEFINIDO,,,2023,Segundo Trimestre,,,,OTRAS ROCAS O PIEDRAS TRITURADAS PARA CONSTRUCCION N C P,SGP-PROPOSITO GENERAL-PROPOSITO GENERAL LIBRE INVERSION,,,,,,NO APLICA,,,,,,CON SITUACION DE FONDOS,NO APLICA,NO APLICA,150000000.0,75000000.0,75000000.0
10398893,20210301,218552585,Pupiales,2.1.1,GASTOS DE PERSONAL,GASTOS,FUNCIONAMIENTO,GASTOS DE PERSONAL,No Aplica,No Aplica,No Aplica,No Aplica,No Aplica,No Aplica,No Aplica,VIGENCIA ACTUAL,ENTIDADES TERRITORIALES - PERSONERIA,NO DEFINIDO,No Aplica,NO DEFINIDO,,,2021,Primer Trimestre,,,,NO DEFINIDO,NO DEFINIDO,,,,,,NO DEFINIDO,,,,,,NO DEFINIDO,NO DEFINIDO,NO DEFINIDO,34869450.0,34869450.0,34869450.0
10400242,20230601,218552585,Pupiales,2.3.2.01.01.001,EDIFICACIONES Y ESTRUCTURAS,GASTOS,INVERSION,ADQUISICION DE BIENES Y SERVICIOS,ADQUISICION DE ACTIVOS NO FINANCIEROS,ACTIVOS FIJOS,EDIFICACIONES Y ESTRUCTURAS,No Aplica,No Aplica,No Aplica,No Aplica,RESERVAS,ENTIDADES TERRITORIALES - ADMINISTRACION CENTRAL,NO DEFINIDO,No Aplica,NO DEFINIDO,,,2023,Segundo Trimestre,,,,NO DEFINIDO,NO DEFINIDO,,,,,,NO DEFINIDO,,,,,,NO DEFINIDO,NO DEFINIDO,NO DEFINIDO,5975850.0,0.0,0.0
10405134,20211201,218552585,Pupiales,2.3.1.01.03,REMUNERACIONES NO CONSTITUTIVAS DE FACTOR SALARIAL,GASTOS,INVERSION,GASTOS DE PERSONAL,PLANTA DE PERSONAL PERMANENTE,REMUNERACIONES NO CONSTITUTIVAS DE FACTOR SALARIAL,No Aplica,No Aplica,No Aplica,No Aplica,No Aplica,VIGENCIA ACTUAL,ENTIDADES TERRITORIALES - ADMINISTRACION CENTRAL,NO DEFINIDO,No Aplica,NO DEFINIDO,,,2021,Cuarto Trimestre,,,,NO DEFINIDO,NO DEFINIDO,,,,,,NO DEFINIDO,,,,,,NO DEFINIDO,NO DEFINIDO,NO DEFINIDO,12130373.0,12130373.0,12130373.0
10405705,20230601,218552585,Pupiales,2.3.2.02.02.006,"COMERCIO Y DISTRIBUCION; ALOJAMIENTO; SERVICIOS DE SUMINISTRO DE COMIDAS Y BEBIDAS; SERVICIOS DE TRANSPORTE; Y SERVICIOS DE DISTRIBUCION DE ELECTRICIDAD, GAS Y AGUA",GASTOS,INVERSION,ADQUISICION DE BIENES Y SERVICIOS,ADQUISICIONES DIFERENTES DE ACTIVOS,ADQUISICION DE SERVICIOS,"COMERCIO Y DISTRIBUCION; ALOJAMIENTO; SERVICIOS DE SUMINISTRO DE COMIDAS Y BEBIDAS; SERVICIOS DE TRANSPORTE; Y SERVICIOS DE DISTRIBUCION DE ELECTRICIDAD, GAS Y AGUA",No Aplica,No Aplica,No Aplica,No Aplica,VIGENCIA ACTUAL,ENTIDADES TERRITORIALES - ADMINISTRACION CENTRAL,SERVICIO DE APOYO A LA PERMANENCIA CON TRANSPORTE ESCOLAR,No Aplica,NO DEFINIDO,,,2023,Segundo Trimestre,,,,OTRO COMERCIO AL POR MENOR DE CAFE TE Y OTRAS ESPECIAS NO REALIZADOS EN ESTABLECIMIENTOS,SGP-EDUCACION-CALIDAD  POR MATRICULA OFICIAL,,,,,,NO APLICA,,,,,,CON SITUACION DE FONDOS,NO APLICA,NO APLICA,150000000.0,32480000.0,32480000.0
10408559,20230601,218552585,Pupiales,2.1.1.01.02.002,APORTES A LA SEGURIDAD SOCIAL EN SALUD,GASTOS,FUNCIONAMIENTO,GASTOS DE PERSONAL,PLANTA DE PERSONAL PERMANENTE,CONTRIBUCIONES INHERENTES A LA NOMINA,APORTES A LA SEGURIDAD SOCIAL EN SALUD,No Aplica,No Aplica,No Aplica,No Aplica,VIGENCIA ACTUAL,ENTIDADES TERRITORIALES - ADMINISTRACION CENTRAL,NO APLICA,No Aplica,NO DEFINIDO,,,2023,Segundo Trimestre,,,,NO APLICA,INGRESOS CORRIENTES DE LIBRE DESTINACION,,,,,,NO APLICA,,,,,,CON SITUACION DE FONDOS,E.P.S. ENTIDAD PROMOTORA DE SALUD MALLAMAS INDIGENA,NO APLICA,3811736.0,3811736.0,3811736.0
10413759,20230601,218552585,Pupiales,2.1.3,TRANSFERENCIAS CORRIENTES,GASTOS,FUNCIONAMIENTO,TRANSFERENCIAS CORRIENTES,No Aplica,No Aplica,No Aplica,No Aplica,No Aplica,No Aplica,No Aplica,VIGENCIA ACTUAL,ENTIDADES TERRITORIALES - ADMINISTRACION CENTRAL,NO DEFINIDO,No Aplica,NO DEFINIDO,,,2023,Segundo Trimestre,,,,NO DEFINIDO,NO DEFINIDO,,,,,,NO DEFINIDO,,,,,,NO DEFINIDO,NO DEFINIDO,NO DEFINIDO,202301084.0,202301084.0,202301084.0
10415149,20230601,218552585,Pupiales,2.3.2.02.02.009,"SERVICIOS PARA LA COMUNIDAD, SOCIALES Y PERSONALES",GASTOS,INVERSION,ADQUISICION DE BIENES Y SERVICIOS,ADQUISICIONES DIFERENTES DE ACTIVOS,ADQUISICION DE SERVICIOS,"SERVICIOS PARA LA COMUNIDAD, SOCIALES Y PERSONALES",No Aplica,No Aplica,No Aplica,No Aplica,VIGENCIA ACTUAL,ENTIDADES TERRITORIALES - ADMINISTRACION CENTRAL,SERVICIO DE ATENCION EN SALUD A LA POBLACION,No Aplica,NO DEFINIDO,,,2023,Segundo Trimestre,,,,SERVICIOS DE LOS ORGANOS DE CONTROL Y OTRAS INSTITUCIONES,SGP-SALUD-REGIMEN SUBSIDIADO,,,,,,NO APLICA,,,,,,SIN SITUACION DE FONDOS,NO APLICA,NO APLICA,2633186293.0,2633186293.0,2633186293.0
10417736,20221201,218552585,Pupiales,2.3.2.02.02.009,"SERVICIOS PARA LA COMUNIDAD, SOCIALES Y PERSONALES",GASTOS,INVERSION,ADQUISICION DE BIENES Y SERVICIOS,ADQUISICIONES DIFERENTES DE ACTIVOS,ADQUISICION DE SERVICIOS,"SERVICIOS PARA LA COMUNIDAD, SOCIALES Y PERSONALES",No Aplica,No Aplica,No Aplica,No Aplica,VIGENCIA ACTUAL,ENTIDADES TERRITORIALES - ADMINISTRACION CENTRAL,DOCUMENTOS PLANEACION,No Aplica,NO DEFINIDO,,,2022,Cuarto Trimestre,,,,OTROS SERVICIOS DE LA ADMINISTRACION PUBLICA N C P,CONTRIBUCION SOBRE CONTRATOS DE OBRA PUBLICA,,,,,,NO APLICA,,,,,,CON SITUACION DE FONDOS,NO APLICA,NO APLICA,35003710.0,35003710.0,21675710.0
10418844,20210601,218552585,Pupiales,2.1.1.01.03,REMUNERACIONES NO CONSTITUTIVAS DE FACTOR SALARIAL,GASTOS,FUNCIONAMIENTO,GASTOS DE PERSONAL,PLANTA DE PERSONAL PERMANENTE,REMUNERACIONES NO CONSTITUTIVAS DE FACTOR SALARIAL,No Aplica,No Aplica,No Aplica,No Aplica,No Aplica,VIGENCIA ACTUAL,ENTIDADES TERRITORIALES - ADMINISTRACION CENTRAL,NO DEFINIDO,No Aplica,NO DEFINIDO,,,2021,Segundo Trimestre,,,,NO DEFINIDO,NO DEFINIDO,,,,,,NO DEFINIDO,,,,,,NO DEFINIDO,NO DEFINIDO,NO DEFINIDO,32936876.0,32936876.0,32936876.0
10419284,20210601,218552585,Pupiales,2.1.1.01.01.001.06,PRIMA DE SERVICIO,GASTOS,FUNCIONAMIENTO,GASTOS DE PERSONAL,PLANTA DE PERSONAL PERMANENTE,FACTORES CONSTITUTIVOS DE SALARIO,FACTORES SALARIALES COMUNES,PRIMA DE SERVICIO,No Aplica,No Aplica,No Aplica,VIGENCIA ACTUAL,ENTIDADES TERRITORIALES - ADMINISTRACION CENTRAL,NO APLICA,No Aplica,NO DEFINIDO,,,2021,Segundo Trimestre,,,,NO APLICA,1.2.1.0.00 - INGRESOS CORRIENTES DE LIBRE DESTINACION,,,,,,NO APLICA,,,,,,CON SITUACION DE FONDOS,NO APLICA,NO DEFINIDO,1427551.0,1427551.0,1427551.0
10426362,20221201,218552585,Pupiales,2.1.1.01.02.005,APORTES GENERALES AL SISTEMA DE RIESGOS LABORALES,GASTOS,FUNCIONAMIENTO,GASTOS DE PERSONAL,PLANTA DE PERSONAL PERMANENTE,CONTRIBUCIONES INHERENTES A LA NOMINA,APORTES GENERALES AL SISTEMA DE RIESGOS LABORALES,No Aplica,No Aplica,No Aplica,No Aplica,VIGENCIA ACTUAL,ENTIDADES TERRITORIALES - ADMINISTRACION CENTRAL,NO APLICA,No Aplica,NO DEFINIDO,,,2022,Cuarto Trimestre,,,,NO APLICA,"SGP-PROPOSITO GENERAL-LIBRE DESTINACION MUNICIPIOS CATEGORIAS 4, 5 Y 6",,,,,,NO APLICA,,,,,,CON SITUACION DE FONDOS,NO APLICA,NO APLICA,8067149.0,8067149.0,8067149.0
10426879,20220601,218552585,Pupiales,2.1.1.01.01.001.06,PRIMA DE SERVICIO,GASTOS,FUNCIONAMIENTO,GASTOS DE PERSONAL,PLANTA DE PERSONAL PERMANENTE,FACTORES CONSTITUTIVOS DE SALARIO,FACTORES SALARIALES COMUNES,PRIMA DE SERVICIO,No Aplica,No Aplica,No Aplica,VIGENCIA ACTUAL,ENTIDADES TERRITORIALES - ADMINISTRACION CENTRAL,NO APLICA,No Aplica,NO DEFINIDO,,,2022,Segundo Trimestre,,,,NO APLICA,INGRESOS CORRIENTES DE LIBRE DESTINACION,,,,,,NO APLICA,,,,,,CON SITUACION DE FONDOS,NO APLICA,NO APLICA,23023151.0,510340.0,510340.0
10433046,20220601,218552585,Pupiales,2.3.1.01.01.001.07,BONIFICACION POR SERVICIOS PRESTADOS,GASTOS,INVERSION,GASTOS DE PERSONAL,PLANTA DE PERSONAL PERMANENTE,FACTORES CONSTITUTIVOS DE SALARIO,FACTORES SALARIALES COMUNES,BONIFICACION POR SERVICIOS PRESTADOS,No Aplica,No Aplica,No Aplica,VIGENCIA ACTUAL,ENTIDADES TERRITORIALES - ADMINISTRACION CENTRAL,NO APLICA,No Aplica,NO DEFINIDO,,,2022,Segundo Trimestre,,,,NO APLICA,SGP-PROPOSITO GENERAL-PROPOSITO GENERAL LIBRE INVERSION,,,,,,NO APLICA,,,,,,CON SITUACION DE FONDOS,DIRECCION NACIONAL DEL TESORO MINISTERIO DE HACIENDA Y CREDITO PUBLICO,NO APLICA,4856419.0,4856419.0,4856419.0
10433909,20230301,218552585,Pupiales,2.2.2.02.02.002,ENTIDADES FINANCIERAS,GASTOS,SERVICIO DE LA DEUDA PUBLICA,SERVICIO DE LA DEUDA PUBLICA INTERNA,INTERESES,PRESTAMOS,ENTIDADES FINANCIERAS,No Aplica,No Aplica,No Aplica,No Aplica,VIGENCIA ACTUAL,ENTIDADES TERRITORIALES - ADMINISTRACION CENTRAL,NO DEFINIDO,No Aplica,NO DEFINIDO,,,2023,Primer Trimestre,,,,NO DEFINIDO,NO DEFINIDO,,,,,,NO DEFINIDO,,,,,,NO DEFINIDO,NO DEFINIDO,NO DEFINIDO,15217635.0,15217635.0,15217635.0
10434020,20230301,218552585,Pupiales,2.2.2.01.02.002.02.03,BANCA COMERCIAL,GASTOS,SERVICIO DE LA DEUDA PUBLICA,SERVICIO DE LA DEUDA PUBLICA INTERNA,PRINCIPAL,PRESTAMOS,ENTIDADES FINANCIERAS,BANCA COMERCIAL,BANCA COMERCIAL,No Aplica,No Aplica,VIGENCIA ACTUAL,ENTIDADES TERRITORIALES - ADMINISTRACION CENTRAL,NO APLICA,No Aplica,NO DEFINIDO,,,2023,Primer Trimestre,,,,NO APLICA,SGP-PROPOSITO GENERAL-PROPOSITO GENERAL LIBRE INVERSION,,,,,,NO APLICA,,,,,,CON SITUACION DE FONDOS,BANCO AGRARIO DE COLOMBIA,NO APLICA,40000000.0,40000000.0,40000000.0
10438068,20221201,218552585,Pupiales,2.3.2.02.02.009,"SERVICIOS PARA LA COMUNIDAD, SOCIALES Y PERSONALES",GASTOS,INVERSION,ADQUISICION DE BIENES Y SERVICIOS,ADQUISICIONES DIFERENTES DE ACTIVOS,ADQUISICION DE SERVICIOS,"SERVICIOS PARA LA COMUNIDAD, SOCIALES Y PERSONALES",No Aplica,No Aplica,No Aplica,No Aplica,VIGENCIA ACTUAL,ENTIDADES TERRITORIALES - ADMINISTRACION CENTRAL,SERVICIO DE PROMOCION DE ACTIVIDADES CULTURALES.,No Aplica,NO DEFINIDO,,,2022,Cuarto Trimestre,,,,OTROS SERVICIOS DE LA ADMINISTRACION PUBLICA N C P,ESTAMPILLAS,,,,,,NO APLICA,,,,,,CON SITUACION DE FONDOS,NO APLICA,NO APLICA,104176752.0,104176752.0,104176752.0
10438235,20220601,218552585,Pupiales,2.1.3.13.01,FALLOS NACIONALES,GASTOS,FUNCIONAMIENTO,TRANSFERENCIAS CORRIENTES,SENTENCIAS Y CONCILIACIONES,FALLOS NACIONALES,No Aplica,No Aplica,No Aplica,No Aplica,No Aplica,VIGENCIA ACTUAL,ENTIDADES TERRITORIALES - ADMINISTRACION CENTRAL,NO DEFINIDO,No Aplica,NO DEFINIDO,,,2022,Segundo Trimestre,,,,NO DEFINIDO,NO DEFINIDO,,,,,,NO DEFINIDO,,,,,,NO DEFINIDO,NO DEFINIDO,NO DEFINIDO,13993200.0,13993200.0,13993200.0
10438284,20220901,218552585,Pupiales,2.3.2.02.02.009,"SERVICIOS PARA LA COMUNIDAD, SOCIALES Y PERSONALES",GASTOS,INVERSION,ADQUISICION DE BIENES Y SERVICIOS,ADQUISICIONES DIFERENTES DE ACTIVOS,ADQUISICION DE SERVICIOS,"SERVICIOS PARA LA COMUNIDAD, SOCIALES Y PERSONALES",No Aplica,No Aplica,No Aplica,No Aplica,VIGENCIA ACTUAL,ENTIDADES TERRITORIALES - ADMINISTRACION CENTRAL,SERVICIO DE PROMOCION DE ACTIVIDADES CULTURALES,No Aplica,NO DEFINIDO,,,2022,Tercer Trimestre,,,,OTROS SERVICIOS DE LA ADMINISTRACION PUBLICA N C P,R.B. SGP-PROPOSITO GENERAL-CULTURA,,,,,,NO APLICA,,,,,,CON SITUACION DE FONDOS,NO APLICA,NO APLICA,124896248.0,124896248.0,124896248.0
10438296,20220901,218552585,Pupiales,2.3.2.02.02.009,"SERVICIOS PARA LA COMUNIDAD, SOCIALES Y PERSONALES",GASTOS,INVERSION,ADQUISICION DE BIENES Y SERVICIOS,ADQUISICIONES DIFERENTES DE ACTIVOS,ADQUISICION DE SERVICIOS,"SERVICIOS PARA LA COMUNIDAD, SOCIALES Y PERSONALES",No Aplica,No Aplica,No Aplica,No Aplica,VIGENCIA ACTUAL,ENTIDADES TERRITORIALES - ADMINISTRACION CENTRAL,CENTROS DE PROTECCION SOCIAL PARA EL ADULTO MAYOR CONSTRUIDOS Y DOTADOS,No Aplica,NO DEFINIDO,,,2022,Tercer Trimestre,,,,OTROS SERVICIOS DE LA ADMINISTRACION PUBLICA N C P,ESTAMPILLAS,,,,,,NO APLICA,,,,,,CON SITUACION DE FONDOS,NO APLICA,NO APLICA,44028424.0,44028424.0,44028424.0
10438712,20210301,218552585,Pupiales,2.3.1.01.02.001,APORTES A LA SEGURIDAD SOCIAL EN PENSIONES,GASTOS,INVERSION,GASTOS DE PERSONAL,PLANTA DE PERSONAL PERMANENTE,CONTRIBUCIONES INHERENTES A LA NOMINA,APORTES A LA SEGURIDAD SOCIAL EN PENSIONES,No Aplica,No Aplica,No Aplica,No Aplica,VIGENCIA ACTUAL,ENTIDADES TERRITORIALES - ADMINISTRACION CENTRAL,NO APLICA,No Aplica,NO DEFINIDO,,,2021,Primer Trimestre,,,,NO APLICA,1.2.4.3.03 - SGP-PROPOSITO GENERAL-PROPOSITO GENERAL LIBRE INVERSION,,,,,,NO APLICA,,,,,,CON SITUACION DE FONDOS,DIRECCION NACIONAL DEL TESORO MINISTERIO DE HACIENDA Y CREDITO PUBLICO,NO DEFINIDO,3306121.0,3306121.0,3306121.0
10439254,20221201,218552585,Pupiales,2.3.2.02.02.006,"COMERCIO Y DISTRIBUCION; ALOJAMIENTO; SERVICIOS DE SUMINISTRO DE COMIDAS Y BEBIDAS; SERVICIOS DE TRANSPORTE; Y SERVICIOS DE DISTRIBUCION DE ELECTRICIDAD, GAS Y AGUA",GASTOS,INVERSION,ADQUISICION DE BIENES Y SERVICIOS,ADQUISICIONES DIFERENTES DE ACTIVOS,ADQUISICION DE SERVICIOS,"COMERCIO Y DISTRIBUCION; ALOJAMIENTO; SERVICIOS DE SUMINISTRO DE COMIDAS Y BEBIDAS; SERVICIOS DE TRANSPORTE; Y SERVICIOS DE DISTRIBUCION DE ELECTRICIDAD, GAS Y AGUA",No Aplica,No Aplica,No Aplica,No Aplica,VIGENCIA ACTUAL,ENTIDADES TERRITORIALES - ADMINISTRACION CENTRAL,"SERVICIO DE FOMENTO PARA EL ACCESO A LA EDUCACION INICIAL, PREESCOLAR, BASICA Y MEDIA.",No Aplica,NO DEFINIDO,,,2022,Cuarto Trimestre,,,,OTROS SERVICIOS DE LA ADMINISTRACION PUBLICA N C P,R.B. OTRAS CONTRIBUCIONES,,,,,,NO APLICA,,,,,,CON SITUACION DE FONDOS,NO APLICA,NO APLICA,14527000.0,14527000.0,14527000.0
10439412,20230601,218552585,Pupiales,2.3.2.01,ADQUISICION DE ACTIVOS NO FINANCIEROS,GASTOS,INVERSION,ADQUISICION DE BIENES Y SERVICIOS,ADQUISICION DE ACTIVOS NO FINANCIEROS,No Aplica,No Aplica,No Aplica,No Aplica,No Aplica,No Aplica,CUENTAS POR PAGAR,ENTIDADES TERRITORIALES - ADMINISTRACION CENTRAL,NO DEFINIDO,No Aplica,NO DEFINIDO,,,2023,Segundo Trimestre,,,,NO DEFINIDO,NO DEFINIDO,,,,,,NO DEFINIDO,,,,,,NO DEFINIDO,NO DEFINIDO,NO DEFINIDO,18115710.0,18115710.0,13615710.0
10440109,20211201,218552585,Pupiales,2.3.2.02.02.005,CONSTRUCCION Y SERVICIOS DE LA CONSTRUCCION,GASTOS,INVERSION,ADQUISICION DE BIENES Y SERVICIOS,ADQUISICIONES DIFERENTES DE ACTIVOS,ADQUISICION DE SERVICIOS,CONSTRUCCION Y SERVICIOS DE LA CONSTRUCCION,No Aplica,No Aplica,No Aplica,No Aplica,VIGENCIA ACTUAL,ENTIDADES TERRITORIALES - ADMINISTRACION CENTRAL,SEDES MANTENIDAS,2021525850009,NO DEFINIDO,,,2021,Cuarto Trimestre,,,,OTROS SERVICIOS DIVERSOS N C P,SGP-PROPOSITO GENERAL-PROPOSITO GENERAL LIBRE INVERSION,,,,,,NO APLICA,,,,,,CON SITUACION DE FONDOS,DIRECCION NACIONAL DEL TESORO MINISTERIO DE HACIENDA Y CREDITO PUBLICO,NO DEFINIDO,19547339.0,19547339.0,19547339.0
10440627,20210301,218552585,Pupiales,2.3.1.01.01.001.01,SUELDO BASICO,GASTOS,INVERSION,GASTOS DE PERSONAL,PLANTA DE PERSONAL PERMANENTE,FACTORES CONSTITUTIVOS DE SALARIO,FACTORES SALARIALES COMUNES,SUELDO BASICO,No Aplica,No Aplica,No Aplica,VIGENCIA ACTUAL,ENTIDADES TERRITORIALES - ADMINISTRACION CENTRAL,NO APLICA,No Aplica,NO DEFINIDO,,,2021,Primer Trimestre,,,,NO APLICA,1.2.4.3.03 - SGP-PROPOSITO GENERAL-PROPOSITO GENERAL LIBRE INVERSION,,,,,,NO APLICA,,,,,,CON SITUACION DE FONDOS,DIRECCION NACIONAL DEL TESORO MINISTERIO DE HACIENDA Y CREDITO PUBLICO,NO DEFINIDO,39877628.0,39877628.0,39877628.0
10440927,20221201,218552585,Pupiales,2,GASTOS,GASTOS,No Aplica,No Aplica,No Aplica,No Aplica,No Aplica,No Aplica,No Aplica,No Aplica,No Aplica,VIGENCIA ACTUAL,ENTIDADES TERRITORIALES - ADMINISTRACION CENTRAL,NO DEFINIDO,No Aplica,NO DEFINIDO,,,2022,Cuarto Trimestre,,,,NO DEFINIDO,NO DEFINIDO,,,,,,NO DEFINIDO,,,,,,NO DEFINIDO,NO DEFINIDO,NO DEFINIDO,27723226200.0,26582870407.0,26418558745.0
10441084,20221201,218552585,Pupiales,2.3.2.02.01.000,"AGRICULTURA, SILVICULTURA Y PRODUCTOS DE LA PESCA",GASTOS,INVERSION,ADQUISICION DE BIENES Y SERVICIOS,ADQUISICIONES DIFERENTES DE ACTIVOS,MATERIALES Y SUMINISTROS,"AGRICULTURA, SILVICULTURA Y PRODUCTOS DE LA PESCA",No Aplica,No Aplica,No Aplica,No Aplica,VIGENCIA ACTUAL,ENTIDADES TERRITORIALES - ADMINISTRACION CENTRAL,SERVICIO DE APOYO FINANCIERO PARA PROYECTOS PRODUCTIVOS,No Aplica,NO DEFINIDO,,,2022,Cuarto Trimestre,,,,OTROS SERVICIOS DE LA ADMINISTRACION PUBLICA N C P,SGP-PROPOSITO GENERAL-PROPOSITO GENERAL LIBRE INVERSION,,,,,,NO APLICA,,,,,,CON SITUACION DE FONDOS,DIRECCION NACIONAL DEL TESORO MINISTERIO DE HACIENDA Y CREDITO PUBLICO,NO APLICA,60000000.0,60000000.0,60000000.0
10446479,20230601,218552585,Pupiales,2.1.1.01.01.001,FACTORES SALARIALES COMUNES,GASTOS,FUNCIONAMIENTO,GASTOS DE PERSONAL,PLANTA DE PERSONAL PERMANENTE,FACTORES CONSTITUTIVOS DE SALARIO,FACTORES SALARIALES COMUNES,No Aplica,No Aplica,No Aplica,No Aplica,VIGENCIA ACTUAL,ENTIDADES TERRITORIALES - CONCEJO,NO DEFINIDO,No Aplica,NO DEFINIDO,,,2023,Segundo Trimestre,,,,NO DEFINIDO,NO DEFINIDO,,,,,,NO DEFINIDO,,,,,,NO DEFINIDO,NO DEFINIDO,NO DEFINIDO,21284234.0,21284234.0,21284234.0
10446842,20221201,218552585,Pupiales,2.3.1.01.02.001,APORTES A LA SEGURIDAD SOCIAL EN PENSIONES,GASTOS,INVERSION,GASTOS DE PERSONAL,PLANTA DE PERSONAL PERMANENTE,CONTRIBUCIONES INHERENTES A LA NOMINA,APORTES A LA SEGURIDAD SOCIAL EN PENSIONES,No Aplica,No Aplica,No Aplica,No Aplica,VIGENCIA ACTUAL,ENTIDADES TERRITORIALES - ADMINISTRACION CENTRAL,NO APLICA,No Aplica,NO DEFINIDO,,,2022,Cuarto Trimestre,,,,NO APLICA,INGRESOS CORRIENTES DE LIBRE DESTINACION,,,,,,NO APLICA,,,,,,CON SITUACION DE FONDOS,DIRECCION NACIONAL DEL TESORO MINISTERIO DE HACIENDA Y CREDITO PUBLICO,NO APLICA,16367482.0,16367482.0,16367482.0
10452017,20221201,218552585,Pupiales,2.1.3.13.01.001,SENTENCIAS,GASTOS,FUNCIONAMIENTO,TRANSFERENCIAS CORRIENTES,SENTENCIAS Y CONCILIACIONES,FALLOS NACIONALES,SENTENCIAS,No Aplica,No Aplica,No Aplica,No Aplica,VIGENCIA ACTUAL,ENTIDADES TERRITORIALES - ADMINISTRACION CENTRAL,NO APLICA,No Aplica,NO DEFINIDO,,,2022,Cuarto Trimestre,,,,NO APLICA,"SGP-PROPOSITO GENERAL-LIBRE DESTINACION MUNICIPIOS CATEGORIAS 4, 5 Y 6",,,,,,NO APLICA,,,,,,CON SITUACION DE FONDOS,NO APLICA,NO APLICA,13993200.0,13993200.0,13993200.0
10452296,20220901,218552585,Pupiales,2.1,FUNCIONAMIENTO,GASTOS,FUNCIONAMIENTO,No Aplica,No Aplica,No Aplica,No Aplica,No Aplica,No Aplica,No Aplica,No Aplica,VIGENCIA ACTUAL,ENTIDADES TERRITORIALES - CONCEJO,NO DEFINIDO,No Aplica,NO DEFINIDO,,,2022,Tercer Trimestre,,,,NO DEFINIDO,NO DEFINIDO,,,,,,NO DEFINIDO,,,,,,NO DEFINIDO,NO DEFINIDO,NO DEFINIDO,141752037.0,141752037.0,141752037.0
10453748,20221201,218552585,Pupiales,2.1.1.01.01.001.08,PRESTACIONES SOCIALES,GASTOS,FUNCIONAMIENTO,GASTOS DE PERSONAL,PLANTA DE PERSONAL PERMANENTE,FACTORES CONSTITUTIVOS DE SALARIO,FACTORES SALARIALES COMUNES,PRESTACIONES SOCIALES,No Aplica,No Aplica,No Aplica,VIGENCIA ACTUAL,ENTIDADES TERRITORIALES - ADMINISTRACION CENTRAL,NO DEFINIDO,No Aplica,NO DEFINIDO,,,2022,Cuarto Trimestre,,,,NO DEFINIDO,NO DEFINIDO,,,,,,NO DEFINIDO,,,,,,NO DEFINIDO,NO DEFINIDO,NO DEFINIDO,78475775.0,78475775.0,78475775.0
10454639,20221201,218552585,Pupiales,2.3.2.02.02.009,"SERVICIOS PARA LA COMUNIDAD, SOCIALES Y PERSONALES",GASTOS,INVERSION,ADQUISICION DE BIENES Y SERVICIOS,ADQUISICIONES DIFERENTES DE ACTIVOS,ADQUISICION DE SERVICIOS,"SERVICIOS PARA LA COMUNIDAD, SOCIALES Y PERSONALES",No Aplica,No Aplica,No Aplica,No Aplica,VIGENCIA ACTUAL,ENTIDADES TERRITORIALES - ADMINISTRACION CENTRAL,SERVICIO DE VIGILANCIA CARCELARIA Y PENITENCIARIA,No Aplica,NO DEFINIDO,,,2022,Cuarto Trimestre,,,,OTROS SERVICIOS DE LA ADMINISTRACION PUBLICA N C P,SGP-PROPOSITO GENERAL-PROPOSITO GENERAL LIBRE INVERSION,,,,,,NO APLICA,,,,,,CON SITUACION DE FONDOS,DIRECCION NACIONAL DEL TESORO MINISTERIO DE HACIENDA Y CREDITO PUBLICO,NO APLICA,8000000.0,8000000.0,2116854.0
10457912,20220301,218552585,Pupiales,2.3.2.02.02.009,"SERVICIOS PARA LA COMUNIDAD, SOCIALES Y PERSONALES",GASTOS,INVERSION,ADQUISICION DE BIENES Y SERVICIOS,ADQUISICIONES DIFERENTES DE ACTIVOS,ADQUISICION DE SERVICIOS,"SERVICIOS PARA LA COMUNIDAD, SOCIALES Y PERSONALES",No Aplica,No Aplica,No Aplica,No Aplica,VIGENCIA ACTUAL,ENTIDADES TERRITORIALES - ADMINISTRACION CENTRAL,SERVICIO DE ATENCION EN SALUD A LA POBLACION,No Aplica,NO DEFINIDO,,,2022,Primer Trimestre,,,,OTROS SERVICIOS ADMINISTRATIVOS DEL GOBIERNO N C P,OTRAS TRANSFERENCIAS DE CAPITAL,,,,,,NO APLICA,,,,,,CON SITUACION DE FONDOS,OTRO,NO APLICA,58287998.0,58287998.0,58287998.0
10458899,20211201,218552585,Pupiales,2.3.2.01.01.001.02.11,INSTALACIONES RECREATIVAS,GASTOS,INVERSION,ADQUISICION DE BIENES Y SERVICIOS,ADQUISICION DE ACTIVOS NO FINANCIEROS,ACTIVOS FIJOS,EDIFICACIONES Y ESTRUCTURAS,EDIFICACIONES DISTINTAS A VIVIENDAS,INSTALACIONES RECREATIVAS,No Aplica,No Aplica,VIGENCIA ACTUAL,ENTIDADES TERRITORIALES - ADMINISTRACION CENTRAL,PARQUES RECREATIVOS MANTENIDOS,No Aplica,NO DEFINIDO,,,2021,Cuarto Trimestre,,,,NO APLICA,SGP-PROPOSITO GENERAL-DEPORTE Y RECREACION,,,,,,NO APLICA,,,,,,CON SITUACION DE FONDOS,DIRECCION NACIONAL DEL TESORO MINISTERIO DE HACIENDA Y CREDITO PUBLICO,NO DEFINIDO,44291794.0,44291794.0,13800000.0
10459054,20210301,218552585,Pupiales,2.1.1.01.01.001,FACTORES SALARIALES COMUNES,GASTOS,FUNCIONAMIENTO,GASTOS DE PERSONAL,PLANTA DE PERSONAL PERMANENTE,FACTORES CONSTITUTIVOS DE SALARIO,FACTORES SALARIALES COMUNES,No Aplica,No Aplica,No Aplica,No Aplica,VIGENCIA ACTUAL,ENTIDADES TERRITORIALES - ADMINISTRACION CENTRAL,NO DEFINIDO,No Aplica,NO DEFINIDO,,,2021,Primer Trimestre,,,,NO DEFINIDO,NO DEFINIDO,,,,,,NO DEFINIDO,,,,,,NO DEFINIDO,NO DEFINIDO,NO DEFINIDO,136733426.0,136733426.0,136733426.0
10462430,20221201,218552585,Pupiales,2.3.2.02.02.009,"SERVICIOS PARA LA COMUNIDAD, SOCIALES Y PERSONALES",GASTOS,INVERSION,ADQUISICION DE BIENES Y SERVICIOS,ADQUISICIONES DIFERENTES DE ACTIVOS,ADQUISICION DE SERVICIOS,"SERVICIOS PARA LA COMUNIDAD, SOCIALES Y PERSONALES",No Aplica,No Aplica,No Aplica,No Aplica,VIGENCIA ACTUAL,ENTIDADES TERRITORIALES - ADMINISTRACION CENTRAL,ESTUDIOS DE PREINVERSION2404044,No Aplica,NO DEFINIDO,,,2022,Cuarto Trimestre,,,,OTROS SERVICIOS DE LA ADMINISTRACION PUBLICA N C P,RECURSOS DEL BALANCE DE LIBRE DESTINACION,,,,,,NO APLICA,,,,,,CON SITUACION DE FONDOS,NO APLICA,NO APLICA,11960000.0,11960000.0,11960000.0
10463489,20220301,218552585,Pupiales,2.3.2.02.02.009,"SERVICIOS PARA LA COMUNIDAD, SOCIALES Y PERSONALES",GASTOS,INVERSION,ADQUISICION DE BIENES Y SERVICIOS,ADQUISICIONES DIFERENTES DE ACTIVOS,ADQUISICION DE SERVICIOS,"SERVICIOS PARA LA COMUNIDAD, SOCIALES Y PERSONALES",No Aplica,No Aplica,No Aplica,No Aplica,VIGENCIA ACTUAL,ENTIDADES TERRITORIALES - ADMINISTRACION CENTRAL,SERVICIOS BIBLIOTECARIOS,2021525850009,NO DEFINIDO,,,2022,Primer Trimestre,,,,OTROS SERVICIOS ADMINISTRATIVOS DEL GOBIERNO N C P,SGP-PROPOSITO GENERAL-CULTURA,,,,,,NO APLICA,,,,,,CON SITUACION DE FONDOS,DIRECCION NACIONAL DEL TESORO MINISTERIO DE HACIENDA Y CREDITO PUBLICO,NO APLICA,150000000.0,150000000.0,150000000.0
10466599,20220301,218552585,Pupiales,2.3.2.02.01,MATERIALES Y SUMINISTROS,GASTOS,INVERSION,ADQUISICION DE BIENES Y SERVICIOS,ADQUISICIONES DIFERENTES DE ACTIVOS,MATERIALES Y SUMINISTROS,No Aplica,No Aplica,No Aplica,No Aplica,No Aplica,VIGENCIA ACTUAL,ENTIDADES TERRITORIALES - ADMINISTRACION CENTRAL,NO DEFINIDO,No Aplica,NO DEFINIDO,,,2022,Primer Trimestre,,,,NO DEFINIDO,NO DEFINIDO,,,,,,NO DEFINIDO,,,,,,NO DEFINIDO,NO DEFINIDO,NO DEFINIDO,130000000.0,95000000.0,95000000.0
10467442,20211201,218552585,Pupiales,2.3.2.02.02.009,"SERVICIOS PARA LA COMUNIDAD, SOCIALES Y PERSONALES",GASTOS,INVERSION,ADQUISICION DE BIENES Y SERVICIOS,ADQUISICIONES DIFERENTES DE ACTIVOS,ADQUISICION DE SERVICIOS,"SERVICIOS PARA LA COMUNIDAD, SOCIALES Y PERSONALES",No Aplica,No Aplica,No Aplica,No Aplica,VIGENCIA ACTUAL,ENTIDADES TERRITORIALES - ADMINISTRACION CENTRAL,SERVICIO DE APOYO FINANCIERO PARA PROYECTOS DE CONVIVENCIA Y SEGURIDAD CIUDADANA,No Aplica,NO DEFINIDO,,,2021,Cuarto Trimestre,,,,OTROS SERVICIOS DIVERSOS N C P,CONTRIBUCION SOBRE CONTRATOS DE OBRA PUBLICA,,,,,,NO APLICA,,,,,,CON SITUACION DE FONDOS,NO APLICA,NO DEFINIDO,1800000.0,1800000.0,1800000.0
10468876,20220901,218552585,Pupiales,2.2.2.02.02.002,ENTIDADES FINANCIERAS,GASTOS,SERVICIO DE LA DEUDA PUBLICA,SERVICIO DE LA DEUDA PUBLICA INTERNA,INTERESES,PRESTAMOS,ENTIDADES FINANCIERAS,No Aplica,No Aplica,No Aplica,No Aplica,VIGENCIA ACTUAL,ENTIDADES TERRITORIALES - ADMINISTRACION CENTRAL,NO DEFINIDO,No Aplica,NO DEFINIDO,,,2022,Tercer Trimestre,,,,NO DEFINIDO,NO DEFINIDO,,,,,,NO DEFINIDO,,,,,,NO DEFINIDO,NO DEFINIDO,NO DEFINIDO,79948891.0,79948891.0,79948891.0
10469202,20211201,218552585,Pupiales,2.1.2.01.01.003,MAQUINARIA Y EQUIPO,GASTOS,FUNCIONAMIENTO,ADQUISICION DE BIENES Y SERVICIOS,ADQUISICION DE ACTIVOS NO FINANCIEROS,ACTIVOS FIJOS,MAQUINARIA Y EQUIPO,No Aplica,No Aplica,No Aplica,No Aplica,VIGENCIA ACTUAL,ENTIDADES TERRITORIALES - ADMINISTRACION CENTRAL,NO DEFINIDO,No Aplica,NO DEFINIDO,,,2021,Cuarto Trimestre,,,,NO DEFINIDO,NO DEFINIDO,,,,,,NO DEFINIDO,,,,,,NO DEFINIDO,NO DEFINIDO,NO DEFINIDO,23200000.0,23200000.0,23200000.0
10469667,20210901,218552585,Pupiales,2.3.2.01.01,ACTIVOS FIJOS,GASTOS,INVERSION,ADQUISICION DE BIENES Y SERVICIOS,ADQUISICION DE ACTIVOS NO FINANCIEROS,ACTIVOS FIJOS,No Aplica,No Aplica,No Aplica,No Aplica,No Aplica,VIGENCIA ACTUAL,ENTIDADES TERRITORIALES - ADMINISTRACION CENTRAL,NO DEFINIDO,No Aplica,NO DEFINIDO,,,2021,Tercer Trimestre,,,,NO DEFINIDO,NO DEFINIDO,,,,,,NO DEFINIDO,,,,,,NO DEFINIDO,NO DEFINIDO,NO DEFINIDO,2365557172.0,195096939.0,195096939.0
10470202,20221201,218552585,Pupiales,2.1.1,GASTOS DE PERSONAL,GASTOS,FUNCIONAMIENTO,GASTOS DE PERSONAL,No Aplica,No Aplica,No Aplica,No Aplica,No Aplica,No Aplica,No Aplica,VIGENCIA ACTUAL,ENTIDADES TERRITORIALES - CONCEJO,NO DEFINIDO,No Aplica,NO DEFINIDO,,,2022,Cuarto Trimestre,,,,NO DEFINIDO,NO DEFINIDO,,,,,,NO DEFINIDO,,,,,,NO DEFINIDO,NO DEFINIDO,NO DEFINIDO,186284648.0,186284648.0,186284648.0
10471469,20220301,218552585,Pupiales,2.3.2.02.02.009,"SERVICIOS PARA LA COMUNIDAD, SOCIALES Y PERSONALES",GASTOS,INVERSION,ADQUISICION DE BIENES Y SERVICIOS,ADQUISICIONES DIFERENTES DE ACTIVOS,ADQUISICION DE SERVICIOS,"SERVICIOS PARA LA COMUNIDAD, SOCIALES Y PERSONALES",No Aplica,No Aplica,No Aplica,No Aplica,VIGENCIA ACTUAL,ENTIDADES TERRITORIALES - ADMINISTRACION CENTRAL,SERVICIO DE ATENCION INTEGRAL A POBLACION EN CONDICION DE DISCAPACIDAD,No Aplica,NO DEFINIDO,,,2022,Primer Trimestre,,,,OTROS SERVICIOS ADMINISTRATIVOS DEL GOBIERNO N C P,SGP-PROPOSITO GENERAL-PROPOSITO GENERAL LIBRE INVERSION,,,,,,NO APLICA,,,,,,CON SITUACION DE FONDOS,NO APLICA,NO APLICA,24000000.0,12000000.0,12000000.0
10475113,20220901,218552585,Pupiales,2.1.3.13.01,FALLOS NACIONALES,GASTOS,FUNCIONAMIENTO,TRANSFERENCIAS CORRIENTES,SENTENCIAS Y CONCILIACIONES,FALLOS NACIONALES,No Aplica,No Aplica,No Aplica,No Aplica,No Aplica,VIGENCIA ACTUAL,ENTIDADES TERRITORIALES - ADMINISTRACION CENTRAL,NO DEFINIDO,No Aplica,NO DEFINIDO,,,2022,Tercer Trimestre,,,,NO DEFINIDO,NO DEFINIDO,,,,,,NO DEFINIDO,,,,,,NO DEFINIDO,NO DEFINIDO,NO DEFINIDO,13993200.0,13993200.0,13993200.0
10475794,20211201,218552585,Pupiales,2.3.2.02,ADQUISICIONES DIFERENTES DE ACTIVOS,GASTOS,INVERSION,ADQUISICION DE BIENES Y SERVICIOS,ADQUISICIONES DIFERENTES DE ACTIVOS,No Aplica,No Aplica,No Aplica,No Aplica,No Aplica,No Aplica,VIGENCIA ACTUAL,ENTIDADES TERRITORIALES - ADMINISTRACION CENTRAL,NO DEFINIDO,No Aplica,NO DEFINIDO,,,2021,Cuarto Trimestre,,,,NO DEFINIDO,NO DEFINIDO,,,,,,NO DEFINIDO,,,,,,NO DEFINIDO,NO DEFINIDO,NO DEFINIDO,20403969560.0,19832379153.0,19524127365.0
10477802,20230601,218552585,Pupiales,2.3.1.01.02.009,APORTES A ESCUELAS INDUSTRIALES E INSTITUTOS TECNICOS,GASTOS,INVERSION,GASTOS DE PERSONAL,PLANTA DE PERSONAL PERMANENTE,CONTRIBUCIONES INHERENTES A LA NOMINA,APORTES A ESCUELAS INDUSTRIALES E INSTITUTOS TECNICOS,No Aplica,No Aplica,No Aplica,No Aplica,VIGENCIA ACTUAL,ENTIDADES TERRITORIALES - ADMINISTRACION CENTRAL,VIA TERCIARIA MEJORADA,No Aplica,NO DEFINIDO,,,2023,Segundo Trimestre,,,,NO APLICA,INGRESOS CORRIENTES DE LIBRE DESTINACION,,,,,,NO APLICA,,,,,,CON SITUACION DE FONDOS,MINISTERIO DE EDUCACION NACIONAL,NO APLICA,264019.0,264019.0,264019.0
10477886,20211201,218552585,Pupiales,2.1.1.01.03.003,BONIFICACION DE DIRECCION PARA GOBERNADORES Y ALCALDES,GASTOS,FUNCIONAMIENTO,GASTOS DE PERSONAL,PLANTA DE PERSONAL PERMANENTE,REMUNERACIONES NO CONSTITUTIVAS DE FACTOR SALARIAL,BONIFICACION DE DIRECCION PARA GOBERNADORES Y ALCALDES,No Aplica,No Aplica,No Aplica,No Aplica,VIGENCIA ACTUAL,ENTIDADES TERRITORIALES - ADMINISTRACION CENTRAL,NO APLICA,No Aplica,NO DEFINIDO,,,2021,Cuarto Trimestre,,,,NO APLICA,INGRESOS CORRIENTES DE LIBRE DESTINACION,,,,,,NO APLICA,,,,,,CON SITUACION DE FONDOS,NO APLICA,NO DEFINIDO,34982952.0,34982952.0,34982952.0
10478747,20230301,218552585,Pupiales,2.1.2.02.02,ADQUISICION DE SERVICIOS,GASTOS,FUNCIONAMIENTO,ADQUISICION DE BIENES Y SERVICIOS,ADQUISICIONES DIFERENTES DE ACTIVOS,ADQUISICION DE SERVICIOS,No Aplica,No Aplica,No Aplica,No Aplica,No Aplica,CUENTAS POR PAGAR,ENTIDADES TERRITORIALES - ADMINISTRACION CENTRAL,NO DEFINIDO,No Aplica,NO DEFINIDO,,,2023,Primer Trimestre,,,,NO DEFINIDO,NO DEFINIDO,,,,,,NO DEFINIDO,,,,,,NO DEFINIDO,NO DEFINIDO,NO DEFINIDO,1800000.0,1800000.0,0.0
10480355,20210601,218552585,Pupiales,2.1.1.01.01.001,FACTORES SALARIALES COMUNES,GASTOS,FUNCIONAMIENTO,GASTOS DE PERSONAL,PLANTA DE PERSONAL PERMANENTE,FACTORES CONSTITUTIVOS DE SALARIO,FACTORES SALARIALES COMUNES,No Aplica,No Aplica,No Aplica,No Aplica,VIGENCIA ACTUAL,ENTIDADES TERRITORIALES - PERSONERIA,NO DEFINIDO,No Aplica,NO DEFINIDO,,,2021,Segundo Trimestre,,,,NO DEFINIDO,NO DEFINIDO,,,,,,NO DEFINIDO,,,,,,NO DEFINIDO,NO DEFINIDO,NO DEFINIDO,70610823.0,70610823.0,70610823.0
10481257,20230301,218552585,Pupiales,2.1.1.01.03.083,AUXILIO DE MOVILIZACION,GASTOS,FUNCIONAMIENTO,GASTOS DE PERSONAL,PLANTA DE PERSONAL PERMANENTE,REMUNERACIONES NO CONSTITUTIVAS DE FACTOR SALARIAL,AUXILIO DE MOVILIZACION,No Aplica,No Aplica,No Aplica,No Aplica,VIGENCIA ACTUAL,ENTIDADES TERRITORIALES - ADMINISTRACION CENTRAL,NO APLICA,No Aplica,NO DEFINIDO,,,2023,Primer Trimestre,,,,NO APLICA,"SGP-PROPOSITO GENERAL-LIBRE DESTINACION MUNICIPIOS CATEGORIAS 4, 5 Y 6",,,,,,NO APLICA,,,,,,CON SITUACION DE FONDOS,NO APLICA,NO APLICA,1901226.0,1901226.0,160816.0
10483389,20230601,218552585,Pupiales,2.3.1.01.02.006,APORTES AL ICBF,GASTOS,INVERSION,GASTOS DE PERSONAL,PLANTA DE PERSONAL PERMANENTE,CONTRIBUCIONES INHERENTES A LA NOMINA,APORTES AL ICBF,No Aplica,No Aplica,No Aplica,No Aplica,VIGENCIA ACTUAL,ENTIDADES TERRITORIALES - ADMINISTRACION CENTRAL,SERVICIO DE JUSTICIA A LOS CIUDADANOS,No Aplica,NO DEFINIDO,,,2023,Segundo Trimestre,,,,NO APLICA,SGP-PROPOSITO GENERAL-PROPOSITO GENERAL LIBRE INVERSION,,,,,,NO APLICA,,,,,,CON SITUACION DE FONDOS,INSTITUTO COLOMBIANO DE BIENESTAR FAMILIAR,NO APLICA,1581800.0,1581800.0,1581800.0
10484093,20210301,218552585,Pupiales,2.1.1.01,PLANTA DE PERSONAL PERMANENTE,GASTOS,FUNCIONAMIENTO,GASTOS DE PERSONAL,PLANTA DE PERSONAL PERMANENTE,No Aplica,No Aplica,No Aplica,No Aplica,No Aplica,No Aplica,VIGENCIA ACTUAL,ENTIDADES TERRITORIALES - ADMINISTRACION CENTRAL,NO DEFINIDO,No Aplica,NO DEFINIDO,,,2021,Primer Trimestre,,,,NO DEFINIDO,NO DEFINIDO,,,,,,NO DEFINIDO,,,,,,NO DEFINIDO,NO DEFINIDO,NO DEFINIDO,167532741.0,167532741.0,167532741.0
10484223,20211201,218552585,Pupiales,2.3.4.03,COMPENSACIONES DE CAPITAL,GASTOS,INVERSION,TRANSFERENCIAS DE CAPITAL,COMPENSACIONES DE CAPITAL,No Aplica,No Aplica,No Aplica,No Aplica,No Aplica,No Aplica,VIGENCIA ACTUAL,ENTIDADES TERRITORIALES - ADMINISTRACION CENTRAL,SERVICIO DE EDUCACION INFORMAL AL SECTOR ARTISTICO Y CULTURAL,No Aplica,NO DEFINIDO,,,2021,Cuarto Trimestre,,,,NO APLICA,R.B. ESTAMPILLAS,,,,,,NO APLICA,,,,,,CON SITUACION DE FONDOS,NO APLICA,NO DEFINIDO,7700000.0,7700000.0,7700000.0
10485350,20230301,218552585,Pupiales,2.1.2.02.02.009,"SERVICIOS PARA LA COMUNIDAD, SOCIALES Y PERSONALES",GASTOS,FUNCIONAMIENTO,ADQUISICION DE BIENES Y SERVICIOS,ADQUISICIONES DIFERENTES DE ACTIVOS,ADQUISICION DE SERVICIOS,"SERVICIOS PARA LA COMUNIDAD, SOCIALES Y PERSONALES",No Aplica,No Aplica,No Aplica,No Aplica,VIGENCIA ACTUAL,ENTIDADES TERRITORIALES - ADMINISTRACION CENTRAL,NO APLICA,No Aplica,NO DEFINIDO,,,2023,Primer Trimestre,,,,SERVICIOS DE LA ADMINISTRACION PUBLICA RELACIONADOS CON LA SALUD,"SGP-PROPOSITO GENERAL-LIBRE DESTINACION MUNICIPIOS CATEGORIAS 4, 5 Y 6",,,,,,NO APLICA,,,,,,CON SITUACION DE FONDOS,NO APLICA,NO APLICA,22993095.0,17587917.0,9708103.0
10487097,20220601,218552585,Pupiales,2.1.1.01.02,CONTRIBUCIONES INHERENTES A LA NOMINA,GASTOS,FUNCIONAMIENTO,GASTOS DE PERSONAL,PLANTA DE PERSONAL PERMANENTE,CONTRIBUCIONES INHERENTES A LA NOMINA,No Aplica,No Aplica,No Aplica,No Aplica,No Aplica,VIGENCIA ACTUAL,ENTIDADES TERRITORIALES - ADMINISTRACION CENTRAL,NO DEFINIDO,No Aplica,NO DEFINIDO,,,2022,Segundo Trimestre,,,,NO DEFINIDO,NO DEFINIDO,,,,,,NO DEFINIDO,,,,,,NO DEFINIDO,NO DEFINIDO,NO DEFINIDO,172916610.0,172916610.0,172916610.0
10489255,20230601,218552585,Pupiales,2.3.2.02.02.005,CONSTRUCCION Y SERVICIOS DE LA CONSTRUCCION,GASTOS,INVERSION,ADQUISICION DE BIENES Y SERVICIOS,ADQUISICIONES DIFERENTES DE ACTIVOS,ADQUISICION DE SERVICIOS,CONSTRUCCION Y SERVICIOS DE LA CONSTRUCCION,No Aplica,No Aplica,No Aplica,No Aplica,VIGENCIA ACTUAL,ENTIDADES TERRITORIALES - ADMINISTRACION CENTRAL,SEDES CONSTRUIDAS,No Aplica,NO DEFINIDO,,,2023,Segundo Trimestre,,,,OTRAS OBRAS DE INGENIERIA CIVIL,INGRESOS CORRIENTES DE LIBRE DESTINACION,,,,,,NO APLICA,,,,,,CON SITUACION DE FONDOS,NO APLICA,NO APLICA,3417839.0,0.0,0.0
10489335,20210601,218552585,Pupiales,2.1.1.01.01.001.01,SUELDO BASICO,GASTOS,FUNCIONAMIENTO,GASTOS DE PERSONAL,PLANTA DE PERSONAL PERMANENTE,FACTORES CONSTITUTIVOS DE SALARIO,FACTORES SALARIALES COMUNES,SUELDO BASICO,No Aplica,No Aplica,No Aplica,VIGENCIA ACTUAL,ENTIDADES TERRITORIALES - PERSONERIA,NO APLICA,No Aplica,NO DEFINIDO,,,2021,Segundo Trimestre,,,,NO APLICA,1.2.1.0.00 - INGRESOS CORRIENTES DE LIBRE DESTINACION,,,,,,NO APLICA,,,,,,CON SITUACION DE FONDOS,NO APLICA,NO DEFINIDO,70610823.0,70610823.0,70610823.0
10490560,20211201,218552585,Pupiales,2.3.2.02.02.009,"SERVICIOS PARA LA COMUNIDAD, SOCIALES Y PERSONALES",GASTOS,INVERSION,ADQUISICION DE BIENES Y SERVICIOS,ADQUISICIONES DIFERENTES DE ACTIVOS,ADQUISICION DE SERVICIOS,"SERVICIOS PARA LA COMUNIDAD, SOCIALES Y PERSONALES",No Aplica,No Aplica,No Aplica,No Aplica,VIGENCIA ACTUAL,ENTIDADES TERRITORIALES - ADMINISTRACION CENTRAL,SERVICIO DE PREPARACION DEPORTIVA,2021525850035,NO DEFINIDO,,,2021,Cuarto Trimestre,,,,OTROS SERVICIOS DIVERSOS N C P,SGP-PROPOSITO GENERAL-DEPORTE Y RECREACION,,,,,,NO APLICA,,,,,,CON SITUACION DE FONDOS,DIRECCION NACIONAL DEL TESORO MINISTERIO DE HACIENDA Y CREDITO PUBLICO,NO DEFINIDO,10267000.0,10267000.0,10267000.0
10490908,20211201,218552585,Pupiales,2.1.1.01,PLANTA DE PERSONAL PERMANENTE,GASTOS,FUNCIONAMIENTO,GASTOS DE PERSONAL,PLANTA DE PERSONAL PERMANENTE,No Aplica,No Aplica,No Aplica,No Aplica,No Aplica,No Aplica,VIGENCIA ACTUAL,ENTIDADES TERRITORIALES - PERSONERIA,NO DEFINIDO,No Aplica,NO DEFINIDO,,,2021,Cuarto Trimestre,,,,NO DEFINIDO,NO DEFINIDO,,,,,,NO DEFINIDO,,,,,,NO DEFINIDO,NO DEFINIDO,NO DEFINIDO,136278900.0,136278900.0,136278900.0
10492209,20210301,218552585,Pupiales,2.3.1.01.03.001,PRESTACIONES SOCIALES,GASTOS,INVERSION,GASTOS DE PERSONAL,PLANTA DE PERSONAL PERMANENTE,REMUNERACIONES NO CONSTITUTIVAS DE FACTOR SALARIAL,PRESTACIONES SOCIALES,No Aplica,No Aplica,No Aplica,No Aplica,VIGENCIA ACTUAL,ENTIDADES TERRITORIALES - ADMINISTRACION CENTRAL,NO DEFINIDO,No Aplica,NO DEFINIDO,,,2021,Primer Trimestre,,,,NO DEFINIDO,NO DEFINIDO,,,,,,NO DEFINIDO,,,,,,NO DEFINIDO,NO DEFINIDO,NO DEFINIDO,2526194.0,2526194.0,2526194.0
10492233,20210901,218552585,Pupiales,2.3.2.01.01.004,ACTIVOS FIJOS NO CLASIFICADOS COMO MAQUINARIA Y EQUIPO,GASTOS,INVERSION,ADQUISICION DE BIENES Y SERVICIOS,ADQUISICION DE ACTIVOS NO FINANCIEROS,ACTIVOS FIJOS,ACTIVOS FIJOS NO CLASIFICADOS COMO MAQUINARIA Y EQUIPO,No Aplica,No Aplica,No Aplica,No Aplica,VIGENCIA ACTUAL,ENTIDADES TERRITORIALES - ADMINISTRACION CENTRAL,NO DEFINIDO,No Aplica,NO DEFINIDO,,,2021,Tercer Trimestre,,,,NO DEFINIDO,NO DEFINIDO,,,,,,NO DEFINIDO,,,,,,NO DEFINIDO,NO DEFINIDO,NO DEFINIDO,2400000.0,2400000.0,2400000.0
10494186,20220901,218552585,Pupiales,2.3.2.01,ADQUISICION DE ACTIVOS NO FINANCIEROS,GASTOS,INVERSION,ADQUISICION DE BIENES Y SERVICIOS,ADQUISICION DE ACTIVOS NO FINANCIEROS,No Aplica,No Aplica,No Aplica,No Aplica,No Aplica,No Aplica,VIGENCIA ACTUAL,ENTIDADES TERRITORIALES - ADMINISTRACION CENTRAL,NO DEFINIDO,No Aplica,NO DEFINIDO,,,2022,Tercer Trimestre,,,,NO DEFINIDO,NO DEFINIDO,,,,,,NO DEFINIDO,,,,,,NO DEFINIDO,NO DEFINIDO,NO DEFINIDO,289859239.0,106888641.0,106888641.0
10494941,20210601,218552585,Pupiales,2.3.4.03,COMPENSACIONES DE CAPITAL,GASTOS,INVERSION,TRANSFERENCIAS DE CAPITAL,COMPENSACIONES DE CAPITAL,No Aplica,No Aplica,No Aplica,No Aplica,No Aplica,No Aplica,VIGENCIA ACTUAL,ENTIDADES TERRITORIALES - ADMINISTRACION CENTRAL,45.99.034 - GOBIERNO TERRITORIAL - FORTALECIMIENTO A LA GESTION Y DIRECCION DE LA ADMINISTRACION PUBLICA TERRITORIAL - SEDES DOTADAS,No Aplica,NO DEFINIDO,,,2021,Segundo Trimestre,,,,NO APLICA,1.2.1.0.00 - INGRESOS CORRIENTES DE LIBRE DESTINACION,,,,,,NO APLICA,,,,,,CON SITUACION DE FONDOS,NO APLICA,NO DEFINIDO,25000000.0,0.0,0.0
10495951,20220301,218552585,Pupiales,2.1.1.01.01,FACTORES CONSTITUTIVOS DE SALARIO,GASTOS,FUNCIONAMIENTO,GASTOS DE PERSONAL,PLANTA DE PERSONAL PERMANENTE,FACTORES CONSTITUTIVOS DE SALARIO,No Aplica,No Aplica,No Aplica,No Aplica,No Aplica,VIGENCIA ACTUAL,ENTIDADES TERRITORIALES - ADMINISTRACION CENTRAL,NO DEFINIDO,No Aplica,NO DEFINIDO,,,2022,Primer Trimestre,,,,NO DEFINIDO,NO DEFINIDO,,,,,,NO DEFINIDO,,,,,,NO DEFINIDO,NO DEFINIDO,NO DEFINIDO,140652252.0,138484652.0,138484652.0
10496002,20230601,218552585,Pupiales,2.3.1.01.02.009,APORTES A ESCUELAS INDUSTRIALES E INSTITUTOS TECNICOS,GASTOS,INVERSION,GASTOS DE PERSONAL,PLANTA DE PERSONAL PERMANENTE,CONTRIBUCIONES INHERENTES A LA NOMINA,APORTES A ESCUELAS INDUSTRIALES E INSTITUTOS TECNICOS,No Aplica,No Aplica,No Aplica,No Aplica,VIGENCIA ACTUAL,ENTIDADES TERRITORIALES - ADMINISTRACION CENTRAL,SERVICIO DE JUSTICIA A LOS CIUDADANOS,No Aplica,NO DEFINIDO,,,2023,Segundo Trimestre,,,,NO APLICA,SGP-PROPOSITO GENERAL-PROPOSITO GENERAL LIBRE INVERSION,,,,,,NO APLICA,,,,,,CON SITUACION DE FONDOS,MINISTERIO DE EDUCACION NACIONAL,NO APLICA,528036.0,528036.0,528036.0
10498219,20211201,218552585,Pupiales,2.3.4.03,COMPENSACIONES DE CAPITAL,GASTOS,INVERSION,TRANSFERENCIAS DE CAPITAL,COMPENSACIONES DE CAPITAL,No Aplica,No Aplica,No Aplica,No Aplica,No Aplica,No Aplica,VIGENCIA ACTUAL,ENTIDADES TERRITORIALES - ADMINISTRACION CENTRAL,VIA SECUNDARIA CON MANTENIMIENTO PERIODICO O RUTINARIO,No Aplica,NO DEFINIDO,,,2021,Cuarto Trimestre,,,,NO APLICA,R.B. SGP-PROPOSITO GENERAL-PROPOSITO GENERAL LIBRE INVERSION,,,,,,NO APLICA,,,,,,CON SITUACION DE FONDOS,DIRECCION NACIONAL DEL TESORO MINISTERIO DE HACIENDA Y CREDITO PUBLICO,NO DEFINIDO,250000000.0,47772129.0,47772129.0
10500512,20230601,218552585,Pupiales,2.3.2.02.02.009,"SERVICIOS PARA LA COMUNIDAD, SOCIALES Y PERSONALES",GASTOS,INVERSION,ADQUISICION DE BIENES Y SERVICIOS,ADQUISICIONES DIFERENTES DE ACTIVOS,ADQUISICION DE SERVICIOS,"SERVICIOS PARA LA COMUNIDAD, SOCIALES Y PERSONALES",No Aplica,No Aplica,No Aplica,No Aplica,VIGENCIA ACTUAL,ENTIDADES TERRITORIALES - ADMINISTRACION CENTRAL,SERVICIO DE GESTION DE OFERTA SOCIAL PARA LA POBLACION VULNERABLE,No Aplica,NO DEFINIDO,,,2023,Segundo Trimestre,,,,SERVICIOS DE LOS ORGANOS DE CONTROL Y OTRAS INSTITUCIONES,INGRESOS CORRIENTES DE LIBRE DESTINACION,,,,,,NO APLICA,,,,,,CON SITUACION DE FONDOS,NO APLICA,NO APLICA,32480000.0,32480000.0,32480000.0
10500698,20211201,218552585,Pupiales,2.3.2.01.01.005.01.02.05,ARBOLES CULTIVADOS POR SU CORTEZA U HOJAS,GASTOS,INVERSION,ADQUISICION DE BIENES Y SERVICIOS,ADQUISICION DE ACTIVOS NO FINANCIEROS,ACTIVOS FIJOS,OTROS ACTIVOS FIJOS,RECURSOS BIOLOGICOS CULTIVADOS,"ARBOLES, CULTIVOS Y PLANTAS QUE GENERAN PRODUCTOS EN FORMA REPETIDA",ARBOLES CULTIVADOS POR SU CORTEZA U HOJAS,No Aplica,VIGENCIA ACTUAL,ENTIDADES TERRITORIALES - ADMINISTRACION CENTRAL,SERVICIO DE ASISTENCIA TECNICA EN EL MARCO DE LA FORMULACION E IMPLEMENTACION DE PROYECTOS DEMOSTRATIVOS PARA LA REDUCCION DE IMPACTOS AMBIENTALES DE LA MINERIA,No Aplica,NO DEFINIDO,,,2021,Cuarto Trimestre,,,,NO APLICA,SGP-PROPOSITO GENERAL-PROPOSITO GENERAL LIBRE INVERSION,,,,,,NO APLICA,,,,,,CON SITUACION DE FONDOS,DIRECCION NACIONAL DEL TESORO MINISTERIO DE HACIENDA Y CREDITO PUBLICO,NO DEFINIDO,25399736.0,25399736.0,25399736.0
10502152,20210301,218552585,Pupiales,2.1.1.01.01.001.01,SUELDO BASICO,GASTOS,FUNCIONAMIENTO,GASTOS DE PERSONAL,PLANTA DE PERSONAL PERMANENTE,FACTORES CONSTITUTIVOS DE SALARIO,FACTORES SALARIALES COMUNES,SUELDO BASICO,No Aplica,No Aplica,No Aplica,VIGENCIA ACTUAL,ENTIDADES TERRITORIALES - CONCEJO,NO APLICA,No Aplica,NO DEFINIDO,,,2021,Primer Trimestre,,,,NO APLICA,1.2.1.0.00 - INGRESOS CORRIENTES DE LIBRE DESTINACION,,,,,,NO APLICA,,,,,,CON SITUACION DE FONDOS,NO APLICA,NO DEFINIDO,20428199.0,20428199.0,20428199.0
10503290,20220901,218552585,Pupiales,2.1.1.01.01,FACTORES CONSTITUTIVOS DE SALARIO,GASTOS,FUNCIONAMIENTO,GASTOS DE PERSONAL,PLANTA DE PERSONAL PERMANENTE,FACTORES CONSTITUTIVOS DE SALARIO,No Aplica,No Aplica,No Aplica,No Aplica,No Aplica,VIGENCIA ACTUAL,ENTIDADES TERRITORIALES - ADMINISTRACION CENTRAL,NO DEFINIDO,No Aplica,NO DEFINIDO,,,2022,Tercer Trimestre,,,,NO DEFINIDO,NO DEFINIDO,,,,,,NO DEFINIDO,,,,,,NO DEFINIDO,NO DEFINIDO,NO DEFINIDO,472123371.0,472123371.0,471748536.0
10505319,20230301,218552585,Pupiales,2.3.2.02.02.009,"SERVICIOS PARA LA COMUNIDAD, SOCIALES Y PERSONALES",GASTOS,INVERSION,ADQUISICION DE BIENES Y SERVICIOS,ADQUISICIONES DIFERENTES DE ACTIVOS,ADQUISICION DE SERVICIOS,"SERVICIOS PARA LA COMUNIDAD, SOCIALES Y PERSONALES",No Aplica,No Aplica,No Aplica,No Aplica,VIGENCIA ACTUAL,ENTIDADES TERRITORIALES - ADMINISTRACION CENTRAL,SERVICIO DE ASISTENCIA TECNICA4599031,No Aplica,NO DEFINIDO,,,2023,Primer Trimestre,,,,SERVICIOS GENERALES DE RECOLECCION DE OTROS DESECHOS,"SGP-PROPOSITO GENERAL-LIBRE DESTINACION MUNICIPIOS CATEGORIAS 4, 5 Y 6",,,,,,NO APLICA,,,,,,CON SITUACION DE FONDOS,NO APLICA,NO APLICA,3253496.0,2086484.0,1110360.0
10508246,20220901,218552585,Pupiales,2.3.2.01.01.003,MAQUINARIA Y EQUIPO,GASTOS,INVERSION,ADQUISICION DE BIENES Y SERVICIOS,ADQUISICION DE ACTIVOS NO FINANCIEROS,ACTIVOS FIJOS,MAQUINARIA Y EQUIPO,No Aplica,No Aplica,No Aplica,No Aplica,VIGENCIA ACTUAL,ENTIDADES TERRITORIALES - ADMINISTRACION CENTRAL,NO DEFINIDO,No Aplica,NO DEFINIDO,,,2022,Tercer Trimestre,,,,NO DEFINIDO,NO DEFINIDO,,,,,,NO DEFINIDO,,,,,,NO DEFINIDO,NO DEFINIDO,NO DEFINIDO,120158200.0,14000000.0,14000000.0
10508848,20220601,218552585,Pupiales,2.3.2.01.01.001.02.11,INSTALACIONES RECREATIVAS,GASTOS,INVERSION,ADQUISICION DE BIENES Y SERVICIOS,ADQUISICION DE ACTIVOS NO FINANCIEROS,ACTIVOS FIJOS,EDIFICACIONES Y ESTRUCTURAS,EDIFICACIONES DISTINTAS A VIVIENDAS,INSTALACIONES RECREATIVAS,No Aplica,No Aplica,VIGENCIA ACTUAL,ENTIDADES TERRITORIALES - ADMINISTRACION CENTRAL,PARQUES RECREATIVOS MANTENIDOS,No Aplica,NO DEFINIDO,,,2022,Segundo Trimestre,,,,NO APLICA,SGP-PROPOSITO GENERAL-DEPORTE Y RECREACION,,,,,,NO APLICA,,,,,,CON SITUACION DE FONDOS,DIRECCION NACIONAL DEL TESORO MINISTERIO DE HACIENDA Y CREDITO PUBLICO,NO APLICA,22173840.0,11086920.0,11086920.0
10509183,20230301,218552585,Pupiales,2.2.2.02,INTERESES,GASTOS,SERVICIO DE LA DEUDA PUBLICA,SERVICIO DE LA DEUDA PUBLICA INTERNA,INTERESES,No Aplica,No Aplica,No Aplica,No Aplica,No Aplica,No Aplica,VIGENCIA ACTUAL,ENTIDADES TERRITORIALES - ADMINISTRACION CENTRAL,NO DEFINIDO,No Aplica,NO DEFINIDO,,,2023,Primer Trimestre,,,,NO DEFINIDO,NO DEFINIDO,,,,,,NO DEFINIDO,,,,,,NO DEFINIDO,NO DEFINIDO,NO DEFINIDO,15217635.0,15217635.0,15217635.0
10509500,20230601,218552585,Pupiales,2.3.2.02.01.003,"OTROS BIENES TRANSPORTABLES EXCEPTO PRODUCTOS METALICOS, MAQUINARIA Y EQUIPO",GASTOS,INVERSION,ADQUISICION DE BIENES Y SERVICIOS,ADQUISICIONES DIFERENTES DE ACTIVOS,MATERIALES Y SUMINISTROS,"OTROS BIENES TRANSPORTABLES EXCEPTO PRODUCTOS METALICOS, MAQUINARIA Y EQUIPO",No Aplica,No Aplica,No Aplica,No Aplica,VIGENCIA ACTUAL,ENTIDADES TERRITORIALES - ADMINISTRACION CENTRAL,VIA TERCIARIA MEJORADA,No Aplica,NO DEFINIDO,,,2023,Segundo Trimestre,,,,PASTAS O PULPAS DE OTRAS FIBRAS N C P PARA PAPEL,SGP-PROPOSITO GENERAL-PROPOSITO GENERAL LIBRE INVERSION,,,,,,NO APLICA,,,,,,CON SITUACION DE FONDOS,NO APLICA,NO APLICA,100000000.0,72925409.0,72925409.0
10510759,20210901,218552585,Pupiales,2.1.1.01.02.006,APORTES AL ICBF,GASTOS,FUNCIONAMIENTO,GASTOS DE PERSONAL,PLANTA DE PERSONAL PERMANENTE,CONTRIBUCIONES INHERENTES A LA NOMINA,APORTES AL ICBF,No Aplica,No Aplica,No Aplica,No Aplica,VIGENCIA ACTUAL,ENTIDADES TERRITORIALES - ADMINISTRACION CENTRAL,NO APLICA,No Aplica,NO DEFINIDO,,,2021,Tercer Trimestre,,,,NO APLICA,1.2.1.0.00 - INGRESOS CORRIENTES DE LIBRE DESTINACION,,,,,,NO APLICA,,,,,,CON SITUACION DE FONDOS,NO APLICA,NO DEFINIDO,10163853.0,10163853.0,10163853.0
10511169,20211201,218552585,Pupiales,2.1.1.01.01.001.04,SUBSIDIO DE ALIMENTACION,GASTOS,FUNCIONAMIENTO,GASTOS DE PERSONAL,PLANTA DE PERSONAL PERMANENTE,FACTORES CONSTITUTIVOS DE SALARIO,FACTORES SALARIALES COMUNES,SUBSIDIO DE ALIMENTACION,No Aplica,No Aplica,No Aplica,VIGENCIA ACTUAL,ENTIDADES TERRITORIALES - ADMINISTRACION CENTRAL,NO APLICA,No Aplica,NO DEFINIDO,,,2021,Cuarto Trimestre,,,,NO APLICA,INGRESOS CORRIENTES DE LIBRE DESTINACION,,,,,,NO APLICA,,,,,,CON SITUACION DE FONDOS,NO APLICA,NO DEFINIDO,9159994.0,9159994.0,9159994.0
10516369,20210301,218552585,Pupiales,2.1.1.01.02.001,APORTES A LA SEGURIDAD SOCIAL EN PENSIONES,GASTOS,FUNCIONAMIENTO,GASTOS DE PERSONAL,PLANTA DE PERSONAL PERMANENTE,CONTRIBUCIONES INHERENTES A LA NOMINA,APORTES A LA SEGURIDAD SOCIAL EN PENSIONES,No Aplica,No Aplica,No Aplica,No Aplica,VIGENCIA ACTUAL,ENTIDADES TERRITORIALES - ADMINISTRACION CENTRAL,NO APLICA,No Aplica,NO DEFINIDO,,,2021,Primer Trimestre,,,,NO APLICA,1.2.1.0.00 - INGRESOS CORRIENTES DE LIBRE DESTINACION,,,,,,NO APLICA,,,,,,CON SITUACION DE FONDOS,NO APLICA,NO DEFINIDO,12666168.0,12666168.0,12666168.0
10521400,20230301,218552585,Pupiales,2.1.2.02.02.007,SERVICIOS FINANCIEROS Y SERVICIOS CONEXOS; SERVICIOS INMOBILIARIOS; Y SERVICIOS DE ARRENDAMIENTO Y LEASING,GASTOS,FUNCIONAMIENTO,ADQUISICION DE BIENES Y SERVICIOS,ADQUISICIONES DIFERENTES DE ACTIVOS,ADQUISICION DE SERVICIOS,SERVICIOS FINANCIEROS Y SERVICIOS CONEXOS; SERVICIOS INMOBILIARIOS; Y SERVICIOS DE ARRENDAMIENTO Y LEASING,No Aplica,No Aplica,No Aplica,No Aplica,VIGENCIA ACTUAL,ENTIDADES TERRITORIALES - ADMINISTRACION CENTRAL,NO APLICA,No Aplica,NO DEFINIDO,,,2023,Primer Trimestre,,,,OTROS SERVICIOS DIVERSOS N C P,"SGP-PROPOSITO GENERAL-LIBRE DESTINACION MUNICIPIOS CATEGORIAS 4, 5 Y 6",,,,,,NO APLICA,,,,,,CON SITUACION DE FONDOS,NO APLICA,NO APLICA,19901400.0,0.0,0.0
10522777,20220601,218552585,Pupiales,2.3.2.02.02.009,"SERVICIOS PARA LA COMUNIDAD, SOCIALES Y PERSONALES",GASTOS,INVERSION,ADQUISICION DE BIENES Y SERVICIOS,ADQUISICIONES DIFERENTES DE ACTIVOS,ADQUISICION DE SERVICIOS,"SERVICIOS PARA LA COMUNIDAD, SOCIALES Y PERSONALES",No Aplica,No Aplica,No Aplica,No Aplica,VIGENCIA ACTUAL,ENTIDADES TERRITORIALES - ADMINISTRACION CENTRAL,SERVICIO DE APOYO FINANCIERO PARA EL MEJORAMIENTO DE PRODUCTOS O PROCESOS,No Aplica,NO DEFINIDO,,,2022,Segundo Trimestre,,,,OTROS SERVICIOS DIVERSOS N C P,INGRESOS CORRIENTES DE LIBRE DESTINACION,,,,,,NO APLICA,,,,,,CON SITUACION DE FONDOS,NO APLICA,NO APLICA,9999367.0,7400426.0,7400426.0
10522788,20230601,218552585,Pupiales,2.3.2.02.02.009,"SERVICIOS PARA LA COMUNIDAD, SOCIALES Y PERSONALES",GASTOS,INVERSION,ADQUISICION DE BIENES Y SERVICIOS,ADQUISICIONES DIFERENTES DE ACTIVOS,ADQUISICION DE SERVICIOS,"SERVICIOS PARA LA COMUNIDAD, SOCIALES Y PERSONALES",No Aplica,No Aplica,No Aplica,No Aplica,RESERVAS,ENTIDADES TERRITORIALES - ADMINISTRACION CENTRAL,NO APLICA,No Aplica,NO DEFINIDO,,,2023,Segundo Trimestre,,,,SERVICIOS DE LOS ORGANOS DE CONTROL Y OTRAS INSTITUCIONES,R.B. SGP-AGUA POTABLE Y SANEAMIENTO BASICO,,,,,,NO APLICA,,,,,,CON SITUACION DE FONDOS,E.S.P. EMPRESA DE SERVICIOS PUBLICOS VARIOS DE PUPIALES,NO APLICA,49200000.0,49200000.0,49200000.0
10524350,20211201,218552585,Pupiales,2.3.1.01.01.001.06,PRIMA DE SERVICIO,GASTOS,INVERSION,GASTOS DE PERSONAL,PLANTA DE PERSONAL PERMANENTE,FACTORES CONSTITUTIVOS DE SALARIO,FACTORES SALARIALES COMUNES,PRIMA DE SERVICIO,No Aplica,No Aplica,No Aplica,VIGENCIA ACTUAL,ENTIDADES TERRITORIALES - ADMINISTRACION CENTRAL,NO APLICA,No Aplica,NO DEFINIDO,,,2021,Cuarto Trimestre,,,,NO APLICA,SGP-PROPOSITO GENERAL-PROPOSITO GENERAL LIBRE INVERSION,,,,,,NO APLICA,,,,,,CON SITUACION DE FONDOS,DIRECCION NACIONAL DEL TESORO MINISTERIO DE HACIENDA Y CREDITO PUBLICO,NO DEFINIDO,7917278.0,7917278.0,7917278.0
10524803,20210601,218552585,Pupiales,2.3.1.01.01.001.05,AUXILIO DE TRANSPORTE,GASTOS,INVERSION,GASTOS DE PERSONAL,PLANTA DE PERSONAL PERMANENTE,FACTORES CONSTITUTIVOS DE SALARIO,FACTORES SALARIALES COMUNES,AUXILIO DE TRANSPORTE,No Aplica,No Aplica,No Aplica,VIGENCIA ACTUAL,ENTIDADES TERRITORIALES - ADMINISTRACION CENTRAL,NO APLICA,No Aplica,NO DEFINIDO,,,2021,Segundo Trimestre,,,,NO APLICA,1.2.4.3.03 - SGP-PROPOSITO GENERAL-PROPOSITO GENERAL LIBRE INVERSION,,,,,,NO APLICA,,,,,,CON SITUACION DE FONDOS,DIRECCION NACIONAL DEL TESORO MINISTERIO DE HACIENDA Y CREDITO PUBLICO,NO DEFINIDO,6085534.0,6085534.0,6085534.0
10524909,20211201,218552585,Pupiales,2.1.3.05,A ENTIDADES DEL GOBIERNO,GASTOS,FUNCIONAMIENTO,TRANSFERENCIAS CORRIENTES,A ENTIDADES DEL GOBIERNO,No Aplica,No Aplica,No Aplica,No Aplica,No Aplica,No Aplica,VIGENCIA ACTUAL,ENTIDADES TERRITORIALES - ADMINISTRACION CENTRAL,NO DEFINIDO,No Aplica,NO DEFINIDO,,,2021,Cuarto Trimestre,,,,NO DEFINIDO,NO DEFINIDO,,,,,,NO DEFINIDO,,,,,,NO DEFINIDO,NO DEFINIDO,NO DEFINIDO,79873145.0,79873145.0,67859239.0
10525460,20210901,218552585,Pupiales,2.3.2.01.01.001.03,OTRAS ESTRUCTURAS,GASTOS,INVERSION,ADQUISICION DE BIENES Y SERVICIOS,ADQUISICION DE ACTIVOS NO FINANCIEROS,ACTIVOS FIJOS,EDIFICACIONES Y ESTRUCTURAS,OTRAS ESTRUCTURAS,No Aplica,No Aplica,No Aplica,VIGENCIA ACTUAL,ENTIDADES TERRITORIALES - ADMINISTRACION CENTRAL,NO DEFINIDO,No Aplica,NO DEFINIDO,,,2021,Tercer Trimestre,,,,NO DEFINIDO,NO DEFINIDO,,,,,,NO DEFINIDO,,,,,,NO DEFINIDO,NO DEFINIDO,NO DEFINIDO,289340365.0,86000000.0,86000000.0
10526682,20210901,218552585,Pupiales,2.3.1.01.02.005,APORTES GENERALES AL SISTEMA DE RIESGOS LABORALES,GASTOS,INVERSION,GASTOS DE PERSONAL,PLANTA DE PERSONAL PERMANENTE,CONTRIBUCIONES INHERENTES A LA NOMINA,APORTES GENERALES AL SISTEMA DE RIESGOS LABORALES,No Aplica,No Aplica,No Aplica,No Aplica,VIGENCIA ACTUAL,ENTIDADES TERRITORIALES - ADMINISTRACION CENTRAL,NO APLICA,No Aplica,NO DEFINIDO,,,2021,Tercer Trimestre,,,,NO APLICA,1.2.4.3.03 - SGP-PROPOSITO GENERAL-PROPOSITO GENERAL LIBRE INVERSION,,,,,,NO APLICA,,,,,,CON SITUACION DE FONDOS,DIRECCION NACIONAL DEL TESORO MINISTERIO DE HACIENDA Y CREDITO PUBLICO,NO DEFINIDO,1329909.0,1329909.0,1329909.0
10526832,20211201,218552585,Pupiales,2.3.4.03,COMPENSACIONES DE CAPITAL,GASTOS,INVERSION,TRANSFERENCIAS DE CAPITAL,COMPENSACIONES DE CAPITAL,No Aplica,No Aplica,No Aplica,No Aplica,No Aplica,No Aplica,VIGENCIA ACTUAL,ENTIDADES TERRITORIALES - ADMINISTRACION CENTRAL,SERVICIO DE ASISTENCIA TECNICA4501001,No Aplica,NO DEFINIDO,,,2021,Cuarto Trimestre,,,,NO APLICA,R.B. CONTRIBUCION SOBRE CONTRATOS DE OBRA PUBLICA,,,,,,NO APLICA,,,,,,CON SITUACION DE FONDOS,NO APLICA,NO DEFINIDO,10000000.0,10000000.0,10000000.0
10527754,20220301,218552585,Pupiales,2.3.2.01,ADQUISICION DE ACTIVOS NO FINANCIEROS,GASTOS,INVERSION,ADQUISICION DE BIENES Y SERVICIOS,ADQUISICION DE ACTIVOS NO FINANCIEROS,No Aplica,No Aplica,No Aplica,No Aplica,No Aplica,No Aplica,VIGENCIA ACTUAL,ENTIDADES TERRITORIALES - ADMINISTRACION CENTRAL,NO DEFINIDO,No Aplica,NO DEFINIDO,,,2022,Primer Trimestre,,,,NO DEFINIDO,NO DEFINIDO,,,,,,NO DEFINIDO,,,,,,NO DEFINIDO,NO DEFINIDO,NO DEFINIDO,72306361.0,22306361.0,22306361.0
10530251,20221201,218552585,Pupiales,2.1.1,GASTOS DE PERSONAL,GASTOS,FUNCIONAMIENTO,GASTOS DE PERSONAL,No Aplica,No Aplica,No Aplica,No Aplica,No Aplica,No Aplica,No Aplica,VIGENCIA ACTUAL,ENTIDADES TERRITORIALES - PERSONERIA,NO DEFINIDO,No Aplica,NO DEFINIDO,,,2022,Cuarto Trimestre,,,,NO DEFINIDO,NO DEFINIDO,,,,,,NO DEFINIDO,,,,,,NO DEFINIDO,NO DEFINIDO,NO DEFINIDO,150000000.0,150000000.0,150000000.0
10535090,20210901,218552585,Pupiales,2.3.4.03,COMPENSACIONES DE CAPITAL,GASTOS,INVERSION,TRANSFERENCIAS DE CAPITAL,COMPENSACIONES DE CAPITAL,No Aplica,No Aplica,No Aplica,No Aplica,No Aplica,No Aplica,VIGENCIA ACTUAL,ENTIDADES TERRITORIALES - ADMINISTRACION CENTRAL,45.99.034 - GOBIERNO TERRITORIAL - FORTALECIMIENTO A LA GESTION Y DIRECCION DE LA ADMINISTRACION PUBLICA TERRITORIAL - SEDES DOTADAS,No Aplica,NO DEFINIDO,,,2021,Tercer Trimestre,,,,NO APLICA,1.2.1.0.00 - INGRESOS CORRIENTES DE LIBRE DESTINACION,,,,,,NO APLICA,,,,,,CON SITUACION DE FONDOS,NO APLICA,NO DEFINIDO,25000000.0,25000000.0,25000000.0
10536966,20221201,218552585,Pupiales,2.3.2.02.02.009,"SERVICIOS PARA LA COMUNIDAD, SOCIALES Y PERSONALES",GASTOS,INVERSION,ADQUISICION DE BIENES Y SERVICIOS,ADQUISICIONES DIFERENTES DE ACTIVOS,ADQUISICION DE SERVICIOS,"SERVICIOS PARA LA COMUNIDAD, SOCIALES Y PERSONALES",No Aplica,No Aplica,No Aplica,No Aplica,VIGENCIA ACTUAL,ENTIDADES TERRITORIALES - ADMINISTRACION CENTRAL,SERVICIO DE ASISTENCIA TECNICA PARA LA IMPLEMENTACION DE LOS METODOS DE SOLUCION DE CONFLICTOS,No Aplica,NO DEFINIDO,,,2022,Cuarto Trimestre,,,,OTROS SERVICIOS DE LA ADMINISTRACION PUBLICA N C P,SGP-PROPOSITO GENERAL-PROPOSITO GENERAL LIBRE INVERSION,,,,,,NO APLICA,,,,,,CON SITUACION DE FONDOS,DIRECCION NACIONAL DEL TESORO MINISTERIO DE HACIENDA Y CREDITO PUBLICO,NO APLICA,16000000.0,16000000.0,16000000.0
10539631,20220301,218552585,Pupiales,2.3.2.02.02.009,"SERVICIOS PARA LA COMUNIDAD, SOCIALES Y PERSONALES",GASTOS,INVERSION,ADQUISICION DE BIENES Y SERVICIOS,ADQUISICIONES DIFERENTES DE ACTIVOS,ADQUISICION DE SERVICIOS,"SERVICIOS PARA LA COMUNIDAD, SOCIALES Y PERSONALES",No Aplica,No Aplica,No Aplica,No Aplica,VIGENCIA ACTUAL,ENTIDADES TERRITORIALES - ADMINISTRACION CENTRAL,SERVICIO DE PREPARACION DEPORTIVA,2021525850035,NO DEFINIDO,,,2022,Primer Trimestre,,,,OTROS SERVICIOS ADMINISTRATIVOS DEL GOBIERNO N C P,SGP-PROPOSITO GENERAL-DEPORTE Y RECREACION,,,,,,NO APLICA,,,,,,CON SITUACION DE FONDOS,DIRECCION NACIONAL DEL TESORO MINISTERIO DE HACIENDA Y CREDITO PUBLICO,NO APLICA,8525000.0,1705000.0,1705000.0
10540553,20211201,218552585,Pupiales,2.3,INVERSION,GASTOS,INVERSION,No Aplica,No Aplica,No Aplica,No Aplica,No Aplica,No Aplica,No Aplica,No Aplica,VIGENCIA ACTUAL,ENTIDADES TERRITORIALES - ADMINISTRACION CENTRAL,NO DEFINIDO,No Aplica,NO DEFINIDO,,,2021,Cuarto Trimestre,,,,NO DEFINIDO,NO DEFINIDO,,,,,,NO DEFINIDO,,,,,,NO DEFINIDO,NO DEFINIDO,NO DEFINIDO,24746038265.0,23671972999.0,23321912276.0
10546325,20220901,218552585,Pupiales,2.3.1.01.02.007,APORTES AL SENA,GASTOS,INVERSION,GASTOS DE PERSONAL,PLANTA DE PERSONAL PERMANENTE,CONTRIBUCIONES INHERENTES A LA NOMINA,APORTES AL SENA,No Aplica,No Aplica,No Aplica,No Aplica,VIGENCIA ACTUAL,ENTIDADES TERRITORIALES - ADMINISTRACION CENTRAL,NO APLICA,No Aplica,NO DEFINIDO,,,2022,Tercer Trimestre,,,,NO APLICA,SGP-PROPOSITO GENERAL-PROPOSITO GENERAL LIBRE INVERSION,,,,,,NO APLICA,,,,,,CON SITUACION DE FONDOS,DIRECCION NACIONAL DEL TESORO MINISTERIO DE HACIENDA Y CREDITO PUBLICO,NO APLICA,763690.0,763690.0,763690.0
10549016,20230601,218552585,Pupiales,2.1,FUNCIONAMIENTO,GASTOS,FUNCIONAMIENTO,No Aplica,No Aplica,No Aplica,No Aplica,No Aplica,No Aplica,No Aplica,No Aplica,VIGENCIA ACTUAL,ENTIDADES TERRITORIALES - CONCEJO,NO DEFINIDO,No Aplica,NO DEFINIDO,,,2023,Segundo Trimestre,,,,NO DEFINIDO,NO DEFINIDO,,,,,,NO DEFINIDO,,,,,,NO DEFINIDO,NO DEFINIDO,NO DEFINIDO,108699655.0,108699655.0,108699655.0
10550801,20221201,218552585,Pupiales,2.3.3.01,SUBVENCIONES,GASTOS,INVERSION,TRANSFERENCIAS CORRIENTES,SUBVENCIONES,No Aplica,No Aplica,No Aplica,No Aplica,No Aplica,No Aplica,VIGENCIA ACTUAL,ENTIDADES TERRITORIALES - ADMINISTRACION CENTRAL,NO DEFINIDO,No Aplica,NO DEFINIDO,,,2022,Cuarto Trimestre,,,,NO DEFINIDO,NO DEFINIDO,,,,,,NO DEFINIDO,,,,,,NO DEFINIDO,NO DEFINIDO,NO DEFINIDO,478458712.0,478458712.0,475265932.0
10553027,20230601,218552585,Pupiales,2.3.1.01.02.004,APORTES A CAJAS DE COMPENSACION FAMILIAR,GASTOS,INVERSION,GASTOS DE PERSONAL,PLANTA DE PERSONAL PERMANENTE,CONTRIBUCIONES INHERENTES A LA NOMINA,APORTES A CAJAS DE COMPENSACION FAMILIAR,No Aplica,No Aplica,No Aplica,No Aplica,VIGENCIA ACTUAL,ENTIDADES TERRITORIALES - ADMINISTRACION CENTRAL,SERVICIO DE JUSTICIA A LOS CIUDADANOS,No Aplica,NO DEFINIDO,,,2023,Segundo Trimestre,,,,NO APLICA,SGP-PROPOSITO GENERAL-PROPOSITO GENERAL LIBRE INVERSION,,,,,,NO APLICA,,,,,,CON SITUACION DE FONDOS,NO APLICA,NO APLICA,2108599.0,2108599.0,2108599.0
10555990,20221201,218552585,Pupiales,2.3.2.02.02.009,"SERVICIOS PARA LA COMUNIDAD, SOCIALES Y PERSONALES",GASTOS,INVERSION,ADQUISICION DE BIENES Y SERVICIOS,ADQUISICIONES DIFERENTES DE ACTIVOS,ADQUISICION DE SERVICIOS,"SERVICIOS PARA LA COMUNIDAD, SOCIALES Y PERSONALES",No Aplica,No Aplica,No Aplica,No Aplica,VIGENCIA ACTUAL,ENTIDADES TERRITORIALES - ADMINISTRACION CENTRAL,CENTROS DE PROTECCION SOCIAL DE DIA PARA EL ADULTO MAYOR AMPLIADOS,No Aplica,NO DEFINIDO,,,2022,Cuarto Trimestre,,,,OTROS SERVICIOS DE LA ADMINISTRACION PUBLICA N C P,R.B. ESTAMPILLAS,,,,,,NO APLICA,,,,,,CON SITUACION DE FONDOS,NO APLICA,NO APLICA,227640631.0,227640631.0,227640631.0
10556858,20210901,218552585,Pupiales,2.3.2.01.01.005,OTROS ACTIVOS FIJOS,GASTOS,INVERSION,ADQUISICION DE BIENES Y SERVICIOS,ADQUISICION DE ACTIVOS NO FINANCIEROS,ACTIVOS FIJOS,OTROS ACTIVOS FIJOS,No Aplica,No Aplica,No Aplica,No Aplica,VIGENCIA ACTUAL,ENTIDADES TERRITORIALES - ADMINISTRACION CENTRAL,NO DEFINIDO,No Aplica,NO DEFINIDO,,,2021,Tercer Trimestre,,,,NO DEFINIDO,NO DEFINIDO,,,,,,NO DEFINIDO,,,,,,NO DEFINIDO,NO DEFINIDO,NO DEFINIDO,25399736.0,12699868.0,12699868.0
10559425,20230301,218552585,Pupiales,2,GASTOS,GASTOS,No Aplica,No Aplica,No Aplica,No Aplica,No Aplica,No Aplica,No Aplica,No Aplica,No Aplica,VIGENCIA ACTUAL,ENTIDADES TERRITORIALES - CONCEJO,NO DEFINIDO,No Aplica,NO DEFINIDO,,,2023,Primer Trimestre,,,,NO DEFINIDO,NO DEFINIDO,,,,,,NO DEFINIDO,,,,,,NO DEFINIDO,NO DEFINIDO,NO DEFINIDO,39378564.0,39378564.0,36368814.0
10562451,20220901,218552585,Pupiales,2.3.1.01.02.001,APORTES A LA SEGURIDAD SOCIAL EN PENSIONES,GASTOS,INVERSION,GASTOS DE PERSONAL,PLANTA DE PERSONAL PERMANENTE,CONTRIBUCIONES INHERENTES A LA NOMINA,APORTES A LA SEGURIDAD SOCIAL EN PENSIONES,No Aplica,No Aplica,No Aplica,No Aplica,VIGENCIA ACTUAL,ENTIDADES TERRITORIALES - ADMINISTRACION CENTRAL,NO APLICA,No Aplica,NO DEFINIDO,,,2022,Tercer Trimestre,,,,NO APLICA,SGP-PROPOSITO GENERAL-PROPOSITO GENERAL LIBRE INVERSION,,,,,,NO APLICA,,,,,,CON SITUACION DE FONDOS,DIRECCION NACIONAL DEL TESORO MINISTERIO DE HACIENDA Y CREDITO PUBLICO,NO APLICA,11860010.0,11860010.0,11860010.0
10562609,20211201,218552585,Pupiales,2.1.1.01.01.001.08,PRESTACIONES SOCIALES,GASTOS,FUNCIONAMIENTO,GASTOS DE PERSONAL,PLANTA DE PERSONAL PERMANENTE,FACTORES CONSTITUTIVOS DE SALARIO,FACTORES SALARIALES COMUNES,PRESTACIONES SOCIALES,No Aplica,No Aplica,No Aplica,VIGENCIA ACTUAL,ENTIDADES TERRITORIALES - ADMINISTRACION CENTRAL,NO DEFINIDO,No Aplica,NO DEFINIDO,,,2021,Cuarto Trimestre,,,,NO DEFINIDO,NO DEFINIDO,,,,,,NO DEFINIDO,,,,,,NO DEFINIDO,NO DEFINIDO,NO DEFINIDO,74792382.0,74792382.0,74792382.0
10563254,20230601,218552585,Pupiales,2.1.1.01.03.001.02,INDEMNIZACION POR VACACIONES,GASTOS,FUNCIONAMIENTO,GASTOS DE PERSONAL,PLANTA DE PERSONAL PERMANENTE,REMUNERACIONES NO CONSTITUTIVAS DE FACTOR SALARIAL,PRESTACIONES SOCIALES,INDEMNIZACION POR VACACIONES,No Aplica,No Aplica,No Aplica,VIGENCIA ACTUAL,ENTIDADES TERRITORIALES - ADMINISTRACION CENTRAL,NO APLICA,No Aplica,NO DEFINIDO,,,2023,Segundo Trimestre,,,,NO APLICA,"SGP-PROPOSITO GENERAL-LIBRE DESTINACION MUNICIPIOS CATEGORIAS 4, 5 Y 6",,,,,,NO APLICA,,,,,,CON SITUACION DE FONDOS,NO APLICA,NO APLICA,7079563.0,7079563.0,7079563.0
10569958,20230301,218552585,Pupiales,2.1.1.01,PLANTA DE PERSONAL PERMANENTE,GASTOS,FUNCIONAMIENTO,GASTOS DE PERSONAL,PLANTA DE PERSONAL PERMANENTE,No Aplica,No Aplica,No Aplica,No Aplica,No Aplica,No Aplica,VIGENCIA ACTUAL,ENTIDADES TERRITORIALES - ADMINISTRACION CENTRAL,NO DEFINIDO,No Aplica,NO DEFINIDO,,,2023,Primer Trimestre,,,,NO DEFINIDO,NO DEFINIDO,,,,,,NO DEFINIDO,,,,,,NO DEFINIDO,NO DEFINIDO,NO DEFINIDO,185485122.0,181794912.0,145886526.0
10570024,20220301,218552585,Pupiales,2.3.2.02.02.009,"SERVICIOS PARA LA COMUNIDAD, SOCIALES Y PERSONALES",GASTOS,INVERSION,ADQUISICION DE BIENES Y SERVICIOS,ADQUISICIONES DIFERENTES DE ACTIVOS,ADQUISICION DE SERVICIOS,"SERVICIOS PARA LA COMUNIDAD, SOCIALES Y PERSONALES",No Aplica,No Aplica,No Aplica,No Aplica,VIGENCIA ACTUAL,ENTIDADES TERRITORIALES - ADMINISTRACION CENTRAL,SERVICIO DE INFORMACION PARA ORIENTAR AL CIUDADANO EN EL ACCESO A LA JUSTICIA,No Aplica,NO DEFINIDO,,,2022,Primer Trimestre,,,,OTROS SERVICIOS ADMINISTRATIVOS DEL GOBIERNO N C P,SGP-PROPOSITO GENERAL-PROPOSITO GENERAL LIBRE INVERSION,,,,,,NO APLICA,,,,,,CON SITUACION DE FONDOS,DIRECCION NACIONAL DEL TESORO MINISTERIO DE HACIENDA Y CREDITO PUBLICO,NO APLICA,36540000.0,10180000.0,10180000.0
10570990,20220601,218552585,Pupiales,2.3.2.01.01.003,MAQUINARIA Y EQUIPO,GASTOS,INVERSION,ADQUISICION DE BIENES Y SERVICIOS,ADQUISICION DE ACTIVOS NO FINANCIEROS,ACTIVOS FIJOS,MAQUINARIA Y EQUIPO,No Aplica,No Aplica,No Aplica,No Aplica,VIGENCIA ACTUAL,ENTIDADES TERRITORIALES - ADMINISTRACION CENTRAL,NO DEFINIDO,No Aplica,NO DEFINIDO,,,2022,Segundo Trimestre,,,,NO DEFINIDO,NO DEFINIDO,,,,,,NO DEFINIDO,,,,,,NO DEFINIDO,NO DEFINIDO,NO DEFINIDO,28000000.0,14000000.0,14000000.0
10571966,20230601,218552585,Pupiales,2.3.2.01.01.001,EDIFICACIONES Y ESTRUCTURAS,GASTOS,INVERSION,ADQUISICION DE BIENES Y SERVICIOS,ADQUISICION DE ACTIVOS NO FINANCIEROS,ACTIVOS FIJOS,EDIFICACIONES Y ESTRUCTURAS,No Aplica,No Aplica,No Aplica,No Aplica,CUENTAS POR PAGAR,ENTIDADES TERRITORIALES - ADMINISTRACION CENTRAL,NO DEFINIDO,No Aplica,NO DEFINIDO,,,2023,Segundo Trimestre,,,,NO DEFINIDO,NO DEFINIDO,,,,,,NO DEFINIDO,,,,,,NO DEFINIDO,NO DEFINIDO,NO DEFINIDO,18115710.0,18115710.0,13615710.0
10572908,20230601,218552585,Pupiales,2.3.2.02.02.009,"SERVICIOS PARA LA COMUNIDAD, SOCIALES Y PERSONALES",GASTOS,INVERSION,ADQUISICION DE BIENES Y SERVICIOS,ADQUISICIONES DIFERENTES DE ACTIVOS,ADQUISICION DE SERVICIOS,"SERVICIOS PARA LA COMUNIDAD, SOCIALES Y PERSONALES",No Aplica,No Aplica,No Aplica,No Aplica,CUENTAS POR PAGAR,ENTIDADES TERRITORIALES - ADMINISTRACION CENTRAL,NO APLICA,No Aplica,NO DEFINIDO,,,2023,Segundo Trimestre,,,,SERVICIOS DE LOS ORGANOS DE CONTROL Y OTRAS INSTITUCIONES,CONTRIBUCIONES SOCIALES - SALUD,,,,,,NO APLICA,,,,,,CON SITUACION DE FONDOS,NO APLICA,NO APLICA,13328000.0,13328000.0,13328000.0
10574270,20220901,218552585,Pupiales,2.1.1.01.02.001,APORTES A LA SEGURIDAD SOCIAL EN PENSIONES,GASTOS,FUNCIONAMIENTO,GASTOS DE PERSONAL,PLANTA DE PERSONAL PERMANENTE,CONTRIBUCIONES INHERENTES A LA NOMINA,APORTES A LA SEGURIDAD SOCIAL EN PENSIONES,No Aplica,No Aplica,No Aplica,No Aplica,VIGENCIA ACTUAL,ENTIDADES TERRITORIALES - ADMINISTRACION CENTRAL,NO APLICA,No Aplica,NO DEFINIDO,,,2022,Tercer Trimestre,,,,NO APLICA,INGRESOS CORRIENTES DE LIBRE DESTINACION,,,,,,NO APLICA,,,,,,CON SITUACION DE FONDOS,NO APLICA,NO APLICA,59371592.0,59371592.0,59371592.0
10575406,20221201,218552585,Pupiales,2.3.2.02.02.009,"SERVICIOS PARA LA COMUNIDAD, SOCIALES Y PERSONALES",GASTOS,INVERSION,ADQUISICION DE BIENES Y SERVICIOS,ADQUISICIONES DIFERENTES DE ACTIVOS,ADQUISICION DE SERVICIOS,"SERVICIOS PARA LA COMUNIDAD, SOCIALES Y PERSONALES",No Aplica,No Aplica,No Aplica,No Aplica,VIGENCIA ACTUAL,ENTIDADES TERRITORIALES - ADMINISTRACION CENTRAL,SERVICIO DE ORGANIZACION DE EVENTOS DEPORTIVOS COMUNITARIOS,No Aplica,NO DEFINIDO,,,2022,Cuarto Trimestre,,,,OTROS SERVICIOS DE LA ADMINISTRACION PUBLICA N C P,SGP-PROPOSITO GENERAL-DEPORTE Y RECREACION,,,,,,NO APLICA,,,,,,CON SITUACION DE FONDOS,DIRECCION NACIONAL DEL TESORO MINISTERIO DE HACIENDA Y CREDITO PUBLICO,NO APLICA,42400000.0,42400000.0,42400000.0
10575551,20220901,218552585,Pupiales,2.3.3.05.09.053,"FONDOS DE SERVICIOS EDUCATIVOS DE LAS INSTITUCIONES DE PREESCOLAR, BASICA Y MEDIA",GASTOS,INVERSION,TRANSFERENCIAS CORRIENTES,A ENTIDADES DEL GOBIERNO,A OTRAS ENTIDADES DEL GOBIERNO GENERAL,"FONDOS DE SERVICIOS EDUCATIVOS DE LAS INSTITUCIONES DE PREESCOLAR, BASICA Y MEDIA",No Aplica,No Aplica,No Aplica,No Aplica,VIGENCIA ACTUAL,ENTIDADES TERRITORIALES - ADMINISTRACION CENTRAL,"SERVICIO DE FOMENTO PARA EL ACCESO A LA EDUCACION INICIAL, PREESCOLAR, BASICA Y MEDIA.",No Aplica,NO DEFINIDO,,,2022,Tercer Trimestre,,,,NO APLICA,SGP-EDUCACION-CALIDAD  POR GRATUIDAD,,,,,,NO APLICA,,,,,,SIN SITUACION DE FONDOS,DIRECCION NACIONAL DEL TESORO MINISTERIO DE HACIENDA Y CREDITO PUBLICO,NO APLICA,189241994.0,189241994.0,189241994.0
10576263,20221201,218552585,Pupiales,2.2.2.01,PRINCIPAL,GASTOS,SERVICIO DE LA DEUDA PUBLICA,SERVICIO DE LA DEUDA PUBLICA INTERNA,PRINCIPAL,No Aplica,No Aplica,No Aplica,No Aplica,No Aplica,No Aplica,VIGENCIA ACTUAL,ENTIDADES TERRITORIALES - ADMINISTRACION CENTRAL,NO DEFINIDO,No Aplica,NO DEFINIDO,,,2022,Cuarto Trimestre,,,,NO DEFINIDO,NO DEFINIDO,,,,,,NO DEFINIDO,,,,,,NO DEFINIDO,NO DEFINIDO,NO DEFINIDO,407585113.0,407585113.0,407585113.0
10577743,20211201,218552585,Pupiales,2.1.3.05.04.001.13.01,TRANSFERENCIA DE LA SOBRETASA AMBIENTAL A LAS CORPORACIONES AUTONOMAS REGIONALES,GASTOS,FUNCIONAMIENTO,TRANSFERENCIAS CORRIENTES,A ENTIDADES DEL GOBIERNO,PARTICIPACIONES DISTINTAS DEL SGP,PARTICIPACIONES DE IMPUESTOS,PARTICIPACION DE LA SOBRETASA AMBIENTAL,TRANSFERENCIA DE LA SOBRETASA AMBIENTAL A LAS CORPORACIONES AUTONOMAS REGIONALES,No Aplica,No Aplica,VIGENCIA ACTUAL,ENTIDADES TERRITORIALES - ADMINISTRACION CENTRAL,NO APLICA,No Aplica,NO DEFINIDO,,,2021,Cuarto Trimestre,,,,NO APLICA,SOBRETASA - PARTICIPACION AMBIENTAL - CORPORACIONES AUTONOMAS REGIONALES,,,,,,NO APLICA,,,,,,CON SITUACION DE FONDOS,NO APLICA,NO DEFINIDO,79873145.0,79873145.0,67859239.0
10580223,20211201,218552585,Pupiales,2.1.3.14.05,APORTES VOLUNTARIOS,GASTOS,FUNCIONAMIENTO,TRANSFERENCIAS CORRIENTES,APORTES AL FONPET,APORTES VOLUNTARIOS,No Aplica,No Aplica,No Aplica,No Aplica,No Aplica,VIGENCIA ACTUAL,ENTIDADES TERRITORIALES - ADMINISTRACION CENTRAL,NO APLICA,No Aplica,NO DEFINIDO,,,2021,Cuarto Trimestre,,,,NO APLICA,SGP-PROPOSITO GENERAL-PROPOSITO GENERAL LIBRE INVERSION,,,,,,NO APLICA,,,,,,SIN SITUACION DE FONDOS,NO APLICA,NO DEFINIDO,90470064.0,90470064.0,90470064.0
10582720,20210901,218552585,Pupiales,2.3.1.01.02.006,APORTES AL ICBF,GASTOS,INVERSION,GASTOS DE PERSONAL,PLANTA DE PERSONAL PERMANENTE,CONTRIBUCIONES INHERENTES A LA NOMINA,APORTES AL ICBF,No Aplica,No Aplica,No Aplica,No Aplica,VIGENCIA ACTUAL,ENTIDADES TERRITORIALES - ADMINISTRACION CENTRAL,NO APLICA,No Aplica,NO DEFINIDO,,,2021,Tercer Trimestre,,,,NO APLICA,1.2.4.3.03 - SGP-PROPOSITO GENERAL-PROPOSITO GENERAL LIBRE INVERSION,,,,,,NO APLICA,,,,,,CON SITUACION DE FONDOS,DIRECCION NACIONAL DEL TESORO MINISTERIO DE HACIENDA Y CREDITO PUBLICO,NO DEFINIDO,4210447.0,4210447.0,4210447.0
10583413,20220601,218552585,Pupiales,2,GASTOS,GASTOS,No Aplica,No Aplica,No Aplica,No Aplica,No Aplica,No Aplica,No Aplica,No Aplica,No Aplica,VIGENCIA ACTUAL,ENTIDADES TERRITORIALES - ADMINISTRACION CENTRAL,NO DEFINIDO,No Aplica,NO DEFINIDO,,,2022,Segundo Trimestre,,,,NO DEFINIDO,NO DEFINIDO,,,,,,NO DEFINIDO,,,,,,NO DEFINIDO,NO DEFINIDO,NO DEFINIDO,14800902927.0,12391916937.0,12391856279.0
10584060,20210301,218552585,Pupiales,2.1.1,GASTOS DE PERSONAL,GASTOS,FUNCIONAMIENTO,GASTOS DE PERSONAL,No Aplica,No Aplica,No Aplica,No Aplica,No Aplica,No Aplica,No Aplica,VIGENCIA ACTUAL,ENTIDADES TERRITORIALES - CONCEJO,NO DEFINIDO,No Aplica,NO DEFINIDO,,,2021,Primer Trimestre,,,,NO DEFINIDO,NO DEFINIDO,,,,,,NO DEFINIDO,,,,,,NO DEFINIDO,NO DEFINIDO,NO DEFINIDO,62839881.0,62839881.0,62839881.0
10585069,20230601,218552585,Pupiales,2,GASTOS,GASTOS,No Aplica,No Aplica,No Aplica,No Aplica,No Aplica,No Aplica,No Aplica,No Aplica,No Aplica,CUENTAS POR PAGAR,ENTIDADES TERRITORIALES - ADMINISTRACION CENTRAL,NO DEFINIDO,No Aplica,NO DEFINIDO,,,2023,Segundo Trimestre,,,,NO DEFINIDO,NO DEFINIDO,,,,,,NO DEFINIDO,,,,,,NO DEFINIDO,NO DEFINIDO,NO DEFINIDO,141226311.0,141226311.0,123518823.0
10588214,20210901,218552585,Pupiales,2.3.1.01.01.001.06,PRIMA DE SERVICIO,GASTOS,INVERSION,GASTOS DE PERSONAL,PLANTA DE PERSONAL PERMANENTE,FACTORES CONSTITUTIVOS DE SALARIO,FACTORES SALARIALES COMUNES,PRIMA DE SERVICIO,No Aplica,No Aplica,No Aplica,VIGENCIA ACTUAL,ENTIDADES TERRITORIALES - ADMINISTRACION CENTRAL,NO APLICA,No Aplica,NO DEFINIDO,,,2021,Tercer Trimestre,,,,NO APLICA,1.2.4.3.03 - SGP-PROPOSITO GENERAL-PROPOSITO GENERAL LIBRE INVERSION,,,,,,NO APLICA,,,,,,CON SITUACION DE FONDOS,DIRECCION NACIONAL DEL TESORO MINISTERIO DE HACIENDA Y CREDITO PUBLICO,NO DEFINIDO,7735615.0,7735615.0,7735615.0
10588567,20230601,218552585,Pupiales,2.1.1.01.02,CONTRIBUCIONES INHERENTES A LA NOMINA,GASTOS,FUNCIONAMIENTO,GASTOS DE PERSONAL,PLANTA DE PERSONAL PERMANENTE,CONTRIBUCIONES INHERENTES A LA NOMINA,No Aplica,No Aplica,No Aplica,No Aplica,No Aplica,CUENTAS POR PAGAR,ENTIDADES TERRITORIALES - ADMINISTRACION CENTRAL,NO DEFINIDO,No Aplica,NO DEFINIDO,,,2023,Segundo Trimestre,,,,NO DEFINIDO,NO DEFINIDO,,,,,,NO DEFINIDO,,,,,,NO DEFINIDO,NO DEFINIDO,NO DEFINIDO,41557468.0,41557468.0,41557468.0
10588599,20210901,218552585,Pupiales,2.1.2.01.01.003.03,"MAQUINARIA DE OFICINA, CONTABILIDAD E INFORMATICA",GASTOS,FUNCIONAMIENTO,ADQUISICION DE BIENES Y SERVICIOS,ADQUISICION DE ACTIVOS NO FINANCIEROS,ACTIVOS FIJOS,MAQUINARIA Y EQUIPO,"MAQUINARIA DE OFICINA, CONTABILIDAD E INFORMATICA",No Aplica,No Aplica,No Aplica,VIGENCIA ACTUAL,ENTIDADES TERRITORIALES - ADMINISTRACION CENTRAL,NO DEFINIDO,No Aplica,NO DEFINIDO,,,2021,Tercer Trimestre,,,,NO DEFINIDO,NO DEFINIDO,,,,,,NO DEFINIDO,,,,,,NO DEFINIDO,NO DEFINIDO,NO DEFINIDO,23200000.0,23200000.0,23200000.0
10592671,20220901,218552585,Pupiales,2.3.2.02.02.009,"SERVICIOS PARA LA COMUNIDAD, SOCIALES Y PERSONALES",GASTOS,INVERSION,ADQUISICION DE BIENES Y SERVICIOS,ADQUISICIONES DIFERENTES DE ACTIVOS,ADQUISICION DE SERVICIOS,"SERVICIOS PARA LA COMUNIDAD, SOCIALES Y PERSONALES",No Aplica,No Aplica,No Aplica,No Aplica,VIGENCIA ACTUAL,ENTIDADES TERRITORIALES - ADMINISTRACION CENTRAL,SERVICIOS TECNOLOGICOS4599007,No Aplica,NO DEFINIDO,,,2022,Tercer Trimestre,,,,OTROS SERVICIOS DE LA ADMINISTRACION PUBLICA N C P,SGP-PROPOSITO GENERAL-PROPOSITO GENERAL LIBRE INVERSION,,,,,,NO APLICA,,,,,,CON SITUACION DE FONDOS,NO APLICA,NO APLICA,20992000.0,20992000.0,20992000.0
10592721,20220301,218552585,Pupiales,2.1.1.01.01.001,FACTORES SALARIALES COMUNES,GASTOS,FUNCIONAMIENTO,GASTOS DE PERSONAL,PLANTA DE PERSONAL PERMANENTE,FACTORES CONSTITUTIVOS DE SALARIO,FACTORES SALARIALES COMUNES,No Aplica,No Aplica,No Aplica,No Aplica,VIGENCIA ACTUAL,ENTIDADES TERRITORIALES - PERSONERIA,NO DEFINIDO,No Aplica,NO DEFINIDO,,,2022,Primer Trimestre,,,,NO DEFINIDO,NO DEFINIDO,,,,,,NO DEFINIDO,,,,,,NO DEFINIDO,NO DEFINIDO,NO DEFINIDO,32337805.0,32337805.0,32337805.0
10598373,20220901,218552585,Pupiales,2.1.1.01.03.001,PRESTACIONES SOCIALES,GASTOS,FUNCIONAMIENTO,GASTOS DE PERSONAL,PLANTA DE PERSONAL PERMANENTE,REMUNERACIONES NO CONSTITUTIVAS DE FACTOR SALARIAL,PRESTACIONES SOCIALES,No Aplica,No Aplica,No Aplica,No Aplica,VIGENCIA ACTUAL,ENTIDADES TERRITORIALES - ADMINISTRACION CENTRAL,NO DEFINIDO,No Aplica,NO DEFINIDO,,,2022,Tercer Trimestre,,,,NO DEFINIDO,NO DEFINIDO,,,,,,NO DEFINIDO,,,,,,NO DEFINIDO,NO DEFINIDO,NO DEFINIDO,36726889.0,36726889.0,36726889.0
10599193,20211201,218552585,Pupiales,2.3.2.02.02.009,"SERVICIOS PARA LA COMUNIDAD, SOCIALES Y PERSONALES",GASTOS,INVERSION,ADQUISICION DE BIENES Y SERVICIOS,ADQUISICIONES DIFERENTES DE ACTIVOS,ADQUISICION DE SERVICIOS,"SERVICIOS PARA LA COMUNIDAD, SOCIALES Y PERSONALES",No Aplica,No Aplica,No Aplica,No Aplica,VIGENCIA ACTUAL,ENTIDADES TERRITORIALES - ADMINISTRACION CENTRAL,SERVICIO DE ASISTENCIA TECNICA4503003,2021525850002,NO DEFINIDO,,,2021,Cuarto Trimestre,,,,OTROS SERVICIOS DIVERSOS N C P,SGP-PROPOSITO GENERAL-PROPOSITO GENERAL LIBRE INVERSION,,,,,,NO APLICA,,,,,,CON SITUACION DE FONDOS,DIRECCION NACIONAL DEL TESORO MINISTERIO DE HACIENDA Y CREDITO PUBLICO,NO DEFINIDO,37850000.0,37850000.0,37850000.0
10599631,20220601,218552585,Pupiales,2.1.2,ADQUISICION DE BIENES Y SERVICIOS,GASTOS,FUNCIONAMIENTO,ADQUISICION DE BIENES Y SERVICIOS,No Aplica,No Aplica,No Aplica,No Aplica,No Aplica,No Aplica,No Aplica,VIGENCIA ACTUAL,ENTIDADES TERRITORIALES - ADMINISTRACION CENTRAL,NO DEFINIDO,No Aplica,NO DEFINIDO,,,2022,Segundo Trimestre,,,,NO DEFINIDO,NO DEFINIDO,,,,,,NO DEFINIDO,,,,,,NO DEFINIDO,NO DEFINIDO,NO DEFINIDO,590577296.0,420848396.0,420787738.0
10602233,20230601,218552585,Pupiales,2.3.2.02.02,ADQUISICION DE SERVICIOS,GASTOS,INVERSION,ADQUISICION DE BIENES Y SERVICIOS,ADQUISICIONES DIFERENTES DE ACTIVOS,ADQUISICION DE SERVICIOS,No Aplica,No Aplica,No Aplica,No Aplica,No Aplica,VIGENCIA ACTUAL,ENTIDADES TERRITORIALES - ADMINISTRACION CENTRAL,NO DEFINIDO,No Aplica,NO DEFINIDO,,,2023,Segundo Trimestre,,,,NO DEFINIDO,NO DEFINIDO,,,,,,NO DEFINIDO,,,,,,NO DEFINIDO,NO DEFINIDO,NO DEFINIDO,14306736675.0,12842237757.0,12842237757.0
10605108,20221201,218552585,Pupiales,2.3.3.09.16,SOBRETASA BOMBERIL - CUERPOS DE BOMBEROS VOLUNTARIOS,GASTOS,INVERSION,TRANSFERENCIAS CORRIENTES,A INSTITUCIONES SIN ANIMO DE LUCRO QUE SIRVEN A LOS HOGARES,SOBRETASA BOMBERIL - CUERPOS DE BOMBEROS VOLUNTARIOS,No Aplica,No Aplica,No Aplica,No Aplica,No Aplica,VIGENCIA ACTUAL,ENTIDADES TERRITORIALES - ADMINISTRACION CENTRAL,SERVICIO DE ATENCION A EMERGENCIAS Y DESASTRES,No Aplica,NO DEFINIDO,,,2022,Cuarto Trimestre,,,,NO APLICA,OTRAS TASAS Y DERECHOS ADMINISTRATIVOS CON DESTINACION ESPECIFICA LEGAL,,,,,,NO APLICA,,,,,,CON SITUACION DE FONDOS,NO APLICA,NO APLICA,17000000.0,17000000.0,13102796.0
10607441,20230301,218552585,Pupiales,2.2.2.01.02,PRESTAMOS,GASTOS,SERVICIO DE LA DEUDA PUBLICA,SERVICIO DE LA DEUDA PUBLICA INTERNA,PRINCIPAL,PRESTAMOS,No Aplica,No Aplica,No Aplica,No Aplica,No Aplica,VIGENCIA ACTUAL,ENTIDADES TERRITORIALES - ADMINISTRACION CENTRAL,NO DEFINIDO,No Aplica,NO DEFINIDO,,,2023,Primer Trimestre,,,,NO DEFINIDO,NO DEFINIDO,,,,,,NO DEFINIDO,,,,,,NO DEFINIDO,NO DEFINIDO,NO DEFINIDO,167657631.0,167657631.0,167657631.0
10607706,20210301,218552585,Pupiales,2.1.1.01.03,REMUNERACIONES NO CONSTITUTIVAS DE FACTOR SALARIAL,GASTOS,FUNCIONAMIENTO,GASTOS DE PERSONAL,PLANTA DE PERSONAL PERMANENTE,REMUNERACIONES NO CONSTITUTIVAS DE FACTOR SALARIAL,No Aplica,No Aplica,No Aplica,No Aplica,No Aplica,VIGENCIA ACTUAL,ENTIDADES TERRITORIALES - CONCEJO,NO DEFINIDO,No Aplica,NO DEFINIDO,,,2021,Primer Trimestre,,,,NO DEFINIDO,NO DEFINIDO,,,,,,NO DEFINIDO,,,,,,NO DEFINIDO,NO DEFINIDO,NO DEFINIDO,42411682.0,42411682.0,42411682.0
10608398,20210301,218552585,Pupiales,2.3.2.01.01.001.03,OTRAS ESTRUCTURAS,GASTOS,INVERSION,ADQUISICION DE BIENES Y SERVICIOS,ADQUISICION DE ACTIVOS NO FINANCIEROS,ACTIVOS FIJOS,EDIFICACIONES Y ESTRUCTURAS,OTRAS ESTRUCTURAS,No Aplica,No Aplica,No Aplica,VIGENCIA ACTUAL,ENTIDADES TERRITORIALES - ADMINISTRACION CENTRAL,NO DEFINIDO,No Aplica,NO DEFINIDO,,,2021,Primer Trimestre,,,,NO DEFINIDO,NO DEFINIDO,,,,,,NO DEFINIDO,,,,,,NO DEFINIDO,NO DEFINIDO,NO DEFINIDO,49000000.0,0.0,0.0
10609110,20210301,218552585,Pupiales,2.3.1.01.02.005,APORTES GENERALES AL SISTEMA DE RIESGOS LABORALES,GASTOS,INVERSION,GASTOS DE PERSONAL,PLANTA DE PERSONAL PERMANENTE,CONTRIBUCIONES INHERENTES A LA NOMINA,APORTES GENERALES AL SISTEMA DE RIESGOS LABORALES,No Aplica,No Aplica,No Aplica,No Aplica,VIGENCIA ACTUAL,ENTIDADES TERRITORIALES - ADMINISTRACION CENTRAL,NO APLICA,No Aplica,NO DEFINIDO,,,2021,Primer Trimestre,,,,NO APLICA,1.2.4.3.03 - SGP-PROPOSITO GENERAL-PROPOSITO GENERAL LIBRE INVERSION,,,,,,NO APLICA,,,,,,CON SITUACION DE FONDOS,DIRECCION NACIONAL DEL TESORO MINISTERIO DE HACIENDA Y CREDITO PUBLICO,NO DEFINIDO,358182.0,358182.0,358182.0
10609488,20220601,218552585,Pupiales,2.2.2.02.02,PRESTAMOS,GASTOS,SERVICIO DE LA DEUDA PUBLICA,SERVICIO DE LA DEUDA PUBLICA INTERNA,INTERESES,PRESTAMOS,No Aplica,No Aplica,No Aplica,No Aplica,No Aplica,VIGENCIA ACTUAL,ENTIDADES TERRITORIALES - ADMINISTRACION CENTRAL,NO DEFINIDO,No Aplica,NO DEFINIDO,,,2022,Segundo Trimestre,,,,NO DEFINIDO,NO DEFINIDO,,,,,,NO DEFINIDO,,,,,,NO DEFINIDO,NO DEFINIDO,NO DEFINIDO,44348102.0,44348102.0,44348102.0
10611004,20220901,218552585,Pupiales,2.1.3.05,A ENTIDADES DEL GOBIERNO,GASTOS,FUNCIONAMIENTO,TRANSFERENCIAS CORRIENTES,A ENTIDADES DEL GOBIERNO,No Aplica,No Aplica,No Aplica,No Aplica,No Aplica,No Aplica,VIGENCIA ACTUAL,ENTIDADES TERRITORIALES - ADMINISTRACION CENTRAL,NO DEFINIDO,No Aplica,NO DEFINIDO,,,2022,Tercer Trimestre,,,,NO DEFINIDO,NO DEFINIDO,,,,,,NO DEFINIDO,,,,,,NO DEFINIDO,NO DEFINIDO,NO DEFINIDO,45000000.0,45000000.0,45000000.0
10611868,20220301,218552585,Pupiales,2.3.1.01.02.009,APORTES A ESCUELAS INDUSTRIALES E INSTITUTOS TECNICOS,GASTOS,INVERSION,GASTOS DE PERSONAL,PLANTA DE PERSONAL PERMANENTE,CONTRIBUCIONES INHERENTES A LA NOMINA,APORTES A ESCUELAS INDUSTRIALES E INSTITUTOS TECNICOS,No Aplica,No Aplica,No Aplica,No Aplica,VIGENCIA ACTUAL,ENTIDADES TERRITORIALES - ADMINISTRACION CENTRAL,NO APLICA,No Aplica,NO DEFINIDO,,,2022,Primer Trimestre,,,,NO APLICA,SGP-PROPOSITO GENERAL-PROPOSITO GENERAL LIBRE INVERSION,,,,,,NO APLICA,,,,,,CON SITUACION DE FONDOS,DIRECCION NACIONAL DEL TESORO MINISTERIO DE HACIENDA Y CREDITO PUBLICO,NO APLICA,332182.0,332182.0,332182.0
10613388,20230601,218552585,Pupiales,2.3.2.02.02.009,"SERVICIOS PARA LA COMUNIDAD, SOCIALES Y PERSONALES",GASTOS,INVERSION,ADQUISICION DE BIENES Y SERVICIOS,ADQUISICIONES DIFERENTES DE ACTIVOS,ADQUISICION DE SERVICIOS,"SERVICIOS PARA LA COMUNIDAD, SOCIALES Y PERSONALES",No Aplica,No Aplica,No Aplica,No Aplica,VIGENCIA ACTUAL,ENTIDADES TERRITORIALES - ADMINISTRACION CENTRAL,SERVICIOS TECNOLOGICOS4599007,No Aplica,NO DEFINIDO,,,2023,Segundo Trimestre,,,,SERVICIOS DE LOS ORGANOS DE CONTROL Y OTRAS INSTITUCIONES,SGP-PROPOSITO GENERAL-PROPOSITO GENERAL LIBRE INVERSION,,,,,,NO APLICA,,,,,,CON SITUACION DE FONDOS,NO APLICA,NO APLICA,2000000.0,2000000.0,2000000.0
10616079,20210601,218552585,Pupiales,2.1.1.01.02,CONTRIBUCIONES INHERENTES A LA NOMINA,GASTOS,FUNCIONAMIENTO,GASTOS DE PERSONAL,PLANTA DE PERSONAL PERMANENTE,CONTRIBUCIONES INHERENTES A LA NOMINA,No Aplica,No Aplica,No Aplica,No Aplica,No Aplica,VIGENCIA ACTUAL,ENTIDADES TERRITORIALES - ADMINISTRACION CENTRAL,NO DEFINIDO,No Aplica,NO DEFINIDO,,,2021,Segundo Trimestre,,,,NO DEFINIDO,NO DEFINIDO,,,,,,NO DEFINIDO,,,,,,NO DEFINIDO,NO DEFINIDO,NO DEFINIDO,102637641.0,102637641.0,102637641.0
10616311,20210901,218552585,Pupiales,2.1.1.01.01.001,FACTORES SALARIALES COMUNES,GASTOS,FUNCIONAMIENTO,GASTOS DE PERSONAL,PLANTA DE PERSONAL PERMANENTE,FACTORES CONSTITUTIVOS DE SALARIO,FACTORES SALARIALES COMUNES,No Aplica,No Aplica,No Aplica,No Aplica,VIGENCIA ACTUAL,ENTIDADES TERRITORIALES - CONCEJO,NO DEFINIDO,No Aplica,NO DEFINIDO,,,2021,Tercer Trimestre,,,,NO DEFINIDO,NO DEFINIDO,,,,,,NO DEFINIDO,,,,,,NO DEFINIDO,NO DEFINIDO,NO DEFINIDO,54033268.0,54033268.0,54033268.0
10618738,20220601,218552585,Pupiales,2.1.1.01.01.001.04,SUBSIDIO DE ALIMENTACION,GASTOS,FUNCIONAMIENTO,GASTOS DE PERSONAL,PLANTA DE PERSONAL PERMANENTE,FACTORES CONSTITUTIVOS DE SALARIO,FACTORES SALARIALES COMUNES,SUBSIDIO DE ALIMENTACION,No Aplica,No Aplica,No Aplica,VIGENCIA ACTUAL,ENTIDADES TERRITORIALES - ADMINISTRACION CENTRAL,NO APLICA,No Aplica,NO DEFINIDO,,,2022,Segundo Trimestre,,,,NO APLICA,INGRESOS CORRIENTES DE LIBRE DESTINACION,,,,,,NO APLICA,,,,,,CON SITUACION DE FONDOS,NO APLICA,NO APLICA,5118106.0,4245118.0,4245118.0
10621575,20230601,218552585,Pupiales,2.3.3.05.08.001,REGION ADMINISTRATIVA DE PLANIFICACION ESPECIAL-RAPE,GASTOS,INVERSION,TRANSFERENCIAS CORRIENTES,A ENTIDADES DEL GOBIERNO,A ESQUEMAS ASOCIATIVOS,REGION ADMINISTRATIVA DE PLANIFICACION ESPECIAL-RAPE,No Aplica,No Aplica,No Aplica,No Aplica,VIGENCIA ACTUAL,ENTIDADES TERRITORIALES - ADMINISTRACION CENTRAL,SERVICIO DE ACONDICIONAMIENTO DE AMBIENTES DE APRENDIZAJE,No Aplica,NO DEFINIDO,,,2023,Segundo Trimestre,,,,NO APLICA,SGP-EDUCACION-CALIDAD  POR GRATUIDAD,,,,,,NO APLICA,,,,,,SIN SITUACION DE FONDOS,NO APLICA,NO APLICA,175578393.0,175578393.0,175578393.0
10622147,20211201,218552585,Pupiales,2.3.2.02.02.009,"SERVICIOS PARA LA COMUNIDAD, SOCIALES Y PERSONALES",GASTOS,INVERSION,ADQUISICION DE BIENES Y SERVICIOS,ADQUISICIONES DIFERENTES DE ACTIVOS,ADQUISICION DE SERVICIOS,"SERVICIOS PARA LA COMUNIDAD, SOCIALES Y PERSONALES",No Aplica,No Aplica,No Aplica,No Aplica,VIGENCIA ACTUAL,ENTIDADES TERRITORIALES - ADMINISTRACION CENTRAL,SERVICIO DE ATENCION EN SALUD A LA POBLACION,No Aplica,NO DEFINIDO,,,2021,Cuarto Trimestre,,,,OTROS SERVICIOS DIVERSOS N C P,SGP-SALUD-SUBSIDIO A LA OFERTA,,,,,,NO APLICA,,,,,,SIN SITUACION DE FONDOS,DIRECCION NACIONAL DEL TESORO MINISTERIO DE HACIENDA Y CREDITO PUBLICO,NO DEFINIDO,209504409.0,209504409.0,188209876.0
10624280,20210901,218552585,Pupiales,2.3.1.01.02,CONTRIBUCIONES INHERENTES A LA NOMINA,GASTOS,INVERSION,GASTOS DE PERSONAL,PLANTA DE PERSONAL PERMANENTE,CONTRIBUCIONES INHERENTES A LA NOMINA,No Aplica,No Aplica,No Aplica,No Aplica,No Aplica,VIGENCIA ACTUAL,ENTIDADES TERRITORIALES - ADMINISTRACION CENTRAL,NO DEFINIDO,No Aplica,NO DEFINIDO,,,2021,Tercer Trimestre,,,,NO DEFINIDO,NO DEFINIDO,,,,,,NO DEFINIDO,,,,,,NO DEFINIDO,NO DEFINIDO,NO DEFINIDO,32624584.0,32624584.0,32624584.0
10632948,20220301,218552585,Pupiales,2.3.2.02.02.009,"SERVICIOS PARA LA COMUNIDAD, SOCIALES Y PERSONALES",GASTOS,INVERSION,ADQUISICION DE BIENES Y SERVICIOS,ADQUISICIONES DIFERENTES DE ACTIVOS,ADQUISICION DE SERVICIOS,"SERVICIOS PARA LA COMUNIDAD, SOCIALES Y PERSONALES",No Aplica,No Aplica,No Aplica,No Aplica,VIGENCIA ACTUAL,ENTIDADES TERRITORIALES - ADMINISTRACION CENTRAL,ACUEDUCTOS OPTIMIZADOS,No Aplica,NO DEFINIDO,,,2022,Primer Trimestre,,,,OTROS SERVICIOS ADMINISTRATIVOS DEL GOBIERNO N C P,SGP-AGUA POTABLE Y SANEAMIENTO BASICO,,,,,,NO APLICA,,,,,,CON SITUACION DE FONDOS,DIRECCION NACIONAL DEL TESORO MINISTERIO DE HACIENDA Y CREDITO PUBLICO,NO APLICA,21905000.0,0.0,0.0
10635100,20220301,218552585,Pupiales,2.3.3.01.02.004,SUBVENCIONES PARA SERVICIOS PUBLICOS DOMICILIARIOS DE AGUA POTABLE Y SANEAMIENTO BASICO,GASTOS,INVERSION,TRANSFERENCIAS CORRIENTES,SUBVENCIONES,A EMPRESAS PUBLICAS NO FINANCIERAS,SUBVENCIONES PARA SERVICIOS PUBLICOS DOMICILIARIOS DE AGUA POTABLE Y SANEAMIENTO BASICO,No Aplica,No Aplica,No Aplica,No Aplica,VIGENCIA ACTUAL,ENTIDADES TERRITORIALES - ADMINISTRACION CENTRAL,NO DEFINIDO,No Aplica,NO DEFINIDO,,,2022,Primer Trimestre,,,,NO DEFINIDO,NO DEFINIDO,,,,,,NO DEFINIDO,,,,,,NO DEFINIDO,NO DEFINIDO,NO DEFINIDO,491892531.0,71896365.0,71896365.0
10635105,20220901,218552585,Pupiales,2.2.2.02.02.002.02,BANCA COMERCIAL,GASTOS,SERVICIO DE LA DEUDA PUBLICA,SERVICIO DE LA DEUDA PUBLICA INTERNA,INTERESES,PRESTAMOS,ENTIDADES FINANCIERAS,BANCA COMERCIAL,No Aplica,No Aplica,No Aplica,VIGENCIA ACTUAL,ENTIDADES TERRITORIALES - ADMINISTRACION CENTRAL,NO DEFINIDO,No Aplica,NO DEFINIDO,,,2022,Tercer Trimestre,,,,NO DEFINIDO,NO DEFINIDO,,,,,,NO DEFINIDO,,,,,,NO DEFINIDO,NO DEFINIDO,NO DEFINIDO,79948891.0,79948891.0,79948891.0
10639942,20220901,218552585,Pupiales,2.3.2.01.01.001.03.02,"AUTOPISTAS, CARRETERAS, CALLES",GASTOS,INVERSION,ADQUISICION DE BIENES Y SERVICIOS,ADQUISICION DE ACTIVOS NO FINANCIEROS,ACTIVOS FIJOS,EDIFICACIONES Y ESTRUCTURAS,OTRAS ESTRUCTURAS,"AUTOPISTAS, CARRETERAS, CALLES",No Aplica,No Aplica,VIGENCIA ACTUAL,ENTIDADES TERRITORIALES - ADMINISTRACION CENTRAL,VIA SECUNDARIA CONSTRUIDA,2021525850007,NO DEFINIDO,,,2022,Tercer Trimestre,,,,NO APLICA,SGP-PROPOSITO GENERAL-PROPOSITO GENERAL LIBRE INVERSION,,,,,,NO APLICA,,,,,,CON SITUACION DE FONDOS,DIRECCION NACIONAL DEL TESORO MINISTERIO DE HACIENDA Y CREDITO PUBLICO,NO APLICA,72306361.0,70714801.0,70714801.0
10641750,20211201,218552585,Pupiales,2.1.2.02.02.009,"SERVICIOS PARA LA COMUNIDAD, SOCIALES Y PERSONALES",GASTOS,FUNCIONAMIENTO,ADQUISICION DE BIENES Y SERVICIOS,ADQUISICIONES DIFERENTES DE ACTIVOS,ADQUISICION DE SERVICIOS,"SERVICIOS PARA LA COMUNIDAD, SOCIALES Y PERSONALES",No Aplica,No Aplica,No Aplica,No Aplica,VIGENCIA ACTUAL,ENTIDADES TERRITORIALES - ADMINISTRACION CENTRAL,NO APLICA,No Aplica,NO DEFINIDO,,,2021,Cuarto Trimestre,,,,OTROS SERVICIOS DIVERSOS N C P,INGRESOS CORRIENTES DE LIBRE DESTINACION,,,,,,NO APLICA,,,,,,CON SITUACION DE FONDOS,NO APLICA,NO DEFINIDO,678550966.0,678550966.0,676240966.0
10645799,20211201,218552585,Pupiales,2.3.4,TRANSFERENCIAS DE CAPITAL,GASTOS,INVERSION,TRANSFERENCIAS DE CAPITAL,No Aplica,No Aplica,No Aplica,No Aplica,No Aplica,No Aplica,No Aplica,VIGENCIA ACTUAL,ENTIDADES TERRITORIALES - ADMINISTRACION CENTRAL,NO DEFINIDO,No Aplica,NO DEFINIDO,,,2021,Cuarto Trimestre,,,,NO DEFINIDO,NO DEFINIDO,,,,,,NO DEFINIDO,,,,,,NO DEFINIDO,NO DEFINIDO,NO DEFINIDO,924513497.0,490036289.0,480350419.0
10646445,20220901,218552585,Pupiales,2.3.2.02.02.009,"SERVICIOS PARA LA COMUNIDAD, SOCIALES Y PERSONALES",GASTOS,INVERSION,ADQUISICION DE BIENES Y SERVICIOS,ADQUISICIONES DIFERENTES DE ACTIVOS,ADQUISICION DE SERVICIOS,"SERVICIOS PARA LA COMUNIDAD, SOCIALES Y PERSONALES",No Aplica,No Aplica,No Aplica,No Aplica,VIGENCIA ACTUAL,ENTIDADES TERRITORIALES - ADMINISTRACION CENTRAL,SERVICIO DE ASISTENCIA TECNICA4502022,No Aplica,NO DEFINIDO,,,2022,Tercer Trimestre,,,,OTROS SERVICIOS DE LA ADMINISTRACION PUBLICA N C P,SGP-PROPOSITO GENERAL-PROPOSITO GENERAL LIBRE INVERSION,,,,,,NO APLICA,,,,,,CON SITUACION DE FONDOS,DIRECCION NACIONAL DEL TESORO MINISTERIO DE HACIENDA Y CREDITO PUBLICO,NO APLICA,8000000.0,8000000.0,8000000.0
10646525,20220901,218552585,Pupiales,2.3.2.02.02.009,"SERVICIOS PARA LA COMUNIDAD, SOCIALES Y PERSONALES",GASTOS,INVERSION,ADQUISICION DE BIENES Y SERVICIOS,ADQUISICIONES DIFERENTES DE ACTIVOS,ADQUISICION DE SERVICIOS,"SERVICIOS PARA LA COMUNIDAD, SOCIALES Y PERSONALES",No Aplica,No Aplica,No Aplica,No Aplica,VIGENCIA ACTUAL,ENTIDADES TERRITORIALES - ADMINISTRACION CENTRAL,SERVICIO DE APOYO FINANCIERO PARA PROYECTOS DE CONVIVENCIA Y SEGURIDAD CIUDADANA,No Aplica,NO DEFINIDO,,,2022,Tercer Trimestre,,,,OTROS SERVICIOS DE LA ADMINISTRACION PUBLICA N C P,CONTRIBUCION SOBRE CONTRATOS DE OBRA PUBLICA,,,,,,NO APLICA,,,,,,CON SITUACION DE FONDOS,NO APLICA,NO APLICA,721414.0,721414.0,721414.0
10646949,20210601,218552585,Pupiales,2.3.2.01.01.003.02,MAQUINARIA PARA USOS ESPECIALES,GASTOS,INVERSION,ADQUISICION DE BIENES Y SERVICIOS,ADQUISICION DE ACTIVOS NO FINANCIEROS,ACTIVOS FIJOS,MAQUINARIA Y EQUIPO,MAQUINARIA PARA USOS ESPECIALES,No Aplica,No Aplica,No Aplica,VIGENCIA ACTUAL,ENTIDADES TERRITORIALES - ADMINISTRACION CENTRAL,NO DEFINIDO,No Aplica,NO DEFINIDO,,,2021,Segundo Trimestre,,,,NO DEFINIDO,NO DEFINIDO,,,,,,NO DEFINIDO,,,,,,NO DEFINIDO,NO DEFINIDO,NO DEFINIDO,1889000000.0,0.0,0.0
10651478,20220901,218552585,Pupiales,2.1.3.05.04.001.13,PARTICIPACION DE LA SOBRETASA AMBIENTAL,GASTOS,FUNCIONAMIENTO,TRANSFERENCIAS CORRIENTES,A ENTIDADES DEL GOBIERNO,PARTICIPACIONES DISTINTAS DEL SGP,PARTICIPACIONES DE IMPUESTOS,PARTICIPACION DE LA SOBRETASA AMBIENTAL,No Aplica,No Aplica,No Aplica,VIGENCIA ACTUAL,ENTIDADES TERRITORIALES - ADMINISTRACION CENTRAL,NO DEFINIDO,No Aplica,NO DEFINIDO,,,2022,Tercer Trimestre,,,,NO DEFINIDO,NO DEFINIDO,,,,,,NO DEFINIDO,,,,,,NO DEFINIDO,NO DEFINIDO,NO DEFINIDO,45000000.0,45000000.0,45000000.0
10651629,20210901,218552585,Pupiales,2.1.1.01.03,REMUNERACIONES NO CONSTITUTIVAS DE FACTOR SALARIAL,GASTOS,FUNCIONAMIENTO,GASTOS DE PERSONAL,PLANTA DE PERSONAL PERMANENTE,REMUNERACIONES NO CONSTITUTIVAS DE FACTOR SALARIAL,No Aplica,No Aplica,No Aplica,No Aplica,No Aplica,VIGENCIA ACTUAL,ENTIDADES TERRITORIALES - CONCEJO,NO DEFINIDO,No Aplica,NO DEFINIDO,,,2021,Tercer Trimestre,,,,NO DEFINIDO,NO DEFINIDO,,,,,,NO DEFINIDO,,,,,,NO DEFINIDO,NO DEFINIDO,NO DEFINIDO,127235046.0,127235046.0,127235046.0
10653253,20221201,218552585,Pupiales,2.1.1.01.01,FACTORES CONSTITUTIVOS DE SALARIO,GASTOS,FUNCIONAMIENTO,GASTOS DE PERSONAL,PLANTA DE PERSONAL PERMANENTE,FACTORES CONSTITUTIVOS DE SALARIO,No Aplica,No Aplica,No Aplica,No Aplica,No Aplica,VIGENCIA ACTUAL,ENTIDADES TERRITORIALES - ADMINISTRACION CENTRAL,NO DEFINIDO,No Aplica,NO DEFINIDO,,,2022,Cuarto Trimestre,,,,NO DEFINIDO,NO DEFINIDO,,,,,,NO DEFINIDO,,,,,,NO DEFINIDO,NO DEFINIDO,NO DEFINIDO,673605649.0,673605649.0,673605649.0
10656258,20221201,218552585,Pupiales,2.1.1.01.02.004,APORTES A CAJAS DE COMPENSACION FAMILIAR,GASTOS,FUNCIONAMIENTO,GASTOS DE PERSONAL,PLANTA DE PERSONAL PERMANENTE,CONTRIBUCIONES INHERENTES A LA NOMINA,APORTES A CAJAS DE COMPENSACION FAMILIAR,No Aplica,No Aplica,No Aplica,No Aplica,VIGENCIA ACTUAL,ENTIDADES TERRITORIALES - ADMINISTRACION CENTRAL,NO APLICA,No Aplica,NO DEFINIDO,,,2022,Cuarto Trimestre,,,,NO APLICA,"SGP-PROPOSITO GENERAL-LIBRE DESTINACION MUNICIPIOS CATEGORIAS 4, 5 Y 6",,,,,,NO APLICA,,,,,,CON SITUACION DE FONDOS,NO APLICA,NO APLICA,805500.0,805500.0,805500.0
10665342,20210301,218552585,Pupiales,2.1.1.01.03.001.01,VACACIONES,GASTOS,FUNCIONAMIENTO,GASTOS DE PERSONAL,PLANTA DE PERSONAL PERMANENTE,REMUNERACIONES NO CONSTITUTIVAS DE FACTOR SALARIAL,PRESTACIONES SOCIALES,VACACIONES,No Aplica,No Aplica,No Aplica,VIGENCIA ACTUAL,ENTIDADES TERRITORIALES - ADMINISTRACION CENTRAL,NO APLICA,No Aplica,NO DEFINIDO,,,2021,Primer Trimestre,,,,NO APLICA,1.2.1.0.00 - INGRESOS CORRIENTES DE LIBRE DESTINACION,,,,,,NO APLICA,,,,,,CON SITUACION DE FONDOS,NO APLICA,NO DEFINIDO,930642.0,930642.0,930642.0
10667808,20211201,218552585,Pupiales,2.3.1.01.03.001,PRESTACIONES SOCIALES,GASTOS,INVERSION,GASTOS DE PERSONAL,PLANTA DE PERSONAL PERMANENTE,REMUNERACIONES NO CONSTITUTIVAS DE FACTOR SALARIAL,PRESTACIONES SOCIALES,No Aplica,No Aplica,No Aplica,No Aplica,VIGENCIA ACTUAL,ENTIDADES TERRITORIALES - ADMINISTRACION CENTRAL,NO DEFINIDO,No Aplica,NO DEFINIDO,,,2021,Cuarto Trimestre,,,,NO DEFINIDO,NO DEFINIDO,,,,,,NO DEFINIDO,,,,,,NO DEFINIDO,NO DEFINIDO,NO DEFINIDO,12130373.0,12130373.0,12130373.0
10668575,20230301,218552585,Pupiales,2.1.1.01.01.001,FACTORES SALARIALES COMUNES,GASTOS,FUNCIONAMIENTO,GASTOS DE PERSONAL,PLANTA DE PERSONAL PERMANENTE,FACTORES CONSTITUTIVOS DE SALARIO,FACTORES SALARIALES COMUNES,No Aplica,No Aplica,No Aplica,No Aplica,VIGENCIA ACTUAL,ENTIDADES TERRITORIALES - ADMINISTRACION CENTRAL,NO DEFINIDO,No Aplica,NO DEFINIDO,,,2023,Primer Trimestre,,,,NO DEFINIDO,NO DEFINIDO,,,,,,NO DEFINIDO,,,,,,NO DEFINIDO,NO DEFINIDO,NO DEFINIDO,114891403.0,111201193.0,86649955.0
10673355,20220901,218552585,Pupiales,2.3.2.02.02.005,CONSTRUCCION Y SERVICIOS DE LA CONSTRUCCION,GASTOS,INVERSION,ADQUISICION DE BIENES Y SERVICIOS,ADQUISICIONES DIFERENTES DE ACTIVOS,ADQUISICION DE SERVICIOS,CONSTRUCCION Y SERVICIOS DE LA CONSTRUCCION,No Aplica,No Aplica,No Aplica,No Aplica,VIGENCIA ACTUAL,ENTIDADES TERRITORIALES - ADMINISTRACION CENTRAL,SEDES CONSTRUIDAS,No Aplica,NO DEFINIDO,,,2022,Tercer Trimestre,,,,OTROS SERVICIOS DE LA ADMINISTRACION PUBLICA N C P,"SGP-PROPOSITO GENERAL-LIBRE DESTINACION MUNICIPIOS CATEGORIAS 4, 5 Y 6",,,,,,NO APLICA,,,,,,CON SITUACION DE FONDOS,NO APLICA,NO APLICA,240907408.0,0.0,0.0
10674726,20230301,218552585,Pupiales,2.1.2.02.02.010,VIATICOS DE LOS FUNCIONARIOS EN COMISION,GASTOS,FUNCIONAMIENTO,ADQUISICION DE BIENES Y SERVICIOS,ADQUISICIONES DIFERENTES DE ACTIVOS,ADQUISICION DE SERVICIOS,VIATICOS DE LOS FUNCIONARIOS EN COMISION,No Aplica,No Aplica,No Aplica,No Aplica,VIGENCIA ACTUAL,ENTIDADES TERRITORIALES - ADMINISTRACION CENTRAL,NO APLICA,No Aplica,NO DEFINIDO,,,2023,Primer Trimestre,,,,OTROS SERVICIOS DE TRANSPORTE TERRESTRE LOCAL DE PASAJEROS N C P,"SGP-PROPOSITO GENERAL-LIBRE DESTINACION MUNICIPIOS CATEGORIAS 4, 5 Y 6",,,,,,NO APLICA,,,,,,CON SITUACION DE FONDOS,NO APLICA,NO APLICA,104100.0,104100.0,98626.0
10676436,20220301,218552585,Pupiales,2.3.1.01.01.001.07,BONIFICACION POR SERVICIOS PRESTADOS,GASTOS,INVERSION,GASTOS DE PERSONAL,PLANTA DE PERSONAL PERMANENTE,FACTORES CONSTITUTIVOS DE SALARIO,FACTORES SALARIALES COMUNES,BONIFICACION POR SERVICIOS PRESTADOS,No Aplica,No Aplica,No Aplica,VIGENCIA ACTUAL,ENTIDADES TERRITORIALES - ADMINISTRACION CENTRAL,NO APLICA,No Aplica,NO DEFINIDO,,,2022,Primer Trimestre,,,,NO APLICA,SGP-PROPOSITO GENERAL-PROPOSITO GENERAL LIBRE INVERSION,,,,,,NO APLICA,,,,,,CON SITUACION DE FONDOS,DIRECCION NACIONAL DEL TESORO MINISTERIO DE HACIENDA Y CREDITO PUBLICO,NO APLICA,4856419.0,4856419.0,4856419.0
10677327,20211201,218552585,Pupiales,2.1.3.05.04,PARTICIPACIONES DISTINTAS DEL SGP,GASTOS,FUNCIONAMIENTO,TRANSFERENCIAS CORRIENTES,A ENTIDADES DEL GOBIERNO,PARTICIPACIONES DISTINTAS DEL SGP,No Aplica,No Aplica,No Aplica,No Aplica,No Aplica,VIGENCIA ACTUAL,ENTIDADES TERRITORIALES - ADMINISTRACION CENTRAL,NO DEFINIDO,No Aplica,NO DEFINIDO,,,2021,Cuarto Trimestre,,,,NO DEFINIDO,NO DEFINIDO,,,,,,NO DEFINIDO,,,,,,NO DEFINIDO,NO DEFINIDO,NO DEFINIDO,79873145.0,79873145.0,67859239.0
10679725,20230601,218552585,Pupiales,2.1.1.01,PLANTA DE PERSONAL PERMANENTE,GASTOS,FUNCIONAMIENTO,GASTOS DE PERSONAL,PLANTA DE PERSONAL PERMANENTE,No Aplica,No Aplica,No Aplica,No Aplica,No Aplica,No Aplica,VIGENCIA ACTUAL,ENTIDADES TERRITORIALES - PERSONERIA,NO DEFINIDO,No Aplica,NO DEFINIDO,,,2023,Segundo Trimestre,,,,NO DEFINIDO,NO DEFINIDO,,,,,,NO DEFINIDO,,,,,,NO DEFINIDO,NO DEFINIDO,NO DEFINIDO,83119247.0,83119247.0,83119247.0
10680047,20220301,218552585,Pupiales,2.3.1.01.03.001.01,VACACIONES,GASTOS,INVERSION,GASTOS DE PERSONAL,PLANTA DE PERSONAL PERMANENTE,REMUNERACIONES NO CONSTITUTIVAS DE FACTOR SALARIAL,PRESTACIONES SOCIALES,VACACIONES,No Aplica,No Aplica,No Aplica,VIGENCIA ACTUAL,ENTIDADES TERRITORIALES - ADMINISTRACION CENTRAL,NO APLICA,No Aplica,NO DEFINIDO,,,2022,Primer Trimestre,,,,NO APLICA,SGP-PROPOSITO GENERAL-PROPOSITO GENERAL LIBRE INVERSION,,,,,,NO APLICA,,,,,,CON SITUACION DE FONDOS,DIRECCION NACIONAL DEL TESORO MINISTERIO DE HACIENDA Y CREDITO PUBLICO,NO APLICA,4643629.0,4643629.0,4643629.0
10685096,20210901,218552585,Pupiales,2.1.1.01.03.004,BONIFICACION DE GESTION TERRITORIAL PARA ALCALDES,GASTOS,FUNCIONAMIENTO,GASTOS DE PERSONAL,PLANTA DE PERSONAL PERMANENTE,REMUNERACIONES NO CONSTITUTIVAS DE FACTOR SALARIAL,BONIFICACION DE GESTION TERRITORIAL PARA ALCALDES,No Aplica,No Aplica,No Aplica,No Aplica,VIGENCIA ACTUAL,ENTIDADES TERRITORIALES - ADMINISTRACION CENTRAL,NO APLICA,No Aplica,NO DEFINIDO,,,2021,Tercer Trimestre,,,,NO APLICA,1.2.1.0.00 - INGRESOS CORRIENTES DE LIBRE DESTINACION,,,,,,NO APLICA,,,,,,CON SITUACION DE FONDOS,NO APLICA,NO DEFINIDO,3196230.0,3196230.0,3196230.0
10686363,20210901,218552585,Pupiales,2.3.4.03,COMPENSACIONES DE CAPITAL,GASTOS,INVERSION,TRANSFERENCIAS DE CAPITAL,COMPENSACIONES DE CAPITAL,No Aplica,No Aplica,No Aplica,No Aplica,No Aplica,No Aplica,VIGENCIA ACTUAL,ENTIDADES TERRITORIALES - ADMINISTRACION CENTRAL,32.02.005 - AMBIENTE Y DESARROLLO SOSTENIBLE - CONSERVACION DE LA BIODIVERSIDAD Y SUS SERVICIOS ECOSISTEMICOS - SERVICIO DE RESTAURACION DE ECOSISTEMAS,No Aplica,NO DEFINIDO,,,2021,Tercer Trimestre,,,,NO APLICA,1.2.1.0.00 - INGRESOS CORRIENTES DE LIBRE DESTINACION,,,,,,NO APLICA,,,,,,CON SITUACION DE FONDOS,NO APLICA,NO DEFINIDO,4000000.0,0.0,0.0
10686836,20211201,218552585,Pupiales,2.3.2.01.01.003.01,MAQUINARIA PARA USO GENERAL,GASTOS,INVERSION,ADQUISICION DE BIENES Y SERVICIOS,ADQUISICION DE ACTIVOS NO FINANCIEROS,ACTIVOS FIJOS,MAQUINARIA Y EQUIPO,MAQUINARIA PARA USO GENERAL,No Aplica,No Aplica,No Aplica,VIGENCIA ACTUAL,ENTIDADES TERRITORIALES - ADMINISTRACION CENTRAL,NO DEFINIDO,No Aplica,NO DEFINIDO,,,2021,Cuarto Trimestre,,,,NO DEFINIDO,NO DEFINIDO,,,,,,NO DEFINIDO,,,,,,NO DEFINIDO,NO DEFINIDO,NO DEFINIDO,1989000000.0,1989000000.0,1989000000.0
10689412,20221201,218552585,Pupiales,2.3.1.01.01.001.08,PRESTACIONES SOCIALES,GASTOS,INVERSION,GASTOS DE PERSONAL,PLANTA DE PERSONAL PERMANENTE,FACTORES CONSTITUTIVOS DE SALARIO,FACTORES SALARIALES COMUNES,PRESTACIONES SOCIALES,No Aplica,No Aplica,No Aplica,VIGENCIA ACTUAL,ENTIDADES TERRITORIALES - ADMINISTRACION CENTRAL,NO DEFINIDO,No Aplica,NO DEFINIDO,,,2022,Cuarto Trimestre,,,,NO DEFINIDO,NO DEFINIDO,,,,,,NO DEFINIDO,,,,,,NO DEFINIDO,NO DEFINIDO,NO DEFINIDO,26268399.0,26268399.0,26268399.0
10690336,20221201,218552585,Pupiales,2.3.1.01.02.005,APORTES GENERALES AL SISTEMA DE RIESGOS LABORALES,GASTOS,INVERSION,GASTOS DE PERSONAL,PLANTA DE PERSONAL PERMANENTE,CONTRIBUCIONES INHERENTES A LA NOMINA,APORTES GENERALES AL SISTEMA DE RIESGOS LABORALES,No Aplica,No Aplica,No Aplica,No Aplica,VIGENCIA ACTUAL,ENTIDADES TERRITORIALES - ADMINISTRACION CENTRAL,NO APLICA,No Aplica,NO DEFINIDO,,,2022,Cuarto Trimestre,,,,NO APLICA,SGP-PROPOSITO GENERAL-PROPOSITO GENERAL LIBRE INVERSION,,,,,,NO APLICA,,,,,,CON SITUACION DE FONDOS,DIRECCION NACIONAL DEL TESORO MINISTERIO DE HACIENDA Y CREDITO PUBLICO,NO APLICA,2060424.0,2060424.0,2060424.0
10690598,20221201,218552585,Pupiales,2.3.2.02.02.009,"SERVICIOS PARA LA COMUNIDAD, SOCIALES Y PERSONALES",GASTOS,INVERSION,ADQUISICION DE BIENES Y SERVICIOS,ADQUISICIONES DIFERENTES DE ACTIVOS,ADQUISICION DE SERVICIOS,"SERVICIOS PARA LA COMUNIDAD, SOCIALES Y PERSONALES",No Aplica,No Aplica,No Aplica,No Aplica,VIGENCIA ACTUAL,ENTIDADES TERRITORIALES - ADMINISTRACION CENTRAL,SERVICIO DE ATENCION EN SALUD A LA POBLACION,No Aplica,NO DEFINIDO,,,2022,Cuarto Trimestre,,,,OTROS SERVICIOS DE LA ADMINISTRACION PUBLICA N C P,OTRAS TRANSFERENCIAS DE CAPITAL,,,,,,NO APLICA,,,,,,CON SITUACION DE FONDOS,OTRO,NO APLICA,231076704.0,231076704.0,226725454.0
10691040,20210301,218552585,Pupiales,2.1.1.01.01,FACTORES CONSTITUTIVOS DE SALARIO,GASTOS,FUNCIONAMIENTO,GASTOS DE PERSONAL,PLANTA DE PERSONAL PERMANENTE,FACTORES CONSTITUTIVOS DE SALARIO,No Aplica,No Aplica,No Aplica,No Aplica,No Aplica,VIGENCIA ACTUAL,ENTIDADES TERRITORIALES - CONCEJO,NO DEFINIDO,No Aplica,NO DEFINIDO,,,2021,Primer Trimestre,,,,NO DEFINIDO,NO DEFINIDO,,,,,,NO DEFINIDO,,,,,,NO DEFINIDO,NO DEFINIDO,NO DEFINIDO,20428199.0,20428199.0,20428199.0
10692612,20220601,218552585,Pupiales,2.3.2.02.02.005,CONSTRUCCION Y SERVICIOS DE LA CONSTRUCCION,GASTOS,INVERSION,ADQUISICION DE BIENES Y SERVICIOS,ADQUISICIONES DIFERENTES DE ACTIVOS,ADQUISICION DE SERVICIOS,CONSTRUCCION Y SERVICIOS DE LA CONSTRUCCION,No Aplica,No Aplica,No Aplica,No Aplica,VIGENCIA ACTUAL,ENTIDADES TERRITORIALES - ADMINISTRACION CENTRAL,"SERVICIO DE APOYO FINANCIERO A LOS PLANES, PROGRAMAS Y PROYECTOS DE AGUA POTABLE Y SANEAMIENTO BASICO",No Aplica,NO DEFINIDO,,,2022,Segundo Trimestre,,,,OTROS SERVICIOS DIVERSOS N C P,SGP-AGUA POTABLE Y SANEAMIENTO BASICO,,,,,,NO APLICA,,,,,,CON SITUACION DE FONDOS,NO APLICA,NO APLICA,127906482.0,127906482.0,127906482.0
10693285,20211201,218552585,Pupiales,2.3.4.03,COMPENSACIONES DE CAPITAL,GASTOS,INVERSION,TRANSFERENCIAS DE CAPITAL,COMPENSACIONES DE CAPITAL,No Aplica,No Aplica,No Aplica,No Aplica,No Aplica,No Aplica,VIGENCIA ACTUAL,ENTIDADES TERRITORIALES - ADMINISTRACION CENTRAL,SERVICIO DE ASISTENCIA TECNICA4599031,No Aplica,NO DEFINIDO,,,2021,Cuarto Trimestre,,,,NO APLICA,INGRESOS CORRIENTES DE LIBRE DESTINACION,,,,,,NO APLICA,,,,,,CON SITUACION DE FONDOS,NO APLICA,NO DEFINIDO,43540000.0,43540000.0,43540000.0
10697942,20211201,218552585,Pupiales,2.3.3.05.09.053,"FONDOS DE SERVICIOS EDUCATIVOS DE LAS INSTITUCIONES DE PREESCOLAR, BASICA Y MEDIA",GASTOS,INVERSION,TRANSFERENCIAS CORRIENTES,A ENTIDADES DEL GOBIERNO,A OTRAS ENTIDADES DEL GOBIERNO GENERAL,"FONDOS DE SERVICIOS EDUCATIVOS DE LAS INSTITUCIONES DE PREESCOLAR, BASICA Y MEDIA",No Aplica,No Aplica,No Aplica,No Aplica,VIGENCIA ACTUAL,ENTIDADES TERRITORIALES - ADMINISTRACION CENTRAL,"SERVICIO DE FOMENTO PARA EL ACCESO A LA EDUCACION INICIAL, PREESCOLAR, BASICA Y MEDIA.",No Aplica,NO DEFINIDO,,,2021,Cuarto Trimestre,,,,NO APLICA,SGP-EDUCACION-CALIDAD  POR GRATUIDAD,,,,,,NO APLICA,,,,,,SIN SITUACION DE FONDOS,DIRECCION NACIONAL DEL TESORO MINISTERIO DE HACIENDA Y CREDITO PUBLICO,NO DEFINIDO,239694142.0,239694142.0,239694142.0
10699748,20230301,218552585,Pupiales,2.3.2.02.02.009,"SERVICIOS PARA LA COMUNIDAD, SOCIALES Y PERSONALES",GASTOS,INVERSION,ADQUISICION DE BIENES Y SERVICIOS,ADQUISICIONES DIFERENTES DE ACTIVOS,ADQUISICION DE SERVICIOS,"SERVICIOS PARA LA COMUNIDAD, SOCIALES Y PERSONALES",No Aplica,No Aplica,No Aplica,No Aplica,VIGENCIA ACTUAL,ENTIDADES TERRITORIALES - ADMINISTRACION CENTRAL,SERVICIO DE APOYO FINANCIERO PARA ADQUISICION DE VIVIENDA,No Aplica,NO DEFINIDO,,,2023,Primer Trimestre,,,,OTROS SERVICIOS DE APOYO PARA EL MEJORAMIENTO DEL COMPORTAMIENTO CIVICO Y DE LAS INFRAESTRUCTURAS COMUNITARIAS,SGP-PROPOSITO GENERAL-PROPOSITO GENERAL LIBRE INVERSION,,,,,,NO APLICA,,,,,,CON SITUACION DE FONDOS,NO APLICA,NO APLICA,95547171.0,4795480.0,3101165.0
10702476,20221201,218552585,Pupiales,2.3.2,ADQUISICION DE BIENES Y SERVICIOS,GASTOS,INVERSION,ADQUISICION DE BIENES Y SERVICIOS,No Aplica,No Aplica,No Aplica,No Aplica,No Aplica,No Aplica,No Aplica,VIGENCIA ACTUAL,ENTIDADES TERRITORIALES - ADMINISTRACION CENTRAL,NO DEFINIDO,No Aplica,NO DEFINIDO,,,2022,Cuarto Trimestre,,,,NO DEFINIDO,NO DEFINIDO,,,,,,NO DEFINIDO,,,,,,NO DEFINIDO,NO DEFINIDO,NO DEFINIDO,23990723978.0,22850368185.0,22764557399.0
10705107,20221201,218552585,Pupiales,2.1.1.01.01.001.06,PRIMA DE SERVICIO,GASTOS,FUNCIONAMIENTO,GASTOS DE PERSONAL,PLANTA DE PERSONAL PERMANENTE,FACTORES CONSTITUTIVOS DE SALARIO,FACTORES SALARIALES COMUNES,PRIMA DE SERVICIO,No Aplica,No Aplica,No Aplica,VIGENCIA ACTUAL,ENTIDADES TERRITORIALES - ADMINISTRACION CENTRAL,NO APLICA,No Aplica,NO DEFINIDO,,,2022,Cuarto Trimestre,,,,NO APLICA,INGRESOS CORRIENTES DE LIBRE DESTINACION,,,,,,NO APLICA,,,,,,CON SITUACION DE FONDOS,NO APLICA,NO APLICA,23023151.0,23023151.0,23023151.0
10705594,20230301,218552585,Pupiales,2.3.2.02.02.009,"SERVICIOS PARA LA COMUNIDAD, SOCIALES Y PERSONALES",GASTOS,INVERSION,ADQUISICION DE BIENES Y SERVICIOS,ADQUISICIONES DIFERENTES DE ACTIVOS,ADQUISICION DE SERVICIOS,"SERVICIOS PARA LA COMUNIDAD, SOCIALES Y PERSONALES",No Aplica,No Aplica,No Aplica,No Aplica,VIGENCIA ACTUAL,ENTIDADES TERRITORIALES - ADMINISTRACION CENTRAL,"SERVICIO DE APOYO PARA LA ORGANIZACION Y LA PARTICIPACION DEL SECTOR ARTISTICO, CULTURAL Y LA CIUDADANIA",No Aplica,NO DEFINIDO,,,2023,Primer Trimestre,,,,OTROS SERVICIOS DE ARTES ESCENICAS EVENTOS CULTURALES Y DE ENTRETENIMIENTO EN VIVO,SGP-PROPOSITO GENERAL-PROPOSITO GENERAL LIBRE INVERSION,,,,,,NO APLICA,,,,,,CON SITUACION DE FONDOS,NO APLICA,NO APLICA,85000000.0,85000000.0,0.0
10711644,20230601,218552585,Pupiales,2.1.1.01.03,REMUNERACIONES NO CONSTITUTIVAS DE FACTOR SALARIAL,GASTOS,FUNCIONAMIENTO,GASTOS DE PERSONAL,PLANTA DE PERSONAL PERMANENTE,REMUNERACIONES NO CONSTITUTIVAS DE FACTOR SALARIAL,No Aplica,No Aplica,No Aplica,No Aplica,No Aplica,VIGENCIA ACTUAL,ENTIDADES TERRITORIALES - CONCEJO,NO DEFINIDO,No Aplica,NO DEFINIDO,,,2023,Segundo Trimestre,,,,NO DEFINIDO,NO DEFINIDO,,,,,,NO DEFINIDO,,,,,,NO DEFINIDO,NO DEFINIDO,NO DEFINIDO,81955421.0,81955421.0,81955421.0
10712204,20230301,218552585,Pupiales,2.1.2,ADQUISICION DE BIENES Y SERVICIOS,GASTOS,FUNCIONAMIENTO,ADQUISICION DE BIENES Y SERVICIOS,No Aplica,No Aplica,No Aplica,No Aplica,No Aplica,No Aplica,No Aplica,VIGENCIA ACTUAL,ENTIDADES TERRITORIALES - ADMINISTRACION CENTRAL,NO DEFINIDO,No Aplica,NO DEFINIDO,,,2023,Primer Trimestre,,,,NO DEFINIDO,NO DEFINIDO,,,,,,NO DEFINIDO,,,,,,NO DEFINIDO,NO DEFINIDO,NO DEFINIDO,318017087.0,210750346.0,132050802.0
10712845,20211201,218552585,Pupiales,2.3.2.02.02.009,"SERVICIOS PARA LA COMUNIDAD, SOCIALES Y PERSONALES",GASTOS,INVERSION,ADQUISICION DE BIENES Y SERVICIOS,ADQUISICIONES DIFERENTES DE ACTIVOS,ADQUISICION DE SERVICIOS,"SERVICIOS PARA LA COMUNIDAD, SOCIALES Y PERSONALES",No Aplica,No Aplica,No Aplica,No Aplica,VIGENCIA ACTUAL,ENTIDADES TERRITORIALES - ADMINISTRACION CENTRAL,SERVICIO DE PROMOCION DE ACTIVIDADES CULTURALES,No Aplica,NO DEFINIDO,,,2021,Cuarto Trimestre,,,,OTROS SERVICIOS DIVERSOS N C P,SGP-PROPOSITO GENERAL-CULTURA,,,,,,NO APLICA,,,,,,CON SITUACION DE FONDOS,DIRECCION NACIONAL DEL TESORO MINISTERIO DE HACIENDA Y CREDITO PUBLICO,NO DEFINIDO,43870000.0,43870000.0,43870000.0
10713613,20221201,218552585,Pupiales,2.3.2.02.02.009,"SERVICIOS PARA LA COMUNIDAD, SOCIALES Y PERSONALES",GASTOS,INVERSION,ADQUISICION DE BIENES Y SERVICIOS,ADQUISICIONES DIFERENTES DE ACTIVOS,ADQUISICION DE SERVICIOS,"SERVICIOS PARA LA COMUNIDAD, SOCIALES Y PERSONALES",No Aplica,No Aplica,No Aplica,No Aplica,VIGENCIA ACTUAL,ENTIDADES TERRITORIALES - ADMINISTRACION CENTRAL,CENTROS DE PROTECCION SOCIAL PARA EL ADULTO MAYOR CONSTRUIDOS Y DOTADOS,No Aplica,NO DEFINIDO,,,2022,Cuarto Trimestre,,,,OTROS SERVICIOS DE LA ADMINISTRACION PUBLICA N C P,ESTAMPILLAS,,,,,,NO APLICA,,,,,,CON SITUACION DE FONDOS,NO APLICA,NO APLICA,83407072.0,83407072.0,83407072.0
10716886,20221201,218552585,Pupiales,2.3.2.02.02.009,"SERVICIOS PARA LA COMUNIDAD, SOCIALES Y PERSONALES",GASTOS,INVERSION,ADQUISICION DE BIENES Y SERVICIOS,ADQUISICIONES DIFERENTES DE ACTIVOS,ADQUISICION DE SERVICIOS,"SERVICIOS PARA LA COMUNIDAD, SOCIALES Y PERSONALES",No Aplica,No Aplica,No Aplica,No Aplica,VIGENCIA ACTUAL,ENTIDADES TERRITORIALES - ADMINISTRACION CENTRAL,ESTUDIOS DE PRE INVERSION E INVERSION4003042,No Aplica,NO DEFINIDO,,,2022,Cuarto Trimestre,,,,OTROS SERVICIOS DE LA ADMINISTRACION PUBLICA N C P,RECURSOS DEL BALANCE DE DESTINACION ESPECIFICA POR ACTO ADMINISTRATIVO,,,,,,NO APLICA,,,,,,CON SITUACION DE FONDOS,NO APLICA,NO APLICA,24458855.0,24458855.0,24458855.0
10717028,20221201,218552585,Pupiales,2.3.2.02.02.005,CONSTRUCCION Y SERVICIOS DE LA CONSTRUCCION,GASTOS,INVERSION,ADQUISICION DE BIENES Y SERVICIOS,ADQUISICIONES DIFERENTES DE ACTIVOS,ADQUISICION DE SERVICIOS,CONSTRUCCION Y SERVICIOS DE LA CONSTRUCCION,No Aplica,No Aplica,No Aplica,No Aplica,VIGENCIA ACTUAL,ENTIDADES TERRITORIALES - ADMINISTRACION CENTRAL,SEDES CONSTRUIDAS,No Aplica,NO DEFINIDO,,,2022,Cuarto Trimestre,,,,OTROS SERVICIOS DE LA ADMINISTRACION PUBLICA N C P,"SGP-PROPOSITO GENERAL-LIBRE DESTINACION MUNICIPIOS CATEGORIAS 4, 5 Y 6",,,,,,NO APLICA,,,,,,CON SITUACION DE FONDOS,NO APLICA,NO APLICA,240907408.0,240907408.0,240907408.0
10718182,20221201,218552585,Pupiales,2.3.2.02.02.009,"SERVICIOS PARA LA COMUNIDAD, SOCIALES Y PERSONALES",GASTOS,INVERSION,ADQUISICION DE BIENES Y SERVICIOS,ADQUISICIONES DIFERENTES DE ACTIVOS,ADQUISICION DE SERVICIOS,"SERVICIOS PARA LA COMUNIDAD, SOCIALES Y PERSONALES",No Aplica,No Aplica,No Aplica,No Aplica,VIGENCIA ACTUAL,ENTIDADES TERRITORIALES - ADMINISTRACION CENTRAL,SERVICIO DE APOYO A LA COMERCIALIZACION,No Aplica,NO DEFINIDO,,,2022,Cuarto Trimestre,,,,OTROS SERVICIOS DE LA ADMINISTRACION PUBLICA N C P,SGP-PROPOSITO GENERAL-PROPOSITO GENERAL LIBRE INVERSION,,,,,,NO APLICA,,,,,,CON SITUACION DE FONDOS,DIRECCION NACIONAL DEL TESORO MINISTERIO DE HACIENDA Y CREDITO PUBLICO,NO APLICA,27990000.0,27990000.0,27990000.0
10720368,20230601,218552585,Pupiales,2.3.1.01.02.002,APORTES A LA SEGURIDAD SOCIAL EN SALUD,GASTOS,INVERSION,GASTOS DE PERSONAL,PLANTA DE PERSONAL PERMANENTE,CONTRIBUCIONES INHERENTES A LA NOMINA,APORTES A LA SEGURIDAD SOCIAL EN SALUD,No Aplica,No Aplica,No Aplica,No Aplica,VIGENCIA ACTUAL,ENTIDADES TERRITORIALES - ADMINISTRACION CENTRAL,VIA TERCIARIA MEJORADA,No Aplica,NO DEFINIDO,,,2023,Segundo Trimestre,,,,NO APLICA,INGRESOS CORRIENTES DE LIBRE DESTINACION,,,,,,NO APLICA,,,,,,CON SITUACION DE FONDOS,NO APLICA,NO APLICA,1742488.0,1742488.0,1742488.0
10720453,20210901,218552585,Pupiales,2.1.1.01.01.001.01,SUELDO BASICO,GASTOS,FUNCIONAMIENTO,GASTOS DE PERSONAL,PLANTA DE PERSONAL PERMANENTE,FACTORES CONSTITUTIVOS DE SALARIO,FACTORES SALARIALES COMUNES,SUELDO BASICO,No Aplica,No Aplica,No Aplica,VIGENCIA ACTUAL,ENTIDADES TERRITORIALES - CONCEJO,NO APLICA,No Aplica,NO DEFINIDO,,,2021,Tercer Trimestre,,,,NO APLICA,1.2.1.0.00 - INGRESOS CORRIENTES DE LIBRE DESTINACION,,,,,,NO APLICA,,,,,,CON SITUACION DE FONDOS,NO APLICA,NO DEFINIDO,54033268.0,54033268.0,54033268.0
10721172,20210301,218552585,Pupiales,2.1.1.01.01.001,FACTORES SALARIALES COMUNES,GASTOS,FUNCIONAMIENTO,GASTOS DE PERSONAL,PLANTA DE PERSONAL PERMANENTE,FACTORES CONSTITUTIVOS DE SALARIO,FACTORES SALARIALES COMUNES,No Aplica,No Aplica,No Aplica,No Aplica,VIGENCIA ACTUAL,ENTIDADES TERRITORIALES - CONCEJO,NO DEFINIDO,No Aplica,NO DEFINIDO,,,2021,Primer Trimestre,,,,NO DEFINIDO,NO DEFINIDO,,,,,,NO DEFINIDO,,,,,,NO DEFINIDO,NO DEFINIDO,NO DEFINIDO,20428199.0,20428199.0,20428199.0
10721363,20230601,218552585,Pupiales,2.3.1.01.01.001.05,AUXILIO DE TRANSPORTE,GASTOS,INVERSION,GASTOS DE PERSONAL,PLANTA DE PERSONAL PERMANENTE,FACTORES CONSTITUTIVOS DE SALARIO,FACTORES SALARIALES COMUNES,AUXILIO DE TRANSPORTE,No Aplica,No Aplica,No Aplica,VIGENCIA ACTUAL,ENTIDADES TERRITORIALES - ADMINISTRACION CENTRAL,SERVICIO DE JUSTICIA A LOS CIUDADANOS,No Aplica,NO DEFINIDO,,,2023,Segundo Trimestre,,,,NO APLICA,SGP-PROPOSITO GENERAL-PROPOSITO GENERAL LIBRE INVERSION,,,,,,NO APLICA,,,,,,CON SITUACION DE FONDOS,NO APLICA,NO APLICA,4813412.0,4813412.0,4813412.0
10727271,20230301,218552585,Pupiales,2.1.2.02.02.009,"SERVICIOS PARA LA COMUNIDAD, SOCIALES Y PERSONALES",GASTOS,FUNCIONAMIENTO,ADQUISICION DE BIENES Y SERVICIOS,ADQUISICIONES DIFERENTES DE ACTIVOS,ADQUISICION DE SERVICIOS,"SERVICIOS PARA LA COMUNIDAD, SOCIALES Y PERSONALES",No Aplica,No Aplica,No Aplica,No Aplica,VIGENCIA ACTUAL,ENTIDADES TERRITORIALES - ADMINISTRACION CENTRAL,NO APLICA,No Aplica,NO DEFINIDO,,,2023,Primer Trimestre,,,,SERVICIOS DE FUNCIONAMIENTO DE INSTALACIONES DEPORTIVAS Y RECREATIVAS,"SGP-PROPOSITO GENERAL-LIBRE DESTINACION MUNICIPIOS CATEGORIAS 4, 5 Y 6",,,,,,NO APLICA,,,,,,CON SITUACION DE FONDOS,NO APLICA,NO APLICA,5784906.0,4425000.0,2442492.0
10732328,20220601,218552585,Pupiales,2.1,FUNCIONAMIENTO,GASTOS,FUNCIONAMIENTO,No Aplica,No Aplica,No Aplica,No Aplica,No Aplica,No Aplica,No Aplica,No Aplica,VIGENCIA ACTUAL,ENTIDADES TERRITORIALES - PERSONERIA,NO DEFINIDO,No Aplica,NO DEFINIDO,,,2022,Segundo Trimestre,,,,NO DEFINIDO,NO DEFINIDO,,,,,,NO DEFINIDO,,,,,,NO DEFINIDO,NO DEFINIDO,NO DEFINIDO,68887145.0,68887145.0,68887145.0
10732590,20230601,218552585,Pupiales,2.3.2.02,ADQUISICIONES DIFERENTES DE ACTIVOS,GASTOS,INVERSION,ADQUISICION DE BIENES Y SERVICIOS,ADQUISICIONES DIFERENTES DE ACTIVOS,No Aplica,No Aplica,No Aplica,No Aplica,No Aplica,No Aplica,CUENTAS POR PAGAR,ENTIDADES DIFERENTES A ENTIDADES TERRITORIALES - GESTION GENERAL,NO DEFINIDO,No Aplica,NO DEFINIDO,,,2023,Segundo Trimestre,,,,NO DEFINIDO,NO DEFINIDO,,,,,,NO DEFINIDO,,,,,,NO DEFINIDO,NO DEFINIDO,NO DEFINIDO,3897204.0,3897204.0,3897204.0
10739735,20221201,218552585,Pupiales,2.3.1.01.01.001.01,SUELDO BASICO,GASTOS,INVERSION,GASTOS DE PERSONAL,PLANTA DE PERSONAL PERMANENTE,FACTORES CONSTITUTIVOS DE SALARIO,FACTORES SALARIALES COMUNES,SUELDO BASICO,No Aplica,No Aplica,No Aplica,VIGENCIA ACTUAL,ENTIDADES TERRITORIALES - ADMINISTRACION CENTRAL,NO APLICA,No Aplica,NO DEFINIDO,,,2022,Cuarto Trimestre,,,,NO APLICA,SGP-PROPOSITO GENERAL-PROPOSITO GENERAL LIBRE INVERSION,,,,,,NO APLICA,,,,,,CON SITUACION DE FONDOS,DIRECCION NACIONAL DEL TESORO MINISTERIO DE HACIENDA Y CREDITO PUBLICO,NO APLICA,157028952.0,157028952.0,157028952.0
10741907,20211201,218552585,Pupiales,2.3.2.02.02.009,"SERVICIOS PARA LA COMUNIDAD, SOCIALES Y PERSONALES",GASTOS,INVERSION,ADQUISICION DE BIENES Y SERVICIOS,ADQUISICIONES DIFERENTES DE ACTIVOS,ADQUISICION DE SERVICIOS,"SERVICIOS PARA LA COMUNIDAD, SOCIALES Y PERSONALES",No Aplica,No Aplica,No Aplica,No Aplica,VIGENCIA ACTUAL,ENTIDADES TERRITORIALES - ADMINISTRACION CENTRAL,CENTROS DE PROTECCION SOCIAL PARA EL ADULTO MAYOR CONSTRUIDOS Y DOTADOS,No Aplica,NO DEFINIDO,,,2021,Cuarto Trimestre,,,,OTROS SERVICIOS DIVERSOS N C P,ESTAMPILLAS,,,,,,NO APLICA,,,,,,CON SITUACION DE FONDOS,NO APLICA,NO DEFINIDO,51872000.0,51872000.0,51872000.0
10742098,20220301,218552585,Pupiales,2.1.3.13,SENTENCIAS Y CONCILIACIONES,GASTOS,FUNCIONAMIENTO,TRANSFERENCIAS CORRIENTES,SENTENCIAS Y CONCILIACIONES,No Aplica,No Aplica,No Aplica,No Aplica,No Aplica,No Aplica,VIGENCIA ACTUAL,ENTIDADES TERRITORIALES - ADMINISTRACION CENTRAL,NO DEFINIDO,No Aplica,NO DEFINIDO,,,2022,Primer Trimestre,,,,NO DEFINIDO,NO DEFINIDO,,,,,,NO DEFINIDO,,,,,,NO DEFINIDO,NO DEFINIDO,NO DEFINIDO,13993200.0,13993200.0,13993200.0
10742944,20220901,218552585,Pupiales,2.3.2.02.02.009,"SERVICIOS PARA LA COMUNIDAD, SOCIALES Y PERSONALES",GASTOS,INVERSION,ADQUISICION DE BIENES Y SERVICIOS,ADQUISICIONES DIFERENTES DE ACTIVOS,ADQUISICION DE SERVICIOS,"SERVICIOS PARA LA COMUNIDAD, SOCIALES Y PERSONALES",No Aplica,No Aplica,No Aplica,No Aplica,VIGENCIA ACTUAL,ENTIDADES TERRITORIALES - ADMINISTRACION CENTRAL,SERVICIO DE GESTION TERRITORIAL PARA ATENCION EN SALUD -PANDEMIAS- A POBLACION AFECTADA POR EMERGENCIAS O DESASTRES,No Aplica,NO DEFINIDO,,,2022,Tercer Trimestre,,,,OTROS SERVICIOS DE LA ADMINISTRACION PUBLICA N C P,R.B. SGP-SALUD-SALUD PUBLICA,,,,,,NO APLICA,,,,,,CON SITUACION DE FONDOS,NO APLICA,NO APLICA,3450000.0,0.0,0.0
10743346,20211201,218552585,Pupiales,2.3.2.02.02.009,"SERVICIOS PARA LA COMUNIDAD, SOCIALES Y PERSONALES",GASTOS,INVERSION,ADQUISICION DE BIENES Y SERVICIOS,ADQUISICIONES DIFERENTES DE ACTIVOS,ADQUISICION DE SERVICIOS,"SERVICIOS PARA LA COMUNIDAD, SOCIALES Y PERSONALES",No Aplica,No Aplica,No Aplica,No Aplica,VIGENCIA ACTUAL,ENTIDADES TERRITORIALES - ADMINISTRACION CENTRAL,SERVICIO DE ATENCION EN SALUD A LA POBLACION,No Aplica,NO DEFINIDO,,,2021,Cuarto Trimestre,,,,OTROS SERVICIOS DIVERSOS N C P,OTRAS TRANSFERENCIAS DE CAPITAL,,,,,,NO APLICA,,,,,,CON SITUACION DE FONDOS,OTRO,NO DEFINIDO,146824733.0,146824733.0,146824733.0
10743839,20211201,218552585,Pupiales,2.3.1.01.01.001.05,AUXILIO DE TRANSPORTE,GASTOS,INVERSION,GASTOS DE PERSONAL,PLANTA DE PERSONAL PERMANENTE,FACTORES CONSTITUTIVOS DE SALARIO,FACTORES SALARIALES COMUNES,AUXILIO DE TRANSPORTE,No Aplica,No Aplica,No Aplica,VIGENCIA ACTUAL,ENTIDADES TERRITORIALES - ADMINISTRACION CENTRAL,NO APLICA,No Aplica,NO DEFINIDO,,,2021,Cuarto Trimestre,,,,NO APLICA,SGP-PROPOSITO GENERAL-PROPOSITO GENERAL LIBRE INVERSION,,,,,,NO APLICA,,,,,,CON SITUACION DE FONDOS,DIRECCION NACIONAL DEL TESORO MINISTERIO DE HACIENDA Y CREDITO PUBLICO,NO DEFINIDO,12061153.0,12061153.0,12061153.0
10744858,20220901,218552585,Pupiales,2.3.2.02.02.009,"SERVICIOS PARA LA COMUNIDAD, SOCIALES Y PERSONALES",GASTOS,INVERSION,ADQUISICION DE BIENES Y SERVICIOS,ADQUISICIONES DIFERENTES DE ACTIVOS,ADQUISICION DE SERVICIOS,"SERVICIOS PARA LA COMUNIDAD, SOCIALES Y PERSONALES",No Aplica,No Aplica,No Aplica,No Aplica,VIGENCIA ACTUAL,ENTIDADES TERRITORIALES - ADMINISTRACION CENTRAL,ESTUDIOS DE PRE INVERSION E INVERSION4003042,No Aplica,NO DEFINIDO,,,2022,Tercer Trimestre,,,,OTROS SERVICIOS DE LA ADMINISTRACION PUBLICA N C P,RECURSOS DEL BALANCE DE DESTINACION ESPECIFICA POR ACTO ADMINISTRATIVO,,,,,,NO APLICA,,,,,,CON SITUACION DE FONDOS,NO APLICA,NO APLICA,24458855.0,24458855.0,24458855.0
10745233,20221201,218552585,Pupiales,2,GASTOS,GASTOS,No Aplica,No Aplica,No Aplica,No Aplica,No Aplica,No Aplica,No Aplica,No Aplica,No Aplica,VIGENCIA ACTUAL,ENTIDADES TERRITORIALES - CONCEJO,NO DEFINIDO,No Aplica,NO DEFINIDO,,,2022,Cuarto Trimestre,,,,NO DEFINIDO,NO DEFINIDO,,,,,,NO DEFINIDO,,,,,,NO DEFINIDO,NO DEFINIDO,NO DEFINIDO,186284648.0,186284648.0,186284648.0
10746049,20221201,218552585,Pupiales,2.3.2.02.02.009,"SERVICIOS PARA LA COMUNIDAD, SOCIALES Y PERSONALES",GASTOS,INVERSION,ADQUISICION DE BIENES Y SERVICIOS,ADQUISICIONES DIFERENTES DE ACTIVOS,ADQUISICION DE SERVICIOS,"SERVICIOS PARA LA COMUNIDAD, SOCIALES Y PERSONALES",No Aplica,No Aplica,No Aplica,No Aplica,VIGENCIA ACTUAL,ENTIDADES TERRITORIALES - ADMINISTRACION CENTRAL,SERVICIO DE GESTION TERRITORIAL PARA ATENCION EN SALUD -PANDEMIAS- A POBLACION AFECTADA POR EMERGENCIAS O DESASTRES,No Aplica,NO DEFINIDO,,,2022,Cuarto Trimestre,,,,OTROS SERVICIOS DE LA ADMINISTRACION PUBLICA N C P,R.B. SGP-SALUD-SALUD PUBLICA,,,,,,NO APLICA,,,,,,CON SITUACION DE FONDOS,NO APLICA,NO APLICA,8647177.0,8647177.0,8647177.0
10751656,20210901,218552585,Pupiales,2.3.2.01.01.005.01,RECURSOS BIOLOGICOS CULTIVADOS,GASTOS,INVERSION,ADQUISICION DE BIENES Y SERVICIOS,ADQUISICION DE ACTIVOS NO FINANCIEROS,ACTIVOS FIJOS,OTROS ACTIVOS FIJOS,RECURSOS BIOLOGICOS CULTIVADOS,No Aplica,No Aplica,No Aplica,VIGENCIA ACTUAL,ENTIDADES TERRITORIALES - ADMINISTRACION CENTRAL,NO DEFINIDO,No Aplica,NO DEFINIDO,,,2021,Tercer Trimestre,,,,NO DEFINIDO,NO DEFINIDO,,,,,,NO DEFINIDO,,,,,,NO DEFINIDO,NO DEFINIDO,NO DEFINIDO,25399736.0,12699868.0,12699868.0
10757920,20211201,218552585,Pupiales,2.3.1,GASTOS DE PERSONAL,GASTOS,INVERSION,GASTOS DE PERSONAL,No Aplica,No Aplica,No Aplica,No Aplica,No Aplica,No Aplica,No Aplica,VIGENCIA ACTUAL,ENTIDADES TERRITORIALES - ADMINISTRACION CENTRAL,NO DEFINIDO,No Aplica,NO DEFINIDO,,,2021,Cuarto Trimestre,,,,NO DEFINIDO,NO DEFINIDO,,,,,,NO DEFINIDO,,,,,,NO DEFINIDO,NO DEFINIDO,NO DEFINIDO,249611753.0,249611753.0,247980482.0
10758151,20210301,218552585,Pupiales,2.1.1.01.03.001,PRESTACIONES SOCIALES,GASTOS,FUNCIONAMIENTO,GASTOS DE PERSONAL,PLANTA DE PERSONAL PERMANENTE,REMUNERACIONES NO CONSTITUTIVAS DE FACTOR SALARIAL,PRESTACIONES SOCIALES,No Aplica,No Aplica,No Aplica,No Aplica,VIGENCIA ACTUAL,ENTIDADES TERRITORIALES - ADMINISTRACION CENTRAL,NO DEFINIDO,No Aplica,NO DEFINIDO,,,2021,Primer Trimestre,,,,NO DEFINIDO,NO DEFINIDO,,,,,,NO DEFINIDO,,,,,,NO DEFINIDO,NO DEFINIDO,NO DEFINIDO,991196.0,991196.0,991196.0
10759102,20210601,218552585,Pupiales,2.3.4.03,COMPENSACIONES DE CAPITAL,GASTOS,INVERSION,TRANSFERENCIAS DE CAPITAL,COMPENSACIONES DE CAPITAL,No Aplica,No Aplica,No Aplica,No Aplica,No Aplica,No Aplica,VIGENCIA ACTUAL,ENTIDADES TERRITORIALES - ADMINISTRACION CENTRAL,33.01.051 - CULTURA - PROMOCION Y ACCESO EFECTIVO A PROCESOS CULTURALES Y ARTISTICOS - SERVICIO DE EDUCACION INFORMAL AL SECTOR ARTISTICO Y CULTURAL,No Aplica,NO DEFINIDO,,,2021,Segundo Trimestre,,,,NO APLICA,1.3.3.1.19 - R.B. ESTAMPILLAS,,,,,,NO APLICA,,,,,,CON SITUACION DE FONDOS,NO APLICA,NO DEFINIDO,1700000.0,0.0,0.0
10760515,20221201,218552585,Pupiales,2.1.1.01.03.001.03,BONIFICACION ESPECIAL DE RECREACION,GASTOS,FUNCIONAMIENTO,GASTOS DE PERSONAL,PLANTA DE PERSONAL PERMANENTE,REMUNERACIONES NO CONSTITUTIVAS DE FACTOR SALARIAL,PRESTACIONES SOCIALES,BONIFICACION ESPECIAL DE RECREACION,No Aplica,No Aplica,No Aplica,VIGENCIA ACTUAL,ENTIDADES TERRITORIALES - ADMINISTRACION CENTRAL,NO APLICA,No Aplica,NO DEFINIDO,,,2022,Cuarto Trimestre,,,,NO APLICA,"SGP-PROPOSITO GENERAL-LIBRE DESTINACION MUNICIPIOS CATEGORIAS 4, 5 Y 6",,,,,,NO APLICA,,,,,,CON SITUACION DE FONDOS,NO APLICA,NO APLICA,3025819.0,3025819.0,3025819.0
10765977,20220301,218552585,Pupiales,2.3.1.01.01.001.01,SUELDO BASICO,GASTOS,INVERSION,GASTOS DE PERSONAL,PLANTA DE PERSONAL PERMANENTE,FACTORES CONSTITUTIVOS DE SALARIO,FACTORES SALARIALES COMUNES,SUELDO BASICO,No Aplica,No Aplica,No Aplica,VIGENCIA ACTUAL,ENTIDADES TERRITORIALES - ADMINISTRACION CENTRAL,NO APLICA,No Aplica,NO DEFINIDO,,,2022,Primer Trimestre,,,,NO APLICA,SGP-PROPOSITO GENERAL-PROPOSITO GENERAL LIBRE INVERSION,,,,,,NO APLICA,,,,,,CON SITUACION DE FONDOS,DIRECCION NACIONAL DEL TESORO MINISTERIO DE HACIENDA Y CREDITO PUBLICO,NO APLICA,43184893.0,43184893.0,43184893.0
10766371,20210301,218552585,Pupiales,2.3.1.01.01,FACTORES CONSTITUTIVOS DE SALARIO,GASTOS,INVERSION,GASTOS DE PERSONAL,PLANTA DE PERSONAL PERMANENTE,FACTORES CONSTITUTIVOS DE SALARIO,No Aplica,No Aplica,No Aplica,No Aplica,No Aplica,VIGENCIA ACTUAL,ENTIDADES TERRITORIALES - ADMINISTRACION CENTRAL,NO DEFINIDO,No Aplica,NO DEFINIDO,,,2021,Primer Trimestre,,,,NO DEFINIDO,NO DEFINIDO,,,,,,NO DEFINIDO,,,,,,NO DEFINIDO,NO DEFINIDO,NO DEFINIDO,50928583.0,50928583.0,50928583.0
10766871,20230601,218552585,Pupiales,2.3.2.02.02.009,"SERVICIOS PARA LA COMUNIDAD, SOCIALES Y PERSONALES",GASTOS,INVERSION,ADQUISICION DE BIENES Y SERVICIOS,ADQUISICIONES DIFERENTES DE ACTIVOS,ADQUISICION DE SERVICIOS,"SERVICIOS PARA LA COMUNIDAD, SOCIALES Y PERSONALES",No Aplica,No Aplica,No Aplica,No Aplica,VIGENCIA ACTUAL,ENTIDADES TERRITORIALES - ADMINISTRACION CENTRAL,SERVICIO DE ORGANIZACION DE EVENTOS DEPORTIVOS COMUNITARIOS,No Aplica,NO DEFINIDO,,,2023,Segundo Trimestre,,,,SERVICIOS DE LOS ORGANOS DE CONTROL Y OTRAS INSTITUCIONES,SGP-PROPOSITO GENERAL-DEPORTE Y RECREACION,,,,,,NO APLICA,,,,,,CON SITUACION DE FONDOS,NO APLICA,NO APLICA,12600000.0,8000000.0,8000000.0
10767590,20211201,218552585,Pupiales,2.3.1.01.01.001.08,PRESTACIONES SOCIALES,GASTOS,INVERSION,GASTOS DE PERSONAL,PLANTA DE PERSONAL PERMANENTE,FACTORES CONSTITUTIVOS DE SALARIO,FACTORES SALARIALES COMUNES,PRESTACIONES SOCIALES,No Aplica,No Aplica,No Aplica,VIGENCIA ACTUAL,ENTIDADES TERRITORIALES - ADMINISTRACION CENTRAL,NO DEFINIDO,No Aplica,NO DEFINIDO,,,2021,Cuarto Trimestre,,,,NO DEFINIDO,NO DEFINIDO,,,,,,NO DEFINIDO,,,,,,NO DEFINIDO,NO DEFINIDO,NO DEFINIDO,16868691.0,16868691.0,16868691.0
10768782,20220601,218552585,Pupiales,2.3.1.01.02.001,APORTES A LA SEGURIDAD SOCIAL EN PENSIONES,GASTOS,INVERSION,GASTOS DE PERSONAL,PLANTA DE PERSONAL PERMANENTE,CONTRIBUCIONES INHERENTES A LA NOMINA,APORTES A LA SEGURIDAD SOCIAL EN PENSIONES,No Aplica,No Aplica,No Aplica,No Aplica,VIGENCIA ACTUAL,ENTIDADES TERRITORIALES - ADMINISTRACION CENTRAL,NO APLICA,No Aplica,NO DEFINIDO,,,2022,Segundo Trimestre,,,,NO APLICA,SGP-PROPOSITO GENERAL-PROPOSITO GENERAL LIBRE INVERSION,,,,,,NO APLICA,,,,,,CON SITUACION DE FONDOS,DIRECCION NACIONAL DEL TESORO MINISTERIO DE HACIENDA Y CREDITO PUBLICO,NO APLICA,9603109.0,9603109.0,9603109.0
10773963,20221201,218552585,Pupiales,2.1,FUNCIONAMIENTO,GASTOS,FUNCIONAMIENTO,No Aplica,No Aplica,No Aplica,No Aplica,No Aplica,No Aplica,No Aplica,No Aplica,VIGENCIA ACTUAL,ENTIDADES TERRITORIALES - CONCEJO,NO DEFINIDO,No Aplica,NO DEFINIDO,,,2022,Cuarto Trimestre,,,,NO DEFINIDO,NO DEFINIDO,,,,,,NO DEFINIDO,,,,,,NO DEFINIDO,NO DEFINIDO,NO DEFINIDO,186284648.0,186284648.0,186284648.0
10774196,20220601,218552585,Pupiales,2.1.1.01,PLANTA DE PERSONAL PERMANENTE,GASTOS,FUNCIONAMIENTO,GASTOS DE PERSONAL,PLANTA DE PERSONAL PERMANENTE,No Aplica,No Aplica,No Aplica,No Aplica,No Aplica,No Aplica,VIGENCIA ACTUAL,ENTIDADES TERRITORIALES - ADMINISTRACION CENTRAL,NO DEFINIDO,No Aplica,NO DEFINIDO,,,2022,Segundo Trimestre,,,,NO DEFINIDO,NO DEFINIDO,,,,,,NO DEFINIDO,,,,,,NO DEFINIDO,NO DEFINIDO,NO DEFINIDO,508169616.0,440580221.0,440580221.0
10775439,20220901,218552585,Pupiales,2.3.2.02.02.009,"SERVICIOS PARA LA COMUNIDAD, SOCIALES Y PERSONALES",GASTOS,INVERSION,ADQUISICION DE BIENES Y SERVICIOS,ADQUISICIONES DIFERENTES DE ACTIVOS,ADQUISICION DE SERVICIOS,"SERVICIOS PARA LA COMUNIDAD, SOCIALES Y PERSONALES",No Aplica,No Aplica,No Aplica,No Aplica,VIGENCIA ACTUAL,ENTIDADES TERRITORIALES - ADMINISTRACION CENTRAL,SERVICIO DE EDUCACION INFORMAL A LA CIUDADANIA EN ASUNTOS PATRIMONIALES,No Aplica,NO DEFINIDO,,,2022,Tercer Trimestre,,,,OTROS SERVICIOS DE LA ADMINISTRACION PUBLICA N C P,OTRAS TRANSFERENCIAS CORRIENTES DE OTRAS ENTIDADES CON DESTINACION ESPECIFICA LEGAL DEL GOBIERNO GENERAL,,,,,,NO APLICA,,,,,,CON SITUACION DE FONDOS,NO APLICA,NO APLICA,19960000.0,0.0,0.0
10777267,20230601,218552585,Pupiales,2.1.3.13.01,FALLOS NACIONALES,GASTOS,FUNCIONAMIENTO,TRANSFERENCIAS CORRIENTES,SENTENCIAS Y CONCILIACIONES,FALLOS NACIONALES,No Aplica,No Aplica,No Aplica,No Aplica,No Aplica,VIGENCIA ACTUAL,ENTIDADES TERRITORIALES - ADMINISTRACION CENTRAL,NO DEFINIDO,No Aplica,NO DEFINIDO,,,2023,Segundo Trimestre,,,,NO DEFINIDO,NO DEFINIDO,,,,,,NO DEFINIDO,,,,,,NO DEFINIDO,NO DEFINIDO,NO DEFINIDO,5273000.0,5273000.0,5273000.0
10779215,20230301,218552585,Pupiales,2.3.2.02.02.009,"SERVICIOS PARA LA COMUNIDAD, SOCIALES Y PERSONALES",GASTOS,INVERSION,ADQUISICION DE BIENES Y SERVICIOS,ADQUISICIONES DIFERENTES DE ACTIVOS,ADQUISICION DE SERVICIOS,"SERVICIOS PARA LA COMUNIDAD, SOCIALES Y PERSONALES",No Aplica,No Aplica,No Aplica,No Aplica,VIGENCIA ACTUAL,ENTIDADES TERRITORIALES - ADMINISTRACION CENTRAL,SERVICIO DE ASISTENCIA TECNICA4599031,No Aplica,NO DEFINIDO,,,2023,Primer Trimestre,,,,SERVICIOS DE LA ADMINISTRACION PUBLICA RELACIONADOS CON ASUNTOS ECONOMICOS COMERCIALES Y LABORALES,"SGP-PROPOSITO GENERAL-LIBRE DESTINACION MUNICIPIOS CATEGORIAS 4, 5 Y 6",,,,,,NO APLICA,,,,,,CON SITUACION DE FONDOS,NO APLICA,NO APLICA,9303358.0,5966292.0,3175071.0
10779420,20230601,218552585,Pupiales,2.3.2.02.02.009,"SERVICIOS PARA LA COMUNIDAD, SOCIALES Y PERSONALES",GASTOS,INVERSION,ADQUISICION DE BIENES Y SERVICIOS,ADQUISICIONES DIFERENTES DE ACTIVOS,ADQUISICION DE SERVICIOS,"SERVICIOS PARA LA COMUNIDAD, SOCIALES Y PERSONALES",No Aplica,No Aplica,No Aplica,No Aplica,CUENTAS POR PAGAR,ENTIDADES TERRITORIALES - ADMINISTRACION CENTRAL,NO APLICA,No Aplica,NO DEFINIDO,,,2023,Segundo Trimestre,,,,SERVICIOS DE LOS ORGANOS DE CONTROL Y OTRAS INSTITUCIONES,SGP-AGUA POTABLE Y SANEAMIENTO BASICO,,,,,,NO APLICA,,,,,,CON SITUACION DE FONDOS,NO APLICA,NO APLICA,3192780.0,3192780.0,3192780.0
10779655,20230601,218552585,Pupiales,2.1.1.01.02.003,APORTES DE CESANTIAS,GASTOS,FUNCIONAMIENTO,GASTOS DE PERSONAL,PLANTA DE PERSONAL PERMANENTE,CONTRIBUCIONES INHERENTES A LA NOMINA,APORTES DE CESANTIAS,No Aplica,No Aplica,No Aplica,No Aplica,VIGENCIA ACTUAL,ENTIDADES TERRITORIALES - ADMINISTRACION CENTRAL,NO APLICA,No Aplica,NO DEFINIDO,,,2023,Segundo Trimestre,,,,NO APLICA,"SGP-PROPOSITO GENERAL-LIBRE DESTINACION MUNICIPIOS CATEGORIAS 4, 5 Y 6",,,,,,NO APLICA,,,,,,CON SITUACION DE FONDOS,NO APLICA,NO APLICA,17673110.0,17673110.0,17673110.0
10780070,20221201,218552585,Pupiales,2.1.2.02.02.006,"COMERCIO Y DISTRIBUCION; ALOJAMIENTO; SERVICIOS DE SUMINISTRO DE COMIDAS Y BEBIDAS; SERVICIOS DE TRANSPORTE; Y SERVICIOS DE DISTRIBUCION DE ELECTRICIDAD, GAS Y AGUA",GASTOS,FUNCIONAMIENTO,ADQUISICION DE BIENES Y SERVICIOS,ADQUISICIONES DIFERENTES DE ACTIVOS,ADQUISICION DE SERVICIOS,"COMERCIO Y DISTRIBUCION; ALOJAMIENTO; SERVICIOS DE SUMINISTRO DE COMIDAS Y BEBIDAS; SERVICIOS DE TRANSPORTE; Y SERVICIOS DE DISTRIBUCION DE ELECTRICIDAD, GAS Y AGUA",No Aplica,No Aplica,No Aplica,No Aplica,VIGENCIA ACTUAL,ENTIDADES TERRITORIALES - ADMINISTRACION CENTRAL,NO APLICA,No Aplica,NO DEFINIDO,,,2022,Cuarto Trimestre,,,,OTROS SERVICIOS DE LA ADMINISTRACION PUBLICA N C P,"SGP-PROPOSITO GENERAL-LIBRE DESTINACION MUNICIPIOS CATEGORIAS 4, 5 Y 6",,,,,,NO APLICA,,,,,,CON SITUACION DE FONDOS,NO APLICA,NO APLICA,88518892.0,88518892.0,88518892.0
10780739,20230601,218552585,Pupiales,2.3.2.02.02.009,"SERVICIOS PARA LA COMUNIDAD, SOCIALES Y PERSONALES",GASTOS,INVERSION,ADQUISICION DE BIENES Y SERVICIOS,ADQUISICIONES DIFERENTES DE ACTIVOS,ADQUISICION DE SERVICIOS,"SERVICIOS PARA LA COMUNIDAD, SOCIALES Y PERSONALES",No Aplica,No Aplica,No Aplica,No Aplica,VIGENCIA ACTUAL,ENTIDADES TERRITORIALES - ADMINISTRACION CENTRAL,SERVICIOS DE ASISTENCIA TECNICA EN PLANIFICACION URBANA Y ORDENAMIENTO TERRITORIAL,No Aplica,NO DEFINIDO,,,2023,Segundo Trimestre,,,,SERVICIOS DE LOS ORGANOS DE CONTROL Y OTRAS INSTITUCIONES,SGP-PROPOSITO GENERAL-PROPOSITO GENERAL LIBRE INVERSION,,,,,,NO APLICA,,,,,,CON SITUACION DE FONDOS,NO APLICA,NO APLICA,9900000.0,4500000.0,4500000.0
10784356,20211201,218552585,Pupiales,2.1.1,GASTOS DE PERSONAL,GASTOS,FUNCIONAMIENTO,GASTOS DE PERSONAL,No Aplica,No Aplica,No Aplica,No Aplica,No Aplica,No Aplica,No Aplica,VIGENCIA ACTUAL,ENTIDADES TERRITORIALES - PERSONERIA,NO DEFINIDO,No Aplica,NO DEFINIDO,,,2021,Cuarto Trimestre,,,,NO DEFINIDO,NO DEFINIDO,,,,,,NO DEFINIDO,,,,,,NO DEFINIDO,NO DEFINIDO,NO DEFINIDO,136278900.0,136278900.0,136278900.0
10785971,20211201,218552585,Pupiales,2.1.1.01.01.001.01,SUELDO BASICO,GASTOS,FUNCIONAMIENTO,GASTOS DE PERSONAL,PLANTA DE PERSONAL PERMANENTE,FACTORES CONSTITUTIVOS DE SALARIO,FACTORES SALARIALES COMUNES,SUELDO BASICO,No Aplica,No Aplica,No Aplica,VIGENCIA ACTUAL,ENTIDADES TERRITORIALES - CONCEJO,NO APLICA,No Aplica,NO DEFINIDO,,,2021,Cuarto Trimestre,,,,NO APLICA,INGRESOS CORRIENTES DE LIBRE DESTINACION,,,,,,NO APLICA,,,,,,CON SITUACION DE FONDOS,NO APLICA,NO DEFINIDO,54511560.0,54511560.0,54511560.0
10786580,20230601,218552585,Pupiales,2.3.2.02.02.009,"SERVICIOS PARA LA COMUNIDAD, SOCIALES Y PERSONALES",GASTOS,INVERSION,ADQUISICION DE BIENES Y SERVICIOS,ADQUISICIONES DIFERENTES DE ACTIVOS,ADQUISICION DE SERVICIOS,"SERVICIOS PARA LA COMUNIDAD, SOCIALES Y PERSONALES",No Aplica,No Aplica,No Aplica,No Aplica,VIGENCIA ACTUAL,ENTIDADES TERRITORIALES - ADMINISTRACION CENTRAL,SERVICIO DE ASISTENCIA TECNICA PARA EL FORTALECIMIENTO DE LA CAPACIDAD ESTADISTICA,No Aplica,NO DEFINIDO,,,2023,Segundo Trimestre,,,,SERVICIOS DE LOS ORGANOS DE CONTROL Y OTRAS INSTITUCIONES,INGRESOS CORRIENTES DE LIBRE DESTINACION,,,,,,NO APLICA,,,,,,CON SITUACION DE FONDOS,NO APLICA,NO APLICA,7200000.0,3600000.0,3600000.0
10786899,20220301,218552585,Pupiales,2.3.2.02.02.009,"SERVICIOS PARA LA COMUNIDAD, SOCIALES Y PERSONALES",GASTOS,INVERSION,ADQUISICION DE BIENES Y SERVICIOS,ADQUISICIONES DIFERENTES DE ACTIVOS,ADQUISICION DE SERVICIOS,"SERVICIOS PARA LA COMUNIDAD, SOCIALES Y PERSONALES",No Aplica,No Aplica,No Aplica,No Aplica,VIGENCIA ACTUAL,ENTIDADES TERRITORIALES - ADMINISTRACION CENTRAL,CENTROS DE PROTECCION SOCIAL PARA EL ADULTO MAYOR CONSTRUIDOS Y DOTADOS,No Aplica,NO DEFINIDO,,,2022,Primer Trimestre,,,,OTROS SERVICIOS ADMINISTRATIVOS DEL GOBIERNO N C P,ESTAMPILLAS,,,,,,NO APLICA,,,,,,CON SITUACION DE FONDOS,NO APLICA,NO APLICA,44147096.0,10345096.0,10345096.0
10786958,20211201,218552585,Pupiales,2.3.2.02.02.009,"SERVICIOS PARA LA COMUNIDAD, SOCIALES Y PERSONALES",GASTOS,INVERSION,ADQUISICION DE BIENES Y SERVICIOS,ADQUISICIONES DIFERENTES DE ACTIVOS,ADQUISICION DE SERVICIOS,"SERVICIOS PARA LA COMUNIDAD, SOCIALES Y PERSONALES",No Aplica,No Aplica,No Aplica,No Aplica,VIGENCIA ACTUAL,ENTIDADES TERRITORIALES - ADMINISTRACION CENTRAL,"SERVICIO DE CARACTERIZACION DE LA POBLACION VICTIMA PARA SU POSTERIOR ATENCION, ASISTENCIA Y REPARACION INTEGRAL",No Aplica,NO DEFINIDO,,,2021,Cuarto Trimestre,,,,OTROS SERVICIOS DIVERSOS N C P,SGP-PROPOSITO GENERAL-PROPOSITO GENERAL LIBRE INVERSION,,,,,,NO APLICA,,,,,,CON SITUACION DE FONDOS,DIRECCION NACIONAL DEL TESORO MINISTERIO DE HACIENDA Y CREDITO PUBLICO,NO DEFINIDO,36000500.0,23000500.0,23000500.0
10789137,20210901,218552585,Pupiales,2.1.1.01.02.005,APORTES GENERALES AL SISTEMA DE RIESGOS LABORALES,GASTOS,FUNCIONAMIENTO,GASTOS DE PERSONAL,PLANTA DE PERSONAL PERMANENTE,CONTRIBUCIONES INHERENTES A LA NOMINA,APORTES GENERALES AL SISTEMA DE RIESGOS LABORALES,No Aplica,No Aplica,No Aplica,No Aplica,VIGENCIA ACTUAL,ENTIDADES TERRITORIALES - ADMINISTRACION CENTRAL,NO APLICA,No Aplica,NO DEFINIDO,,,2021,Tercer Trimestre,,,,NO APLICA,1.2.1.0.00 - INGRESOS CORRIENTES DE LIBRE DESTINACION,,,,,,NO APLICA,,,,,,CON SITUACION DE FONDOS,NO APLICA,NO DEFINIDO,3984473.0,3984473.0,3984473.0
10789493,20230601,218552585,Pupiales,2.3.2.02.02.009,"SERVICIOS PARA LA COMUNIDAD, SOCIALES Y PERSONALES",GASTOS,INVERSION,ADQUISICION DE BIENES Y SERVICIOS,ADQUISICIONES DIFERENTES DE ACTIVOS,ADQUISICION DE SERVICIOS,"SERVICIOS PARA LA COMUNIDAD, SOCIALES Y PERSONALES",No Aplica,No Aplica,No Aplica,No Aplica,VIGENCIA ACTUAL,ENTIDADES TERRITORIALES - ADMINISTRACION CENTRAL,SERVICIO DE APOYO FINANCIERO PARA SUBSIDIOS AL CONSUMO EN LOS SERVICIOS PUBLICOS DOMICILIARIOS,No Aplica,NO DEFINIDO,,,2023,Segundo Trimestre,,,,SERVICIOS DE LOS ORGANOS DE CONTROL Y OTRAS INSTITUCIONES,SGP-AGUA POTABLE Y SANEAMIENTO BASICO,,,,,,NO APLICA,,,,,,CON SITUACION DE FONDOS,E.S.P. EMPRESA DE SERVICIOS PUBLICOS VARIOS DE PUPIALES,NO APLICA,474865702.0,231939651.0,231939651.0
10790814,20220901,218552585,Pupiales,2.1.3.05.04.001,PARTICIPACIONES DE IMPUESTOS,GASTOS,FUNCIONAMIENTO,TRANSFERENCIAS CORRIENTES,A ENTIDADES DEL GOBIERNO,PARTICIPACIONES DISTINTAS DEL SGP,PARTICIPACIONES DE IMPUESTOS,No Aplica,No Aplica,No Aplica,No Aplica,VIGENCIA ACTUAL,ENTIDADES TERRITORIALES - ADMINISTRACION CENTRAL,NO DEFINIDO,No Aplica,NO DEFINIDO,,,2022,Tercer Trimestre,,,,NO DEFINIDO,NO DEFINIDO,,,,,,NO DEFINIDO,,,,,,NO DEFINIDO,NO DEFINIDO,NO DEFINIDO,45000000.0,45000000.0,45000000.0
10791840,20220901,218552585,Pupiales,2.1.3.14.05,APORTES VOLUNTARIOS,GASTOS,FUNCIONAMIENTO,TRANSFERENCIAS CORRIENTES,APORTES AL FONPET,APORTES VOLUNTARIOS,No Aplica,No Aplica,No Aplica,No Aplica,No Aplica,VIGENCIA ACTUAL,ENTIDADES TERRITORIALES - ADMINISTRACION CENTRAL,NO APLICA,No Aplica,NO DEFINIDO,,,2022,Tercer Trimestre,,,,NO APLICA,SGP-PROPOSITO GENERAL-PROPOSITO GENERAL LIBRE INVERSION,,,,,,NO APLICA,,,,,,SIN SITUACION DE FONDOS,NO APLICA,NO APLICA,92177676.0,92177676.0,0.0
10795622,20210301,218552585,Pupiales,2.1.1.01.03,REMUNERACIONES NO CONSTITUTIVAS DE FACTOR SALARIAL,GASTOS,FUNCIONAMIENTO,GASTOS DE PERSONAL,PLANTA DE PERSONAL PERMANENTE,REMUNERACIONES NO CONSTITUTIVAS DE FACTOR SALARIAL,No Aplica,No Aplica,No Aplica,No Aplica,No Aplica,VIGENCIA ACTUAL,ENTIDADES TERRITORIALES - ADMINISTRACION CENTRAL,NO DEFINIDO,No Aplica,NO DEFINIDO,,,2021,Primer Trimestre,,,,NO DEFINIDO,NO DEFINIDO,,,,,,NO DEFINIDO,,,,,,NO DEFINIDO,NO DEFINIDO,NO DEFINIDO,991196.0,991196.0,991196.0
10796742,20230601,218552585,Pupiales,2.3.1.01.01.001.01,SUELDO BASICO,GASTOS,INVERSION,GASTOS DE PERSONAL,PLANTA DE PERSONAL PERMANENTE,FACTORES CONSTITUTIVOS DE SALARIO,FACTORES SALARIALES COMUNES,SUELDO BASICO,No Aplica,No Aplica,No Aplica,VIGENCIA ACTUAL,ENTIDADES TERRITORIALES - ADMINISTRACION CENTRAL,SERVICIO DE JUSTICIA A LOS CIUDADANOS,No Aplica,NO DEFINIDO,,,2023,Segundo Trimestre,,,,NO APLICA,SGP-PROPOSITO GENERAL-PROPOSITO GENERAL LIBRE INVERSION,,,,,,NO APLICA,,,,,,CON SITUACION DE FONDOS,NO APLICA,NO APLICA,24870592.0,24870592.0,24870592.0
10799701,20230601,218552585,Pupiales,2.3.2.02.02.005,CONSTRUCCION Y SERVICIOS DE LA CONSTRUCCION,GASTOS,INVERSION,ADQUISICION DE BIENES Y SERVICIOS,ADQUISICIONES DIFERENTES DE ACTIVOS,ADQUISICION DE SERVICIOS,CONSTRUCCION Y SERVICIOS DE LA CONSTRUCCION,No Aplica,No Aplica,No Aplica,No Aplica,VIGENCIA ACTUAL,ENTIDADES TERRITORIALES - ADMINISTRACION CENTRAL,SEDES AMPLIADAS,No Aplica,NO DEFINIDO,,,2023,Segundo Trimestre,,,,OTRAS OBRAS DE INGENIERIA CIVIL,SGP-PROPOSITO GENERAL-PROPOSITO GENERAL LIBRE INVERSION,,,,,,NO APLICA,,,,,,CON SITUACION DE FONDOS,NO APLICA,NO APLICA,49290792.0,45427474.0,45427474.0
10803762,20220901,218552585,Pupiales,2.1,FUNCIONAMIENTO,GASTOS,FUNCIONAMIENTO,No Aplica,No Aplica,No Aplica,No Aplica,No Aplica,No Aplica,No Aplica,No Aplica,VIGENCIA ACTUAL,ENTIDADES TERRITORIALES - PERSONERIA,NO DEFINIDO,No Aplica,NO DEFINIDO,,,2022,Tercer Trimestre,,,,NO DEFINIDO,NO DEFINIDO,,,,,,NO DEFINIDO,,,,,,NO DEFINIDO,NO DEFINIDO,NO DEFINIDO,97793337.0,97793337.0,97793337.0
10807197,20230301,218552585,Pupiales,2.3.2.02.02.009,"SERVICIOS PARA LA COMUNIDAD, SOCIALES Y PERSONALES",GASTOS,INVERSION,ADQUISICION DE BIENES Y SERVICIOS,ADQUISICIONES DIFERENTES DE ACTIVOS,ADQUISICION DE SERVICIOS,"SERVICIOS PARA LA COMUNIDAD, SOCIALES Y PERSONALES",No Aplica,No Aplica,No Aplica,No Aplica,VIGENCIA ACTUAL,ENTIDADES TERRITORIALES - ADMINISTRACION CENTRAL,SERVICIO DE APOYO FINANCIERO PARA EL ADULTO MAYOR4103065,No Aplica,NO DEFINIDO,,,2023,Primer Trimestre,,,,OTROS SERVICIOS SOCIALES SIN ALOJAMIENTO PARA ADULTOS CON DISCAPACIDAD,ESTAMPILLAS,,,,,,NO APLICA,,,,,,CON SITUACION DE FONDOS,NO APLICA,NO APLICA,384392.0,309328.0,220976.0
10809721,20230601,218552585,Pupiales,2.1.2,ADQUISICION DE BIENES Y SERVICIOS,GASTOS,FUNCIONAMIENTO,ADQUISICION DE BIENES Y SERVICIOS,No Aplica,No Aplica,No Aplica,No Aplica,No Aplica,No Aplica,No Aplica,CUENTAS POR PAGAR,ENTIDADES TERRITORIALES - ADMINISTRACION CENTRAL,NO DEFINIDO,No Aplica,NO DEFINIDO,,,2023,Segundo Trimestre,,,,NO DEFINIDO,NO DEFINIDO,,,,,,NO DEFINIDO,,,,,,NO DEFINIDO,NO DEFINIDO,NO DEFINIDO,2200000.0,2200000.0,0.0
10810141,20221201,218552585,Pupiales,2.3.2.02.02.009,"SERVICIOS PARA LA COMUNIDAD, SOCIALES Y PERSONALES",GASTOS,INVERSION,ADQUISICION DE BIENES Y SERVICIOS,ADQUISICIONES DIFERENTES DE ACTIVOS,ADQUISICION DE SERVICIOS,"SERVICIOS PARA LA COMUNIDAD, SOCIALES Y PERSONALES",No Aplica,No Aplica,No Aplica,No Aplica,VIGENCIA ACTUAL,ENTIDADES TERRITORIALES - ADMINISTRACION CENTRAL,SERVICIO DE ASISTENCIA TECNICA4502022,No Aplica,NO DEFINIDO,,,2022,Cuarto Trimestre,,,,OTROS SERVICIOS DE LA ADMINISTRACION PUBLICA N C P,SGP-PROPOSITO GENERAL-PROPOSITO GENERAL LIBRE INVERSION,,,,,,NO APLICA,,,,,,CON SITUACION DE FONDOS,DIRECCION NACIONAL DEL TESORO MINISTERIO DE HACIENDA Y CREDITO PUBLICO,NO APLICA,8000000.0,8000000.0,8000000.0
10810377,20230301,218552585,Pupiales,2.1.1,GASTOS DE PERSONAL,GASTOS,FUNCIONAMIENTO,GASTOS DE PERSONAL,No Aplica,No Aplica,No Aplica,No Aplica,No Aplica,No Aplica,No Aplica,VIGENCIA ACTUAL,ENTIDADES TERRITORIALES - ADMINISTRACION CENTRAL,NO DEFINIDO,No Aplica,NO DEFINIDO,,,2023,Primer Trimestre,,,,NO DEFINIDO,NO DEFINIDO,,,,,,NO DEFINIDO,,,,,,NO DEFINIDO,NO DEFINIDO,NO DEFINIDO,185485122.0,181794912.0,145886526.0
10812490,20220601,218552585,Pupiales,2.3.2.02.02.009,"SERVICIOS PARA LA COMUNIDAD, SOCIALES Y PERSONALES",GASTOS,INVERSION,ADQUISICION DE BIENES Y SERVICIOS,ADQUISICIONES DIFERENTES DE ACTIVOS,ADQUISICION DE SERVICIOS,"SERVICIOS PARA LA COMUNIDAD, SOCIALES Y PERSONALES",No Aplica,No Aplica,No Aplica,No Aplica,VIGENCIA ACTUAL,ENTIDADES TERRITORIALES - ADMINISTRACION CENTRAL,SERVICIOS DE GESTION PARA GENERACION Y FORMALIZACION DEL EMPLEO,No Aplica,NO DEFINIDO,,,2022,Segundo Trimestre,,,,OTROS SERVICIOS DIVERSOS N C P,INGRESOS CORRIENTES DE LIBRE DESTINACION,,,,,,NO APLICA,,,,,,CON SITUACION DE FONDOS,NO APLICA,NO APLICA,10000000.0,10000000.0,10000000.0
10814038,20210301,218552585,Pupiales,2.1.2,ADQUISICION DE BIENES Y SERVICIOS,GASTOS,FUNCIONAMIENTO,ADQUISICION DE BIENES Y SERVICIOS,No Aplica,No Aplica,No Aplica,No Aplica,No Aplica,No Aplica,No Aplica,VIGENCIA ACTUAL,ENTIDADES TERRITORIALES - ADMINISTRACION CENTRAL,NO DEFINIDO,No Aplica,NO DEFINIDO,,,2021,Primer Trimestre,,,,NO DEFINIDO,NO DEFINIDO,,,,,,NO DEFINIDO,,,,,,NO DEFINIDO,NO DEFINIDO,NO DEFINIDO,401797148.0,157101402.0,157101402.0
10818183,20220901,218552585,Pupiales,2.3.2.02.02.009,"SERVICIOS PARA LA COMUNIDAD, SOCIALES Y PERSONALES",GASTOS,INVERSION,ADQUISICION DE BIENES Y SERVICIOS,ADQUISICIONES DIFERENTES DE ACTIVOS,ADQUISICION DE SERVICIOS,"SERVICIOS PARA LA COMUNIDAD, SOCIALES Y PERSONALES",No Aplica,No Aplica,No Aplica,No Aplica,VIGENCIA ACTUAL,ENTIDADES TERRITORIALES - ADMINISTRACION CENTRAL,SERVICIO DE APOYO FINANCIERO PARA CREADORES Y GESTORES CULTURALES,No Aplica,NO DEFINIDO,,,2022,Tercer Trimestre,,,,OTROS SERVICIOS DE LA ADMINISTRACION PUBLICA N C P,ESTAMPILLAS,,,,,,NO APLICA,,,,,,CON SITUACION DE FONDOS,NO APLICA,NO APLICA,9832460.0,9832460.0,9832460.0
10818341,20220601,218552585,Pupiales,2.1.1.01,PLANTA DE PERSONAL PERMANENTE,GASTOS,FUNCIONAMIENTO,GASTOS DE PERSONAL,PLANTA DE PERSONAL PERMANENTE,No Aplica,No Aplica,No Aplica,No Aplica,No Aplica,No Aplica,VIGENCIA ACTUAL,ENTIDADES TERRITORIALES - PERSONERIA,NO DEFINIDO,No Aplica,NO DEFINIDO,,,2022,Segundo Trimestre,,,,NO DEFINIDO,NO DEFINIDO,,,,,,NO DEFINIDO,,,,,,NO DEFINIDO,NO DEFINIDO,NO DEFINIDO,68887145.0,68887145.0,68887145.0
10821064,20220901,218552585,Pupiales,2.3.2.02.02.009,"SERVICIOS PARA LA COMUNIDAD, SOCIALES Y PERSONALES",GASTOS,INVERSION,ADQUISICION DE BIENES Y SERVICIOS,ADQUISICIONES DIFERENTES DE ACTIVOS,ADQUISICION DE SERVICIOS,"SERVICIOS PARA LA COMUNIDAD, SOCIALES Y PERSONALES",No Aplica,No Aplica,No Aplica,No Aplica,VIGENCIA ACTUAL,ENTIDADES TERRITORIALES - ADMINISTRACION CENTRAL,VIA SECUNDARIA CON MANTENIMIENTO PERIODICO O RUTINARIO,No Aplica,NO DEFINIDO,,,2022,Tercer Trimestre,,,,OTROS SERVICIOS DE LA ADMINISTRACION PUBLICA N C P,"OTRAS MULTAS, SANCIONES E INTERESES DE MORA CON DESTINACION ESPECIFICA LEGAL",,,,,,NO APLICA,,,,,,CON SITUACION DE FONDOS,NO APLICA,NO APLICA,22960000.0,8920000.0,8920000.0
10823359,20210901,218552585,Pupiales,2.1.1.01.01.001.05,AUXILIO DE TRANSPORTE,GASTOS,FUNCIONAMIENTO,GASTOS DE PERSONAL,PLANTA DE PERSONAL PERMANENTE,FACTORES CONSTITUTIVOS DE SALARIO,FACTORES SALARIALES COMUNES,AUXILIO DE TRANSPORTE,No Aplica,No Aplica,No Aplica,VIGENCIA ACTUAL,ENTIDADES TERRITORIALES - ADMINISTRACION CENTRAL,NO APLICA,No Aplica,NO DEFINIDO,,,2021,Tercer Trimestre,,,,NO APLICA,1.2.1.0.00 - INGRESOS CORRIENTES DE LIBRE DESTINACION,,,,,,NO APLICA,,,,,,CON SITUACION DE FONDOS,NO APLICA,NO DEFINIDO,10683777.0,10683777.0,10683777.0
10835411,20210301,218552585,Pupiales,2,GASTOS,GASTOS,No Aplica,No Aplica,No Aplica,No Aplica,No Aplica,No Aplica,No Aplica,No Aplica,No Aplica,VIGENCIA ACTUAL,ENTIDADES TERRITORIALES - ADMINISTRACION CENTRAL,NO DEFINIDO,No Aplica,NO DEFINIDO,,,2021,Primer Trimestre,,,,NO DEFINIDO,NO DEFINIDO,,,,,,NO DEFINIDO,,,,,,NO DEFINIDO,NO DEFINIDO,NO DEFINIDO,6822632514.0,5079063927.0,5048319927.0
10837150,20221201,218552585,Pupiales,2.3.1.01.01.001,FACTORES SALARIALES COMUNES,GASTOS,INVERSION,GASTOS DE PERSONAL,PLANTA DE PERSONAL PERMANENTE,FACTORES CONSTITUTIVOS DE SALARIO,FACTORES SALARIALES COMUNES,No Aplica,No Aplica,No Aplica,No Aplica,VIGENCIA ACTUAL,ENTIDADES TERRITORIALES - ADMINISTRACION CENTRAL,NO DEFINIDO,No Aplica,NO DEFINIDO,,,2022,Cuarto Trimestre,,,,NO DEFINIDO,NO DEFINIDO,,,,,,NO DEFINIDO,,,,,,NO DEFINIDO,NO DEFINIDO,NO DEFINIDO,220392593.0,220392593.0,220392593.0
10840711,20210301,218552585,Pupiales,2.2.2.01.02.002.02.03,BANCA COMERCIAL,GASTOS,SERVICIO DE LA DEUDA PUBLICA,SERVICIO DE LA DEUDA PUBLICA INTERNA,PRINCIPAL,PRESTAMOS,ENTIDADES FINANCIERAS,BANCA COMERCIAL,BANCA COMERCIAL,No Aplica,No Aplica,VIGENCIA ACTUAL,ENTIDADES TERRITORIALES - ADMINISTRACION CENTRAL,"40.03.010 - VIVIENDA, CIUDAD Y TERRITORIO - ACCESO DE LA POBLACION A LOS SERVICIOS DE AGUA POTABLE Y SANEAMIENTO BASICO - SERVICIO DE ASEO",No Aplica,NO DEFINIDO,,,2021,Primer Trimestre,,,,NO APLICA,1.3.1.1.05 - RECURSOS DE CREDITO INTERNO,,,,,,NO APLICA,,,,,,CON SITUACION DE FONDOS,NO APLICA,NO DEFINIDO,31776378.0,31776378.0,31776378.0
10844803,20220301,218552585,Pupiales,2.3.2.02.02.009,"SERVICIOS PARA LA COMUNIDAD, SOCIALES Y PERSONALES",GASTOS,INVERSION,ADQUISICION DE BIENES Y SERVICIOS,ADQUISICIONES DIFERENTES DE ACTIVOS,ADQUISICION DE SERVICIOS,"SERVICIOS PARA LA COMUNIDAD, SOCIALES Y PERSONALES",No Aplica,No Aplica,No Aplica,No Aplica,VIGENCIA ACTUAL,ENTIDADES TERRITORIALES - ADMINISTRACION CENTRAL,VIA PRIMARIA MANTENIDA,No Aplica,NO DEFINIDO,,,2022,Primer Trimestre,,,,OTROS SERVICIOS ADMINISTRATIVOS DEL GOBIERNO N C P,SGP-PROPOSITO GENERAL-PROPOSITO GENERAL LIBRE INVERSION,,,,,,NO APLICA,,,,,,CON SITUACION DE FONDOS,NO APLICA,NO APLICA,27997877.0,0.0,0.0
10848901,20220901,218552585,Pupiales,2.3.2.02.02.009,"SERVICIOS PARA LA COMUNIDAD, SOCIALES Y PERSONALES",GASTOS,INVERSION,ADQUISICION DE BIENES Y SERVICIOS,ADQUISICIONES DIFERENTES DE ACTIVOS,ADQUISICION DE SERVICIOS,"SERVICIOS PARA LA COMUNIDAD, SOCIALES Y PERSONALES",No Aplica,No Aplica,No Aplica,No Aplica,VIGENCIA ACTUAL,ENTIDADES TERRITORIALES - ADMINISTRACION CENTRAL,SERVICIO DE ASISTENCIA TECNICA PARA PROMOCIONAR EL DESPLIEGUE DE INFRAESTRUCTURA DE LAS TECNOLOGIAS DE LA INFORMACION Y LAS COMUNICACIONES,2021525850009,NO DEFINIDO,,,2022,Tercer Trimestre,,,,OTROS SERVICIOS DE LA ADMINISTRACION PUBLICA N C P,INGRESOS CORRIENTES DE LIBRE DESTINACION,,,,,,NO APLICA,,,,,,CON SITUACION DE FONDOS,NO APLICA,NO APLICA,9300000.0,9300000.0,9300000.0
10850439,20220601,218552585,Pupiales,2.1.1.01.01.001.01,SUELDO BASICO,GASTOS,FUNCIONAMIENTO,GASTOS DE PERSONAL,PLANTA DE PERSONAL PERMANENTE,FACTORES CONSTITUTIVOS DE SALARIO,FACTORES SALARIALES COMUNES,SUELDO BASICO,No Aplica,No Aplica,No Aplica,VIGENCIA ACTUAL,ENTIDADES TERRITORIALES - PERSONERIA,NO APLICA,No Aplica,NO DEFINIDO,,,2022,Segundo Trimestre,,,,NO APLICA,INGRESOS CORRIENTES DE LIBRE DESTINACION,,,,,,NO APLICA,,,,,,CON SITUACION DE FONDOS,NO APLICA,NO APLICA,68887145.0,68887145.0,68887145.0
10851540,20210601,218552585,Pupiales,2.3.1.01.01.001,FACTORES SALARIALES COMUNES,GASTOS,INVERSION,GASTOS DE PERSONAL,PLANTA DE PERSONAL PERMANENTE,FACTORES CONSTITUTIVOS DE SALARIO,FACTORES SALARIALES COMUNES,No Aplica,No Aplica,No Aplica,No Aplica,VIGENCIA ACTUAL,ENTIDADES TERRITORIALES - ADMINISTRACION CENTRAL,NO DEFINIDO,No Aplica,NO DEFINIDO,,,2021,Segundo Trimestre,,,,NO DEFINIDO,NO DEFINIDO,,,,,,NO DEFINIDO,,,,,,NO DEFINIDO,NO DEFINIDO,NO DEFINIDO,97855305.0,97855305.0,97855305.0
10851746,20220601,218552585,Pupiales,2.3.3,TRANSFERENCIAS CORRIENTES,GASTOS,INVERSION,TRANSFERENCIAS CORRIENTES,No Aplica,No Aplica,No Aplica,No Aplica,No Aplica,No Aplica,No Aplica,VIGENCIA ACTUAL,ENTIDADES TERRITORIALES - ADMINISTRACION CENTRAL,NO DEFINIDO,No Aplica,NO DEFINIDO,,,2022,Segundo Trimestre,,,,NO DEFINIDO,NO DEFINIDO,,,,,,NO DEFINIDO,,,,,,NO DEFINIDO,NO DEFINIDO,NO DEFINIDO,491892532.0,189247356.0,189247356.0
10855354,20230301,218552585,Pupiales,2.3.2.02.02.009,"SERVICIOS PARA LA COMUNIDAD, SOCIALES Y PERSONALES",GASTOS,INVERSION,ADQUISICION DE BIENES Y SERVICIOS,ADQUISICIONES DIFERENTES DE ACTIVOS,ADQUISICION DE SERVICIOS,"SERVICIOS PARA LA COMUNIDAD, SOCIALES Y PERSONALES",No Aplica,No Aplica,No Aplica,No Aplica,VIGENCIA ACTUAL,ENTIDADES TERRITORIALES - ADMINISTRACION CENTRAL,SERVICIO DE ASISTENCIA TECNICA4599031,No Aplica,NO DEFINIDO,,,2023,Primer Trimestre,,,,SERVICIOS FINANCIEROS Y FISCALES DE LA ADMINISTRACION PUBLICA,"SGP-PROPOSITO GENERAL-LIBRE DESTINACION MUNICIPIOS CATEGORIAS 4, 5 Y 6",,,,,,NO APLICA,,,,,,CON SITUACION DE FONDOS,NO APLICA,NO APLICA,21079346.0,13518295.0,7194007.0
10855901,20220601,218552585,Pupiales,2.2.2.01.02.002.02.03,BANCA COMERCIAL,GASTOS,SERVICIO DE LA DEUDA PUBLICA,SERVICIO DE LA DEUDA PUBLICA INTERNA,PRINCIPAL,PRESTAMOS,ENTIDADES FINANCIERAS,BANCA COMERCIAL,BANCA COMERCIAL,No Aplica,No Aplica,VIGENCIA ACTUAL,ENTIDADES TERRITORIALES - ADMINISTRACION CENTRAL,NO APLICA,No Aplica,NO DEFINIDO,,,2022,Segundo Trimestre,,,,NO APLICA,SGP-PROPOSITO GENERAL-PROPOSITO GENERAL LIBRE INVERSION,,,,,,NO APLICA,,,,,,CON SITUACION DE FONDOS,NO APLICA,NO APLICA,222249753.0,222249753.0,222249753.0
10860728,20210601,218552585,Pupiales,2.1.1.01.02.004,APORTES A CAJAS DE COMPENSACION FAMILIAR,GASTOS,FUNCIONAMIENTO,GASTOS DE PERSONAL,PLANTA DE PERSONAL PERMANENTE,CONTRIBUCIONES INHERENTES A LA NOMINA,APORTES A CAJAS DE COMPENSACION FAMILIAR,No Aplica,No Aplica,No Aplica,No Aplica,VIGENCIA ACTUAL,ENTIDADES TERRITORIALES - ADMINISTRACION CENTRAL,NO APLICA,No Aplica,NO DEFINIDO,,,2021,Segundo Trimestre,,,,NO APLICA,1.2.1.0.00 - INGRESOS CORRIENTES DE LIBRE DESTINACION,,,,,,NO APLICA,,,,,,CON SITUACION DE FONDOS,NO APLICA,NO DEFINIDO,9563377.0,9563377.0,9563377.0
10862456,20230601,218552585,Pupiales,2.1.1.01,PLANTA DE PERSONAL PERMANENTE,GASTOS,FUNCIONAMIENTO,GASTOS DE PERSONAL,PLANTA DE PERSONAL PERMANENTE,No Aplica,No Aplica,No Aplica,No Aplica,No Aplica,No Aplica,VIGENCIA ACTUAL,ENTIDADES TERRITORIALES - ADMINISTRACION CENTRAL,NO DEFINIDO,No Aplica,NO DEFINIDO,,,2023,Segundo Trimestre,,,,NO DEFINIDO,NO DEFINIDO,,,,,,NO DEFINIDO,,,,,,NO DEFINIDO,NO DEFINIDO,NO DEFINIDO,414215195.0,412234324.0,412234324.0
10864416,20220901,218552585,Pupiales,2.3.1.01.03.001.01,VACACIONES,GASTOS,INVERSION,GASTOS DE PERSONAL,PLANTA DE PERSONAL PERMANENTE,REMUNERACIONES NO CONSTITUTIVAS DE FACTOR SALARIAL,PRESTACIONES SOCIALES,VACACIONES,No Aplica,No Aplica,No Aplica,VIGENCIA ACTUAL,ENTIDADES TERRITORIALES - ADMINISTRACION CENTRAL,NO APLICA,No Aplica,NO DEFINIDO,,,2022,Tercer Trimestre,,,,NO APLICA,SGP-PROPOSITO GENERAL-PROPOSITO GENERAL LIBRE INVERSION,,,,,,NO APLICA,,,,,,CON SITUACION DE FONDOS,DIRECCION NACIONAL DEL TESORO MINISTERIO DE HACIENDA Y CREDITO PUBLICO,NO APLICA,6734013.0,6734013.0,6734013.0
10869558,20220601,218552585,Pupiales,2.1.2.02.01.003,"OTROS BIENES TRANSPORTABLES EXCEPTO PRODUCTOS METALICOS, MAQUINARIA Y EQUIPO",GASTOS,FUNCIONAMIENTO,ADQUISICION DE BIENES Y SERVICIOS,ADQUISICIONES DIFERENTES DE ACTIVOS,MATERIALES Y SUMINISTROS,"OTROS BIENES TRANSPORTABLES EXCEPTO PRODUCTOS METALICOS, MAQUINARIA Y EQUIPO",No Aplica,No Aplica,No Aplica,No Aplica,VIGENCIA ACTUAL,ENTIDADES TERRITORIALES - ADMINISTRACION CENTRAL,NO APLICA,No Aplica,NO DEFINIDO,,,2022,Segundo Trimestre,,,,OTROS SERVICIOS DIVERSOS N C P,INGRESOS CORRIENTES DE LIBRE DESTINACION,,,,,,NO APLICA,,,,,,CON SITUACION DE FONDOS,NO APLICA,NO APLICA,53604884.0,27534384.0,27534384.0
10873028,20211201,218552585,Pupiales,2.3.2.02.02.009,"SERVICIOS PARA LA COMUNIDAD, SOCIALES Y PERSONALES",GASTOS,INVERSION,ADQUISICION DE BIENES Y SERVICIOS,ADQUISICIONES DIFERENTES DE ACTIVOS,ADQUISICION DE SERVICIOS,"SERVICIOS PARA LA COMUNIDAD, SOCIALES Y PERSONALES",No Aplica,No Aplica,No Aplica,No Aplica,VIGENCIA ACTUAL,ENTIDADES TERRITORIALES - ADMINISTRACION CENTRAL,"SERVICIO DE APOYO A LA ACTIVIDAD FISICA, LA RECREACION Y EL DEPORTE",No Aplica,NO DEFINIDO,,,2021,Cuarto Trimestre,,,,OTROS SERVICIOS DIVERSOS N C P,IMPUESTO AL CONSUMO DE CIGARRILLOS Y TABACO,,,,,,NO APLICA,,,,,,CON SITUACION DE FONDOS,NO APLICA,NO DEFINIDO,7500000.0,7500000.0,7500000.0
10874030,20221201,218552585,Pupiales,2.1.1.01.01.001,FACTORES SALARIALES COMUNES,GASTOS,FUNCIONAMIENTO,GASTOS DE PERSONAL,PLANTA DE PERSONAL PERMANENTE,FACTORES CONSTITUTIVOS DE SALARIO,FACTORES SALARIALES COMUNES,No Aplica,No Aplica,No Aplica,No Aplica,VIGENCIA ACTUAL,ENTIDADES TERRITORIALES - ADMINISTRACION CENTRAL,NO DEFINIDO,No Aplica,NO DEFINIDO,,,2022,Cuarto Trimestre,,,,NO DEFINIDO,NO DEFINIDO,,,,,,NO DEFINIDO,,,,,,NO DEFINIDO,NO DEFINIDO,NO DEFINIDO,673605649.0,673605649.0,673605649.0
10874349,20220901,218552585,Pupiales,2.3.2.02.02.005,CONSTRUCCION Y SERVICIOS DE LA CONSTRUCCION,GASTOS,INVERSION,ADQUISICION DE BIENES Y SERVICIOS,ADQUISICIONES DIFERENTES DE ACTIVOS,ADQUISICION DE SERVICIOS,CONSTRUCCION Y SERVICIOS DE LA CONSTRUCCION,No Aplica,No Aplica,No Aplica,No Aplica,VIGENCIA ACTUAL,ENTIDADES TERRITORIALES - ADMINISTRACION CENTRAL,SEDES CONSTRUIDAS,No Aplica,NO DEFINIDO,,,2022,Tercer Trimestre,,,,OTROS SERVICIOS DE LA ADMINISTRACION PUBLICA N C P,R.B. VENTA DE BIENES Y SERVICIOS,,,,,,NO APLICA,,,,,,CON SITUACION DE FONDOS,NO APLICA,NO APLICA,968000000.0,0.0,0.0
10889792,20230301,218552585,Pupiales,2.1.2.02.02.009,"SERVICIOS PARA LA COMUNIDAD, SOCIALES Y PERSONALES",GASTOS,FUNCIONAMIENTO,ADQUISICION DE BIENES Y SERVICIOS,ADQUISICIONES DIFERENTES DE ACTIVOS,ADQUISICION DE SERVICIOS,"SERVICIOS PARA LA COMUNIDAD, SOCIALES Y PERSONALES",No Aplica,No Aplica,No Aplica,No Aplica,VIGENCIA ACTUAL,ENTIDADES TERRITORIALES - ADMINISTRACION CENTRAL,NO APLICA,No Aplica,NO DEFINIDO,,,2023,Primer Trimestre,,,,OTROS SERVICIOS SOCIALES CON ALOJAMIENTO PARA ADULTOS,"SGP-PROPOSITO GENERAL-LIBRE DESTINACION MUNICIPIOS CATEGORIAS 4, 5 Y 6",,,,,,NO APLICA,,,,,,CON SITUACION DE FONDOS,NO APLICA,NO APLICA,3986827.0,3049611.0,1683311.0
10889840,20220301,218552585,Pupiales,2.1,FUNCIONAMIENTO,GASTOS,FUNCIONAMIENTO,No Aplica,No Aplica,No Aplica,No Aplica,No Aplica,No Aplica,No Aplica,No Aplica,VIGENCIA ACTUAL,ENTIDADES TERRITORIALES - PERSONERIA,NO DEFINIDO,No Aplica,NO DEFINIDO,,,2022,Primer Trimestre,,,,NO DEFINIDO,NO DEFINIDO,,,,,,NO DEFINIDO,,,,,,NO DEFINIDO,NO DEFINIDO,NO DEFINIDO,32337805.0,32337805.0,32337805.0
10891835,20210901,218552585,Pupiales,2.1.1.01.03.001.01,VACACIONES,GASTOS,FUNCIONAMIENTO,GASTOS DE PERSONAL,PLANTA DE PERSONAL PERMANENTE,REMUNERACIONES NO CONSTITUTIVAS DE FACTOR SALARIAL,PRESTACIONES SOCIALES,VACACIONES,No Aplica,No Aplica,No Aplica,VIGENCIA ACTUAL,ENTIDADES TERRITORIALES - ADMINISTRACION CENTRAL,NO APLICA,No Aplica,NO DEFINIDO,,,2021,Tercer Trimestre,,,,NO APLICA,1.2.1.0.00 - INGRESOS CORRIENTES DE LIBRE DESTINACION,,,,,,NO APLICA,,,,,,CON SITUACION DE FONDOS,NO APLICA,NO DEFINIDO,18512523.0,18512523.0,18512523.0
10892419,20220601,218552585,Pupiales,2.1.1.01.02.008,APORTES A LA ESAP,GASTOS,FUNCIONAMIENTO,GASTOS DE PERSONAL,PLANTA DE PERSONAL PERMANENTE,CONTRIBUCIONES INHERENTES A LA NOMINA,APORTES A LA ESAP,No Aplica,No Aplica,No Aplica,No Aplica,VIGENCIA ACTUAL,ENTIDADES TERRITORIALES - ADMINISTRACION CENTRAL,NO APLICA,No Aplica,NO DEFINIDO,,,2022,Segundo Trimestre,,,,NO APLICA,INGRESOS CORRIENTES DE LIBRE DESTINACION,,,,,,NO APLICA,,,,,,CON SITUACION DE FONDOS,NO APLICA,NO APLICA,1553052.0,1553052.0,1553052.0
10893451,20211201,218552585,Pupiales,2.1.3.14,APORTES AL FONPET,GASTOS,FUNCIONAMIENTO,TRANSFERENCIAS CORRIENTES,APORTES AL FONPET,No Aplica,No Aplica,No Aplica,No Aplica,No Aplica,No Aplica,VIGENCIA ACTUAL,ENTIDADES TERRITORIALES - ADMINISTRACION CENTRAL,NO DEFINIDO,No Aplica,NO DEFINIDO,,,2021,Cuarto Trimestre,,,,NO DEFINIDO,NO DEFINIDO,,,,,,NO DEFINIDO,,,,,,NO DEFINIDO,NO DEFINIDO,NO DEFINIDO,90470064.0,90470064.0,90470064.0
10895312,20210301,218552585,Pupiales,2.3.4.03,COMPENSACIONES DE CAPITAL,GASTOS,INVERSION,TRANSFERENCIAS DE CAPITAL,COMPENSACIONES DE CAPITAL,No Aplica,No Aplica,No Aplica,No Aplica,No Aplica,No Aplica,VIGENCIA ACTUAL,ENTIDADES TERRITORIALES - ADMINISTRACION CENTRAL,NO APLICA,No Aplica,NO DEFINIDO,,,2021,Primer Trimestre,,,,NO APLICA,1.3.3.6.03 - R.B. SGP - PROPOSITO GENERAL - PROPOSITO GENERAL LIBRE INVERSION,,,,,,NO APLICA,,,,,,CON SITUACION DE FONDOS,DIRECCION NACIONAL DEL TESORO MINISTERIO DE HACIENDA Y CREDITO PUBLICO,NO DEFINIDO,4542630.0,0.0,0.0
10896612,20221201,218552585,Pupiales,2.3.2.01.01,ACTIVOS FIJOS,GASTOS,INVERSION,ADQUISICION DE BIENES Y SERVICIOS,ADQUISICION DE ACTIVOS NO FINANCIEROS,ACTIVOS FIJOS,No Aplica,No Aplica,No Aplica,No Aplica,No Aplica,VIGENCIA ACTUAL,ENTIDADES TERRITORIALES - ADMINISTRACION CENTRAL,NO DEFINIDO,No Aplica,NO DEFINIDO,,,2022,Cuarto Trimestre,,,,NO DEFINIDO,NO DEFINIDO,,,,,,NO DEFINIDO,,,,,,NO DEFINIDO,NO DEFINIDO,NO DEFINIDO,388884495.0,382908645.0,364792935.0
10899555,20220301,218552585,Pupiales,2.3.2.02.02.009,"SERVICIOS PARA LA COMUNIDAD, SOCIALES Y PERSONALES",GASTOS,INVERSION,ADQUISICION DE BIENES Y SERVICIOS,ADQUISICIONES DIFERENTES DE ACTIVOS,ADQUISICION DE SERVICIOS,"SERVICIOS PARA LA COMUNIDAD, SOCIALES Y PERSONALES",No Aplica,No Aplica,No Aplica,No Aplica,VIGENCIA ACTUAL,ENTIDADES TERRITORIALES - ADMINISTRACION CENTRAL,SERVICIO DE ASISTENCIA TECNICA EN EL MARCO DE LA FORMULACION E IMPLEMENTACION DE PROYECTOS DEMOSTRATIVOS PARA LA REDUCCION DE IMPACTOS AMBIENTALES DE LA MINERIA,No Aplica,NO DEFINIDO,,,2022,Primer Trimestre,,,,OTROS SERVICIOS ADMINISTRATIVOS DEL GOBIERNO N C P,SGP-PROPOSITO GENERAL-PROPOSITO GENERAL LIBRE INVERSION,,,,,,NO APLICA,,,,,,CON SITUACION DE FONDOS,DIRECCION NACIONAL DEL TESORO MINISTERIO DE HACIENDA Y CREDITO PUBLICO,NO APLICA,18985000.0,4505000.0,4505000.0
10903051,20230301,218552585,Pupiales,2.1.1.01.02.004,APORTES A CAJAS DE COMPENSACION FAMILIAR,GASTOS,FUNCIONAMIENTO,GASTOS DE PERSONAL,PLANTA DE PERSONAL PERMANENTE,CONTRIBUCIONES INHERENTES A LA NOMINA,APORTES A CAJAS DE COMPENSACION FAMILIAR,No Aplica,No Aplica,No Aplica,No Aplica,VIGENCIA ACTUAL,ENTIDADES TERRITORIALES - ADMINISTRACION CENTRAL,NO APLICA,No Aplica,NO DEFINIDO,,,2023,Primer Trimestre,,,,NO APLICA,"SGP-PROPOSITO GENERAL-LIBRE DESTINACION MUNICIPIOS CATEGORIAS 4, 5 Y 6",,,,,,NO APLICA,,,,,,CON SITUACION DE FONDOS,NO APLICA,NO APLICA,3140100.0,3140100.0,2093400.0
10906533,20220301,218552585,Pupiales,2.1.1.01,PLANTA DE PERSONAL PERMANENTE,GASTOS,FUNCIONAMIENTO,GASTOS DE PERSONAL,PLANTA DE PERSONAL PERMANENTE,No Aplica,No Aplica,No Aplica,No Aplica,No Aplica,No Aplica,VIGENCIA ACTUAL,ENTIDADES TERRITORIALES - CONCEJO,NO DEFINIDO,No Aplica,NO DEFINIDO,,,2022,Primer Trimestre,,,,NO DEFINIDO,NO DEFINIDO,,,,,,NO DEFINIDO,,,,,,NO DEFINIDO,NO DEFINIDO,NO DEFINIDO,54434984.0,54434984.0,54434984.0
10907342,20221201,218552585,Pupiales,2.3.2.02.02,ADQUISICION DE SERVICIOS,GASTOS,INVERSION,ADQUISICION DE BIENES Y SERVICIOS,ADQUISICIONES DIFERENTES DE ACTIVOS,ADQUISICION DE SERVICIOS,No Aplica,No Aplica,No Aplica,No Aplica,No Aplica,VIGENCIA ACTUAL,ENTIDADES TERRITORIALES - ADMINISTRACION CENTRAL,NO DEFINIDO,No Aplica,NO DEFINIDO,,,2022,Cuarto Trimestre,,,,NO DEFINIDO,NO DEFINIDO,,,,,,NO DEFINIDO,,,,,,NO DEFINIDO,NO DEFINIDO,NO DEFINIDO,23203131511.0,22118751568.0,22051056492.0
10912261,20230601,218552585,Pupiales,2.3.2.02.02.005,CONSTRUCCION Y SERVICIOS DE LA CONSTRUCCION,GASTOS,INVERSION,ADQUISICION DE BIENES Y SERVICIOS,ADQUISICIONES DIFERENTES DE ACTIVOS,ADQUISICION DE SERVICIOS,CONSTRUCCION Y SERVICIOS DE LA CONSTRUCCION,No Aplica,No Aplica,No Aplica,No Aplica,RESERVAS,ENTIDADES TERRITORIALES - ADMINISTRACION CENTRAL,NO APLICA,No Aplica,NO DEFINIDO,,,2023,Segundo Trimestre,,,,OTRAS OBRAS DE INGENIERIA CIVIL,OTRAS CONTRIBUCIONES CON DESTINACION ESPECIFICA LEGAL,,,,,,NO APLICA,,,,,,CON SITUACION DE FONDOS,NO APLICA,NO APLICA,917884770.0,628628827.0,628628827.0
10914774,20230601,218552585,Pupiales,2.3.1.01.01.001,FACTORES SALARIALES COMUNES,GASTOS,INVERSION,GASTOS DE PERSONAL,PLANTA DE PERSONAL PERMANENTE,FACTORES CONSTITUTIVOS DE SALARIO,FACTORES SALARIALES COMUNES,No Aplica,No Aplica,No Aplica,No Aplica,VIGENCIA ACTUAL,ENTIDADES TERRITORIALES - ADMINISTRACION CENTRAL,NO DEFINIDO,No Aplica,NO DEFINIDO,,,2023,Segundo Trimestre,,,,NO DEFINIDO,NO DEFINIDO,,,,,,NO DEFINIDO,,,,,,NO DEFINIDO,NO DEFINIDO,NO DEFINIDO,108750502.0,107814889.0,107814889.0
10915646,20210601,218552585,Pupiales,2.3.4.03,COMPENSACIONES DE CAPITAL,GASTOS,INVERSION,TRANSFERENCIAS DE CAPITAL,COMPENSACIONES DE CAPITAL,No Aplica,No Aplica,No Aplica,No Aplica,No Aplica,No Aplica,VIGENCIA ACTUAL,ENTIDADES TERRITORIALES - ADMINISTRACION CENTRAL,"40.03.003 - VIVIENDA, CIUDAD Y TERRITORIO - ACCESO DE LA POBLACION A LOS SERVICIOS DE AGUA POTABLE Y SANEAMIENTO BASICO - SERVICIO DE EDUCACION INFORMAL EN FORMULACION, EVALUACION Y MONITOREO DE PLANE",No Aplica,NO DEFINIDO,,,2021,Segundo Trimestre,,,,NO APLICA,1.3.3.0.00 - RECURSOS DEL BALANCE DE LIBRE DESTINACION,,,,,,NO APLICA,,,,,,CON SITUACION DE FONDOS,OTRO,NO DEFINIDO,25000000.0,25000000.0,25000000.0
10918544,20220601,218552585,Pupiales,2.1.2.02,ADQUISICIONES DIFERENTES DE ACTIVOS,GASTOS,FUNCIONAMIENTO,ADQUISICION DE BIENES Y SERVICIOS,ADQUISICIONES DIFERENTES DE ACTIVOS,No Aplica,No Aplica,No Aplica,No Aplica,No Aplica,No Aplica,VIGENCIA ACTUAL,ENTIDADES TERRITORIALES - ADMINISTRACION CENTRAL,NO DEFINIDO,No Aplica,NO DEFINIDO,,,2022,Segundo Trimestre,,,,NO DEFINIDO,NO DEFINIDO,,,,,,NO DEFINIDO,,,,,,NO DEFINIDO,NO DEFINIDO,NO DEFINIDO,590577296.0,420848396.0,420787738.0
10921104,20221201,218552585,Pupiales,2.1.1.01.01,FACTORES CONSTITUTIVOS DE SALARIO,GASTOS,FUNCIONAMIENTO,GASTOS DE PERSONAL,PLANTA DE PERSONAL PERMANENTE,FACTORES CONSTITUTIVOS DE SALARIO,No Aplica,No Aplica,No Aplica,No Aplica,No Aplica,VIGENCIA ACTUAL,ENTIDADES TERRITORIALES - PERSONERIA,NO DEFINIDO,No Aplica,NO DEFINIDO,,,2022,Cuarto Trimestre,,,,NO DEFINIDO,NO DEFINIDO,,,,,,NO DEFINIDO,,,,,,NO DEFINIDO,NO DEFINIDO,NO DEFINIDO,150000000.0,150000000.0,150000000.0
10921981,20230301,218552585,Pupiales,2.3.2.02.02.006,"COMERCIO Y DISTRIBUCION; ALOJAMIENTO; SERVICIOS DE SUMINISTRO DE COMIDAS Y BEBIDAS; SERVICIOS DE TRANSPORTE; Y SERVICIOS DE DISTRIBUCION DE ELECTRICIDAD, GAS Y AGUA",GASTOS,INVERSION,ADQUISICION DE BIENES Y SERVICIOS,ADQUISICIONES DIFERENTES DE ACTIVOS,ADQUISICION DE SERVICIOS,"COMERCIO Y DISTRIBUCION; ALOJAMIENTO; SERVICIOS DE SUMINISTRO DE COMIDAS Y BEBIDAS; SERVICIOS DE TRANSPORTE; Y SERVICIOS DE DISTRIBUCION DE ELECTRICIDAD, GAS Y AGUA",No Aplica,No Aplica,No Aplica,No Aplica,VIGENCIA ACTUAL,ENTIDADES TERRITORIALES - ADMINISTRACION CENTRAL,SEDES DOTADAS,No Aplica,NO DEFINIDO,,,2023,Primer Trimestre,,,,OTROS SERVICIOS POSTALES N C P,INGRESOS CORRIENTES DE LIBRE DESTINACION,,,,,,NO APLICA,,,,,,CON SITUACION DE FONDOS,NO APLICA,NO APLICA,837533.0,837533.0,837533.0
10929101,20230301,218552585,Pupiales,2.1.4,TRANSFERENCIAS DE CAPITAL,GASTOS,FUNCIONAMIENTO,TRANSFERENCIAS DE CAPITAL,No Aplica,No Aplica,No Aplica,No Aplica,No Aplica,No Aplica,No Aplica,VIGENCIA ACTUAL,ENTIDADES TERRITORIALES - PERSONERIA,NO DEFINIDO,No Aplica,NO DEFINIDO,,,2023,Primer Trimestre,,,,NO DEFINIDO,NO DEFINIDO,,,,,,NO DEFINIDO,,,,,,NO DEFINIDO,NO DEFINIDO,NO DEFINIDO,43500000.0,43500000.0,29000000.0
10931441,20210901,218552585,Pupiales,2.1.1.01.02.008,APORTES A LA ESAP,GASTOS,FUNCIONAMIENTO,GASTOS DE PERSONAL,PLANTA DE PERSONAL PERMANENTE,CONTRIBUCIONES INHERENTES A LA NOMINA,APORTES A LA ESAP,No Aplica,No Aplica,No Aplica,No Aplica,VIGENCIA ACTUAL,ENTIDADES TERRITORIALES - ADMINISTRACION CENTRAL,NO APLICA,No Aplica,NO DEFINIDO,,,2021,Tercer Trimestre,,,,NO APLICA,1.2.1.0.00 - INGRESOS CORRIENTES DE LIBRE DESTINACION,,,,,,NO APLICA,,,,,,CON SITUACION DE FONDOS,NO APLICA,NO DEFINIDO,2078430.0,2078430.0,2078430.0
10934914,20230301,218552585,Pupiales,2.1.1.01.02.008,APORTES A LA ESAP,GASTOS,FUNCIONAMIENTO,GASTOS DE PERSONAL,PLANTA DE PERSONAL PERMANENTE,CONTRIBUCIONES INHERENTES A LA NOMINA,APORTES A LA ESAP,No Aplica,No Aplica,No Aplica,No Aplica,VIGENCIA ACTUAL,ENTIDADES TERRITORIALES - ADMINISTRACION CENTRAL,NO APLICA,No Aplica,NO DEFINIDO,,,2023,Primer Trimestre,,,,NO APLICA,"SGP-PROPOSITO GENERAL-LIBRE DESTINACION MUNICIPIOS CATEGORIAS 4, 5 Y 6",,,,,,NO APLICA,,,,,,CON SITUACION DE FONDOS,ESCUELA SUPERIOR DE ADMINISTRACION PUBLICA,NO APLICA,394500.0,394500.0,263000.0
10937047,20220901,218552585,Pupiales,2,GASTOS,GASTOS,No Aplica,No Aplica,No Aplica,No Aplica,No Aplica,No Aplica,No Aplica,No Aplica,No Aplica,VIGENCIA ACTUAL,ENTIDADES TERRITORIALES - ADMINISTRACION CENTRAL,NO DEFINIDO,No Aplica,NO DEFINIDO,,,2022,Tercer Trimestre,,,,NO DEFINIDO,NO DEFINIDO,,,,,,NO DEFINIDO,,,,,,NO DEFINIDO,NO DEFINIDO,NO DEFINIDO,21548063543.0,19112880597.0,19015883842.0
10938294,20210901,218552585,Pupiales,2.2.2.01.02.002,ENTIDADES FINANCIERAS,GASTOS,SERVICIO DE LA DEUDA PUBLICA,SERVICIO DE LA DEUDA PUBLICA INTERNA,PRINCIPAL,PRESTAMOS,ENTIDADES FINANCIERAS,No Aplica,No Aplica,No Aplica,No Aplica,VIGENCIA ACTUAL,ENTIDADES TERRITORIALES - ADMINISTRACION CENTRAL,NO DEFINIDO,No Aplica,NO DEFINIDO,,,2021,Tercer Trimestre,,,,NO DEFINIDO,NO DEFINIDO,,,,,,NO DEFINIDO,,,,,,NO DEFINIDO,NO DEFINIDO,NO DEFINIDO,77360114.0,77360114.0,77360114.0
10938516,20220901,218552585,Pupiales,2.1.1.01.03.004,BONIFICACION DE GESTION TERRITORIAL PARA ALCALDES,GASTOS,FUNCIONAMIENTO,GASTOS DE PERSONAL,PLANTA DE PERSONAL PERMANENTE,REMUNERACIONES NO CONSTITUTIVAS DE FACTOR SALARIAL,BONIFICACION DE GESTION TERRITORIAL PARA ALCALDES,No Aplica,No Aplica,No Aplica,No Aplica,VIGENCIA ACTUAL,ENTIDADES TERRITORIALES - ADMINISTRACION CENTRAL,NO APLICA,No Aplica,NO DEFINIDO,,,2022,Tercer Trimestre,,,,NO APLICA,INGRESOS CORRIENTES DE LIBRE DESTINACION,,,,,,NO APLICA,,,,,,CON SITUACION DE FONDOS,NO APLICA,NO APLICA,3279652.0,3279652.0,3279652.0
10941400,20210901,218552585,Pupiales,2.1.1.01.03.001.03,BONIFICACION ESPECIAL DE RECREACION,GASTOS,FUNCIONAMIENTO,GASTOS DE PERSONAL,PLANTA DE PERSONAL PERMANENTE,REMUNERACIONES NO CONSTITUTIVAS DE FACTOR SALARIAL,PRESTACIONES SOCIALES,BONIFICACION ESPECIAL DE RECREACION,No Aplica,No Aplica,No Aplica,VIGENCIA ACTUAL,ENTIDADES TERRITORIALES - ADMINISTRACION CENTRAL,NO APLICA,No Aplica,NO DEFINIDO,,,2021,Tercer Trimestre,,,,NO APLICA,1.2.1.0.00 - INGRESOS CORRIENTES DE LIBRE DESTINACION,,,,,,NO APLICA,,,,,,CON SITUACION DE FONDOS,NO APLICA,NO DEFINIDO,1742324.0,1742324.0,1742324.0
10947189,20210301,218552585,Pupiales,2.1.1.01.01.001.10,VIATICOS DE LOS FUNCIONARIOS EN COMISION,GASTOS,FUNCIONAMIENTO,GASTOS DE PERSONAL,PLANTA DE PERSONAL PERMANENTE,FACTORES CONSTITUTIVOS DE SALARIO,FACTORES SALARIALES COMUNES,VIATICOS DE LOS FUNCIONARIOS EN COMISION,No Aplica,No Aplica,No Aplica,VIGENCIA ACTUAL,ENTIDADES TERRITORIALES - ADMINISTRACION CENTRAL,NO APLICA,No Aplica,NO DEFINIDO,,,2021,Primer Trimestre,,,,NO APLICA,1.2.1.0.00 - INGRESOS CORRIENTES DE LIBRE DESTINACION,,,,,,NO APLICA,,,,,,CON SITUACION DE FONDOS,NO APLICA,NO DEFINIDO,1617300.0,1617300.0,1617300.0
10955898,20220601,218552585,Pupiales,2.3.2.02.02.009,"SERVICIOS PARA LA COMUNIDAD, SOCIALES Y PERSONALES",GASTOS,INVERSION,ADQUISICION DE BIENES Y SERVICIOS,ADQUISICIONES DIFERENTES DE ACTIVOS,ADQUISICION DE SERVICIOS,"SERVICIOS PARA LA COMUNIDAD, SOCIALES Y PERSONALES",No Aplica,No Aplica,No Aplica,No Aplica,VIGENCIA ACTUAL,ENTIDADES TERRITORIALES - ADMINISTRACION CENTRAL,"SERVICIO DE APOYO FINANCIERO A LOS PLANES, PROGRAMAS Y PROYECTOS DE AGUA POTABLE Y SANEAMIENTO BASICO",No Aplica,NO DEFINIDO,,,2022,Segundo Trimestre,,,,OTROS SERVICIOS DIVERSOS N C P,SGP-AGUA POTABLE Y SANEAMIENTO BASICO,,,,,,NO APLICA,,,,,,CON SITUACION DE FONDOS,DIRECCION NACIONAL DEL TESORO MINISTERIO DE HACIENDA Y CREDITO PUBLICO,NO APLICA,28000000.0,14000000.0,14000000.0
10957402,20220601,218552585,Pupiales,2.3.2.02.02.009,"SERVICIOS PARA LA COMUNIDAD, SOCIALES Y PERSONALES",GASTOS,INVERSION,ADQUISICION DE BIENES Y SERVICIOS,ADQUISICIONES DIFERENTES DE ACTIVOS,ADQUISICION DE SERVICIOS,"SERVICIOS PARA LA COMUNIDAD, SOCIALES Y PERSONALES",No Aplica,No Aplica,No Aplica,No Aplica,VIGENCIA ACTUAL,ENTIDADES TERRITORIALES - ADMINISTRACION CENTRAL,SERVICIOS DE ASISTENCIA TECNICA,No Aplica,NO DEFINIDO,,,2022,Segundo Trimestre,,,,OTROS SERVICIOS DIVERSOS N C P,SGP-PROPOSITO GENERAL-PROPOSITO GENERAL LIBRE INVERSION,,,,,,NO APLICA,,,,,,CON SITUACION DE FONDOS,DIRECCION NACIONAL DEL TESORO MINISTERIO DE HACIENDA Y CREDITO PUBLICO,NO APLICA,10000000.0,10000000.0,10000000.0
10966287,20221201,218552585,Pupiales,2.3.2.02.02.009,"SERVICIOS PARA LA COMUNIDAD, SOCIALES Y PERSONALES",GASTOS,INVERSION,ADQUISICION DE BIENES Y SERVICIOS,ADQUISICIONES DIFERENTES DE ACTIVOS,ADQUISICION DE SERVICIOS,"SERVICIOS PARA LA COMUNIDAD, SOCIALES Y PERSONALES",No Aplica,No Aplica,No Aplica,No Aplica,VIGENCIA ACTUAL,ENTIDADES TERRITORIALES - ADMINISTRACION CENTRAL,SERVICIOS DE GESTION PARA GENERACION Y FORMALIZACION DEL EMPLEO,No Aplica,NO DEFINIDO,,,2022,Cuarto Trimestre,,,,OTROS SERVICIOS DE LA ADMINISTRACION PUBLICA N C P,INGRESOS CORRIENTES DE LIBRE DESTINACION,,,,,,NO APLICA,,,,,,CON SITUACION DE FONDOS,NO APLICA,NO APLICA,10000000.0,10000000.0,10000000.0
10966588,20211201,218552585,Pupiales,2.1.1.01.02,CONTRIBUCIONES INHERENTES A LA NOMINA,GASTOS,FUNCIONAMIENTO,GASTOS DE PERSONAL,PLANTA DE PERSONAL PERMANENTE,CONTRIBUCIONES INHERENTES A LA NOMINA,No Aplica,No Aplica,No Aplica,No Aplica,No Aplica,VIGENCIA ACTUAL,ENTIDADES TERRITORIALES - ADMINISTRACION CENTRAL,NO DEFINIDO,No Aplica,NO DEFINIDO,,,2021,Cuarto Trimestre,,,,NO DEFINIDO,NO DEFINIDO,,,,,,NO DEFINIDO,,,,,,NO DEFINIDO,NO DEFINIDO,NO DEFINIDO,220176539.0,220176539.0,198981354.0
10970738,20221201,218552585,Pupiales,2.3.2.02.02.009,"SERVICIOS PARA LA COMUNIDAD, SOCIALES Y PERSONALES",GASTOS,INVERSION,ADQUISICION DE BIENES Y SERVICIOS,ADQUISICIONES DIFERENTES DE ACTIVOS,ADQUISICION DE SERVICIOS,"SERVICIOS PARA LA COMUNIDAD, SOCIALES Y PERSONALES",No Aplica,No Aplica,No Aplica,No Aplica,VIGENCIA ACTUAL,ENTIDADES TERRITORIALES - ADMINISTRACION CENTRAL,"SERVICIO DE APOYO A LA ACTIVIDAD FISICA, LA RECREACION Y EL DEPORTE",No Aplica,NO DEFINIDO,,,2022,Cuarto Trimestre,,,,OTROS SERVICIOS DE LA ADMINISTRACION PUBLICA N C P,SGP-PROPOSITO GENERAL-DEPORTE Y RECREACION,,,,,,NO APLICA,,,,,,CON SITUACION DE FONDOS,DIRECCION NACIONAL DEL TESORO MINISTERIO DE HACIENDA Y CREDITO PUBLICO,NO APLICA,19965000.0,19965000.0,19965000.0
10971895,20220301,218552585,Pupiales,2,GASTOS,GASTOS,No Aplica,No Aplica,No Aplica,No Aplica,No Aplica,No Aplica,No Aplica,No Aplica,No Aplica,VIGENCIA ACTUAL,ENTIDADES TERRITORIALES - ADMINISTRACION CENTRAL,NO DEFINIDO,No Aplica,NO DEFINIDO,,,2022,Primer Trimestre,,,,NO DEFINIDO,NO DEFINIDO,,,,,,NO DEFINIDO,,,,,,NO DEFINIDO,NO DEFINIDO,NO DEFINIDO,7660539378.0,5944099098.0,5944099098.0
10976495,20230601,218552585,Pupiales,2.3.1.01.01.001.07,BONIFICACION POR SERVICIOS PRESTADOS,GASTOS,INVERSION,GASTOS DE PERSONAL,PLANTA DE PERSONAL PERMANENTE,FACTORES CONSTITUTIVOS DE SALARIO,FACTORES SALARIALES COMUNES,BONIFICACION POR SERVICIOS PRESTADOS,No Aplica,No Aplica,No Aplica,VIGENCIA ACTUAL,ENTIDADES TERRITORIALES - ADMINISTRACION CENTRAL,VIA TERCIARIA MEJORADA,No Aplica,NO DEFINIDO,,,2023,Segundo Trimestre,,,,NO APLICA,INGRESOS CORRIENTES DE LIBRE DESTINACION,,,,,,NO APLICA,,,,,,CON SITUACION DE FONDOS,NO APLICA,NO APLICA,1340301.0,1340301.0,1340301.0
10977993,20210901,218552585,Pupiales,2.3.2.02,ADQUISICIONES DIFERENTES DE ACTIVOS,GASTOS,INVERSION,ADQUISICION DE BIENES Y SERVICIOS,ADQUISICIONES DIFERENTES DE ACTIVOS,No Aplica,No Aplica,No Aplica,No Aplica,No Aplica,No Aplica,VIGENCIA ACTUAL,ENTIDADES TERRITORIALES - ADMINISTRACION CENTRAL,NO DEFINIDO,No Aplica,NO DEFINIDO,,,2021,Tercer Trimestre,,,,NO DEFINIDO,NO DEFINIDO,,,,,,NO DEFINIDO,,,,,,NO DEFINIDO,NO DEFINIDO,NO DEFINIDO,17694621198.0,15946208437.0,15908270755.0
10978282,20230601,218552585,Pupiales,2.1.2.02.02.009,"SERVICIOS PARA LA COMUNIDAD, SOCIALES Y PERSONALES",GASTOS,FUNCIONAMIENTO,ADQUISICION DE BIENES Y SERVICIOS,ADQUISICIONES DIFERENTES DE ACTIVOS,ADQUISICION DE SERVICIOS,"SERVICIOS PARA LA COMUNIDAD, SOCIALES Y PERSONALES",No Aplica,No Aplica,No Aplica,No Aplica,VIGENCIA ACTUAL,ENTIDADES TERRITORIALES - ADMINISTRACION CENTRAL,NO APLICA,No Aplica,NO DEFINIDO,,,2023,Segundo Trimestre,,,,SERVICIOS DE LOS ORGANOS DE CONTROL Y OTRAS INSTITUCIONES,"SGP-PROPOSITO GENERAL-LIBRE DESTINACION MUNICIPIOS CATEGORIAS 4, 5 Y 6",,,,,,NO APLICA,,,,,,CON SITUACION DE FONDOS,NO APLICA,NO APLICA,39400000.0,7940082.0,7940082.0
10979712,20230301,218552585,Pupiales,2.1,FUNCIONAMIENTO,GASTOS,FUNCIONAMIENTO,No Aplica,No Aplica,No Aplica,No Aplica,No Aplica,No Aplica,No Aplica,No Aplica,VIGENCIA ACTUAL,ENTIDADES TERRITORIALES - CONCEJO,NO DEFINIDO,No Aplica,NO DEFINIDO,,,2023,Primer Trimestre,,,,NO DEFINIDO,NO DEFINIDO,,,,,,NO DEFINIDO,,,,,,NO DEFINIDO,NO DEFINIDO,NO DEFINIDO,39378564.0,39378564.0,36368814.0
10982167,20210301,218552585,Pupiales,2.1.1.01.01.001.08.02,PRIMA DE VACACIONES,GASTOS,FUNCIONAMIENTO,GASTOS DE PERSONAL,PLANTA DE PERSONAL PERMANENTE,FACTORES CONSTITUTIVOS DE SALARIO,FACTORES SALARIALES COMUNES,PRESTACIONES SOCIALES,PRIMA DE VACACIONES,No Aplica,No Aplica,VIGENCIA ACTUAL,ENTIDADES TERRITORIALES - ADMINISTRACION CENTRAL,NO APLICA,No Aplica,NO DEFINIDO,,,2021,Primer Trimestre,,,,NO APLICA,1.2.1.0.00 - INGRESOS CORRIENTES DE LIBRE DESTINACION,,,,,,NO APLICA,,,,,,CON SITUACION DE FONDOS,NO APLICA,NO DEFINIDO,581642.0,581642.0,581642.0
10983584,20211201,218552585,Pupiales,2.1.2.02.02,ADQUISICION DE SERVICIOS,GASTOS,FUNCIONAMIENTO,ADQUISICION DE BIENES Y SERVICIOS,ADQUISICIONES DIFERENTES DE ACTIVOS,ADQUISICION DE SERVICIOS,No Aplica,No Aplica,No Aplica,No Aplica,No Aplica,VIGENCIA ACTUAL,ENTIDADES TERRITORIALES - ADMINISTRACION CENTRAL,NO DEFINIDO,No Aplica,NO DEFINIDO,,,2021,Cuarto Trimestre,,,,NO DEFINIDO,NO DEFINIDO,,,,,,NO DEFINIDO,,,,,,NO DEFINIDO,NO DEFINIDO,NO DEFINIDO,738977266.0,738977266.0,736667266.0
10989036,20220901,218552585,Pupiales,2.3.2.02.02.009,"SERVICIOS PARA LA COMUNIDAD, SOCIALES Y PERSONALES",GASTOS,INVERSION,ADQUISICION DE BIENES Y SERVICIOS,ADQUISICIONES DIFERENTES DE ACTIVOS,ADQUISICION DE SERVICIOS,"SERVICIOS PARA LA COMUNIDAD, SOCIALES Y PERSONALES",No Aplica,No Aplica,No Aplica,No Aplica,VIGENCIA ACTUAL,ENTIDADES TERRITORIALES - ADMINISTRACION CENTRAL,SERVICIO DE GESTION DE OFERTA SOCIAL PARA LA POBLACION VULNERABLE,No Aplica,NO DEFINIDO,,,2022,Tercer Trimestre,,,,OTROS SERVICIOS DE LA ADMINISTRACION PUBLICA N C P,INGRESOS CORRIENTES DE LIBRE DESTINACION,,,,,,NO APLICA,,,,,,CON SITUACION DE FONDOS,NO APLICA,NO APLICA,13985000.0,13985000.0,13985000.0
10989984,20220601,218552585,Pupiales,2.1.1.01.01.001.08.02,PRIMA DE VACACIONES,GASTOS,FUNCIONAMIENTO,GASTOS DE PERSONAL,PLANTA DE PERSONAL PERMANENTE,FACTORES CONSTITUTIVOS DE SALARIO,FACTORES SALARIALES COMUNES,PRESTACIONES SOCIALES,PRIMA DE VACACIONES,No Aplica,No Aplica,VIGENCIA ACTUAL,ENTIDADES TERRITORIALES - ADMINISTRACION CENTRAL,NO APLICA,No Aplica,NO DEFINIDO,,,2022,Segundo Trimestre,,,,NO APLICA,INGRESOS CORRIENTES DE LIBRE DESTINACION,,,,,,NO APLICA,,,,,,CON SITUACION DE FONDOS,NO APLICA,NO APLICA,8337944.0,8337944.0,8337944.0
10990785,20210601,218552585,Pupiales,2.2,SERVICIO DE LA DEUDA PUBLICA,GASTOS,SERVICIO DE LA DEUDA PUBLICA,No Aplica,No Aplica,No Aplica,No Aplica,No Aplica,No Aplica,No Aplica,No Aplica,VIGENCIA ACTUAL,ENTIDADES TERRITORIALES - ADMINISTRACION CENTRAL,NO DEFINIDO,No Aplica,NO DEFINIDO,,,2021,Segundo Trimestre,,,,NO DEFINIDO,NO DEFINIDO,,,,,,NO DEFINIDO,,,,,,NO DEFINIDO,NO DEFINIDO,NO DEFINIDO,63743244.0,63743244.0,63743244.0
10995722,20220601,218552585,Pupiales,2.3.2.01.01,ACTIVOS FIJOS,GASTOS,INVERSION,ADQUISICION DE BIENES Y SERVICIOS,ADQUISICION DE ACTIVOS NO FINANCIEROS,ACTIVOS FIJOS,No Aplica,No Aplica,No Aplica,No Aplica,No Aplica,VIGENCIA ACTUAL,ENTIDADES TERRITORIALES - ADMINISTRACION CENTRAL,NO DEFINIDO,No Aplica,NO DEFINIDO,,,2022,Segundo Trimestre,,,,NO DEFINIDO,NO DEFINIDO,,,,,,NO DEFINIDO,,,,,,NO DEFINIDO,NO DEFINIDO,NO DEFINIDO,140956143.0,71938031.0,71938031.0
10995977,20230301,218552585,Pupiales,2.1.2.02.02.009,"SERVICIOS PARA LA COMUNIDAD, SOCIALES Y PERSONALES",GASTOS,FUNCIONAMIENTO,ADQUISICION DE BIENES Y SERVICIOS,ADQUISICIONES DIFERENTES DE ACTIVOS,ADQUISICION DE SERVICIOS,"SERVICIOS PARA LA COMUNIDAD, SOCIALES Y PERSONALES",No Aplica,No Aplica,No Aplica,No Aplica,VIGENCIA ACTUAL,ENTIDADES TERRITORIALES - ADMINISTRACION CENTRAL,NO APLICA,No Aplica,NO DEFINIDO,,,2023,Primer Trimestre,,,,SERVICIOS DE LA ADMINISTRACION PUBLICA RELACIONADOS CON OTROS ASUNTOS DE ORDEN PUBLICO Y SEGURIDAD,"SGP-PROPOSITO GENERAL-LIBRE DESTINACION MUNICIPIOS CATEGORIAS 4, 5 Y 6",,,,,,NO APLICA,,,,,,CON SITUACION DE FONDOS,NO APLICA,NO APLICA,1891719.0,1447017.0,798718.0
11001935,20230601,218552585,Pupiales,2.3.2.01.01.001.03.02,"AUTOPISTAS, CARRETERAS, CALLES",GASTOS,INVERSION,ADQUISICION DE BIENES Y SERVICIOS,ADQUISICION DE ACTIVOS NO FINANCIEROS,ACTIVOS FIJOS,EDIFICACIONES Y ESTRUCTURAS,OTRAS ESTRUCTURAS,"AUTOPISTAS, CARRETERAS, CALLES",No Aplica,No Aplica,RESERVAS,ENTIDADES TERRITORIALES - ADMINISTRACION CENTRAL,NO APLICA,No Aplica,NO DEFINIDO,,,2023,Segundo Trimestre,,,,NO APLICA,SGP-PROPOSITO GENERAL-PROPOSITO GENERAL LIBRE INVERSION,,,,,,NO APLICA,,,,,,CON SITUACION DE FONDOS,NO APLICA,NO APLICA,5975850.0,0.0,0.0
11002488,20220301,218552585,Pupiales,2.3.2.02.02.009,"SERVICIOS PARA LA COMUNIDAD, SOCIALES Y PERSONALES",GASTOS,INVERSION,ADQUISICION DE BIENES Y SERVICIOS,ADQUISICIONES DIFERENTES DE ACTIVOS,ADQUISICION DE SERVICIOS,"SERVICIOS PARA LA COMUNIDAD, SOCIALES Y PERSONALES",No Aplica,No Aplica,No Aplica,No Aplica,VIGENCIA ACTUAL,ENTIDADES TERRITORIALES - ADMINISTRACION CENTRAL,SERVICIO DE GESTION DE OFERTA SOCIAL PARA LA POBLACION VULNERABLE,No Aplica,NO DEFINIDO,,,2022,Primer Trimestre,,,,OTROS SERVICIOS ADMINISTRATIVOS DEL GOBIERNO N C P,INGRESOS CORRIENTES DE LIBRE DESTINACION,,,,,,NO APLICA,,,,,,CON SITUACION DE FONDOS,NO APLICA,NO APLICA,13985000.0,13985000.0,13985000.0
11002688,20221201,218552585,Pupiales,2.3.3.01.02.004,SUBVENCIONES PARA SERVICIOS PUBLICOS DOMICILIARIOS DE AGUA POTABLE Y SANEAMIENTO BASICO,GASTOS,INVERSION,TRANSFERENCIAS CORRIENTES,SUBVENCIONES,A EMPRESAS PUBLICAS NO FINANCIERAS,SUBVENCIONES PARA SERVICIOS PUBLICOS DOMICILIARIOS DE AGUA POTABLE Y SANEAMIENTO BASICO,No Aplica,No Aplica,No Aplica,No Aplica,VIGENCIA ACTUAL,ENTIDADES TERRITORIALES - ADMINISTRACION CENTRAL,NO DEFINIDO,No Aplica,NO DEFINIDO,,,2022,Cuarto Trimestre,,,,NO DEFINIDO,NO DEFINIDO,,,,,,NO DEFINIDO,,,,,,NO DEFINIDO,NO DEFINIDO,NO DEFINIDO,478458712.0,478458712.0,475265932.0
11003571,20220301,218552585,Pupiales,2.1.1.01.02.001,APORTES A LA SEGURIDAD SOCIAL EN PENSIONES,GASTOS,FUNCIONAMIENTO,GASTOS DE PERSONAL,PLANTA DE PERSONAL PERMANENTE,CONTRIBUCIONES INHERENTES A LA NOMINA,APORTES A LA SEGURIDAD SOCIAL EN PENSIONES,No Aplica,No Aplica,No Aplica,No Aplica,VIGENCIA ACTUAL,ENTIDADES TERRITORIALES - ADMINISTRACION CENTRAL,NO APLICA,No Aplica,NO DEFINIDO,,,2022,Primer Trimestre,,,,NO APLICA,INGRESOS CORRIENTES DE LIBRE DESTINACION,,,,,,NO APLICA,,,,,,CON SITUACION DE FONDOS,NO APLICA,NO APLICA,18657071.0,18657071.0,18657071.0
11004656,20220601,218552585,Pupiales,2.1.1.01.01.001.10,VIATICOS DE LOS FUNCIONARIOS EN COMISION,GASTOS,FUNCIONAMIENTO,GASTOS DE PERSONAL,PLANTA DE PERSONAL PERMANENTE,FACTORES CONSTITUTIVOS DE SALARIO,FACTORES SALARIALES COMUNES,VIATICOS DE LOS FUNCIONARIOS EN COMISION,No Aplica,No Aplica,No Aplica,VIGENCIA ACTUAL,ENTIDADES TERRITORIALES - ADMINISTRACION CENTRAL,NO APLICA,No Aplica,NO DEFINIDO,,,2022,Segundo Trimestre,,,,NO APLICA,INGRESOS CORRIENTES DE LIBRE DESTINACION,,,,,,NO APLICA,,,,,,CON SITUACION DE FONDOS,NO APLICA,NO APLICA,2584400.0,2584400.0,2584400.0
11004917,20230301,218552585,Pupiales,2.1.2.02,ADQUISICIONES DIFERENTES DE ACTIVOS,GASTOS,FUNCIONAMIENTO,ADQUISICION DE BIENES Y SERVICIOS,ADQUISICIONES DIFERENTES DE ACTIVOS,No Aplica,No Aplica,No Aplica,No Aplica,No Aplica,No Aplica,CUENTAS POR PAGAR,ENTIDADES TERRITORIALES - ADMINISTRACION CENTRAL,NO DEFINIDO,No Aplica,NO DEFINIDO,,,2023,Primer Trimestre,,,,NO DEFINIDO,NO DEFINIDO,,,,,,NO DEFINIDO,,,,,,NO DEFINIDO,NO DEFINIDO,NO DEFINIDO,1800000.0,1800000.0,0.0
11006165,20210301,218552585,Pupiales,2.3.1.01.02.002,APORTES A LA SEGURIDAD SOCIAL EN SALUD,GASTOS,INVERSION,GASTOS DE PERSONAL,PLANTA DE PERSONAL PERMANENTE,CONTRIBUCIONES INHERENTES A LA NOMINA,APORTES A LA SEGURIDAD SOCIAL EN SALUD,No Aplica,No Aplica,No Aplica,No Aplica,VIGENCIA ACTUAL,ENTIDADES TERRITORIALES - ADMINISTRACION CENTRAL,NO APLICA,No Aplica,NO DEFINIDO,,,2021,Primer Trimestre,,,,NO APLICA,1.2.4.3.03 - SGP-PROPOSITO GENERAL-PROPOSITO GENERAL LIBRE INVERSION,,,,,,NO APLICA,,,,,,CON SITUACION DE FONDOS,DIRECCION NACIONAL DEL TESORO MINISTERIO DE HACIENDA Y CREDITO PUBLICO,NO DEFINIDO,2738135.0,2738135.0,2738135.0
11011745,20220901,218552585,Pupiales,2.3.2.02.02.009,"SERVICIOS PARA LA COMUNIDAD, SOCIALES Y PERSONALES",GASTOS,INVERSION,ADQUISICION DE BIENES Y SERVICIOS,ADQUISICIONES DIFERENTES DE ACTIVOS,ADQUISICION DE SERVICIOS,"SERVICIOS PARA LA COMUNIDAD, SOCIALES Y PERSONALES",No Aplica,No Aplica,No Aplica,No Aplica,VIGENCIA ACTUAL,ENTIDADES TERRITORIALES - ADMINISTRACION CENTRAL,ESCUELAS DE MUSICA CONSTRUIDAS,No Aplica,NO DEFINIDO,,,2022,Tercer Trimestre,,,,OTROS SERVICIOS DE LA ADMINISTRACION PUBLICA N C P,SGP-PROPOSITO GENERAL-PROPOSITO GENERAL LIBRE INVERSION,,,,,,NO APLICA,,,,,,CON SITUACION DE FONDOS,NO APLICA,NO APLICA,47909402.0,0.0,0.0
11016007,20230301,218552585,Pupiales,2.3.2.02.02,ADQUISICION DE SERVICIOS,GASTOS,INVERSION,ADQUISICION DE BIENES Y SERVICIOS,ADQUISICIONES DIFERENTES DE ACTIVOS,ADQUISICION DE SERVICIOS,No Aplica,No Aplica,No Aplica,No Aplica,No Aplica,RESERVAS,ENTIDADES TERRITORIALES - ADMINISTRACION CENTRAL,NO DEFINIDO,No Aplica,NO DEFINIDO,,,2023,Primer Trimestre,,,,NO DEFINIDO,NO DEFINIDO,,,,,,NO DEFINIDO,,,,,,NO DEFINIDO,NO DEFINIDO,NO DEFINIDO,3952024126.0,243286453.0,243286453.0
11016876,20230301,218552585,Pupiales,2.1.2.02.02.009,"SERVICIOS PARA LA COMUNIDAD, SOCIALES Y PERSONALES",GASTOS,FUNCIONAMIENTO,ADQUISICION DE BIENES Y SERVICIOS,ADQUISICIONES DIFERENTES DE ACTIVOS,ADQUISICION DE SERVICIOS,"SERVICIOS PARA LA COMUNIDAD, SOCIALES Y PERSONALES",No Aplica,No Aplica,No Aplica,No Aplica,VIGENCIA ACTUAL,ENTIDADES TERRITORIALES - ADMINISTRACION CENTRAL,NO APLICA,No Aplica,NO DEFINIDO,,,2023,Primer Trimestre,,,,OTROS SERVICIOS DE APOYO PARA EL MEJORAMIENTO DEL COMPORTAMIENTO CIVICO Y DE LAS INFRAESTRUCTURAS COMUNITARIAS,"SGP-PROPOSITO GENERAL-LIBRE DESTINACION MUNICIPIOS CATEGORIAS 4, 5 Y 6",,,,,,NO APLICA,,,,,,CON SITUACION DE FONDOS,NO APLICA,NO APLICA,12712729.0,9724242.0,5367545.0
11017733,20230601,218552585,Pupiales,2.3.2.02.02.009,"SERVICIOS PARA LA COMUNIDAD, SOCIALES Y PERSONALES",GASTOS,INVERSION,ADQUISICION DE BIENES Y SERVICIOS,ADQUISICIONES DIFERENTES DE ACTIVOS,ADQUISICION DE SERVICIOS,"SERVICIOS PARA LA COMUNIDAD, SOCIALES Y PERSONALES",No Aplica,No Aplica,No Aplica,No Aplica,VIGENCIA ACTUAL,ENTIDADES TERRITORIALES - ADMINISTRACION CENTRAL,SERVICIO DE JUSTICIA A LOS CIUDADANOS,No Aplica,NO DEFINIDO,,,2023,Segundo Trimestre,,,,SERVICIOS DE LOS ORGANOS DE CONTROL Y OTRAS INSTITUCIONES,"SGP-PROPOSITO GENERAL-LIBRE DESTINACION MUNICIPIOS CATEGORIAS 4, 5 Y 6",,,,,,NO APLICA,,,,,,CON SITUACION DE FONDOS,NO APLICA,NO APLICA,7000000.0,0.0,0.0
11017940,20210601,218552585,Pupiales,2.1.1.01.03.001.03,BONIFICACION ESPECIAL DE RECREACION,GASTOS,FUNCIONAMIENTO,GASTOS DE PERSONAL,PLANTA DE PERSONAL PERMANENTE,REMUNERACIONES NO CONSTITUTIVAS DE FACTOR SALARIAL,PRESTACIONES SOCIALES,BONIFICACION ESPECIAL DE RECREACION,No Aplica,No Aplica,No Aplica,VIGENCIA ACTUAL,ENTIDADES TERRITORIALES - ADMINISTRACION CENTRAL,NO APLICA,No Aplica,NO DEFINIDO,,,2021,Segundo Trimestre,,,,NO APLICA,1.2.1.0.00 - INGRESOS CORRIENTES DE LIBRE DESTINACION,,,,,,NO APLICA,,,,,,CON SITUACION DE FONDOS,NO APLICA,NO DEFINIDO,789816.0,789816.0,789816.0
11019769,20220901,218552585,Pupiales,2.3.2.02.02.009,"SERVICIOS PARA LA COMUNIDAD, SOCIALES Y PERSONALES",GASTOS,INVERSION,ADQUISICION DE BIENES Y SERVICIOS,ADQUISICIONES DIFERENTES DE ACTIVOS,ADQUISICION DE SERVICIOS,"SERVICIOS PARA LA COMUNIDAD, SOCIALES Y PERSONALES",No Aplica,No Aplica,No Aplica,No Aplica,VIGENCIA ACTUAL,ENTIDADES TERRITORIALES - ADMINISTRACION CENTRAL,"SERVICIO DE INSPECCION, VIGILANCIA Y CONTROL1903011",No Aplica,NO DEFINIDO,,,2022,Tercer Trimestre,,,,OTROS SERVICIOS DE LA ADMINISTRACION PUBLICA N C P,SGP-SALUD-PRESTACION DEL SERVICIO DE SALUD,,,,,,NO APLICA,,,,,,CON SITUACION DE FONDOS,DIRECCION NACIONAL DEL TESORO MINISTERIO DE HACIENDA Y CREDITO PUBLICO,NO APLICA,14923750.0,14923750.0,14923750.0
11020929,20220901,218552585,Pupiales,2.1.1,GASTOS DE PERSONAL,GASTOS,FUNCIONAMIENTO,GASTOS DE PERSONAL,No Aplica,No Aplica,No Aplica,No Aplica,No Aplica,No Aplica,No Aplica,VIGENCIA ACTUAL,ENTIDADES TERRITORIALES - CONCEJO,NO DEFINIDO,No Aplica,NO DEFINIDO,,,2022,Tercer Trimestre,,,,NO DEFINIDO,NO DEFINIDO,,,,,,NO DEFINIDO,,,,,,NO DEFINIDO,NO DEFINIDO,NO DEFINIDO,141752037.0,141752037.0,141752037.0
11023979,20220301,218552585,Pupiales,2.3.2.02.02.009,"SERVICIOS PARA LA COMUNIDAD, SOCIALES Y PERSONALES",GASTOS,INVERSION,ADQUISICION DE BIENES Y SERVICIOS,ADQUISICIONES DIFERENTES DE ACTIVOS,ADQUISICION DE SERVICIOS,"SERVICIOS PARA LA COMUNIDAD, SOCIALES Y PERSONALES",No Aplica,No Aplica,No Aplica,No Aplica,VIGENCIA ACTUAL,ENTIDADES TERRITORIALES - ADMINISTRACION CENTRAL,SERVICIO DE APOYO FINANCIERO PARA EL MEJORAMIENTO DE PRODUCTOS O PROCESOS,No Aplica,NO DEFINIDO,,,2022,Primer Trimestre,,,,OTROS SERVICIOS ADMINISTRATIVOS DEL GOBIERNO N C P,INGRESOS CORRIENTES DE LIBRE DESTINACION,,,,,,NO APLICA,,,,,,CON SITUACION DE FONDOS,NO APLICA,NO APLICA,4049367.0,4049367.0,4049367.0
11024169,20230301,218552585,Pupiales,2.3.2.02.02.009,"SERVICIOS PARA LA COMUNIDAD, SOCIALES Y PERSONALES",GASTOS,INVERSION,ADQUISICION DE BIENES Y SERVICIOS,ADQUISICIONES DIFERENTES DE ACTIVOS,ADQUISICION DE SERVICIOS,"SERVICIOS PARA LA COMUNIDAD, SOCIALES Y PERSONALES",No Aplica,No Aplica,No Aplica,No Aplica,VIGENCIA ACTUAL,ENTIDADES TERRITORIALES - ADMINISTRACION CENTRAL,VIA SECUNDARIA MEJORADA,No Aplica,NO DEFINIDO,,,2023,Primer Trimestre,,,,SERVICIOS DE LA ADMINISTRACION PUBLICA RELACIONADOS CON LA VIVIENDA E INFRAESTRUCTURA DE SERVICIOS PUBLICOS,SGP-PROPOSITO GENERAL-PROPOSITO GENERAL LIBRE INVERSION,,,,,,NO APLICA,,,,,,CON SITUACION DE FONDOS,NO APLICA,NO APLICA,68746057.0,56398891.0,43917156.0
11026478,20221201,218552585,Pupiales,2.1.1.01.03.004,BONIFICACION DE GESTION TERRITORIAL PARA ALCALDES,GASTOS,FUNCIONAMIENTO,GASTOS DE PERSONAL,PLANTA DE PERSONAL PERMANENTE,REMUNERACIONES NO CONSTITUTIVAS DE FACTOR SALARIAL,BONIFICACION DE GESTION TERRITORIAL PARA ALCALDES,No Aplica,No Aplica,No Aplica,No Aplica,VIGENCIA ACTUAL,ENTIDADES TERRITORIALES - ADMINISTRACION CENTRAL,NO APLICA,No Aplica,NO DEFINIDO,,,2022,Cuarto Trimestre,,,,NO APLICA,"SGP-PROPOSITO GENERAL-LIBRE DESTINACION MUNICIPIOS CATEGORIAS 4, 5 Y 6",,,,,,NO APLICA,,,,,,CON SITUACION DE FONDOS,NO APLICA,NO APLICA,7035510.0,7035510.0,7035510.0
11028444,20221201,218552585,Pupiales,2.3.1.01.03.001,PRESTACIONES SOCIALES,GASTOS,INVERSION,GASTOS DE PERSONAL,PLANTA DE PERSONAL PERMANENTE,REMUNERACIONES NO CONSTITUTIVAS DE FACTOR SALARIAL,PRESTACIONES SOCIALES,No Aplica,No Aplica,No Aplica,No Aplica,VIGENCIA ACTUAL,ENTIDADES TERRITORIALES - ADMINISTRACION CENTRAL,NO DEFINIDO,No Aplica,NO DEFINIDO,,,2022,Cuarto Trimestre,,,,NO DEFINIDO,NO DEFINIDO,,,,,,NO DEFINIDO,,,,,,NO DEFINIDO,NO DEFINIDO,NO DEFINIDO,7536558.0,7536558.0,7536558.0
11028991,20220301,218552585,Pupiales,2.3.2.02.02.009,"SERVICIOS PARA LA COMUNIDAD, SOCIALES Y PERSONALES",GASTOS,INVERSION,ADQUISICION DE BIENES Y SERVICIOS,ADQUISICIONES DIFERENTES DE ACTIVOS,ADQUISICION DE SERVICIOS,"SERVICIOS PARA LA COMUNIDAD, SOCIALES Y PERSONALES",No Aplica,No Aplica,No Aplica,No Aplica,VIGENCIA ACTUAL,ENTIDADES TERRITORIALES - ADMINISTRACION CENTRAL,SERVICIO DE ASISTENCIA TECNICA4502022,No Aplica,NO DEFINIDO,,,2022,Primer Trimestre,,,,OTROS SERVICIOS ADMINISTRATIVOS DEL GOBIERNO N C P,SGP-PROPOSITO GENERAL-PROPOSITO GENERAL LIBRE INVERSION,,,,,,NO APLICA,,,,,,CON SITUACION DE FONDOS,DIRECCION NACIONAL DEL TESORO MINISTERIO DE HACIENDA Y CREDITO PUBLICO,NO APLICA,8000000.0,8000000.0,8000000.0
11030576,20230301,218552585,Pupiales,2.3.2.02.02.009,"SERVICIOS PARA LA COMUNIDAD, SOCIALES Y PERSONALES",GASTOS,INVERSION,ADQUISICION DE BIENES Y SERVICIOS,ADQUISICIONES DIFERENTES DE ACTIVOS,ADQUISICION DE SERVICIOS,"SERVICIOS PARA LA COMUNIDAD, SOCIALES Y PERSONALES",No Aplica,No Aplica,No Aplica,No Aplica,VIGENCIA ACTUAL,ENTIDADES TERRITORIALES - ADMINISTRACION CENTRAL,SERVICIO DE GESTION TERRITORIAL PARA ATENCION EN SALUD -PANDEMIAS- A POBLACION AFECTADA POR EMERGENCIAS O DESASTRES,No Aplica,NO DEFINIDO,,,2023,Primer Trimestre,,,,SERVICIOS DE LA ADMINISTRACION PUBLICA RELACIONADOS CON LA SALUD,SGP-SALUD-SALUD PUBLICA,,,,,,NO APLICA,,,,,,CON SITUACION DE FONDOS,NO APLICA,NO APLICA,13080000.0,9708750.0,4900373.0
11030688,20230301,218552585,Pupiales,2.3.2.02.02.009,"SERVICIOS PARA LA COMUNIDAD, SOCIALES Y PERSONALES",GASTOS,INVERSION,ADQUISICION DE BIENES Y SERVICIOS,ADQUISICIONES DIFERENTES DE ACTIVOS,ADQUISICION DE SERVICIOS,"SERVICIOS PARA LA COMUNIDAD, SOCIALES Y PERSONALES",No Aplica,No Aplica,No Aplica,No Aplica,RESERVAS,ENTIDADES TERRITORIALES - ADMINISTRACION CENTRAL,VIA SECUNDARIA MEJORADA,No Aplica,NO DEFINIDO,,,2023,Primer Trimestre,,,,OTROS SERVICIOS DIVERSOS N C P,TRANSFERENCIAS DE CAPITAL DE OTRAS ENTIDADES DEL GOBIERNO GENERAL,,,,,,NO APLICA,,,,,,CON SITUACION DE FONDOS,NO APLICA,NO APLICA,3592094122.0,0.0,0.0
11032285,20230601,218552585,Pupiales,2,GASTOS,GASTOS,No Aplica,No Aplica,No Aplica,No Aplica,No Aplica,No Aplica,No Aplica,No Aplica,No Aplica,RESERVAS,ENTIDADES TERRITORIALES - ADMINISTRACION CENTRAL,NO DEFINIDO,No Aplica,NO DEFINIDO,,,2023,Segundo Trimestre,,,,NO DEFINIDO,NO DEFINIDO,,,,,,NO DEFINIDO,,,,,,NO DEFINIDO,NO DEFINIDO,NO DEFINIDO,1095950022.0,702808827.0,702808827.0
11032396,20220601,218552585,Pupiales,2.1.1.01.03.001,PRESTACIONES SOCIALES,GASTOS,FUNCIONAMIENTO,GASTOS DE PERSONAL,PLANTA DE PERSONAL PERMANENTE,REMUNERACIONES NO CONSTITUTIVAS DE FACTOR SALARIAL,PRESTACIONES SOCIALES,No Aplica,No Aplica,No Aplica,No Aplica,VIGENCIA ACTUAL,ENTIDADES TERRITORIALES - ADMINISTRACION CENTRAL,NO DEFINIDO,No Aplica,NO DEFINIDO,,,2022,Segundo Trimestre,,,,NO DEFINIDO,NO DEFINIDO,,,,,,NO DEFINIDO,,,,,,NO DEFINIDO,NO DEFINIDO,NO DEFINIDO,12879445.0,12879445.0,12879445.0
11034789,20220601,218552585,Pupiales,2.1.1.01.01,FACTORES CONSTITUTIVOS DE SALARIO,GASTOS,FUNCIONAMIENTO,GASTOS DE PERSONAL,PLANTA DE PERSONAL PERMANENTE,FACTORES CONSTITUTIVOS DE SALARIO,No Aplica,No Aplica,No Aplica,No Aplica,No Aplica,VIGENCIA ACTUAL,ENTIDADES TERRITORIALES - ADMINISTRACION CENTRAL,NO DEFINIDO,No Aplica,NO DEFINIDO,,,2022,Segundo Trimestre,,,,NO DEFINIDO,NO DEFINIDO,,,,,,NO DEFINIDO,,,,,,NO DEFINIDO,NO DEFINIDO,NO DEFINIDO,310712578.0,243123183.0,243123183.0
11035560,20230601,218552585,Pupiales,2.3.2.02,ADQUISICIONES DIFERENTES DE ACTIVOS,GASTOS,INVERSION,ADQUISICION DE BIENES Y SERVICIOS,ADQUISICIONES DIFERENTES DE ACTIVOS,No Aplica,No Aplica,No Aplica,No Aplica,No Aplica,No Aplica,CUENTAS POR PAGAR,ENTIDADES TERRITORIALES - ADMINISTRACION CENTRAL,NO DEFINIDO,No Aplica,NO DEFINIDO,,,2023,Segundo Trimestre,,,,NO DEFINIDO,NO DEFINIDO,,,,,,NO DEFINIDO,,,,,,NO DEFINIDO,NO DEFINIDO,NO DEFINIDO,57304710.0,57304710.0,46297222.0
11036244,20210901,218552585,Pupiales,2.1.2.01.01.003,MAQUINARIA Y EQUIPO,GASTOS,FUNCIONAMIENTO,ADQUISICION DE BIENES Y SERVICIOS,ADQUISICION DE ACTIVOS NO FINANCIEROS,ACTIVOS FIJOS,MAQUINARIA Y EQUIPO,No Aplica,No Aplica,No Aplica,No Aplica,VIGENCIA ACTUAL,ENTIDADES TERRITORIALES - ADMINISTRACION CENTRAL,NO DEFINIDO,No Aplica,NO DEFINIDO,,,2021,Tercer Trimestre,,,,NO DEFINIDO,NO DEFINIDO,,,,,,NO DEFINIDO,,,,,,NO DEFINIDO,NO DEFINIDO,NO DEFINIDO,23200000.0,23200000.0,23200000.0
11036297,20211201,218552585,Pupiales,2.1,FUNCIONAMIENTO,GASTOS,FUNCIONAMIENTO,No Aplica,No Aplica,No Aplica,No Aplica,No Aplica,No Aplica,No Aplica,No Aplica,VIGENCIA ACTUAL,ENTIDADES TERRITORIALES - PERSONERIA,NO DEFINIDO,No Aplica,NO DEFINIDO,,,2021,Cuarto Trimestre,,,,NO DEFINIDO,NO DEFINIDO,,,,,,NO DEFINIDO,,,,,,NO DEFINIDO,NO DEFINIDO,NO DEFINIDO,136278900.0,136278900.0,136278900.0
11042528,20220901,218552585,Pupiales,2.1.2.02.01,MATERIALES Y SUMINISTROS,GASTOS,FUNCIONAMIENTO,ADQUISICION DE BIENES Y SERVICIOS,ADQUISICIONES DIFERENTES DE ACTIVOS,MATERIALES Y SUMINISTROS,No Aplica,No Aplica,No Aplica,No Aplica,No Aplica,VIGENCIA ACTUAL,ENTIDADES TERRITORIALES - ADMINISTRACION CENTRAL,NO DEFINIDO,No Aplica,NO DEFINIDO,,,2022,Tercer Trimestre,,,,NO DEFINIDO,NO DEFINIDO,,,,,,NO DEFINIDO,,,,,,NO DEFINIDO,NO DEFINIDO,NO DEFINIDO,53604884.0,50890884.0,50890884.0
11042615,20211201,218552585,Pupiales,2.3.3.05.09,A OTRAS ENTIDADES DEL GOBIERNO GENERAL,GASTOS,INVERSION,TRANSFERENCIAS CORRIENTES,A ENTIDADES DEL GOBIERNO,A OTRAS ENTIDADES DEL GOBIERNO GENERAL,No Aplica,No Aplica,No Aplica,No Aplica,No Aplica,VIGENCIA ACTUAL,ENTIDADES TERRITORIALES - ADMINISTRACION CENTRAL,NO DEFINIDO,No Aplica,NO DEFINIDO,,,2021,Cuarto Trimestre,,,,NO DEFINIDO,NO DEFINIDO,,,,,,NO DEFINIDO,,,,,,NO DEFINIDO,NO DEFINIDO,NO DEFINIDO,239694142.0,239694142.0,239694142.0
11044028,20220901,218552585,Pupiales,2.1.1.01.02.006,APORTES AL ICBF,GASTOS,FUNCIONAMIENTO,GASTOS DE PERSONAL,PLANTA DE PERSONAL PERMANENTE,CONTRIBUCIONES INHERENTES A LA NOMINA,APORTES AL ICBF,No Aplica,No Aplica,No Aplica,No Aplica,VIGENCIA ACTUAL,ENTIDADES TERRITORIALES - ADMINISTRACION CENTRAL,NO APLICA,No Aplica,NO DEFINIDO,,,2022,Tercer Trimestre,,,,NO APLICA,INGRESOS CORRIENTES DE LIBRE DESTINACION,,,,,,NO APLICA,,,,,,CON SITUACION DE FONDOS,NO APLICA,NO APLICA,10840468.0,10840468.0,10840468.0
11044526,20210301,218552585,Pupiales,2.1.1.01.01,FACTORES CONSTITUTIVOS DE SALARIO,GASTOS,FUNCIONAMIENTO,GASTOS DE PERSONAL,PLANTA DE PERSONAL PERMANENTE,FACTORES CONSTITUTIVOS DE SALARIO,No Aplica,No Aplica,No Aplica,No Aplica,No Aplica,VIGENCIA ACTUAL,ENTIDADES TERRITORIALES - PERSONERIA,NO DEFINIDO,No Aplica,NO DEFINIDO,,,2021,Primer Trimestre,,,,NO DEFINIDO,NO DEFINIDO,,,,,,NO DEFINIDO,,,,,,NO DEFINIDO,NO DEFINIDO,NO DEFINIDO,34869450.0,34869450.0,34869450.0
11054381,20210301,218552585,Pupiales,2.3.2.01.01.001.02,EDIFICACIONES DISTINTAS A VIVIENDAS,GASTOS,INVERSION,ADQUISICION DE BIENES Y SERVICIOS,ADQUISICION DE ACTIVOS NO FINANCIEROS,ACTIVOS FIJOS,EDIFICACIONES Y ESTRUCTURAS,EDIFICACIONES DISTINTAS A VIVIENDAS,No Aplica,No Aplica,No Aplica,VIGENCIA ACTUAL,ENTIDADES TERRITORIALES - ADMINISTRACION CENTRAL,NO DEFINIDO,No Aplica,NO DEFINIDO,,,2021,Primer Trimestre,,,,NO DEFINIDO,NO DEFINIDO,,,,,,NO DEFINIDO,,,,,,NO DEFINIDO,NO DEFINIDO,NO DEFINIDO,13800000.0,7710000.0,5750000.0
11054574,20230301,218552585,Pupiales,2.1.2.02.02.009,"SERVICIOS PARA LA COMUNIDAD, SOCIALES Y PERSONALES",GASTOS,FUNCIONAMIENTO,ADQUISICION DE BIENES Y SERVICIOS,ADQUISICIONES DIFERENTES DE ACTIVOS,ADQUISICION DE SERVICIOS,"SERVICIOS PARA LA COMUNIDAD, SOCIALES Y PERSONALES",No Aplica,No Aplica,No Aplica,No Aplica,VIGENCIA ACTUAL,ENTIDADES TERRITORIALES - ADMINISTRACION CENTRAL,NO APLICA,No Aplica,NO DEFINIDO,,,2023,Primer Trimestre,,,,OTROS SERVICIOS DIVERSOS N C P,"SGP-PROPOSITO GENERAL-LIBRE DESTINACION MUNICIPIOS CATEGORIAS 4, 5 Y 6",,,,,,NO APLICA,,,,,,CON SITUACION DE FONDOS,NO APLICA,NO APLICA,741609.0,567273.0,313120.0
11055448,20221201,218552585,Pupiales,2.1.1,GASTOS DE PERSONAL,GASTOS,FUNCIONAMIENTO,GASTOS DE PERSONAL,No Aplica,No Aplica,No Aplica,No Aplica,No Aplica,No Aplica,No Aplica,VIGENCIA ACTUAL,ENTIDADES TERRITORIALES - ADMINISTRACION CENTRAL,NO DEFINIDO,No Aplica,NO DEFINIDO,,,2022,Cuarto Trimestre,,,,NO DEFINIDO,NO DEFINIDO,,,,,,NO DEFINIDO,,,,,,NO DEFINIDO,NO DEFINIDO,NO DEFINIDO,1092075560.0,1092075560.0,1050518091.0
11055873,20230601,218552585,Pupiales,2.3.2.02.02.009,"SERVICIOS PARA LA COMUNIDAD, SOCIALES Y PERSONALES",GASTOS,INVERSION,ADQUISICION DE BIENES Y SERVICIOS,ADQUISICIONES DIFERENTES DE ACTIVOS,ADQUISICION DE SERVICIOS,"SERVICIOS PARA LA COMUNIDAD, SOCIALES Y PERSONALES",No Aplica,No Aplica,No Aplica,No Aplica,VIGENCIA ACTUAL,ENTIDADES TERRITORIALES - ADMINISTRACION CENTRAL,SERVICIO DE EDUCACION INFORMAL EN TEMAS DE SALUD PUBLICA,No Aplica,NO DEFINIDO,,,2023,Segundo Trimestre,,,,SERVICIOS DE LOS ORGANOS DE CONTROL Y OTRAS INSTITUCIONES,DERECHOS POR LA EXPLOTACION JUEGOS DE SUERTE Y AZAR,,,,,,NO APLICA,,,,,,CON SITUACION DE FONDOS,NO APLICA,NO APLICA,56040000.0,39740000.0,39740000.0
11056542,20221201,218552585,Pupiales,2.1.3.05.04.001,PARTICIPACIONES DE IMPUESTOS,GASTOS,FUNCIONAMIENTO,TRANSFERENCIAS CORRIENTES,A ENTIDADES DEL GOBIERNO,PARTICIPACIONES DISTINTAS DEL SGP,PARTICIPACIONES DE IMPUESTOS,No Aplica,No Aplica,No Aplica,No Aplica,VIGENCIA ACTUAL,ENTIDADES TERRITORIALES - ADMINISTRACION CENTRAL,NO DEFINIDO,No Aplica,NO DEFINIDO,,,2022,Cuarto Trimestre,,,,NO DEFINIDO,NO DEFINIDO,,,,,,NO DEFINIDO,,,,,,NO DEFINIDO,NO DEFINIDO,NO DEFINIDO,61349586.0,61349586.0,55111163.0
11057146,20211201,218552585,Pupiales,2.3.2.01.01.001,EDIFICACIONES Y ESTRUCTURAS,GASTOS,INVERSION,ADQUISICION DE BIENES Y SERVICIOS,ADQUISICION DE ACTIVOS NO FINANCIEROS,ACTIVOS FIJOS,EDIFICACIONES Y ESTRUCTURAS,No Aplica,No Aplica,No Aplica,No Aplica,VIGENCIA ACTUAL,ENTIDADES TERRITORIALES - ADMINISTRACION CENTRAL,NO DEFINIDO,No Aplica,NO DEFINIDO,,,2021,Cuarto Trimestre,,,,NO DEFINIDO,NO DEFINIDO,,,,,,NO DEFINIDO,,,,,,NO DEFINIDO,NO DEFINIDO,NO DEFINIDO,413524516.0,345526865.0,315035071.0
11057493,20211201,218552585,Pupiales,2.3.2.02.02.009,"SERVICIOS PARA LA COMUNIDAD, SOCIALES Y PERSONALES",GASTOS,INVERSION,ADQUISICION DE BIENES Y SERVICIOS,ADQUISICIONES DIFERENTES DE ACTIVOS,ADQUISICION DE SERVICIOS,"SERVICIOS PARA LA COMUNIDAD, SOCIALES Y PERSONALES",No Aplica,No Aplica,No Aplica,No Aplica,VIGENCIA ACTUAL,ENTIDADES TERRITORIALES - ADMINISTRACION CENTRAL,NO APLICA,2021525850003,NO DEFINIDO,,,2021,Cuarto Trimestre,,,,OTROS SERVICIOS DIVERSOS N C P,SGP-PROPOSITO GENERAL-PROPOSITO GENERAL LIBRE INVERSION,,,,,,NO APLICA,,,,,,CON SITUACION DE FONDOS,DIRECCION NACIONAL DEL TESORO MINISTERIO DE HACIENDA Y CREDITO PUBLICO,NO DEFINIDO,614672228.0,614672228.0,570672228.0
11057608,20211201,218552585,Pupiales,2.3.2.02.02.009,"SERVICIOS PARA LA COMUNIDAD, SOCIALES Y PERSONALES",GASTOS,INVERSION,ADQUISICION DE BIENES Y SERVICIOS,ADQUISICIONES DIFERENTES DE ACTIVOS,ADQUISICION DE SERVICIOS,"SERVICIOS PARA LA COMUNIDAD, SOCIALES Y PERSONALES",No Aplica,No Aplica,No Aplica,No Aplica,VIGENCIA ACTUAL,ENTIDADES TERRITORIALES - ADMINISTRACION CENTRAL,SERVICIO DE ASISTENCIA TECNICA PARA LA IMPLEMENTACION DE LOS METODOS DE SOLUCION DE CONFLICTOS,2021525850008,NO DEFINIDO,,,2021,Cuarto Trimestre,,,,OTROS SERVICIOS DIVERSOS N C P,SGP-PROPOSITO GENERAL-PROPOSITO GENERAL LIBRE INVERSION,,,,,,NO APLICA,,,,,,CON SITUACION DE FONDOS,DIRECCION NACIONAL DEL TESORO MINISTERIO DE HACIENDA Y CREDITO PUBLICO,NO DEFINIDO,76400000.0,76400000.0,76400000.0
11061242,20210301,218552585,Pupiales,2.3.2.02,ADQUISICIONES DIFERENTES DE ACTIVOS,GASTOS,INVERSION,ADQUISICION DE BIENES Y SERVICIOS,ADQUISICIONES DIFERENTES DE ACTIVOS,No Aplica,No Aplica,No Aplica,No Aplica,No Aplica,No Aplica,VIGENCIA ACTUAL,ENTIDADES TERRITORIALES - ADMINISTRACION CENTRAL,NO DEFINIDO,No Aplica,NO DEFINIDO,,,2021,Primer Trimestre,,,,NO DEFINIDO,NO DEFINIDO,,,,,,NO DEFINIDO,,,,,,NO DEFINIDO,NO DEFINIDO,NO DEFINIDO,6062998668.0,4644955528.0,4616171528.0
11062088,20220301,218552585,Pupiales,2.1.1.01.01.001.05,AUXILIO DE TRANSPORTE,GASTOS,FUNCIONAMIENTO,GASTOS DE PERSONAL,PLANTA DE PERSONAL PERMANENTE,FACTORES CONSTITUTIVOS DE SALARIO,FACTORES SALARIALES COMUNES,AUXILIO DE TRANSPORTE,No Aplica,No Aplica,No Aplica,VIGENCIA ACTUAL,ENTIDADES TERRITORIALES - ADMINISTRACION CENTRAL,NO APLICA,No Aplica,NO DEFINIDO,,,2022,Primer Trimestre,,,,NO APLICA,INGRESOS CORRIENTES DE LIBRE DESTINACION,,,,,,NO APLICA,,,,,,CON SITUACION DE FONDOS,NO APLICA,NO APLICA,4151795.0,4151795.0,4151795.0
11063401,20211201,218552585,Pupiales,2.2.2.02.02.002,ENTIDADES FINANCIERAS,GASTOS,SERVICIO DE LA DEUDA PUBLICA,SERVICIO DE LA DEUDA PUBLICA INTERNA,INTERESES,PRESTAMOS,ENTIDADES FINANCIERAS,No Aplica,No Aplica,No Aplica,No Aplica,VIGENCIA ACTUAL,ENTIDADES TERRITORIALES - ADMINISTRACION CENTRAL,NO DEFINIDO,No Aplica,NO DEFINIDO,,,2021,Cuarto Trimestre,,,,NO DEFINIDO,NO DEFINIDO,,,,,,NO DEFINIDO,,,,,,NO DEFINIDO,NO DEFINIDO,NO DEFINIDO,54738225.0,54738225.0,54738225.0
11064277,20220601,218552585,Pupiales,2.3.1.01.03.001,PRESTACIONES SOCIALES,GASTOS,INVERSION,GASTOS DE PERSONAL,PLANTA DE PERSONAL PERMANENTE,REMUNERACIONES NO CONSTITUTIVAS DE FACTOR SALARIAL,PRESTACIONES SOCIALES,No Aplica,No Aplica,No Aplica,No Aplica,VIGENCIA ACTUAL,ENTIDADES TERRITORIALES - ADMINISTRACION CENTRAL,NO DEFINIDO,No Aplica,NO DEFINIDO,,,2022,Segundo Trimestre,,,,NO DEFINIDO,NO DEFINIDO,,,,,,NO DEFINIDO,,,,,,NO DEFINIDO,NO DEFINIDO,NO DEFINIDO,6165096.0,6165096.0,6165096.0
11064782,20210601,218552585,Pupiales,2.1,FUNCIONAMIENTO,GASTOS,FUNCIONAMIENTO,No Aplica,No Aplica,No Aplica,No Aplica,No Aplica,No Aplica,No Aplica,No Aplica,VIGENCIA ACTUAL,ENTIDADES TERRITORIALES - ADMINISTRACION CENTRAL,NO DEFINIDO,No Aplica,NO DEFINIDO,,,2021,Segundo Trimestre,,,,NO DEFINIDO,NO DEFINIDO,,,,,,NO DEFINIDO,,,,,,NO DEFINIDO,NO DEFINIDO,NO DEFINIDO,879314333.0,774261838.0,774261838.0
11066905,20220901,218552585,Pupiales,2.3.2.02.02.009,"SERVICIOS PARA LA COMUNIDAD, SOCIALES Y PERSONALES",GASTOS,INVERSION,ADQUISICION DE BIENES Y SERVICIOS,ADQUISICIONES DIFERENTES DE ACTIVOS,ADQUISICION DE SERVICIOS,"SERVICIOS PARA LA COMUNIDAD, SOCIALES Y PERSONALES",No Aplica,No Aplica,No Aplica,No Aplica,VIGENCIA ACTUAL,ENTIDADES TERRITORIALES - ADMINISTRACION CENTRAL,"SERVICIO DE APOYO FINANCIERO A LOS PLANES, PROGRAMAS Y PROYECTOS DE AGUA POTABLE Y SANEAMIENTO BASICO",No Aplica,NO DEFINIDO,,,2022,Tercer Trimestre,,,,OTROS SERVICIOS DE LA ADMINISTRACION PUBLICA N C P,SGP-AGUA POTABLE Y SANEAMIENTO BASICO,,,,,,NO APLICA,,,,,,CON SITUACION DE FONDOS,DIRECCION NACIONAL DEL TESORO MINISTERIO DE HACIENDA Y CREDITO PUBLICO,NO APLICA,28000000.0,14000000.0,14000000.0
11067721,20230601,218552585,Pupiales,2.3.2,ADQUISICION DE BIENES Y SERVICIOS,GASTOS,INVERSION,ADQUISICION DE BIENES Y SERVICIOS,No Aplica,No Aplica,No Aplica,No Aplica,No Aplica,No Aplica,No Aplica,CUENTAS POR PAGAR,ENTIDADES DIFERENTES A ENTIDADES TERRITORIALES - GESTION GENERAL,NO DEFINIDO,No Aplica,NO DEFINIDO,,,2023,Segundo Trimestre,,,,NO DEFINIDO,NO DEFINIDO,,,,,,NO DEFINIDO,,,,,,NO DEFINIDO,NO DEFINIDO,NO DEFINIDO,3897204.0,3897204.0,3897204.0
11069376,20230301,218552585,Pupiales,2.1.1.01.01,FACTORES CONSTITUTIVOS DE SALARIO,GASTOS,FUNCIONAMIENTO,GASTOS DE PERSONAL,PLANTA DE PERSONAL PERMANENTE,FACTORES CONSTITUTIVOS DE SALARIO,No Aplica,No Aplica,No Aplica,No Aplica,No Aplica,VIGENCIA ACTUAL,ENTIDADES TERRITORIALES - ADMINISTRACION CENTRAL,NO DEFINIDO,No Aplica,NO DEFINIDO,,,2023,Primer Trimestre,,,,NO DEFINIDO,NO DEFINIDO,,,,,,NO DEFINIDO,,,,,,NO DEFINIDO,NO DEFINIDO,NO DEFINIDO,114891403.0,111201193.0,86649955.0
11070569,20220301,218552585,Pupiales,2.3.1.01.01.001.08.02,PRIMA DE VACACIONES,GASTOS,INVERSION,GASTOS DE PERSONAL,PLANTA DE PERSONAL PERMANENTE,FACTORES CONSTITUTIVOS DE SALARIO,FACTORES SALARIALES COMUNES,PRESTACIONES SOCIALES,PRIMA DE VACACIONES,No Aplica,No Aplica,VIGENCIA ACTUAL,ENTIDADES TERRITORIALES - ADMINISTRACION CENTRAL,NO APLICA,No Aplica,NO DEFINIDO,,,2022,Primer Trimestre,,,,NO APLICA,SGP-PROPOSITO GENERAL-PROPOSITO GENERAL LIBRE INVERSION,,,,,,NO APLICA,,,,,,CON SITUACION DE FONDOS,DIRECCION NACIONAL DEL TESORO MINISTERIO DE HACIENDA Y CREDITO PUBLICO,NO APLICA,3284220.0,3284220.0,3284220.0
11078220,20230601,218552585,Pupiales,2.3.2.02.02.005,CONSTRUCCION Y SERVICIOS DE LA CONSTRUCCION,GASTOS,INVERSION,ADQUISICION DE BIENES Y SERVICIOS,ADQUISICIONES DIFERENTES DE ACTIVOS,ADQUISICION DE SERVICIOS,CONSTRUCCION Y SERVICIOS DE LA CONSTRUCCION,No Aplica,No Aplica,No Aplica,No Aplica,VIGENCIA ACTUAL,ENTIDADES TERRITORIALES - ADMINISTRACION CENTRAL,SEDES CONSTRUIDAS,No Aplica,NO DEFINIDO,,,2023,Segundo Trimestre,,,,OTRAS OBRAS DE INGENIERIA CIVIL,"SGP-PROPOSITO GENERAL-LIBRE DESTINACION MUNICIPIOS CATEGORIAS 4, 5 Y 6",,,,,,NO APLICA,,,,,,CON SITUACION DE FONDOS,NO APLICA,NO APLICA,4956186.0,0.0,0.0
11078726,20221201,218552585,Pupiales,2.1.1.01.03.001,PRESTACIONES SOCIALES,GASTOS,FUNCIONAMIENTO,GASTOS DE PERSONAL,PLANTA DE PERSONAL PERMANENTE,REMUNERACIONES NO CONSTITUTIVAS DE FACTOR SALARIAL,PRESTACIONES SOCIALES,No Aplica,No Aplica,No Aplica,No Aplica,VIGENCIA ACTUAL,ENTIDADES TERRITORIALES - ADMINISTRACION CENTRAL,NO DEFINIDO,No Aplica,NO DEFINIDO,,,2022,Cuarto Trimestre,,,,NO DEFINIDO,NO DEFINIDO,,,,,,NO DEFINIDO,,,,,,NO DEFINIDO,NO DEFINIDO,NO DEFINIDO,46852518.0,46852518.0,46852518.0
11082730,20220901,218552585,Pupiales,2.3,INVERSION,GASTOS,INVERSION,No Aplica,No Aplica,No Aplica,No Aplica,No Aplica,No Aplica,No Aplica,No Aplica,VIGENCIA ACTUAL,ENTIDADES TERRITORIALES - ADMINISTRACION CENTRAL,NO DEFINIDO,No Aplica,NO DEFINIDO,,,2022,Tercer Trimestre,,,,NO DEFINIDO,NO DEFINIDO,,,,,,NO DEFINIDO,,,,,,NO DEFINIDO,NO DEFINIDO,NO DEFINIDO,19508825676.0,17153973302.0,17149622052.0
11085668,20210301,218552585,Pupiales,2.3.1.01.02.007,APORTES AL SENA,GASTOS,INVERSION,GASTOS DE PERSONAL,PLANTA DE PERSONAL PERMANENTE,CONTRIBUCIONES INHERENTES A LA NOMINA,APORTES AL SENA,No Aplica,No Aplica,No Aplica,No Aplica,VIGENCIA ACTUAL,ENTIDADES TERRITORIALES - ADMINISTRACION CENTRAL,NO APLICA,No Aplica,NO DEFINIDO,,,2021,Primer Trimestre,,,,NO APLICA,1.2.4.3.03 - SGP-PROPOSITO GENERAL-PROPOSITO GENERAL LIBRE INVERSION,,,,,,NO APLICA,,,,,,CON SITUACION DE FONDOS,DIRECCION NACIONAL DEL TESORO MINISTERIO DE HACIENDA Y CREDITO PUBLICO,NO DEFINIDO,162606.0,162606.0,162606.0
11089890,20230301,218552585,Pupiales,2.3.2.02.02.009,"SERVICIOS PARA LA COMUNIDAD, SOCIALES Y PERSONALES",GASTOS,INVERSION,ADQUISICION DE BIENES Y SERVICIOS,ADQUISICIONES DIFERENTES DE ACTIVOS,ADQUISICION DE SERVICIOS,"SERVICIOS PARA LA COMUNIDAD, SOCIALES Y PERSONALES",No Aplica,No Aplica,No Aplica,No Aplica,CUENTAS POR PAGAR,ENTIDADES TERRITORIALES - ADMINISTRACION CENTRAL,SERVICIO DE ASISTENCIA TECNICA4599031,No Aplica,NO DEFINIDO,,,2023,Primer Trimestre,,,,SERVICIOS GENERALES DE RECOLECCION DE OTROS DESECHOS,"SGP-PROPOSITO GENERAL-LIBRE DESTINACION MUNICIPIOS CATEGORIAS 4, 5 Y 6",,,,,,NO APLICA,,,,,,CON SITUACION DE FONDOS,NO APLICA,NO APLICA,236831.0,236831.0,172240.0
11089896,20230301,218552585,Pupiales,2.1.1.01.02,CONTRIBUCIONES INHERENTES A LA NOMINA,GASTOS,FUNCIONAMIENTO,GASTOS DE PERSONAL,PLANTA DE PERSONAL PERMANENTE,CONTRIBUCIONES INHERENTES A LA NOMINA,No Aplica,No Aplica,No Aplica,No Aplica,No Aplica,VIGENCIA ACTUAL,ENTIDADES TERRITORIALES - ADMINISTRACION CENTRAL,NO DEFINIDO,No Aplica,NO DEFINIDO,,,2023,Primer Trimestre,,,,NO DEFINIDO,NO DEFINIDO,,,,,,NO DEFINIDO,,,,,,NO DEFINIDO,NO DEFINIDO,NO DEFINIDO,60610707.0,60610707.0,50993969.0
11092296,20230301,218552585,Pupiales,2.3.2.02.02.009,"SERVICIOS PARA LA COMUNIDAD, SOCIALES Y PERSONALES",GASTOS,INVERSION,ADQUISICION DE BIENES Y SERVICIOS,ADQUISICIONES DIFERENTES DE ACTIVOS,ADQUISICION DE SERVICIOS,"SERVICIOS PARA LA COMUNIDAD, SOCIALES Y PERSONALES",No Aplica,No Aplica,No Aplica,No Aplica,CUENTAS POR PAGAR,ENTIDADES TERRITORIALES - ADMINISTRACION CENTRAL,"SERVICIO DE APOYO A LA ACTIVIDAD FISICA, LA RECREACION Y EL DEPORTE",No Aplica,NO DEFINIDO,,,2023,Primer Trimestre,,,,OTROS SERVICIOS DIVERSOS N C P,OTRAS TRANSFERENCIAS DE CAPITAL,,,,,,NO APLICA,,,,,,CON SITUACION DE FONDOS,NO APLICA,NO APLICA,4370000.0,4370000.0,4370000.0
11096153,20230301,218552585,Pupiales,2.3.2.02.02.009,"SERVICIOS PARA LA COMUNIDAD, SOCIALES Y PERSONALES",GASTOS,INVERSION,ADQUISICION DE BIENES Y SERVICIOS,ADQUISICIONES DIFERENTES DE ACTIVOS,ADQUISICION DE SERVICIOS,"SERVICIOS PARA LA COMUNIDAD, SOCIALES Y PERSONALES",No Aplica,No Aplica,No Aplica,No Aplica,VIGENCIA ACTUAL,ENTIDADES TERRITORIALES - ADMINISTRACION CENTRAL,SERVICIO DE ATENCION EN SALUD A LA POBLACION,No Aplica,NO DEFINIDO,,,2023,Primer Trimestre,,,,OTROS SERVICIOS DIVERSOS N C P,OTRAS TRANSFERENCIAS CORRIENTES DE OTRAS ENTIDADES CON DESTINACION ESPECIFICA LEGAL DEL GOBIERNO GENERAL,,,,,,NO APLICA,,,,,,CON SITUACION DE FONDOS,NO APLICA,NO APLICA,3500000.0,0.0,0.0
11099078,20230301,218552585,Pupiales,2,GASTOS,GASTOS,No Aplica,No Aplica,No Aplica,No Aplica,No Aplica,No Aplica,No Aplica,No Aplica,No Aplica,VIGENCIA ACTUAL,ENTIDADES TERRITORIALES - PERSONERIA,NO DEFINIDO,No Aplica,NO DEFINIDO,,,2023,Primer Trimestre,,,,NO DEFINIDO,NO DEFINIDO,,,,,,NO DEFINIDO,,,,,,NO DEFINIDO,NO DEFINIDO,NO DEFINIDO,43500000.0,43500000.0,29000000.0
11099590,20230601,218552585,Pupiales,2.3.2.02.02.009,"SERVICIOS PARA LA COMUNIDAD, SOCIALES Y PERSONALES",GASTOS,INVERSION,ADQUISICION DE BIENES Y SERVICIOS,ADQUISICIONES DIFERENTES DE ACTIVOS,ADQUISICION DE SERVICIOS,"SERVICIOS PARA LA COMUNIDAD, SOCIALES Y PERSONALES",No Aplica,No Aplica,No Aplica,No Aplica,CUENTAS POR PAGAR,ENTIDADES TERRITORIALES - ADMINISTRACION CENTRAL,NO APLICA,No Aplica,NO DEFINIDO,,,2023,Segundo Trimestre,,,,SERVICIOS DE LOS ORGANOS DE CONTROL Y OTRAS INSTITUCIONES,INGRESOS CORRIENTES DE LIBRE DESTINACION,,,,,,NO APLICA,,,,,,CON SITUACION DE FONDOS,NO APLICA,NO APLICA,8500000.0,8500000.0,8500000.0
11105082,20220901,218552585,Pupiales,2.3.2.02.02.009,"SERVICIOS PARA LA COMUNIDAD, SOCIALES Y PERSONALES",GASTOS,INVERSION,ADQUISICION DE BIENES Y SERVICIOS,ADQUISICIONES DIFERENTES DE ACTIVOS,ADQUISICION DE SERVICIOS,"SERVICIOS PARA LA COMUNIDAD, SOCIALES Y PERSONALES",No Aplica,No Aplica,No Aplica,No Aplica,VIGENCIA ACTUAL,ENTIDADES TERRITORIALES - ADMINISTRACION CENTRAL,SERVICIO DE ATENCION EN SALUD A LA POBLACION,No Aplica,NO DEFINIDO,,,2022,Tercer Trimestre,,,,OTROS SERVICIOS DE LA ADMINISTRACION PUBLICA N C P,SGP-SALUD-SUBSIDIO A LA OFERTA,,,,,,NO APLICA,,,,,,SIN SITUACION DE FONDOS,DIRECCION NACIONAL DEL TESORO MINISTERIO DE HACIENDA Y CREDITO PUBLICO,NO APLICA,216860475.0,143347640.0,143347640.0
11107855,20220901,218552585,Pupiales,2.3.2.02.02.009,"SERVICIOS PARA LA COMUNIDAD, SOCIALES Y PERSONALES",GASTOS,INVERSION,ADQUISICION DE BIENES Y SERVICIOS,ADQUISICIONES DIFERENTES DE ACTIVOS,ADQUISICION DE SERVICIOS,"SERVICIOS PARA LA COMUNIDAD, SOCIALES Y PERSONALES",No Aplica,No Aplica,No Aplica,No Aplica,VIGENCIA ACTUAL,ENTIDADES TERRITORIALES - ADMINISTRACION CENTRAL,VIA PRIMARIA MANTENIDA,No Aplica,NO DEFINIDO,,,2022,Tercer Trimestre,,,,OTROS SERVICIOS DE LA ADMINISTRACION PUBLICA N C P,SGP-PROPOSITO GENERAL-PROPOSITO GENERAL LIBRE INVERSION,,,,,,NO APLICA,,,,,,CON SITUACION DE FONDOS,NO APLICA,NO APLICA,27997877.0,27997877.0,27997877.0
11108629,20220901,218552585,Pupiales,2.3.2.01.01,ACTIVOS FIJOS,GASTOS,INVERSION,ADQUISICION DE BIENES Y SERVICIOS,ADQUISICION DE ACTIVOS NO FINANCIEROS,ACTIVOS FIJOS,No Aplica,No Aplica,No Aplica,No Aplica,No Aplica,VIGENCIA ACTUAL,ENTIDADES TERRITORIALES - ADMINISTRACION CENTRAL,NO DEFINIDO,No Aplica,NO DEFINIDO,,,2022,Tercer Trimestre,,,,NO DEFINIDO,NO DEFINIDO,,,,,,NO DEFINIDO,,,,,,NO DEFINIDO,NO DEFINIDO,NO DEFINIDO,289859239.0,106888641.0,106888641.0
11110831,20220901,218552585,Pupiales,2.3.2,ADQUISICION DE BIENES Y SERVICIOS,GASTOS,INVERSION,ADQUISICION DE BIENES Y SERVICIOS,No Aplica,No Aplica,No Aplica,No Aplica,No Aplica,No Aplica,No Aplica,VIGENCIA ACTUAL,ENTIDADES TERRITORIALES - ADMINISTRACION CENTRAL,NO DEFINIDO,No Aplica,NO DEFINIDO,,,2022,Tercer Trimestre,,,,NO DEFINIDO,NO DEFINIDO,,,,,,NO DEFINIDO,,,,,,NO DEFINIDO,NO DEFINIDO,NO DEFINIDO,18540339293.0,16392525970.0,16388174720.0
11116785,20230601,218552585,Pupiales,2.3.2.01.01.001.02.04,EDIFICIOS PUBLICOS DE ENTRETENIMIENTO,GASTOS,INVERSION,ADQUISICION DE BIENES Y SERVICIOS,ADQUISICION DE ACTIVOS NO FINANCIEROS,ACTIVOS FIJOS,EDIFICACIONES Y ESTRUCTURAS,EDIFICACIONES DISTINTAS A VIVIENDAS,EDIFICIOS PUBLICOS DE ENTRETENIMIENTO,No Aplica,No Aplica,CUENTAS POR PAGAR,ENTIDADES TERRITORIALES - ADMINISTRACION CENTRAL,NO APLICA,No Aplica,NO DEFINIDO,,,2023,Segundo Trimestre,,,,NO APLICA,ESTAMPILLAS,,,,,,NO APLICA,,,,,,CON SITUACION DE FONDOS,NO APLICA,NO APLICA,4500000.0,4500000.0,0.0
11117594,20221201,218552585,Pupiales,2.3.3.05.09.053,"FONDOS DE SERVICIOS EDUCATIVOS DE LAS INSTITUCIONES DE PREESCOLAR, BASICA Y MEDIA",GASTOS,INVERSION,TRANSFERENCIAS CORRIENTES,A ENTIDADES DEL GOBIERNO,A OTRAS ENTIDADES DEL GOBIERNO GENERAL,"FONDOS DE SERVICIOS EDUCATIVOS DE LAS INSTITUCIONES DE PREESCOLAR, BASICA Y MEDIA",No Aplica,No Aplica,No Aplica,No Aplica,VIGENCIA ACTUAL,ENTIDADES TERRITORIALES - ADMINISTRACION CENTRAL,"SERVICIO DE FOMENTO PARA EL ACCESO A LA EDUCACION INICIAL, PREESCOLAR, BASICA Y MEDIA.",No Aplica,NO DEFINIDO,,,2022,Cuarto Trimestre,,,,NO APLICA,SGP-EDUCACION-CALIDAD  POR GRATUIDAD,,,,,,NO APLICA,,,,,,SIN SITUACION DE FONDOS,DIRECCION NACIONAL DEL TESORO MINISTERIO DE HACIENDA Y CREDITO PUBLICO,NO APLICA,189241994.0,189241994.0,189241994.0
11120693,20210301,218552585,Pupiales,2.3.1.01.01.001.08.02,PRIMA DE VACACIONES,GASTOS,INVERSION,GASTOS DE PERSONAL,PLANTA DE PERSONAL PERMANENTE,FACTORES CONSTITUTIVOS DE SALARIO,FACTORES SALARIALES COMUNES,PRESTACIONES SOCIALES,PRIMA DE VACACIONES,No Aplica,No Aplica,VIGENCIA ACTUAL,ENTIDADES TERRITORIALES - ADMINISTRACION CENTRAL,NO APLICA,No Aplica,NO DEFINIDO,,,2021,Primer Trimestre,,,,NO APLICA,1.2.4.3.03 - SGP-PROPOSITO GENERAL-PROPOSITO GENERAL LIBRE INVERSION,,,,,,NO APLICA,,,,,,CON SITUACION DE FONDOS,DIRECCION NACIONAL DEL TESORO MINISTERIO DE HACIENDA Y CREDITO PUBLICO,NO DEFINIDO,1602807.0,1602807.0,1602807.0
11121214,20210901,218552585,Pupiales,2.3.4.03,COMPENSACIONES DE CAPITAL,GASTOS,INVERSION,TRANSFERENCIAS DE CAPITAL,COMPENSACIONES DE CAPITAL,No Aplica,No Aplica,No Aplica,No Aplica,No Aplica,No Aplica,VIGENCIA ACTUAL,ENTIDADES TERRITORIALES - ADMINISTRACION CENTRAL,"40.03.025 - VIVIENDA, CIUDAD Y TERRITORIO - ACCESO DE LA POBLACION A LOS SERVICIOS DE AGUA POTABLE Y SANEAMIENTO BASICO - SERVICIOS DE APOYO FINANCIERO PARA LA EJECUCION DE PROYECTOS DE ACUEDUCTOS Y A",2021525850040.0,NO DEFINIDO,,,2021,Tercer Trimestre,,,,NO APLICA,1.3.3.8.00 - R.B. SGP - AGUA POTABLE Y SANEAMIENTO BASICO,,,,,,NO APLICA,,,,,,CON SITUACION DE FONDOS,DIRECCION NACIONAL DEL TESORO MINISTERIO DE HACIENDA Y CREDITO PUBLICO,NO DEFINIDO,15000000.0,5000000.0,5000000.0
11125510,20211201,218552585,Pupiales,2.2.2.01.02.002.02.03,BANCA COMERCIAL,GASTOS,SERVICIO DE LA DEUDA PUBLICA,SERVICIO DE LA DEUDA PUBLICA INTERNA,PRINCIPAL,PRESTAMOS,ENTIDADES FINANCIERAS,BANCA COMERCIAL,BANCA COMERCIAL,No Aplica,No Aplica,VIGENCIA ACTUAL,ENTIDADES TERRITORIALES - ADMINISTRACION CENTRAL,SERVICIO DE ASEO,No Aplica,NO DEFINIDO,,,2021,Cuarto Trimestre,,,,NO APLICA,SGP-AGUA POTABLE Y SANEAMIENTO BASICO,,,,,,NO APLICA,,,,,,CON SITUACION DE FONDOS,NO APLICA,NO DEFINIDO,54091369.0,54091369.0,54091369.0
11129946,20211201,218552585,Pupiales,2.3.2.02.01.000,"AGRICULTURA, SILVICULTURA Y PRODUCTOS DE LA PESCA",GASTOS,INVERSION,ADQUISICION DE BIENES Y SERVICIOS,ADQUISICIONES DIFERENTES DE ACTIVOS,MATERIALES Y SUMINISTROS,"AGRICULTURA, SILVICULTURA Y PRODUCTOS DE LA PESCA",No Aplica,No Aplica,No Aplica,No Aplica,VIGENCIA ACTUAL,ENTIDADES TERRITORIALES - ADMINISTRACION CENTRAL,SERVICIO DE APOYO FINANCIERO PARA PROYECTOS PRODUCTIVOS,No Aplica,NO DEFINIDO,,,2021,Cuarto Trimestre,,,,OTROS SERVICIOS DIVERSOS N C P,SGP-PROPOSITO GENERAL-PROPOSITO GENERAL LIBRE INVERSION,,,,,,NO APLICA,,,,,,CON SITUACION DE FONDOS,DIRECCION NACIONAL DEL TESORO MINISTERIO DE HACIENDA Y CREDITO PUBLICO,NO DEFINIDO,25340000.0,25340000.0,25340000.0
11129992,20210901,218552585,Pupiales,2.1.2.02.01,MATERIALES Y SUMINISTROS,GASTOS,FUNCIONAMIENTO,ADQUISICION DE BIENES Y SERVICIOS,ADQUISICIONES DIFERENTES DE ACTIVOS,MATERIALES Y SUMINISTROS,No Aplica,No Aplica,No Aplica,No Aplica,No Aplica,VIGENCIA ACTUAL,ENTIDADES TERRITORIALES - ADMINISTRACION CENTRAL,NO DEFINIDO,No Aplica,NO DEFINIDO,,,2021,Tercer Trimestre,,,,NO DEFINIDO,NO DEFINIDO,,,,,,NO DEFINIDO,,,,,,NO DEFINIDO,NO DEFINIDO,NO DEFINIDO,42493100.0,42493100.0,42493100.0
11131424,20230301,218552585,Pupiales,2.3.2.02.02.009,"SERVICIOS PARA LA COMUNIDAD, SOCIALES Y PERSONALES",GASTOS,INVERSION,ADQUISICION DE BIENES Y SERVICIOS,ADQUISICIONES DIFERENTES DE ACTIVOS,ADQUISICION DE SERVICIOS,"SERVICIOS PARA LA COMUNIDAD, SOCIALES Y PERSONALES",No Aplica,No Aplica,No Aplica,No Aplica,VIGENCIA ACTUAL,ENTIDADES TERRITORIALES - ADMINISTRACION CENTRAL,"SERVICIO DE APOYO A LA ACTIVIDAD FISICA, LA RECREACION Y EL DEPORTE",No Aplica,NO DEFINIDO,,,2023,Primer Trimestre,,,,SERVICIOS DE APOYO RELACIONADOS CON EL DEPORTE Y LA RECREACION,SGP-PROPOSITO GENERAL-DEPORTE Y RECREACION,,,,,,NO APLICA,,,,,,CON SITUACION DE FONDOS,NO APLICA,NO APLICA,17879328.0,17879328.0,10585898.0
11132362,20230601,218552585,Pupiales,2.3.2.01.01,ACTIVOS FIJOS,GASTOS,INVERSION,ADQUISICION DE BIENES Y SERVICIOS,ADQUISICION DE ACTIVOS NO FINANCIEROS,ACTIVOS FIJOS,No Aplica,No Aplica,No Aplica,No Aplica,No Aplica,CUENTAS POR PAGAR,ENTIDADES TERRITORIALES - ADMINISTRACION CENTRAL,NO DEFINIDO,No Aplica,NO DEFINIDO,,,2023,Segundo Trimestre,,,,NO DEFINIDO,NO DEFINIDO,,,,,,NO DEFINIDO,,,,,,NO DEFINIDO,NO DEFINIDO,NO DEFINIDO,18115710.0,18115710.0,13615710.0
11132819,20230601,218552585,Pupiales,2.3.1.01.02.001,APORTES A LA SEGURIDAD SOCIAL EN PENSIONES,GASTOS,INVERSION,GASTOS DE PERSONAL,PLANTA DE PERSONAL PERMANENTE,CONTRIBUCIONES INHERENTES A LA NOMINA,APORTES A LA SEGURIDAD SOCIAL EN PENSIONES,No Aplica,No Aplica,No Aplica,No Aplica,VIGENCIA ACTUAL,ENTIDADES TERRITORIALES - ADMINISTRACION CENTRAL,SERVICIO DE JUSTICIA A LOS CIUDADANOS,No Aplica,NO DEFINIDO,,,2023,Segundo Trimestre,,,,NO APLICA,SGP-PROPOSITO GENERAL-PROPOSITO GENERAL LIBRE INVERSION,,,,,,NO APLICA,,,,,,CON SITUACION DE FONDOS,COLPENSIONES - FONDO DE VEJEZ,NO APLICA,2314184.0,2314184.0,2314184.0
11133587,20211201,218552585,Pupiales,2.1.2.02.02.006,"COMERCIO Y DISTRIBUCION; ALOJAMIENTO; SERVICIOS DE SUMINISTRO DE COMIDAS Y BEBIDAS; SERVICIOS DE TRANSPORTE; Y SERVICIOS DE DISTRIBUCION DE ELECTRICIDAD, GAS Y AGUA",GASTOS,FUNCIONAMIENTO,ADQUISICION DE BIENES Y SERVICIOS,ADQUISICIONES DIFERENTES DE ACTIVOS,ADQUISICION DE SERVICIOS,"COMERCIO Y DISTRIBUCION; ALOJAMIENTO; SERVICIOS DE SUMINISTRO DE COMIDAS Y BEBIDAS; SERVICIOS DE TRANSPORTE; Y SERVICIOS DE DISTRIBUCION DE ELECTRICIDAD, GAS Y AGUA",No Aplica,No Aplica,No Aplica,No Aplica,VIGENCIA ACTUAL,ENTIDADES TERRITORIALES - ADMINISTRACION CENTRAL,NO APLICA,No Aplica,NO DEFINIDO,,,2021,Cuarto Trimestre,,,,OTROS SERVICIOS DIVERSOS N C P,INGRESOS CORRIENTES DE LIBRE DESTINACION,,,,,,NO APLICA,,,,,,CON SITUACION DE FONDOS,NO APLICA,NO DEFINIDO,46110819.0,46110819.0,46110819.0
11140103,20210901,218552585,Pupiales,2,GASTOS,GASTOS,No Aplica,No Aplica,No Aplica,No Aplica,No Aplica,No Aplica,No Aplica,No Aplica,No Aplica,VIGENCIA ACTUAL,ENTIDADES TERRITORIALES - ADMINISTRACION CENTRAL,NO DEFINIDO,No Aplica,NO DEFINIDO,,,2021,Tercer Trimestre,,,,NO DEFINIDO,NO DEFINIDO,,,,,,NO DEFINIDO,,,,,,NO DEFINIDO,NO DEFINIDO,NO DEFINIDO,22135899175.0,17770216628.0,17714175031.0
11142016,20210601,218552585,Pupiales,2.2.2.01.02.002.02,BANCA COMERCIAL,GASTOS,SERVICIO DE LA DEUDA PUBLICA,SERVICIO DE LA DEUDA PUBLICA INTERNA,PRINCIPAL,PRESTAMOS,ENTIDADES FINANCIERAS,BANCA COMERCIAL,No Aplica,No Aplica,No Aplica,VIGENCIA ACTUAL,ENTIDADES TERRITORIALES - ADMINISTRACION CENTRAL,NO DEFINIDO,No Aplica,NO DEFINIDO,,,2021,Segundo Trimestre,,,,NO DEFINIDO,NO DEFINIDO,,,,,,NO DEFINIDO,,,,,,NO DEFINIDO,NO DEFINIDO,NO DEFINIDO,63743244.0,63743244.0,63743244.0
11142080,20230301,218552585,Pupiales,2.1.2.02.02.009,"SERVICIOS PARA LA COMUNIDAD, SOCIALES Y PERSONALES",GASTOS,FUNCIONAMIENTO,ADQUISICION DE BIENES Y SERVICIOS,ADQUISICIONES DIFERENTES DE ACTIVOS,ADQUISICION DE SERVICIOS,"SERVICIOS PARA LA COMUNIDAD, SOCIALES Y PERSONALES",No Aplica,No Aplica,No Aplica,No Aplica,VIGENCIA ACTUAL,ENTIDADES TERRITORIALES - ADMINISTRACION CENTRAL,NO APLICA,No Aplica,NO DEFINIDO,,,2023,Primer Trimestre,,,,SERVICIOS GENERALES DE RECOLECCION DE OTROS DESECHOS,"SGP-PROPOSITO GENERAL-LIBRE DESTINACION MUNICIPIOS CATEGORIAS 4, 5 Y 6",,,,,,NO APLICA,,,,,,CON SITUACION DE FONDOS,NO APLICA,NO APLICA,16485856.0,12610389.0,6960628.0
11143324,20230301,218552585,Pupiales,2.1.4.02,ENTIDADES DEL GOBIERNO GENERAL,GASTOS,FUNCIONAMIENTO,TRANSFERENCIAS DE CAPITAL,ENTIDADES DEL GOBIERNO GENERAL,No Aplica,No Aplica,No Aplica,No Aplica,No Aplica,No Aplica,VIGENCIA ACTUAL,ENTIDADES TERRITORIALES - PERSONERIA,NO DEFINIDO,No Aplica,NO DEFINIDO,,,2023,Primer Trimestre,,,,NO DEFINIDO,NO DEFINIDO,,,,,,NO DEFINIDO,,,,,,NO DEFINIDO,NO DEFINIDO,NO DEFINIDO,43500000.0,43500000.0,29000000.0
11146188,20220601,218552585,Pupiales,2.2.2,SERVICIO DE LA DEUDA PUBLICA INTERNA,GASTOS,SERVICIO DE LA DEUDA PUBLICA,SERVICIO DE LA DEUDA PUBLICA INTERNA,No Aplica,No Aplica,No Aplica,No Aplica,No Aplica,No Aplica,No Aplica,VIGENCIA ACTUAL,ENTIDADES TERRITORIALES - ADMINISTRACION CENTRAL,NO DEFINIDO,No Aplica,NO DEFINIDO,,,2022,Segundo Trimestre,,,,NO DEFINIDO,NO DEFINIDO,,,,,,NO DEFINIDO,,,,,,NO DEFINIDO,NO DEFINIDO,NO DEFINIDO,266597855.0,266597855.0,266597855.0
11146320,20211201,218552585,Pupiales,2.3.2.01.01.004,ACTIVOS FIJOS NO CLASIFICADOS COMO MAQUINARIA Y EQUIPO,GASTOS,INVERSION,ADQUISICION DE BIENES Y SERVICIOS,ADQUISICION DE ACTIVOS NO FINANCIEROS,ACTIVOS FIJOS,ACTIVOS FIJOS NO CLASIFICADOS COMO MAQUINARIA Y EQUIPO,No Aplica,No Aplica,No Aplica,No Aplica,VIGENCIA ACTUAL,ENTIDADES TERRITORIALES - ADMINISTRACION CENTRAL,NO DEFINIDO,No Aplica,NO DEFINIDO,,,2021,Cuarto Trimestre,,,,NO DEFINIDO,NO DEFINIDO,,,,,,NO DEFINIDO,,,,,,NO DEFINIDO,NO DEFINIDO,NO DEFINIDO,2400000.0,2400000.0,2400000.0
11146919,20221201,218552585,Pupiales,2.1.2.02.02.007,SERVICIOS FINANCIEROS Y SERVICIOS CONEXOS; SERVICIOS INMOBILIARIOS; Y SERVICIOS DE ARRENDAMIENTO Y LEASING,GASTOS,FUNCIONAMIENTO,ADQUISICION DE BIENES Y SERVICIOS,ADQUISICIONES DIFERENTES DE ACTIVOS,ADQUISICION DE SERVICIOS,SERVICIOS FINANCIEROS Y SERVICIOS CONEXOS; SERVICIOS INMOBILIARIOS; Y SERVICIOS DE ARRENDAMIENTO Y LEASING,No Aplica,No Aplica,No Aplica,No Aplica,VIGENCIA ACTUAL,ENTIDADES TERRITORIALES - ADMINISTRACION CENTRAL,NO APLICA,No Aplica,NO DEFINIDO,,,2022,Cuarto Trimestre,,,,OTROS SERVICIOS DE LA ADMINISTRACION PUBLICA N C P,"SGP-PROPOSITO GENERAL-LIBRE DESTINACION MUNICIPIOS CATEGORIAS 4, 5 Y 6",,,,,,NO APLICA,,,,,,CON SITUACION DE FONDOS,NO APLICA,NO APLICA,15843609.0,15843609.0,15843609.0
11147052,20230601,218552585,Pupiales,2.1,FUNCIONAMIENTO,GASTOS,FUNCIONAMIENTO,No Aplica,No Aplica,No Aplica,No Aplica,No Aplica,No Aplica,No Aplica,No Aplica,VIGENCIA ACTUAL,ENTIDADES TERRITORIALES - PERSONERIA,NO DEFINIDO,No Aplica,NO DEFINIDO,,,2023,Segundo Trimestre,,,,NO DEFINIDO,NO DEFINIDO,,,,,,NO DEFINIDO,,,,,,NO DEFINIDO,NO DEFINIDO,NO DEFINIDO,83119247.0,83119247.0,83119247.0
11147197,20211201,218552585,Pupiales,2.3.2.01,ADQUISICION DE ACTIVOS NO FINANCIEROS,GASTOS,INVERSION,ADQUISICION DE BIENES Y SERVICIOS,ADQUISICION DE ACTIVOS NO FINANCIEROS,No Aplica,No Aplica,No Aplica,No Aplica,No Aplica,No Aplica,VIGENCIA ACTUAL,ENTIDADES TERRITORIALES - ADMINISTRACION CENTRAL,NO DEFINIDO,No Aplica,NO DEFINIDO,,,2021,Cuarto Trimestre,,,,NO DEFINIDO,NO DEFINIDO,,,,,,NO DEFINIDO,,,,,,NO DEFINIDO,NO DEFINIDO,NO DEFINIDO,2430324252.0,2362326601.0,2331834807.0
11150707,20230301,218552585,Pupiales,2.1.3.05.04.001.13,PARTICIPACION DE LA SOBRETASA AMBIENTAL,GASTOS,FUNCIONAMIENTO,TRANSFERENCIAS CORRIENTES,A ENTIDADES DEL GOBIERNO,PARTICIPACIONES DISTINTAS DEL SGP,PARTICIPACIONES DE IMPUESTOS,PARTICIPACION DE LA SOBRETASA AMBIENTAL,No Aplica,No Aplica,No Aplica,CUENTAS POR PAGAR,ENTIDADES TERRITORIALES - ADMINISTRACION CENTRAL,NO DEFINIDO,No Aplica,NO DEFINIDO,,,2023,Primer Trimestre,,,,NO DEFINIDO,NO DEFINIDO,,,,,,NO DEFINIDO,,,,,,NO DEFINIDO,NO DEFINIDO,NO DEFINIDO,481959.0,481959.0,481959.0
11150961,20220901,218552585,Pupiales,2.1.1.01.01.001.10,VIATICOS DE LOS FUNCIONARIOS EN COMISION,GASTOS,FUNCIONAMIENTO,GASTOS DE PERSONAL,PLANTA DE PERSONAL PERMANENTE,FACTORES CONSTITUTIVOS DE SALARIO,FACTORES SALARIALES COMUNES,VIATICOS DE LOS FUNCIONARIOS EN COMISION,No Aplica,No Aplica,No Aplica,VIGENCIA ACTUAL,ENTIDADES TERRITORIALES - ADMINISTRACION CENTRAL,NO APLICA,No Aplica,NO DEFINIDO,,,2022,Tercer Trimestre,,,,NO APLICA,INGRESOS CORRIENTES DE LIBRE DESTINACION,,,,,,NO APLICA,,,,,,CON SITUACION DE FONDOS,NO APLICA,NO APLICA,7343549.0,7343549.0,7343549.0
11151131,20220601,218552585,Pupiales,2.1.1.01.02.001,APORTES A LA SEGURIDAD SOCIAL EN PENSIONES,GASTOS,FUNCIONAMIENTO,GASTOS DE PERSONAL,PLANTA DE PERSONAL PERMANENTE,CONTRIBUCIONES INHERENTES A LA NOMINA,APORTES A LA SEGURIDAD SOCIAL EN PENSIONES,No Aplica,No Aplica,No Aplica,No Aplica,VIGENCIA ACTUAL,ENTIDADES TERRITORIALES - ADMINISTRACION CENTRAL,NO APLICA,No Aplica,NO DEFINIDO,,,2022,Segundo Trimestre,,,,NO APLICA,INGRESOS CORRIENTES DE LIBRE DESTINACION,,,,,,NO APLICA,,,,,,CON SITUACION DE FONDOS,NO APLICA,NO APLICA,40832012.0,40832012.0,40832012.0
11152362,20210601,218552585,Pupiales,2.3,INVERSION,GASTOS,INVERSION,No Aplica,No Aplica,No Aplica,No Aplica,No Aplica,No Aplica,No Aplica,No Aplica,VIGENCIA ACTUAL,ENTIDADES TERRITORIALES - ADMINISTRACION CENTRAL,NO DEFINIDO,No Aplica,NO DEFINIDO,,,2021,Segundo Trimestre,,,,NO DEFINIDO,NO DEFINIDO,,,,,,NO DEFINIDO,,,,,,NO DEFINIDO,NO DEFINIDO,NO DEFINIDO,12995236284.0,9749686704.0,9690736704.0
11153074,20220601,218552585,Pupiales,2.2.2.02.02.002,ENTIDADES FINANCIERAS,GASTOS,SERVICIO DE LA DEUDA PUBLICA,SERVICIO DE LA DEUDA PUBLICA INTERNA,INTERESES,PRESTAMOS,ENTIDADES FINANCIERAS,No Aplica,No Aplica,No Aplica,No Aplica,VIGENCIA ACTUAL,ENTIDADES TERRITORIALES - ADMINISTRACION CENTRAL,NO DEFINIDO,No Aplica,NO DEFINIDO,,,2022,Segundo Trimestre,,,,NO DEFINIDO,NO DEFINIDO,,,,,,NO DEFINIDO,,,,,,NO DEFINIDO,NO DEFINIDO,NO DEFINIDO,44348102.0,44348102.0,44348102.0
11154133,20220601,218552585,Pupiales,2.3.2.01.01.003.01.06,OTRAS MAQUINAS PARA USOS GENERALES Y SUS PARTES Y PIEZAS,GASTOS,INVERSION,ADQUISICION DE BIENES Y SERVICIOS,ADQUISICION DE ACTIVOS NO FINANCIEROS,ACTIVOS FIJOS,MAQUINARIA Y EQUIPO,MAQUINARIA PARA USO GENERAL,OTRAS MAQUINAS PARA USOS GENERALES Y SUS PARTES Y PIEZAS,No Aplica,No Aplica,VIGENCIA ACTUAL,ENTIDADES TERRITORIALES - ADMINISTRACION CENTRAL,SERVICIO DE ASISTENCIA TECNICA EN INFRAESTRUCTURA Y SERVICIO DE LA RED VIAL REGIONAL,No Aplica,NO DEFINIDO,,,2022,Segundo Trimestre,,,,NO APLICA,SGP-PROPOSITO GENERAL-PROPOSITO GENERAL LIBRE INVERSION,,,,,,NO APLICA,,,,,,CON SITUACION DE FONDOS,DIRECCION NACIONAL DEL TESORO MINISTERIO DE HACIENDA Y CREDITO PUBLICO,NO APLICA,28000000.0,14000000.0,14000000.0
11154873,20230301,218552585,Pupiales,2.3.2.02.02.009,"SERVICIOS PARA LA COMUNIDAD, SOCIALES Y PERSONALES",GASTOS,INVERSION,ADQUISICION DE BIENES Y SERVICIOS,ADQUISICIONES DIFERENTES DE ACTIVOS,ADQUISICION DE SERVICIOS,"SERVICIOS PARA LA COMUNIDAD, SOCIALES Y PERSONALES",No Aplica,No Aplica,No Aplica,No Aplica,CUENTAS POR PAGAR,ENTIDADES TERRITORIALES - ADMINISTRACION CENTRAL,SERVICIO DE ASISTENCIA TECNICA4599031,No Aplica,NO DEFINIDO,,,2023,Primer Trimestre,,,,OTROS SERVICIOS DE APOYO PARA EL MEJORAMIENTO DEL COMPORTAMIENTO CIVICO Y DE LAS INFRAESTRUCTURAS COMUNITARIAS,"SGP-PROPOSITO GENERAL-LIBRE DESTINACION MUNICIPIOS CATEGORIAS 4, 5 Y 6",,,,,,NO APLICA,,,,,,CON SITUACION DE FONDOS,NO APLICA,NO APLICA,157826.0,157826.0,114782.0
11156042,20211201,218552585,Pupiales,2.1.1.01.01.001.06,PRIMA DE SERVICIO,GASTOS,FUNCIONAMIENTO,GASTOS DE PERSONAL,PLANTA DE PERSONAL PERMANENTE,FACTORES CONSTITUTIVOS DE SALARIO,FACTORES SALARIALES COMUNES,PRIMA DE SERVICIO,No Aplica,No Aplica,No Aplica,VIGENCIA ACTUAL,ENTIDADES TERRITORIALES - ADMINISTRACION CENTRAL,NO APLICA,No Aplica,NO DEFINIDO,,,2021,Cuarto Trimestre,,,,NO APLICA,INGRESOS CORRIENTES DE LIBRE DESTINACION,,,,,,NO APLICA,,,,,,CON SITUACION DE FONDOS,NO APLICA,NO DEFINIDO,21673510.0,21673510.0,21673510.0
11156853,20220601,218552585,Pupiales,2.1.1,GASTOS DE PERSONAL,GASTOS,FUNCIONAMIENTO,GASTOS DE PERSONAL,No Aplica,No Aplica,No Aplica,No Aplica,No Aplica,No Aplica,No Aplica,VIGENCIA ACTUAL,ENTIDADES TERRITORIALES - PERSONERIA,NO DEFINIDO,No Aplica,NO DEFINIDO,,,2022,Segundo Trimestre,,,,NO DEFINIDO,NO DEFINIDO,,,,,,NO DEFINIDO,,,,,,NO DEFINIDO,NO DEFINIDO,NO DEFINIDO,68887145.0,68887145.0,68887145.0
11160111,20230601,218552585,Pupiales,2.1.2.02.02.007,SERVICIOS FINANCIEROS Y SERVICIOS CONEXOS; SERVICIOS INMOBILIARIOS; Y SERVICIOS DE ARRENDAMIENTO Y LEASING,GASTOS,FUNCIONAMIENTO,ADQUISICION DE BIENES Y SERVICIOS,ADQUISICIONES DIFERENTES DE ACTIVOS,ADQUISICION DE SERVICIOS,SERVICIOS FINANCIEROS Y SERVICIOS CONEXOS; SERVICIOS INMOBILIARIOS; Y SERVICIOS DE ARRENDAMIENTO Y LEASING,No Aplica,No Aplica,No Aplica,No Aplica,VIGENCIA ACTUAL,ENTIDADES TERRITORIALES - ADMINISTRACION CENTRAL,NO APLICA,No Aplica,NO DEFINIDO,,,2023,Segundo Trimestre,,,,OTROS SERVICIOS AUXILIARES RELACIONADOS CON LA BANCA DE INVERSION N C P,"SGP-PROPOSITO GENERAL-LIBRE DESTINACION MUNICIPIOS CATEGORIAS 4, 5 Y 6",,,,,,NO APLICA,,,,,,CON SITUACION DE FONDOS,PUPIALES,NO APLICA,644221.0,644221.0,644221.0
11161796,20230301,218552585,Pupiales,2.3.2.02.02.009,"SERVICIOS PARA LA COMUNIDAD, SOCIALES Y PERSONALES",GASTOS,INVERSION,ADQUISICION DE BIENES Y SERVICIOS,ADQUISICIONES DIFERENTES DE ACTIVOS,ADQUISICION DE SERVICIOS,"SERVICIOS PARA LA COMUNIDAD, SOCIALES Y PERSONALES",No Aplica,No Aplica,No Aplica,No Aplica,VIGENCIA ACTUAL,ENTIDADES TERRITORIALES - ADMINISTRACION CENTRAL,"SERVICIO DE APOYO FINANCIERO A LOS PLANES, PROGRAMAS Y PROYECTOS DE AGUA POTABLE Y SANEAMIENTO BASICO",No Aplica,NO DEFINIDO,,,2023,Primer Trimestre,,,,SERVICIOS DE ALCANTARILLADO Y TRATAMIENTO DE AGUAS RESIDUALES,SGP-AGUA POTABLE Y SANEAMIENTO BASICO,,,,,,NO APLICA,,,,,,CON SITUACION DE FONDOS,NO APLICA,NO APLICA,42115997.0,24007721.0,24007721.0
11162201,20211201,218552585,Pupiales,2.3.2.02.02.009,"SERVICIOS PARA LA COMUNIDAD, SOCIALES Y PERSONALES",GASTOS,INVERSION,ADQUISICION DE BIENES Y SERVICIOS,ADQUISICIONES DIFERENTES DE ACTIVOS,ADQUISICION DE SERVICIOS,"SERVICIOS PARA LA COMUNIDAD, SOCIALES Y PERSONALES",No Aplica,No Aplica,No Aplica,No Aplica,VIGENCIA ACTUAL,ENTIDADES TERRITORIALES - ADMINISTRACION CENTRAL,SERVICIO DE ASISTENCIA TECNICA PARA LA PROMOCION DEL USO EFICIENTE Y AHORRO DEL AGUA,No Aplica,NO DEFINIDO,,,2021,Cuarto Trimestre,,,,OTROS SERVICIOS DIVERSOS N C P,INGRESOS CORRIENTES DE LIBRE DESTINACION,,,,,,NO APLICA,,,,,,CON SITUACION DE FONDOS,NO APLICA,NO DEFINIDO,10620000.0,10620000.0,10620000.0
11162926,20220901,218552585,Pupiales,2.3.1.01.01.001.08.02,PRIMA DE VACACIONES,GASTOS,INVERSION,GASTOS DE PERSONAL,PLANTA DE PERSONAL PERMANENTE,FACTORES CONSTITUTIVOS DE SALARIO,FACTORES SALARIALES COMUNES,PRESTACIONES SOCIALES,PRIMA DE VACACIONES,No Aplica,No Aplica,VIGENCIA ACTUAL,ENTIDADES TERRITORIALES - ADMINISTRACION CENTRAL,NO APLICA,No Aplica,NO DEFINIDO,,,2022,Tercer Trimestre,,,,NO APLICA,SGP-PROPOSITO GENERAL-PROPOSITO GENERAL LIBRE INVERSION,,,,,,NO APLICA,,,,,,CON SITUACION DE FONDOS,DIRECCION NACIONAL DEL TESORO MINISTERIO DE HACIENDA Y CREDITO PUBLICO,NO APLICA,6293766.0,6293766.0,6293766.0
11167784,20220901,218552585,Pupiales,2.2.2.02.02,PRESTAMOS,GASTOS,SERVICIO DE LA DEUDA PUBLICA,SERVICIO DE LA DEUDA PUBLICA INTERNA,INTERESES,PRESTAMOS,No Aplica,No Aplica,No Aplica,No Aplica,No Aplica,VIGENCIA ACTUAL,ENTIDADES TERRITORIALES - ADMINISTRACION CENTRAL,NO DEFINIDO,No Aplica,NO DEFINIDO,,,2022,Tercer Trimestre,,,,NO DEFINIDO,NO DEFINIDO,,,,,,NO DEFINIDO,,,,,,NO DEFINIDO,NO DEFINIDO,NO DEFINIDO,79948891.0,79948891.0,79948891.0
11173968,20220901,218552585,Pupiales,2.3.2.02.02,ADQUISICION DE SERVICIOS,GASTOS,INVERSION,ADQUISICION DE BIENES Y SERVICIOS,ADQUISICIONES DIFERENTES DE ACTIVOS,ADQUISICION DE SERVICIOS,No Aplica,No Aplica,No Aplica,No Aplica,No Aplica,VIGENCIA ACTUAL,ENTIDADES TERRITORIALES - ADMINISTRACION CENTRAL,NO DEFINIDO,No Aplica,NO DEFINIDO,,,2022,Tercer Trimestre,,,,NO DEFINIDO,NO DEFINIDO,,,,,,NO DEFINIDO,,,,,,NO DEFINIDO,NO DEFINIDO,NO DEFINIDO,17901772054.0,15936929357.0,15932578107.0
11175015,20220601,218552585,Pupiales,2.3.2.02.02.009,"SERVICIOS PARA LA COMUNIDAD, SOCIALES Y PERSONALES",GASTOS,INVERSION,ADQUISICION DE BIENES Y SERVICIOS,ADQUISICIONES DIFERENTES DE ACTIVOS,ADQUISICION DE SERVICIOS,"SERVICIOS PARA LA COMUNIDAD, SOCIALES Y PERSONALES",No Aplica,No Aplica,No Aplica,No Aplica,VIGENCIA ACTUAL,ENTIDADES TERRITORIALES - ADMINISTRACION CENTRAL,SERVICIO DE INFORMACION PARA ORIENTAR AL CIUDADANO EN EL ACCESO A LA JUSTICIA,No Aplica,NO DEFINIDO,,,2022,Segundo Trimestre,,,,OTROS SERVICIOS DIVERSOS N C P,SGP-PROPOSITO GENERAL-PROPOSITO GENERAL LIBRE INVERSION,,,,,,NO APLICA,,,,,,CON SITUACION DE FONDOS,DIRECCION NACIONAL DEL TESORO MINISTERIO DE HACIENDA Y CREDITO PUBLICO,NO APLICA,38740000.0,27430000.0,27430000.0
11183315,20210901,218552585,Pupiales,2.2.2.01.02.002.02.03,BANCA COMERCIAL,GASTOS,SERVICIO DE LA DEUDA PUBLICA,SERVICIO DE LA DEUDA PUBLICA INTERNA,PRINCIPAL,PRESTAMOS,ENTIDADES FINANCIERAS,BANCA COMERCIAL,BANCA COMERCIAL,No Aplica,No Aplica,VIGENCIA ACTUAL,ENTIDADES TERRITORIALES - ADMINISTRACION CENTRAL,"40.03.010 - VIVIENDA, CIUDAD Y TERRITORIO - ACCESO DE LA POBLACION A LOS SERVICIOS DE AGUA POTABLE Y SANEAMIENTO BASICO - SERVICIO DE ASEO",No Aplica,NO DEFINIDO,,,2021,Tercer Trimestre,,,,NO APLICA,1.3.1.1.05 - RECURSOS DE CREDITO INTERNO,,,,,,NO APLICA,,,,,,CON SITUACION DE FONDOS,NO APLICA,NO DEFINIDO,77360114.0,77360114.0,77360114.0
11184862,20230601,218552585,Pupiales,2.2.2.01.02.002.02.03,BANCA COMERCIAL,GASTOS,SERVICIO DE LA DEUDA PUBLICA,SERVICIO DE LA DEUDA PUBLICA INTERNA,PRINCIPAL,PRESTAMOS,ENTIDADES FINANCIERAS,BANCA COMERCIAL,BANCA COMERCIAL,No Aplica,No Aplica,VIGENCIA ACTUAL,ENTIDADES TERRITORIALES - ADMINISTRACION CENTRAL,NO APLICA,No Aplica,NO DEFINIDO,,,2023,Segundo Trimestre,,,,NO APLICA,"SGP-PROPOSITO GENERAL-LIBRE DESTINACION MUNICIPIOS CATEGORIAS 4, 5 Y 6",,,,,,NO APLICA,,,,,,CON SITUACION DE FONDOS,NO APLICA,NO APLICA,157416666.0,157416666.0,157416666.0
11187053,20220301,218552585,Pupiales,2.3.2.02.02.009,"SERVICIOS PARA LA COMUNIDAD, SOCIALES Y PERSONALES",GASTOS,INVERSION,ADQUISICION DE BIENES Y SERVICIOS,ADQUISICIONES DIFERENTES DE ACTIVOS,ADQUISICION DE SERVICIOS,"SERVICIOS PARA LA COMUNIDAD, SOCIALES Y PERSONALES",No Aplica,No Aplica,No Aplica,No Aplica,VIGENCIA ACTUAL,ENTIDADES TERRITORIALES - ADMINISTRACION CENTRAL,"SERVICIO DE INSPECCION, VIGILANCIA Y CONTROL DE LOS FACTORES DEL RIESGO DEL AMBIENTE QUE AFECTAN LA SALUD HUMANA",2021525850017,NO DEFINIDO,,,2022,Primer Trimestre,,,,OTROS SERVICIOS ADMINISTRATIVOS DEL GOBIERNO N C P,SGP-SALUD-SALUD PUBLICA,,,,,,NO APLICA,,,,,,CON SITUACION DE FONDOS,DIRECCION NACIONAL DEL TESORO MINISTERIO DE HACIENDA Y CREDITO PUBLICO,NO APLICA,139267157.0,7192000.0,7192000.0
11189498,20211201,218552585,Pupiales,2.3.2.02.02.009,"SERVICIOS PARA LA COMUNIDAD, SOCIALES Y PERSONALES",GASTOS,INVERSION,ADQUISICION DE BIENES Y SERVICIOS,ADQUISICIONES DIFERENTES DE ACTIVOS,ADQUISICION DE SERVICIOS,"SERVICIOS PARA LA COMUNIDAD, SOCIALES Y PERSONALES",No Aplica,No Aplica,No Aplica,No Aplica,VIGENCIA ACTUAL,ENTIDADES TERRITORIALES - ADMINISTRACION CENTRAL,SERVICIO DE VIGILANCIA CARCELARIA Y PENITENCIARIA,No Aplica,NO DEFINIDO,,,2021,Cuarto Trimestre,,,,OTROS SERVICIOS DIVERSOS N C P,SGP-PROPOSITO GENERAL-PROPOSITO GENERAL LIBRE INVERSION,,,,,,NO APLICA,,,,,,CON SITUACION DE FONDOS,DIRECCION NACIONAL DEL TESORO MINISTERIO DE HACIENDA Y CREDITO PUBLICO,NO DEFINIDO,7000000.0,7000000.0,6963550.0
11190566,20210901,218552585,Pupiales,2.3.1.01.01.001,FACTORES SALARIALES COMUNES,GASTOS,INVERSION,GASTOS DE PERSONAL,PLANTA DE PERSONAL PERMANENTE,FACTORES CONSTITUTIVOS DE SALARIO,FACTORES SALARIALES COMUNES,No Aplica,No Aplica,No Aplica,No Aplica,VIGENCIA ACTUAL,ENTIDADES TERRITORIALES - ADMINISTRACION CENTRAL,NO DEFINIDO,No Aplica,NO DEFINIDO,,,2021,Tercer Trimestre,,,,NO DEFINIDO,NO DEFINIDO,,,,,,NO DEFINIDO,,,,,,NO DEFINIDO,NO DEFINIDO,NO DEFINIDO,157232042.0,157232042.0,157232042.0
11191657,20211201,218552585,Pupiales,2.2.2,SERVICIO DE LA DEUDA PUBLICA INTERNA,GASTOS,SERVICIO DE LA DEUDA PUBLICA,SERVICIO DE LA DEUDA PUBLICA INTERNA,No Aplica,No Aplica,No Aplica,No Aplica,No Aplica,No Aplica,No Aplica,VIGENCIA ACTUAL,ENTIDADES TERRITORIALES - ADMINISTRACION CENTRAL,NO DEFINIDO,No Aplica,NO DEFINIDO,,,2021,Cuarto Trimestre,,,,NO DEFINIDO,NO DEFINIDO,,,,,,NO DEFINIDO,,,,,,NO DEFINIDO,NO DEFINIDO,NO DEFINIDO,261617927.0,261617927.0,261617927.0
11192225,20220301,218552585,Pupiales,2.3.1.01.01.001.08.01,PRIMA DE NAVIDAD,GASTOS,INVERSION,GASTOS DE PERSONAL,PLANTA DE PERSONAL PERMANENTE,FACTORES CONSTITUTIVOS DE SALARIO,FACTORES SALARIALES COMUNES,PRESTACIONES SOCIALES,PRIMA DE NAVIDAD,No Aplica,No Aplica,VIGENCIA ACTUAL,ENTIDADES TERRITORIALES - ADMINISTRACION CENTRAL,NO APLICA,No Aplica,NO DEFINIDO,,,2022,Primer Trimestre,,,,NO APLICA,SGP-PROPOSITO GENERAL-PROPOSITO GENERAL LIBRE INVERSION,,,,,,NO APLICA,,,,,,CON SITUACION DE FONDOS,DIRECCION NACIONAL DEL TESORO MINISTERIO DE HACIENDA Y CREDITO PUBLICO,NO APLICA,1689024.0,1689024.0,1689024.0
11193686,20230601,218552585,Pupiales,2.3.2.01.01.001.03.02,"AUTOPISTAS, CARRETERAS, CALLES",GASTOS,INVERSION,ADQUISICION DE BIENES Y SERVICIOS,ADQUISICION DE ACTIVOS NO FINANCIEROS,ACTIVOS FIJOS,EDIFICACIONES Y ESTRUCTURAS,OTRAS ESTRUCTURAS,"AUTOPISTAS, CARRETERAS, CALLES",No Aplica,No Aplica,CUENTAS POR PAGAR,ENTIDADES TERRITORIALES - ADMINISTRACION CENTRAL,NO APLICA,No Aplica,NO DEFINIDO,,,2023,Segundo Trimestre,,,,NO APLICA,SGP-PROPOSITO GENERAL-PROPOSITO GENERAL LIBRE INVERSION,,,,,,NO APLICA,,,,,,CON SITUACION DE FONDOS,NO APLICA,NO APLICA,1615710.0,1615710.0,1615710.0
11195491,20221201,218552585,Pupiales,2.3.2.01.01.001.02.11,INSTALACIONES RECREATIVAS,GASTOS,INVERSION,ADQUISICION DE BIENES Y SERVICIOS,ADQUISICION DE ACTIVOS NO FINANCIEROS,ACTIVOS FIJOS,EDIFICACIONES Y ESTRUCTURAS,EDIFICACIONES DISTINTAS A VIVIENDAS,INSTALACIONES RECREATIVAS,No Aplica,No Aplica,VIGENCIA ACTUAL,ENTIDADES TERRITORIALES - ADMINISTRACION CENTRAL,PARQUES RECREATIVOS MANTENIDOS,No Aplica,NO DEFINIDO,,,2022,Cuarto Trimestre,,,,NO APLICA,SGP-PROPOSITO GENERAL-DEPORTE Y RECREACION,,,,,,NO APLICA,,,,,,CON SITUACION DE FONDOS,DIRECCION NACIONAL DEL TESORO MINISTERIO DE HACIENDA Y CREDITO PUBLICO,NO APLICA,22173840.0,22173840.0,22173840.0
11197120,20211201,218552585,Pupiales,2.3.2.02.02.009,"SERVICIOS PARA LA COMUNIDAD, SOCIALES Y PERSONALES",GASTOS,INVERSION,ADQUISICION DE BIENES Y SERVICIOS,ADQUISICIONES DIFERENTES DE ACTIVOS,ADQUISICION DE SERVICIOS,"SERVICIOS PARA LA COMUNIDAD, SOCIALES Y PERSONALES",No Aplica,No Aplica,No Aplica,No Aplica,VIGENCIA ACTUAL,ENTIDADES TERRITORIALES - ADMINISTRACION CENTRAL,"SERVICIO DE APOYO PARA LA ORGANIZACION Y LA PARTICIPACION DEL SECTOR ARTISTICO, CULTURAL Y LA CIUDADANIA",No Aplica,NO DEFINIDO,,,2021,Cuarto Trimestre,,,,OTROS SERVICIOS DIVERSOS N C P,ESTAMPILLAS,,,,,,NO APLICA,,,,,,CON SITUACION DE FONDOS,OTRO,NO DEFINIDO,4070000.0,4070000.0,4070000.0
11201690,20221201,218552585,Pupiales,2.3.2.01.01.001.03,OTRAS ESTRUCTURAS,GASTOS,INVERSION,ADQUISICION DE BIENES Y SERVICIOS,ADQUISICION DE ACTIVOS NO FINANCIEROS,ACTIVOS FIJOS,EDIFICACIONES Y ESTRUCTURAS,OTRAS ESTRUCTURAS,No Aplica,No Aplica,No Aplica,VIGENCIA ACTUAL,ENTIDADES TERRITORIALES - ADMINISTRACION CENTRAL,NO DEFINIDO,No Aplica,NO DEFINIDO,,,2022,Cuarto Trimestre,,,,NO DEFINIDO,NO DEFINIDO,,,,,,NO DEFINIDO,,,,,,NO DEFINIDO,NO DEFINIDO,NO DEFINIDO,108782303.0,102806453.0,89190743.0
11206702,20221201,218552585,Pupiales,2.3.3.09,A INSTITUCIONES SIN ANIMO DE LUCRO QUE SIRVEN A LOS HOGARES,GASTOS,INVERSION,TRANSFERENCIAS CORRIENTES,A INSTITUCIONES SIN ANIMO DE LUCRO QUE SIRVEN A LOS HOGARES,No Aplica,No Aplica,No Aplica,No Aplica,No Aplica,No Aplica,VIGENCIA ACTUAL,ENTIDADES TERRITORIALES - ADMINISTRACION CENTRAL,NO DEFINIDO,No Aplica,NO DEFINIDO,,,2022,Cuarto Trimestre,,,,NO DEFINIDO,NO DEFINIDO,,,,,,NO DEFINIDO,,,,,,NO DEFINIDO,NO DEFINIDO,NO DEFINIDO,17000000.0,17000000.0,13102796.0
11209188,20221201,218552585,Pupiales,2.3.2.02.02.009,"SERVICIOS PARA LA COMUNIDAD, SOCIALES Y PERSONALES",GASTOS,INVERSION,ADQUISICION DE BIENES Y SERVICIOS,ADQUISICIONES DIFERENTES DE ACTIVOS,ADQUISICION DE SERVICIOS,"SERVICIOS PARA LA COMUNIDAD, SOCIALES Y PERSONALES",No Aplica,No Aplica,No Aplica,No Aplica,VIGENCIA ACTUAL,ENTIDADES TERRITORIALES - ADMINISTRACION CENTRAL,"SERVICIO DE INSPECCION, VIGILANCIA Y CONTROL DE LOS FACTORES DEL RIESGO DEL AMBIENTE QUE AFECTAN LA SALUD HUMANA",No Aplica,NO DEFINIDO,,,2022,Cuarto Trimestre,,,,OTROS SERVICIOS DE LA ADMINISTRACION PUBLICA N C P,SGP-SALUD-SALUD PUBLICA,,,,,,NO APLICA,,,,,,CON SITUACION DE FONDOS,DIRECCION NACIONAL DEL TESORO MINISTERIO DE HACIENDA Y CREDITO PUBLICO,NO APLICA,236465200.0,236465200.0,236465200.0
11210744,20220901,218552585,Pupiales,2.1.3.13.01.001,SENTENCIAS,GASTOS,FUNCIONAMIENTO,TRANSFERENCIAS CORRIENTES,SENTENCIAS Y CONCILIACIONES,FALLOS NACIONALES,SENTENCIAS,No Aplica,No Aplica,No Aplica,No Aplica,VIGENCIA ACTUAL,ENTIDADES TERRITORIALES - ADMINISTRACION CENTRAL,NO APLICA,No Aplica,NO DEFINIDO,,,2022,Tercer Trimestre,,,,NO APLICA,"SGP-PROPOSITO GENERAL-LIBRE DESTINACION MUNICIPIOS CATEGORIAS 4, 5 Y 6",,,,,,NO APLICA,,,,,,CON SITUACION DE FONDOS,NO APLICA,NO APLICA,13993200.0,13993200.0,13993200.0
11211834,20220901,218552585,Pupiales,2.3.2.02.02.009,"SERVICIOS PARA LA COMUNIDAD, SOCIALES Y PERSONALES",GASTOS,INVERSION,ADQUISICION DE BIENES Y SERVICIOS,ADQUISICIONES DIFERENTES DE ACTIVOS,ADQUISICION DE SERVICIOS,"SERVICIOS PARA LA COMUNIDAD, SOCIALES Y PERSONALES",No Aplica,No Aplica,No Aplica,No Aplica,VIGENCIA ACTUAL,ENTIDADES TERRITORIALES - ADMINISTRACION CENTRAL,SERVICIO DE APOYO A LA COMERCIALIZACION,2021525850005,NO DEFINIDO,,,2022,Tercer Trimestre,,,,OTROS SERVICIOS DE LA ADMINISTRACION PUBLICA N C P,SGP-PROPOSITO GENERAL-PROPOSITO GENERAL LIBRE INVERSION,,,,,,NO APLICA,,,,,,CON SITUACION DE FONDOS,DIRECCION NACIONAL DEL TESORO MINISTERIO DE HACIENDA Y CREDITO PUBLICO,NO APLICA,27990000.0,27990000.0,27990000.0
11217896,20211201,218552585,Pupiales,2,GASTOS,GASTOS,No Aplica,No Aplica,No Aplica,No Aplica,No Aplica,No Aplica,No Aplica,No Aplica,No Aplica,VIGENCIA ACTUAL,ENTIDADES TERRITORIALES - CONCEJO,NO DEFINIDO,No Aplica,NO DEFINIDO,,,2021,Cuarto Trimestre,,,,NO DEFINIDO,NO DEFINIDO,,,,,,NO DEFINIDO,,,,,,NO DEFINIDO,NO DEFINIDO,NO DEFINIDO,226448376.0,226448376.0,226448376.0
11218966,20210601,218552585,Pupiales,2.1.1.01.01,FACTORES CONSTITUTIVOS DE SALARIO,GASTOS,FUNCIONAMIENTO,GASTOS DE PERSONAL,PLANTA DE PERSONAL PERMANENTE,FACTORES CONSTITUTIVOS DE SALARIO,No Aplica,No Aplica,No Aplica,No Aplica,No Aplica,VIGENCIA ACTUAL,ENTIDADES TERRITORIALES - PERSONERIA,NO DEFINIDO,No Aplica,NO DEFINIDO,,,2021,Segundo Trimestre,,,,NO DEFINIDO,NO DEFINIDO,,,,,,NO DEFINIDO,,,,,,NO DEFINIDO,NO DEFINIDO,NO DEFINIDO,70610823.0,70610823.0,70610823.0
11219515,20220901,218552585,Pupiales,2.1.1.01.03.003,BONIFICACION DE DIRECCION PARA GOBERNADORES Y ALCALDES,GASTOS,FUNCIONAMIENTO,GASTOS DE PERSONAL,PLANTA DE PERSONAL PERMANENTE,REMUNERACIONES NO CONSTITUTIVAS DE FACTOR SALARIAL,BONIFICACION DE DIRECCION PARA GOBERNADORES Y ALCALDES,No Aplica,No Aplica,No Aplica,No Aplica,VIGENCIA ACTUAL,ENTIDADES TERRITORIALES - ADMINISTRACION CENTRAL,NO APLICA,No Aplica,NO DEFINIDO,,,2022,Tercer Trimestre,,,,NO APLICA,INGRESOS CORRIENTES DE LIBRE DESTINACION,,,,,,NO APLICA,,,,,,CON SITUACION DE FONDOS,NO APLICA,NO APLICA,23321966.0,23321966.0,23321966.0
11222275,20220601,218552585,Pupiales,2.1.1.01.01,FACTORES CONSTITUTIVOS DE SALARIO,GASTOS,FUNCIONAMIENTO,GASTOS DE PERSONAL,PLANTA DE PERSONAL PERMANENTE,FACTORES CONSTITUTIVOS DE SALARIO,No Aplica,No Aplica,No Aplica,No Aplica,No Aplica,VIGENCIA ACTUAL,ENTIDADES TERRITORIALES - PERSONERIA,NO DEFINIDO,No Aplica,NO DEFINIDO,,,2022,Segundo Trimestre,,,,NO DEFINIDO,NO DEFINIDO,,,,,,NO DEFINIDO,,,,,,NO DEFINIDO,NO DEFINIDO,NO DEFINIDO,68887145.0,68887145.0,68887145.0
11223444,20220601,218552585,Pupiales,2.3.1.01.02.004,APORTES A CAJAS DE COMPENSACION FAMILIAR,GASTOS,INVERSION,GASTOS DE PERSONAL,PLANTA DE PERSONAL PERMANENTE,CONTRIBUCIONES INHERENTES A LA NOMINA,APORTES A CAJAS DE COMPENSACION FAMILIAR,No Aplica,No Aplica,No Aplica,No Aplica,VIGENCIA ACTUAL,ENTIDADES TERRITORIALES - ADMINISTRACION CENTRAL,NO APLICA,No Aplica,NO DEFINIDO,,,2022,Segundo Trimestre,,,,NO APLICA,SGP-PROPOSITO GENERAL-PROPOSITO GENERAL LIBRE INVERSION,,,,,,NO APLICA,,,,,,CON SITUACION DE FONDOS,DIRECCION NACIONAL DEL TESORO MINISTERIO DE HACIENDA Y CREDITO PUBLICO,NO APLICA,3955476.0,3955476.0,3955476.0
11227144,20220901,218552585,Pupiales,2.3.3.05.07.013,TRANSFERIR A LAS ENTIDADES TERRITORIALES PARA APOYAR LA OPERACION DEL PROGRAMA DE ALIMENTACION ESCOLAR,GASTOS,INVERSION,TRANSFERENCIAS CORRIENTES,A ENTIDADES DEL GOBIERNO,A ENTIDADES TERRITORIALES DISTINTAS DE COMPENSACIONES Y PARTICIPACIONES,TRANSFERIR A LAS ENTIDADES TERRITORIALES PARA APOYAR LA OPERACION DEL PROGRAMA DE ALIMENTACION ESCOLAR,No Aplica,No Aplica,No Aplica,No Aplica,VIGENCIA ACTUAL,ENTIDADES TERRITORIALES - ADMINISTRACION CENTRAL,SERVICIO DE APOYO A LA PERMANENCIA CON ALIMENTACION ESCOLAR,No Aplica,NO DEFINIDO,,,2022,Tercer Trimestre,,,,NO APLICA,SGP-ASIGNACION ESPECIAL-PROGRAMAS DE ALIMENTACION ESCOLAR,,,,,,NO APLICA,,,,,,CON SITUACION DE FONDOS,NO APLICA,NO APLICA,60758054.0,45568007.0,45568007.0
11227594,20211201,218552585,Pupiales,2.3.2.02.02.009,"SERVICIOS PARA LA COMUNIDAD, SOCIALES Y PERSONALES",GASTOS,INVERSION,ADQUISICION DE BIENES Y SERVICIOS,ADQUISICIONES DIFERENTES DE ACTIVOS,ADQUISICION DE SERVICIOS,"SERVICIOS PARA LA COMUNIDAD, SOCIALES Y PERSONALES",No Aplica,No Aplica,No Aplica,No Aplica,VIGENCIA ACTUAL,ENTIDADES TERRITORIALES - ADMINISTRACION CENTRAL,SERVICIOS BIBLIOTECARIOS,2021525850009,NO DEFINIDO,,,2021,Cuarto Trimestre,,,,OTROS SERVICIOS DIVERSOS N C P,SGP-PROPOSITO GENERAL-CULTURA,,,,,,NO APLICA,,,,,,CON SITUACION DE FONDOS,DIRECCION NACIONAL DEL TESORO MINISTERIO DE HACIENDA Y CREDITO PUBLICO,NO DEFINIDO,10733000.0,10733000.0,10733000.0
11228712,20210601,218552585,Pupiales,2.3.4.03,COMPENSACIONES DE CAPITAL,GASTOS,INVERSION,TRANSFERENCIAS DE CAPITAL,COMPENSACIONES DE CAPITAL,No Aplica,No Aplica,No Aplica,No Aplica,No Aplica,No Aplica,VIGENCIA ACTUAL,ENTIDADES TERRITORIALES - ADMINISTRACION CENTRAL,NO APLICA,No Aplica,NO DEFINIDO,,,2021,Segundo Trimestre,,,,NO APLICA,1.3.3.6.03 - R.B. SGP - PROPOSITO GENERAL - PROPOSITO GENERAL LIBRE INVERSION,,,,,,NO APLICA,,,,,,CON SITUACION DE FONDOS,DIRECCION NACIONAL DEL TESORO MINISTERIO DE HACIENDA Y CREDITO PUBLICO,NO DEFINIDO,45448376.0,16723419.0,16723419.0
11229035,20220901,218552585,Pupiales,2,GASTOS,GASTOS,No Aplica,No Aplica,No Aplica,No Aplica,No Aplica,No Aplica,No Aplica,No Aplica,No Aplica,VIGENCIA ACTUAL,ENTIDADES TERRITORIALES - CONCEJO,NO DEFINIDO,No Aplica,NO DEFINIDO,,,2022,Tercer Trimestre,,,,NO DEFINIDO,NO DEFINIDO,,,,,,NO DEFINIDO,,,,,,NO DEFINIDO,NO DEFINIDO,NO DEFINIDO,141752037.0,141752037.0,141752037.0
11237735,20210601,218552585,Pupiales,2.1.1.01.01,FACTORES CONSTITUTIVOS DE SALARIO,GASTOS,FUNCIONAMIENTO,GASTOS DE PERSONAL,PLANTA DE PERSONAL PERMANENTE,FACTORES CONSTITUTIVOS DE SALARIO,No Aplica,No Aplica,No Aplica,No Aplica,No Aplica,VIGENCIA ACTUAL,ENTIDADES TERRITORIALES - CONCEJO,NO DEFINIDO,No Aplica,NO DEFINIDO,,,2021,Segundo Trimestre,,,,NO DEFINIDO,NO DEFINIDO,,,,,,NO DEFINIDO,,,,,,NO DEFINIDO,NO DEFINIDO,NO DEFINIDO,40998955.0,40998955.0,40998955.0
11237928,20230301,218552585,Pupiales,2.3.2.02.02.009,"SERVICIOS PARA LA COMUNIDAD, SOCIALES Y PERSONALES",GASTOS,INVERSION,ADQUISICION DE BIENES Y SERVICIOS,ADQUISICIONES DIFERENTES DE ACTIVOS,ADQUISICION DE SERVICIOS,"SERVICIOS PARA LA COMUNIDAD, SOCIALES Y PERSONALES",No Aplica,No Aplica,No Aplica,No Aplica,CUENTAS POR PAGAR,ENTIDADES TERRITORIALES - ADMINISTRACION CENTRAL,SERVICIO DE VIGILANCIA CARCELARIA Y PENITENCIARIA,No Aplica,NO DEFINIDO,,,2023,Primer Trimestre,,,,OTROS SERVICIOS DIVERSOS N C P,INGRESOS CORRIENTES DE LIBRE DESTINACION,,,,,,NO APLICA,,,,,,CON SITUACION DE FONDOS,NO APLICA,NO APLICA,15000000.0,15000000.0,15000000.0
11239095,20220901,218552585,Pupiales,2.3.1.01.02.006,APORTES AL ICBF,GASTOS,INVERSION,GASTOS DE PERSONAL,PLANTA DE PERSONAL PERMANENTE,CONTRIBUCIONES INHERENTES A LA NOMINA,APORTES AL ICBF,No Aplica,No Aplica,No Aplica,No Aplica,VIGENCIA ACTUAL,ENTIDADES TERRITORIALES - ADMINISTRACION CENTRAL,NO APLICA,No Aplica,NO DEFINIDO,,,2022,Tercer Trimestre,,,,NO APLICA,SGP-PROPOSITO GENERAL-PROPOSITO GENERAL LIBRE INVERSION,,,,,,NO APLICA,,,,,,CON SITUACION DE FONDOS,DIRECCION NACIONAL DEL TESORO MINISTERIO DE HACIENDA Y CREDITO PUBLICO,NO APLICA,4407432.0,4407432.0,4407432.0
11243707,20220301,218552585,Pupiales,2.1.1.01,PLANTA DE PERSONAL PERMANENTE,GASTOS,FUNCIONAMIENTO,GASTOS DE PERSONAL,PLANTA DE PERSONAL PERMANENTE,No Aplica,No Aplica,No Aplica,No Aplica,No Aplica,No Aplica,VIGENCIA ACTUAL,ENTIDADES TERRITORIALES - ADMINISTRACION CENTRAL,NO DEFINIDO,No Aplica,NO DEFINIDO,,,2022,Primer Trimestre,,,,NO DEFINIDO,NO DEFINIDO,,,,,,NO DEFINIDO,,,,,,NO DEFINIDO,NO DEFINIDO,NO DEFINIDO,227186461.0,225018861.0,225018861.0
11247013,20221201,218552585,Pupiales,2.3.2.02.02.009,"SERVICIOS PARA LA COMUNIDAD, SOCIALES Y PERSONALES",GASTOS,INVERSION,ADQUISICION DE BIENES Y SERVICIOS,ADQUISICIONES DIFERENTES DE ACTIVOS,ADQUISICION DE SERVICIOS,"SERVICIOS PARA LA COMUNIDAD, SOCIALES Y PERSONALES",No Aplica,No Aplica,No Aplica,No Aplica,VIGENCIA ACTUAL,ENTIDADES TERRITORIALES - ADMINISTRACION CENTRAL,SERVICIO DE ASISTENCIA TECNICA EN EL MARCO DE LA FORMULACION E IMPLEMENTACION DE PROYECTOS DEMOSTRATIVOS PARA LA REDUCCION DE IMPACTOS AMBIENTALES DE LA MINERIA,No Aplica,NO DEFINIDO,,,2022,Cuarto Trimestre,,,,OTROS SERVICIOS DE LA ADMINISTRACION PUBLICA N C P,SGP-PROPOSITO GENERAL-PROPOSITO GENERAL LIBRE INVERSION,,,,,,NO APLICA,,,,,,CON SITUACION DE FONDOS,DIRECCION NACIONAL DEL TESORO MINISTERIO DE HACIENDA Y CREDITO PUBLICO,NO APLICA,18985000.0,18985000.0,18985000.0
11250944,20211201,218552585,Pupiales,2.3.1.01.01.001.08.02,PRIMA DE VACACIONES,GASTOS,INVERSION,GASTOS DE PERSONAL,PLANTA DE PERSONAL PERMANENTE,FACTORES CONSTITUTIVOS DE SALARIO,FACTORES SALARIALES COMUNES,PRESTACIONES SOCIALES,PRIMA DE VACACIONES,No Aplica,No Aplica,VIGENCIA ACTUAL,ENTIDADES TERRITORIALES - ADMINISTRACION CENTRAL,NO APLICA,No Aplica,NO DEFINIDO,,,2021,Cuarto Trimestre,,,,NO APLICA,SGP-PROPOSITO GENERAL-PROPOSITO GENERAL LIBRE INVERSION,,,,,,NO APLICA,,,,,,CON SITUACION DE FONDOS,DIRECCION NACIONAL DEL TESORO MINISTERIO DE HACIENDA Y CREDITO PUBLICO,NO DEFINIDO,7796226.0,7796226.0,7796226.0
11251327,20230301,218552585,Pupiales,2.3.2.02.02.009,"SERVICIOS PARA LA COMUNIDAD, SOCIALES Y PERSONALES",GASTOS,INVERSION,ADQUISICION DE BIENES Y SERVICIOS,ADQUISICIONES DIFERENTES DE ACTIVOS,ADQUISICION DE SERVICIOS,"SERVICIOS PARA LA COMUNIDAD, SOCIALES Y PERSONALES",No Aplica,No Aplica,No Aplica,No Aplica,CUENTAS POR PAGAR,ENTIDADES TERRITORIALES - ADMINISTRACION CENTRAL,"SERVICIO DE INFORMACION PARA EL REGISTRO, ATENCION, ASISTENCIA Y REPARACION INTEGRAL A VICTIMAS",No Aplica,NO DEFINIDO,,,2023,Primer Trimestre,,,,OTROS SERVICIOS DIVERSOS N C P,SGP-PROPOSITO GENERAL-PROPOSITO GENERAL LIBRE INVERSION,,,,,,NO APLICA,,,,,,CON SITUACION DE FONDOS,NO APLICA,NO APLICA,2390400.0,2390400.0,0.0
11255019,20211201,218552585,Pupiales,2.3.2.01.01.003.01.06,OTRAS MAQUINAS PARA USOS GENERALES Y SUS PARTES Y PIEZAS,GASTOS,INVERSION,ADQUISICION DE BIENES Y SERVICIOS,ADQUISICION DE ACTIVOS NO FINANCIEROS,ACTIVOS FIJOS,MAQUINARIA Y EQUIPO,MAQUINARIA PARA USO GENERAL,OTRAS MAQUINAS PARA USOS GENERALES Y SUS PARTES Y PIEZAS,No Aplica,No Aplica,VIGENCIA ACTUAL,ENTIDADES TERRITORIALES - ADMINISTRACION CENTRAL,SERVICIO DE ASISTENCIA TECNICA EN INFRAESTRUCTURA Y SERVICIO DE LA RED VIAL REGIONAL,No Aplica,NO DEFINIDO,,,2021,Cuarto Trimestre,,,,NO APLICA,SGP-PROPOSITO GENERAL-PROPOSITO GENERAL LIBRE INVERSION,,,,,,NO APLICA,,,,,,CON SITUACION DE FONDOS,DIRECCION NACIONAL DEL TESORO MINISTERIO DE HACIENDA Y CREDITO PUBLICO,NO DEFINIDO,1989000000.0,1989000000.0,1989000000.0
11255881,20210601,218552585,Pupiales,2.1.1.01.01.001.07,BONIFICACION POR SERVICIOS PRESTADOS,GASTOS,FUNCIONAMIENTO,GASTOS DE PERSONAL,PLANTA DE PERSONAL PERMANENTE,FACTORES CONSTITUTIVOS DE SALARIO,FACTORES SALARIALES COMUNES,BONIFICACION POR SERVICIOS PRESTADOS,No Aplica,No Aplica,No Aplica,VIGENCIA ACTUAL,ENTIDADES TERRITORIALES - ADMINISTRACION CENTRAL,NO APLICA,No Aplica,NO DEFINIDO,,,2021,Segundo Trimestre,,,,NO APLICA,1.2.1.0.00 - INGRESOS CORRIENTES DE LIBRE DESTINACION,,,,,,NO APLICA,,,,,,CON SITUACION DE FONDOS,NO APLICA,NO DEFINIDO,12524583.0,12524583.0,12524583.0
11257980,20211201,218552585,Pupiales,2.3.3.05,A ENTIDADES DEL GOBIERNO,GASTOS,INVERSION,TRANSFERENCIAS CORRIENTES,A ENTIDADES DEL GOBIERNO,No Aplica,No Aplica,No Aplica,No Aplica,No Aplica,No Aplica,VIGENCIA ACTUAL,ENTIDADES TERRITORIALES - ADMINISTRACION CENTRAL,NO DEFINIDO,No Aplica,NO DEFINIDO,,,2021,Cuarto Trimestre,,,,NO DEFINIDO,NO DEFINIDO,,,,,,NO DEFINIDO,,,,,,NO DEFINIDO,NO DEFINIDO,NO DEFINIDO,317619203.0,317619203.0,317619203.0
11259671,20230301,218552585,Pupiales,2.3.2.02.02.009,"SERVICIOS PARA LA COMUNIDAD, SOCIALES Y PERSONALES",GASTOS,INVERSION,ADQUISICION DE BIENES Y SERVICIOS,ADQUISICIONES DIFERENTES DE ACTIVOS,ADQUISICION DE SERVICIOS,"SERVICIOS PARA LA COMUNIDAD, SOCIALES Y PERSONALES",No Aplica,No Aplica,No Aplica,No Aplica,VIGENCIA ACTUAL,ENTIDADES TERRITORIALES - ADMINISTRACION CENTRAL,"SERVICIO DE APOYO FINANCIERO A LOS PLANES, PROGRAMAS Y PROYECTOS DE AGUA POTABLE Y SANEAMIENTO BASICO",No Aplica,NO DEFINIDO,,,2023,Primer Trimestre,,,,SERVICIOS DE LA ADMINISTRACION PUBLICA RELACIONADOS CON LA VIVIENDA E INFRAESTRUCTURA DE SERVICIOS PUBLICOS,SGP-AGUA POTABLE Y SANEAMIENTO BASICO,,,,,,NO APLICA,,,,,,CON SITUACION DE FONDOS,NO APLICA,NO APLICA,146497727.0,83509278.0,83509278.0
11259698,20220601,218552585,Pupiales,2.3.3.01.02.004,SUBVENCIONES PARA SERVICIOS PUBLICOS DOMICILIARIOS DE AGUA POTABLE Y SANEAMIENTO BASICO,GASTOS,INVERSION,TRANSFERENCIAS CORRIENTES,SUBVENCIONES,A EMPRESAS PUBLICAS NO FINANCIERAS,SUBVENCIONES PARA SERVICIOS PUBLICOS DOMICILIARIOS DE AGUA POTABLE Y SANEAMIENTO BASICO,No Aplica,No Aplica,No Aplica,No Aplica,VIGENCIA ACTUAL,ENTIDADES TERRITORIALES - ADMINISTRACION CENTRAL,NO DEFINIDO,No Aplica,NO DEFINIDO,,,2022,Segundo Trimestre,,,,NO DEFINIDO,NO DEFINIDO,,,,,,NO DEFINIDO,,,,,,NO DEFINIDO,NO DEFINIDO,NO DEFINIDO,491892532.0,189247356.0,189247356.0
11265447,20230301,218552585,Pupiales,2.3.2.02.02.009,"SERVICIOS PARA LA COMUNIDAD, SOCIALES Y PERSONALES",GASTOS,INVERSION,ADQUISICION DE BIENES Y SERVICIOS,ADQUISICIONES DIFERENTES DE ACTIVOS,ADQUISICION DE SERVICIOS,"SERVICIOS PARA LA COMUNIDAD, SOCIALES Y PERSONALES",No Aplica,No Aplica,No Aplica,No Aplica,VIGENCIA ACTUAL,ENTIDADES TERRITORIALES - ADMINISTRACION CENTRAL,SERVICIO DE APOYO FINANCIERO PARA PROYECTOS DE CONVIVENCIA Y SEGURIDAD CIUDADANA,No Aplica,NO DEFINIDO,,,2023,Primer Trimestre,,,,SERVICIO DE DESCONTAMINACION DE ESTABLECIMIENTOS Y LIMPIEZA DE SUELOS Y AGUAS SUBTERRANEAS,IMPUESTO DE TRANSPORTE POR OLEODUCTOS Y GASODUCTOS,,,,,,NO APLICA,,,,,,CON SITUACION DE FONDOS,NO APLICA,NO APLICA,5695.0,5695.0,5695.0
11267829,20221201,218552585,Pupiales,2.1.1.01.01.001.01,SUELDO BASICO,GASTOS,FUNCIONAMIENTO,GASTOS DE PERSONAL,PLANTA DE PERSONAL PERMANENTE,FACTORES CONSTITUTIVOS DE SALARIO,FACTORES SALARIALES COMUNES,SUELDO BASICO,No Aplica,No Aplica,No Aplica,VIGENCIA ACTUAL,ENTIDADES TERRITORIALES - PERSONERIA,NO APLICA,No Aplica,NO DEFINIDO,,,2022,Cuarto Trimestre,,,,NO APLICA,INGRESOS CORRIENTES DE LIBRE DESTINACION,,,,,,NO APLICA,,,,,,CON SITUACION DE FONDOS,NO APLICA,NO APLICA,150000000.0,150000000.0,150000000.0
11270280,20220901,218552585,Pupiales,2.1.1.01.01.001.06,PRIMA DE SERVICIO,GASTOS,FUNCIONAMIENTO,GASTOS DE PERSONAL,PLANTA DE PERSONAL PERMANENTE,FACTORES CONSTITUTIVOS DE SALARIO,FACTORES SALARIALES COMUNES,PRIMA DE SERVICIO,No Aplica,No Aplica,No Aplica,VIGENCIA ACTUAL,ENTIDADES TERRITORIALES - ADMINISTRACION CENTRAL,NO APLICA,No Aplica,NO DEFINIDO,,,2022,Tercer Trimestre,,,,NO APLICA,INGRESOS CORRIENTES DE LIBRE DESTINACION,,,,,,NO APLICA,,,,,,CON SITUACION DE FONDOS,NO APLICA,NO APLICA,23023151.0,23023151.0,23023151.0
11270962,20211201,218552585,Pupiales,2.3.2.02.01.001,"MINERALES, ELECTRICIDAD, GAS Y AGUA",GASTOS,INVERSION,ADQUISICION DE BIENES Y SERVICIOS,ADQUISICIONES DIFERENTES DE ACTIVOS,MATERIALES Y SUMINISTROS,"MINERALES, ELECTRICIDAD, GAS Y AGUA",No Aplica,No Aplica,No Aplica,No Aplica,VIGENCIA ACTUAL,ENTIDADES TERRITORIALES - ADMINISTRACION CENTRAL,SERVICIO DE ASISTENCIA TECNICA EN INFRAESTRUCTURA Y SERVICIO DE LA RED VIAL REGIONAL,No Aplica,NO DEFINIDO,,,2021,Cuarto Trimestre,,,,OTROS SERVICIOS DIVERSOS N C P,SGP-PROPOSITO GENERAL-PROPOSITO GENERAL LIBRE INVERSION,,,,,,NO APLICA,,,,,,CON SITUACION DE FONDOS,DIRECCION NACIONAL DEL TESORO MINISTERIO DE HACIENDA Y CREDITO PUBLICO,NO DEFINIDO,399986640.0,399986640.0,399986640.0
11271684,20230601,218552585,Pupiales,2.3.1.01.02.008,APORTES A LA ESAP,GASTOS,INVERSION,GASTOS DE PERSONAL,PLANTA DE PERSONAL PERMANENTE,CONTRIBUCIONES INHERENTES A LA NOMINA,APORTES A LA ESAP,No Aplica,No Aplica,No Aplica,No Aplica,VIGENCIA ACTUAL,ENTIDADES TERRITORIALES - ADMINISTRACION CENTRAL,SERVICIO DE JUSTICIA A LOS CIUDADANOS,No Aplica,NO DEFINIDO,,,2023,Segundo Trimestre,,,,NO APLICA,SGP-PROPOSITO GENERAL-PROPOSITO GENERAL LIBRE INVERSION,,,,,,NO APLICA,,,,,,CON SITUACION DE FONDOS,NO APLICA,NO APLICA,264528.0,264528.0,264528.0
11271688,20230301,218552585,Pupiales,2.3.2.02.02.009,"SERVICIOS PARA LA COMUNIDAD, SOCIALES Y PERSONALES",GASTOS,INVERSION,ADQUISICION DE BIENES Y SERVICIOS,ADQUISICIONES DIFERENTES DE ACTIVOS,ADQUISICION DE SERVICIOS,"SERVICIOS PARA LA COMUNIDAD, SOCIALES Y PERSONALES",No Aplica,No Aplica,No Aplica,No Aplica,CUENTAS POR PAGAR,ENTIDADES TERRITORIALES - ADMINISTRACION CENTRAL,SERVICIO DE ASISTENCIA TECNICA4599031,No Aplica,NO DEFINIDO,,,2023,Primer Trimestre,,,,SERVICIOS DE LA ADMINISTRACION PUBLICA RELACIONADOS CON ASUNTOS ECONOMICOS COMERCIALES Y LABORALES,"SGP-PROPOSITO GENERAL-LIBRE DESTINACION MUNICIPIOS CATEGORIAS 4, 5 Y 6",,,,,,NO APLICA,,,,,,CON SITUACION DE FONDOS,NO APLICA,NO APLICA,677217.0,677217.0,492521.0
11274131,20220301,218552585,Pupiales,2.3.2.02.02.009,"SERVICIOS PARA LA COMUNIDAD, SOCIALES Y PERSONALES",GASTOS,INVERSION,ADQUISICION DE BIENES Y SERVICIOS,ADQUISICIONES DIFERENTES DE ACTIVOS,ADQUISICION DE SERVICIOS,"SERVICIOS PARA LA COMUNIDAD, SOCIALES Y PERSONALES",No Aplica,No Aplica,No Aplica,No Aplica,VIGENCIA ACTUAL,ENTIDADES TERRITORIALES - ADMINISTRACION CENTRAL,SERVICIO DE ORGANIZACION DE EVENTOS DEPORTIVOS COMUNITARIOS,2021525850035,NO DEFINIDO,,,2022,Primer Trimestre,,,,OTROS SERVICIOS ADMINISTRATIVOS DEL GOBIERNO N C P,SGP-PROPOSITO GENERAL-DEPORTE Y RECREACION,,,,,,NO APLICA,,,,,,CON SITUACION DE FONDOS,DIRECCION NACIONAL DEL TESORO MINISTERIO DE HACIENDA Y CREDITO PUBLICO,NO APLICA,23800000.0,23800000.0,23800000.0
11274339,20220601,218552585,Pupiales,2.1.2.02.02,ADQUISICION DE SERVICIOS,GASTOS,FUNCIONAMIENTO,ADQUISICION DE BIENES Y SERVICIOS,ADQUISICIONES DIFERENTES DE ACTIVOS,ADQUISICION DE SERVICIOS,No Aplica,No Aplica,No Aplica,No Aplica,No Aplica,VIGENCIA ACTUAL,ENTIDADES TERRITORIALES - ADMINISTRACION CENTRAL,NO DEFINIDO,No Aplica,NO DEFINIDO,,,2022,Segundo Trimestre,,,,NO DEFINIDO,NO DEFINIDO,,,,,,NO DEFINIDO,,,,,,NO DEFINIDO,NO DEFINIDO,NO DEFINIDO,536972412.0,393314012.0,393253354.0
11274859,20230601,218552585,Pupiales,2.1.2.02.02.007,SERVICIOS FINANCIEROS Y SERVICIOS CONEXOS; SERVICIOS INMOBILIARIOS; Y SERVICIOS DE ARRENDAMIENTO Y LEASING,GASTOS,FUNCIONAMIENTO,ADQUISICION DE BIENES Y SERVICIOS,ADQUISICIONES DIFERENTES DE ACTIVOS,ADQUISICION DE SERVICIOS,SERVICIOS FINANCIEROS Y SERVICIOS CONEXOS; SERVICIOS INMOBILIARIOS; Y SERVICIOS DE ARRENDAMIENTO Y LEASING,No Aplica,No Aplica,No Aplica,No Aplica,VIGENCIA ACTUAL,ENTIDADES TERRITORIALES - ADMINISTRACION CENTRAL,NO APLICA,No Aplica,NO DEFINIDO,,,2023,Segundo Trimestre,,,,OTROS SERVICIOS AUXILIARES RELACIONADOS CON LA BANCA DE INVERSION N C P,"SGP-PROPOSITO GENERAL-LIBRE DESTINACION MUNICIPIOS CATEGORIAS 4, 5 Y 6",,,,,,NO APLICA,,,,,,CON SITUACION DE FONDOS,NO APLICA,NO APLICA,11950000.0,11950000.0,11950000.0
11277332,20221201,218552585,Pupiales,2.1.1.01.02.006,APORTES AL ICBF,GASTOS,FUNCIONAMIENTO,GASTOS DE PERSONAL,PLANTA DE PERSONAL PERMANENTE,CONTRIBUCIONES INHERENTES A LA NOMINA,APORTES AL ICBF,No Aplica,No Aplica,No Aplica,No Aplica,VIGENCIA ACTUAL,ENTIDADES TERRITORIALES - ADMINISTRACION CENTRAL,NO APLICA,No Aplica,NO DEFINIDO,,,2022,Cuarto Trimestre,,,,NO APLICA,"SGP-PROPOSITO GENERAL-LIBRE DESTINACION MUNICIPIOS CATEGORIAS 4, 5 Y 6",,,,,,NO APLICA,,,,,,CON SITUACION DE FONDOS,NO APLICA,NO APLICA,16533685.0,16533685.0,16533685.0
11282305,20230601,218552585,Pupiales,2.3.1.01.01.001.01,SUELDO BASICO,GASTOS,INVERSION,GASTOS DE PERSONAL,PLANTA DE PERSONAL PERMANENTE,FACTORES CONSTITUTIVOS DE SALARIO,FACTORES SALARIALES COMUNES,SUELDO BASICO,No Aplica,No Aplica,No Aplica,VIGENCIA ACTUAL,ENTIDADES TERRITORIALES - ADMINISTRACION CENTRAL,SERVICIO DE JUSTICIA A LOS CIUDADANOS,No Aplica,NO DEFINIDO,,,2023,Segundo Trimestre,,,,NO APLICA,"SGP-PROPOSITO GENERAL-LIBRE DESTINACION MUNICIPIOS CATEGORIAS 4, 5 Y 6",,,,,,NO APLICA,,,,,,CON SITUACION DE FONDOS,NO APLICA,NO APLICA,29098562.0,29098562.0,29098562.0
11283198,20211201,218552585,Pupiales,2.1.1.01.02.003,APORTES DE CESANTIAS,GASTOS,FUNCIONAMIENTO,GASTOS DE PERSONAL,PLANTA DE PERSONAL PERMANENTE,CONTRIBUCIONES INHERENTES A LA NOMINA,APORTES DE CESANTIAS,No Aplica,No Aplica,No Aplica,No Aplica,VIGENCIA ACTUAL,ENTIDADES TERRITORIALES - ADMINISTRACION CENTRAL,NO APLICA,No Aplica,NO DEFINIDO,,,2021,Cuarto Trimestre,,,,NO APLICA,INGRESOS CORRIENTES DE LIBRE DESTINACION,,,,,,NO APLICA,,,,,,CON SITUACION DE FONDOS,NO APLICA,NO DEFINIDO,41547685.0,41547685.0,20352500.0
11284730,20221201,218552585,Pupiales,2.2.2,SERVICIO DE LA DEUDA PUBLICA INTERNA,GASTOS,SERVICIO DE LA DEUDA PUBLICA,SERVICIO DE LA DEUDA PUBLICA INTERNA,No Aplica,No Aplica,No Aplica,No Aplica,No Aplica,No Aplica,No Aplica,VIGENCIA ACTUAL,ENTIDADES TERRITORIALES - ADMINISTRACION CENTRAL,NO DEFINIDO,No Aplica,NO DEFINIDO,,,2022,Cuarto Trimestre,,,,NO DEFINIDO,NO DEFINIDO,,,,,,NO DEFINIDO,,,,,,NO DEFINIDO,NO DEFINIDO,NO DEFINIDO,532122232.0,532122232.0,532122232.0
11288902,20210601,218552585,Pupiales,2.1.1.01.03.006,HONORARIOS CONCEJALES,GASTOS,FUNCIONAMIENTO,GASTOS DE PERSONAL,PLANTA DE PERSONAL PERMANENTE,REMUNERACIONES NO CONSTITUTIVAS DE FACTOR SALARIAL,HONORARIOS CONCEJALES,No Aplica,No Aplica,No Aplica,No Aplica,VIGENCIA ACTUAL,ENTIDADES TERRITORIALES - CONCEJO,NO APLICA,No Aplica,NO DEFINIDO,,,2021,Segundo Trimestre,,,,NO APLICA,1.2.1.0.00 - INGRESOS CORRIENTES DE LIBRE DESTINACION,,,,,,NO APLICA,,,,,,CON SITUACION DE FONDOS,NO APLICA,NO DEFINIDO,84823364.0,84823364.0,84823364.0
11291022,20210301,218552585,Pupiales,2.2.2.01.02,PRESTAMOS,GASTOS,SERVICIO DE LA DEUDA PUBLICA,SERVICIO DE LA DEUDA PUBLICA INTERNA,PRINCIPAL,PRESTAMOS,No Aplica,No Aplica,No Aplica,No Aplica,No Aplica,VIGENCIA ACTUAL,ENTIDADES TERRITORIALES - ADMINISTRACION CENTRAL,NO DEFINIDO,No Aplica,NO DEFINIDO,,,2021,Primer Trimestre,,,,NO DEFINIDO,NO DEFINIDO,,,,,,NO DEFINIDO,,,,,,NO DEFINIDO,NO DEFINIDO,NO DEFINIDO,31776378.0,31776378.0,31776378.0
11296518,20220301,218552585,Pupiales,2.2.2.02.02,PRESTAMOS,GASTOS,SERVICIO DE LA DEUDA PUBLICA,SERVICIO DE LA DEUDA PUBLICA INTERNA,INTERESES,PRESTAMOS,No Aplica,No Aplica,No Aplica,No Aplica,No Aplica,VIGENCIA ACTUAL,ENTIDADES TERRITORIALES - ADMINISTRACION CENTRAL,NO DEFINIDO,No Aplica,NO DEFINIDO,,,2022,Primer Trimestre,,,,NO DEFINIDO,NO DEFINIDO,,,,,,NO DEFINIDO,,,,,,NO DEFINIDO,NO DEFINIDO,NO DEFINIDO,5580583.0,5580583.0,5580583.0
11299457,20211201,218552585,Pupiales,2.1.1.01.03.001.01,VACACIONES,GASTOS,FUNCIONAMIENTO,GASTOS DE PERSONAL,PLANTA DE PERSONAL PERMANENTE,REMUNERACIONES NO CONSTITUTIVAS DE FACTOR SALARIAL,PRESTACIONES SOCIALES,VACACIONES,No Aplica,No Aplica,No Aplica,VIGENCIA ACTUAL,ENTIDADES TERRITORIALES - ADMINISTRACION CENTRAL,NO APLICA,No Aplica,NO DEFINIDO,,,2021,Cuarto Trimestre,,,,NO APLICA,INGRESOS CORRIENTES DE LIBRE DESTINACION,,,,,,NO APLICA,,,,,,CON SITUACION DE FONDOS,NO APLICA,NO DEFINIDO,22156617.0,22156617.0,22156617.0
11299681,20220601,218552585,Pupiales,2.3.1.01.02,CONTRIBUCIONES INHERENTES A LA NOMINA,GASTOS,INVERSION,GASTOS DE PERSONAL,PLANTA DE PERSONAL PERMANENTE,CONTRIBUCIONES INHERENTES A LA NOMINA,No Aplica,No Aplica,No Aplica,No Aplica,No Aplica,VIGENCIA ACTUAL,ENTIDADES TERRITORIALES - ADMINISTRACION CENTRAL,NO DEFINIDO,No Aplica,NO DEFINIDO,,,2022,Segundo Trimestre,,,,NO DEFINIDO,NO DEFINIDO,,,,,,NO DEFINIDO,,,,,,NO DEFINIDO,NO DEFINIDO,NO DEFINIDO,30341035.0,30341035.0,30341035.0
11299819,20221201,218552585,Pupiales,2.1.1.01,PLANTA DE PERSONAL PERMANENTE,GASTOS,FUNCIONAMIENTO,GASTOS DE PERSONAL,PLANTA DE PERSONAL PERMANENTE,No Aplica,No Aplica,No Aplica,No Aplica,No Aplica,No Aplica,VIGENCIA ACTUAL,ENTIDADES TERRITORIALES - PERSONERIA,NO DEFINIDO,No Aplica,NO DEFINIDO,,,2022,Cuarto Trimestre,,,,NO DEFINIDO,NO DEFINIDO,,,,,,NO DEFINIDO,,,,,,NO DEFINIDO,NO DEFINIDO,NO DEFINIDO,150000000.0,150000000.0,150000000.0
11306072,20210301,218552585,Pupiales,2.3.1.01.02,CONTRIBUCIONES INHERENTES A LA NOMINA,GASTOS,INVERSION,GASTOS DE PERSONAL,PLANTA DE PERSONAL PERMANENTE,CONTRIBUCIONES INHERENTES A LA NOMINA,No Aplica,No Aplica,No Aplica,No Aplica,No Aplica,VIGENCIA ACTUAL,ENTIDADES TERRITORIALES - ADMINISTRACION CENTRAL,NO DEFINIDO,No Aplica,NO DEFINIDO,,,2021,Primer Trimestre,,,,NO DEFINIDO,NO DEFINIDO,,,,,,NO DEFINIDO,,,,,,NO DEFINIDO,NO DEFINIDO,NO DEFINIDO,9310165.0,9310165.0,9310165.0
11307014,20210301,218552585,Pupiales,2.3.4,TRANSFERENCIAS DE CAPITAL,GASTOS,INVERSION,TRANSFERENCIAS DE CAPITAL,No Aplica,No Aplica,No Aplica,No Aplica,No Aplica,No Aplica,No Aplica,VIGENCIA ACTUAL,ENTIDADES TERRITORIALES - ADMINISTRACION CENTRAL,NO DEFINIDO,No Aplica,NO DEFINIDO,,,2021,Primer Trimestre,,,,NO DEFINIDO,NO DEFINIDO,,,,,,NO DEFINIDO,,,,,,NO DEFINIDO,NO DEFINIDO,NO DEFINIDO,4542630.0,0.0,0.0
11308515,20211201,218552585,Pupiales,2.3.2.02.02.005,CONSTRUCCION Y SERVICIOS DE LA CONSTRUCCION,GASTOS,INVERSION,ADQUISICION DE BIENES Y SERVICIOS,ADQUISICIONES DIFERENTES DE ACTIVOS,ADQUISICION DE SERVICIOS,CONSTRUCCION Y SERVICIOS DE LA CONSTRUCCION,No Aplica,No Aplica,No Aplica,No Aplica,VIGENCIA ACTUAL,ENTIDADES TERRITORIALES - ADMINISTRACION CENTRAL,"SERVICIO DE APOYO FINANCIERO A LOS PLANES, PROGRAMAS Y PROYECTOS DE AGUA POTABLE Y SANEAMIENTO BASICO",No Aplica,NO DEFINIDO,,,2021,Cuarto Trimestre,,,,OTROS SERVICIOS DIVERSOS N C P,SGP-AGUA POTABLE Y SANEAMIENTO BASICO,,,,,,NO APLICA,,,,,,CON SITUACION DE FONDOS,NO APLICA,NO DEFINIDO,245974004.0,245974004.0,245974004.0
11309095,20220601,218552585,Pupiales,2.3.1.01.01.001.08.01,PRIMA DE NAVIDAD,GASTOS,INVERSION,GASTOS DE PERSONAL,PLANTA DE PERSONAL PERMANENTE,FACTORES CONSTITUTIVOS DE SALARIO,FACTORES SALARIALES COMUNES,PRESTACIONES SOCIALES,PRIMA DE NAVIDAD,No Aplica,No Aplica,VIGENCIA ACTUAL,ENTIDADES TERRITORIALES - ADMINISTRACION CENTRAL,NO APLICA,No Aplica,NO DEFINIDO,,,2022,Segundo Trimestre,,,,NO APLICA,SGP-PROPOSITO GENERAL-PROPOSITO GENERAL LIBRE INVERSION,,,,,,NO APLICA,,,,,,CON SITUACION DE FONDOS,DIRECCION NACIONAL DEL TESORO MINISTERIO DE HACIENDA Y CREDITO PUBLICO,NO APLICA,1689024.0,1689024.0,1689024.0
11315177,20221201,218552585,Pupiales,2.1.3.05,A ENTIDADES DEL GOBIERNO,GASTOS,FUNCIONAMIENTO,TRANSFERENCIAS CORRIENTES,A ENTIDADES DEL GOBIERNO,No Aplica,No Aplica,No Aplica,No Aplica,No Aplica,No Aplica,VIGENCIA ACTUAL,ENTIDADES TERRITORIALES - ADMINISTRACION CENTRAL,NO DEFINIDO,No Aplica,NO DEFINIDO,,,2022,Cuarto Trimestre,,,,NO DEFINIDO,NO DEFINIDO,,,,,,NO DEFINIDO,,,,,,NO DEFINIDO,NO DEFINIDO,NO DEFINIDO,61349586.0,61349586.0,55111163.0
11316481,20220301,218552585,Pupiales,2.1.1.01.02.006,APORTES AL ICBF,GASTOS,FUNCIONAMIENTO,GASTOS DE PERSONAL,PLANTA DE PERSONAL PERMANENTE,CONTRIBUCIONES INHERENTES A LA NOMINA,APORTES AL ICBF,No Aplica,No Aplica,No Aplica,No Aplica,VIGENCIA ACTUAL,ENTIDADES TERRITORIALES - ADMINISTRACION CENTRAL,NO APLICA,No Aplica,NO DEFINIDO,,,2022,Primer Trimestre,,,,NO APLICA,INGRESOS CORRIENTES DE LIBRE DESTINACION,,,,,,NO APLICA,,,,,,CON SITUACION DE FONDOS,NO APLICA,NO APLICA,2286758.0,2286758.0,2286758.0
11319970,20220901,218552585,Pupiales,2.3.1.01.02.003,APORTES DE CESANTIAS,GASTOS,INVERSION,GASTOS DE PERSONAL,PLANTA DE PERSONAL PERMANENTE,CONTRIBUCIONES INHERENTES A LA NOMINA,APORTES DE CESANTIAS,No Aplica,No Aplica,No Aplica,No Aplica,VIGENCIA ACTUAL,ENTIDADES TERRITORIALES - ADMINISTRACION CENTRAL,NO APLICA,No Aplica,NO DEFINIDO,,,2022,Tercer Trimestre,,,,NO APLICA,SGP-PROPOSITO GENERAL-PROPOSITO GENERAL LIBRE INVERSION,,,,,,NO APLICA,,,,,,CON SITUACION DE FONDOS,DIRECCION NACIONAL DEL TESORO MINISTERIO DE HACIENDA Y CREDITO PUBLICO,NO APLICA,3654653.0,3654653.0,3654653.0
11323340,20220301,218552585,Pupiales,2.1.1.01.02,CONTRIBUCIONES INHERENTES A LA NOMINA,GASTOS,FUNCIONAMIENTO,GASTOS DE PERSONAL,PLANTA DE PERSONAL PERMANENTE,CONTRIBUCIONES INHERENTES A LA NOMINA,No Aplica,No Aplica,No Aplica,No Aplica,No Aplica,VIGENCIA ACTUAL,ENTIDADES TERRITORIALES - ADMINISTRACION CENTRAL,NO DEFINIDO,No Aplica,NO DEFINIDO,,,2022,Primer Trimestre,,,,NO DEFINIDO,NO DEFINIDO,,,,,,NO DEFINIDO,,,,,,NO DEFINIDO,NO DEFINIDO,NO DEFINIDO,80520227.0,80520227.0,80520227.0
11325492,20220901,218552585,Pupiales,2.2.2.01.02.002,ENTIDADES FINANCIERAS,GASTOS,SERVICIO DE LA DEUDA PUBLICA,SERVICIO DE LA DEUDA PUBLICA INTERNA,PRINCIPAL,PRESTAMOS,ENTIDADES FINANCIERAS,No Aplica,No Aplica,No Aplica,No Aplica,VIGENCIA ACTUAL,ENTIDADES TERRITORIALES - ADMINISTRACION CENTRAL,NO DEFINIDO,No Aplica,NO DEFINIDO,,,2022,Tercer Trimestre,,,,NO DEFINIDO,NO DEFINIDO,,,,,,NO DEFINIDO,,,,,,NO DEFINIDO,NO DEFINIDO,NO DEFINIDO,314876937.0,314876937.0,314876937.0
11327213,20210301,218552585,Pupiales,2.3.1.01.02.009,APORTES A ESCUELAS INDUSTRIALES E INSTITUTOS TECNICOS,GASTOS,INVERSION,GASTOS DE PERSONAL,PLANTA DE PERSONAL PERMANENTE,CONTRIBUCIONES INHERENTES A LA NOMINA,APORTES A ESCUELAS INDUSTRIALES E INSTITUTOS TECNICOS,No Aplica,No Aplica,No Aplica,No Aplica,VIGENCIA ACTUAL,ENTIDADES TERRITORIALES - ADMINISTRACION CENTRAL,NO APLICA,No Aplica,NO DEFINIDO,,,2021,Primer Trimestre,,,,NO APLICA,1.2.4.3.03 - SGP-PROPOSITO GENERAL-PROPOSITO GENERAL LIBRE INVERSION,,,,,,NO APLICA,,,,,,CON SITUACION DE FONDOS,DIRECCION NACIONAL DEL TESORO MINISTERIO DE HACIENDA Y CREDITO PUBLICO,NO DEFINIDO,323728.0,323728.0,323728.0
11328293,20210301,218552585,Pupiales,2.1.1.01.01.001.07,BONIFICACION POR SERVICIOS PRESTADOS,GASTOS,FUNCIONAMIENTO,GASTOS DE PERSONAL,PLANTA DE PERSONAL PERMANENTE,FACTORES CONSTITUTIVOS DE SALARIO,FACTORES SALARIALES COMUNES,BONIFICACION POR SERVICIOS PRESTADOS,No Aplica,No Aplica,No Aplica,VIGENCIA ACTUAL,ENTIDADES TERRITORIALES - ADMINISTRACION CENTRAL,NO APLICA,No Aplica,NO DEFINIDO,,,2021,Primer Trimestre,,,,NO APLICA,1.2.1.0.00 - INGRESOS CORRIENTES DE LIBRE DESTINACION,,,,,,NO APLICA,,,,,,CON SITUACION DE FONDOS,NO APLICA,NO DEFINIDO,11801499.0,11801499.0,11801499.0
11333353,20230301,218552585,Pupiales,2.1.1.01.01.001.06,PRIMA DE SERVICIO,GASTOS,FUNCIONAMIENTO,GASTOS DE PERSONAL,PLANTA DE PERSONAL PERMANENTE,FACTORES CONSTITUTIVOS DE SALARIO,FACTORES SALARIALES COMUNES,PRIMA DE SERVICIO,No Aplica,No Aplica,No Aplica,VIGENCIA ACTUAL,ENTIDADES TERRITORIALES - ADMINISTRACION CENTRAL,NO APLICA,No Aplica,NO DEFINIDO,,,2023,Primer Trimestre,,,,NO APLICA,"SGP-PROPOSITO GENERAL-LIBRE DESTINACION MUNICIPIOS CATEGORIAS 4, 5 Y 6",,,,,,NO APLICA,,,,,,CON SITUACION DE FONDOS,NO APLICA,NO APLICA,1072102.0,1072102.0,1072102.0
11334377,20210301,218552585,Pupiales,2.1.2.01,ADQUISICION DE ACTIVOS NO FINANCIEROS,GASTOS,FUNCIONAMIENTO,ADQUISICION DE BIENES Y SERVICIOS,ADQUISICION DE ACTIVOS NO FINANCIEROS,No Aplica,No Aplica,No Aplica,No Aplica,No Aplica,No Aplica,VIGENCIA ACTUAL,ENTIDADES TERRITORIALES - ADMINISTRACION CENTRAL,NO DEFINIDO,No Aplica,NO DEFINIDO,,,2021,Primer Trimestre,,,,NO DEFINIDO,NO DEFINIDO,,,,,,NO DEFINIDO,,,,,,NO DEFINIDO,NO DEFINIDO,NO DEFINIDO,23200000.0,0.0,0.0
11339933,20210601,218552585,Pupiales,2.1.1.01.01.001.08,PRESTACIONES SOCIALES,GASTOS,FUNCIONAMIENTO,GASTOS DE PERSONAL,PLANTA DE PERSONAL PERMANENTE,FACTORES CONSTITUTIVOS DE SALARIO,FACTORES SALARIALES COMUNES,PRESTACIONES SOCIALES,No Aplica,No Aplica,No Aplica,VIGENCIA ACTUAL,ENTIDADES TERRITORIALES - ADMINISTRACION CENTRAL,NO DEFINIDO,No Aplica,NO DEFINIDO,,,2021,Segundo Trimestre,,,,NO DEFINIDO,NO DEFINIDO,,,,,,NO DEFINIDO,,,,,,NO DEFINIDO,NO DEFINIDO,NO DEFINIDO,9712197.0,9712197.0,9712197.0
11343620,20220901,218552585,Pupiales,2.1.3.05.04,PARTICIPACIONES DISTINTAS DEL SGP,GASTOS,FUNCIONAMIENTO,TRANSFERENCIAS CORRIENTES,A ENTIDADES DEL GOBIERNO,PARTICIPACIONES DISTINTAS DEL SGP,No Aplica,No Aplica,No Aplica,No Aplica,No Aplica,VIGENCIA ACTUAL,ENTIDADES TERRITORIALES - ADMINISTRACION CENTRAL,NO DEFINIDO,No Aplica,NO DEFINIDO,,,2022,Tercer Trimestre,,,,NO DEFINIDO,NO DEFINIDO,,,,,,NO DEFINIDO,,,,,,NO DEFINIDO,NO DEFINIDO,NO DEFINIDO,45000000.0,45000000.0,45000000.0
11343833,20211201,218552585,Pupiales,2.3.1.01.02.006,APORTES AL ICBF,GASTOS,INVERSION,GASTOS DE PERSONAL,PLANTA DE PERSONAL PERMANENTE,CONTRIBUCIONES INHERENTES A LA NOMINA,APORTES AL ICBF,No Aplica,No Aplica,No Aplica,No Aplica,VIGENCIA ACTUAL,ENTIDADES TERRITORIALES - ADMINISTRACION CENTRAL,NO APLICA,No Aplica,NO DEFINIDO,,,2021,Cuarto Trimestre,,,,NO APLICA,SGP-PROPOSITO GENERAL-PROPOSITO GENERAL LIBRE INVERSION,,,,,,NO APLICA,,,,,,CON SITUACION DE FONDOS,DIRECCION NACIONAL DEL TESORO MINISTERIO DE HACIENDA Y CREDITO PUBLICO,NO DEFINIDO,4507592.0,4507592.0,4507592.0
11343840,20220601,218552585,Pupiales,2.1.3.05.04.001.13,PARTICIPACION DE LA SOBRETASA AMBIENTAL,GASTOS,FUNCIONAMIENTO,TRANSFERENCIAS CORRIENTES,A ENTIDADES DEL GOBIERNO,PARTICIPACIONES DISTINTAS DEL SGP,PARTICIPACIONES DE IMPUESTOS,PARTICIPACION DE LA SOBRETASA AMBIENTAL,No Aplica,No Aplica,No Aplica,VIGENCIA ACTUAL,ENTIDADES TERRITORIALES - ADMINISTRACION CENTRAL,NO DEFINIDO,No Aplica,NO DEFINIDO,,,2022,Segundo Trimestre,,,,NO DEFINIDO,NO DEFINIDO,,,,,,NO DEFINIDO,,,,,,NO DEFINIDO,NO DEFINIDO,NO DEFINIDO,31844190.0,31844190.0,31844190.0
11345771,20220601,218552585,Pupiales,2.3.2.02.02.009,"SERVICIOS PARA LA COMUNIDAD, SOCIALES Y PERSONALES",GASTOS,INVERSION,ADQUISICION DE BIENES Y SERVICIOS,ADQUISICIONES DIFERENTES DE ACTIVOS,ADQUISICION DE SERVICIOS,"SERVICIOS PARA LA COMUNIDAD, SOCIALES Y PERSONALES",No Aplica,No Aplica,No Aplica,No Aplica,VIGENCIA ACTUAL,ENTIDADES TERRITORIALES - ADMINISTRACION CENTRAL,CENTROS DE PROTECCION SOCIAL PARA EL ADULTO MAYOR CONSTRUIDOS Y DOTADOS,No Aplica,NO DEFINIDO,,,2022,Segundo Trimestre,,,,OTROS SERVICIOS DIVERSOS N C P,ESTAMPILLAS,,,,,,NO APLICA,,,,,,CON SITUACION DE FONDOS,NO APLICA,NO APLICA,44147096.0,33711424.0,33711424.0
11347727,20230601,218552585,Pupiales,2.1.1.01.03.001.03,BONIFICACION ESPECIAL DE RECREACION,GASTOS,FUNCIONAMIENTO,GASTOS DE PERSONAL,PLANTA DE PERSONAL PERMANENTE,REMUNERACIONES NO CONSTITUTIVAS DE FACTOR SALARIAL,PRESTACIONES SOCIALES,BONIFICACION ESPECIAL DE RECREACION,No Aplica,No Aplica,No Aplica,VIGENCIA ACTUAL,ENTIDADES TERRITORIALES - ADMINISTRACION CENTRAL,NO APLICA,No Aplica,NO DEFINIDO,,,2023,Segundo Trimestre,,,,NO APLICA,"SGP-PROPOSITO GENERAL-LIBRE DESTINACION MUNICIPIOS CATEGORIAS 4, 5 Y 6",,,,,,NO APLICA,,,,,,CON SITUACION DE FONDOS,NO APLICA,NO APLICA,1437056.0,1356009.0,1356009.0
11347730,20230601,218552585,Pupiales,2.1.2.01.01.003.03,"MAQUINARIA DE OFICINA, CONTABILIDAD E INFORMATICA",GASTOS,FUNCIONAMIENTO,ADQUISICION DE BIENES Y SERVICIOS,ADQUISICION DE ACTIVOS NO FINANCIEROS,ACTIVOS FIJOS,MAQUINARIA Y EQUIPO,"MAQUINARIA DE OFICINA, CONTABILIDAD E INFORMATICA",No Aplica,No Aplica,No Aplica,VIGENCIA ACTUAL,ENTIDADES TERRITORIALES - ADMINISTRACION CENTRAL,NO DEFINIDO,No Aplica,NO DEFINIDO,,,2023,Segundo Trimestre,,,,NO DEFINIDO,NO DEFINIDO,,,,,,NO DEFINIDO,,,,,,NO DEFINIDO,NO DEFINIDO,NO DEFINIDO,21115000.0,0.0,0.0
11349336,20210901,218552585,Pupiales,2.3.4.03,COMPENSACIONES DE CAPITAL,GASTOS,INVERSION,TRANSFERENCIAS DE CAPITAL,COMPENSACIONES DE CAPITAL,No Aplica,No Aplica,No Aplica,No Aplica,No Aplica,No Aplica,VIGENCIA ACTUAL,ENTIDADES TERRITORIALES - ADMINISTRACION CENTRAL,"43.01.037 - DEPORTE Y RECREACION - FOMENTO A LA RECREACION, LA ACTIVIDAD FISICA Y EL DEPORTE PARA DESARROLLAR ENTORNOS DE CONVIVENCIA Y PAZ - SERVICIO DE PROMOCION DE LA ACTIVIDAD FISICA, LA RECREACIO",No Aplica,NO DEFINIDO,,,2021,Tercer Trimestre,,,,NO APLICA,1.3.3.9.08 - R.B. OTRAS TRANSFERENCIAS DE CAPITAL,,,,,,NO APLICA,,,,,,CON SITUACION DE FONDOS,OTRO,NO DEFINIDO,5180000.0,5180000.0,5180000.0
11356036,20220901,218552585,Pupiales,2.3.2.02.02.006,"COMERCIO Y DISTRIBUCION; ALOJAMIENTO; SERVICIOS DE SUMINISTRO DE COMIDAS Y BEBIDAS; SERVICIOS DE TRANSPORTE; Y SERVICIOS DE DISTRIBUCION DE ELECTRICIDAD, GAS Y AGUA",GASTOS,INVERSION,ADQUISICION DE BIENES Y SERVICIOS,ADQUISICIONES DIFERENTES DE ACTIVOS,ADQUISICION DE SERVICIOS,"COMERCIO Y DISTRIBUCION; ALOJAMIENTO; SERVICIOS DE SUMINISTRO DE COMIDAS Y BEBIDAS; SERVICIOS DE TRANSPORTE; Y SERVICIOS DE DISTRIBUCION DE ELECTRICIDAD, GAS Y AGUA",No Aplica,No Aplica,No Aplica,No Aplica,VIGENCIA ACTUAL,ENTIDADES TERRITORIALES - ADMINISTRACION CENTRAL,INFRAESTRUCTURA EDUCATIVA MANTENIDA,No Aplica,NO DEFINIDO,,,2022,Tercer Trimestre,,,,OTROS SERVICIOS DE LA ADMINISTRACION PUBLICA N C P,SGP-EDUCACION-CALIDAD  POR MATRICULA OFICIAL,,,,,,NO APLICA,,,,,,CON SITUACION DE FONDOS,DIRECCION NACIONAL DEL TESORO MINISTERIO DE HACIENDA Y CREDITO PUBLICO,NO APLICA,33439940.0,33439940.0,33439940.0
11356161,20210601,218552585,Pupiales,2.1.2.01.01.003,MAQUINARIA Y EQUIPO,GASTOS,FUNCIONAMIENTO,ADQUISICION DE BIENES Y SERVICIOS,ADQUISICION DE ACTIVOS NO FINANCIEROS,ACTIVOS FIJOS,MAQUINARIA Y EQUIPO,No Aplica,No Aplica,No Aplica,No Aplica,VIGENCIA ACTUAL,ENTIDADES TERRITORIALES - ADMINISTRACION CENTRAL,NO DEFINIDO,No Aplica,NO DEFINIDO,,,2021,Segundo Trimestre,,,,NO DEFINIDO,NO DEFINIDO,,,,,,NO DEFINIDO,,,,,,NO DEFINIDO,NO DEFINIDO,NO DEFINIDO,23200000.0,23200000.0,23200000.0
11356898,20210901,218552585,Pupiales,2.3.1.01,PLANTA DE PERSONAL PERMANENTE,GASTOS,INVERSION,GASTOS DE PERSONAL,PLANTA DE PERSONAL PERMANENTE,No Aplica,No Aplica,No Aplica,No Aplica,No Aplica,No Aplica,VIGENCIA ACTUAL,ENTIDADES TERRITORIALES - ADMINISTRACION CENTRAL,NO DEFINIDO,No Aplica,NO DEFINIDO,,,2021,Tercer Trimestre,,,,NO DEFINIDO,NO DEFINIDO,,,,,,NO DEFINIDO,,,,,,NO DEFINIDO,NO DEFINIDO,NO DEFINIDO,198688072.0,198688072.0,198688072.0
11358411,20220901,218552585,Pupiales,2.3.2.02.02.009,"SERVICIOS PARA LA COMUNIDAD, SOCIALES Y PERSONALES",GASTOS,INVERSION,ADQUISICION DE BIENES Y SERVICIOS,ADQUISICIONES DIFERENTES DE ACTIVOS,ADQUISICION DE SERVICIOS,"SERVICIOS PARA LA COMUNIDAD, SOCIALES Y PERSONALES",No Aplica,No Aplica,No Aplica,No Aplica,VIGENCIA ACTUAL,ENTIDADES TERRITORIALES - ADMINISTRACION CENTRAL,SERVICIO DE ASISTENCIA TECNICA PARA LA IMPLEMENTACION DE LOS METODOS DE SOLUCION DE CONFLICTOS,2021525850008,NO DEFINIDO,,,2022,Tercer Trimestre,,,,OTROS SERVICIOS DE LA ADMINISTRACION PUBLICA N C P,SGP-PROPOSITO GENERAL-PROPOSITO GENERAL LIBRE INVERSION,,,,,,NO APLICA,,,,,,CON SITUACION DE FONDOS,DIRECCION NACIONAL DEL TESORO MINISTERIO DE HACIENDA Y CREDITO PUBLICO,NO APLICA,16000000.0,16000000.0,16000000.0
11361108,20220901,218552585,Pupiales,2.1.1.01,PLANTA DE PERSONAL PERMANENTE,GASTOS,FUNCIONAMIENTO,GASTOS DE PERSONAL,PLANTA DE PERSONAL PERMANENTE,No Aplica,No Aplica,No Aplica,No Aplica,No Aplica,No Aplica,VIGENCIA ACTUAL,ENTIDADES TERRITORIALES - ADMINISTRACION CENTRAL,NO DEFINIDO,No Aplica,NO DEFINIDO,,,2022,Tercer Trimestre,,,,NO DEFINIDO,NO DEFINIDO,,,,,,NO DEFINIDO,,,,,,NO DEFINIDO,NO DEFINIDO,NO DEFINIDO,760310594.0,760310594.0,759935759.0
11363830,20221201,218552585,Pupiales,2.2.2.02.02.002.02.03,BANCA COMERCIAL,GASTOS,SERVICIO DE LA DEUDA PUBLICA,SERVICIO DE LA DEUDA PUBLICA INTERNA,INTERESES,PRESTAMOS,ENTIDADES FINANCIERAS,BANCA COMERCIAL,BANCA COMERCIAL,No Aplica,No Aplica,VIGENCIA ACTUAL,ENTIDADES TERRITORIALES - ADMINISTRACION CENTRAL,NO APLICA,No Aplica,NO DEFINIDO,,,2022,Cuarto Trimestre,,,,NO APLICA,SGP-AGUA POTABLE Y SANEAMIENTO BASICO,,,,,,NO APLICA,,,,,,CON SITUACION DE FONDOS,NO APLICA,NO APLICA,20200820.0,20200820.0,20200820.0
11364924,20210901,218552585,Pupiales,2.1.1.01.01,FACTORES CONSTITUTIVOS DE SALARIO,GASTOS,FUNCIONAMIENTO,GASTOS DE PERSONAL,PLANTA DE PERSONAL PERMANENTE,FACTORES CONSTITUTIVOS DE SALARIO,No Aplica,No Aplica,No Aplica,No Aplica,No Aplica,VIGENCIA ACTUAL,ENTIDADES TERRITORIALES - PERSONERIA,NO DEFINIDO,No Aplica,NO DEFINIDO,,,2021,Tercer Trimestre,,,,NO DEFINIDO,NO DEFINIDO,,,,,,NO DEFINIDO,,,,,,NO DEFINIDO,NO DEFINIDO,NO DEFINIDO,93958200.0,93958200.0,93958200.0
11368718,20211201,218552585,Pupiales,2.3.2.02.02.009,"SERVICIOS PARA LA COMUNIDAD, SOCIALES Y PERSONALES",GASTOS,INVERSION,ADQUISICION DE BIENES Y SERVICIOS,ADQUISICIONES DIFERENTES DE ACTIVOS,ADQUISICION DE SERVICIOS,"SERVICIOS PARA LA COMUNIDAD, SOCIALES Y PERSONALES",No Aplica,No Aplica,No Aplica,No Aplica,VIGENCIA ACTUAL,ENTIDADES TERRITORIALES - ADMINISTRACION CENTRAL,"SERVICIO DE APOYO PARA LA ORGANIZACION Y LA PARTICIPACION DEL SECTOR ARTISTICO, CULTURAL Y LA CIUDADANIA",2021525850021,NO DEFINIDO,,,2021,Cuarto Trimestre,,,,OTROS SERVICIOS DIVERSOS N C P,SGP-PROPOSITO GENERAL-CULTURA,,,,,,NO APLICA,,,,,,CON SITUACION DE FONDOS,DIRECCION NACIONAL DEL TESORO MINISTERIO DE HACIENDA Y CREDITO PUBLICO,NO DEFINIDO,11500000.0,11500000.0,11500000.0
11371857,20211201,218552585,Pupiales,2.3.1.01.01.001.07,BONIFICACION POR SERVICIOS PRESTADOS,GASTOS,INVERSION,GASTOS DE PERSONAL,PLANTA DE PERSONAL PERMANENTE,FACTORES CONSTITUTIVOS DE SALARIO,FACTORES SALARIALES COMUNES,BONIFICACION POR SERVICIOS PRESTADOS,No Aplica,No Aplica,No Aplica,VIGENCIA ACTUAL,ENTIDADES TERRITORIALES - ADMINISTRACION CENTRAL,NO APLICA,No Aplica,NO DEFINIDO,,,2021,Cuarto Trimestre,,,,NO APLICA,SGP-PROPOSITO GENERAL-PROPOSITO GENERAL LIBRE INVERSION,,,,,,NO APLICA,,,,,,CON SITUACION DE FONDOS,DIRECCION NACIONAL DEL TESORO MINISTERIO DE HACIENDA Y CREDITO PUBLICO,NO DEFINIDO,7211219.0,7211219.0,7211219.0
11373196,20220901,218552585,Pupiales,2.3.3.01,SUBVENCIONES,GASTOS,INVERSION,TRANSFERENCIAS CORRIENTES,SUBVENCIONES,No Aplica,No Aplica,No Aplica,No Aplica,No Aplica,No Aplica,VIGENCIA ACTUAL,ENTIDADES TERRITORIALES - ADMINISTRACION CENTRAL,NO DEFINIDO,No Aplica,NO DEFINIDO,,,2022,Tercer Trimestre,,,,NO DEFINIDO,NO DEFINIDO,,,,,,NO DEFINIDO,,,,,,NO DEFINIDO,NO DEFINIDO,NO DEFINIDO,491892532.0,307043528.0,307043528.0
11373753,20220901,218552585,Pupiales,2.3.2.02.02.005,CONSTRUCCION Y SERVICIOS DE LA CONSTRUCCION,GASTOS,INVERSION,ADQUISICION DE BIENES Y SERVICIOS,ADQUISICIONES DIFERENTES DE ACTIVOS,ADQUISICION DE SERVICIOS,CONSTRUCCION Y SERVICIOS DE LA CONSTRUCCION,No Aplica,No Aplica,No Aplica,No Aplica,VIGENCIA ACTUAL,ENTIDADES TERRITORIALES - ADMINISTRACION CENTRAL,ESPACIO PUBLICO ADECUADO,No Aplica,NO DEFINIDO,,,2022,Tercer Trimestre,,,,OTROS SERVICIOS DE LA ADMINISTRACION PUBLICA N C P,SGP-PROPOSITO GENERAL-PROPOSITO GENERAL LIBRE INVERSION,,,,,,NO APLICA,,,,,,CON SITUACION DE FONDOS,NO APLICA,NO APLICA,27944150.0,13972075.0,13972075.0
11375775,20221201,218552585,Pupiales,2.1.2.02.02.009,"SERVICIOS PARA LA COMUNIDAD, SOCIALES Y PERSONALES",GASTOS,FUNCIONAMIENTO,ADQUISICION DE BIENES Y SERVICIOS,ADQUISICIONES DIFERENTES DE ACTIVOS,ADQUISICION DE SERVICIOS,"SERVICIOS PARA LA COMUNIDAD, SOCIALES Y PERSONALES",No Aplica,No Aplica,No Aplica,No Aplica,VIGENCIA ACTUAL,ENTIDADES TERRITORIALES - ADMINISTRACION CENTRAL,NO APLICA,No Aplica,NO DEFINIDO,,,2022,Cuarto Trimestre,,,,OTROS SERVICIOS DE LA ADMINISTRACION PUBLICA N C P,"SGP-PROPOSITO GENERAL-LIBRE DESTINACION MUNICIPIOS CATEGORIAS 4, 5 Y 6",,,,,,NO APLICA,,,,,,CON SITUACION DE FONDOS,NO APLICA,NO APLICA,615588734.0,615588734.0,613388734.0
11376248,20220901,218552585,Pupiales,2.2.2.02.02.002.02.03,BANCA COMERCIAL,GASTOS,SERVICIO DE LA DEUDA PUBLICA,SERVICIO DE LA DEUDA PUBLICA INTERNA,INTERESES,PRESTAMOS,ENTIDADES FINANCIERAS,BANCA COMERCIAL,BANCA COMERCIAL,No Aplica,No Aplica,VIGENCIA ACTUAL,ENTIDADES TERRITORIALES - ADMINISTRACION CENTRAL,NO APLICA,No Aplica,NO DEFINIDO,,,2022,Tercer Trimestre,,,,NO APLICA,SGP-PROPOSITO GENERAL-PROPOSITO GENERAL LIBRE INVERSION,,,,,,NO APLICA,,,,,,CON SITUACION DE FONDOS,NO APLICA,NO APLICA,64972512.0,64972512.0,64972512.0
11377003,20230301,218552585,Pupiales,2.3.2.02.02.009,"SERVICIOS PARA LA COMUNIDAD, SOCIALES Y PERSONALES",GASTOS,INVERSION,ADQUISICION DE BIENES Y SERVICIOS,ADQUISICIONES DIFERENTES DE ACTIVOS,ADQUISICION DE SERVICIOS,"SERVICIOS PARA LA COMUNIDAD, SOCIALES Y PERSONALES",No Aplica,No Aplica,No Aplica,No Aplica,CUENTAS POR PAGAR,ENTIDADES TERRITORIALES - ADMINISTRACION CENTRAL,"SERVICIO DE FOMENTO PARA EL ACCESO A LA EDUCACION INICIAL, PREESCOLAR, BASICA Y MEDIA.",No Aplica,NO DEFINIDO,,,2023,Primer Trimestre,,,,SERVICIOS DE LA ADMINISTRACION PUBLICA RELACIONADOS CON LA ENERGIA Y LOS COMBUSTIBLES,SGP-EDUCACION-CALIDAD  POR MATRICULA OFICIAL,,,,,,NO APLICA,,,,,,CON SITUACION DE FONDOS,NO APLICA,NO APLICA,1557113.0,1557113.0,1557113.0
11377562,20230601,218552585,Pupiales,2.1.2.02.02.009,"SERVICIOS PARA LA COMUNIDAD, SOCIALES Y PERSONALES",GASTOS,FUNCIONAMIENTO,ADQUISICION DE BIENES Y SERVICIOS,ADQUISICIONES DIFERENTES DE ACTIVOS,ADQUISICION DE SERVICIOS,"SERVICIOS PARA LA COMUNIDAD, SOCIALES Y PERSONALES",No Aplica,No Aplica,No Aplica,No Aplica,VIGENCIA ACTUAL,ENTIDADES TERRITORIALES - ADMINISTRACION CENTRAL,NO APLICA,No Aplica,NO DEFINIDO,,,2023,Segundo Trimestre,,,,SERVICIOS DE LOS ORGANOS DE CONTROL Y OTRAS INSTITUCIONES,INGRESOS CORRIENTES DE LIBRE DESTINACION,,,,,,NO APLICA,,,,,,CON SITUACION DE FONDOS,NO APLICA,NO APLICA,189270000.0,171770000.0,171770000.0
11377952,20220301,218552585,Pupiales,2.3.2,ADQUISICION DE BIENES Y SERVICIOS,GASTOS,INVERSION,ADQUISICION DE BIENES Y SERVICIOS,No Aplica,No Aplica,No Aplica,No Aplica,No Aplica,No Aplica,No Aplica,VIGENCIA ACTUAL,ENTIDADES TERRITORIALES - ADMINISTRACION CENTRAL,NO DEFINIDO,No Aplica,NO DEFINIDO,,,2022,Primer Trimestre,,,,NO DEFINIDO,NO DEFINIDO,,,,,,NO DEFINIDO,,,,,,NO DEFINIDO,NO DEFINIDO,NO DEFINIDO,6263133492.0,5298085578.0,5298085578.0
11379682,20220301,218552585,Pupiales,2.1.1.01.03,REMUNERACIONES NO CONSTITUTIVAS DE FACTOR SALARIAL,GASTOS,FUNCIONAMIENTO,GASTOS DE PERSONAL,PLANTA DE PERSONAL PERMANENTE,REMUNERACIONES NO CONSTITUTIVAS DE FACTOR SALARIAL,No Aplica,No Aplica,No Aplica,No Aplica,No Aplica,VIGENCIA ACTUAL,ENTIDADES TERRITORIALES - CONCEJO,NO DEFINIDO,No Aplica,NO DEFINIDO,,,2022,Primer Trimestre,,,,NO DEFINIDO,NO DEFINIDO,,,,,,NO DEFINIDO,,,,,,NO DEFINIDO,NO DEFINIDO,NO DEFINIDO,45000000.0,45000000.0,45000000.0
11380475,20230301,218552585,Pupiales,2.1.2.02.02.009,"SERVICIOS PARA LA COMUNIDAD, SOCIALES Y PERSONALES",GASTOS,FUNCIONAMIENTO,ADQUISICION DE BIENES Y SERVICIOS,ADQUISICIONES DIFERENTES DE ACTIVOS,ADQUISICION DE SERVICIOS,"SERVICIOS PARA LA COMUNIDAD, SOCIALES Y PERSONALES",No Aplica,No Aplica,No Aplica,No Aplica,VIGENCIA ACTUAL,ENTIDADES TERRITORIALES - ADMINISTRACION CENTRAL,NO APLICA,No Aplica,NO DEFINIDO,,,2023,Primer Trimestre,,,,OTROS SERVICIOS DE LA ADMINISTRACION PUBLICA N C P,"SGP-PROPOSITO GENERAL-LIBRE DESTINACION MUNICIPIOS CATEGORIAS 4, 5 Y 6",,,,,,NO APLICA,,,,,,CON SITUACION DE FONDOS,NO APLICA,NO APLICA,62693134.0,47955337.0,26470182.0
11382940,20221201,218552585,Pupiales,2.1.1.01.01.001,FACTORES SALARIALES COMUNES,GASTOS,FUNCIONAMIENTO,GASTOS DE PERSONAL,PLANTA DE PERSONAL PERMANENTE,FACTORES CONSTITUTIVOS DE SALARIO,FACTORES SALARIALES COMUNES,No Aplica,No Aplica,No Aplica,No Aplica,VIGENCIA ACTUAL,ENTIDADES TERRITORIALES - PERSONERIA,NO DEFINIDO,No Aplica,NO DEFINIDO,,,2022,Cuarto Trimestre,,,,NO DEFINIDO,NO DEFINIDO,,,,,,NO DEFINIDO,,,,,,NO DEFINIDO,NO DEFINIDO,NO DEFINIDO,150000000.0,150000000.0,150000000.0
11383231,20221201,218552585,Pupiales,2.3.1.01,PLANTA DE PERSONAL PERMANENTE,GASTOS,INVERSION,GASTOS DE PERSONAL,PLANTA DE PERSONAL PERMANENTE,No Aplica,No Aplica,No Aplica,No Aplica,No Aplica,No Aplica,VIGENCIA ACTUAL,ENTIDADES TERRITORIALES - ADMINISTRACION CENTRAL,NO DEFINIDO,No Aplica,NO DEFINIDO,,,2022,Cuarto Trimestre,,,,NO DEFINIDO,NO DEFINIDO,,,,,,NO DEFINIDO,,,,,,NO DEFINIDO,NO DEFINIDO,NO DEFINIDO,303536066.0,303536066.0,282121066.0
11393763,20220901,218552585,Pupiales,2.3.2.02.02.009,"SERVICIOS PARA LA COMUNIDAD, SOCIALES Y PERSONALES",GASTOS,INVERSION,ADQUISICION DE BIENES Y SERVICIOS,ADQUISICIONES DIFERENTES DE ACTIVOS,ADQUISICION DE SERVICIOS,"SERVICIOS PARA LA COMUNIDAD, SOCIALES Y PERSONALES",No Aplica,No Aplica,No Aplica,No Aplica,VIGENCIA ACTUAL,ENTIDADES TERRITORIALES - ADMINISTRACION CENTRAL,"SERVICIO DIRIGIDOS A LA ATENCION DE NIÑOS, NIÑAS, ADOLESCENTES Y JOVENES, CON ENFOQUE PEDAGOGICO Y RESTAURATIVO ENCAMINADOS A LA INCLUSION SOCIAL",No Aplica,NO DEFINIDO,,,2022,Tercer Trimestre,,,,OTROS SERVICIOS DE LA ADMINISTRACION PUBLICA N C P,SGP-ASIGNACION-ATENCION INTEGRAL DE LA PRIMERA INFANCIA,,,,,,NO APLICA,,,,,,CON SITUACION DE FONDOS,DIRECCION NACIONAL DEL TESORO MINISTERIO DE HACIENDA Y CREDITO PUBLICO,NO APLICA,6000000.0,6000000.0,6000000.0
11399012,20210901,218552585,Pupiales,2.1.2.02.02.006,"COMERCIO Y DISTRIBUCION; ALOJAMIENTO; SERVICIOS DE SUMINISTRO DE COMIDAS Y BEBIDAS; SERVICIOS DE TRANSPORTE; Y SERVICIOS DE DISTRIBUCION DE ELECTRICIDAD, GAS Y AGUA",GASTOS,FUNCIONAMIENTO,ADQUISICION DE BIENES Y SERVICIOS,ADQUISICIONES DIFERENTES DE ACTIVOS,ADQUISICION DE SERVICIOS,"COMERCIO Y DISTRIBUCION; ALOJAMIENTO; SERVICIOS DE SUMINISTRO DE COMIDAS Y BEBIDAS; SERVICIOS DE TRANSPORTE; Y SERVICIOS DE DISTRIBUCION DE ELECTRICIDAD, GAS Y AGUA",No Aplica,No Aplica,No Aplica,No Aplica,VIGENCIA ACTUAL,ENTIDADES TERRITORIALES - ADMINISTRACION CENTRAL,NO APLICA,No Aplica,NO DEFINIDO,,,2021,Tercer Trimestre,,,,"91114 - SERVICIOS DE PLANIFICACIÓN ECONÓMICA, SOCIAL Y ESTADÍSTICA DE LA ADMINISTRACIÓN PUBLICA",1.2.1.0.00 - INGRESOS CORRIENTES DE LIBRE DESTINACION,,,,,,NO APLICA,,,,,,CON SITUACION DE FONDOS,NO APLICA,NO DEFINIDO,41809572.0,30596572.0,30196569.0
11450262,20210301,218552585,Pupiales,2.3.2.02.02.009,"SERVICIOS PARA LA COMUNIDAD, SOCIALES Y PERSONALES",GASTOS,INVERSION,ADQUISICION DE BIENES Y SERVICIOS,ADQUISICIONES DIFERENTES DE ACTIVOS,ADQUISICION DE SERVICIOS,"SERVICIOS PARA LA COMUNIDAD, SOCIALES Y PERSONALES",No Aplica,No Aplica,No Aplica,No Aplica,VIGENCIA ACTUAL,ENTIDADES TERRITORIALES - ADMINISTRACION CENTRAL,19.06.004 - SALUD Y PROTECCION SOCIAL - ASEGURAMIENTO Y PRESTACION INTEGRAL DE SERVICIOS DE SALUD - SERVICIO DE ATENCION EN SALUD A LA POBLACION,No Aplica,NO DEFINIDO,,,2021,Primer Trimestre,,,,"91114 - SERVICIOS DE PLANIFICACIÓN ECONÓMICA, SOCIAL Y ESTADÍSTICA DE LA ADMINISTRACIÓN PUBLICA",1.2.4.2.04 - SGP-SALUD-SUBSIDIO A LA OFERTA,,,,,,NO APLICA,,,,,,SIN SITUACION DE FONDOS,DIRECCION NACIONAL DEL TESORO MINISTERIO DE HACIENDA Y CREDITO PUBLICO,NO DEFINIDO,182301825.0,0.0,0.0
11465099,20230301,218552585,Pupiales,2.3.2.02.02.009,"SERVICIOS PARA LA COMUNIDAD, SOCIALES Y PERSONALES",GASTOS,INVERSION,ADQUISICION DE BIENES Y SERVICIOS,ADQUISICIONES DIFERENTES DE ACTIVOS,ADQUISICION DE SERVICIOS,"SERVICIOS PARA LA COMUNIDAD, SOCIALES Y PERSONALES",No Aplica,No Aplica,No Aplica,No Aplica,VIGENCIA ACTUAL,ENTIDADES TERRITORIALES - ADMINISTRACION CENTRAL,"SERVICIO DIRIGIDOS A LA ATENCION DE NIÑOS, NIÑAS, ADOLESCENTES Y JOVENES, CON ENFOQUE PEDAGOGICO Y RESTAURATIVO ENCAMINADOS A LA INCLUSION SOCIAL",No Aplica,NO DEFINIDO,,,2023,Primer Trimestre,,,,OTROS SERVICIOS ADMINISTRATIVOS DEL GOBIERNO N C P,SGP-PROPOSITO GENERAL-PROPOSITO GENERAL LIBRE INVERSION,,,,,,NO APLICA,,,,,,CON SITUACION DE FONDOS,NO APLICA,NO APLICA,8860000.0,8860000.0,0.0
11466945,20210301,218552585,Pupiales,2.3.2.02.02.009,"SERVICIOS PARA LA COMUNIDAD, SOCIALES Y PERSONALES",GASTOS,INVERSION,ADQUISICION DE BIENES Y SERVICIOS,ADQUISICIONES DIFERENTES DE ACTIVOS,ADQUISICION DE SERVICIOS,"SERVICIOS PARA LA COMUNIDAD, SOCIALES Y PERSONALES",No Aplica,No Aplica,No Aplica,No Aplica,VIGENCIA ACTUAL,ENTIDADES TERRITORIALES - ADMINISTRACION CENTRAL,NO APLICA,2021525850003,NO DEFINIDO,,,2021,Primer Trimestre,,,,"91114 - SERVICIOS DE PLANIFICACIÓN ECONÓMICA, SOCIAL Y ESTADÍSTICA DE LA ADMINISTRACIÓN PUBLICA",1.2.4.3.03 - SGP-PROPOSITO GENERAL-PROPOSITO GENERAL LIBRE INVERSION,,,,,,NO APLICA,,,,,,CON SITUACION DE FONDOS,DIRECCION NACIONAL DEL TESORO MINISTERIO DE HACIENDA Y CREDITO PUBLICO,NO DEFINIDO,230920400.0,92976600.0,92976600.0
11493885,20230601,218552585,Pupiales,2.1.2.02.02.006,"COMERCIO Y DISTRIBUCION; ALOJAMIENTO; SERVICIOS DE SUMINISTRO DE COMIDAS Y BEBIDAS; SERVICIOS DE TRANSPORTE; Y SERVICIOS DE DISTRIBUCION DE ELECTRICIDAD, GAS Y AGUA",GASTOS,FUNCIONAMIENTO,ADQUISICION DE BIENES Y SERVICIOS,ADQUISICIONES DIFERENTES DE ACTIVOS,ADQUISICION DE SERVICIOS,"COMERCIO Y DISTRIBUCION; ALOJAMIENTO; SERVICIOS DE SUMINISTRO DE COMIDAS Y BEBIDAS; SERVICIOS DE TRANSPORTE; Y SERVICIOS DE DISTRIBUCION DE ELECTRICIDAD, GAS Y AGUA",No Aplica,No Aplica,No Aplica,No Aplica,VIGENCIA ACTUAL,ENTIDADES TERRITORIALES - ADMINISTRACION CENTRAL,NO APLICA,No Aplica,NO DEFINIDO,,,2023,Segundo Trimestre,,,,OTRO COMERCIO AL POR MENOR DE CAFE TE Y OTRAS ESPECIAS NO REALIZADOS EN ESTABLECIMIENTOS,"SGP-PROPOSITO GENERAL-LIBRE DESTINACION MUNICIPIOS CATEGORIAS 4, 5 Y 6",,,,,,NO APLICA,,,,,,CON SITUACION DE FONDOS,E.S.P. CENTRALES ELECTRICAS DE NARIÑO S.A.,NO APLICA,12915680.0,12915680.0,12915680.0
11511542,20210301,218552585,Pupiales,2.3.2.02.02.009,"SERVICIOS PARA LA COMUNIDAD, SOCIALES Y PERSONALES",GASTOS,INVERSION,ADQUISICION DE BIENES Y SERVICIOS,ADQUISICIONES DIFERENTES DE ACTIVOS,ADQUISICION DE SERVICIOS,"SERVICIOS PARA LA COMUNIDAD, SOCIALES Y PERSONALES",No Aplica,No Aplica,No Aplica,No Aplica,VIGENCIA ACTUAL,ENTIDADES TERRITORIALES - ADMINISTRACION CENTRAL,19.06.004 - SALUD Y PROTECCION SOCIAL - ASEGURAMIENTO Y PRESTACION INTEGRAL DE SERVICIOS DE SALUD - SERVICIO DE ATENCION EN SALUD A LA POBLACION,No Aplica,NO DEFINIDO,,,2021,Primer Trimestre,,,,"91114 - SERVICIOS DE PLANIFICACIÓN ECONÓMICA, SOCIAL Y ESTADÍSTICA DE LA ADMINISTRACIÓN PUBLICA",1.3.1.1.07 - TRANSFERENCIAS DE CAPITAL DE OTRAS ENTIDADES DEL GOBIERNO GENERAL,,,,,,NO APLICA,,,,,,SIN SITUACION DE FONDOS,MINISTERIO DE SALUD Y PROTECCION SOCIAL,NO DEFINIDO,2421700567.0,2421700567.0,2421700567.0
11518080,20210301,218552585,Pupiales,2.3.2.02.02.009,"SERVICIOS PARA LA COMUNIDAD, SOCIALES Y PERSONALES",GASTOS,INVERSION,ADQUISICION DE BIENES Y SERVICIOS,ADQUISICIONES DIFERENTES DE ACTIVOS,ADQUISICION DE SERVICIOS,"SERVICIOS PARA LA COMUNIDAD, SOCIALES Y PERSONALES",No Aplica,No Aplica,No Aplica,No Aplica,VIGENCIA ACTUAL,ENTIDADES TERRITORIALES - ADMINISTRACION CENTRAL,"40.03.038 - VIVIENDA, CIUDAD Y TERRITORIO - ACCESO DE LA POBLACION A LOS SERVICIOS DE AGUA POTABLE Y SANEAMIENTO BASICO - SERVICIO DE ASISTENCIA TECNICA PARA LA ESTRUCTURACION, FORMULACION YEJECUCION",No Aplica,NO DEFINIDO,,,2021,Primer Trimestre,,,,"91114 - SERVICIOS DE PLANIFICACIÓN ECONÓMICA, SOCIAL Y ESTADÍSTICA DE LA ADMINISTRACIÓN PUBLICA",1.2.4.6.00 - SGP-AGUA POTABLE Y SANEAMIENTO BASICO,,,,,,NO APLICA,,,,,,CON SITUACION DE FONDOS,DIRECCION NACIONAL DEL TESORO MINISTERIO DE HACIENDA Y CREDITO PUBLICO,NO DEFINIDO,12650000.0,6050000.0,2300000.0
11523310,20210901,218552585,Pupiales,2.3.2.02.02.009,"SERVICIOS PARA LA COMUNIDAD, SOCIALES Y PERSONALES",GASTOS,INVERSION,ADQUISICION DE BIENES Y SERVICIOS,ADQUISICIONES DIFERENTES DE ACTIVOS,ADQUISICION DE SERVICIOS,"SERVICIOS PARA LA COMUNIDAD, SOCIALES Y PERSONALES",No Aplica,No Aplica,No Aplica,No Aplica,VIGENCIA ACTUAL,ENTIDADES TERRITORIALES - ADMINISTRACION CENTRAL,"17.07.055 - AGRICULTURA Y DESARROLLO RURAL - SANIDAD AGROPECUARIA E INOCUIDAD AGROALIMENTARIA - SERVICIO DE INSPECCION, VIGILANCIA Y CONTROL EN LA PRODUCCION Y COMERCIALIZACION Y USO SEGURO DE SEMILLA",No Aplica,NO DEFINIDO,,,2021,Tercer Trimestre,,,,"91114 - SERVICIOS DE PLANIFICACIÓN ECONÓMICA, SOCIAL Y ESTADÍSTICA DE LA ADMINISTRACIÓN PUBLICA",1.3.1.1.07 - TRANSFERENCIAS DE CAPITAL DE OTRAS ENTIDADES DEL GOBIERNO GENERAL,,,,,,NO APLICA,,,,,,SIN SITUACION DE FONDOS,MINISTERIO DE SALUD Y PROTECCION SOCIAL,NO DEFINIDO,7671190749.0,7671190749.0,7671190749.0
11534751,20210601,218552585,Pupiales,2.3.2.02.02.009,"SERVICIOS PARA LA COMUNIDAD, SOCIALES Y PERSONALES",GASTOS,INVERSION,ADQUISICION DE BIENES Y SERVICIOS,ADQUISICIONES DIFERENTES DE ACTIVOS,ADQUISICION DE SERVICIOS,"SERVICIOS PARA LA COMUNIDAD, SOCIALES Y PERSONALES",No Aplica,No Aplica,No Aplica,No Aplica,VIGENCIA ACTUAL,ENTIDADES TERRITORIALES - ADMINISTRACION CENTRAL,41.04.001 - INCLUSION SOCIAL Y RECONCILIACION - ATENCION INTEGRAL DE POBLACION EN SITUACION PERMANENTE DE DESPROTECCION SOCIAL Y/O FAMILIAR - CENTROS DE PROTECCION SOCIAL PARA EL ADULTO MAYOR CONSTRUI,No Aplica,NO DEFINIDO,,,2021,Segundo Trimestre,,,,"91114 - SERVICIOS DE PLANIFICACIÓN ECONÓMICA, SOCIAL Y ESTADÍSTICA DE LA ADMINISTRACIÓN PUBLICA",1.2.3.1.19 - ESTAMPILLAS,,,,,,NO APLICA,,,,,,CON SITUACION DE FONDOS,NO APLICA,NO DEFINIDO,45344000.0,20272000.0,20272000.0
11535886,20210901,218552585,Pupiales,2.1.2.02.01.003,"OTROS BIENES TRANSPORTABLES EXCEPTO PRODUCTOS METALICOS, MAQUINARIA Y EQUIPO",GASTOS,FUNCIONAMIENTO,ADQUISICION DE BIENES Y SERVICIOS,ADQUISICIONES DIFERENTES DE ACTIVOS,MATERIALES Y SUMINISTROS,"OTROS BIENES TRANSPORTABLES EXCEPTO PRODUCTOS METALICOS, MAQUINARIA Y EQUIPO",No Aplica,No Aplica,No Aplica,No Aplica,VIGENCIA ACTUAL,ENTIDADES TERRITORIALES - ADMINISTRACION CENTRAL,NO APLICA,No Aplica,NO DEFINIDO,,,2021,Tercer Trimestre,,,,"91114 - SERVICIOS DE PLANIFICACIÓN ECONÓMICA, SOCIAL Y ESTADÍSTICA DE LA ADMINISTRACIÓN PUBLICA",1.2.1.0.00 - INGRESOS CORRIENTES DE LIBRE DESTINACION,,,,,,NO APLICA,,,,,,CON SITUACION DE FONDOS,NO APLICA,NO DEFINIDO,42493100.0,42493100.0,42493100.0
11537373,20210901,218552585,Pupiales,2.3.2.02.02.009,"SERVICIOS PARA LA COMUNIDAD, SOCIALES Y PERSONALES",GASTOS,INVERSION,ADQUISICION DE BIENES Y SERVICIOS,ADQUISICIONES DIFERENTES DE ACTIVOS,ADQUISICION DE SERVICIOS,"SERVICIOS PARA LA COMUNIDAD, SOCIALES Y PERSONALES",No Aplica,No Aplica,No Aplica,No Aplica,VIGENCIA ACTUAL,ENTIDADES TERRITORIALES - ADMINISTRACION CENTRAL,17.02.038 - AGRICULTURA Y DESARROLLO RURAL - INCLUSION PRODUCTIVA DE PEQUEÑOS PRODUCTORES RURALES - SERVICIO DE APOYO A LA COMERCIALIZACION,No Aplica,NO DEFINIDO,,,2021,Tercer Trimestre,,,,"91114 - SERVICIOS DE PLANIFICACIÓN ECONÓMICA, SOCIAL Y ESTADÍSTICA DE LA ADMINISTRACIÓN PUBLICA",1.2.4.2.01 - SGP-SALUD-REGIMEN SUBSIDIADO,,,,,,NO APLICA,,,,,,SIN SITUACION DE FONDOS,DIRECCION NACIONAL DEL TESORO MINISTERIO DE HACIENDA Y CREDITO PUBLICO,NO DEFINIDO,5393977766.0,5393977766.0,5393977766.0
11594878,20210601,218552585,Pupiales,2.3.2.02.02.009,"SERVICIOS PARA LA COMUNIDAD, SOCIALES Y PERSONALES",GASTOS,INVERSION,ADQUISICION DE BIENES Y SERVICIOS,ADQUISICIONES DIFERENTES DE ACTIVOS,ADQUISICION DE SERVICIOS,"SERVICIOS PARA LA COMUNIDAD, SOCIALES Y PERSONALES",No Aplica,No Aplica,No Aplica,No Aplica,VIGENCIA ACTUAL,ENTIDADES TERRITORIALES - ADMINISTRACION CENTRAL,19.06.004 - SALUD Y PROTECCION SOCIAL - ASEGURAMIENTO Y PRESTACION INTEGRAL DE SERVICIOS DE SALUD - SERVICIO DE ATENCION EN SALUD A LA POBLACION,No Aplica,NO DEFINIDO,,,2021,Segundo Trimestre,,,,"91114 - SERVICIOS DE PLANIFICACIÓN ECONÓMICA, SOCIAL Y ESTADÍSTICA DE LA ADMINISTRACIÓN PUBLICA",1.2.4.2.04 - SGP-SALUD-SUBSIDIO A LA OFERTA,,,,,,NO APLICA,,,,,,SIN SITUACION DE FONDOS,DIRECCION NACIONAL DEL TESORO MINISTERIO DE HACIENDA Y CREDITO PUBLICO,NO DEFINIDO,209504409.0,60442681.0,60442681.0
11596066,20210301,218552585,Pupiales,2.3.2.02.02.009,"SERVICIOS PARA LA COMUNIDAD, SOCIALES Y PERSONALES",GASTOS,INVERSION,ADQUISICION DE BIENES Y SERVICIOS,ADQUISICIONES DIFERENTES DE ACTIVOS,ADQUISICION DE SERVICIOS,"SERVICIOS PARA LA COMUNIDAD, SOCIALES Y PERSONALES",No Aplica,No Aplica,No Aplica,No Aplica,VIGENCIA ACTUAL,ENTIDADES TERRITORIALES - ADMINISTRACION CENTRAL,19.06.004 - SALUD Y PROTECCION SOCIAL - ASEGURAMIENTO Y PRESTACION INTEGRAL DE SERVICIOS DE SALUD - SERVICIO DE ATENCION EN SALUD A LA POBLACION,No Aplica,NO DEFINIDO,,,2021,Primer Trimestre,,,,"91114 - SERVICIOS DE PLANIFICACIÓN ECONÓMICA, SOCIAL Y ESTADÍSTICA DE LA ADMINISTRACIÓN PUBLICA",1.2.4.2.01 - SGP-SALUD-REGIMEN SUBSIDIADO,,,,,,NO APLICA,,,,,,SIN SITUACION DE FONDOS,DIRECCION NACIONAL DEL TESORO MINISTERIO DE HACIENDA Y CREDITO PUBLICO,NO DEFINIDO,1637492968.0,1637492968.0,1637492968.0
11609054,20210901,218552585,Pupiales,2.3.2.01.01.004.01,"MUEBLES, INSTRUMENTOS MUSICALES, ARTICULOS DE DEPORTE Y ANTIGÃ?EDADES",GASTOS,INVERSION,ADQUISICION DE BIENES Y SERVICIOS,ADQUISICION DE ACTIVOS NO FINANCIEROS,ACTIVOS FIJOS,ACTIVOS FIJOS NO CLASIFICADOS COMO MAQUINARIA Y EQUIPO,"MUEBLES, INSTRUMENTOS MUSICALES, ARTICULOS DE DEPORTE Y ANTIGÃ?EDADES",No Aplica,No Aplica,No Aplica,VIGENCIA ACTUAL,ENTIDADES TERRITORIALES - ADMINISTRACION CENTRAL,NO DEFINIDO,No Aplica,NO DEFINIDO,,,2021,Tercer Trimestre,,,,NO DEFINIDO,NO DEFINIDO,,,,,,NO DEFINIDO,,,,,,NO DEFINIDO,NO DEFINIDO,NO DEFINIDO,2400000.0,2400000.0,2400000.0
11614297,20211201,218552585,Pupiales,2.3.2.02.02.009,"SERVICIOS PARA LA COMUNIDAD, SOCIALES Y PERSONALES",GASTOS,INVERSION,ADQUISICION DE BIENES Y SERVICIOS,ADQUISICIONES DIFERENTES DE ACTIVOS,ADQUISICION DE SERVICIOS,"SERVICIOS PARA LA COMUNIDAD, SOCIALES Y PERSONALES",No Aplica,No Aplica,No Aplica,No Aplica,VIGENCIA ACTUAL,ENTIDADES TERRITORIALES - ADMINISTRACION CENTRAL,SERVICIO DE ASISTENCIA TECNICA AGROPECUARIA DIRIGIDA A PEQUEÑOS PRODUCTORES,2021525850005,NO DEFINIDO,,,2021,Cuarto Trimestre,,,,OTROS SERVICIOS DIVERSOS N C P,SGP-PROPOSITO GENERAL-PROPOSITO GENERAL LIBRE INVERSION,,,,,,NO APLICA,,,,,,CON SITUACION DE FONDOS,DIRECCION NACIONAL DEL TESORO MINISTERIO DE HACIENDA Y CREDITO PUBLICO,NO DEFINIDO,37850000.0,37850000.0,37850000.0
11652467,20210601,218552585,Pupiales,2.3.2.02.02.009,"SERVICIOS PARA LA COMUNIDAD, SOCIALES Y PERSONALES",GASTOS,INVERSION,ADQUISICION DE BIENES Y SERVICIOS,ADQUISICIONES DIFERENTES DE ACTIVOS,ADQUISICION DE SERVICIOS,"SERVICIOS PARA LA COMUNIDAD, SOCIALES Y PERSONALES",No Aplica,No Aplica,No Aplica,No Aplica,VIGENCIA ACTUAL,ENTIDADES TERRITORIALES - ADMINISTRACION CENTRAL,"40.03.047 - VIVIENDA, CIUDAD Y TERRITORIO - ACCESO DE LA POBLACION A LOS SERVICIOS DE AGUA POTABLE Y SANEAMIENTO BASICO - SERVICIO DE APOYO FINANCIERO PARA SUBSIDIOS AL CONSUMO EN LOS SERVICIOS PUBLIC",2021525850015,NO DEFINIDO,,,2021,Segundo Trimestre,,,,"91114 - SERVICIOS DE PLANIFICACIÓN ECONÓMICA, SOCIAL Y ESTADÍSTICA DE LA ADMINISTRACIÓN PUBLICA",1.2.4.6.00 - SGP-AGUA POTABLE Y SANEAMIENTO BASICO,,,,,,NO APLICA,,,,,,CON SITUACION DE FONDOS,DIRECCION NACIONAL DEL TESORO MINISTERIO DE HACIENDA Y CREDITO PUBLICO,NO DEFINIDO,470000000.0,169291842.0,139291842.0
11684369,20230601,218552585,Pupiales,2.3.3.13.01.002,CONCILIACIONES,GASTOS,INVERSION,TRANSFERENCIAS CORRIENTES,SENTENCIAS Y CONCILIACIONES,FALLOS NACIONALES,CONCILIACIONES,No Aplica,No Aplica,No Aplica,No Aplica,VIGENCIA ACTUAL,ENTIDADES TERRITORIALES - ADMINISTRACION CENTRAL,SERVICIOS DE ASISTENCIA TECNICA EN PLANIFICACION Y GESTION AMBIENTAL.,No Aplica,NO DEFINIDO,,,2023,Segundo Trimestre,,,,NO APLICA,INGRESOS CORRIENTES DE LIBRE DESTINACION,,,,,,NO APLICA,,,,,,CON SITUACION DE FONDOS,CORPORACION AUTONOMA REGIONAL DE NARIÑO,NO APLICA,6375286.0,6375286.0,6375286.0
11687234,20211201,218552585,Pupiales,2.3.4.03,COMPENSACIONES DE CAPITAL,GASTOS,INVERSION,TRANSFERENCIAS DE CAPITAL,COMPENSACIONES DE CAPITAL,No Aplica,No Aplica,No Aplica,No Aplica,No Aplica,No Aplica,VIGENCIA ACTUAL,ENTIDADES TERRITORIALES - ADMINISTRACION CENTRAL,SERVICIO DE ASISTENCIA TECNICA AGROPECUARIA DIRIGIDA A PEQUEÑOS PRODUCTORES,No Aplica,NO DEFINIDO,,,2021,Cuarto Trimestre,,,,NO APLICA,INGRESOS CORRIENTES DE LIBRE DESTINACION,,,,,,NO APLICA,,,,,,CON SITUACION DE FONDOS,NO APLICA,NO DEFINIDO,24371460.0,24371460.0,24371460.0
11708460,20210601,218552585,Pupiales,2.3.2.02.02.009,"SERVICIOS PARA LA COMUNIDAD, SOCIALES Y PERSONALES",GASTOS,INVERSION,ADQUISICION DE BIENES Y SERVICIOS,ADQUISICIONES DIFERENTES DE ACTIVOS,ADQUISICION DE SERVICIOS,"SERVICIOS PARA LA COMUNIDAD, SOCIALES Y PERSONALES",No Aplica,No Aplica,No Aplica,No Aplica,VIGENCIA ACTUAL,ENTIDADES TERRITORIALES - ADMINISTRACION CENTRAL,32.01.004 - AMBIENTE Y DESARROLLO SOSTENIBLE - FORTALECIMIENTO DEL DESEMPEÑO AMBIENTAL DE LOS SECTORES PRODUCTIVOS - SERVICIO DE ASISTENCIA TECNICA EN EL MARCO DE LA FORMULACION E IMPLEMENTACION DE PR,No Aplica,NO DEFINIDO,,,2021,Segundo Trimestre,,,,"91114 - SERVICIOS DE PLANIFICACIÓN ECONÓMICA, SOCIAL Y ESTADÍSTICA DE LA ADMINISTRACIÓN PUBLICA",1.2.4.3.03 - SGP-PROPOSITO GENERAL-PROPOSITO GENERAL LIBRE INVERSION,,,,,,NO APLICA,,,,,,CON SITUACION DE FONDOS,DIRECCION NACIONAL DEL TESORO MINISTERIO DE HACIENDA Y CREDITO PUBLICO,NO DEFINIDO,9000000.0,7500000.0,7500000.0
11718108,20210901,218552585,Pupiales,2.3.2.01.01.001.01.01,EDIFICIOS UTILIZADOS PARA RESIDENCIA,GASTOS,INVERSION,ADQUISICION DE BIENES Y SERVICIOS,ADQUISICION DE ACTIVOS NO FINANCIEROS,ACTIVOS FIJOS,EDIFICACIONES Y ESTRUCTURAS,VIVIENDAS,EDIFICIOS UTILIZADOS PARA RESIDENCIA,No Aplica,No Aplica,VIGENCIA ACTUAL,ENTIDADES TERRITORIALES - ADMINISTRACION CENTRAL,"40.02.038 - VIVIENDA, CIUDAD Y TERRITORIO - ORDENAMIENTO TERRITORIAL Y DESARROLLO URBANO - SERVICIO DE APOYO FINANCIERO PARA LA RELOCALIZACION TRANSITORIA DE HOGARES",No Aplica,NO DEFINIDO,,,2021,Tercer Trimestre,,,,"91114 - SERVICIOS DE PLANIFICACIÓN ECONÓMICA, SOCIAL Y ESTADÍSTICA DE LA ADMINISTRACIÓN PUBLICA",1.2.4.3.03 - SGP-PROPOSITO GENERAL-PROPOSITO GENERAL LIBRE INVERSION,,,,,,NO APLICA,,,,,,CON SITUACION DE FONDOS,DIRECCION NACIONAL DEL TESORO MINISTERIO DE HACIENDA Y CREDITO PUBLICO,NO DEFINIDO,21197071.0,21197071.0,21197071.0
11749380,20210601,218552585,Pupiales,2.3.2.02.02.009,"SERVICIOS PARA LA COMUNIDAD, SOCIALES Y PERSONALES",GASTOS,INVERSION,ADQUISICION DE BIENES Y SERVICIOS,ADQUISICIONES DIFERENTES DE ACTIVOS,ADQUISICION DE SERVICIOS,"SERVICIOS PARA LA COMUNIDAD, SOCIALES Y PERSONALES",No Aplica,No Aplica,No Aplica,No Aplica,VIGENCIA ACTUAL,ENTIDADES TERRITORIALES - ADMINISTRACION CENTRAL,"43.01.001 - DEPORTE Y RECREACION - FOMENTO A LA RECREACION, LA ACTIVIDAD FISICA Y EL DEPORTE PARA DESARROLLAR ENTORNOS DE CONVIVENCIA Y PAZ - SERVICIO DE APOYO A LA ACTIVIDAD FISICA, LA RECREACION Y E",2021525850010,NO DEFINIDO,,,2021,Segundo Trimestre,,,,"91114 - SERVICIOS DE PLANIFICACIÓN ECONÓMICA, SOCIAL Y ESTADÍSTICA DE LA ADMINISTRACIÓN PUBLICA",1.2.4.3.01 - SGP-PROPOSITO GENERAL-DEPORTE Y RECREACION,,,,,,NO APLICA,,,,,,CON SITUACION DE FONDOS,DIRECCION NACIONAL DEL TESORO MINISTERIO DE HACIENDA Y CREDITO PUBLICO,NO DEFINIDO,14213000.0,7953000.0,7953000.0
11757825,20210601,218552585,Pupiales,2.3.2.02.02.009,"SERVICIOS PARA LA COMUNIDAD, SOCIALES Y PERSONALES",GASTOS,INVERSION,ADQUISICION DE BIENES Y SERVICIOS,ADQUISICIONES DIFERENTES DE ACTIVOS,ADQUISICION DE SERVICIOS,"SERVICIOS PARA LA COMUNIDAD, SOCIALES Y PERSONALES",No Aplica,No Aplica,No Aplica,No Aplica,VIGENCIA ACTUAL,ENTIDADES TERRITORIALES - ADMINISTRACION CENTRAL,12.02.007 - JUSTICIA Y DEL DERECHO -  PROMOCION AL ACCESO A LA JUSTICIA - SERVICIO DE INFORMACION PARA ORIENTAR AL CIUDADANO EN EL ACCESO A LA JUSTICIA,No Aplica,NO DEFINIDO,,,2021,Segundo Trimestre,,,,"91114 - SERVICIOS DE PLANIFICACIÓN ECONÓMICA, SOCIAL Y ESTADÍSTICA DE LA ADMINISTRACIÓN PUBLICA",1.2.4.3.03 - SGP-PROPOSITO GENERAL-PROPOSITO GENERAL LIBRE INVERSION,,,,,,NO APLICA,,,,,,CON SITUACION DE FONDOS,DIRECCION NACIONAL DEL TESORO MINISTERIO DE HACIENDA Y CREDITO PUBLICO,NO DEFINIDO,19950000.0,12565000.0,12565000.0
11772952,20211201,218552585,Pupiales,2.3.2.01.01.004.01.01.01,ASIENTOS,GASTOS,INVERSION,ADQUISICION DE BIENES Y SERVICIOS,ADQUISICION DE ACTIVOS NO FINANCIEROS,ACTIVOS FIJOS,ACTIVOS FIJOS NO CLASIFICADOS COMO MAQUINARIA Y EQUIPO,"MUEBLES, INSTRUMENTOS MUSICALES, ARTICULOS DE DEPORTE Y ANTIGÃ?EDADES",MUEBLES,ASIENTOS,No Aplica,VIGENCIA ACTUAL,ENTIDADES TERRITORIALES - ADMINISTRACION CENTRAL,INFRAESTRUCTURA EDUCATIVA DOTADA,No Aplica,NO DEFINIDO,,,2021,Cuarto Trimestre,,,,NO APLICA,SGP-EDUCACION-CALIDAD  POR MATRICULA OFICIAL,,,,,,NO APLICA,,,,,,CON SITUACION DE FONDOS,DIRECCION NACIONAL DEL TESORO MINISTERIO DE HACIENDA Y CREDITO PUBLICO,NO DEFINIDO,2400000.0,2400000.0,2400000.0
11794112,20230301,218552585,Pupiales,2.3.2.02.02.009,"SERVICIOS PARA LA COMUNIDAD, SOCIALES Y PERSONALES",GASTOS,INVERSION,ADQUISICION DE BIENES Y SERVICIOS,ADQUISICIONES DIFERENTES DE ACTIVOS,ADQUISICION DE SERVICIOS,"SERVICIOS PARA LA COMUNIDAD, SOCIALES Y PERSONALES",No Aplica,No Aplica,No Aplica,No Aplica,VIGENCIA ACTUAL,ENTIDADES TERRITORIALES - ADMINISTRACION CENTRAL,SERVICIO DE ASISTENCIA TECNICA AGROPECUARIA DIRIGIDA A PEQUEÑOS PRODUCTORES,No Aplica,NO DEFINIDO,,,2023,Primer Trimestre,,,,SERVICIOS DE LA ADMINISTRACION PUBLICA RELACIONADOS CON LA AGRICULTURA SILVICULTURA PESCA Y CAZA,SGP-PROPOSITO GENERAL-PROPOSITO GENERAL LIBRE INVERSION,,,,,,NO APLICA,,,,,,CON SITUACION DE FONDOS,NO APLICA,NO APLICA,25521662.0,25521662.0,14220522.0
11797006,20210601,218552585,Pupiales,2.3.2.02.02.009,"SERVICIOS PARA LA COMUNIDAD, SOCIALES Y PERSONALES",GASTOS,INVERSION,ADQUISICION DE BIENES Y SERVICIOS,ADQUISICIONES DIFERENTES DE ACTIVOS,ADQUISICION DE SERVICIOS,"SERVICIOS PARA LA COMUNIDAD, SOCIALES Y PERSONALES",No Aplica,No Aplica,No Aplica,No Aplica,VIGENCIA ACTUAL,ENTIDADES TERRITORIALES - ADMINISTRACION CENTRAL,33.01.053 - CULTURA - PROMOCION Y ACCESO EFECTIVO A PROCESOS CULTURALES Y ARTISTICOS - SERVICIO DE PROMOCION DE ACTIVIDADES CULTURALES,No Aplica,NO DEFINIDO,,,2021,Segundo Trimestre,,,,"91114 - SERVICIOS DE PLANIFICACIÓN ECONÓMICA, SOCIAL Y ESTADÍSTICA DE LA ADMINISTRACIÓN PUBLICA",1.2.4.3.02 - SGP-PROPOSITO GENERAL-CULTURA,,,,,,NO APLICA,,,,,,CON SITUACION DE FONDOS,DIRECCION NACIONAL DEL TESORO MINISTERIO DE HACIENDA Y CREDITO PUBLICO,NO DEFINIDO,43870000.0,40770000.0,40770000.0
11801904,20210601,218552585,Pupiales,2.3.2.02.02.009,"SERVICIOS PARA LA COMUNIDAD, SOCIALES Y PERSONALES",GASTOS,INVERSION,ADQUISICION DE BIENES Y SERVICIOS,ADQUISICIONES DIFERENTES DE ACTIVOS,ADQUISICION DE SERVICIOS,"SERVICIOS PARA LA COMUNIDAD, SOCIALES Y PERSONALES",No Aplica,No Aplica,No Aplica,No Aplica,VIGENCIA ACTUAL,ENTIDADES TERRITORIALES - ADMINISTRACION CENTRAL,19.06.004 - SALUD Y PROTECCION SOCIAL - ASEGURAMIENTO Y PRESTACION INTEGRAL DE SERVICIOS DE SALUD - SERVICIO DE ATENCION EN SALUD A LA POBLACION,No Aplica,NO DEFINIDO,,,2021,Segundo Trimestre,,,,"91114 - SERVICIOS DE PLANIFICACIÓN ECONÓMICA, SOCIAL Y ESTADÍSTICA DE LA ADMINISTRACIÓN PUBLICA",1.3.1.1.08 - OTRAS TRANSFERENCIAS DE CAPITAL,,,,,,NO APLICA,,,,,,CON SITUACION DE FONDOS,OTRO,NO DEFINIDO,49649362.0,49649362.0,49649362.0
11843542,20230301,218552585,Pupiales,2.3.2.02.02.009,"SERVICIOS PARA LA COMUNIDAD, SOCIALES Y PERSONALES",GASTOS,INVERSION,ADQUISICION DE BIENES Y SERVICIOS,ADQUISICIONES DIFERENTES DE ACTIVOS,ADQUISICION DE SERVICIOS,"SERVICIOS PARA LA COMUNIDAD, SOCIALES Y PERSONALES",No Aplica,No Aplica,No Aplica,No Aplica,CUENTAS POR PAGAR,ENTIDADES TERRITORIALES - ADMINISTRACION CENTRAL,SERVICIO DE GESTION TERRITORIAL PARA ATENCION EN SALUD -PANDEMIAS- A POBLACION AFECTADA POR EMERGENCIAS O DESASTRES,No Aplica,NO DEFINIDO,,,2023,Primer Trimestre,,,,SERVICIOS DE LA ADMINISTRACION PUBLICA RELACIONADOS CON LA SALUD,SGP-SALUD-SALUD PUBLICA,,,,,,NO APLICA,,,,,,CON SITUACION DE FONDOS,E.S.E. CENTRO DE SALUD SAN ISIDRO - EL PEÑOL NARIÑO,NO APLICA,2000000.0,2000000.0,2000000.0
11847262,20210301,218552585,Pupiales,2.3.2.02.02.009,"SERVICIOS PARA LA COMUNIDAD, SOCIALES Y PERSONALES",GASTOS,INVERSION,ADQUISICION DE BIENES Y SERVICIOS,ADQUISICIONES DIFERENTES DE ACTIVOS,ADQUISICION DE SERVICIOS,"SERVICIOS PARA LA COMUNIDAD, SOCIALES Y PERSONALES",No Aplica,No Aplica,No Aplica,No Aplica,VIGENCIA ACTUAL,ENTIDADES TERRITORIALES - ADMINISTRACION CENTRAL,45.03.003 - GOBIERNO TERRITORIAL - GESTION DEL RIESGO DE DESASTRES Y EMERGENCIAS - SERVICIO DE ASISTENCIA TECNICA,2021525850002,NO DEFINIDO,,,2021,Primer Trimestre,,,,"91114 - SERVICIOS DE PLANIFICACIÓN ECONÓMICA, SOCIAL Y ESTADÍSTICA DE LA ADMINISTRACIÓN PUBLICA",1.2.4.3.03 - SGP-PROPOSITO GENERAL-PROPOSITO GENERAL LIBRE INVERSION,,,,,,NO APLICA,,,,,,CON SITUACION DE FONDOS,DIRECCION NACIONAL DEL TESORO MINISTERIO DE HACIENDA Y CREDITO PUBLICO,NO DEFINIDO,25750000.0,9429810.0,9429810.0
11872156,20210601,218552585,Pupiales,2.3.2.02.02.006,"COMERCIO Y DISTRIBUCION; ALOJAMIENTO; SERVICIOS DE SUMINISTRO DE COMIDAS Y BEBIDAS; SERVICIOS DE TRANSPORTE; Y SERVICIOS DE DISTRIBUCION DE ELECTRICIDAD, GAS Y AGUA",GASTOS,INVERSION,ADQUISICION DE BIENES Y SERVICIOS,ADQUISICIONES DIFERENTES DE ACTIVOS,ADQUISICION DE SERVICIOS,"COMERCIO Y DISTRIBUCION; ALOJAMIENTO; SERVICIOS DE SUMINISTRO DE COMIDAS Y BEBIDAS; SERVICIOS DE TRANSPORTE; Y SERVICIOS DE DISTRIBUCION DE ELECTRICIDAD, GAS Y AGUA",No Aplica,No Aplica,No Aplica,No Aplica,VIGENCIA ACTUAL,ENTIDADES TERRITORIALES - ADMINISTRACION CENTRAL,"22.01.062 - EDUCACION - CALIDAD, COBERTURA Y FORTALECIMIENTO DE LA EDUCACION INICIAL, PRESCOLAR, BASICA Y MEDIA - INFRAESTRUCTURA EDUCATIVA MANTENIDA",No Aplica,NO DEFINIDO,,,2021,Segundo Trimestre,,,,"91114 - SERVICIOS DE PLANIFICACIÓN ECONÓMICA, SOCIAL Y ESTADÍSTICA DE LA ADMINISTRACIÓN PUBLICA",1.2.4.1.03 - SGP-EDUCACION-CALIDAD  POR MATRICULA OFICIAL,,,,,,NO APLICA,,,,,,CON SITUACION DE FONDOS,DIRECCION NACIONAL DEL TESORO MINISTERIO DE HACIENDA Y CREDITO PUBLICO,NO DEFINIDO,13281221.0,13281221.0,13281221.0
11878840,20220901,218552585,Pupiales,2.3.2.02.02.009,"SERVICIOS PARA LA COMUNIDAD, SOCIALES Y PERSONALES",GASTOS,INVERSION,ADQUISICION DE BIENES Y SERVICIOS,ADQUISICIONES DIFERENTES DE ACTIVOS,ADQUISICION DE SERVICIOS,"SERVICIOS PARA LA COMUNIDAD, SOCIALES Y PERSONALES",No Aplica,No Aplica,No Aplica,No Aplica,VIGENCIA ACTUAL,ENTIDADES TERRITORIALES - ADMINISTRACION CENTRAL,SERVICIO DE ATENCION EN SALUD A LA POBLACION,No Aplica,NO DEFINIDO,,,2022,Tercer Trimestre,,,,OTROS SERVICIOS DE LA ADMINISTRACION PUBLICA N C P,TRANSFERENCIAS DE CAPITAL DE OTRAS ENTIDADES DEL GOBIERNO GENERAL,,,,,,NO APLICA,,,,,,CON SITUACION DE FONDOS,DEPARTAMENTO DE NARIÑO,NO APLICA,507119251.0,507119251.0,507119251.0
11889314,20230301,218552585,Pupiales,2.3.2.02.02.009,"SERVICIOS PARA LA COMUNIDAD, SOCIALES Y PERSONALES",GASTOS,INVERSION,ADQUISICION DE BIENES Y SERVICIOS,ADQUISICIONES DIFERENTES DE ACTIVOS,ADQUISICION DE SERVICIOS,"SERVICIOS PARA LA COMUNIDAD, SOCIALES Y PERSONALES",No Aplica,No Aplica,No Aplica,No Aplica,VIGENCIA ACTUAL,ENTIDADES TERRITORIALES - ADMINISTRACION CENTRAL,SERVICIO DE APOYO FINANCIERO PARA PROYECTOS DE CONVIVENCIA Y SEGURIDAD CIUDADANA,No Aplica,NO DEFINIDO,,,2023,Primer Trimestre,,,,SERVICIO DE DESCONTAMINACION DE ESTABLECIMIENTOS Y LIMPIEZA DE SUELOS Y AGUAS SUBTERRANEAS,IMPUESTO DE TRANSPORTE POR OLEODUCTOS Y GASODUCTOS,,,,,,NO APLICA,,,,,,CON SITUACION DE FONDOS,E.S.P. CENTRALES ELECTRICAS DE NARIÑO S.A.,NO APLICA,82544.0,82544.0,82544.0
11890769,20210901,218552585,Pupiales,2.3.2.02.02.009,"SERVICIOS PARA LA COMUNIDAD, SOCIALES Y PERSONALES",GASTOS,INVERSION,ADQUISICION DE BIENES Y SERVICIOS,ADQUISICIONES DIFERENTES DE ACTIVOS,ADQUISICION DE SERVICIOS,"SERVICIOS PARA LA COMUNIDAD, SOCIALES Y PERSONALES",No Aplica,No Aplica,No Aplica,No Aplica,VIGENCIA ACTUAL,ENTIDADES TERRITORIALES - ADMINISTRACION CENTRAL,33.01.053 - CULTURA - PROMOCION Y ACCESO EFECTIVO A PROCESOS CULTURALES Y ARTISTICOS - SERVICIO DE PROMOCION DE ACTIVIDADES CULTURALES,2021525850001,NO DEFINIDO,,,2021,Tercer Trimestre,,,,"91114 - SERVICIOS DE PLANIFICACIÓN ECONÓMICA, SOCIAL Y ESTADÍSTICA DE LA ADMINISTRACIÓN PUBLICA",1.2.4.6.00 - SGP-AGUA POTABLE Y SANEAMIENTO BASICO,,,,,,NO APLICA,,,,,,CON SITUACION DE FONDOS,DIRECCION NACIONAL DEL TESORO MINISTERIO DE HACIENDA Y CREDITO PUBLICO,NO DEFINIDO,38619121.0,13515000.0,13515000.0
11929278,20211201,218552585,Pupiales,2.3.2.02.02.009,"SERVICIOS PARA LA COMUNIDAD, SOCIALES Y PERSONALES",GASTOS,INVERSION,ADQUISICION DE BIENES Y SERVICIOS,ADQUISICIONES DIFERENTES DE ACTIVOS,ADQUISICION DE SERVICIOS,"SERVICIOS PARA LA COMUNIDAD, SOCIALES Y PERSONALES",No Aplica,No Aplica,No Aplica,No Aplica,VIGENCIA ACTUAL,ENTIDADES TERRITORIALES - ADMINISTRACION CENTRAL,SERVICIO DE ATENCION EN SALUD A LA POBLACION,No Aplica,NO DEFINIDO,,,2021,Cuarto Trimestre,,,,OTROS SERVICIOS DIVERSOS N C P,OTRAS TRANSFERENCIAS DE CAPITAL,,,,,,NO APLICA,,,,,,SIN SITUACION DE FONDOS,CAJA DE COMPENSACION FAMILIAR DE NARIÑO,NO DEFINIDO,33340314.0,33340314.0,33340314.0
11940723,20210301,218552585,Pupiales,2.3.2.02.01.003,"OTROS BIENES TRANSPORTABLES EXCEPTO PRODUCTOS METALICOS, MAQUINARIA Y EQUIPO",GASTOS,INVERSION,ADQUISICION DE BIENES Y SERVICIOS,ADQUISICIONES DIFERENTES DE ACTIVOS,MATERIALES Y SUMINISTROS,"OTROS BIENES TRANSPORTABLES EXCEPTO PRODUCTOS METALICOS, MAQUINARIA Y EQUIPO",No Aplica,No Aplica,No Aplica,No Aplica,VIGENCIA ACTUAL,ENTIDADES TERRITORIALES - ADMINISTRACION CENTRAL,24.02.107 - TRANSPORTE - INFRAESTRUCTURA RED VIAL REGIONAL - SERVICIO DE ASISTENCIA TECNICA EN INFRAESTRUCTURA Y SERVICIO DE LA RED VIAL REGIONAL,No Aplica,NO DEFINIDO,,,2021,Primer Trimestre,,,,"91114 - SERVICIOS DE PLANIFICACIÓN ECONÓMICA, SOCIAL Y ESTADÍSTICA DE LA ADMINISTRACIÓN PUBLICA",1.2.4.3.03 - SGP-PROPOSITO GENERAL-PROPOSITO GENERAL LIBRE INVERSION,,,,,,NO APLICA,,,,,,CON SITUACION DE FONDOS,DIRECCION NACIONAL DEL TESORO MINISTERIO DE HACIENDA Y CREDITO PUBLICO,NO DEFINIDO,160000000.0,80000000.0,80000000.0
12035536,20210301,218552585,Pupiales,2.3.2.02.02.009,"SERVICIOS PARA LA COMUNIDAD, SOCIALES Y PERSONALES",GASTOS,INVERSION,ADQUISICION DE BIENES Y SERVICIOS,ADQUISICIONES DIFERENTES DE ACTIVOS,ADQUISICION DE SERVICIOS,"SERVICIOS PARA LA COMUNIDAD, SOCIALES Y PERSONALES",No Aplica,No Aplica,No Aplica,No Aplica,VIGENCIA ACTUAL,ENTIDADES TERRITORIALES - ADMINISTRACION CENTRAL,19.06.004 - SALUD Y PROTECCION SOCIAL - ASEGURAMIENTO Y PRESTACION INTEGRAL DE SERVICIOS DE SALUD - SERVICIO DE ATENCION EN SALUD A LA POBLACION,No Aplica,NO DEFINIDO,,,2021,Primer Trimestre,,,,"91114 - SERVICIOS DE PLANIFICACIÓN ECONÓMICA, SOCIAL Y ESTADÍSTICA DE LA ADMINISTRACIÓN PUBLICA",1.3.1.1.08 - OTRAS TRANSFERENCIAS DE CAPITAL,,,,,,NO APLICA,,,,,,CON SITUACION DE FONDOS,OTRO,NO DEFINIDO,23213270.0,23213270.0,23213270.0
12046156,20210601,218552585,Pupiales,2.3.2.02.02.009,"SERVICIOS PARA LA COMUNIDAD, SOCIALES Y PERSONALES",GASTOS,INVERSION,ADQUISICION DE BIENES Y SERVICIOS,ADQUISICIONES DIFERENTES DE ACTIVOS,ADQUISICION DE SERVICIOS,"SERVICIOS PARA LA COMUNIDAD, SOCIALES Y PERSONALES",No Aplica,No Aplica,No Aplica,No Aplica,VIGENCIA ACTUAL,ENTIDADES TERRITORIALES - ADMINISTRACION CENTRAL,"32.03.006 - AMBIENTE Y DESARROLLO SOSTENIBLE - GESTION INTEGRAL DEL RECURSO HIDRICO - SERVICIO DE ASISTENCIA TECNICA RELACIONADO CON CALIDAD, USO Y PLANIFICACION DEL RECURSO HIDRICO",No Aplica,NO DEFINIDO,,,2021,Segundo Trimestre,,,,"91114 - SERVICIOS DE PLANIFICACIÓN ECONÓMICA, SOCIAL Y ESTADÍSTICA DE LA ADMINISTRACIÓN PUBLICA",1.2.1.0.00 - INGRESOS CORRIENTES DE LIBRE DESTINACION,,,,,,NO APLICA,,,,,,CON SITUACION DE FONDOS,NO APLICA,NO DEFINIDO,10620000.0,7965000.0,7965000.0
12063982,20210601,218552585,Pupiales,2.3.2.02.02.009,"SERVICIOS PARA LA COMUNIDAD, SOCIALES Y PERSONALES",GASTOS,INVERSION,ADQUISICION DE BIENES Y SERVICIOS,ADQUISICIONES DIFERENTES DE ACTIVOS,ADQUISICION DE SERVICIOS,"SERVICIOS PARA LA COMUNIDAD, SOCIALES Y PERSONALES",No Aplica,No Aplica,No Aplica,No Aplica,VIGENCIA ACTUAL,ENTIDADES TERRITORIALES - ADMINISTRACION CENTRAL,"43.01.032 - DEPORTE Y RECREACION - FOMENTO A LA RECREACION, LA ACTIVIDAD FISICA Y EL DEPORTE PARA DESARROLLAR ENTORNOS DE CONVIVENCIA Y PAZ - SERVICIO DE ORGANIZACION DE EVENTOS DEPORTIVOS COMUNITARIO",2021525850035,NO DEFINIDO,,,2021,Segundo Trimestre,,,,"91114 - SERVICIOS DE PLANIFICACIÓN ECONÓMICA, SOCIAL Y ESTADÍSTICA DE LA ADMINISTRACIÓN PUBLICA",1.2.4.3.01 - SGP-PROPOSITO GENERAL-DEPORTE Y RECREACION,,,,,,NO APLICA,,,,,,CON SITUACION DE FONDOS,DIRECCION NACIONAL DEL TESORO MINISTERIO DE HACIENDA Y CREDITO PUBLICO,NO DEFINIDO,5983000.0,0.0,0.0
12066476,20210901,218552585,Pupiales,2.3.2.02.02.009,"SERVICIOS PARA LA COMUNIDAD, SOCIALES Y PERSONALES",GASTOS,INVERSION,ADQUISICION DE BIENES Y SERVICIOS,ADQUISICIONES DIFERENTES DE ACTIVOS,ADQUISICION DE SERVICIOS,"SERVICIOS PARA LA COMUNIDAD, SOCIALES Y PERSONALES",No Aplica,No Aplica,No Aplica,No Aplica,VIGENCIA ACTUAL,ENTIDADES TERRITORIALES - ADMINISTRACION CENTRAL,"32.03.006 - AMBIENTE Y DESARROLLO SOSTENIBLE - GESTION INTEGRAL DEL RECURSO HIDRICO - SERVICIO DE ASISTENCIA TECNICA RELACIONADO CON CALIDAD, USO Y PLANIFICACION DEL RECURSO HIDRICO",2021525850040,NO DEFINIDO,,,2021,Tercer Trimestre,,,,"91114 - SERVICIOS DE PLANIFICACIÓN ECONÓMICA, SOCIAL Y ESTADÍSTICA DE LA ADMINISTRACIÓN PUBLICA",1.2.4.6.00 - SGP-AGUA POTABLE Y SANEAMIENTO BASICO,,,,,,NO APLICA,,,,,,CON SITUACION DE FONDOS,DIRECCION NACIONAL DEL TESORO MINISTERIO DE HACIENDA Y CREDITO PUBLICO,NO DEFINIDO,50000000.0,45000000.0,45000000.0
12070998,20210301,218552585,Pupiales,2.1.2.02.02.006,"COMERCIO Y DISTRIBUCION; ALOJAMIENTO; SERVICIOS DE SUMINISTRO DE COMIDAS Y BEBIDAS; SERVICIOS DE TRANSPORTE; Y SERVICIOS DE DISTRIBUCION DE ELECTRICIDAD, GAS Y AGUA",GASTOS,FUNCIONAMIENTO,ADQUISICION DE BIENES Y SERVICIOS,ADQUISICIONES DIFERENTES DE ACTIVOS,ADQUISICION DE SERVICIOS,"COMERCIO Y DISTRIBUCION; ALOJAMIENTO; SERVICIOS DE SUMINISTRO DE COMIDAS Y BEBIDAS; SERVICIOS DE TRANSPORTE; Y SERVICIOS DE DISTRIBUCION DE ELECTRICIDAD, GAS Y AGUA",No Aplica,No Aplica,No Aplica,No Aplica,VIGENCIA ACTUAL,ENTIDADES TERRITORIALES - ADMINISTRACION CENTRAL,NO APLICA,No Aplica,NO DEFINIDO,,,2021,Primer Trimestre,,,,"91114 - SERVICIOS DE PLANIFICACIÓN ECONÓMICA, SOCIAL Y ESTADÍSTICA DE LA ADMINISTRACIÓN PUBLICA",1.2.1.0.00 - INGRESOS CORRIENTES DE LIBRE DESTINACION,,,,,,NO APLICA,,,,,,CON SITUACION DE FONDOS,NO APLICA,NO DEFINIDO,14850000.0,0.0,0.0
12076611,20210901,218552585,Pupiales,2.3.2.02.02.009,"SERVICIOS PARA LA COMUNIDAD, SOCIALES Y PERSONALES",GASTOS,INVERSION,ADQUISICION DE BIENES Y SERVICIOS,ADQUISICIONES DIFERENTES DE ACTIVOS,ADQUISICION DE SERVICIOS,"SERVICIOS PARA LA COMUNIDAD, SOCIALES Y PERSONALES",No Aplica,No Aplica,No Aplica,No Aplica,VIGENCIA ACTUAL,ENTIDADES TERRITORIALES - ADMINISTRACION CENTRAL,"40.03.020 - VIVIENDA, CIUDAD Y TERRITORIO - ACCESO DE LA POBLACION A LOS SERVICIOS DE AGUA POTABLE Y SANEAMIENTO BASICO - ALCANTARILLADOS OPTIMIZADOS",No Aplica,NO DEFINIDO,,,2021,Tercer Trimestre,,,,"91114 - SERVICIOS DE PLANIFICACIÓN ECONÓMICA, SOCIAL Y ESTADÍSTICA DE LA ADMINISTRACIÓN PUBLICA",1.2.4.3.03 - SGP-PROPOSITO GENERAL-PROPOSITO GENERAL LIBRE INVERSION,,,,,,NO APLICA,,,,,,CON SITUACION DE FONDOS,DIRECCION NACIONAL DEL TESORO MINISTERIO DE HACIENDA Y CREDITO PUBLICO,NO DEFINIDO,2100000.0,0.0,0.0
12094930,20230601,218552585,Pupiales,2.3.2.02.02.009,"SERVICIOS PARA LA COMUNIDAD, SOCIALES Y PERSONALES",GASTOS,INVERSION,ADQUISICION DE BIENES Y SERVICIOS,ADQUISICIONES DIFERENTES DE ACTIVOS,ADQUISICION DE SERVICIOS,"SERVICIOS PARA LA COMUNIDAD, SOCIALES Y PERSONALES",No Aplica,No Aplica,No Aplica,No Aplica,VIGENCIA ACTUAL,ENTIDADES TERRITORIALES - ADMINISTRACION CENTRAL,SERVICIO DE EDUCACION INFORMAL EN TEMAS DE SALUD PUBLICA,No Aplica,NO DEFINIDO,,,2023,Segundo Trimestre,,,,SERVICIOS DE LOS ORGANOS DE CONTROL Y OTRAS INSTITUCIONES,SGP-SALUD-SALUD PUBLICA,,,,,,NO APLICA,,,,,,CON SITUACION DE FONDOS,E.S.E CENTRO DE SALUD SAN JUAN BAUTISTA DE PUPIALES - NARIÑO,NO APLICA,108787846.0,17098600.0,17098600.0
12106623,20210901,218552585,Pupiales,2.3.2.01.01.003.02.08,OTRA MAQUINARIA PARA USOS ESPECIALES Y SUS PARTES Y PIEZAS,GASTOS,INVERSION,ADQUISICION DE BIENES Y SERVICIOS,ADQUISICION DE ACTIVOS NO FINANCIEROS,ACTIVOS FIJOS,MAQUINARIA Y EQUIPO,MAQUINARIA PARA USOS ESPECIALES,OTRA MAQUINARIA PARA USOS ESPECIALES Y SUS PARTES Y PIEZAS,No Aplica,No Aplica,VIGENCIA ACTUAL,ENTIDADES TERRITORIALES - ADMINISTRACION CENTRAL,24.02.107 - TRANSPORTE - INFRAESTRUCTURA RED VIAL REGIONAL - SERVICIO DE ASISTENCIA TECNICA EN INFRAESTRUCTURA Y SERVICIO DE LA RED VIAL REGIONAL,No Aplica,NO DEFINIDO,,,2021,Tercer Trimestre,,,,"91114 - SERVICIOS DE PLANIFICACIÓN ECONÓMICA, SOCIAL Y ESTADÍSTICA DE LA ADMINISTRACIÓN PUBLICA",1.2.4.3.03 - SGP-PROPOSITO GENERAL-PROPOSITO GENERAL LIBRE INVERSION,,,,,,NO APLICA,,,,,,CON SITUACION DE FONDOS,DIRECCION NACIONAL DEL TESORO MINISTERIO DE HACIENDA Y CREDITO PUBLICO,NO DEFINIDO,1989000000.0,50000000.0,50000000.0
12108954,20210301,218552585,Pupiales,2.1.2.01.01.003.03.01,"MAQUINAS PARA OFICINA Y CONTABILIDAD, Y SUS PARTES Y ACCESORIOS",GASTOS,FUNCIONAMIENTO,ADQUISICION DE BIENES Y SERVICIOS,ADQUISICION DE ACTIVOS NO FINANCIEROS,ACTIVOS FIJOS,MAQUINARIA Y EQUIPO,"MAQUINARIA DE OFICINA, CONTABILIDAD E INFORMATICA","MAQUINAS PARA OFICINA Y CONTABILIDAD, Y SUS PARTES Y ACCESORIOS",No Aplica,No Aplica,VIGENCIA ACTUAL,ENTIDADES TERRITORIALES - ADMINISTRACION CENTRAL,NO APLICA,No Aplica,NO DEFINIDO,,,2021,Primer Trimestre,,,,"91114 - SERVICIOS DE PLANIFICACIÓN ECONÓMICA, SOCIAL Y ESTADÍSTICA DE LA ADMINISTRACIÓN PUBLICA",1.2.1.0.00 - INGRESOS CORRIENTES DE LIBRE DESTINACION,,,,,,NO APLICA,,,,,,CON SITUACION DE FONDOS,NO APLICA,NO DEFINIDO,23200000.0,0.0,0.0
12124114,20210901,218552585,Pupiales,2.1.2.01.01.003.03.01,"MAQUINAS PARA OFICINA Y CONTABILIDAD, Y SUS PARTES Y ACCESORIOS",GASTOS,FUNCIONAMIENTO,ADQUISICION DE BIENES Y SERVICIOS,ADQUISICION DE ACTIVOS NO FINANCIEROS,ACTIVOS FIJOS,MAQUINARIA Y EQUIPO,"MAQUINARIA DE OFICINA, CONTABILIDAD E INFORMATICA","MAQUINAS PARA OFICINA Y CONTABILIDAD, Y SUS PARTES Y ACCESORIOS",No Aplica,No Aplica,VIGENCIA ACTUAL,ENTIDADES TERRITORIALES - ADMINISTRACION CENTRAL,NO APLICA,No Aplica,NO DEFINIDO,,,2021,Tercer Trimestre,,,,"91114 - SERVICIOS DE PLANIFICACIÓN ECONÓMICA, SOCIAL Y ESTADÍSTICA DE LA ADMINISTRACIÓN PUBLICA",1.2.1.0.00 - INGRESOS CORRIENTES DE LIBRE DESTINACION,,,,,,NO APLICA,,,,,,CON SITUACION DE FONDOS,NO APLICA,NO DEFINIDO,23200000.0,23200000.0,23200000.0
12128220,20210301,218552585,Pupiales,2.3.2.02.02.009,"SERVICIOS PARA LA COMUNIDAD, SOCIALES Y PERSONALES",GASTOS,INVERSION,ADQUISICION DE BIENES Y SERVICIOS,ADQUISICIONES DIFERENTES DE ACTIVOS,ADQUISICION DE SERVICIOS,"SERVICIOS PARA LA COMUNIDAD, SOCIALES Y PERSONALES",No Aplica,No Aplica,No Aplica,No Aplica,VIGENCIA ACTUAL,ENTIDADES TERRITORIALES - ADMINISTRACION CENTRAL,33.01.053 - CULTURA - PROMOCION Y ACCESO EFECTIVO A PROCESOS CULTURALES Y ARTISTICOS - SERVICIO DE PROMOCION DE ACTIVIDADES CULTURALES,No Aplica,NO DEFINIDO,,,2021,Primer Trimestre,,,,"91114 - SERVICIOS DE PLANIFICACIÓN ECONÓMICA, SOCIAL Y ESTADÍSTICA DE LA ADMINISTRACIÓN PUBLICA",1.2.4.3.02 - SGP-PROPOSITO GENERAL-CULTURA,,,,,,NO APLICA,,,,,,CON SITUACION DE FONDOS,DIRECCION NACIONAL DEL TESORO MINISTERIO DE HACIENDA Y CREDITO PUBLICO,NO DEFINIDO,43870000.0,39220000.0,30230000.0
12147770,20210601,218552585,Pupiales,2.3.2.02.02.009,"SERVICIOS PARA LA COMUNIDAD, SOCIALES Y PERSONALES",GASTOS,INVERSION,ADQUISICION DE BIENES Y SERVICIOS,ADQUISICIONES DIFERENTES DE ACTIVOS,ADQUISICION DE SERVICIOS,"SERVICIOS PARA LA COMUNIDAD, SOCIALES Y PERSONALES",No Aplica,No Aplica,No Aplica,No Aplica,VIGENCIA ACTUAL,ENTIDADES TERRITORIALES - ADMINISTRACION CENTRAL,"33.01.074 - CULTURA - PROMOCION Y ACCESO EFECTIVO A PROCESOS CULTURALES Y ARTISTICOS - SERVICIO DE APOYO PARA LA ORGANIZACION Y LA PARTICIPACION DEL SECTOR ARTISTICO, CULTURAL Y LA CIUDADANIA",2021525850021,NO DEFINIDO,,,2021,Segundo Trimestre,,,,"91114 - SERVICIOS DE PLANIFICACIÓN ECONÓMICA, SOCIAL Y ESTADÍSTICA DE LA ADMINISTRACIÓN PUBLICA",1.2.4.3.02 - SGP-PROPOSITO GENERAL-CULTURA,,,,,,NO APLICA,,,,,,CON SITUACION DE FONDOS,DIRECCION NACIONAL DEL TESORO MINISTERIO DE HACIENDA Y CREDITO PUBLICO,NO DEFINIDO,11500000.0,9200000.0,9200000.0
12149738,20210601,218552585,Pupiales,2.1.2.01.01.003.03.01,"MAQUINAS PARA OFICINA Y CONTABILIDAD, Y SUS PARTES Y ACCESORIOS",GASTOS,FUNCIONAMIENTO,ADQUISICION DE BIENES Y SERVICIOS,ADQUISICION DE ACTIVOS NO FINANCIEROS,ACTIVOS FIJOS,MAQUINARIA Y EQUIPO,"MAQUINARIA DE OFICINA, CONTABILIDAD E INFORMATICA","MAQUINAS PARA OFICINA Y CONTABILIDAD, Y SUS PARTES Y ACCESORIOS",No Aplica,No Aplica,VIGENCIA ACTUAL,ENTIDADES TERRITORIALES - ADMINISTRACION CENTRAL,NO APLICA,No Aplica,NO DEFINIDO,,,2021,Segundo Trimestre,,,,"91114 - SERVICIOS DE PLANIFICACIÓN ECONÓMICA, SOCIAL Y ESTADÍSTICA DE LA ADMINISTRACIÓN PUBLICA",1.2.1.0.00 - INGRESOS CORRIENTES DE LIBRE DESTINACION,,,,,,NO APLICA,,,,,,CON SITUACION DE FONDOS,NO APLICA,NO DEFINIDO,23200000.0,23200000.0,23200000.0
12172312,20230601,218552585,Pupiales,2.3.2.02.02.006,"COMERCIO Y DISTRIBUCION; ALOJAMIENTO; SERVICIOS DE SUMINISTRO DE COMIDAS Y BEBIDAS; SERVICIOS DE TRANSPORTE; Y SERVICIOS DE DISTRIBUCION DE ELECTRICIDAD, GAS Y AGUA",GASTOS,INVERSION,ADQUISICION DE BIENES Y SERVICIOS,ADQUISICIONES DIFERENTES DE ACTIVOS,ADQUISICION DE SERVICIOS,"COMERCIO Y DISTRIBUCION; ALOJAMIENTO; SERVICIOS DE SUMINISTRO DE COMIDAS Y BEBIDAS; SERVICIOS DE TRANSPORTE; Y SERVICIOS DE DISTRIBUCION DE ELECTRICIDAD, GAS Y AGUA",No Aplica,No Aplica,No Aplica,No Aplica,VIGENCIA ACTUAL,ENTIDADES TERRITORIALES - ADMINISTRACION CENTRAL,REDES DE ALUMBRADO PUBLICO CON MANTENIMIENTO,No Aplica,NO DEFINIDO,,,2023,Segundo Trimestre,,,,OTRO COMERCIO AL POR MENOR DE CAFE TE Y OTRAS ESPECIAS NO REALIZADOS EN ESTABLECIMIENTOS,SGP-PROPOSITO GENERAL-PROPOSITO GENERAL LIBRE INVERSION,,,,,,NO APLICA,,,,,,CON SITUACION DE FONDOS,E.S.P. CENTRALES ELECTRICAS DE NARIÑO S.A.,NO APLICA,350000000.0,247016073.0,247016073.0
12176783,20210901,218552585,Pupiales,2.3.2.02.02.009,"SERVICIOS PARA LA COMUNIDAD, SOCIALES Y PERSONALES",GASTOS,INVERSION,ADQUISICION DE BIENES Y SERVICIOS,ADQUISICIONES DIFERENTES DE ACTIVOS,ADQUISICION DE SERVICIOS,"SERVICIOS PARA LA COMUNIDAD, SOCIALES Y PERSONALES",No Aplica,No Aplica,No Aplica,No Aplica,VIGENCIA ACTUAL,ENTIDADES TERRITORIALES - ADMINISTRACION CENTRAL,"40.03.017 - VIVIENDA, CIUDAD Y TERRITORIO - ACCESO DE LA POBLACION A LOS SERVICIOS DE AGUA POTABLE Y SANEAMIENTO BASICO - ACUEDUCTOS OPTIMIZADOS",2021525850021,NO DEFINIDO,,,2021,Tercer Trimestre,,,,"91114 - SERVICIOS DE PLANIFICACIÓN ECONÓMICA, SOCIAL Y ESTADÍSTICA DE LA ADMINISTRACIÓN PUBLICA",1.2.3.1.19 - ESTAMPILLAS,,,,,,NO APLICA,,,,,,CON SITUACION DE FONDOS,NO APLICA,NO DEFINIDO,30210000.0,30210000.0,30210000.0
12186375,20210301,218552585,Pupiales,2.3.2.02.02.009,"SERVICIOS PARA LA COMUNIDAD, SOCIALES Y PERSONALES",GASTOS,INVERSION,ADQUISICION DE BIENES Y SERVICIOS,ADQUISICIONES DIFERENTES DE ACTIVOS,ADQUISICION DE SERVICIOS,"SERVICIOS PARA LA COMUNIDAD, SOCIALES Y PERSONALES",No Aplica,No Aplica,No Aplica,No Aplica,VIGENCIA ACTUAL,ENTIDADES TERRITORIALES - ADMINISTRACION CENTRAL,"19.03.011 - SALUD Y PROTECCION SOCIAL - INSPECCION, VIGILANCIA Y CONTROL - SERVICIO DE INSPECCION, VIGILANCIA Y CONTROL",No Aplica,NO DEFINIDO,,,2021,Primer Trimestre,,,,"91114 - SERVICIOS DE PLANIFICACIÓN ECONÓMICA, SOCIAL Y ESTADÍSTICA DE LA ADMINISTRACIÓN PUBLICA",1.2.4.2.03 - SGP-SALUD-PRESTACION DEL SERVICIO DE SALUD,,,,,,NO APLICA,,,,,,CON SITUACION DE FONDOS,DIRECCION NACIONAL DEL TESORO MINISTERIO DE HACIENDA Y CREDITO PUBLICO,NO DEFINIDO,21153636.0,0.0,0.0
12196543,20210601,218552585,Pupiales,2.3.2.02.02.009,"SERVICIOS PARA LA COMUNIDAD, SOCIALES Y PERSONALES",GASTOS,INVERSION,ADQUISICION DE BIENES Y SERVICIOS,ADQUISICIONES DIFERENTES DE ACTIVOS,ADQUISICION DE SERVICIOS,"SERVICIOS PARA LA COMUNIDAD, SOCIALES Y PERSONALES",No Aplica,No Aplica,No Aplica,No Aplica,VIGENCIA ACTUAL,ENTIDADES TERRITORIALES - ADMINISTRACION CENTRAL,19.05.035 - SALUD Y PROTECCION SOCIAL - SALUD PUBLICA - SERVICIO DE GESTION TERRITORIAL PARA ATENCION EN SALUD -PANDEMIAS- A POBLACION AFECTADA POR EMERGENCIAS O DESASTRES,2021525850017,NO DEFINIDO,,,2021,Segundo Trimestre,,,,"91114 - SERVICIOS DE PLANIFICACIÓN ECONÓMICA, SOCIAL Y ESTADÍSTICA DE LA ADMINISTRACIÓN PUBLICA",1.2.4.2.02 - SGP-SALUD-SALUD PUBLICA,,,,,,NO APLICA,,,,,,CON SITUACION DE FONDOS,DIRECCION NACIONAL DEL TESORO MINISTERIO DE HACIENDA Y CREDITO PUBLICO,NO DEFINIDO,139997438.0,23849587.0,23849587.0
12198766,20210901,218552585,Pupiales,2.3.2.02.02.009,"SERVICIOS PARA LA COMUNIDAD, SOCIALES Y PERSONALES",GASTOS,INVERSION,ADQUISICION DE BIENES Y SERVICIOS,ADQUISICIONES DIFERENTES DE ACTIVOS,ADQUISICION DE SERVICIOS,"SERVICIOS PARA LA COMUNIDAD, SOCIALES Y PERSONALES",No Aplica,No Aplica,No Aplica,No Aplica,VIGENCIA ACTUAL,ENTIDADES TERRITORIALES - ADMINISTRACION CENTRAL,45.99.029 - GOBIERNO TERRITORIAL - FORTALECIMIENTO A LA GESTION Y DIRECCION DE LA ADMINISTRACION PUBLICA TERRITORIAL - SERVICIO DE INTEGRACION DE LA OFERTA PUBLICA,No Aplica,NO DEFINIDO,,,2021,Tercer Trimestre,,,,"91114 - SERVICIOS DE PLANIFICACIÓN ECONÓMICA, SOCIAL Y ESTADÍSTICA DE LA ADMINISTRACIÓN PUBLICA",1.2.4.4.03 - SGP-ASIGNACION-ATENCION INTEGRAL DE LA PRIMERA INFANCIA,,,,,,NO APLICA,,,,,,CON SITUACION DE FONDOS,DIRECCION NACIONAL DEL TESORO MINISTERIO DE HACIENDA Y CREDITO PUBLICO,NO DEFINIDO,3540000.0,1770000.0,1770000.0
12216476,20210301,218552585,Pupiales,2.3.2.02.02.006,"COMERCIO Y DISTRIBUCION; ALOJAMIENTO; SERVICIOS DE SUMINISTRO DE COMIDAS Y BEBIDAS; SERVICIOS DE TRANSPORTE; Y SERVICIOS DE DISTRIBUCION DE ELECTRICIDAD, GAS Y AGUA",GASTOS,INVERSION,ADQUISICION DE BIENES Y SERVICIOS,ADQUISICIONES DIFERENTES DE ACTIVOS,ADQUISICION DE SERVICIOS,"COMERCIO Y DISTRIBUCION; ALOJAMIENTO; SERVICIOS DE SUMINISTRO DE COMIDAS Y BEBIDAS; SERVICIOS DE TRANSPORTE; Y SERVICIOS DE DISTRIBUCION DE ELECTRICIDAD, GAS Y AGUA",No Aplica,No Aplica,No Aplica,No Aplica,VIGENCIA ACTUAL,ENTIDADES TERRITORIALES - ADMINISTRACION CENTRAL,21.02.024 - MINAS Y ENERGIA - CONSOLIDACION PRODUCTIVA DEL SECTOR DE ENERGIA ELECTRICA - SERVICIO DE APOYO FINANCIERO AL CONSUMO DEL SERVICIO DE ENERGIA ELECTRICA DEL SISTEMA INTERCONECTADO NACIONAL,No Aplica,NO DEFINIDO,,,2021,Primer Trimestre,,,,"91114 - SERVICIOS DE PLANIFICACIÓN ECONÓMICA, SOCIAL Y ESTADÍSTICA DE LA ADMINISTRACIÓN PUBLICA",1.2.4.3.03 - SGP-PROPOSITO GENERAL-PROPOSITO GENERAL LIBRE INVERSION,,,,,,NO APLICA,,,,,,CON SITUACION DE FONDOS,DIRECCION NACIONAL DEL TESORO MINISTERIO DE HACIENDA Y CREDITO PUBLICO,NO DEFINIDO,264587690.0,107799120.0,107799120.0
12228551,20210901,218552585,Pupiales,2.3.2.02.02.009,"SERVICIOS PARA LA COMUNIDAD, SOCIALES Y PERSONALES",GASTOS,INVERSION,ADQUISICION DE BIENES Y SERVICIOS,ADQUISICIONES DIFERENTES DE ACTIVOS,ADQUISICION DE SERVICIOS,"SERVICIOS PARA LA COMUNIDAD, SOCIALES Y PERSONALES",No Aplica,No Aplica,No Aplica,No Aplica,VIGENCIA ACTUAL,ENTIDADES TERRITORIALES - ADMINISTRACION CENTRAL,"33.01.074 - CULTURA - PROMOCION Y ACCESO EFECTIVO A PROCESOS CULTURALES Y ARTISTICOS - SERVICIO DE APOYO PARA LA ORGANIZACION Y LA PARTICIPACION DEL SECTOR ARTISTICO, CULTURAL Y LA CIUDADANIA",2021525850035,NO DEFINIDO,,,2021,Tercer Trimestre,,,,"91114 - SERVICIOS DE PLANIFICACIÓN ECONÓMICA, SOCIAL Y ESTADÍSTICA DE LA ADMINISTRACIÓN PUBLICA",1.2.4.3.01 - SGP-PROPOSITO GENERAL-DEPORTE Y RECREACION,,,,,,NO APLICA,,,,,,CON SITUACION DE FONDOS,DIRECCION NACIONAL DEL TESORO MINISTERIO DE HACIENDA Y CREDITO PUBLICO,NO DEFINIDO,38360000.0,38360000.0,38360000.0
12253811,20230601,218552585,Pupiales,2.3.1.01.02.008,APORTES A LA ESAP,GASTOS,INVERSION,GASTOS DE PERSONAL,PLANTA DE PERSONAL PERMANENTE,CONTRIBUCIONES INHERENTES A LA NOMINA,APORTES A LA ESAP,No Aplica,No Aplica,No Aplica,No Aplica,VIGENCIA ACTUAL,ENTIDADES TERRITORIALES - ADMINISTRACION CENTRAL,SERVICIO DE ASISTENCIA TECNICA AGROPECUARIA DIRIGIDA A PEQUEÑOS PRODUCTORES,No Aplica,NO DEFINIDO,,,2023,Segundo Trimestre,,,,NO APLICA,SGP-PROPOSITO GENERAL-PROPOSITO GENERAL LIBRE INVERSION,,,,,,NO APLICA,,,,,,CON SITUACION DE FONDOS,NO APLICA,NO APLICA,44089.0,44089.0,44089.0
12269072,20210901,218552585,Pupiales,2.3.2.02.02.009,"SERVICIOS PARA LA COMUNIDAD, SOCIALES Y PERSONALES",GASTOS,INVERSION,ADQUISICION DE BIENES Y SERVICIOS,ADQUISICIONES DIFERENTES DE ACTIVOS,ADQUISICION DE SERVICIOS,"SERVICIOS PARA LA COMUNIDAD, SOCIALES Y PERSONALES",No Aplica,No Aplica,No Aplica,No Aplica,VIGENCIA ACTUAL,ENTIDADES TERRITORIALES - ADMINISTRACION CENTRAL,19.06.004 - SALUD Y PROTECCION SOCIAL - ASEGURAMIENTO Y PRESTACION INTEGRAL DE SERVICIOS DE SALUD - SERVICIO DE ATENCION EN SALUD A LA POBLACION,No Aplica,NO DEFINIDO,,,2021,Tercer Trimestre,,,,"91114 - SERVICIOS DE PLANIFICACIÓN ECONÓMICA, SOCIAL Y ESTADÍSTICA DE LA ADMINISTRACIÓN PUBLICA",1.2.4.2.03 - SGP-SALUD-PRESTACION DEL SERVICIO DE SALUD,,,,,,NO APLICA,,,,,,CON SITUACION DE FONDOS,DIRECCION NACIONAL DEL TESORO MINISTERIO DE HACIENDA Y CREDITO PUBLICO,NO DEFINIDO,30264369.0,21486339.0,21486339.0
12295146,20211201,218552585,Pupiales,2.3.2.01.01.004.01.01,MUEBLES,GASTOS,INVERSION,ADQUISICION DE BIENES Y SERVICIOS,ADQUISICION DE ACTIVOS NO FINANCIEROS,ACTIVOS FIJOS,ACTIVOS FIJOS NO CLASIFICADOS COMO MAQUINARIA Y EQUIPO,"MUEBLES, INSTRUMENTOS MUSICALES, ARTICULOS DE DEPORTE Y ANTIGÃ?EDADES",MUEBLES,No Aplica,No Aplica,VIGENCIA ACTUAL,ENTIDADES TERRITORIALES - ADMINISTRACION CENTRAL,NO DEFINIDO,No Aplica,NO DEFINIDO,,,2021,Cuarto Trimestre,,,,NO DEFINIDO,NO DEFINIDO,,,,,,NO DEFINIDO,,,,,,NO DEFINIDO,NO DEFINIDO,NO DEFINIDO,2400000.0,2400000.0,2400000.0
12306880,20210601,218552585,Pupiales,2.3.2.02.02.009,"SERVICIOS PARA LA COMUNIDAD, SOCIALES Y PERSONALES",GASTOS,INVERSION,ADQUISICION DE BIENES Y SERVICIOS,ADQUISICIONES DIFERENTES DE ACTIVOS,ADQUISICION DE SERVICIOS,"SERVICIOS PARA LA COMUNIDAD, SOCIALES Y PERSONALES",No Aplica,No Aplica,No Aplica,No Aplica,VIGENCIA ACTUAL,ENTIDADES TERRITORIALES - ADMINISTRACION CENTRAL,NO APLICA,2021525850003,NO DEFINIDO,,,2021,Segundo Trimestre,,,,"91114 - SERVICIOS DE PLANIFICACIÓN ECONÓMICA, SOCIAL Y ESTADÍSTICA DE LA ADMINISTRACIÓN PUBLICA",1.2.4.3.03 - SGP-PROPOSITO GENERAL-PROPOSITO GENERAL LIBRE INVERSION,,,,,,NO APLICA,,,,,,CON SITUACION DE FONDOS,DIRECCION NACIONAL DEL TESORO MINISTERIO DE HACIENDA Y CREDITO PUBLICO,NO DEFINIDO,237820400.0,165586600.0,165586600.0
12318668,20230601,218552585,Pupiales,2.3.2.02.02.009,"SERVICIOS PARA LA COMUNIDAD, SOCIALES Y PERSONALES",GASTOS,INVERSION,ADQUISICION DE BIENES Y SERVICIOS,ADQUISICIONES DIFERENTES DE ACTIVOS,ADQUISICION DE SERVICIOS,"SERVICIOS PARA LA COMUNIDAD, SOCIALES Y PERSONALES",No Aplica,No Aplica,No Aplica,No Aplica,VIGENCIA ACTUAL,ENTIDADES TERRITORIALES - ADMINISTRACION CENTRAL,SERVICIO DE ASISTENCIA TECNICA AGROPECUARIA DIRIGIDA A PEQUEÑOS PRODUCTORES,No Aplica,NO DEFINIDO,,,2023,Segundo Trimestre,,,,SERVICIOS DE LOS ORGANOS DE CONTROL Y OTRAS INSTITUCIONES,SGP-PROPOSITO GENERAL-PROPOSITO GENERAL LIBRE INVERSION,,,,,,NO APLICA,,,,,,CON SITUACION DE FONDOS,NO APLICA,NO APLICA,20650000.0,15450000.0,15450000.0
12335461,20210901,218552585,Pupiales,2.1.2.02.02.009,"SERVICIOS PARA LA COMUNIDAD, SOCIALES Y PERSONALES",GASTOS,FUNCIONAMIENTO,ADQUISICION DE BIENES Y SERVICIOS,ADQUISICIONES DIFERENTES DE ACTIVOS,ADQUISICION DE SERVICIOS,"SERVICIOS PARA LA COMUNIDAD, SOCIALES Y PERSONALES",No Aplica,No Aplica,No Aplica,No Aplica,VIGENCIA ACTUAL,ENTIDADES TERRITORIALES - ADMINISTRACION CENTRAL,NO APLICA,No Aplica,NO DEFINIDO,,,2021,Tercer Trimestre,,,,"91114 - SERVICIOS DE PLANIFICACIÓN ECONÓMICA, SOCIAL Y ESTADÍSTICA DE LA ADMINISTRACIÓN PUBLICA",1.2.1.0.00 - INGRESOS CORRIENTES DE LIBRE DESTINACION,,,,,,NO APLICA,,,,,,CON SITUACION DE FONDOS,NO APLICA,NO DEFINIDO,578929596.0,400739596.0,400739596.0
12359384,20210301,218552585,Pupiales,2.3.2.02.02.009,"SERVICIOS PARA LA COMUNIDAD, SOCIALES Y PERSONALES",GASTOS,INVERSION,ADQUISICION DE BIENES Y SERVICIOS,ADQUISICIONES DIFERENTES DE ACTIVOS,ADQUISICION DE SERVICIOS,"SERVICIOS PARA LA COMUNIDAD, SOCIALES Y PERSONALES",No Aplica,No Aplica,No Aplica,No Aplica,VIGENCIA ACTUAL,ENTIDADES TERRITORIALES - ADMINISTRACION CENTRAL,"32.03.006 - AMBIENTE Y DESARROLLO SOSTENIBLE - GESTION INTEGRAL DEL RECURSO HIDRICO - SERVICIO DE ASISTENCIA TECNICA RELACIONADO CON CALIDAD, USO Y PLANIFICACION DEL RECURSO HIDRICO",No Aplica,NO DEFINIDO,,,2021,Primer Trimestre,,,,"91114 - SERVICIOS DE PLANIFICACIÓN ECONÓMICA, SOCIAL Y ESTADÍSTICA DE LA ADMINISTRACIÓN PUBLICA",1.2.1.0.00 - INGRESOS CORRIENTES DE LIBRE DESTINACION,,,,,,NO APLICA,,,,,,CON SITUACION DE FONDOS,NO APLICA,NO DEFINIDO,10620000.0,4425000.0,4425000.0
12359619,20210901,218552585,Pupiales,2.3.2.02.02.009,"SERVICIOS PARA LA COMUNIDAD, SOCIALES Y PERSONALES",GASTOS,INVERSION,ADQUISICION DE BIENES Y SERVICIOS,ADQUISICIONES DIFERENTES DE ACTIVOS,ADQUISICION DE SERVICIOS,"SERVICIOS PARA LA COMUNIDAD, SOCIALES Y PERSONALES",No Aplica,No Aplica,No Aplica,No Aplica,VIGENCIA ACTUAL,ENTIDADES TERRITORIALES - ADMINISTRACION CENTRAL,NO APLICA,No Aplica,NO DEFINIDO,,,2021,Tercer Trimestre,,,,"91114 - SERVICIOS DE PLANIFICACIÓN ECONÓMICA, SOCIAL Y ESTADÍSTICA DE LA ADMINISTRACIÓN PUBLICA",1.2.3.1.01 - SOBRETASA / PARTICIPACION AMBIENTAL - CORPORACIONES AUTONOMAS REGIONALES,,,,,,NO APLICA,,,,,,CON SITUACION DE FONDOS,NO APLICA,NO DEFINIDO,58989974.0,58989974.0,58989974.0
12361269,20210901,218552585,Pupiales,2.3.2.01.01.001.03.02,"AUTOPISTAS, CARRETERAS, CALLES",GASTOS,INVERSION,ADQUISICION DE BIENES Y SERVICIOS,ADQUISICION DE ACTIVOS NO FINANCIEROS,ACTIVOS FIJOS,EDIFICACIONES Y ESTRUCTURAS,OTRAS ESTRUCTURAS,"AUTOPISTAS, CARRETERAS, CALLES",No Aplica,No Aplica,VIGENCIA ACTUAL,ENTIDADES TERRITORIALES - ADMINISTRACION CENTRAL,24.02.001 - TRANSPORTE - INFRAESTRUCTURA RED VIAL REGIONAL - VIA SECUNDARIA CONSTRUIDA,2021525850007.0,NO DEFINIDO,,,2021,Tercer Trimestre,,,,"91114 - SERVICIOS DE PLANIFICACIÓN ECONÓMICA, SOCIAL Y ESTADÍSTICA DE LA ADMINISTRACIÓN PUBLICA",1.2.4.3.03 - SGP-PROPOSITO GENERAL-PROPOSITO GENERAL LIBRE INVERSION,,,,,,NO APLICA,,,,,,CON SITUACION DE FONDOS,DIRECCION NACIONAL DEL TESORO MINISTERIO DE HACIENDA Y CREDITO PUBLICO,NO DEFINIDO,289340365.0,86000000.0,86000000.0
12369132,20210901,218552585,Pupiales,2.3.2.02.02.009,"SERVICIOS PARA LA COMUNIDAD, SOCIALES Y PERSONALES",GASTOS,INVERSION,ADQUISICION DE BIENES Y SERVICIOS,ADQUISICIONES DIFERENTES DE ACTIVOS,ADQUISICION DE SERVICIOS,"SERVICIOS PARA LA COMUNIDAD, SOCIALES Y PERSONALES",No Aplica,No Aplica,No Aplica,No Aplica,VIGENCIA ACTUAL,ENTIDADES TERRITORIALES - ADMINISTRACION CENTRAL,45.03.003 - GOBIERNO TERRITORIAL - GESTION DEL RIESGO DE DESASTRES Y EMERGENCIAS - SERVICIO DE ASISTENCIA TECNICA,No Aplica,NO DEFINIDO,,,2021,Tercer Trimestre,,,,"91114 - SERVICIOS DE PLANIFICACIÓN ECONÓMICA, SOCIAL Y ESTADÍSTICA DE LA ADMINISTRACIÓN PUBLICA",1.2.4.3.03 - SGP-PROPOSITO GENERAL-PROPOSITO GENERAL LIBRE INVERSION,,,,,,NO APLICA,,,,,,CON SITUACION DE FONDOS,DIRECCION NACIONAL DEL TESORO MINISTERIO DE HACIENDA Y CREDITO PUBLICO,NO DEFINIDO,15592500.0,2609500.0,2369500.0
12404386,20230601,218552585,Pupiales,2.3.2.02.02.009,"SERVICIOS PARA LA COMUNIDAD, SOCIALES Y PERSONALES",GASTOS,INVERSION,ADQUISICION DE BIENES Y SERVICIOS,ADQUISICIONES DIFERENTES DE ACTIVOS,ADQUISICION DE SERVICIOS,"SERVICIOS PARA LA COMUNIDAD, SOCIALES Y PERSONALES",No Aplica,No Aplica,No Aplica,No Aplica,VIGENCIA ACTUAL,ENTIDADES TERRITORIALES - ADMINISTRACION CENTRAL,"SERVICIO DE INSPECCION, VIGILANCIA Y CONTROL1903011",No Aplica,NO DEFINIDO,,,2023,Segundo Trimestre,,,,SERVICIOS DE LOS ORGANOS DE CONTROL Y OTRAS INSTITUCIONES,SGP-SALUD-SUBSIDIO A LA OFERTA,,,,,,NO APLICA,,,,,,SIN SITUACION DE FONDOS,E.S.E CENTRO DE SALUD SAN JUAN BAUTISTA DE PUPIALES - NARIÑO,NO APLICA,236594319.0,79609729.0,79609729.0
12405454,20230601,218552585,Pupiales,2.1.2.02.02.007,SERVICIOS FINANCIEROS Y SERVICIOS CONEXOS; SERVICIOS INMOBILIARIOS; Y SERVICIOS DE ARRENDAMIENTO Y LEASING,GASTOS,FUNCIONAMIENTO,ADQUISICION DE BIENES Y SERVICIOS,ADQUISICIONES DIFERENTES DE ACTIVOS,ADQUISICION DE SERVICIOS,SERVICIOS FINANCIEROS Y SERVICIOS CONEXOS; SERVICIOS INMOBILIARIOS; Y SERVICIOS DE ARRENDAMIENTO Y LEASING,No Aplica,No Aplica,No Aplica,No Aplica,VIGENCIA ACTUAL,ENTIDADES TERRITORIALES - ADMINISTRACION CENTRAL,NO APLICA,No Aplica,NO DEFINIDO,,,2023,Segundo Trimestre,,,,OTROS SERVICIOS AUXILIARES RELACIONADOS CON LA BANCA DE INVERSION N C P,"SGP-PROPOSITO GENERAL-LIBRE DESTINACION MUNICIPIOS CATEGORIAS 4, 5 Y 6",,,,,,NO APLICA,,,,,,CON SITUACION DE FONDOS,LA PREVISORA S.A. (COMPAÑIA DE SEGUROS GENERALES),NO APLICA,7512500.0,0.0,0.0
12444052,20210901,218552585,Pupiales,2.3.2.01.01.004.01.01,MUEBLES,GASTOS,INVERSION,ADQUISICION DE BIENES Y SERVICIOS,ADQUISICION DE ACTIVOS NO FINANCIEROS,ACTIVOS FIJOS,ACTIVOS FIJOS NO CLASIFICADOS COMO MAQUINARIA Y EQUIPO,"MUEBLES, INSTRUMENTOS MUSICALES, ARTICULOS DE DEPORTE Y ANTIGÃ?EDADES",MUEBLES,No Aplica,No Aplica,VIGENCIA ACTUAL,ENTIDADES TERRITORIALES - ADMINISTRACION CENTRAL,NO DEFINIDO,No Aplica,NO DEFINIDO,,,2021,Tercer Trimestre,,,,NO DEFINIDO,NO DEFINIDO,,,,,,NO DEFINIDO,,,,,,NO DEFINIDO,NO DEFINIDO,NO DEFINIDO,2400000.0,2400000.0,2400000.0
12446477,20230601,218552585,Pupiales,2.3.1.01.01.001.07,BONIFICACION POR SERVICIOS PRESTADOS,GASTOS,INVERSION,GASTOS DE PERSONAL,PLANTA DE PERSONAL PERMANENTE,FACTORES CONSTITUTIVOS DE SALARIO,FACTORES SALARIALES COMUNES,BONIFICACION POR SERVICIOS PRESTADOS,No Aplica,No Aplica,No Aplica,VIGENCIA ACTUAL,ENTIDADES TERRITORIALES - ADMINISTRACION CENTRAL,SERVICIO DE ASISTENCIA TECNICA AGROPECUARIA DIRIGIDA A PEQUEÑOS PRODUCTORES,No Aplica,NO DEFINIDO,,,2023,Segundo Trimestre,,,,NO APLICA,SGP-PROPOSITO GENERAL-PROPOSITO GENERAL LIBRE INVERSION,,,,,,NO APLICA,,,,,,CON SITUACION DE FONDOS,NO APLICA,NO APLICA,942979.0,942979.0,942979.0
12448102,20210601,218552585,Pupiales,2.3.2.02.02.009,"SERVICIOS PARA LA COMUNIDAD, SOCIALES Y PERSONALES",GASTOS,INVERSION,ADQUISICION DE BIENES Y SERVICIOS,ADQUISICIONES DIFERENTES DE ACTIVOS,ADQUISICION DE SERVICIOS,"SERVICIOS PARA LA COMUNIDAD, SOCIALES Y PERSONALES",No Aplica,No Aplica,No Aplica,No Aplica,VIGENCIA ACTUAL,ENTIDADES TERRITORIALES - ADMINISTRACION CENTRAL,33.01.085 - CULTURA - PROMOCION Y ACCESO EFECTIVO A PROCESOS CULTURALES Y ARTISTICOS - SERVICIOS BIBLIOTECARIOS,2021525850009,NO DEFINIDO,,,2021,Segundo Trimestre,,,,"91114 - SERVICIOS DE PLANIFICACIÓN ECONÓMICA, SOCIAL Y ESTADÍSTICA DE LA ADMINISTRACIÓN PUBLICA",1.2.4.3.02 - SGP-PROPOSITO GENERAL-CULTURA,,,,,,NO APLICA,,,,,,CON SITUACION DE FONDOS,DIRECCION NACIONAL DEL TESORO MINISTERIO DE HACIENDA Y CREDITO PUBLICO,NO DEFINIDO,10733000.0,9000000.0,9000000.0
12466633,20210601,218552585,Pupiales,2.3.2.02.02.009,"SERVICIOS PARA LA COMUNIDAD, SOCIALES Y PERSONALES",GASTOS,INVERSION,ADQUISICION DE BIENES Y SERVICIOS,ADQUISICIONES DIFERENTES DE ACTIVOS,ADQUISICION DE SERVICIOS,"SERVICIOS PARA LA COMUNIDAD, SOCIALES Y PERSONALES",No Aplica,No Aplica,No Aplica,No Aplica,VIGENCIA ACTUAL,ENTIDADES TERRITORIALES - ADMINISTRACION CENTRAL,"40.03.017 - VIVIENDA, CIUDAD Y TERRITORIO - ACCESO DE LA POBLACION A LOS SERVICIOS DE AGUA POTABLE Y SANEAMIENTO BASICO - ACUEDUCTOS OPTIMIZADOS",No Aplica,NO DEFINIDO,,,2021,Segundo Trimestre,,,,"91114 - SERVICIOS DE PLANIFICACIÓN ECONÓMICA, SOCIAL Y ESTADÍSTICA DE LA ADMINISTRACIÓN PUBLICA",1.2.4.6.00 - SGP-AGUA POTABLE Y SANEAMIENTO BASICO,,,,,,NO APLICA,,,,,,CON SITUACION DE FONDOS,DIRECCION NACIONAL DEL TESORO MINISTERIO DE HACIENDA Y CREDITO PUBLICO,NO DEFINIDO,119732620.0,119732620.0,119732620.0
12475216,20210301,218552585,Pupiales,2.3.2.01.01.001.02.11,INSTALACIONES RECREATIVAS,GASTOS,INVERSION,ADQUISICION DE BIENES Y SERVICIOS,ADQUISICION DE ACTIVOS NO FINANCIEROS,ACTIVOS FIJOS,EDIFICACIONES Y ESTRUCTURAS,EDIFICACIONES DISTINTAS A VIVIENDAS,INSTALACIONES RECREATIVAS,No Aplica,No Aplica,VIGENCIA ACTUAL,ENTIDADES TERRITORIALES - ADMINISTRACION CENTRAL,"43.01.012 - DEPORTE Y RECREACION - FOMENTO A LA RECREACION, LA ACTIVIDAD FISICA Y EL DEPORTE PARA DESARROLLAR ENTORNOS DE CONVIVENCIA Y PAZ - PARQUES RECREATIVOS MANTENIDOS",No Aplica,NO DEFINIDO,,,2021,Primer Trimestre,,,,"91114 - SERVICIOS DE PLANIFICACIÓN ECONÓMICA, SOCIAL Y ESTADÍSTICA DE LA ADMINISTRACIÓN PUBLICA",1.2.4.3.01 - SGP-PROPOSITO GENERAL-DEPORTE Y RECREACION,,,,,,NO APLICA,,,,,,CON SITUACION DE FONDOS,DIRECCION NACIONAL DEL TESORO MINISTERIO DE HACIENDA Y CREDITO PUBLICO,NO DEFINIDO,6900000.0,3750000.0,3750000.0
12482670,20210601,218552585,Pupiales,2.1.2.02.01.003,"OTROS BIENES TRANSPORTABLES EXCEPTO PRODUCTOS METALICOS, MAQUINARIA Y EQUIPO",GASTOS,FUNCIONAMIENTO,ADQUISICION DE BIENES Y SERVICIOS,ADQUISICIONES DIFERENTES DE ACTIVOS,MATERIALES Y SUMINISTROS,"OTROS BIENES TRANSPORTABLES EXCEPTO PRODUCTOS METALICOS, MAQUINARIA Y EQUIPO",No Aplica,No Aplica,No Aplica,No Aplica,VIGENCIA ACTUAL,ENTIDADES TERRITORIALES - ADMINISTRACION CENTRAL,NO APLICA,No Aplica,NO DEFINIDO,,,2021,Segundo Trimestre,,,,"91114 - SERVICIOS DE PLANIFICACIÓN ECONÓMICA, SOCIAL Y ESTADÍSTICA DE LA ADMINISTRACIÓN PUBLICA",1.2.1.0.00 - INGRESOS CORRIENTES DE LIBRE DESTINACION,,,,,,NO APLICA,,,,,,CON SITUACION DE FONDOS,NO APLICA,NO DEFINIDO,42493100.0,42493100.0,42493100.0
12501229,20230601,218552585,Pupiales,2.3.3.05.08.001,REGION ADMINISTRATIVA DE PLANIFICACION ESPECIAL-RAPE,GASTOS,INVERSION,TRANSFERENCIAS CORRIENTES,A ENTIDADES DEL GOBIERNO,A ESQUEMAS ASOCIATIVOS,REGION ADMINISTRATIVA DE PLANIFICACION ESPECIAL-RAPE,No Aplica,No Aplica,No Aplica,No Aplica,VIGENCIA ACTUAL,ENTIDADES TERRITORIALES - ADMINISTRACION CENTRAL,SERVICIO APOYO FINANCIERO PARA LA IMPLEMENTACION DE ESQUEMAS DE PAGO POR SERVICIO AMBIENTALES,No Aplica,NO DEFINIDO,,,2023,Segundo Trimestre,,,,NO APLICA,SOBRETASA - PARTICIPACION AMBIENTAL - CORPORACIONES AUTONOMAS REGIONALES,,,,,,NO APLICA,,,,,,CON SITUACION DE FONDOS,CORPORACION AUTONOMA REGIONAL DE NARIÑO,NO APLICA,35327016.0,35327016.0,35327016.0
12510348,20210901,218552585,Pupiales,2.3.2.02.02.009,"SERVICIOS PARA LA COMUNIDAD, SOCIALES Y PERSONALES",GASTOS,INVERSION,ADQUISICION DE BIENES Y SERVICIOS,ADQUISICIONES DIFERENTES DE ACTIVOS,ADQUISICION DE SERVICIOS,"SERVICIOS PARA LA COMUNIDAD, SOCIALES Y PERSONALES",No Aplica,No Aplica,No Aplica,No Aplica,VIGENCIA ACTUAL,ENTIDADES TERRITORIALES - ADMINISTRACION CENTRAL,"41.01.014 - INCLUSION SOCIAL Y RECONCILIACION - ATENCION, ASISTENCIA  Y REPARACION INTEGRAL A LAS VICTIMAS - SERVICIO DE CARACTERIZACION DE LA POBLACION VICTIMA PARA SU POSTERIOR ATENCION, ASISTENCIA",2021525850005,NO DEFINIDO,,,2021,Tercer Trimestre,,,,"91114 - SERVICIOS DE PLANIFICACIÓN ECONÓMICA, SOCIAL Y ESTADÍSTICA DE LA ADMINISTRACIÓN PUBLICA",1.2.4.3.03 - SGP-PROPOSITO GENERAL-PROPOSITO GENERAL LIBRE INVERSION,,,,,,NO APLICA,,,,,,CON SITUACION DE FONDOS,DIRECCION NACIONAL DEL TESORO MINISTERIO DE HACIENDA Y CREDITO PUBLICO,NO DEFINIDO,37850000.0,28110000.0,28110000.0
12514099,20210901,218552585,Pupiales,2.3.2.02.02.009,"SERVICIOS PARA LA COMUNIDAD, SOCIALES Y PERSONALES",GASTOS,INVERSION,ADQUISICION DE BIENES Y SERVICIOS,ADQUISICIONES DIFERENTES DE ACTIVOS,ADQUISICION DE SERVICIOS,"SERVICIOS PARA LA COMUNIDAD, SOCIALES Y PERSONALES",No Aplica,No Aplica,No Aplica,No Aplica,VIGENCIA ACTUAL,ENTIDADES TERRITORIALES - ADMINISTRACION CENTRAL,"43.01.032 - DEPORTE Y RECREACION - FOMENTO A LA RECREACION, LA ACTIVIDAD FISICA Y EL DEPORTE PARA DESARROLLAR ENTORNOS DE CONVIVENCIA Y PAZ - SERVICIO DE ORGANIZACION DE EVENTOS DEPORTIVOS COMUNITARIO",No Aplica,NO DEFINIDO,,,2021,Tercer Trimestre,,,,"91114 - SERVICIOS DE PLANIFICACIÓN ECONÓMICA, SOCIAL Y ESTADÍSTICA DE LA ADMINISTRACIÓN PUBLICA",1.2.4.3.03 - SGP-PROPOSITO GENERAL-PROPOSITO GENERAL LIBRE INVERSION,,,,,,NO APLICA,,,,,,CON SITUACION DE FONDOS,DIRECCION NACIONAL DEL TESORO MINISTERIO DE HACIENDA Y CREDITO PUBLICO,NO DEFINIDO,18617000.0,11419368.0,11419368.0
12547976,20210901,218552585,Pupiales,2.3.2.02.02.009,"SERVICIOS PARA LA COMUNIDAD, SOCIALES Y PERSONALES",GASTOS,INVERSION,ADQUISICION DE BIENES Y SERVICIOS,ADQUISICIONES DIFERENTES DE ACTIVOS,ADQUISICION DE SERVICIOS,"SERVICIOS PARA LA COMUNIDAD, SOCIALES Y PERSONALES",No Aplica,No Aplica,No Aplica,No Aplica,VIGENCIA ACTUAL,ENTIDADES TERRITORIALES - ADMINISTRACION CENTRAL,19.06.004 - SALUD Y PROTECCION SOCIAL - ASEGURAMIENTO Y PRESTACION INTEGRAL DE SERVICIOS DE SALUD - SERVICIO DE ATENCION EN SALUD A LA POBLACION,2021525850017,NO DEFINIDO,,,2021,Tercer Trimestre,,,,"91114 - SERVICIOS DE PLANIFICACIÓN ECONÓMICA, SOCIAL Y ESTADÍSTICA DE LA ADMINISTRACIÓN PUBLICA",1.2.4.2.02 - SGP-SALUD-SALUD PUBLICA,,,,,,NO APLICA,,,,,,CON SITUACION DE FONDOS,DIRECCION NACIONAL DEL TESORO MINISTERIO DE HACIENDA Y CREDITO PUBLICO,NO DEFINIDO,180694669.0,66974416.0,66974416.0
12553763,20210601,218552585,Pupiales,2.3.2.01.01.003.02.08,OTRA MAQUINARIA PARA USOS ESPECIALES Y SUS PARTES Y PIEZAS,GASTOS,INVERSION,ADQUISICION DE BIENES Y SERVICIOS,ADQUISICION DE ACTIVOS NO FINANCIEROS,ACTIVOS FIJOS,MAQUINARIA Y EQUIPO,MAQUINARIA PARA USOS ESPECIALES,OTRA MAQUINARIA PARA USOS ESPECIALES Y SUS PARTES Y PIEZAS,No Aplica,No Aplica,VIGENCIA ACTUAL,ENTIDADES TERRITORIALES - ADMINISTRACION CENTRAL,24.02.107 - TRANSPORTE - INFRAESTRUCTURA RED VIAL REGIONAL - SERVICIO DE ASISTENCIA TECNICA EN INFRAESTRUCTURA Y SERVICIO DE LA RED VIAL REGIONAL,No Aplica,NO DEFINIDO,,,2021,Segundo Trimestre,,,,"91114 - SERVICIOS DE PLANIFICACIÓN ECONÓMICA, SOCIAL Y ESTADÍSTICA DE LA ADMINISTRACIÓN PUBLICA",1.2.4.3.03 - SGP-PROPOSITO GENERAL-PROPOSITO GENERAL LIBRE INVERSION,,,,,,NO APLICA,,,,,,CON SITUACION DE FONDOS,DIRECCION NACIONAL DEL TESORO MINISTERIO DE HACIENDA Y CREDITO PUBLICO,NO DEFINIDO,1889000000.0,0.0,0.0
12556899,20210301,218552585,Pupiales,2.3.2.02.02.006,"COMERCIO Y DISTRIBUCION; ALOJAMIENTO; SERVICIOS DE SUMINISTRO DE COMIDAS Y BEBIDAS; SERVICIOS DE TRANSPORTE; Y SERVICIOS DE DISTRIBUCION DE ELECTRICIDAD, GAS Y AGUA",GASTOS,INVERSION,ADQUISICION DE BIENES Y SERVICIOS,ADQUISICIONES DIFERENTES DE ACTIVOS,ADQUISICION DE SERVICIOS,"COMERCIO Y DISTRIBUCION; ALOJAMIENTO; SERVICIOS DE SUMINISTRO DE COMIDAS Y BEBIDAS; SERVICIOS DE TRANSPORTE; Y SERVICIOS DE DISTRIBUCION DE ELECTRICIDAD, GAS Y AGUA",No Aplica,No Aplica,No Aplica,No Aplica,VIGENCIA ACTUAL,ENTIDADES TERRITORIALES - ADMINISTRACION CENTRAL,"22.01.062 - EDUCACION - CALIDAD, COBERTURA Y FORTALECIMIENTO DE LA EDUCACION INICIAL, PRESCOLAR, BASICA Y MEDIA - INFRAESTRUCTURA EDUCATIVA MANTENIDA",No Aplica,NO DEFINIDO,,,2021,Primer Trimestre,,,,"91114 - SERVICIOS DE PLANIFICACIÓN ECONÓMICA, SOCIAL Y ESTADÍSTICA DE LA ADMINISTRACIÓN PUBLICA",1.2.4.1.03 - SGP-EDUCACION-CALIDAD  POR MATRICULA OFICIAL,,,,,,NO APLICA,,,,,,CON SITUACION DE FONDOS,DIRECCION NACIONAL DEL TESORO MINISTERIO DE HACIENDA Y CREDITO PUBLICO,NO DEFINIDO,2219610.0,2219610.0,2219610.0
12562286,20230301,218552585,Pupiales,2.1.3.05.04.001.13.01,TRANSFERENCIA DE LA SOBRETASA AMBIENTAL A LAS CORPORACIONES AUTONOMAS REGIONALES,GASTOS,FUNCIONAMIENTO,TRANSFERENCIAS CORRIENTES,A ENTIDADES DEL GOBIERNO,PARTICIPACIONES DISTINTAS DEL SGP,PARTICIPACIONES DE IMPUESTOS,PARTICIPACION DE LA SOBRETASA AMBIENTAL,TRANSFERENCIA DE LA SOBRETASA AMBIENTAL A LAS CORPORACIONES AUTONOMAS REGIONALES,No Aplica,No Aplica,VIGENCIA ACTUAL,ENTIDADES TERRITORIALES - ADMINISTRACION CENTRAL,NO APLICA,No Aplica,NO DEFINIDO,,,2023,Primer Trimestre,,,,NO APLICA,SOBRETASA - PARTICIPACION AMBIENTAL - CORPORACIONES AUTONOMAS REGIONALES,,,,,,NO APLICA,,,,,,CON SITUACION DE FONDOS,CORPORACION AUTONOMA REGIONAL DE NARIÑO,NO APLICA,4504385.0,4504385.0,2158679.0
12627297,20210901,218552585,Pupiales,2.3.2.02.02.009,"SERVICIOS PARA LA COMUNIDAD, SOCIALES Y PERSONALES",GASTOS,INVERSION,ADQUISICION DE BIENES Y SERVICIOS,ADQUISICIONES DIFERENTES DE ACTIVOS,ADQUISICION DE SERVICIOS,"SERVICIOS PARA LA COMUNIDAD, SOCIALES Y PERSONALES",No Aplica,No Aplica,No Aplica,No Aplica,VIGENCIA ACTUAL,ENTIDADES TERRITORIALES - ADMINISTRACION CENTRAL,32.01.004 - AMBIENTE Y DESARROLLO SOSTENIBLE - FORTALECIMIENTO DEL DESEMPEÑO AMBIENTAL DE LOS SECTORES PRODUCTIVOS - SERVICIO DE ASISTENCIA TECNICA EN EL MARCO DE LA FORMULACION E IMPLEMENTACION DE PR,No Aplica,NO DEFINIDO,,,2021,Tercer Trimestre,,,,"91114 - SERVICIOS DE PLANIFICACIÓN ECONÓMICA, SOCIAL Y ESTADÍSTICA DE LA ADMINISTRACIÓN PUBLICA",1.2.4.6.00 - SGP-AGUA POTABLE Y SANEAMIENTO BASICO,,,,,,NO APLICA,,,,,,CON SITUACION DE FONDOS,DIRECCION NACIONAL DEL TESORO MINISTERIO DE HACIENDA Y CREDITO PUBLICO,NO DEFINIDO,149732620.0,149732620.0,149732620.0
12631756,20230601,218552585,Pupiales,2.3.1.01.02.002,APORTES A LA SEGURIDAD SOCIAL EN SALUD,GASTOS,INVERSION,GASTOS DE PERSONAL,PLANTA DE PERSONAL PERMANENTE,CONTRIBUCIONES INHERENTES A LA NOMINA,APORTES A LA SEGURIDAD SOCIAL EN SALUD,No Aplica,No Aplica,No Aplica,No Aplica,VIGENCIA ACTUAL,ENTIDADES TERRITORIALES - ADMINISTRACION CENTRAL,SERVICIO DE ASISTENCIA TECNICA AGROPECUARIA DIRIGIDA A PEQUEÑOS PRODUCTORES,No Aplica,NO DEFINIDO,,,2023,Segundo Trimestre,,,,NO APLICA,"SGP-PROPOSITO GENERAL-LIBRE DESTINACION MUNICIPIOS CATEGORIAS 4, 5 Y 6",,,,,,NO APLICA,,,,,,CON SITUACION DE FONDOS,NO APLICA,NO APLICA,201810.0,201810.0,201810.0
12632572,20230301,218552585,Pupiales,2.3.2.02.02.009,"SERVICIOS PARA LA COMUNIDAD, SOCIALES Y PERSONALES",GASTOS,INVERSION,ADQUISICION DE BIENES Y SERVICIOS,ADQUISICIONES DIFERENTES DE ACTIVOS,ADQUISICION DE SERVICIOS,"SERVICIOS PARA LA COMUNIDAD, SOCIALES Y PERSONALES",No Aplica,No Aplica,No Aplica,No Aplica,VIGENCIA ACTUAL,ENTIDADES TERRITORIALES - ADMINISTRACION CENTRAL,SERVICIO DE APOYO FINANCIERO PARA PROYECTOS DE CONVIVENCIA Y SEGURIDAD CIUDADANA,No Aplica,NO DEFINIDO,,,2023,Primer Trimestre,,,,SERVICIOS DE LA ADMINISTRACION PUBLICA RELACIONADOS CON LA ENERGIA Y LOS COMBUSTIBLES,IMPUESTO DE TRANSPORTE POR OLEODUCTOS Y GASODUCTOS,,,,,,NO APLICA,,,,,,CON SITUACION DE FONDOS,E.S.P. CENTRALES ELECTRICAS DE NARIÑO S.A.,NO APLICA,1196225.0,1196225.0,1196225.0
12648326,20210301,218552585,Pupiales,2.3.2.02.02.009,"SERVICIOS PARA LA COMUNIDAD, SOCIALES Y PERSONALES",GASTOS,INVERSION,ADQUISICION DE BIENES Y SERVICIOS,ADQUISICIONES DIFERENTES DE ACTIVOS,ADQUISICION DE SERVICIOS,"SERVICIOS PARA LA COMUNIDAD, SOCIALES Y PERSONALES",No Aplica,No Aplica,No Aplica,No Aplica,VIGENCIA ACTUAL,ENTIDADES TERRITORIALES - ADMINISTRACION CENTRAL,"12.05.001 - JUSTICIA Y DEL DERECHO - DEFENSA JURIDICA DEL ESTADO - SERVICIO DE ASISTENCIA TECNICA A LAS ENTIDADES EN MATERIA DE DEFENSA JURIDICA, GERENCIA JURIDICA PUBLICA, SOLUCION AMISTOSA DE CONFLI",2021525850008,NO DEFINIDO,,,2021,Primer Trimestre,,,,"91114 - SERVICIOS DE PLANIFICACIÓN ECONÓMICA, SOCIAL Y ESTADÍSTICA DE LA ADMINISTRACIÓN PUBLICA",1.2.4.3.03 - SGP-PROPOSITO GENERAL-PROPOSITO GENERAL LIBRE INVERSION,,,,,,NO APLICA,,,,,,CON SITUACION DE FONDOS,DIRECCION NACIONAL DEL TESORO MINISTERIO DE HACIENDA Y CREDITO PUBLICO,NO DEFINIDO,15600000.0,7800000.0,7800000.0
12676488,20230601,218552585,Pupiales,2.3.3.05.07.013,TRANSFERIR A LAS ENTIDADES TERRITORIALES PARA APOYAR LA OPERACION DEL PROGRAMA DE ALIMENTACION ESCOLAR,GASTOS,INVERSION,TRANSFERENCIAS CORRIENTES,A ENTIDADES DEL GOBIERNO,A ENTIDADES TERRITORIALES DISTINTAS DE COMPENSACIONES Y PARTICIPACIONES,TRANSFERIR A LAS ENTIDADES TERRITORIALES PARA APOYAR LA OPERACION DEL PROGRAMA DE ALIMENTACION ESCOLAR,No Aplica,No Aplica,No Aplica,No Aplica,VIGENCIA ACTUAL,ENTIDADES TERRITORIALES - ADMINISTRACION CENTRAL,SERVICIO DE APOYO A LA PERMANENCIA CON ALIMENTACION ESCOLAR,No Aplica,NO DEFINIDO,,,2023,Segundo Trimestre,,,,NO APLICA,SGP-ASIGNACION ESPECIAL-PROGRAMAS DE ALIMENTACION ESCOLAR,,,,,,NO APLICA,,,,,,CON SITUACION DE FONDOS,DEPARTAMENTO DE NARIÑO,NO APLICA,67204347.0,22663269.0,22663269.0
12680197,20210901,218552585,Pupiales,2.3.2.01.01.001.02.11,INSTALACIONES RECREATIVAS,GASTOS,INVERSION,ADQUISICION DE BIENES Y SERVICIOS,ADQUISICION DE ACTIVOS NO FINANCIEROS,ACTIVOS FIJOS,EDIFICACIONES Y ESTRUCTURAS,EDIFICACIONES DISTINTAS A VIVIENDAS,INSTALACIONES RECREATIVAS,No Aplica,No Aplica,VIGENCIA ACTUAL,ENTIDADES TERRITORIALES - ADMINISTRACION CENTRAL,"43.01.012 - DEPORTE Y RECREACION - FOMENTO A LA RECREACION, LA ACTIVIDAD FISICA Y EL DEPORTE PARA DESARROLLAR ENTORNOS DE CONVIVENCIA Y PAZ - PARQUES RECREATIVOS MANTENIDOS",No Aplica,NO DEFINIDO,,,2021,Tercer Trimestre,,,,"91114 - SERVICIOS DE PLANIFICACIÓN ECONÓMICA, SOCIAL Y ESTADÍSTICA DE LA ADMINISTRACIÓN PUBLICA",1.2.4.3.01 - SGP-PROPOSITO GENERAL-DEPORTE Y RECREACION,,,,,,NO APLICA,,,,,,CON SITUACION DE FONDOS,DIRECCION NACIONAL DEL TESORO MINISTERIO DE HACIENDA Y CREDITO PUBLICO,NO DEFINIDO,13800000.0,9200000.0,9200000.0
12694969,20210301,218552585,Pupiales,2.3.2.02.02.009,"SERVICIOS PARA LA COMUNIDAD, SOCIALES Y PERSONALES",GASTOS,INVERSION,ADQUISICION DE BIENES Y SERVICIOS,ADQUISICIONES DIFERENTES DE ACTIVOS,ADQUISICION DE SERVICIOS,"SERVICIOS PARA LA COMUNIDAD, SOCIALES Y PERSONALES",No Aplica,No Aplica,No Aplica,No Aplica,VIGENCIA ACTUAL,ENTIDADES TERRITORIALES - ADMINISTRACION CENTRAL,12.02.007 - JUSTICIA Y DEL DERECHO -  PROMOCION AL ACCESO A LA JUSTICIA - SERVICIO DE INFORMACION PARA ORIENTAR AL CIUDADANO EN EL ACCESO A LA JUSTICIA,No Aplica,NO DEFINIDO,,,2021,Primer Trimestre,,,,"91114 - SERVICIOS DE PLANIFICACIÓN ECONÓMICA, SOCIAL Y ESTADÍSTICA DE LA ADMINISTRACIÓN PUBLICA",1.2.4.3.03 - SGP-PROPOSITO GENERAL-PROPOSITO GENERAL LIBRE INVERSION,,,,,,NO APLICA,,,,,,CON SITUACION DE FONDOS,DIRECCION NACIONAL DEL TESORO MINISTERIO DE HACIENDA Y CREDITO PUBLICO,NO DEFINIDO,19950000.0,8450000.0,3100000.0
12702284,20210901,218552585,Pupiales,2.3.2.01.01.001.02.04,EDIFICIOS PUBLICOS DE ENTRETENIMIENTO,GASTOS,INVERSION,ADQUISICION DE BIENES Y SERVICIOS,ADQUISICION DE ACTIVOS NO FINANCIEROS,ACTIVOS FIJOS,EDIFICACIONES Y ESTRUCTURAS,EDIFICACIONES DISTINTAS A VIVIENDAS,EDIFICIOS PUBLICOS DE ENTRETENIMIENTO,No Aplica,No Aplica,VIGENCIA ACTUAL,ENTIDADES TERRITORIALES - ADMINISTRACION CENTRAL,41.04.001 - INCLUSION SOCIAL Y RECONCILIACION - ATENCION INTEGRAL DE POBLACION EN SITUACION PERMANENTE DE DESPROTECCION SOCIAL Y/O FAMILIAR - CENTROS DE PROTECCION SOCIAL PARA EL ADULTO MAYOR CONSTRUI,No Aplica,NO DEFINIDO,,,2021,Tercer Trimestre,,,,"91114 - SERVICIOS DE PLANIFICACIÓN ECONÓMICA, SOCIAL Y ESTADÍSTICA DE LA ADMINISTRACIÓN PUBLICA",1.2.3.1.19 - ESTAMPILLAS,,,,,,NO APLICA,,,,,,CON SITUACION DE FONDOS,NO APLICA,NO DEFINIDO,24420000.0,13600000.0,13600000.0
12709289,20210901,218552585,Pupiales,2.3.2.02.02.009,"SERVICIOS PARA LA COMUNIDAD, SOCIALES Y PERSONALES",GASTOS,INVERSION,ADQUISICION DE BIENES Y SERVICIOS,ADQUISICIONES DIFERENTES DE ACTIVOS,ADQUISICION DE SERVICIOS,"SERVICIOS PARA LA COMUNIDAD, SOCIALES Y PERSONALES",No Aplica,No Aplica,No Aplica,No Aplica,VIGENCIA ACTUAL,ENTIDADES TERRITORIALES - ADMINISTRACION CENTRAL,"40.03.047 - VIVIENDA, CIUDAD Y TERRITORIO - ACCESO DE LA POBLACION A LOS SERVICIOS DE AGUA POTABLE Y SANEAMIENTO BASICO - SERVICIO DE APOYO FINANCIERO PARA SUBSIDIOS AL CONSUMO EN LOS SERVICIOS PUBLIC",2021525850008,NO DEFINIDO,,,2021,Tercer Trimestre,,,,"91114 - SERVICIOS DE PLANIFICACIÓN ECONÓMICA, SOCIAL Y ESTADÍSTICA DE LA ADMINISTRACIÓN PUBLICA",1.2.4.3.03 - SGP-PROPOSITO GENERAL-PROPOSITO GENERAL LIBRE INVERSION,,,,,,NO APLICA,,,,,,CON SITUACION DE FONDOS,DIRECCION NACIONAL DEL TESORO MINISTERIO DE HACIENDA Y CREDITO PUBLICO,NO DEFINIDO,137450812.0,97944773.0,95506831.0
12724666,20230301,218552585,Pupiales,2.3.2.02.02.009,"SERVICIOS PARA LA COMUNIDAD, SOCIALES Y PERSONALES",GASTOS,INVERSION,ADQUISICION DE BIENES Y SERVICIOS,ADQUISICIONES DIFERENTES DE ACTIVOS,ADQUISICION DE SERVICIOS,"SERVICIOS PARA LA COMUNIDAD, SOCIALES Y PERSONALES",No Aplica,No Aplica,No Aplica,No Aplica,VIGENCIA ACTUAL,ENTIDADES TERRITORIALES - ADMINISTRACION CENTRAL,SERVICIO DE GESTION TERRITORIAL PARA ATENCION EN SALUD -PANDEMIAS- A POBLACION AFECTADA POR EMERGENCIAS O DESASTRES,No Aplica,NO DEFINIDO,,,2023,Primer Trimestre,,,,SERVICIOS DE LA ADMINISTRACION PUBLICA RELACIONADOS CON LA SALUD,SGP-SALUD-SALUD PUBLICA,,,,,,NO APLICA,,,,,,CON SITUACION DE FONDOS,E.S.E. CENTRO DE SALUD SAN ISIDRO - EL PEÑOL NARIÑO,NO APLICA,59300000.0,0.0,0.0
12731454,20210301,218552585,Pupiales,2.3.2.02.02.009,"SERVICIOS PARA LA COMUNIDAD, SOCIALES Y PERSONALES",GASTOS,INVERSION,ADQUISICION DE BIENES Y SERVICIOS,ADQUISICIONES DIFERENTES DE ACTIVOS,ADQUISICION DE SERVICIOS,"SERVICIOS PARA LA COMUNIDAD, SOCIALES Y PERSONALES",No Aplica,No Aplica,No Aplica,No Aplica,VIGENCIA ACTUAL,ENTIDADES TERRITORIALES - ADMINISTRACION CENTRAL,12.02.002 - JUSTICIA Y DEL DERECHO -  PROMOCION AL ACCESO A LA JUSTICIA - SERVICIO DE JUSTICIA A LOS CIUDADANOS,No Aplica,NO DEFINIDO,,,2021,Primer Trimestre,,,,"91114 - SERVICIOS DE PLANIFICACIÓN ECONÓMICA, SOCIAL Y ESTADÍSTICA DE LA ADMINISTRACIÓN PUBLICA",1.2.4.3.03 - SGP-PROPOSITO GENERAL-PROPOSITO GENERAL LIBRE INVERSION,,,,,,NO APLICA,,,,,,CON SITUACION DE FONDOS,DIRECCION NACIONAL DEL TESORO MINISTERIO DE HACIENDA Y CREDITO PUBLICO,NO DEFINIDO,17700000.0,7080000.0,7080000.0
12738569,20210601,218552585,Pupiales,2.3.2.02.02.009,"SERVICIOS PARA LA COMUNIDAD, SOCIALES Y PERSONALES",GASTOS,INVERSION,ADQUISICION DE BIENES Y SERVICIOS,ADQUISICIONES DIFERENTES DE ACTIVOS,ADQUISICION DE SERVICIOS,"SERVICIOS PARA LA COMUNIDAD, SOCIALES Y PERSONALES",No Aplica,No Aplica,No Aplica,No Aplica,VIGENCIA ACTUAL,ENTIDADES TERRITORIALES - ADMINISTRACION CENTRAL,19.06.004 - SALUD Y PROTECCION SOCIAL - ASEGURAMIENTO Y PRESTACION INTEGRAL DE SERVICIOS DE SALUD - SERVICIO DE ATENCION EN SALUD A LA POBLACION,No Aplica,NO DEFINIDO,,,2021,Segundo Trimestre,,,,"91114 - SERVICIOS DE PLANIFICACIÓN ECONÓMICA, SOCIAL Y ESTADÍSTICA DE LA ADMINISTRACIÓN PUBLICA",1.3.1.1.07 - TRANSFERENCIAS DE CAPITAL DE OTRAS ENTIDADES DEL GOBIERNO GENERAL,,,,,,NO APLICA,,,,,,SIN SITUACION DE FONDOS,MINISTERIO DE SALUD Y PROTECCION SOCIAL,NO DEFINIDO,4850530100.0,4850530100.0,4850530100.0
12753738,20210901,218552585,Pupiales,2.3.2.02.02.009,"SERVICIOS PARA LA COMUNIDAD, SOCIALES Y PERSONALES",GASTOS,INVERSION,ADQUISICION DE BIENES Y SERVICIOS,ADQUISICIONES DIFERENTES DE ACTIVOS,ADQUISICION DE SERVICIOS,"SERVICIOS PARA LA COMUNIDAD, SOCIALES Y PERSONALES",No Aplica,No Aplica,No Aplica,No Aplica,VIGENCIA ACTUAL,ENTIDADES TERRITORIALES - ADMINISTRACION CENTRAL,NO APLICA,2021525850003,NO DEFINIDO,,,2021,Tercer Trimestre,,,,"91114 - SERVICIOS DE PLANIFICACIÓN ECONÓMICA, SOCIAL Y ESTADÍSTICA DE LA ADMINISTRACIÓN PUBLICA",1.2.4.3.03 - SGP-PROPOSITO GENERAL-PROPOSITO GENERAL LIBRE INVERSION,,,,,,NO APLICA,,,,,,CON SITUACION DE FONDOS,DIRECCION NACIONAL DEL TESORO MINISTERIO DE HACIENDA Y CREDITO PUBLICO,NO DEFINIDO,399981600.0,302796600.0,302796600.0
12757204,20210601,218552585,Pupiales,2.3.2.02.02.009,"SERVICIOS PARA LA COMUNIDAD, SOCIALES Y PERSONALES",GASTOS,INVERSION,ADQUISICION DE BIENES Y SERVICIOS,ADQUISICIONES DIFERENTES DE ACTIVOS,ADQUISICION DE SERVICIOS,"SERVICIOS PARA LA COMUNIDAD, SOCIALES Y PERSONALES",No Aplica,No Aplica,No Aplica,No Aplica,VIGENCIA ACTUAL,ENTIDADES TERRITORIALES - ADMINISTRACION CENTRAL,NO APLICA,No Aplica,NO DEFINIDO,,,2021,Segundo Trimestre,,,,"91114 - SERVICIOS DE PLANIFICACIÓN ECONÓMICA, SOCIAL Y ESTADÍSTICA DE LA ADMINISTRACIÓN PUBLICA",1.2.3.1.01 - SOBRETASA / PARTICIPACION AMBIENTAL - CORPORACIONES AUTONOMAS REGIONALES,,,,,,NO APLICA,,,,,,CON SITUACION DE FONDOS,NO APLICA,NO DEFINIDO,32467529.0,32467529.0,32467529.0
12760197,20210301,218552585,Pupiales,2.3.2.02.02.009,"SERVICIOS PARA LA COMUNIDAD, SOCIALES Y PERSONALES",GASTOS,INVERSION,ADQUISICION DE BIENES Y SERVICIOS,ADQUISICIONES DIFERENTES DE ACTIVOS,ADQUISICION DE SERVICIOS,"SERVICIOS PARA LA COMUNIDAD, SOCIALES Y PERSONALES",No Aplica,No Aplica,No Aplica,No Aplica,VIGENCIA ACTUAL,ENTIDADES TERRITORIALES - ADMINISTRACION CENTRAL,36.01.009 - TRABAJO - PROTECCION SOCIAL - SERVICIO DE DIVULGACION SOBRE EL SISTEMA GENERAL DE PENSIONES Y CAJAS DE COMPENSACION,No Aplica,NO DEFINIDO,,,2021,Primer Trimestre,,,,"91114 - SERVICIOS DE PLANIFICACIÓN ECONÓMICA, SOCIAL Y ESTADÍSTICA DE LA ADMINISTRACIÓN PUBLICA",1.2.3.1.19 - ESTAMPILLAS,,,,,,NO APLICA,,,,,,CON SITUACION DE FONDOS,NO APLICA,NO DEFINIDO,9085260.0,9085260.0,9085260.0
12761929,20210301,218552585,Pupiales,2.3.2.01.01.001.01.01,EDIFICIOS UTILIZADOS PARA RESIDENCIA,GASTOS,INVERSION,ADQUISICION DE BIENES Y SERVICIOS,ADQUISICION DE ACTIVOS NO FINANCIEROS,ACTIVOS FIJOS,EDIFICACIONES Y ESTRUCTURAS,VIVIENDAS,EDIFICIOS UTILIZADOS PARA RESIDENCIA,No Aplica,No Aplica,VIGENCIA ACTUAL,ENTIDADES TERRITORIALES - ADMINISTRACION CENTRAL,"40.02.038 - VIVIENDA, CIUDAD Y TERRITORIO - ORDENAMIENTO TERRITORIAL Y DESARROLLO URBANO - SERVICIO DE APOYO FINANCIERO PARA LA RELOCALIZACION TRANSITORIA DE HOGARES",No Aplica,NO DEFINIDO,,,2021,Primer Trimestre,,,,"91114 - SERVICIOS DE PLANIFICACIÓN ECONÓMICA, SOCIAL Y ESTADÍSTICA DE LA ADMINISTRACIÓN PUBLICA",1.2.4.3.03 - SGP-PROPOSITO GENERAL-PROPOSITO GENERAL LIBRE INVERSION,,,,,,NO APLICA,,,,,,CON SITUACION DE FONDOS,DIRECCION NACIONAL DEL TESORO MINISTERIO DE HACIENDA Y CREDITO PUBLICO,NO DEFINIDO,21197071.0,0.0,0.0
12772693,20210901,218552585,Pupiales,2.3.2.02.02.005,CONSTRUCCION Y SERVICIOS DE LA CONSTRUCCION,GASTOS,INVERSION,ADQUISICION DE BIENES Y SERVICIOS,ADQUISICIONES DIFERENTES DE ACTIVOS,ADQUISICION DE SERVICIOS,CONSTRUCCION Y SERVICIOS DE LA CONSTRUCCION,No Aplica,No Aplica,No Aplica,No Aplica,VIGENCIA ACTUAL,ENTIDADES TERRITORIALES - ADMINISTRACION CENTRAL,"40.03.008 - VIVIENDA, CIUDAD Y TERRITORIO - ACCESO DE LA POBLACION A LOS SERVICIOS DE AGUA POTABLE Y SANEAMIENTO BASICO - SERVICIO DE APOYO FINANCIERO A LOS PLANES, PROGRAMAS Y PROYECTOS DE AGUA POTAB",No Aplica,NO DEFINIDO,,,2021,Tercer Trimestre,,,,"91114 - SERVICIOS DE PLANIFICACIÓN ECONÓMICA, SOCIAL Y ESTADÍSTICA DE LA ADMINISTRACIÓN PUBLICA",1.2.4.6.00 - SGP-AGUA POTABLE Y SANEAMIENTO BASICO,,,,,,NO APLICA,,,,,,CON SITUACION DE FONDOS,NO APLICA,NO DEFINIDO,245974004.0,184480506.0,184480506.0
12783340,20210901,218552585,Pupiales,2.3.4.03,COMPENSACIONES DE CAPITAL,GASTOS,INVERSION,TRANSFERENCIAS DE CAPITAL,COMPENSACIONES DE CAPITAL,No Aplica,No Aplica,No Aplica,No Aplica,No Aplica,No Aplica,VIGENCIA ACTUAL,ENTIDADES TERRITORIALES - ADMINISTRACION CENTRAL,17.02.010 - AGRICULTURA Y DESARROLLO RURAL - INCLUSION PRODUCTIVA DE PEQUEÑOS PRODUCTORES RURALES - SERVICIO DE ASISTENCIA TECNICA AGROPECUARIA DIRIGIDA A PEQUEÑOS PRODUCTORES,No Aplica,NO DEFINIDO,,,2021,Tercer Trimestre,,,,NO APLICA,1.2.1.0.00 - INGRESOS CORRIENTES DE LIBRE DESTINACION,,,,,,NO APLICA,,,,,,CON SITUACION DE FONDOS,NO APLICA,NO DEFINIDO,24371460.0,24371460.0,24371460.0
12790700,20210601,218552585,Pupiales,2.3.2.02.02.009,"SERVICIOS PARA LA COMUNIDAD, SOCIALES Y PERSONALES",GASTOS,INVERSION,ADQUISICION DE BIENES Y SERVICIOS,ADQUISICIONES DIFERENTES DE ACTIVOS,ADQUISICION DE SERVICIOS,"SERVICIOS PARA LA COMUNIDAD, SOCIALES Y PERSONALES",No Aplica,No Aplica,No Aplica,No Aplica,VIGENCIA ACTUAL,ENTIDADES TERRITORIALES - ADMINISTRACION CENTRAL,45.99.029 - GOBIERNO TERRITORIAL - FORTALECIMIENTO A LA GESTION Y DIRECCION DE LA ADMINISTRACION PUBLICA TERRITORIAL - SERVICIO DE INTEGRACION DE LA OFERTA PUBLICA,2021525850009,NO DEFINIDO,,,2021,Segundo Trimestre,,,,"91114 - SERVICIOS DE PLANIFICACIÓN ECONÓMICA, SOCIAL Y ESTADÍSTICA DE LA ADMINISTRACIÓN PUBLICA",1.2.4.3.03 - SGP-PROPOSITO GENERAL-PROPOSITO GENERAL LIBRE INVERSION,,,,,,NO APLICA,,,,,,CON SITUACION DE FONDOS,DIRECCION NACIONAL DEL TESORO MINISTERIO DE HACIENDA Y CREDITO PUBLICO,NO DEFINIDO,44000000.0,25000000.0,25000000.0
12794221,20230301,218552585,Pupiales,2.1.2.02.02.006,"COMERCIO Y DISTRIBUCION; ALOJAMIENTO; SERVICIOS DE SUMINISTRO DE COMIDAS Y BEBIDAS; SERVICIOS DE TRANSPORTE; Y SERVICIOS DE DISTRIBUCION DE ELECTRICIDAD, GAS Y AGUA",GASTOS,FUNCIONAMIENTO,ADQUISICION DE BIENES Y SERVICIOS,ADQUISICIONES DIFERENTES DE ACTIVOS,ADQUISICION DE SERVICIOS,"COMERCIO Y DISTRIBUCION; ALOJAMIENTO; SERVICIOS DE SUMINISTRO DE COMIDAS Y BEBIDAS; SERVICIOS DE TRANSPORTE; Y SERVICIOS DE DISTRIBUCION DE ELECTRICIDAD, GAS Y AGUA",No Aplica,No Aplica,No Aplica,No Aplica,VIGENCIA ACTUAL,ENTIDADES TERRITORIALES - ADMINISTRACION CENTRAL,NO APLICA,No Aplica,NO DEFINIDO,,,2023,Primer Trimestre,,,,COMERCIO AL POR MENOR DE OTROS PRODUCTOS N C P POR INTERNET O CORREO,"SGP-PROPOSITO GENERAL-LIBRE DESTINACION MUNICIPIOS CATEGORIAS 4, 5 Y 6",,,,,,NO APLICA,,,,,,CON SITUACION DE FONDOS,E.S.P. CENTRALES ELECTRICAS DE NARIÑO S.A.,NO APLICA,50000000.0,26522370.0,26522370.0
12825455,20210901,218552585,Pupiales,2.3.2.01.01.004.01.01.01,ASIENTOS,GASTOS,INVERSION,ADQUISICION DE BIENES Y SERVICIOS,ADQUISICION DE ACTIVOS NO FINANCIEROS,ACTIVOS FIJOS,ACTIVOS FIJOS NO CLASIFICADOS COMO MAQUINARIA Y EQUIPO,"MUEBLES, INSTRUMENTOS MUSICALES, ARTICULOS DE DEPORTE Y ANTIGÃ?EDADES",MUEBLES,ASIENTOS,No Aplica,VIGENCIA ACTUAL,ENTIDADES TERRITORIALES - ADMINISTRACION CENTRAL,"22.01.069 - EDUCACION - CALIDAD, COBERTURA Y FORTALECIMIENTO DE LA EDUCACION INICIAL, PRESCOLAR, BASICA Y MEDIA - INFRAESTRUCTURA EDUCATIVA DOTADA",No Aplica,NO DEFINIDO,,,2021,Tercer Trimestre,,,,"91114 - SERVICIOS DE PLANIFICACIÓN ECONÓMICA, SOCIAL Y ESTADÍSTICA DE LA ADMINISTRACIÓN PUBLICA",1.2.4.1.03 - SGP-EDUCACION-CALIDAD  POR MATRICULA OFICIAL,,,,,,NO APLICA,,,,,,CON SITUACION DE FONDOS,DIRECCION NACIONAL DEL TESORO MINISTERIO DE HACIENDA Y CREDITO PUBLICO,NO DEFINIDO,2400000.0,2400000.0,2400000.0
12844118,20210301,218552585,Pupiales,2.3.2.02.02.009,"SERVICIOS PARA LA COMUNIDAD, SOCIALES Y PERSONALES",GASTOS,INVERSION,ADQUISICION DE BIENES Y SERVICIOS,ADQUISICIONES DIFERENTES DE ACTIVOS,ADQUISICION DE SERVICIOS,"SERVICIOS PARA LA COMUNIDAD, SOCIALES Y PERSONALES",No Aplica,No Aplica,No Aplica,No Aplica,VIGENCIA ACTUAL,ENTIDADES TERRITORIALES - ADMINISTRACION CENTRAL,"33.02.044 - CULTURA - GESTION, PROTECCION Y SALVAGUARDIA DEL PATRIMONIO CULTURAL COLOMBIANO - SERVICIO DE PROMOCION DE ACTIVIDADES CULTURALES.",2021525850021,NO DEFINIDO,,,2021,Primer Trimestre,,,,"91114 - SERVICIOS DE PLANIFICACIÓN ECONÓMICA, SOCIAL Y ESTADÍSTICA DE LA ADMINISTRACIÓN PUBLICA",1.2.3.1.19 - ESTAMPILLAS,,,,,,NO APLICA,,,,,,CON SITUACION DE FONDOS,NO APLICA,NO DEFINIDO,30210000.0,26760000.0,26760000.0
12851182,20230601,218552585,Pupiales,2.3.1.01.02.007,APORTES AL SENA,GASTOS,INVERSION,GASTOS DE PERSONAL,PLANTA DE PERSONAL PERMANENTE,CONTRIBUCIONES INHERENTES A LA NOMINA,APORTES AL SENA,No Aplica,No Aplica,No Aplica,No Aplica,VIGENCIA ACTUAL,ENTIDADES TERRITORIALES - ADMINISTRACION CENTRAL,SERVICIO DE ASISTENCIA TECNICA AGROPECUARIA DIRIGIDA A PEQUEÑOS PRODUCTORES,No Aplica,NO DEFINIDO,,,2023,Segundo Trimestre,,,,NO APLICA,SGP-PROPOSITO GENERAL-PROPOSITO GENERAL LIBRE INVERSION,,,,,,NO APLICA,,,,,,CON SITUACION DE FONDOS,SERVICIO NACIONAL DE APRENDIZAJE,NO APLICA,44089.0,44089.0,44089.0
12911948,20230601,218552585,Pupiales,2.3.1.01.01.001.05,AUXILIO DE TRANSPORTE,GASTOS,INVERSION,GASTOS DE PERSONAL,PLANTA DE PERSONAL PERMANENTE,FACTORES CONSTITUTIVOS DE SALARIO,FACTORES SALARIALES COMUNES,AUXILIO DE TRANSPORTE,No Aplica,No Aplica,No Aplica,VIGENCIA ACTUAL,ENTIDADES TERRITORIALES - ADMINISTRACION CENTRAL,SERVICIO DE ASISTENCIA TECNICA AGROPECUARIA DIRIGIDA A PEQUEÑOS PRODUCTORES,No Aplica,NO DEFINIDO,,,2023,Segundo Trimestre,,,,NO APLICA,SGP-PROPOSITO GENERAL-PROPOSITO GENERAL LIBRE INVERSION,,,,,,NO APLICA,,,,,,CON SITUACION DE FONDOS,NO APLICA,NO APLICA,843636.0,843636.0,843636.0
12918807,20210901,218552585,Pupiales,2.3.2.02.02.009,"SERVICIOS PARA LA COMUNIDAD, SOCIALES Y PERSONALES",GASTOS,INVERSION,ADQUISICION DE BIENES Y SERVICIOS,ADQUISICIONES DIFERENTES DE ACTIVOS,ADQUISICION DE SERVICIOS,"SERVICIOS PARA LA COMUNIDAD, SOCIALES Y PERSONALES",No Aplica,No Aplica,No Aplica,No Aplica,VIGENCIA ACTUAL,ENTIDADES TERRITORIALES - ADMINISTRACION CENTRAL,12.06.004 - JUSTICIA Y DEL DERECHO - SISTEMA PENITENCIARIO Y CARCELARIO EN EL MARCO DE LOS DERECHOS HUMANOS - SERVICIO DE VIGILANCIA CARCELARIA Y PENITENCIARIA,No Aplica,NO DEFINIDO,,,2021,Tercer Trimestre,,,,"91114 - SERVICIOS DE PLANIFICACIÓN ECONÓMICA, SOCIAL Y ESTADÍSTICA DE LA ADMINISTRACIÓN PUBLICA",1.2.3.1.19 - ESTAMPILLAS,,,,,,NO APLICA,,,,,,CON SITUACION DE FONDOS,OTRO,NO DEFINIDO,4070000.0,4070000.0,4070000.0
12930944,20220901,218552585,Pupiales,2.3.2.02.02.009,"SERVICIOS PARA LA COMUNIDAD, SOCIALES Y PERSONALES",GASTOS,INVERSION,ADQUISICION DE BIENES Y SERVICIOS,ADQUISICIONES DIFERENTES DE ACTIVOS,ADQUISICION DE SERVICIOS,"SERVICIOS PARA LA COMUNIDAD, SOCIALES Y PERSONALES",No Aplica,No Aplica,No Aplica,No Aplica,VIGENCIA ACTUAL,ENTIDADES TERRITORIALES - ADMINISTRACION CENTRAL,SERVICIO DE ASISTENCIA TECNICA AGROPECUARIA DIRIGIDA A PEQUEÑOS PRODUCTORES,2021525850005,NO DEFINIDO,,,2022,Tercer Trimestre,,,,OTROS SERVICIOS DE LA ADMINISTRACION PUBLICA N C P,SGP-PROPOSITO GENERAL-PROPOSITO GENERAL LIBRE INVERSION,,,,,,NO APLICA,,,,,,CON SITUACION DE FONDOS,DIRECCION NACIONAL DEL TESORO MINISTERIO DE HACIENDA Y CREDITO PUBLICO,NO APLICA,26850000.0,20560000.0,20560000.0
12935839,20230301,218552585,Pupiales,2.3.2.02.02.006,"COMERCIO Y DISTRIBUCION; ALOJAMIENTO; SERVICIOS DE SUMINISTRO DE COMIDAS Y BEBIDAS; SERVICIOS DE TRANSPORTE; Y SERVICIOS DE DISTRIBUCION DE ELECTRICIDAD, GAS Y AGUA",GASTOS,INVERSION,ADQUISICION DE BIENES Y SERVICIOS,ADQUISICIONES DIFERENTES DE ACTIVOS,ADQUISICION DE SERVICIOS,"COMERCIO Y DISTRIBUCION; ALOJAMIENTO; SERVICIOS DE SUMINISTRO DE COMIDAS Y BEBIDAS; SERVICIOS DE TRANSPORTE; Y SERVICIOS DE DISTRIBUCION DE ELECTRICIDAD, GAS Y AGUA",No Aplica,No Aplica,No Aplica,No Aplica,VIGENCIA ACTUAL,ENTIDADES TERRITORIALES - ADMINISTRACION CENTRAL,SEDES DOTADAS,No Aplica,NO DEFINIDO,,,2023,Primer Trimestre,,,,OTROS SERVICIOS POSTALES N C P,INGRESOS CORRIENTES DE LIBRE DESTINACION,,,,,,NO APLICA,,,,,,CON SITUACION DE FONDOS,E.S.P. CENTRALES ELECTRICAS DE NARIÑO S.A.,NO APLICA,40621896.0,8452096.0,8452096.0
12938148,20230601,218552585,Pupiales,2.3.1.01.02.005,APORTES GENERALES AL SISTEMA DE RIESGOS LABORALES,GASTOS,INVERSION,GASTOS DE PERSONAL,PLANTA DE PERSONAL PERMANENTE,CONTRIBUCIONES INHERENTES A LA NOMINA,APORTES GENERALES AL SISTEMA DE RIESGOS LABORALES,No Aplica,No Aplica,No Aplica,No Aplica,VIGENCIA ACTUAL,ENTIDADES TERRITORIALES - ADMINISTRACION CENTRAL,SERVICIO DE ASISTENCIA TECNICA AGROPECUARIA DIRIGIDA A PEQUEÑOS PRODUCTORES,No Aplica,NO DEFINIDO,,,2023,Segundo Trimestre,,,,NO APLICA,SGP-PROPOSITO GENERAL-PROPOSITO GENERAL LIBRE INVERSION,,,,,,NO APLICA,,,,,,CON SITUACION DE FONDOS,NO APLICA,NO APLICA,79497.0,79497.0,79497.0
12942703,20210901,218552585,Pupiales,2.3.2.02.01.001,"MINERALES, ELECTRICIDAD, GAS Y AGUA",GASTOS,INVERSION,ADQUISICION DE BIENES Y SERVICIOS,ADQUISICIONES DIFERENTES DE ACTIVOS,MATERIALES Y SUMINISTROS,"MINERALES, ELECTRICIDAD, GAS Y AGUA",No Aplica,No Aplica,No Aplica,No Aplica,VIGENCIA ACTUAL,ENTIDADES TERRITORIALES - ADMINISTRACION CENTRAL,24.02.107 - TRANSPORTE - INFRAESTRUCTURA RED VIAL REGIONAL - SERVICIO DE ASISTENCIA TECNICA EN INFRAESTRUCTURA Y SERVICIO DE LA RED VIAL REGIONAL,No Aplica,NO DEFINIDO,,,2021,Tercer Trimestre,,,,"91114 - SERVICIOS DE PLANIFICACIÓN ECONÓMICA, SOCIAL Y ESTADÍSTICA DE LA ADMINISTRACIÓN PUBLICA",1.2.4.3.03 - SGP-PROPOSITO GENERAL-PROPOSITO GENERAL LIBRE INVERSION,,,,,,NO APLICA,,,,,,CON SITUACION DE FONDOS,DIRECCION NACIONAL DEL TESORO MINISTERIO DE HACIENDA Y CREDITO PUBLICO,NO DEFINIDO,400000000.0,200000000.0,200000000.0
12951190,20210301,218552585,Pupiales,2.3.2.02.02.009,"SERVICIOS PARA LA COMUNIDAD, SOCIALES Y PERSONALES",GASTOS,INVERSION,ADQUISICION DE BIENES Y SERVICIOS,ADQUISICIONES DIFERENTES DE ACTIVOS,ADQUISICION DE SERVICIOS,"SERVICIOS PARA LA COMUNIDAD, SOCIALES Y PERSONALES",No Aplica,No Aplica,No Aplica,No Aplica,VIGENCIA ACTUAL,ENTIDADES TERRITORIALES - ADMINISTRACION CENTRAL,"17.07.055 - AGRICULTURA Y DESARROLLO RURAL - SANIDAD AGROPECUARIA E INOCUIDAD AGROALIMENTARIA - SERVICIO DE INSPECCION, VIGILANCIA Y CONTROL EN LA PRODUCCION Y COMERCIALIZACION Y USO SEGURO DE SEMILLA",No Aplica,NO DEFINIDO,,,2021,Primer Trimestre,,,,"91114 - SERVICIOS DE PLANIFICACIÓN ECONÓMICA, SOCIAL Y ESTADÍSTICA DE LA ADMINISTRACIÓN PUBLICA",1.2.4.3.03 - SGP-PROPOSITO GENERAL-PROPOSITO GENERAL LIBRE INVERSION,,,,,,NO APLICA,,,,,,CON SITUACION DE FONDOS,DIRECCION NACIONAL DEL TESORO MINISTERIO DE HACIENDA Y CREDITO PUBLICO,NO DEFINIDO,7750000.0,3100000.0,3100000.0
12958941,20210901,218552585,Pupiales,2.3.2.02.02.009,"SERVICIOS PARA LA COMUNIDAD, SOCIALES Y PERSONALES",GASTOS,INVERSION,ADQUISICION DE BIENES Y SERVICIOS,ADQUISICIONES DIFERENTES DE ACTIVOS,ADQUISICION DE SERVICIOS,"SERVICIOS PARA LA COMUNIDAD, SOCIALES Y PERSONALES",No Aplica,No Aplica,No Aplica,No Aplica,VIGENCIA ACTUAL,ENTIDADES TERRITORIALES - ADMINISTRACION CENTRAL,33.01.085 - CULTURA - PROMOCION Y ACCESO EFECTIVO A PROCESOS CULTURALES Y ARTISTICOS - SERVICIOS BIBLIOTECARIOS,No Aplica,NO DEFINIDO,,,2021,Tercer Trimestre,,,,"91114 - SERVICIOS DE PLANIFICACIÓN ECONÓMICA, SOCIAL Y ESTADÍSTICA DE LA ADMINISTRACIÓN PUBLICA",1.2.4.3.02 - SGP-PROPOSITO GENERAL-CULTURA,,,,,,NO APLICA,,,,,,CON SITUACION DE FONDOS,DIRECCION NACIONAL DEL TESORO MINISTERIO DE HACIENDA Y CREDITO PUBLICO,NO DEFINIDO,43870000.0,43870000.0,43870000.0
12963625,20210301,218552585,Pupiales,2.3.2.02.02.009,"SERVICIOS PARA LA COMUNIDAD, SOCIALES Y PERSONALES",GASTOS,INVERSION,ADQUISICION DE BIENES Y SERVICIOS,ADQUISICIONES DIFERENTES DE ACTIVOS,ADQUISICION DE SERVICIOS,"SERVICIOS PARA LA COMUNIDAD, SOCIALES Y PERSONALES",No Aplica,No Aplica,No Aplica,No Aplica,VIGENCIA ACTUAL,ENTIDADES TERRITORIALES - ADMINISTRACION CENTRAL,17.02.010 - AGRICULTURA Y DESARROLLO RURAL - INCLUSION PRODUCTIVA DE PEQUEÑOS PRODUCTORES RURALES - SERVICIO DE ASISTENCIA TECNICA AGROPECUARIA DIRIGIDA A PEQUEÑOS PRODUCTORES,2021525850005,NO DEFINIDO,,,2021,Primer Trimestre,,,,"91114 - SERVICIOS DE PLANIFICACIÓN ECONÓMICA, SOCIAL Y ESTADÍSTICA DE LA ADMINISTRACIÓN PUBLICA",1.2.4.3.03 - SGP-PROPOSITO GENERAL-PROPOSITO GENERAL LIBRE INVERSION,,,,,,NO APLICA,,,,,,CON SITUACION DE FONDOS,DIRECCION NACIONAL DEL TESORO MINISTERIO DE HACIENDA Y CREDITO PUBLICO,NO DEFINIDO,18370000.0,8410000.0,8410000.0
12982077,20230601,218552585,Pupiales,2.3.1.01.01.001.01,SUELDO BASICO,GASTOS,INVERSION,GASTOS DE PERSONAL,PLANTA DE PERSONAL PERMANENTE,FACTORES CONSTITUTIVOS DE SALARIO,FACTORES SALARIALES COMUNES,SUELDO BASICO,No Aplica,No Aplica,No Aplica,VIGENCIA ACTUAL,ENTIDADES TERRITORIALES - ADMINISTRACION CENTRAL,SERVICIO DE ASISTENCIA TECNICA AGROPECUARIA DIRIGIDA A PEQUEÑOS PRODUCTORES,No Aplica,NO DEFINIDO,,,2023,Segundo Trimestre,,,,NO APLICA,SGP-PROPOSITO GENERAL-PROPOSITO GENERAL LIBRE INVERSION,,,,,,NO APLICA,,,,,,CON SITUACION DE FONDOS,NO APLICA,NO APLICA,11315748.0,11315748.0,11315748.0
12988275,20210601,218552585,Pupiales,2.3.2.01.01.001.02.04,EDIFICIOS PUBLICOS DE ENTRETENIMIENTO,GASTOS,INVERSION,ADQUISICION DE BIENES Y SERVICIOS,ADQUISICION DE ACTIVOS NO FINANCIEROS,ACTIVOS FIJOS,EDIFICACIONES Y ESTRUCTURAS,EDIFICACIONES DISTINTAS A VIVIENDAS,EDIFICIOS PUBLICOS DE ENTRETENIMIENTO,No Aplica,No Aplica,VIGENCIA ACTUAL,ENTIDADES TERRITORIALES - ADMINISTRACION CENTRAL,41.04.001 - INCLUSION SOCIAL Y RECONCILIACION - ATENCION INTEGRAL DE POBLACION EN SITUACION PERMANENTE DE DESPROTECCION SOCIAL Y/O FAMILIAR - CENTROS DE PROTECCION SOCIAL PARA EL ADULTO MAYOR CONSTRUI,No Aplica,NO DEFINIDO,,,2021,Segundo Trimestre,,,,"91114 - SERVICIOS DE PLANIFICACIÓN ECONÓMICA, SOCIAL Y ESTADÍSTICA DE LA ADMINISTRACIÓN PUBLICA",1.2.3.1.19 - ESTAMPILLAS,,,,,,NO APLICA,,,,,,CON SITUACION DE FONDOS,NO APLICA,NO DEFINIDO,6900000.0,5940000.0,5940000.0
12993234,20210301,218552585,Pupiales,2.3.2.02.02.009,"SERVICIOS PARA LA COMUNIDAD, SOCIALES Y PERSONALES",GASTOS,INVERSION,ADQUISICION DE BIENES Y SERVICIOS,ADQUISICIONES DIFERENTES DE ACTIVOS,ADQUISICION DE SERVICIOS,"SERVICIOS PARA LA COMUNIDAD, SOCIALES Y PERSONALES",No Aplica,No Aplica,No Aplica,No Aplica,VIGENCIA ACTUAL,ENTIDADES TERRITORIALES - ADMINISTRACION CENTRAL,"40.03.047 - VIVIENDA, CIUDAD Y TERRITORIO - ACCESO DE LA POBLACION A LOS SERVICIOS DE AGUA POTABLE Y SANEAMIENTO BASICO - SERVICIO DE APOYO FINANCIERO PARA SUBSIDIOS AL CONSUMO EN LOS SERVICIOS PUBLIC",2021525850015,NO DEFINIDO,,,2021,Primer Trimestre,,,,"91114 - SERVICIOS DE PLANIFICACIÓN ECONÓMICA, SOCIAL Y ESTADÍSTICA DE LA ADMINISTRACIÓN PUBLICA",1.2.4.6.00 - SGP-AGUA POTABLE Y SANEAMIENTO BASICO,,,,,,NO APLICA,,,,,,CON SITUACION DE FONDOS,DIRECCION NACIONAL DEL TESORO MINISTERIO DE HACIENDA Y CREDITO PUBLICO,NO DEFINIDO,420000000.0,34861901.0,34861901.0
12993622,20210901,218552585,Pupiales,2.3.2.02.02.009,"SERVICIOS PARA LA COMUNIDAD, SOCIALES Y PERSONALES",GASTOS,INVERSION,ADQUISICION DE BIENES Y SERVICIOS,ADQUISICIONES DIFERENTES DE ACTIVOS,ADQUISICION DE SERVICIOS,"SERVICIOS PARA LA COMUNIDAD, SOCIALES Y PERSONALES",No Aplica,No Aplica,No Aplica,No Aplica,VIGENCIA ACTUAL,ENTIDADES TERRITORIALES - ADMINISTRACION CENTRAL,43.02.001 - DEPORTE Y RECREACION - FORMACION Y PREPARACION DE DEPORTISTAS - SERVICIO DE PREPARACION DEPORTIVA,No Aplica,NO DEFINIDO,,,2021,Tercer Trimestre,,,,"91114 - SERVICIOS DE PLANIFICACIÓN ECONÓMICA, SOCIAL Y ESTADÍSTICA DE LA ADMINISTRACIÓN PUBLICA",1.2.1.0.00 - INGRESOS CORRIENTES DE LIBRE DESTINACION,,,,,,NO APLICA,,,,,,CON SITUACION DE FONDOS,NO APLICA,NO DEFINIDO,10620000.0,10620000.0,10620000.0
12998136,20210901,218552585,Pupiales,2.3.2.02.02.009,"SERVICIOS PARA LA COMUNIDAD, SOCIALES Y PERSONALES",GASTOS,INVERSION,ADQUISICION DE BIENES Y SERVICIOS,ADQUISICIONES DIFERENTES DE ACTIVOS,ADQUISICION DE SERVICIOS,"SERVICIOS PARA LA COMUNIDAD, SOCIALES Y PERSONALES",No Aplica,No Aplica,No Aplica,No Aplica,VIGENCIA ACTUAL,ENTIDADES TERRITORIALES - ADMINISTRACION CENTRAL,19.05.035 - SALUD Y PROTECCION SOCIAL - SALUD PUBLICA - SERVICIO DE GESTION TERRITORIAL PARA ATENCION EN SALUD -PANDEMIAS- A POBLACION AFECTADA POR EMERGENCIAS O DESASTRES,No Aplica,NO DEFINIDO,,,2021,Tercer Trimestre,,,,"91114 - SERVICIOS DE PLANIFICACIÓN ECONÓMICA, SOCIAL Y ESTADÍSTICA DE LA ADMINISTRACIÓN PUBLICA",1.3.1.1.08 - OTRAS TRANSFERENCIAS DE CAPITAL,,,,,,NO APLICA,,,,,,CON SITUACION DE FONDOS,OTRO,NO DEFINIDO,121967244.0,121967244.0,121967244.0
13021277,20210901,218552585,Pupiales,2.3.2.02.01.003,"OTROS BIENES TRANSPORTABLES EXCEPTO PRODUCTOS METALICOS, MAQUINARIA Y EQUIPO",GASTOS,INVERSION,ADQUISICION DE BIENES Y SERVICIOS,ADQUISICIONES DIFERENTES DE ACTIVOS,MATERIALES Y SUMINISTROS,"OTROS BIENES TRANSPORTABLES EXCEPTO PRODUCTOS METALICOS, MAQUINARIA Y EQUIPO",No Aplica,No Aplica,No Aplica,No Aplica,VIGENCIA ACTUAL,ENTIDADES TERRITORIALES - ADMINISTRACION CENTRAL,24.02.107 - TRANSPORTE - INFRAESTRUCTURA RED VIAL REGIONAL - SERVICIO DE ASISTENCIA TECNICA EN INFRAESTRUCTURA Y SERVICIO DE LA RED VIAL REGIONAL,No Aplica,NO DEFINIDO,,,2021,Tercer Trimestre,,,,"91114 - SERVICIOS DE PLANIFICACIÓN ECONÓMICA, SOCIAL Y ESTADÍSTICA DE LA ADMINISTRACIÓN PUBLICA",1.2.4.3.03 - SGP-PROPOSITO GENERAL-PROPOSITO GENERAL LIBRE INVERSION,,,,,,NO APLICA,,,,,,CON SITUACION DE FONDOS,DIRECCION NACIONAL DEL TESORO MINISTERIO DE HACIENDA Y CREDITO PUBLICO,NO DEFINIDO,160000000.0,115711109.0,115711109.0
13032776,20210601,218552585,Pupiales,2.3.2.02.02.009,"SERVICIOS PARA LA COMUNIDAD, SOCIALES Y PERSONALES",GASTOS,INVERSION,ADQUISICION DE BIENES Y SERVICIOS,ADQUISICIONES DIFERENTES DE ACTIVOS,ADQUISICION DE SERVICIOS,"SERVICIOS PARA LA COMUNIDAD, SOCIALES Y PERSONALES",No Aplica,No Aplica,No Aplica,No Aplica,VIGENCIA ACTUAL,ENTIDADES TERRITORIALES - ADMINISTRACION CENTRAL,36.01.009 - TRABAJO - PROTECCION SOCIAL - SERVICIO DE DIVULGACION SOBRE EL SISTEMA GENERAL DE PENSIONES Y CAJAS DE COMPENSACION,No Aplica,NO DEFINIDO,,,2021,Segundo Trimestre,,,,"91114 - SERVICIOS DE PLANIFICACIÓN ECONÓMICA, SOCIAL Y ESTADÍSTICA DE LA ADMINISTRACIÓN PUBLICA",1.2.3.1.19 - ESTAMPILLAS,,,,,,NO APLICA,,,,,,CON SITUACION DE FONDOS,NO APLICA,NO DEFINIDO,9085260.0,9085260.0,9085260.0
13046371,20210301,218552585,Pupiales,2.3.2.02.02.009,"SERVICIOS PARA LA COMUNIDAD, SOCIALES Y PERSONALES",GASTOS,INVERSION,ADQUISICION DE BIENES Y SERVICIOS,ADQUISICIONES DIFERENTES DE ACTIVOS,ADQUISICION DE SERVICIOS,"SERVICIOS PARA LA COMUNIDAD, SOCIALES Y PERSONALES",No Aplica,No Aplica,No Aplica,No Aplica,VIGENCIA ACTUAL,ENTIDADES TERRITORIALES - ADMINISTRACION CENTRAL,19.05.035 - SALUD Y PROTECCION SOCIAL - SALUD PUBLICA - SERVICIO DE GESTION TERRITORIAL PARA ATENCION EN SALUD -PANDEMIAS- A POBLACION AFECTADA POR EMERGENCIAS O DESASTRES,2021525850017,NO DEFINIDO,,,2021,Primer Trimestre,,,,"91114 - SERVICIOS DE PLANIFICACIÓN ECONÓMICA, SOCIAL Y ESTADÍSTICA DE LA ADMINISTRACIÓN PUBLICA",1.2.4.2.02 - SGP-SALUD-SALUD PUBLICA,,,,,,NO APLICA,,,,,,CON SITUACION DE FONDOS,DIRECCION NACIONAL DEL TESORO MINISTERIO DE HACIENDA Y CREDITO PUBLICO,NO DEFINIDO,89592438.0,5650000.0,5650000.0
13066704,20210901,218552585,Pupiales,2.1.2.02.02.007,SERVICIOS FINANCIEROS Y SERVICIOS CONEXOS; SERVICIOS INMOBILIARIOS; Y SERVICIOS DE ARRENDAMIENTO Y LEASING,GASTOS,FUNCIONAMIENTO,ADQUISICION DE BIENES Y SERVICIOS,ADQUISICIONES DIFERENTES DE ACTIVOS,ADQUISICION DE SERVICIOS,SERVICIOS FINANCIEROS Y SERVICIOS CONEXOS; SERVICIOS INMOBILIARIOS; Y SERVICIOS DE ARRENDAMIENTO Y LEASING,No Aplica,No Aplica,No Aplica,No Aplica,VIGENCIA ACTUAL,ENTIDADES TERRITORIALES - ADMINISTRACION CENTRAL,NO APLICA,No Aplica,NO DEFINIDO,,,2021,Tercer Trimestre,,,,"91114 - SERVICIOS DE PLANIFICACIÓN ECONÓMICA, SOCIAL Y ESTADÍSTICA DE LA ADMINISTRACIÓN PUBLICA",1.2.1.0.00 - INGRESOS CORRIENTES DE LIBRE DESTINACION,,,,,,NO APLICA,,,,,,CON SITUACION DE FONDOS,NO APLICA,NO DEFINIDO,14122199.0,14087553.0,14029121.0
13076306,20210601,218552585,Pupiales,2.3.2.02.02.009,"SERVICIOS PARA LA COMUNIDAD, SOCIALES Y PERSONALES",GASTOS,INVERSION,ADQUISICION DE BIENES Y SERVICIOS,ADQUISICIONES DIFERENTES DE ACTIVOS,ADQUISICION DE SERVICIOS,"SERVICIOS PARA LA COMUNIDAD, SOCIALES Y PERSONALES",No Aplica,No Aplica,No Aplica,No Aplica,VIGENCIA ACTUAL,ENTIDADES TERRITORIALES - ADMINISTRACION CENTRAL,45.01.026 - GOBIERNO TERRITORIAL - FORTALECIMIENTO DE LA CONVIVENCIA Y LA SEGURIDAD CIUDADANA - DOCUMENTOS PLANEACION,No Aplica,NO DEFINIDO,,,2021,Segundo Trimestre,,,,"91114 - SERVICIOS DE PLANIFICACIÓN ECONÓMICA, SOCIAL Y ESTADÍSTICA DE LA ADMINISTRACIÓN PUBLICA",1.2.3.2.01 - CONTRIBUCION SOBRE CONTRATOS DE OBRA PUBLICA,,,,,,NO APLICA,,,,,,CON SITUACION DE FONDOS,NO APLICA,NO DEFINIDO,16030393.0,13521760.0,13521760.0
13077506,20210601,218552585,Pupiales,2.3.2.02.02.009,"SERVICIOS PARA LA COMUNIDAD, SOCIALES Y PERSONALES",GASTOS,INVERSION,ADQUISICION DE BIENES Y SERVICIOS,ADQUISICIONES DIFERENTES DE ACTIVOS,ADQUISICION DE SERVICIOS,"SERVICIOS PARA LA COMUNIDAD, SOCIALES Y PERSONALES",No Aplica,No Aplica,No Aplica,No Aplica,VIGENCIA ACTUAL,ENTIDADES TERRITORIALES - ADMINISTRACION CENTRAL,17.02.038 - AGRICULTURA Y DESARROLLO RURAL - INCLUSION PRODUCTIVA DE PEQUEÑOS PRODUCTORES RURALES - SERVICIO DE APOYO A LA COMERCIALIZACION,2021525850005,NO DEFINIDO,,,2021,Segundo Trimestre,,,,"91114 - SERVICIOS DE PLANIFICACIÓN ECONÓMICA, SOCIAL Y ESTADÍSTICA DE LA ADMINISTRACIÓN PUBLICA",1.2.4.3.03 - SGP-PROPOSITO GENERAL-PROPOSITO GENERAL LIBRE INVERSION,,,,,,NO APLICA,,,,,,CON SITUACION DE FONDOS,DIRECCION NACIONAL DEL TESORO MINISTERIO DE HACIENDA Y CREDITO PUBLICO,NO DEFINIDO,23200812.0,0.0,0.0
13139857,20210601,218552585,Pupiales,2.3.2.02.02.009,"SERVICIOS PARA LA COMUNIDAD, SOCIALES Y PERSONALES",GASTOS,INVERSION,ADQUISICION DE BIENES Y SERVICIOS,ADQUISICIONES DIFERENTES DE ACTIVOS,ADQUISICION DE SERVICIOS,"SERVICIOS PARA LA COMUNIDAD, SOCIALES Y PERSONALES",No Aplica,No Aplica,No Aplica,No Aplica,VIGENCIA ACTUAL,ENTIDADES TERRITORIALES - ADMINISTRACION CENTRAL,"22.01.028 - EDUCACION - CALIDAD, COBERTURA Y FORTALECIMIENTO DE LA EDUCACION INICIAL, PRESCOLAR, BASICA Y MEDIA - SERVICIO DE APOYO A LA PERMANENCIA CON ALIMENTACION ESCOLAR",No Aplica,NO DEFINIDO,,,2021,Segundo Trimestre,,,,"91114 - SERVICIOS DE PLANIFICACIÓN ECONÓMICA, SOCIAL Y ESTADÍSTICA DE LA ADMINISTRACIÓN PUBLICA",1.2.4.4.01 - SGP-ASIGNACION ESPECIAL-PROGRAMAS DE ALIMENTACION ESCOLAR,,,,,,NO APLICA,,,,,,CON SITUACION DE FONDOS,DIRECCION NACIONAL DEL TESORO MINISTERIO DE HACIENDA Y CREDITO PUBLICO,NO DEFINIDO,77925061.0,34554426.0,34554426.0
13151236,20211201,218552585,Pupiales,2.3.2.01.01.004.01,"MUEBLES, INSTRUMENTOS MUSICALES, ARTICULOS DE DEPORTE Y ANTIGÃ?EDADES",GASTOS,INVERSION,ADQUISICION DE BIENES Y SERVICIOS,ADQUISICION DE ACTIVOS NO FINANCIEROS,ACTIVOS FIJOS,ACTIVOS FIJOS NO CLASIFICADOS COMO MAQUINARIA Y EQUIPO,"MUEBLES, INSTRUMENTOS MUSICALES, ARTICULOS DE DEPORTE Y ANTIGÃ?EDADES",No Aplica,No Aplica,No Aplica,VIGENCIA ACTUAL,ENTIDADES TERRITORIALES - ADMINISTRACION CENTRAL,NO DEFINIDO,No Aplica,NO DEFINIDO,,,2021,Cuarto Trimestre,,,,NO DEFINIDO,NO DEFINIDO,,,,,,NO DEFINIDO,,,,,,NO DEFINIDO,NO DEFINIDO,NO DEFINIDO,2400000.0,2400000.0,2400000.0
13212650,20230601,218552585,Pupiales,2.3.1.01.02.001,APORTES A LA SEGURIDAD SOCIAL EN PENSIONES,GASTOS,INVERSION,GASTOS DE PERSONAL,PLANTA DE PERSONAL PERMANENTE,CONTRIBUCIONES INHERENTES A LA NOMINA,APORTES A LA SEGURIDAD SOCIAL EN PENSIONES,No Aplica,No Aplica,No Aplica,No Aplica,VIGENCIA ACTUAL,ENTIDADES TERRITORIALES - ADMINISTRACION CENTRAL,SERVICIO DE ASISTENCIA TECNICA AGROPECUARIA DIRIGIDA A PEQUEÑOS PRODUCTORES,No Aplica,NO DEFINIDO,,,2023,Segundo Trimestre,,,,NO APLICA,SGP-PROPOSITO GENERAL-PROPOSITO GENERAL LIBRE INVERSION,,,,,,NO APLICA,,,,,,CON SITUACION DE FONDOS,NO APLICA,NO APLICA,528114.0,528114.0,528114.0
13245602,20210901,218552585,Pupiales,2.3.2.02.02.009,"SERVICIOS PARA LA COMUNIDAD, SOCIALES Y PERSONALES",GASTOS,INVERSION,ADQUISICION DE BIENES Y SERVICIOS,ADQUISICIONES DIFERENTES DE ACTIVOS,ADQUISICION DE SERVICIOS,"SERVICIOS PARA LA COMUNIDAD, SOCIALES Y PERSONALES",No Aplica,No Aplica,No Aplica,No Aplica,VIGENCIA ACTUAL,ENTIDADES TERRITORIALES - ADMINISTRACION CENTRAL,"40.03.038 - VIVIENDA, CIUDAD Y TERRITORIO - ACCESO DE LA POBLACION A LOS SERVICIOS DE AGUA POTABLE Y SANEAMIENTO BASICO - SERVICIO DE ASISTENCIA TECNICA PARA LA ESTRUCTURACION, FORMULACION YEJECUCION",No Aplica,NO DEFINIDO,,,2021,Tercer Trimestre,,,,"91114 - SERVICIOS DE PLANIFICACIÓN ECONÓMICA, SOCIAL Y ESTADÍSTICA DE LA ADMINISTRACIÓN PUBLICA",1.2.3.2.01 - CONTRIBUCION SOBRE CONTRATOS DE OBRA PUBLICA,,,,,,NO APLICA,,,,,,CON SITUACION DE FONDOS,NO APLICA,NO DEFINIDO,37652373.0,23445099.0,23445099.0
13271120,20210901,218552585,Pupiales,2.3.2.02.02.005,CONSTRUCCION Y SERVICIOS DE LA CONSTRUCCION,GASTOS,INVERSION,ADQUISICION DE BIENES Y SERVICIOS,ADQUISICIONES DIFERENTES DE ACTIVOS,ADQUISICION DE SERVICIOS,CONSTRUCCION Y SERVICIOS DE LA CONSTRUCCION,No Aplica,No Aplica,No Aplica,No Aplica,VIGENCIA ACTUAL,ENTIDADES TERRITORIALES - ADMINISTRACION CENTRAL,24.02.041 - TRANSPORTE - INFRAESTRUCTURA RED VIAL REGIONAL - VIA TERCIARIA MEJORADA,No Aplica,NO DEFINIDO,,,2021,Tercer Trimestre,,,,"91114 - SERVICIOS DE PLANIFICACIÓN ECONÓMICA, SOCIAL Y ESTADÍSTICA DE LA ADMINISTRACIÓN PUBLICA",1.3.1.1.07 - TRANSFERENCIAS DE CAPITAL DE OTRAS ENTIDADES DEL GOBIERNO GENERAL,,,,,,NO APLICA,,,,,,CON SITUACION DE FONDOS,INSTITUTO NACIONAL DE VIAS,NO DEFINIDO,738382635.0,0.0,0.0
13281738,20210601,218552585,Pupiales,2.1.2.02.02.009,"SERVICIOS PARA LA COMUNIDAD, SOCIALES Y PERSONALES",GASTOS,FUNCIONAMIENTO,ADQUISICION DE BIENES Y SERVICIOS,ADQUISICIONES DIFERENTES DE ACTIVOS,ADQUISICION DE SERVICIOS,"SERVICIOS PARA LA COMUNIDAD, SOCIALES Y PERSONALES",No Aplica,No Aplica,No Aplica,No Aplica,VIGENCIA ACTUAL,ENTIDADES TERRITORIALES - ADMINISTRACION CENTRAL,NO APLICA,No Aplica,NO DEFINIDO,,,2021,Segundo Trimestre,,,,"91114 - SERVICIOS DE PLANIFICACIÓN ECONÓMICA, SOCIAL Y ESTADÍSTICA DE LA ADMINISTRACIÓN PUBLICA",1.2.1.0.00 - INGRESOS CORRIENTES DE LIBRE DESTINACION,,,,,,NO APLICA,,,,,,CON SITUACION DE FONDOS,NO APLICA,NO DEFINIDO,368804596.0,283113246.0,283113246.0
13310535,20210901,218552585,Pupiales,2.3.2.02.02.005,CONSTRUCCION Y SERVICIOS DE LA CONSTRUCCION,GASTOS,INVERSION,ADQUISICION DE BIENES Y SERVICIOS,ADQUISICIONES DIFERENTES DE ACTIVOS,ADQUISICION DE SERVICIOS,CONSTRUCCION Y SERVICIOS DE LA CONSTRUCCION,No Aplica,No Aplica,No Aplica,No Aplica,VIGENCIA ACTUAL,ENTIDADES TERRITORIALES - ADMINISTRACION CENTRAL,45.99.016 - GOBIERNO TERRITORIAL - FORTALECIMIENTO A LA GESTION Y DIRECCION DE LA ADMINISTRACION PUBLICA TERRITORIAL - SEDES MANTENIDAS,2021525850009.0,NO DEFINIDO,,,2021,Tercer Trimestre,,,,"91114 - SERVICIOS DE PLANIFICACIÓN ECONÓMICA, SOCIAL Y ESTADÍSTICA DE LA ADMINISTRACIÓN PUBLICA",1.2.4.3.03 - SGP-PROPOSITO GENERAL-PROPOSITO GENERAL LIBRE INVERSION,,,,,,NO APLICA,,,,,,CON SITUACION DE FONDOS,DIRECCION NACIONAL DEL TESORO MINISTERIO DE HACIENDA Y CREDITO PUBLICO,NO DEFINIDO,5750000.0,5750000.0,5750000.0
13311119,20230301,218552585,Pupiales,2.3.2.02.02.006,"COMERCIO Y DISTRIBUCION; ALOJAMIENTO; SERVICIOS DE SUMINISTRO DE COMIDAS Y BEBIDAS; SERVICIOS DE TRANSPORTE; Y SERVICIOS DE DISTRIBUCION DE ELECTRICIDAD, GAS Y AGUA",GASTOS,INVERSION,ADQUISICION DE BIENES Y SERVICIOS,ADQUISICIONES DIFERENTES DE ACTIVOS,ADQUISICION DE SERVICIOS,"COMERCIO Y DISTRIBUCION; ALOJAMIENTO; SERVICIOS DE SUMINISTRO DE COMIDAS Y BEBIDAS; SERVICIOS DE TRANSPORTE; Y SERVICIOS DE DISTRIBUCION DE ELECTRICIDAD, GAS Y AGUA",No Aplica,No Aplica,No Aplica,No Aplica,VIGENCIA ACTUAL,ENTIDADES TERRITORIALES - ADMINISTRACION CENTRAL,SEDES DOTADAS,No Aplica,NO DEFINIDO,,,2023,Primer Trimestre,,,,SERVICIOS DE DISTRIBUCION DE AGUA EXCEPTO POR TUBERIAS  POR CUENTA PROPIA,INGRESOS CORRIENTES DE LIBRE DESTINACION,,,,,,NO APLICA,,,,,,CON SITUACION DE FONDOS,E.S.P. CENTRALES ELECTRICAS DE NARIÑO S.A.,NO APLICA,14938394.0,3108194.0,3108194.0
13362015,20230301,218552585,Pupiales,2.1.3.05.04.001.13.01,TRANSFERENCIA DE LA SOBRETASA AMBIENTAL A LAS CORPORACIONES AUTONOMAS REGIONALES,GASTOS,FUNCIONAMIENTO,TRANSFERENCIAS CORRIENTES,A ENTIDADES DEL GOBIERNO,PARTICIPACIONES DISTINTAS DEL SGP,PARTICIPACIONES DE IMPUESTOS,PARTICIPACION DE LA SOBRETASA AMBIENTAL,TRANSFERENCIA DE LA SOBRETASA AMBIENTAL A LAS CORPORACIONES AUTONOMAS REGIONALES,No Aplica,No Aplica,CUENTAS POR PAGAR,ENTIDADES TERRITORIALES - ADMINISTRACION CENTRAL,NO APLICA,No Aplica,NO DEFINIDO,,,2023,Primer Trimestre,,,,NO APLICA,SOBRETASA - PARTICIPACION AMBIENTAL - CORPORACIONES AUTONOMAS REGIONALES,,,,,,NO APLICA,,,,,,CON SITUACION DE FONDOS,CORPORACION AUTONOMA REGIONAL DE NARIÑO,NO APLICA,481959.0,481959.0,481959.0
13365209,20210601,218552585,Pupiales,2.1.2.02.02.006,"COMERCIO Y DISTRIBUCION; ALOJAMIENTO; SERVICIOS DE SUMINISTRO DE COMIDAS Y BEBIDAS; SERVICIOS DE TRANSPORTE; Y SERVICIOS DE DISTRIBUCION DE ELECTRICIDAD, GAS Y AGUA",GASTOS,FUNCIONAMIENTO,ADQUISICION DE BIENES Y SERVICIOS,ADQUISICIONES DIFERENTES DE ACTIVOS,ADQUISICION DE SERVICIOS,"COMERCIO Y DISTRIBUCION; ALOJAMIENTO; SERVICIOS DE SUMINISTRO DE COMIDAS Y BEBIDAS; SERVICIOS DE TRANSPORTE; Y SERVICIOS DE DISTRIBUCION DE ELECTRICIDAD, GAS Y AGUA",No Aplica,No Aplica,No Aplica,No Aplica,VIGENCIA ACTUAL,ENTIDADES TERRITORIALES - ADMINISTRACION CENTRAL,NO APLICA,No Aplica,NO DEFINIDO,,,2021,Segundo Trimestre,,,,"91114 - SERVICIOS DE PLANIFICACIÓN ECONÓMICA, SOCIAL Y ESTADÍSTICA DE LA ADMINISTRACIÓN PUBLICA",1.2.1.0.00 - INGRESOS CORRIENTES DE LIBRE DESTINACION,,,,,,NO APLICA,,,,,,CON SITUACION DE FONDOS,NO APLICA,NO DEFINIDO,31395783.0,16545783.0,16545783.0
13369035,20210601,218552585,Pupiales,2.3.2.02.02.006,"COMERCIO Y DISTRIBUCION; ALOJAMIENTO; SERVICIOS DE SUMINISTRO DE COMIDAS Y BEBIDAS; SERVICIOS DE TRANSPORTE; Y SERVICIOS DE DISTRIBUCION DE ELECTRICIDAD, GAS Y AGUA",GASTOS,INVERSION,ADQUISICION DE BIENES Y SERVICIOS,ADQUISICIONES DIFERENTES DE ACTIVOS,ADQUISICION DE SERVICIOS,"COMERCIO Y DISTRIBUCION; ALOJAMIENTO; SERVICIOS DE SUMINISTRO DE COMIDAS Y BEBIDAS; SERVICIOS DE TRANSPORTE; Y SERVICIOS DE DISTRIBUCION DE ELECTRICIDAD, GAS Y AGUA",No Aplica,No Aplica,No Aplica,No Aplica,VIGENCIA ACTUAL,ENTIDADES TERRITORIALES - ADMINISTRACION CENTRAL,21.02.024 - MINAS Y ENERGIA - CONSOLIDACION PRODUCTIVA DEL SECTOR DE ENERGIA ELECTRICA - SERVICIO DE APOYO FINANCIERO AL CONSUMO DEL SERVICIO DE ENERGIA ELECTRICA DEL SISTEMA INTERCONECTADO NACIONAL,No Aplica,NO DEFINIDO,,,2021,Segundo Trimestre,,,,"91114 - SERVICIOS DE PLANIFICACIÓN ECONÓMICA, SOCIAL Y ESTADÍSTICA DE LA ADMINISTRACIÓN PUBLICA",1.2.4.3.03 - SGP-PROPOSITO GENERAL-PROPOSITO GENERAL LIBRE INVERSION,,,,,,NO APLICA,,,,,,CON SITUACION DE FONDOS,DIRECCION NACIONAL DEL TESORO MINISTERIO DE HACIENDA Y CREDITO PUBLICO,NO DEFINIDO,264587690.0,156370520.0,156370520.0
13375175,20210601,218552585,Pupiales,2.3.2.02.02.009,"SERVICIOS PARA LA COMUNIDAD, SOCIALES Y PERSONALES",GASTOS,INVERSION,ADQUISICION DE BIENES Y SERVICIOS,ADQUISICIONES DIFERENTES DE ACTIVOS,ADQUISICION DE SERVICIOS,"SERVICIOS PARA LA COMUNIDAD, SOCIALES Y PERSONALES",No Aplica,No Aplica,No Aplica,No Aplica,VIGENCIA ACTUAL,ENTIDADES TERRITORIALES - ADMINISTRACION CENTRAL,23.01.015 - TECNOLOGIAS DE LA INFORMACION Y LAS COMUNICACIONES - FACILITAR EL ACCESO Y USO DE LAS TECNOLOGIAS DE LA INFORMACION Y LAS COMUNICACIONES (TIC) EN TODO EL TERRITORIO NACIONAL - SERVICIO DE,2021525850009,NO DEFINIDO,,,2021,Segundo Trimestre,,,,"91114 - SERVICIOS DE PLANIFICACIÓN ECONÓMICA, SOCIAL Y ESTADÍSTICA DE LA ADMINISTRACIÓN PUBLICA",1.2.1.0.00 - INGRESOS CORRIENTES DE LIBRE DESTINACION,,,,,,NO APLICA,,,,,,CON SITUACION DE FONDOS,NO APLICA,NO DEFINIDO,20930000.0,17597500.0,17597500.0
13421287,20210901,218552585,Pupiales,2.3.2.02.02.009,"SERVICIOS PARA LA COMUNIDAD, SOCIALES Y PERSONALES",GASTOS,INVERSION,ADQUISICION DE BIENES Y SERVICIOS,ADQUISICIONES DIFERENTES DE ACTIVOS,ADQUISICION DE SERVICIOS,"SERVICIOS PARA LA COMUNIDAD, SOCIALES Y PERSONALES",No Aplica,No Aplica,No Aplica,No Aplica,VIGENCIA ACTUAL,ENTIDADES TERRITORIALES - ADMINISTRACION CENTRAL,"19.03.011 - SALUD Y PROTECCION SOCIAL - INSPECCION, VIGILANCIA Y CONTROL - SERVICIO DE INSPECCION, VIGILANCIA Y CONTROL",No Aplica,NO DEFINIDO,,,2021,Tercer Trimestre,,,,"91114 - SERVICIOS DE PLANIFICACIÓN ECONÓMICA, SOCIAL Y ESTADÍSTICA DE LA ADMINISTRACIÓN PUBLICA",1.3.1.1.07 - TRANSFERENCIAS DE CAPITAL DE OTRAS ENTIDADES DEL GOBIERNO GENERAL,,,,,,NO APLICA,,,,,,CON SITUACION DE FONDOS,DEPARTAMENTO DE NARIÑO,NO DEFINIDO,415559549.0,415559549.0,415559549.0
13427947,20221201,218552585,Pupiales,2.3.2.02.02.009,"SERVICIOS PARA LA COMUNIDAD, SOCIALES Y PERSONALES",GASTOS,INVERSION,ADQUISICION DE BIENES Y SERVICIOS,ADQUISICIONES DIFERENTES DE ACTIVOS,ADQUISICION DE SERVICIOS,"SERVICIOS PARA LA COMUNIDAD, SOCIALES Y PERSONALES",No Aplica,No Aplica,No Aplica,No Aplica,VIGENCIA ACTUAL,ENTIDADES TERRITORIALES - ADMINISTRACION CENTRAL,SERVICIO DE ATENCION EN SALUD A LA POBLACION,No Aplica,NO DEFINIDO,,,2022,Cuarto Trimestre,,,,OTROS SERVICIOS DE LA ADMINISTRACION PUBLICA N C P,TRANSFERENCIAS DE CAPITAL DE OTRAS ENTIDADES DEL GOBIERNO GENERAL,,,,,,NO APLICA,,,,,,CON SITUACION DE FONDOS,DEPARTAMENTO DE NARIÑO,NO APLICA,713349318.0,713349318.0,713349318.0
13430835,20210301,218552585,Pupiales,2.1.2.02.02.007,SERVICIOS FINANCIEROS Y SERVICIOS CONEXOS; SERVICIOS INMOBILIARIOS; Y SERVICIOS DE ARRENDAMIENTO Y LEASING,GASTOS,FUNCIONAMIENTO,ADQUISICION DE BIENES Y SERVICIOS,ADQUISICIONES DIFERENTES DE ACTIVOS,ADQUISICION DE SERVICIOS,SERVICIOS FINANCIEROS Y SERVICIOS CONEXOS; SERVICIOS INMOBILIARIOS; Y SERVICIOS DE ARRENDAMIENTO Y LEASING,No Aplica,No Aplica,No Aplica,No Aplica,VIGENCIA ACTUAL,ENTIDADES TERRITORIALES - ADMINISTRACION CENTRAL,NO APLICA,No Aplica,NO DEFINIDO,,,2021,Primer Trimestre,,,,"91114 - SERVICIOS DE PLANIFICACIÓN ECONÓMICA, SOCIAL Y ESTADÍSTICA DE LA ADMINISTRACIÓN PUBLICA",1.2.1.0.00 - INGRESOS CORRIENTES DE LIBRE DESTINACION,,,,,,NO APLICA,,,,,,CON SITUACION DE FONDOS,NO APLICA,NO DEFINIDO,9289048.0,8154402.0,8154402.0
13431052,20210901,218552585,Pupiales,2.3.2.02.02.009,"SERVICIOS PARA LA COMUNIDAD, SOCIALES Y PERSONALES",GASTOS,INVERSION,ADQUISICION DE BIENES Y SERVICIOS,ADQUISICIONES DIFERENTES DE ACTIVOS,ADQUISICION DE SERVICIOS,"SERVICIOS PARA LA COMUNIDAD, SOCIALES Y PERSONALES",No Aplica,No Aplica,No Aplica,No Aplica,VIGENCIA ACTUAL,ENTIDADES TERRITORIALES - ADMINISTRACION CENTRAL,12.02.007 - JUSTICIA Y DEL DERECHO -  PROMOCION AL ACCESO A LA JUSTICIA - SERVICIO DE INFORMACION PARA ORIENTAR AL CIUDADANO EN EL ACCESO A LA JUSTICIA,No Aplica,NO DEFINIDO,,,2021,Tercer Trimestre,,,,"91114 - SERVICIOS DE PLANIFICACIÓN ECONÓMICA, SOCIAL Y ESTADÍSTICA DE LA ADMINISTRACIÓN PUBLICA",1.2.4.2.04 - SGP-SALUD-SUBSIDIO A LA OFERTA,,,,,,NO APLICA,,,,,,SIN SITUACION DE FONDOS,DIRECCION NACIONAL DEL TESORO MINISTERIO DE HACIENDA Y CREDITO PUBLICO,NO DEFINIDO,209504409.0,124326280.0,124326280.0
13440328,20210901,218552585,Pupiales,2.3.2.02.02.009,"SERVICIOS PARA LA COMUNIDAD, SOCIALES Y PERSONALES",GASTOS,INVERSION,ADQUISICION DE BIENES Y SERVICIOS,ADQUISICIONES DIFERENTES DE ACTIVOS,ADQUISICION DE SERVICIOS,"SERVICIOS PARA LA COMUNIDAD, SOCIALES Y PERSONALES",No Aplica,No Aplica,No Aplica,No Aplica,VIGENCIA ACTUAL,ENTIDADES TERRITORIALES - ADMINISTRACION CENTRAL,45.01.029 - GOBIERNO TERRITORIAL - FORTALECIMIENTO DE LA CONVIVENCIA Y LA SEGURIDAD CIUDADANA - SERVICIO DE APOYO FINANCIERO PARA PROYECTOS DE CONVIVENCIA Y SEGURIDAD CIUDADANA,2021525850009,NO DEFINIDO,,,2021,Tercer Trimestre,,,,"91114 - SERVICIOS DE PLANIFICACIÓN ECONÓMICA, SOCIAL Y ESTADÍSTICA DE LA ADMINISTRACIÓN PUBLICA",1.2.1.0.00 - INGRESOS CORRIENTES DE LIBRE DESTINACION,,,,,,NO APLICA,,,,,,CON SITUACION DE FONDOS,NO APLICA,NO DEFINIDO,20930000.0,20930000.0,20930000.0
13442515,20210301,218552585,Pupiales,2.3.2.01.01.001.03.02,"AUTOPISTAS, CARRETERAS, CALLES",GASTOS,INVERSION,ADQUISICION DE BIENES Y SERVICIOS,ADQUISICION DE ACTIVOS NO FINANCIEROS,ACTIVOS FIJOS,EDIFICACIONES Y ESTRUCTURAS,OTRAS ESTRUCTURAS,"AUTOPISTAS, CARRETERAS, CALLES",No Aplica,No Aplica,VIGENCIA ACTUAL,ENTIDADES TERRITORIALES - ADMINISTRACION CENTRAL,24.02.001 - TRANSPORTE - INFRAESTRUCTURA RED VIAL REGIONAL - VIA SECUNDARIA CONSTRUIDA,2021525850007,NO DEFINIDO,,,2021,Primer Trimestre,,,,"91114 - SERVICIOS DE PLANIFICACIÓN ECONÓMICA, SOCIAL Y ESTADÍSTICA DE LA ADMINISTRACIÓN PUBLICA",1.2.4.3.03 - SGP-PROPOSITO GENERAL-PROPOSITO GENERAL LIBRE INVERSION,,,,,,NO APLICA,,,,,,CON SITUACION DE FONDOS,DIRECCION NACIONAL DEL TESORO MINISTERIO DE HACIENDA Y CREDITO PUBLICO,NO DEFINIDO,49000000.0,0.0,0.0
13448286,20210601,218552585,Pupiales,2.3.2.02.02.009,"SERVICIOS PARA LA COMUNIDAD, SOCIALES Y PERSONALES",GASTOS,INVERSION,ADQUISICION DE BIENES Y SERVICIOS,ADQUISICIONES DIFERENTES DE ACTIVOS,ADQUISICION DE SERVICIOS,"SERVICIOS PARA LA COMUNIDAD, SOCIALES Y PERSONALES",No Aplica,No Aplica,No Aplica,No Aplica,VIGENCIA ACTUAL,ENTIDADES TERRITORIALES - ADMINISTRACION CENTRAL,"33.02.044 - CULTURA - GESTION, PROTECCION Y SALVAGUARDIA DEL PATRIMONIO CULTURAL COLOMBIANO - SERVICIO DE PROMOCION DE ACTIVIDADES CULTURALES.",2021525850021,NO DEFINIDO,,,2021,Segundo Trimestre,,,,"91114 - SERVICIOS DE PLANIFICACIÓN ECONÓMICA, SOCIAL Y ESTADÍSTICA DE LA ADMINISTRACIÓN PUBLICA",1.2.3.1.19 - ESTAMPILLAS,,,,,,NO APLICA,,,,,,CON SITUACION DE FONDOS,NO APLICA,NO DEFINIDO,30210000.0,29060000.0,29060000.0
13476888,20230601,218552585,Pupiales,2.3.3.05.08.001,REGION ADMINISTRATIVA DE PLANIFICACION ESPECIAL-RAPE,GASTOS,INVERSION,TRANSFERENCIAS CORRIENTES,A ENTIDADES DEL GOBIERNO,A ESQUEMAS ASOCIATIVOS,REGION ADMINISTRATIVA DE PLANIFICACION ESPECIAL-RAPE,No Aplica,No Aplica,No Aplica,No Aplica,CUENTAS POR PAGAR,ENTIDADES TERRITORIALES - ADMINISTRACION CENTRAL,NO APLICA,No Aplica,NO DEFINIDO,,,2023,Segundo Trimestre,,,,NO APLICA,SOBRETASA - PARTICIPACION AMBIENTAL - CORPORACIONES AUTONOMAS REGIONALES,,,,,,NO APLICA,,,,,,CON SITUACION DE FONDOS,CORPORACION AUTONOMA REGIONAL DE NARIÑO,NO APLICA,6238423.0,6238423.0,6238423.0
13482058,20211201,218552585,Pupiales,2.3.2.02.02.009,"SERVICIOS PARA LA COMUNIDAD, SOCIALES Y PERSONALES",GASTOS,INVERSION,ADQUISICION DE BIENES Y SERVICIOS,ADQUISICIONES DIFERENTES DE ACTIVOS,ADQUISICION DE SERVICIOS,"SERVICIOS PARA LA COMUNIDAD, SOCIALES Y PERSONALES",No Aplica,No Aplica,No Aplica,No Aplica,VIGENCIA ACTUAL,ENTIDADES TERRITORIALES - ADMINISTRACION CENTRAL,SERVICIO DE ATENCION EN SALUD A LA POBLACION,No Aplica,NO DEFINIDO,,,2021,Cuarto Trimestre,,,,OTROS SERVICIOS DIVERSOS N C P,TRANSFERENCIAS DE CAPITAL DE OTRAS ENTIDADES DEL GOBIERNO GENERAL,,,,,,NO APLICA,,,,,,CON SITUACION DE FONDOS,DEPARTAMENTO DE NARIÑO,NO DEFINIDO,590906552.0,590906552.0,590906552.0
13482692,20210301,218552585,Pupiales,2.3.2.02.02.009,"SERVICIOS PARA LA COMUNIDAD, SOCIALES Y PERSONALES",GASTOS,INVERSION,ADQUISICION DE BIENES Y SERVICIOS,ADQUISICIONES DIFERENTES DE ACTIVOS,ADQUISICION DE SERVICIOS,"SERVICIOS PARA LA COMUNIDAD, SOCIALES Y PERSONALES",No Aplica,No Aplica,No Aplica,No Aplica,VIGENCIA ACTUAL,ENTIDADES TERRITORIALES - ADMINISTRACION CENTRAL,"33.01.074 - CULTURA - PROMOCION Y ACCESO EFECTIVO A PROCESOS CULTURALES Y ARTISTICOS - SERVICIO DE APOYO PARA LA ORGANIZACION Y LA PARTICIPACION DEL SECTOR ARTISTICO, CULTURAL Y LA CIUDADANIA",2021525850021,NO DEFINIDO,,,2021,Primer Trimestre,,,,"91114 - SERVICIOS DE PLANIFICACIÓN ECONÓMICA, SOCIAL Y ESTADÍSTICA DE LA ADMINISTRACIÓN PUBLICA",1.2.4.3.02 - SGP-PROPOSITO GENERAL-CULTURA,,,,,,NO APLICA,,,,,,CON SITUACION DE FONDOS,DIRECCION NACIONAL DEL TESORO MINISTERIO DE HACIENDA Y CREDITO PUBLICO,NO DEFINIDO,11500000.0,4600000.0,4600000.0
13491347,20210901,218552585,Pupiales,2.3.2.02.02.009,"SERVICIOS PARA LA COMUNIDAD, SOCIALES Y PERSONALES",GASTOS,INVERSION,ADQUISICION DE BIENES Y SERVICIOS,ADQUISICIONES DIFERENTES DE ACTIVOS,ADQUISICION DE SERVICIOS,"SERVICIOS PARA LA COMUNIDAD, SOCIALES Y PERSONALES",No Aplica,No Aplica,No Aplica,No Aplica,VIGENCIA ACTUAL,ENTIDADES TERRITORIALES - ADMINISTRACION CENTRAL,"40.03.047 - VIVIENDA, CIUDAD Y TERRITORIO - ACCESO DE LA POBLACION A LOS SERVICIOS DE AGUA POTABLE Y SANEAMIENTO BASICO - SERVICIO DE APOYO FINANCIERO PARA SUBSIDIOS AL CONSUMO EN LOS SERVICIOS PUBLIC",No Aplica,NO DEFINIDO,,,2021,Tercer Trimestre,,,,"91114 - SERVICIOS DE PLANIFICACIÓN ECONÓMICA, SOCIAL Y ESTADÍSTICA DE LA ADMINISTRACIÓN PUBLICA",1.2.3.2.01 - CONTRIBUCION SOBRE CONTRATOS DE OBRA PUBLICA,,,,,,NO APLICA,,,,,,CON SITUACION DE FONDOS,NO APLICA,NO DEFINIDO,1800000.0,1800000.0,1800000.0
13492269,20210601,218552585,Pupiales,2.3.2.02.02.009,"SERVICIOS PARA LA COMUNIDAD, SOCIALES Y PERSONALES",GASTOS,INVERSION,ADQUISICION DE BIENES Y SERVICIOS,ADQUISICIONES DIFERENTES DE ACTIVOS,ADQUISICION DE SERVICIOS,"SERVICIOS PARA LA COMUNIDAD, SOCIALES Y PERSONALES",No Aplica,No Aplica,No Aplica,No Aplica,VIGENCIA ACTUAL,ENTIDADES TERRITORIALES - ADMINISTRACION CENTRAL,45.03.003 - GOBIERNO TERRITORIAL - GESTION DEL RIESGO DE DESASTRES Y EMERGENCIAS - SERVICIO DE ASISTENCIA TECNICA,2021525850002,NO DEFINIDO,,,2021,Segundo Trimestre,,,,"91114 - SERVICIOS DE PLANIFICACIÓN ECONÓMICA, SOCIAL Y ESTADÍSTICA DE LA ADMINISTRACIÓN PUBLICA",1.2.4.3.03 - SGP-PROPOSITO GENERAL-PROPOSITO GENERAL LIBRE INVERSION,,,,,,NO APLICA,,,,,,CON SITUACION DE FONDOS,DIRECCION NACIONAL DEL TESORO MINISTERIO DE HACIENDA Y CREDITO PUBLICO,NO DEFINIDO,25750000.0,22187058.0,22187058.0
13500792,20210601,218552585,Pupiales,2.3.2.02.02.009,"SERVICIOS PARA LA COMUNIDAD, SOCIALES Y PERSONALES",GASTOS,INVERSION,ADQUISICION DE BIENES Y SERVICIOS,ADQUISICIONES DIFERENTES DE ACTIVOS,ADQUISICION DE SERVICIOS,"SERVICIOS PARA LA COMUNIDAD, SOCIALES Y PERSONALES",No Aplica,No Aplica,No Aplica,No Aplica,VIGENCIA ACTUAL,ENTIDADES TERRITORIALES - ADMINISTRACION CENTRAL,33.99.009 - CULTURA - FORTALECIMIENTO DE LA GESTION Y DIRECCION DEL SECTOR CULTURA - SEDES CONSTRUIDAS,No Aplica,NO DEFINIDO,,,2021,Segundo Trimestre,,,,"91114 - SERVICIOS DE PLANIFICACIÓN ECONÓMICA, SOCIAL Y ESTADÍSTICA DE LA ADMINISTRACIÓN PUBLICA",1.3.1.1.07 - TRANSFERENCIAS DE CAPITAL DE OTRAS ENTIDADES DEL GOBIERNO GENERAL,,,,,,NO APLICA,,,,,,CON SITUACION DE FONDOS,OTRO,NO DEFINIDO,9000000.0,0.0,0.0
13522851,20210901,218552585,Pupiales,2.3.2.02.02.009,"SERVICIOS PARA LA COMUNIDAD, SOCIALES Y PERSONALES",GASTOS,INVERSION,ADQUISICION DE BIENES Y SERVICIOS,ADQUISICIONES DIFERENTES DE ACTIVOS,ADQUISICION DE SERVICIOS,"SERVICIOS PARA LA COMUNIDAD, SOCIALES Y PERSONALES",No Aplica,No Aplica,No Aplica,No Aplica,VIGENCIA ACTUAL,ENTIDADES TERRITORIALES - ADMINISTRACION CENTRAL,45.01.026 - GOBIERNO TERRITORIAL - FORTALECIMIENTO DE LA CONVIVENCIA Y LA SEGURIDAD CIUDADANA - DOCUMENTOS PLANEACION,No Aplica,NO DEFINIDO,,,2021,Tercer Trimestre,,,,"91114 - SERVICIOS DE PLANIFICACIÓN ECONÓMICA, SOCIAL Y ESTADÍSTICA DE LA ADMINISTRACIÓN PUBLICA",1.2.4.3.03 - SGP-PROPOSITO GENERAL-PROPOSITO GENERAL LIBRE INVERSION,,,,,,NO APLICA,,,,,,CON SITUACION DE FONDOS,DIRECCION NACIONAL DEL TESORO MINISTERIO DE HACIENDA Y CREDITO PUBLICO,NO DEFINIDO,28448214.0,5248214.0,5248214.0
13526404,20210901,218552585,Pupiales,2.3.2.02.02.009,"SERVICIOS PARA LA COMUNIDAD, SOCIALES Y PERSONALES",GASTOS,INVERSION,ADQUISICION DE BIENES Y SERVICIOS,ADQUISICIONES DIFERENTES DE ACTIVOS,ADQUISICION DE SERVICIOS,"SERVICIOS PARA LA COMUNIDAD, SOCIALES Y PERSONALES",No Aplica,No Aplica,No Aplica,No Aplica,VIGENCIA ACTUAL,ENTIDADES TERRITORIALES - ADMINISTRACION CENTRAL,"12.05.001 - JUSTICIA Y DEL DERECHO - DEFENSA JURIDICA DEL ESTADO - SERVICIO DE ASISTENCIA TECNICA A LAS ENTIDADES EN MATERIA DE DEFENSA JURIDICA, GERENCIA JURIDICA PUBLICA, SOLUCION AMISTOSA DE CONFLI",No Aplica,NO DEFINIDO,,,2021,Tercer Trimestre,,,,"91114 - SERVICIOS DE PLANIFICACIÓN ECONÓMICA, SOCIAL Y ESTADÍSTICA DE LA ADMINISTRACIÓN PUBLICA",1.3.1.1.07 - TRANSFERENCIAS DE CAPITAL DE OTRAS ENTIDADES DEL GOBIERNO GENERAL,,,,,,NO APLICA,,,,,,CON SITUACION DE FONDOS,OTRO,NO DEFINIDO,9000000.0,9000000.0,9000000.0
13551011,20210301,218552585,Pupiales,2.3.2.02.02.009,"SERVICIOS PARA LA COMUNIDAD, SOCIALES Y PERSONALES",GASTOS,INVERSION,ADQUISICION DE BIENES Y SERVICIOS,ADQUISICIONES DIFERENTES DE ACTIVOS,ADQUISICION DE SERVICIOS,"SERVICIOS PARA LA COMUNIDAD, SOCIALES Y PERSONALES",No Aplica,No Aplica,No Aplica,No Aplica,VIGENCIA ACTUAL,ENTIDADES TERRITORIALES - ADMINISTRACION CENTRAL,45.99.029 - GOBIERNO TERRITORIAL - FORTALECIMIENTO A LA GESTION Y DIRECCION DE LA ADMINISTRACION PUBLICA TERRITORIAL - SERVICIO DE INTEGRACION DE LA OFERTA PUBLICA,2021525850009,NO DEFINIDO,,,2021,Primer Trimestre,,,,"91114 - SERVICIOS DE PLANIFICACIÓN ECONÓMICA, SOCIAL Y ESTADÍSTICA DE LA ADMINISTRACIÓN PUBLICA",1.2.4.3.03 - SGP-PROPOSITO GENERAL-PROPOSITO GENERAL LIBRE INVERSION,,,,,,NO APLICA,,,,,,CON SITUACION DE FONDOS,DIRECCION NACIONAL DEL TESORO MINISTERIO DE HACIENDA Y CREDITO PUBLICO,NO DEFINIDO,25000000.0,0.0,0.0
13551647,20210901,218552585,Pupiales,2.3.2.02.02.009,"SERVICIOS PARA LA COMUNIDAD, SOCIALES Y PERSONALES",GASTOS,INVERSION,ADQUISICION DE BIENES Y SERVICIOS,ADQUISICIONES DIFERENTES DE ACTIVOS,ADQUISICION DE SERVICIOS,"SERVICIOS PARA LA COMUNIDAD, SOCIALES Y PERSONALES",No Aplica,No Aplica,No Aplica,No Aplica,VIGENCIA ACTUAL,ENTIDADES TERRITORIALES - ADMINISTRACION CENTRAL,"41.02.038 - INCLUSION SOCIAL Y RECONCILIACION - DESARROLLO INTEGRAL DE LA PRIMERA INFANCIA A LA JUVENTUD, Y FORTALECIMIENTO DE LAS CAPACIDADES DE LAS FAMILIAS DE NIÑAS, NIÑOS Y ADOLESCENTES - SERVICIO",No Aplica,NO DEFINIDO,,,2021,Tercer Trimestre,,,,"91114 - SERVICIOS DE PLANIFICACIÓN ECONÓMICA, SOCIAL Y ESTADÍSTICA DE LA ADMINISTRACIÓN PUBLICA",1.2.4.3.03 - SGP-PROPOSITO GENERAL-PROPOSITO GENERAL LIBRE INVERSION,,,,,,NO APLICA,,,,,,CON SITUACION DE FONDOS,DIRECCION NACIONAL DEL TESORO MINISTERIO DE HACIENDA Y CREDITO PUBLICO,NO DEFINIDO,7750000.0,7750000.0,7750000.0
13566720,20210901,218552585,Pupiales,2.3.2.02.02.009,"SERVICIOS PARA LA COMUNIDAD, SOCIALES Y PERSONALES",GASTOS,INVERSION,ADQUISICION DE BIENES Y SERVICIOS,ADQUISICIONES DIFERENTES DE ACTIVOS,ADQUISICION DE SERVICIOS,"SERVICIOS PARA LA COMUNIDAD, SOCIALES Y PERSONALES",No Aplica,No Aplica,No Aplica,No Aplica,VIGENCIA ACTUAL,ENTIDADES TERRITORIALES - ADMINISTRACION CENTRAL,"43.01.001 - DEPORTE Y RECREACION - FOMENTO A LA RECREACION, LA ACTIVIDAD FISICA Y EL DEPORTE PARA DESARROLLAR ENTORNOS DE CONVIVENCIA Y PAZ - SERVICIO DE APOYO A LA ACTIVIDAD FISICA, LA RECREACION Y E",No Aplica,NO DEFINIDO,,,2021,Tercer Trimestre,,,,"91114 - SERVICIOS DE PLANIFICACIÓN ECONÓMICA, SOCIAL Y ESTADÍSTICA DE LA ADMINISTRACIÓN PUBLICA",1.2.4.3.03 - SGP-PROPOSITO GENERAL-PROPOSITO GENERAL LIBRE INVERSION,,,,,,NO APLICA,,,,,,CON SITUACION DE FONDOS,DIRECCION NACIONAL DEL TESORO MINISTERIO DE HACIENDA Y CREDITO PUBLICO,NO DEFINIDO,46223800.0,33023800.0,33023800.0
13591069,20210901,218552585,Pupiales,2.3.2.02.02.006,"COMERCIO Y DISTRIBUCION; ALOJAMIENTO; SERVICIOS DE SUMINISTRO DE COMIDAS Y BEBIDAS; SERVICIOS DE TRANSPORTE; Y SERVICIOS DE DISTRIBUCION DE ELECTRICIDAD, GAS Y AGUA",GASTOS,INVERSION,ADQUISICION DE BIENES Y SERVICIOS,ADQUISICIONES DIFERENTES DE ACTIVOS,ADQUISICION DE SERVICIOS,"COMERCIO Y DISTRIBUCION; ALOJAMIENTO; SERVICIOS DE SUMINISTRO DE COMIDAS Y BEBIDAS; SERVICIOS DE TRANSPORTE; Y SERVICIOS DE DISTRIBUCION DE ELECTRICIDAD, GAS Y AGUA",No Aplica,No Aplica,No Aplica,No Aplica,VIGENCIA ACTUAL,ENTIDADES TERRITORIALES - ADMINISTRACION CENTRAL,21.02.024 - MINAS Y ENERGIA - CONSOLIDACION PRODUCTIVA DEL SECTOR DE ENERGIA ELECTRICA - SERVICIO DE APOYO FINANCIERO AL CONSUMO DEL SERVICIO DE ENERGIA ELECTRICA DEL SISTEMA INTERCONECTADO NACIONAL,No Aplica,NO DEFINIDO,,,2021,Tercer Trimestre,,,,"91114 - SERVICIOS DE PLANIFICACIÓN ECONÓMICA, SOCIAL Y ESTADÍSTICA DE LA ADMINISTRACIÓN PUBLICA",1.2.4.3.03 - SGP-PROPOSITO GENERAL-PROPOSITO GENERAL LIBRE INVERSION,,,,,,NO APLICA,,,,,,CON SITUACION DE FONDOS,DIRECCION NACIONAL DEL TESORO MINISTERIO DE HACIENDA Y CREDITO PUBLICO,NO DEFINIDO,264587690.0,230457260.0,230457260.0
13594949,20230601,218552585,Pupiales,2.3.2.02.02.009,"SERVICIOS PARA LA COMUNIDAD, SOCIALES Y PERSONALES",GASTOS,INVERSION,ADQUISICION DE BIENES Y SERVICIOS,ADQUISICIONES DIFERENTES DE ACTIVOS,ADQUISICION DE SERVICIOS,"SERVICIOS PARA LA COMUNIDAD, SOCIALES Y PERSONALES",No Aplica,No Aplica,No Aplica,No Aplica,VIGENCIA ACTUAL,ENTIDADES TERRITORIALES - ADMINISTRACION CENTRAL,SERVICIO DE ASISTENCIA TECNICA PARA IMPLEMENTAR MEJORES PRACTICAS EN MATERIA DE PREVENCION DEL DAÑO ANTIJURIDICO Y DEFENSA JURIDICA DEL ESTADO,No Aplica,NO DEFINIDO,,,2023,Segundo Trimestre,,,,SERVICIOS DE LOS ORGANOS DE CONTROL Y OTRAS INSTITUCIONES,SGP-PROPOSITO GENERAL-PROPOSITO GENERAL LIBRE INVERSION,,,,,,NO APLICA,,,,,,CON SITUACION DE FONDOS,NO APLICA,NO APLICA,20800000.0,15600000.0,15600000.0
13610204,20230301,218552585,Pupiales,2.1.1.01.02.005,APORTES GENERALES AL SISTEMA DE RIESGOS LABORALES,GASTOS,FUNCIONAMIENTO,GASTOS DE PERSONAL,PLANTA DE PERSONAL PERMANENTE,CONTRIBUCIONES INHERENTES A LA NOMINA,APORTES GENERALES AL SISTEMA DE RIESGOS LABORALES,No Aplica,No Aplica,No Aplica,No Aplica,VIGENCIA ACTUAL,ENTIDADES TERRITORIALES - ADMINISTRACION CENTRAL,NO APLICA,No Aplica,NO DEFINIDO,,,2023,Primer Trimestre,,,,NO APLICA,"SGP-PROPOSITO GENERAL-LIBRE DESTINACION MUNICIPIOS CATEGORIAS 4, 5 Y 6",,,,,,NO APLICA,,,,,,CON SITUACION DE FONDOS,POSITIVA COMPAÑIA DE SEGUROS S.A.,NO APLICA,557100.0,557100.0,365300.0
13631550,20210601,218552585,Pupiales,2.3.2.02.02.009,"SERVICIOS PARA LA COMUNIDAD, SOCIALES Y PERSONALES",GASTOS,INVERSION,ADQUISICION DE BIENES Y SERVICIOS,ADQUISICIONES DIFERENTES DE ACTIVOS,ADQUISICION DE SERVICIOS,"SERVICIOS PARA LA COMUNIDAD, SOCIALES Y PERSONALES",No Aplica,No Aplica,No Aplica,No Aplica,VIGENCIA ACTUAL,ENTIDADES TERRITORIALES - ADMINISTRACION CENTRAL,43.02.001 - DEPORTE Y RECREACION - FORMACION Y PREPARACION DE DEPORTISTAS - SERVICIO DE PREPARACION DEPORTIVA,2021525850035,NO DEFINIDO,,,2021,Segundo Trimestre,,,,"91114 - SERVICIOS DE PLANIFICACIÓN ECONÓMICA, SOCIAL Y ESTADÍSTICA DE LA ADMINISTRACIÓN PUBLICA",1.2.4.3.01 - SGP-PROPOSITO GENERAL-DEPORTE Y RECREACION,,,,,,NO APLICA,,,,,,CON SITUACION DE FONDOS,DIRECCION NACIONAL DEL TESORO MINISTERIO DE HACIENDA Y CREDITO PUBLICO,NO DEFINIDO,10267000.0,2566500.0,2566500.0
13639315,20211201,218552585,Pupiales,2.3.2.02.02.009,"SERVICIOS PARA LA COMUNIDAD, SOCIALES Y PERSONALES",GASTOS,INVERSION,ADQUISICION DE BIENES Y SERVICIOS,ADQUISICIONES DIFERENTES DE ACTIVOS,ADQUISICION DE SERVICIOS,"SERVICIOS PARA LA COMUNIDAD, SOCIALES Y PERSONALES",No Aplica,No Aplica,No Aplica,No Aplica,VIGENCIA ACTUAL,ENTIDADES TERRITORIALES - ADMINISTRACION CENTRAL,"SERVICIO DIRIGIDOS A LA ATENCION DE NIÑOS, NIÑAS, ADOLESCENTES Y JOVENES, CON ENFOQUE PEDAGOGICO Y RESTAURATIVO ENCAMINADOS A LA INCLUSION SOCIAL",No Aplica,NO DEFINIDO,,,2021,Cuarto Trimestre,,,,OTROS SERVICIOS DIVERSOS N C P,SGP-ASIGNACION-ATENCION INTEGRAL DE LA PRIMERA INFANCIA,,,,,,NO APLICA,,,,,,CON SITUACION DE FONDOS,DIRECCION NACIONAL DEL TESORO MINISTERIO DE HACIENDA Y CREDITO PUBLICO,NO DEFINIDO,23600000.0,23600000.0,23600000.0
13646203,20230601,218552585,Pupiales,2.3.1.01.02.002,APORTES A LA SEGURIDAD SOCIAL EN SALUD,GASTOS,INVERSION,GASTOS DE PERSONAL,PLANTA DE PERSONAL PERMANENTE,CONTRIBUCIONES INHERENTES A LA NOMINA,APORTES A LA SEGURIDAD SOCIAL EN SALUD,No Aplica,No Aplica,No Aplica,No Aplica,VIGENCIA ACTUAL,ENTIDADES TERRITORIALES - ADMINISTRACION CENTRAL,SERVICIO DE ASISTENCIA TECNICA AGROPECUARIA DIRIGIDA A PEQUEÑOS PRODUCTORES,No Aplica,NO DEFINIDO,,,2023,Segundo Trimestre,,,,NO APLICA,SGP-PROPOSITO GENERAL-PROPOSITO GENERAL LIBRE INVERSION,,,,,,NO APLICA,,,,,,CON SITUACION DE FONDOS,NO APLICA,NO APLICA,600000.0,600000.0,600000.0
13658388,20210601,218552585,Pupiales,2.3.2.02.02.009,"SERVICIOS PARA LA COMUNIDAD, SOCIALES Y PERSONALES",GASTOS,INVERSION,ADQUISICION DE BIENES Y SERVICIOS,ADQUISICIONES DIFERENTES DE ACTIVOS,ADQUISICION DE SERVICIOS,"SERVICIOS PARA LA COMUNIDAD, SOCIALES Y PERSONALES",No Aplica,No Aplica,No Aplica,No Aplica,VIGENCIA ACTUAL,ENTIDADES TERRITORIALES - ADMINISTRACION CENTRAL,"40.03.038 - VIVIENDA, CIUDAD Y TERRITORIO - ACCESO DE LA POBLACION A LOS SERVICIOS DE AGUA POTABLE Y SANEAMIENTO BASICO - SERVICIO DE ASISTENCIA TECNICA PARA LA ESTRUCTURACION, FORMULACION YEJECUCION",No Aplica,NO DEFINIDO,,,2021,Segundo Trimestre,,,,"91114 - SERVICIOS DE PLANIFICACIÓN ECONÓMICA, SOCIAL Y ESTADÍSTICA DE LA ADMINISTRACIÓN PUBLICA",1.2.4.6.00 - SGP-AGUA POTABLE Y SANEAMIENTO BASICO,,,,,,NO APLICA,,,,,,CON SITUACION DE FONDOS,DIRECCION NACIONAL DEL TESORO MINISTERIO DE HACIENDA Y CREDITO PUBLICO,NO DEFINIDO,12650000.0,10450000.0,10450000.0
13662238,20210601,218552585,Pupiales,2.3.2.02.01.001,"MINERALES, ELECTRICIDAD, GAS Y AGUA",GASTOS,INVERSION,ADQUISICION DE BIENES Y SERVICIOS,ADQUISICIONES DIFERENTES DE ACTIVOS,MATERIALES Y SUMINISTROS,"MINERALES, ELECTRICIDAD, GAS Y AGUA",No Aplica,No Aplica,No Aplica,No Aplica,VIGENCIA ACTUAL,ENTIDADES TERRITORIALES - ADMINISTRACION CENTRAL,24.02.107 - TRANSPORTE - INFRAESTRUCTURA RED VIAL REGIONAL - SERVICIO DE ASISTENCIA TECNICA EN INFRAESTRUCTURA Y SERVICIO DE LA RED VIAL REGIONAL,No Aplica,NO DEFINIDO,,,2021,Segundo Trimestre,,,,"91114 - SERVICIOS DE PLANIFICACIÓN ECONÓMICA, SOCIAL Y ESTADÍSTICA DE LA ADMINISTRACIÓN PUBLICA",1.2.4.3.03 - SGP-PROPOSITO GENERAL-PROPOSITO GENERAL LIBRE INVERSION,,,,,,NO APLICA,,,,,,CON SITUACION DE FONDOS,DIRECCION NACIONAL DEL TESORO MINISTERIO DE HACIENDA Y CREDITO PUBLICO,NO DEFINIDO,100000000.0,50000000.0,50000000.0
13671782,20210301,218552585,Pupiales,2.3.2.02.02.009,"SERVICIOS PARA LA COMUNIDAD, SOCIALES Y PERSONALES",GASTOS,INVERSION,ADQUISICION DE BIENES Y SERVICIOS,ADQUISICIONES DIFERENTES DE ACTIVOS,ADQUISICION DE SERVICIOS,"SERVICIOS PARA LA COMUNIDAD, SOCIALES Y PERSONALES",No Aplica,No Aplica,No Aplica,No Aplica,VIGENCIA ACTUAL,ENTIDADES TERRITORIALES - ADMINISTRACION CENTRAL,33.01.085 - CULTURA - PROMOCION Y ACCESO EFECTIVO A PROCESOS CULTURALES Y ARTISTICOS - SERVICIOS BIBLIOTECARIOS,2021525850009,NO DEFINIDO,,,2021,Primer Trimestre,,,,"91114 - SERVICIOS DE PLANIFICACIÓN ECONÓMICA, SOCIAL Y ESTADÍSTICA DE LA ADMINISTRACIÓN PUBLICA",1.2.4.3.02 - SGP-PROPOSITO GENERAL-CULTURA,,,,,,NO APLICA,,,,,,CON SITUACION DE FONDOS,DIRECCION NACIONAL DEL TESORO MINISTERIO DE HACIENDA Y CREDITO PUBLICO,NO DEFINIDO,10733000.0,4800000.0,1150000.0
13697410,20210301,218552585,Pupiales,2.3.2.01.01.001.02.04,EDIFICIOS PUBLICOS DE ENTRETENIMIENTO,GASTOS,INVERSION,ADQUISICION DE BIENES Y SERVICIOS,ADQUISICION DE ACTIVOS NO FINANCIEROS,ACTIVOS FIJOS,EDIFICACIONES Y ESTRUCTURAS,EDIFICACIONES DISTINTAS A VIVIENDAS,EDIFICIOS PUBLICOS DE ENTRETENIMIENTO,No Aplica,No Aplica,VIGENCIA ACTUAL,ENTIDADES TERRITORIALES - ADMINISTRACION CENTRAL,41.04.001 - INCLUSION SOCIAL Y RECONCILIACION - ATENCION INTEGRAL DE POBLACION EN SITUACION PERMANENTE DE DESPROTECCION SOCIAL Y/O FAMILIAR - CENTROS DE PROTECCION SOCIAL PARA EL ADULTO MAYOR CONSTRUI,No Aplica,NO DEFINIDO,,,2021,Primer Trimestre,,,,"91114 - SERVICIOS DE PLANIFICACIÓN ECONÓMICA, SOCIAL Y ESTADÍSTICA DE LA ADMINISTRACIÓN PUBLICA",1.2.3.1.19 - ESTAMPILLAS,,,,,,NO APLICA,,,,,,CON SITUACION DE FONDOS,NO APLICA,NO DEFINIDO,6900000.0,3960000.0,2000000.0
13702713,20210601,218552585,Pupiales,2.3.2.02.02.005,CONSTRUCCION Y SERVICIOS DE LA CONSTRUCCION,GASTOS,INVERSION,ADQUISICION DE BIENES Y SERVICIOS,ADQUISICIONES DIFERENTES DE ACTIVOS,ADQUISICION DE SERVICIOS,CONSTRUCCION Y SERVICIOS DE LA CONSTRUCCION,No Aplica,No Aplica,No Aplica,No Aplica,VIGENCIA ACTUAL,ENTIDADES TERRITORIALES - ADMINISTRACION CENTRAL,"40.03.008 - VIVIENDA, CIUDAD Y TERRITORIO - ACCESO DE LA POBLACION A LOS SERVICIOS DE AGUA POTABLE Y SANEAMIENTO BASICO - SERVICIO DE APOYO FINANCIERO A LOS PLANES, PROGRAMAS Y PROYECTOS DE AGUA POTAB",No Aplica,NO DEFINIDO,,,2021,Segundo Trimestre,,,,"91114 - SERVICIOS DE PLANIFICACIÓN ECONÓMICA, SOCIAL Y ESTADÍSTICA DE LA ADMINISTRACIÓN PUBLICA",1.2.4.6.00 - SGP-AGUA POTABLE Y SANEAMIENTO BASICO,,,,,,NO APLICA,,,,,,CON SITUACION DE FONDOS,NO APLICA,NO DEFINIDO,245974004.0,122987004.0,122987004.0
13737516,20210601,218552585,Pupiales,2.3.2.02.02.009,"SERVICIOS PARA LA COMUNIDAD, SOCIALES Y PERSONALES",GASTOS,INVERSION,ADQUISICION DE BIENES Y SERVICIOS,ADQUISICIONES DIFERENTES DE ACTIVOS,ADQUISICION DE SERVICIOS,"SERVICIOS PARA LA COMUNIDAD, SOCIALES Y PERSONALES",No Aplica,No Aplica,No Aplica,No Aplica,VIGENCIA ACTUAL,ENTIDADES TERRITORIALES - ADMINISTRACION CENTRAL,"19.03.011 - SALUD Y PROTECCION SOCIAL - INSPECCION, VIGILANCIA Y CONTROL - SERVICIO DE INSPECCION, VIGILANCIA Y CONTROL",No Aplica,NO DEFINIDO,,,2021,Segundo Trimestre,,,,"91114 - SERVICIOS DE PLANIFICACIÓN ECONÓMICA, SOCIAL Y ESTADÍSTICA DE LA ADMINISTRACIÓN PUBLICA",1.2.4.2.03 - SGP-SALUD-PRESTACION DEL SERVICIO DE SALUD,,,,,,NO APLICA,,,,,,CON SITUACION DE FONDOS,DIRECCION NACIONAL DEL TESORO MINISTERIO DE HACIENDA Y CREDITO PUBLICO,NO DEFINIDO,21486339.0,13860000.0,9410000.0
13754439,20210601,218552585,Pupiales,2.3.2.02.02.005,CONSTRUCCION Y SERVICIOS DE LA CONSTRUCCION,GASTOS,INVERSION,ADQUISICION DE BIENES Y SERVICIOS,ADQUISICIONES DIFERENTES DE ACTIVOS,ADQUISICION DE SERVICIOS,CONSTRUCCION Y SERVICIOS DE LA CONSTRUCCION,No Aplica,No Aplica,No Aplica,No Aplica,VIGENCIA ACTUAL,ENTIDADES TERRITORIALES - ADMINISTRACION CENTRAL,45.99.016 - GOBIERNO TERRITORIAL - FORTALECIMIENTO A LA GESTION Y DIRECCION DE LA ADMINISTRACION PUBLICA TERRITORIAL - SEDES MANTENIDAS,2021525850009,NO DEFINIDO,,,2021,Segundo Trimestre,,,,"91114 - SERVICIOS DE PLANIFICACIÓN ECONÓMICA, SOCIAL Y ESTADÍSTICA DE LA ADMINISTRACIÓN PUBLICA",1.2.4.3.03 - SGP-PROPOSITO GENERAL-PROPOSITO GENERAL LIBRE INVERSION,,,,,,NO APLICA,,,,,,CON SITUACION DE FONDOS,DIRECCION NACIONAL DEL TESORO MINISTERIO DE HACIENDA Y CREDITO PUBLICO,NO DEFINIDO,5750000.0,4650000.0,4650000.0
13785982,20210601,218552585,Pupiales,2.3.2.02.02.009,"SERVICIOS PARA LA COMUNIDAD, SOCIALES Y PERSONALES",GASTOS,INVERSION,ADQUISICION DE BIENES Y SERVICIOS,ADQUISICIONES DIFERENTES DE ACTIVOS,ADQUISICION DE SERVICIOS,"SERVICIOS PARA LA COMUNIDAD, SOCIALES Y PERSONALES",No Aplica,No Aplica,No Aplica,No Aplica,VIGENCIA ACTUAL,ENTIDADES TERRITORIALES - ADMINISTRACION CENTRAL,"40.03.020 - VIVIENDA, CIUDAD Y TERRITORIO - ACCESO DE LA POBLACION A LOS SERVICIOS DE AGUA POTABLE Y SANEAMIENTO BASICO - ALCANTARILLADOS OPTIMIZADOS",2021525850001,NO DEFINIDO,,,2021,Segundo Trimestre,,,,"91114 - SERVICIOS DE PLANIFICACIÓN ECONÓMICA, SOCIAL Y ESTADÍSTICA DE LA ADMINISTRACIÓN PUBLICA",1.2.4.6.00 - SGP-AGUA POTABLE Y SANEAMIENTO BASICO,,,,,,NO APLICA,,,,,,CON SITUACION DE FONDOS,DIRECCION NACIONAL DEL TESORO MINISTERIO DE HACIENDA Y CREDITO PUBLICO,NO DEFINIDO,13515000.0,13515000.0,13515000.0
13800417,20210301,218552585,Pupiales,2.3.2.02.02.009,"SERVICIOS PARA LA COMUNIDAD, SOCIALES Y PERSONALES",GASTOS,INVERSION,ADQUISICION DE BIENES Y SERVICIOS,ADQUISICIONES DIFERENTES DE ACTIVOS,ADQUISICION DE SERVICIOS,"SERVICIOS PARA LA COMUNIDAD, SOCIALES Y PERSONALES",No Aplica,No Aplica,No Aplica,No Aplica,VIGENCIA ACTUAL,ENTIDADES TERRITORIALES - ADMINISTRACION CENTRAL,"43.01.001 - DEPORTE Y RECREACION - FOMENTO A LA RECREACION, LA ACTIVIDAD FISICA Y EL DEPORTE PARA DESARROLLAR ENTORNOS DE CONVIVENCIA Y PAZ - SERVICIO DE APOYO A LA ACTIVIDAD FISICA, LA RECREACION Y E",2021525850010,NO DEFINIDO,,,2021,Primer Trimestre,,,,"91114 - SERVICIOS DE PLANIFICACIÓN ECONÓMICA, SOCIAL Y ESTADÍSTICA DE LA ADMINISTRACIÓN PUBLICA",1.2.4.3.01 - SGP-PROPOSITO GENERAL-DEPORTE Y RECREACION,,,,,,NO APLICA,,,,,,CON SITUACION DE FONDOS,DIRECCION NACIONAL DEL TESORO MINISTERIO DE HACIENDA Y CREDITO PUBLICO,NO DEFINIDO,7980000.0,4160000.0,4160000.0
13836363,20230601,218552585,Pupiales,2.3.1.01.02.009,APORTES A ESCUELAS INDUSTRIALES E INSTITUTOS TECNICOS,GASTOS,INVERSION,GASTOS DE PERSONAL,PLANTA DE PERSONAL PERMANENTE,CONTRIBUCIONES INHERENTES A LA NOMINA,APORTES A ESCUELAS INDUSTRIALES E INSTITUTOS TECNICOS,No Aplica,No Aplica,No Aplica,No Aplica,VIGENCIA ACTUAL,ENTIDADES TERRITORIALES - ADMINISTRACION CENTRAL,SERVICIO DE ASISTENCIA TECNICA AGROPECUARIA DIRIGIDA A PEQUEÑOS PRODUCTORES,No Aplica,NO DEFINIDO,,,2023,Segundo Trimestre,,,,NO APLICA,SGP-PROPOSITO GENERAL-PROPOSITO GENERAL LIBRE INVERSION,,,,,,NO APLICA,,,,,,CON SITUACION DE FONDOS,MINISTERIO DE EDUCACION NACIONAL,NO APLICA,88006.0,88006.0,88006.0
13841737,20210301,218552585,Pupiales,2.3.2.02.02.009,"SERVICIOS PARA LA COMUNIDAD, SOCIALES Y PERSONALES",GASTOS,INVERSION,ADQUISICION DE BIENES Y SERVICIOS,ADQUISICIONES DIFERENTES DE ACTIVOS,ADQUISICION DE SERVICIOS,"SERVICIOS PARA LA COMUNIDAD, SOCIALES Y PERSONALES",No Aplica,No Aplica,No Aplica,No Aplica,VIGENCIA ACTUAL,ENTIDADES TERRITORIALES - ADMINISTRACION CENTRAL,32.01.004 - AMBIENTE Y DESARROLLO SOSTENIBLE - FORTALECIMIENTO DEL DESEMPEÑO AMBIENTAL DE LOS SECTORES PRODUCTIVOS - SERVICIO DE ASISTENCIA TECNICA EN EL MARCO DE LA FORMULACION E IMPLEMENTACION DE PR,No Aplica,NO DEFINIDO,,,2021,Primer Trimestre,,,,"91114 - SERVICIOS DE PLANIFICACIÓN ECONÓMICA, SOCIAL Y ESTADÍSTICA DE LA ADMINISTRACIÓN PUBLICA",1.2.4.3.03 - SGP-PROPOSITO GENERAL-PROPOSITO GENERAL LIBRE INVERSION,,,,,,NO APLICA,,,,,,CON SITUACION DE FONDOS,DIRECCION NACIONAL DEL TESORO MINISTERIO DE HACIENDA Y CREDITO PUBLICO,NO DEFINIDO,9000000.0,4500000.0,4500000.0
13857046,20210301,218552585,Pupiales,2.3.2.02.02.005,CONSTRUCCION Y SERVICIOS DE LA CONSTRUCCION,GASTOS,INVERSION,ADQUISICION DE BIENES Y SERVICIOS,ADQUISICIONES DIFERENTES DE ACTIVOS,ADQUISICION DE SERVICIOS,CONSTRUCCION Y SERVICIOS DE LA CONSTRUCCION,No Aplica,No Aplica,No Aplica,No Aplica,VIGENCIA ACTUAL,ENTIDADES TERRITORIALES - ADMINISTRACION CENTRAL,45.99.016 - GOBIERNO TERRITORIAL - FORTALECIMIENTO A LA GESTION Y DIRECCION DE LA ADMINISTRACION PUBLICA TERRITORIAL - SEDES MANTENIDAS,2021525850009,NO DEFINIDO,,,2021,Primer Trimestre,,,,"91114 - SERVICIOS DE PLANIFICACIÓN ECONÓMICA, SOCIAL Y ESTADÍSTICA DE LA ADMINISTRACIÓN PUBLICA",1.2.4.3.03 - SGP-PROPOSITO GENERAL-PROPOSITO GENERAL LIBRE INVERSION,,,,,,NO APLICA,,,,,,CON SITUACION DE FONDOS,DIRECCION NACIONAL DEL TESORO MINISTERIO DE HACIENDA Y CREDITO PUBLICO,NO DEFINIDO,5750000.0,2350000.0,2350000.0
13860711,20210301,218552585,Pupiales,2.1.2.02.02.009,"SERVICIOS PARA LA COMUNIDAD, SOCIALES Y PERSONALES",GASTOS,FUNCIONAMIENTO,ADQUISICION DE BIENES Y SERVICIOS,ADQUISICIONES DIFERENTES DE ACTIVOS,ADQUISICION DE SERVICIOS,"SERVICIOS PARA LA COMUNIDAD, SOCIALES Y PERSONALES",No Aplica,No Aplica,No Aplica,No Aplica,VIGENCIA ACTUAL,ENTIDADES TERRITORIALES - ADMINISTRACION CENTRAL,NO APLICA,No Aplica,NO DEFINIDO,,,2021,Primer Trimestre,,,,"91114 - SERVICIOS DE PLANIFICACIÓN ECONÓMICA, SOCIAL Y ESTADÍSTICA DE LA ADMINISTRACIÓN PUBLICA",1.2.1.0.00 - INGRESOS CORRIENTES DE LIBRE DESTINACION,,,,,,NO APLICA,,,,,,CON SITUACION DE FONDOS,NO APLICA,NO DEFINIDO,332990000.0,148947000.0,148947000.0
13870192,20210601,218552585,Pupiales,2.3.2.01.01.001.03.02,"AUTOPISTAS, CARRETERAS, CALLES",GASTOS,INVERSION,ADQUISICION DE BIENES Y SERVICIOS,ADQUISICION DE ACTIVOS NO FINANCIEROS,ACTIVOS FIJOS,EDIFICACIONES Y ESTRUCTURAS,OTRAS ESTRUCTURAS,"AUTOPISTAS, CARRETERAS, CALLES",No Aplica,No Aplica,VIGENCIA ACTUAL,ENTIDADES TERRITORIALES - ADMINISTRACION CENTRAL,24.02.001 - TRANSPORTE - INFRAESTRUCTURA RED VIAL REGIONAL - VIA SECUNDARIA CONSTRUIDA,2021525850007,NO DEFINIDO,,,2021,Segundo Trimestre,,,,"91114 - SERVICIOS DE PLANIFICACIÓN ECONÓMICA, SOCIAL Y ESTADÍSTICA DE LA ADMINISTRACIÓN PUBLICA",1.2.4.3.03 - SGP-PROPOSITO GENERAL-PROPOSITO GENERAL LIBRE INVERSION,,,,,,NO APLICA,,,,,,CON SITUACION DE FONDOS,DIRECCION NACIONAL DEL TESORO MINISTERIO DE HACIENDA Y CREDITO PUBLICO,NO DEFINIDO,73500000.0,37902905.0,13402905.0
13878492,20210901,218552585,Pupiales,2.3.2.02.02.009,"SERVICIOS PARA LA COMUNIDAD, SOCIALES Y PERSONALES",GASTOS,INVERSION,ADQUISICION DE BIENES Y SERVICIOS,ADQUISICIONES DIFERENTES DE ACTIVOS,ADQUISICION DE SERVICIOS,"SERVICIOS PARA LA COMUNIDAD, SOCIALES Y PERSONALES",No Aplica,No Aplica,No Aplica,No Aplica,VIGENCIA ACTUAL,ENTIDADES TERRITORIALES - ADMINISTRACION CENTRAL,17.02.010 - AGRICULTURA Y DESARROLLO RURAL - INCLUSION PRODUCTIVA DE PEQUEÑOS PRODUCTORES RURALES - SERVICIO DE ASISTENCIA TECNICA AGROPECUARIA DIRIGIDA A PEQUEÑOS PRODUCTORES,2021525850010,NO DEFINIDO,,,2021,Tercer Trimestre,,,,"91114 - SERVICIOS DE PLANIFICACIÓN ECONÓMICA, SOCIAL Y ESTADÍSTICA DE LA ADMINISTRACIÓN PUBLICA",1.2.4.3.01 - SGP-PROPOSITO GENERAL-DEPORTE Y RECREACION,,,,,,NO APLICA,,,,,,CON SITUACION DE FONDOS,DIRECCION NACIONAL DEL TESORO MINISTERIO DE HACIENDA Y CREDITO PUBLICO,NO DEFINIDO,14213000.0,14213000.0,14213000.0
13897391,20220301,218552585,Pupiales,2.3.2.02.02.009,"SERVICIOS PARA LA COMUNIDAD, SOCIALES Y PERSONALES",GASTOS,INVERSION,ADQUISICION DE BIENES Y SERVICIOS,ADQUISICIONES DIFERENTES DE ACTIVOS,ADQUISICION DE SERVICIOS,"SERVICIOS PARA LA COMUNIDAD, SOCIALES Y PERSONALES",No Aplica,No Aplica,No Aplica,No Aplica,VIGENCIA ACTUAL,ENTIDADES TERRITORIALES - ADMINISTRACION CENTRAL,SERVICIO DE ATENCION EN SALUD A LA POBLACION,No Aplica,NO DEFINIDO,,,2022,Primer Trimestre,,,,OTROS SERVICIOS ADMINISTRATIVOS DEL GOBIERNO N C P,TRANSFERENCIAS DE CAPITAL DE OTRAS ENTIDADES DEL GOBIERNO GENERAL,,,,,,NO APLICA,,,,,,CON SITUACION DE FONDOS,DEPARTAMENTO DE NARIÑO,NO APLICA,72340812.0,72340812.0,72340812.0
13899990,20210601,218552585,Pupiales,2.3.2.02.02.009,"SERVICIOS PARA LA COMUNIDAD, SOCIALES Y PERSONALES",GASTOS,INVERSION,ADQUISICION DE BIENES Y SERVICIOS,ADQUISICIONES DIFERENTES DE ACTIVOS,ADQUISICION DE SERVICIOS,"SERVICIOS PARA LA COMUNIDAD, SOCIALES Y PERSONALES",No Aplica,No Aplica,No Aplica,No Aplica,VIGENCIA ACTUAL,ENTIDADES TERRITORIALES - ADMINISTRACION CENTRAL,17.02.010 - AGRICULTURA Y DESARROLLO RURAL - INCLUSION PRODUCTIVA DE PEQUEÑOS PRODUCTORES RURALES - SERVICIO DE ASISTENCIA TECNICA AGROPECUARIA DIRIGIDA A PEQUEÑOS PRODUCTORES,2021525850005,NO DEFINIDO,,,2021,Segundo Trimestre,,,,"91114 - SERVICIOS DE PLANIFICACIÓN ECONÓMICA, SOCIAL Y ESTADÍSTICA DE LA ADMINISTRACIÓN PUBLICA",1.2.4.3.03 - SGP-PROPOSITO GENERAL-PROPOSITO GENERAL LIBRE INVERSION,,,,,,NO APLICA,,,,,,CON SITUACION DE FONDOS,DIRECCION NACIONAL DEL TESORO MINISTERIO DE HACIENDA Y CREDITO PUBLICO,NO DEFINIDO,18370000.0,15050000.0,15050000.0
13942524,20210601,218552585,Pupiales,2.3.2.02.01.003,"OTROS BIENES TRANSPORTABLES EXCEPTO PRODUCTOS METALICOS, MAQUINARIA Y EQUIPO",GASTOS,INVERSION,ADQUISICION DE BIENES Y SERVICIOS,ADQUISICIONES DIFERENTES DE ACTIVOS,MATERIALES Y SUMINISTROS,"OTROS BIENES TRANSPORTABLES EXCEPTO PRODUCTOS METALICOS, MAQUINARIA Y EQUIPO",No Aplica,No Aplica,No Aplica,No Aplica,VIGENCIA ACTUAL,ENTIDADES TERRITORIALES - ADMINISTRACION CENTRAL,24.02.107 - TRANSPORTE - INFRAESTRUCTURA RED VIAL REGIONAL - SERVICIO DE ASISTENCIA TECNICA EN INFRAESTRUCTURA Y SERVICIO DE LA RED VIAL REGIONAL,No Aplica,NO DEFINIDO,,,2021,Segundo Trimestre,,,,"91114 - SERVICIOS DE PLANIFICACIÓN ECONÓMICA, SOCIAL Y ESTADÍSTICA DE LA ADMINISTRACIÓN PUBLICA",1.2.4.3.03 - SGP-PROPOSITO GENERAL-PROPOSITO GENERAL LIBRE INVERSION,,,,,,NO APLICA,,,,,,CON SITUACION DE FONDOS,DIRECCION NACIONAL DEL TESORO MINISTERIO DE HACIENDA Y CREDITO PUBLICO,NO DEFINIDO,160000000.0,80000000.0,80000000.0
13944249,20210601,218552585,Pupiales,2.3.2.02.02.009,"SERVICIOS PARA LA COMUNIDAD, SOCIALES Y PERSONALES",GASTOS,INVERSION,ADQUISICION DE BIENES Y SERVICIOS,ADQUISICIONES DIFERENTES DE ACTIVOS,ADQUISICION DE SERVICIOS,"SERVICIOS PARA LA COMUNIDAD, SOCIALES Y PERSONALES",No Aplica,No Aplica,No Aplica,No Aplica,VIGENCIA ACTUAL,ENTIDADES TERRITORIALES - ADMINISTRACION CENTRAL,"41.01.014 - INCLUSION SOCIAL Y RECONCILIACION - ATENCION, ASISTENCIA  Y REPARACION INTEGRAL A LAS VICTIMAS - SERVICIO DE CARACTERIZACION DE LA POBLACION VICTIMA PARA SU POSTERIOR ATENCION, ASISTENCIA",No Aplica,NO DEFINIDO,,,2021,Segundo Trimestre,,,,"91114 - SERVICIOS DE PLANIFICACIÓN ECONÓMICA, SOCIAL Y ESTADÍSTICA DE LA ADMINISTRACIÓN PUBLICA",1.2.4.3.03 - SGP-PROPOSITO GENERAL-PROPOSITO GENERAL LIBRE INVERSION,,,,,,NO APLICA,,,,,,CON SITUACION DE FONDOS,DIRECCION NACIONAL DEL TESORO MINISTERIO DE HACIENDA Y CREDITO PUBLICO,NO DEFINIDO,1858500.0,1858500.0,1858500.0
13959479,20210901,218552585,Pupiales,2.3.2.02.01.000,"AGRICULTURA, SILVICULTURA Y PRODUCTOS DE LA PESCA",GASTOS,INVERSION,ADQUISICION DE BIENES Y SERVICIOS,ADQUISICIONES DIFERENTES DE ACTIVOS,MATERIALES Y SUMINISTROS,"AGRICULTURA, SILVICULTURA Y PRODUCTOS DE LA PESCA",No Aplica,No Aplica,No Aplica,No Aplica,VIGENCIA ACTUAL,ENTIDADES TERRITORIALES - ADMINISTRACION CENTRAL,17.02.007 - AGRICULTURA Y DESARROLLO RURAL - INCLUSION PRODUCTIVA DE PEQUEÑOS PRODUCTORES RURALES - SERVICIO DE APOYO FINANCIERO PARA PROYECTOS PRODUCTIVOS,No Aplica,NO DEFINIDO,,,2021,Tercer Trimestre,,,,"91114 - SERVICIOS DE PLANIFICACIÓN ECONÓMICA, SOCIAL Y ESTADÍSTICA DE LA ADMINISTRACIÓN PUBLICA",1.2.4.3.03 - SGP-PROPOSITO GENERAL-PROPOSITO GENERAL LIBRE INVERSION,,,,,,NO APLICA,,,,,,CON SITUACION DE FONDOS,DIRECCION NACIONAL DEL TESORO MINISTERIO DE HACIENDA Y CREDITO PUBLICO,NO DEFINIDO,25340000.0,0.0,0.0
13962117,20210901,218552585,Pupiales,2.3.2.02.02.006,"COMERCIO Y DISTRIBUCION; ALOJAMIENTO; SERVICIOS DE SUMINISTRO DE COMIDAS Y BEBIDAS; SERVICIOS DE TRANSPORTE; Y SERVICIOS DE DISTRIBUCION DE ELECTRICIDAD, GAS Y AGUA",GASTOS,INVERSION,ADQUISICION DE BIENES Y SERVICIOS,ADQUISICIONES DIFERENTES DE ACTIVOS,ADQUISICION DE SERVICIOS,"COMERCIO Y DISTRIBUCION; ALOJAMIENTO; SERVICIOS DE SUMINISTRO DE COMIDAS Y BEBIDAS; SERVICIOS DE TRANSPORTE; Y SERVICIOS DE DISTRIBUCION DE ELECTRICIDAD, GAS Y AGUA",No Aplica,No Aplica,No Aplica,No Aplica,VIGENCIA ACTUAL,ENTIDADES TERRITORIALES - ADMINISTRACION CENTRAL,"22.01.062 - EDUCACION - CALIDAD, COBERTURA Y FORTALECIMIENTO DE LA EDUCACION INICIAL, PRESCOLAR, BASICA Y MEDIA - INFRAESTRUCTURA EDUCATIVA MANTENIDA",No Aplica,NO DEFINIDO,,,2021,Tercer Trimestre,,,,"91114 - SERVICIOS DE PLANIFICACIÓN ECONÓMICA, SOCIAL Y ESTADÍSTICA DE LA ADMINISTRACIÓN PUBLICA",1.2.4.1.03 - SGP-EDUCACION-CALIDAD  POR MATRICULA OFICIAL,,,,,,NO APLICA,,,,,,CON SITUACION DE FONDOS,DIRECCION NACIONAL DEL TESORO MINISTERIO DE HACIENDA Y CREDITO PUBLICO,NO DEFINIDO,21919779.0,21919779.0,21919779.0
13967587,20210901,218552585,Pupiales,2.3.2.02.02.009,"SERVICIOS PARA LA COMUNIDAD, SOCIALES Y PERSONALES",GASTOS,INVERSION,ADQUISICION DE BIENES Y SERVICIOS,ADQUISICIONES DIFERENTES DE ACTIVOS,ADQUISICION DE SERVICIOS,"SERVICIOS PARA LA COMUNIDAD, SOCIALES Y PERSONALES",No Aplica,No Aplica,No Aplica,No Aplica,VIGENCIA ACTUAL,ENTIDADES TERRITORIALES - ADMINISTRACION CENTRAL,19.06.004 - SALUD Y PROTECCION SOCIAL - ASEGURAMIENTO Y PRESTACION INTEGRAL DE SERVICIOS DE SALUD - SERVICIO DE ATENCION EN SALUD A LA POBLACION,2021525850015,NO DEFINIDO,,,2021,Tercer Trimestre,,,,"91114 - SERVICIOS DE PLANIFICACIÓN ECONÓMICA, SOCIAL Y ESTADÍSTICA DE LA ADMINISTRACIÓN PUBLICA",1.2.4.6.00 - SGP-AGUA POTABLE Y SANEAMIENTO BASICO,,,,,,NO APLICA,,,,,,CON SITUACION DE FONDOS,DIRECCION NACIONAL DEL TESORO MINISTERIO DE HACIENDA Y CREDITO PUBLICO,NO DEFINIDO,420000000.0,279490122.0,244230382.0
13981190,20210601,218552585,Pupiales,2.1.2.02.02.007,SERVICIOS FINANCIEROS Y SERVICIOS CONEXOS; SERVICIOS INMOBILIARIOS; Y SERVICIOS DE ARRENDAMIENTO Y LEASING,GASTOS,FUNCIONAMIENTO,ADQUISICION DE BIENES Y SERVICIOS,ADQUISICIONES DIFERENTES DE ACTIVOS,ADQUISICION DE SERVICIOS,SERVICIOS FINANCIEROS Y SERVICIOS CONEXOS; SERVICIOS INMOBILIARIOS; Y SERVICIOS DE ARRENDAMIENTO Y LEASING,No Aplica,No Aplica,No Aplica,No Aplica,VIGENCIA ACTUAL,ENTIDADES TERRITORIALES - ADMINISTRACION CENTRAL,NO APLICA,No Aplica,NO DEFINIDO,,,2021,Segundo Trimestre,,,,"91114 - SERVICIOS DE PLANIFICACIÓN ECONÓMICA, SOCIAL Y ESTADÍSTICA DE LA ADMINISTRACIÓN PUBLICA",1.2.1.0.00 - INGRESOS CORRIENTES DE LIBRE DESTINACION,,,,,,NO APLICA,,,,,,CON SITUACION DE FONDOS,NO APLICA,NO DEFINIDO,12792199.0,8281054.0,8281054.0
13997645,20210901,218552585,Pupiales,2.3.2.02.02.009,"SERVICIOS PARA LA COMUNIDAD, SOCIALES Y PERSONALES",GASTOS,INVERSION,ADQUISICION DE BIENES Y SERVICIOS,ADQUISICIONES DIFERENTES DE ACTIVOS,ADQUISICION DE SERVICIOS,"SERVICIOS PARA LA COMUNIDAD, SOCIALES Y PERSONALES",No Aplica,No Aplica,No Aplica,No Aplica,VIGENCIA ACTUAL,ENTIDADES TERRITORIALES - ADMINISTRACION CENTRAL,12.02.002 - JUSTICIA Y DEL DERECHO -  PROMOCION AL ACCESO A LA JUSTICIA - SERVICIO DE JUSTICIA A LOS CIUDADANOS,No Aplica,NO DEFINIDO,,,2021,Tercer Trimestre,,,,"91114 - SERVICIOS DE PLANIFICACIÓN ECONÓMICA, SOCIAL Y ESTADÍSTICA DE LA ADMINISTRACIÓN PUBLICA",1.2.3.1.19 - ESTAMPILLAS,,,,,,NO APLICA,,,,,,CON SITUACION DE FONDOS,NO APLICA,NO DEFINIDO,45344000.0,31372000.0,31372000.0
14006103,20210601,218552585,Pupiales,2.3.2.02.02.009,"SERVICIOS PARA LA COMUNIDAD, SOCIALES Y PERSONALES",GASTOS,INVERSION,ADQUISICION DE BIENES Y SERVICIOS,ADQUISICIONES DIFERENTES DE ACTIVOS,ADQUISICION DE SERVICIOS,"SERVICIOS PARA LA COMUNIDAD, SOCIALES Y PERSONALES",No Aplica,No Aplica,No Aplica,No Aplica,VIGENCIA ACTUAL,ENTIDADES TERRITORIALES - ADMINISTRACION CENTRAL,"17.07.055 - AGRICULTURA Y DESARROLLO RURAL - SANIDAD AGROPECUARIA E INOCUIDAD AGROALIMENTARIA - SERVICIO DE INSPECCION, VIGILANCIA Y CONTROL EN LA PRODUCCION Y COMERCIALIZACION Y USO SEGURO DE SEMILLA",No Aplica,NO DEFINIDO,,,2021,Segundo Trimestre,,,,"91114 - SERVICIOS DE PLANIFICACIÓN ECONÓMICA, SOCIAL Y ESTADÍSTICA DE LA ADMINISTRACIÓN PUBLICA",1.2.4.3.03 - SGP-PROPOSITO GENERAL-PROPOSITO GENERAL LIBRE INVERSION,,,,,,NO APLICA,,,,,,CON SITUACION DE FONDOS,DIRECCION NACIONAL DEL TESORO MINISTERIO DE HACIENDA Y CREDITO PUBLICO,NO DEFINIDO,7750000.0,6200000.0,6200000.0
14035559,20210901,218552585,Pupiales,2.3.2.02.02.009,"SERVICIOS PARA LA COMUNIDAD, SOCIALES Y PERSONALES",GASTOS,INVERSION,ADQUISICION DE BIENES Y SERVICIOS,ADQUISICIONES DIFERENTES DE ACTIVOS,ADQUISICION DE SERVICIOS,"SERVICIOS PARA LA COMUNIDAD, SOCIALES Y PERSONALES",No Aplica,No Aplica,No Aplica,No Aplica,VIGENCIA ACTUAL,ENTIDADES TERRITORIALES - ADMINISTRACION CENTRAL,23.01.015 - TECNOLOGIAS DE LA INFORMACION Y LAS COMUNICACIONES - FACILITAR EL ACCESO Y USO DE LAS TECNOLOGIAS DE LA INFORMACION Y LAS COMUNICACIONES (TIC) EN TODO EL TERRITORIO NACIONAL - SERVICIO DE,No Aplica,NO DEFINIDO,,,2021,Tercer Trimestre,,,,"91114 - SERVICIOS DE PLANIFICACIÓN ECONÓMICA, SOCIAL Y ESTADÍSTICA DE LA ADMINISTRACIÓN PUBLICA",1.2.4.6.00 - SGP-AGUA POTABLE Y SANEAMIENTO BASICO,,,,,,NO APLICA,,,,,,CON SITUACION DE FONDOS,DIRECCION NACIONAL DEL TESORO MINISTERIO DE HACIENDA Y CREDITO PUBLICO,NO DEFINIDO,12650000.0,12650000.0,12650000.0
14132323,20210901,218552585,Pupiales,2.3.2.02.02.009,"SERVICIOS PARA LA COMUNIDAD, SOCIALES Y PERSONALES",GASTOS,INVERSION,ADQUISICION DE BIENES Y SERVICIOS,ADQUISICIONES DIFERENTES DE ACTIVOS,ADQUISICION DE SERVICIOS,"SERVICIOS PARA LA COMUNIDAD, SOCIALES Y PERSONALES",No Aplica,No Aplica,No Aplica,No Aplica,VIGENCIA ACTUAL,ENTIDADES TERRITORIALES - ADMINISTRACION CENTRAL,36.01.009 - TRABAJO - PROTECCION SOCIAL - SERVICIO DE DIVULGACION SOBRE EL SISTEMA GENERAL DE PENSIONES Y CAJAS DE COMPENSACION,No Aplica,NO DEFINIDO,,,2021,Tercer Trimestre,,,,"91114 - SERVICIOS DE PLANIFICACIÓN ECONÓMICA, SOCIAL Y ESTADÍSTICA DE LA ADMINISTRACIÓN PUBLICA",1.2.3.1.19 - ESTAMPILLAS,,,,,,NO APLICA,,,,,,CON SITUACION DE FONDOS,NO APLICA,NO DEFINIDO,9085260.0,9085260.0,9085260.0
14133296,20220301,218552585,Pupiales,2.3.2.02.02.009,"SERVICIOS PARA LA COMUNIDAD, SOCIALES Y PERSONALES",GASTOS,INVERSION,ADQUISICION DE BIENES Y SERVICIOS,ADQUISICIONES DIFERENTES DE ACTIVOS,ADQUISICION DE SERVICIOS,"SERVICIOS PARA LA COMUNIDAD, SOCIALES Y PERSONALES",No Aplica,No Aplica,No Aplica,No Aplica,VIGENCIA ACTUAL,ENTIDADES TERRITORIALES - ADMINISTRACION CENTRAL,SERVICIO DE ASISTENCIA TECNICA AGROPECUARIA DIRIGIDA A PEQUEÑOS PRODUCTORES,2021525850005,NO DEFINIDO,,,2022,Primer Trimestre,,,,OTROS SERVICIOS ADMINISTRATIVOS DEL GOBIERNO N C P,SGP-PROPOSITO GENERAL-PROPOSITO GENERAL LIBRE INVERSION,,,,,,NO APLICA,,,,,,CON SITUACION DE FONDOS,DIRECCION NACIONAL DEL TESORO MINISTERIO DE HACIENDA Y CREDITO PUBLICO,NO APLICA,18260000.0,4980000.0,4980000.0
14133675,20210301,218552585,Pupiales,2.1.2.02.01.003,"OTROS BIENES TRANSPORTABLES EXCEPTO PRODUCTOS METALICOS, MAQUINARIA Y EQUIPO",GASTOS,FUNCIONAMIENTO,ADQUISICION DE BIENES Y SERVICIOS,ADQUISICIONES DIFERENTES DE ACTIVOS,MATERIALES Y SUMINISTROS,"OTROS BIENES TRANSPORTABLES EXCEPTO PRODUCTOS METALICOS, MAQUINARIA Y EQUIPO",No Aplica,No Aplica,No Aplica,No Aplica,VIGENCIA ACTUAL,ENTIDADES TERRITORIALES - ADMINISTRACION CENTRAL,NO APLICA,No Aplica,NO DEFINIDO,,,2021,Primer Trimestre,,,,"91114 - SERVICIOS DE PLANIFICACIÓN ECONÓMICA, SOCIAL Y ESTADÍSTICA DE LA ADMINISTRACIÓN PUBLICA",1.2.1.0.00 - INGRESOS CORRIENTES DE LIBRE DESTINACION,,,,,,NO APLICA,,,,,,CON SITUACION DE FONDOS,NO APLICA,NO DEFINIDO,21468100.0,0.0,0.0
14137767,20230601,218552585,Pupiales,2.3.1.01.01.001.04,SUBSIDIO DE ALIMENTACION,GASTOS,INVERSION,GASTOS DE PERSONAL,PLANTA DE PERSONAL PERMANENTE,FACTORES CONSTITUTIVOS DE SALARIO,FACTORES SALARIALES COMUNES,SUBSIDIO DE ALIMENTACION,No Aplica,No Aplica,No Aplica,VIGENCIA ACTUAL,ENTIDADES TERRITORIALES - ADMINISTRACION CENTRAL,SERVICIO DE ASISTENCIA TECNICA AGROPECUARIA DIRIGIDA A PEQUEÑOS PRODUCTORES,No Aplica,NO DEFINIDO,,,2023,Segundo Trimestre,,,,NO APLICA,SGP-PROPOSITO GENERAL-PROPOSITO GENERAL LIBRE INVERSION,,,,,,NO APLICA,,,,,,CON SITUACION DE FONDOS,NO APLICA,NO APLICA,436494.0,436494.0,436494.0
14145044,20230301,218552585,Pupiales,2.3.2.02.02.009,"SERVICIOS PARA LA COMUNIDAD, SOCIALES Y PERSONALES",GASTOS,INVERSION,ADQUISICION DE BIENES Y SERVICIOS,ADQUISICIONES DIFERENTES DE ACTIVOS,ADQUISICION DE SERVICIOS,"SERVICIOS PARA LA COMUNIDAD, SOCIALES Y PERSONALES",No Aplica,No Aplica,No Aplica,No Aplica,VIGENCIA ACTUAL,ENTIDADES TERRITORIALES - ADMINISTRACION CENTRAL,"SERVICIO DE FOMENTO PARA EL ACCESO A LA EDUCACION INICIAL, PREESCOLAR, BASICA Y MEDIA.",No Aplica,NO DEFINIDO,,,2023,Primer Trimestre,,,,SERVICIOS DE LA ADMINISTRACION PUBLICA RELACIONADOS CON LA ENERGIA Y LOS COMBUSTIBLES,SGP-EDUCACION-CALIDAD  POR MATRICULA OFICIAL,,,,,,NO APLICA,,,,,,CON SITUACION DE FONDOS,E.S.P. CENTRALES ELECTRICAS DE NARIÑO S.A.,NO APLICA,738475.0,738475.0,738475.0
14161291,20210601,218552585,Pupiales,2.3.2.01.01.001.02.11,INSTALACIONES RECREATIVAS,GASTOS,INVERSION,ADQUISICION DE BIENES Y SERVICIOS,ADQUISICION DE ACTIVOS NO FINANCIEROS,ACTIVOS FIJOS,EDIFICACIONES Y ESTRUCTURAS,EDIFICACIONES DISTINTAS A VIVIENDAS,INSTALACIONES RECREATIVAS,No Aplica,No Aplica,VIGENCIA ACTUAL,ENTIDADES TERRITORIALES - ADMINISTRACION CENTRAL,"43.01.012 - DEPORTE Y RECREACION - FOMENTO A LA RECREACION, LA ACTIVIDAD FISICA Y EL DEPORTE PARA DESARROLLAR ENTORNOS DE CONVIVENCIA Y PAZ - PARQUES RECREATIVOS MANTENIDOS",No Aplica,NO DEFINIDO,,,2021,Segundo Trimestre,,,,"91114 - SERVICIOS DE PLANIFICACIÓN ECONÓMICA, SOCIAL Y ESTADÍSTICA DE LA ADMINISTRACIÓN PUBLICA",1.2.4.3.01 - SGP-PROPOSITO GENERAL-DEPORTE Y RECREACION,,,,,,NO APLICA,,,,,,CON SITUACION DE FONDOS,DIRECCION NACIONAL DEL TESORO MINISTERIO DE HACIENDA Y CREDITO PUBLICO,NO DEFINIDO,6900000.0,5880000.0,5880000.0
14169915,20210901,218552585,Pupiales,2.3.2.02.02.009,"SERVICIOS PARA LA COMUNIDAD, SOCIALES Y PERSONALES",GASTOS,INVERSION,ADQUISICION DE BIENES Y SERVICIOS,ADQUISICIONES DIFERENTES DE ACTIVOS,ADQUISICION DE SERVICIOS,"SERVICIOS PARA LA COMUNIDAD, SOCIALES Y PERSONALES",No Aplica,No Aplica,No Aplica,No Aplica,VIGENCIA ACTUAL,ENTIDADES TERRITORIALES - ADMINISTRACION CENTRAL,45.03.004 - GOBIERNO TERRITORIAL - GESTION DEL RIESGO DE DESASTRES Y EMERGENCIAS - SERVICIO DE ATENCION A EMERGENCIAS Y DESASTRES,No Aplica,NO DEFINIDO,,,2021,Tercer Trimestre,,,,"91114 - SERVICIOS DE PLANIFICACIÓN ECONÓMICA, SOCIAL Y ESTADÍSTICA DE LA ADMINISTRACIÓN PUBLICA",1.2.3.2.05 - OTRAS TASAS Y DERECHOS ADMINISTRATIVOS,,,,,,NO APLICA,,,,,,CON SITUACION DE FONDOS,NO APLICA,NO DEFINIDO,10000000.0,10000000.0,10000000.0
14195839,20210601,218552585,Pupiales,2.3.2.02.02.009,"SERVICIOS PARA LA COMUNIDAD, SOCIALES Y PERSONALES",GASTOS,INVERSION,ADQUISICION DE BIENES Y SERVICIOS,ADQUISICIONES DIFERENTES DE ACTIVOS,ADQUISICION DE SERVICIOS,"SERVICIOS PARA LA COMUNIDAD, SOCIALES Y PERSONALES",No Aplica,No Aplica,No Aplica,No Aplica,VIGENCIA ACTUAL,ENTIDADES TERRITORIALES - ADMINISTRACION CENTRAL,"33.01.074 - CULTURA - PROMOCION Y ACCESO EFECTIVO A PROCESOS CULTURALES Y ARTISTICOS - SERVICIO DE APOYO PARA LA ORGANIZACION Y LA PARTICIPACION DEL SECTOR ARTISTICO, CULTURAL Y LA CIUDADANIA",No Aplica,NO DEFINIDO,,,2021,Segundo Trimestre,,,,"91114 - SERVICIOS DE PLANIFICACIÓN ECONÓMICA, SOCIAL Y ESTADÍSTICA DE LA ADMINISTRACIÓN PUBLICA",1.2.3.1.19 - ESTAMPILLAS,,,,,,NO APLICA,,,,,,CON SITUACION DE FONDOS,OTRO,NO DEFINIDO,4070000.0,0.0,0.0
14222839,20210901,218552585,Pupiales,2.3.2.02.02.009,"SERVICIOS PARA LA COMUNIDAD, SOCIALES Y PERSONALES",GASTOS,INVERSION,ADQUISICION DE BIENES Y SERVICIOS,ADQUISICIONES DIFERENTES DE ACTIVOS,ADQUISICION DE SERVICIOS,"SERVICIOS PARA LA COMUNIDAD, SOCIALES Y PERSONALES",No Aplica,No Aplica,No Aplica,No Aplica,VIGENCIA ACTUAL,ENTIDADES TERRITORIALES - ADMINISTRACION CENTRAL,33.99.009 - CULTURA - FORTALECIMIENTO DE LA GESTION Y DIRECCION DEL SECTOR CULTURA - SEDES CONSTRUIDAS,2021525850021,NO DEFINIDO,,,2021,Tercer Trimestre,,,,"91114 - SERVICIOS DE PLANIFICACIÓN ECONÓMICA, SOCIAL Y ESTADÍSTICA DE LA ADMINISTRACIÓN PUBLICA",1.2.4.3.02 - SGP-PROPOSITO GENERAL-CULTURA,,,,,,NO APLICA,,,,,,CON SITUACION DE FONDOS,DIRECCION NACIONAL DEL TESORO MINISTERIO DE HACIENDA Y CREDITO PUBLICO,NO DEFINIDO,11500000.0,11500000.0,11500000.0
14227251,20230601,218552585,Pupiales,2.3.2.02.02.006,"COMERCIO Y DISTRIBUCION; ALOJAMIENTO; SERVICIOS DE SUMINISTRO DE COMIDAS Y BEBIDAS; SERVICIOS DE TRANSPORTE; Y SERVICIOS DE DISTRIBUCION DE ELECTRICIDAD, GAS Y AGUA",GASTOS,INVERSION,ADQUISICION DE BIENES Y SERVICIOS,ADQUISICIONES DIFERENTES DE ACTIVOS,ADQUISICION DE SERVICIOS,"COMERCIO Y DISTRIBUCION; ALOJAMIENTO; SERVICIOS DE SUMINISTRO DE COMIDAS Y BEBIDAS; SERVICIOS DE TRANSPORTE; Y SERVICIOS DE DISTRIBUCION DE ELECTRICIDAD, GAS Y AGUA",No Aplica,No Aplica,No Aplica,No Aplica,VIGENCIA ACTUAL,ENTIDADES TERRITORIALES - ADMINISTRACION CENTRAL,SERVICIOS CONEXOS A LA PRESTACION DEL SERVICIO EDUCATIVO OFICIAL,No Aplica,NO DEFINIDO,,,2023,Segundo Trimestre,,,,OTRO COMERCIO AL POR MENOR DE CAFE TE Y OTRAS ESPECIAS NO REALIZADOS EN ESTABLECIMIENTOS,SGP-EDUCACION-CALIDAD  POR MATRICULA OFICIAL,,,,,,NO APLICA,,,,,,CON SITUACION DE FONDOS,E.S.P. CENTRALES ELECTRICAS DE NARIÑO S.A.,NO APLICA,32005560.0,32005560.0,32005560.0
14228024,20221201,218552585,Pupiales,2.3.2.02.02.009,"SERVICIOS PARA LA COMUNIDAD, SOCIALES Y PERSONALES",GASTOS,INVERSION,ADQUISICION DE BIENES Y SERVICIOS,ADQUISICIONES DIFERENTES DE ACTIVOS,ADQUISICION DE SERVICIOS,"SERVICIOS PARA LA COMUNIDAD, SOCIALES Y PERSONALES",No Aplica,No Aplica,No Aplica,No Aplica,VIGENCIA ACTUAL,ENTIDADES TERRITORIALES - ADMINISTRACION CENTRAL,"SERVICIO DIRIGIDOS A LA ATENCION DE NIÑOS, NIÑAS, ADOLESCENTES Y JOVENES, CON ENFOQUE PEDAGOGICO Y RESTAURATIVO ENCAMINADOS A LA INCLUSION SOCIAL",No Aplica,NO DEFINIDO,,,2022,Cuarto Trimestre,,,,OTROS SERVICIOS DE LA ADMINISTRACION PUBLICA N C P,SGP-ASIGNACION-ATENCION INTEGRAL DE LA PRIMERA INFANCIA,,,,,,NO APLICA,,,,,,CON SITUACION DE FONDOS,DIRECCION NACIONAL DEL TESORO MINISTERIO DE HACIENDA Y CREDITO PUBLICO,NO APLICA,6000000.0,6000000.0,6000000.0
14231953,20230601,218552585,Pupiales,2.3.1.01.02.006,APORTES AL ICBF,GASTOS,INVERSION,GASTOS DE PERSONAL,PLANTA DE PERSONAL PERMANENTE,CONTRIBUCIONES INHERENTES A LA NOMINA,APORTES AL ICBF,No Aplica,No Aplica,No Aplica,No Aplica,VIGENCIA ACTUAL,ENTIDADES TERRITORIALES - ADMINISTRACION CENTRAL,SERVICIO DE ASISTENCIA TECNICA AGROPECUARIA DIRIGIDA A PEQUEÑOS PRODUCTORES,No Aplica,NO DEFINIDO,,,2023,Segundo Trimestre,,,,NO APLICA,SGP-PROPOSITO GENERAL-PROPOSITO GENERAL LIBRE INVERSION,,,,,,NO APLICA,,,,,,CON SITUACION DE FONDOS,INSTITUTO COLOMBIANO DE BIENESTAR FAMILIAR,NO APLICA,263633.0,263633.0,263633.0
14271147,20210601,218552585,Pupiales,2.3.2.01.01.001.01.01,EDIFICIOS UTILIZADOS PARA RESIDENCIA,GASTOS,INVERSION,ADQUISICION DE BIENES Y SERVICIOS,ADQUISICION DE ACTIVOS NO FINANCIEROS,ACTIVOS FIJOS,EDIFICACIONES Y ESTRUCTURAS,VIVIENDAS,EDIFICIOS UTILIZADOS PARA RESIDENCIA,No Aplica,No Aplica,VIGENCIA ACTUAL,ENTIDADES TERRITORIALES - ADMINISTRACION CENTRAL,"40.02.038 - VIVIENDA, CIUDAD Y TERRITORIO - ORDENAMIENTO TERRITORIAL Y DESARROLLO URBANO - SERVICIO DE APOYO FINANCIERO PARA LA RELOCALIZACION TRANSITORIA DE HOGARES",No Aplica,NO DEFINIDO,,,2021,Segundo Trimestre,,,,"91114 - SERVICIOS DE PLANIFICACIÓN ECONÓMICA, SOCIAL Y ESTADÍSTICA DE LA ADMINISTRACIÓN PUBLICA",1.2.4.3.03 - SGP-PROPOSITO GENERAL-PROPOSITO GENERAL LIBRE INVERSION,,,,,,NO APLICA,,,,,,CON SITUACION DE FONDOS,DIRECCION NACIONAL DEL TESORO MINISTERIO DE HACIENDA Y CREDITO PUBLICO,NO DEFINIDO,21197071.0,21197071.0,21197071.0
14283885,20220301,218552585,Pupiales,2.3.2.02.02.009,"SERVICIOS PARA LA COMUNIDAD, SOCIALES Y PERSONALES",GASTOS,INVERSION,ADQUISICION DE BIENES Y SERVICIOS,ADQUISICIONES DIFERENTES DE ACTIVOS,ADQUISICION DE SERVICIOS,"SERVICIOS PARA LA COMUNIDAD, SOCIALES Y PERSONALES",No Aplica,No Aplica,No Aplica,No Aplica,VIGENCIA ACTUAL,ENTIDADES TERRITORIALES - ADMINISTRACION CENTRAL,"SERVICIO DIRIGIDOS A LA ATENCION DE NIÑOS, NIÑAS, ADOLESCENTES Y JOVENES, CON ENFOQUE PEDAGOGICO Y RESTAURATIVO ENCAMINADOS A LA INCLUSION SOCIAL",No Aplica,NO DEFINIDO,,,2022,Primer Trimestre,,,,OTROS SERVICIOS ADMINISTRATIVOS DEL GOBIERNO N C P,SGP-ASIGNACION-ATENCION INTEGRAL DE LA PRIMERA INFANCIA,,,,,,NO APLICA,,,,,,CON SITUACION DE FONDOS,DIRECCION NACIONAL DEL TESORO MINISTERIO DE HACIENDA Y CREDITO PUBLICO,NO APLICA,2400000.0,2400000.0,2400000.0
14283948,20230601,218552585,Pupiales,2.3.1.01.02.004,APORTES A CAJAS DE COMPENSACION FAMILIAR,GASTOS,INVERSION,GASTOS DE PERSONAL,PLANTA DE PERSONAL PERMANENTE,CONTRIBUCIONES INHERENTES A LA NOMINA,APORTES A CAJAS DE COMPENSACION FAMILIAR,No Aplica,No Aplica,No Aplica,No Aplica,VIGENCIA ACTUAL,ENTIDADES TERRITORIALES - ADMINISTRACION CENTRAL,SERVICIO DE ASISTENCIA TECNICA AGROPECUARIA DIRIGIDA A PEQUEÑOS PRODUCTORES,No Aplica,NO DEFINIDO,,,2023,Segundo Trimestre,,,,NO APLICA,SGP-PROPOSITO GENERAL-PROPOSITO GENERAL LIBRE INVERSION,,,,,,NO APLICA,,,,,,CON SITUACION DE FONDOS,NO APLICA,NO APLICA,351435.0,351435.0,351435.0
14292997,20210301,218552585,Pupiales,2.3.2.02.02.005,CONSTRUCCION Y SERVICIOS DE LA CONSTRUCCION,GASTOS,INVERSION,ADQUISICION DE BIENES Y SERVICIOS,ADQUISICIONES DIFERENTES DE ACTIVOS,ADQUISICION DE SERVICIOS,CONSTRUCCION Y SERVICIOS DE LA CONSTRUCCION,No Aplica,No Aplica,No Aplica,No Aplica,VIGENCIA ACTUAL,ENTIDADES TERRITORIALES - ADMINISTRACION CENTRAL,"40.03.008 - VIVIENDA, CIUDAD Y TERRITORIO - ACCESO DE LA POBLACION A LOS SERVICIOS DE AGUA POTABLE Y SANEAMIENTO BASICO - SERVICIO DE APOYO FINANCIERO A LOS PLANES, PROGRAMAS Y PROYECTOS DE AGUA POTAB",No Aplica,NO DEFINIDO,,,2021,Primer Trimestre,,,,"91114 - SERVICIOS DE PLANIFICACIÓN ECONÓMICA, SOCIAL Y ESTADÍSTICA DE LA ADMINISTRACIÓN PUBLICA",1.2.4.6.00 - SGP-AGUA POTABLE Y SANEAMIENTO BASICO,,,,,,NO APLICA,,,,,,CON SITUACION DE FONDOS,NO APLICA,NO DEFINIDO,245974004.0,61493502.0,61493502.0
14295963,20210601,218552585,Pupiales,2.3.2.02.02.009,"SERVICIOS PARA LA COMUNIDAD, SOCIALES Y PERSONALES",GASTOS,INVERSION,ADQUISICION DE BIENES Y SERVICIOS,ADQUISICIONES DIFERENTES DE ACTIVOS,ADQUISICION DE SERVICIOS,"SERVICIOS PARA LA COMUNIDAD, SOCIALES Y PERSONALES",No Aplica,No Aplica,No Aplica,No Aplica,VIGENCIA ACTUAL,ENTIDADES TERRITORIALES - ADMINISTRACION CENTRAL,19.06.004 - SALUD Y PROTECCION SOCIAL - ASEGURAMIENTO Y PRESTACION INTEGRAL DE SERVICIOS DE SALUD - SERVICIO DE ATENCION EN SALUD A LA POBLACION,No Aplica,NO DEFINIDO,,,2021,Segundo Trimestre,,,,"91114 - SERVICIOS DE PLANIFICACIÓN ECONÓMICA, SOCIAL Y ESTADÍSTICA DE LA ADMINISTRACIÓN PUBLICA",1.2.4.2.01 - SGP-SALUD-REGIMEN SUBSIDIADO,,,,,,NO APLICA,,,,,,SIN SITUACION DE FONDOS,DIRECCION NACIONAL DEL TESORO MINISTERIO DE HACIENDA Y CREDITO PUBLICO,NO DEFINIDO,3246843594.0,3246843594.0,3246843594.0
14297197,20210901,218552585,Pupiales,2.3.2.02.02.009,"SERVICIOS PARA LA COMUNIDAD, SOCIALES Y PERSONALES",GASTOS,INVERSION,ADQUISICION DE BIENES Y SERVICIOS,ADQUISICIONES DIFERENTES DE ACTIVOS,ADQUISICION DE SERVICIOS,"SERVICIOS PARA LA COMUNIDAD, SOCIALES Y PERSONALES",No Aplica,No Aplica,No Aplica,No Aplica,VIGENCIA ACTUAL,ENTIDADES TERRITORIALES - ADMINISTRACION CENTRAL,"22.01.028 - EDUCACION - CALIDAD, COBERTURA Y FORTALECIMIENTO DE LA EDUCACION INICIAL, PRESCOLAR, BASICA Y MEDIA - SERVICIO DE APOYO A LA PERMANENCIA CON ALIMENTACION ESCOLAR",No Aplica,NO DEFINIDO,,,2021,Tercer Trimestre,,,,"91114 - SERVICIOS DE PLANIFICACIÓN ECONÓMICA, SOCIAL Y ESTADÍSTICA DE LA ADMINISTRACIÓN PUBLICA",1.2.4.4.01 - SGP-ASIGNACION ESPECIAL-PROGRAMAS DE ALIMENTACION ESCOLAR,,,,,,NO APLICA,,,,,,CON SITUACION DE FONDOS,DIRECCION NACIONAL DEL TESORO MINISTERIO DE HACIENDA Y CREDITO PUBLICO,NO DEFINIDO,77925061.0,46499110.0,46499110.0
14321045,20210301,218552585,Pupiales,2.3.2.02.02.009,"SERVICIOS PARA LA COMUNIDAD, SOCIALES Y PERSONALES",GASTOS,INVERSION,ADQUISICION DE BIENES Y SERVICIOS,ADQUISICIONES DIFERENTES DE ACTIVOS,ADQUISICION DE SERVICIOS,"SERVICIOS PARA LA COMUNIDAD, SOCIALES Y PERSONALES",No Aplica,No Aplica,No Aplica,No Aplica,VIGENCIA ACTUAL,ENTIDADES TERRITORIALES - ADMINISTRACION CENTRAL,23.01.015 - TECNOLOGIAS DE LA INFORMACION Y LAS COMUNICACIONES - FACILITAR EL ACCESO Y USO DE LAS TECNOLOGIAS DE LA INFORMACION Y LAS COMUNICACIONES (TIC) EN TODO EL TERRITORIO NACIONAL - SERVICIO DE,2021525850009,NO DEFINIDO,,,2021,Primer Trimestre,,,,"91114 - SERVICIOS DE PLANIFICACIÓN ECONÓMICA, SOCIAL Y ESTADÍSTICA DE LA ADMINISTRACIÓN PUBLICA",1.2.1.0.00 - INGRESOS CORRIENTES DE LIBRE DESTINACION,,,,,,NO APLICA,,,,,,CON SITUACION DE FONDOS,NO APLICA,NO DEFINIDO,23330000.0,8990000.0,8990000.0
14386358,20221201,218552585,Pupiales,2.3.2.02.02.009,"SERVICIOS PARA LA COMUNIDAD, SOCIALES Y PERSONALES",GASTOS,INVERSION,ADQUISICION DE BIENES Y SERVICIOS,ADQUISICIONES DIFERENTES DE ACTIVOS,ADQUISICION DE SERVICIOS,"SERVICIOS PARA LA COMUNIDAD, SOCIALES Y PERSONALES",No Aplica,No Aplica,No Aplica,No Aplica,VIGENCIA ACTUAL,ENTIDADES TERRITORIALES - ADMINISTRACION CENTRAL,SERVICIO DE ASISTENCIA TECNICA AGROPECUARIA DIRIGIDA A PEQUEÑOS PRODUCTORES,No Aplica,NO DEFINIDO,,,2022,Cuarto Trimestre,,,,OTROS SERVICIOS DE LA ADMINISTRACION PUBLICA N C P,SGP-PROPOSITO GENERAL-PROPOSITO GENERAL LIBRE INVERSION,,,,,,NO APLICA,,,,,,CON SITUACION DE FONDOS,DIRECCION NACIONAL DEL TESORO MINISTERIO DE HACIENDA Y CREDITO PUBLICO,NO APLICA,26850000.0,26850000.0,26850000.0
14386895,20210901,218552585,Pupiales,2.3.2.02.02.009,"SERVICIOS PARA LA COMUNIDAD, SOCIALES Y PERSONALES",GASTOS,INVERSION,ADQUISICION DE BIENES Y SERVICIOS,ADQUISICIONES DIFERENTES DE ACTIVOS,ADQUISICION DE SERVICIOS,"SERVICIOS PARA LA COMUNIDAD, SOCIALES Y PERSONALES",No Aplica,No Aplica,No Aplica,No Aplica,VIGENCIA ACTUAL,ENTIDADES TERRITORIALES - ADMINISTRACION CENTRAL,"33.02.044 - CULTURA - GESTION, PROTECCION Y SALVAGUARDIA DEL PATRIMONIO CULTURAL COLOMBIANO - SERVICIO DE PROMOCION DE ACTIVIDADES CULTURALES.",2021525850009,NO DEFINIDO,,,2021,Tercer Trimestre,,,,"91114 - SERVICIOS DE PLANIFICACIÓN ECONÓMICA, SOCIAL Y ESTADÍSTICA DE LA ADMINISTRACIÓN PUBLICA",1.2.4.3.02 - SGP-PROPOSITO GENERAL-CULTURA,,,,,,NO APLICA,,,,,,CON SITUACION DE FONDOS,DIRECCION NACIONAL DEL TESORO MINISTERIO DE HACIENDA Y CREDITO PUBLICO,NO DEFINIDO,10733000.0,10733000.0,10733000.0
14399360,20210601,218552585,Pupiales,2.3.2.02.02.009,"SERVICIOS PARA LA COMUNIDAD, SOCIALES Y PERSONALES",GASTOS,INVERSION,ADQUISICION DE BIENES Y SERVICIOS,ADQUISICIONES DIFERENTES DE ACTIVOS,ADQUISICION DE SERVICIOS,"SERVICIOS PARA LA COMUNIDAD, SOCIALES Y PERSONALES",No Aplica,No Aplica,No Aplica,No Aplica,VIGENCIA ACTUAL,ENTIDADES TERRITORIALES - ADMINISTRACION CENTRAL,"12.05.001 - JUSTICIA Y DEL DERECHO - DEFENSA JURIDICA DEL ESTADO - SERVICIO DE ASISTENCIA TECNICA A LAS ENTIDADES EN MATERIA DE DEFENSA JURIDICA, GERENCIA JURIDICA PUBLICA, SOLUCION AMISTOSA DE CONFLI",2021525850008,NO DEFINIDO,,,2021,Segundo Trimestre,,,,"91114 - SERVICIOS DE PLANIFICACIÓN ECONÓMICA, SOCIAL Y ESTADÍSTICA DE LA ADMINISTRACIÓN PUBLICA",1.2.4.3.03 - SGP-PROPOSITO GENERAL-PROPOSITO GENERAL LIBRE INVERSION,,,,,,NO APLICA,,,,,,CON SITUACION DE FONDOS,DIRECCION NACIONAL DEL TESORO MINISTERIO DE HACIENDA Y CREDITO PUBLICO,NO DEFINIDO,29600000.0,13000000.0,13000000.0
14412253,20210601,218552585,Pupiales,2.3.2.02.02.009,"SERVICIOS PARA LA COMUNIDAD, SOCIALES Y PERSONALES",GASTOS,INVERSION,ADQUISICION DE BIENES Y SERVICIOS,ADQUISICIONES DIFERENTES DE ACTIVOS,ADQUISICION DE SERVICIOS,"SERVICIOS PARA LA COMUNIDAD, SOCIALES Y PERSONALES",No Aplica,No Aplica,No Aplica,No Aplica,VIGENCIA ACTUAL,ENTIDADES TERRITORIALES - ADMINISTRACION CENTRAL,12.02.002 - JUSTICIA Y DEL DERECHO -  PROMOCION AL ACCESO A LA JUSTICIA - SERVICIO DE JUSTICIA A LOS CIUDADANOS,No Aplica,NO DEFINIDO,,,2021,Segundo Trimestre,,,,"91114 - SERVICIOS DE PLANIFICACIÓN ECONÓMICA, SOCIAL Y ESTADÍSTICA DE LA ADMINISTRACIÓN PUBLICA",1.2.4.3.03 - SGP-PROPOSITO GENERAL-PROPOSITO GENERAL LIBRE INVERSION,,,,,,NO APLICA,,,,,,CON SITUACION DE FONDOS,DIRECCION NACIONAL DEL TESORO MINISTERIO DE HACIENDA Y CREDITO PUBLICO,NO DEFINIDO,17700000.0,14160000.0,14160000.0
14416378,20210301,218552585,Pupiales,2.3.2.02.02.009,"SERVICIOS PARA LA COMUNIDAD, SOCIALES Y PERSONALES",GASTOS,INVERSION,ADQUISICION DE BIENES Y SERVICIOS,ADQUISICIONES DIFERENTES DE ACTIVOS,ADQUISICION DE SERVICIOS,"SERVICIOS PARA LA COMUNIDAD, SOCIALES Y PERSONALES",No Aplica,No Aplica,No Aplica,No Aplica,VIGENCIA ACTUAL,ENTIDADES TERRITORIALES - ADMINISTRACION CENTRAL,41.04.001 - INCLUSION SOCIAL Y RECONCILIACION - ATENCION INTEGRAL DE POBLACION EN SITUACION PERMANENTE DE DESPROTECCION SOCIAL Y/O FAMILIAR - CENTROS DE PROTECCION SOCIAL PARA EL ADULTO MAYOR CONSTRUI,No Aplica,NO DEFINIDO,,,2021,Primer Trimestre,,,,"91114 - SERVICIOS DE PLANIFICACIÓN ECONÓMICA, SOCIAL Y ESTADÍSTICA DE LA ADMINISTRACIÓN PUBLICA",1.2.3.1.19 - ESTAMPILLAS,,,,,,NO APLICA,,,,,,CON SITUACION DE FONDOS,NO APLICA,NO DEFINIDO,45344000.0,12958000.0,5914000.0
14428531,20210301,218552585,Pupiales,2.3.2.02.02.009,"SERVICIOS PARA LA COMUNIDAD, SOCIALES Y PERSONALES",GASTOS,INVERSION,ADQUISICION DE BIENES Y SERVICIOS,ADQUISICIONES DIFERENTES DE ACTIVOS,ADQUISICION DE SERVICIOS,"SERVICIOS PARA LA COMUNIDAD, SOCIALES Y PERSONALES",No Aplica,No Aplica,No Aplica,No Aplica,VIGENCIA ACTUAL,ENTIDADES TERRITORIALES - ADMINISTRACION CENTRAL,45.01.026 - GOBIERNO TERRITORIAL - FORTALECIMIENTO DE LA CONVIVENCIA Y LA SEGURIDAD CIUDADANA - DOCUMENTOS PLANEACION,No Aplica,NO DEFINIDO,,,2021,Primer Trimestre,,,,"91114 - SERVICIOS DE PLANIFICACIÓN ECONÓMICA, SOCIAL Y ESTADÍSTICA DE LA ADMINISTRACIÓN PUBLICA",1.2.3.2.01 - CONTRIBUCION SOBRE CONTRATOS DE OBRA PUBLICA,,,,,,NO APLICA,,,,,,CON SITUACION DE FONDOS,NO APLICA,NO DEFINIDO,13650000.0,5379920.0,5379920.0
14429452,20220601,218552585,Pupiales,2.3.2.02.02.009,"SERVICIOS PARA LA COMUNIDAD, SOCIALES Y PERSONALES",GASTOS,INVERSION,ADQUISICION DE BIENES Y SERVICIOS,ADQUISICIONES DIFERENTES DE ACTIVOS,ADQUISICION DE SERVICIOS,"SERVICIOS PARA LA COMUNIDAD, SOCIALES Y PERSONALES",No Aplica,No Aplica,No Aplica,No Aplica,VIGENCIA ACTUAL,ENTIDADES TERRITORIALES - ADMINISTRACION CENTRAL,SERVICIO DE ATENCION EN SALUD A LA POBLACION,No Aplica,NO DEFINIDO,,,2022,Segundo Trimestre,,,,OTROS SERVICIOS DIVERSOS N C P,TRANSFERENCIAS DE CAPITAL DE OTRAS ENTIDADES DEL GOBIERNO GENERAL,,,,,,NO APLICA,,,,,,CON SITUACION DE FONDOS,DEPARTAMENTO DE NARIÑO,NO APLICA,300632799.0,300632799.0,300632799.0
14460378,20230601,218552585,Pupiales,2.3.2.02.02.005,CONSTRUCCION Y SERVICIOS DE LA CONSTRUCCION,GASTOS,INVERSION,ADQUISICION DE BIENES Y SERVICIOS,ADQUISICIONES DIFERENTES DE ACTIVOS,ADQUISICION DE SERVICIOS,CONSTRUCCION Y SERVICIOS DE LA CONSTRUCCION,No Aplica,No Aplica,No Aplica,No Aplica,VIGENCIA ACTUAL,ENTIDADES TERRITORIALES - ADMINISTRACION CENTRAL,SEDES AMPLIADAS,No Aplica,NO DEFINIDO,,,2023,Segundo Trimestre,,,,OTRAS OBRAS DE INGENIERIA CIVIL,SGP-PROPOSITO GENERAL-PROPOSITO GENERAL LIBRE INVERSION,,,,,,NO APLICA,,,,,,CON SITUACION DE FONDOS,E.S.E CENTRO DE SALUD SAN JUAN BAUTISTA DE PUPIALES - NARIÑO,NO APLICA,14000000.0,0.0,0.0
14463227,20230301,218552585,Pupiales,2.3.2.02.01.000,"AGRICULTURA, SILVICULTURA Y PRODUCTOS DE LA PESCA",GASTOS,INVERSION,ADQUISICION DE BIENES Y SERVICIOS,ADQUISICIONES DIFERENTES DE ACTIVOS,MATERIALES Y SUMINISTROS,"AGRICULTURA, SILVICULTURA Y PRODUCTOS DE LA PESCA",No Aplica,No Aplica,No Aplica,No Aplica,VIGENCIA ACTUAL,ENTIDADES TERRITORIALES - ADMINISTRACION CENTRAL,SERVICIO DE ASISTENCIA TECNICA AGROPECUARIA DIRIGIDA A PEQUEÑOS PRODUCTORES,No Aplica,NO DEFINIDO,,,2023,Primer Trimestre,,,,OTROS SERVICIOS DIVERSOS N C P,SGP-PROPOSITO GENERAL-PROPOSITO GENERAL LIBRE INVERSION,,,,,,NO APLICA,,,,,,CON SITUACION DE FONDOS,NO APLICA,NO APLICA,1980000.0,1980000.0,0.0
14480132,20210601,218552585,Pupiales,2.3.4.03,COMPENSACIONES DE CAPITAL,GASTOS,INVERSION,TRANSFERENCIAS DE CAPITAL,COMPENSACIONES DE CAPITAL,No Aplica,No Aplica,No Aplica,No Aplica,No Aplica,No Aplica,VIGENCIA ACTUAL,ENTIDADES TERRITORIALES - ADMINISTRACION CENTRAL,17.02.010 - AGRICULTURA Y DESARROLLO RURAL - INCLUSION PRODUCTIVA DE PEQUEÑOS PRODUCTORES RURALES - SERVICIO DE ASISTENCIA TECNICA AGROPECUARIA DIRIGIDA A PEQUEÑOS PRODUCTORES,No Aplica,NO DEFINIDO,,,2021,Segundo Trimestre,,,,NO APLICA,1.2.1.0.00 - INGRESOS CORRIENTES DE LIBRE DESTINACION,,,,,,NO APLICA,,,,,,CON SITUACION DE FONDOS,NO APLICA,NO DEFINIDO,24371460.0,0.0,0.0
14493432,20220601,218552585,Pupiales,2.3.2.02.02.009,"SERVICIOS PARA LA COMUNIDAD, SOCIALES Y PERSONALES",GASTOS,INVERSION,ADQUISICION DE BIENES Y SERVICIOS,ADQUISICIONES DIFERENTES DE ACTIVOS,ADQUISICION DE SERVICIOS,"SERVICIOS PARA LA COMUNIDAD, SOCIALES Y PERSONALES",No Aplica,No Aplica,No Aplica,No Aplica,VIGENCIA ACTUAL,ENTIDADES TERRITORIALES - ADMINISTRACION CENTRAL,SERVICIO DE ASISTENCIA TECNICA AGROPECUARIA DIRIGIDA A PEQUEÑOS PRODUCTORES,2021525850005,NO DEFINIDO,,,2022,Segundo Trimestre,,,,OTROS SERVICIOS DIVERSOS N C P,SGP-PROPOSITO GENERAL-PROPOSITO GENERAL LIBRE INVERSION,,,,,,NO APLICA,,,,,,CON SITUACION DE FONDOS,DIRECCION NACIONAL DEL TESORO MINISTERIO DE HACIENDA Y CREDITO PUBLICO,NO APLICA,18260000.0,14940000.0,14940000.0
14513738,20210901,218552585,Pupiales,2.3.2.02.02.009,"SERVICIOS PARA LA COMUNIDAD, SOCIALES Y PERSONALES",GASTOS,INVERSION,ADQUISICION DE BIENES Y SERVICIOS,ADQUISICIONES DIFERENTES DE ACTIVOS,ADQUISICION DE SERVICIOS,"SERVICIOS PARA LA COMUNIDAD, SOCIALES Y PERSONALES",No Aplica,No Aplica,No Aplica,No Aplica,VIGENCIA ACTUAL,ENTIDADES TERRITORIALES - ADMINISTRACION CENTRAL,41.04.001 - INCLUSION SOCIAL Y RECONCILIACION - ATENCION INTEGRAL DE POBLACION EN SITUACION PERMANENTE DE DESPROTECCION SOCIAL Y/O FAMILIAR - CENTROS DE PROTECCION SOCIAL PARA EL ADULTO MAYOR CONSTRUI,No Aplica,NO DEFINIDO,,,2021,Tercer Trimestre,,,,"91114 - SERVICIOS DE PLANIFICACIÓN ECONÓMICA, SOCIAL Y ESTADÍSTICA DE LA ADMINISTRACIÓN PUBLICA",1.2.4.3.03 - SGP-PROPOSITO GENERAL-PROPOSITO GENERAL LIBRE INVERSION,,,,,,NO APLICA,,,,,,CON SITUACION DE FONDOS,DIRECCION NACIONAL DEL TESORO MINISTERIO DE HACIENDA Y CREDITO PUBLICO,NO DEFINIDO,6650000.0,6650000.0,6650000.0
14516193,20230301,218552585,Pupiales,2.3.2.02.02.009,"SERVICIOS PARA LA COMUNIDAD, SOCIALES Y PERSONALES",GASTOS,INVERSION,ADQUISICION DE BIENES Y SERVICIOS,ADQUISICIONES DIFERENTES DE ACTIVOS,ADQUISICION DE SERVICIOS,"SERVICIOS PARA LA COMUNIDAD, SOCIALES Y PERSONALES",No Aplica,No Aplica,No Aplica,No Aplica,VIGENCIA ACTUAL,ENTIDADES TERRITORIALES - ADMINISTRACION CENTRAL,"SERVICIO DE FOMENTO PARA EL ACCESO A LA EDUCACION INICIAL, PREESCOLAR, BASICA Y MEDIA.",No Aplica,NO DEFINIDO,,,2023,Primer Trimestre,,,,SERVICIOS DE LA ADMINISTRACION PUBLICA RELACIONADOS CON LA EDUCACION,SGP-EDUCACION-CALIDAD  POR MATRICULA OFICIAL,,,,,,NO APLICA,,,,,,CON SITUACION DE FONDOS,E.S.P. CENTRALES ELECTRICAS DE NARIÑO S.A.,NO APLICA,2107074.0,2107074.0,2107074.0
14527312,20210901,218552585,Pupiales,2.3.2.01.01.005.01.02.05,ARBOLES CULTIVADOS POR SU CORTEZA U HOJAS,GASTOS,INVERSION,ADQUISICION DE BIENES Y SERVICIOS,ADQUISICION DE ACTIVOS NO FINANCIEROS,ACTIVOS FIJOS,OTROS ACTIVOS FIJOS,RECURSOS BIOLOGICOS CULTIVADOS,"ARBOLES, CULTIVOS Y PLANTAS QUE GENERAN PRODUCTOS EN FORMA REPETIDA",ARBOLES CULTIVADOS POR SU CORTEZA U HOJAS,No Aplica,VIGENCIA ACTUAL,ENTIDADES TERRITORIALES - ADMINISTRACION CENTRAL,32.01.004 - AMBIENTE Y DESARROLLO SOSTENIBLE - FORTALECIMIENTO DEL DESEMPEÑO AMBIENTAL DE LOS SECTORES PRODUCTIVOS - SERVICIO DE ASISTENCIA TECNICA EN EL MARCO DE LA FORMULACION E IMPLEMENTACION DE PR,No Aplica,NO DEFINIDO,,,2021,Tercer Trimestre,,,,"91114 - SERVICIOS DE PLANIFICACIÓN ECONÓMICA, SOCIAL Y ESTADÍSTICA DE LA ADMINISTRACIÓN PUBLICA",1.2.4.3.03 - SGP-PROPOSITO GENERAL-PROPOSITO GENERAL LIBRE INVERSION,,,,,,NO APLICA,,,,,,CON SITUACION DE FONDOS,DIRECCION NACIONAL DEL TESORO MINISTERIO DE HACIENDA Y CREDITO PUBLICO,NO DEFINIDO,25399736.0,12699868.0,12699868.0
14529435,20220601,218552585,Pupiales,2.3.2.02.02.009,"SERVICIOS PARA LA COMUNIDAD, SOCIALES Y PERSONALES",GASTOS,INVERSION,ADQUISICION DE BIENES Y SERVICIOS,ADQUISICIONES DIFERENTES DE ACTIVOS,ADQUISICION DE SERVICIOS,"SERVICIOS PARA LA COMUNIDAD, SOCIALES Y PERSONALES",No Aplica,No Aplica,No Aplica,No Aplica,VIGENCIA ACTUAL,ENTIDADES TERRITORIALES - ADMINISTRACION CENTRAL,"SERVICIO DIRIGIDOS A LA ATENCION DE NIÑOS, NIÑAS, ADOLESCENTES Y JOVENES, CON ENFOQUE PEDAGOGICO Y RESTAURATIVO ENCAMINADOS A LA INCLUSION SOCIAL",No Aplica,NO DEFINIDO,,,2022,Segundo Trimestre,,,,OTROS SERVICIOS DIVERSOS N C P,SGP-ASIGNACION-ATENCION INTEGRAL DE LA PRIMERA INFANCIA,,,,,,NO APLICA,,,,,,CON SITUACION DE FONDOS,DIRECCION NACIONAL DEL TESORO MINISTERIO DE HACIENDA Y CREDITO PUBLICO,NO APLICA,6000000.0,6000000.0,6000000.0
14539522,20230901,218552585,Pupiales,2.3.2.02.02.006,"COMERCIO Y DISTRIBUCION; ALOJAMIENTO; SERVICIOS DE SUMINISTRO DE COMIDAS Y BEBIDAS; SERVICIOS DE TRANSPORTE; Y SERVICIOS DE DISTRIBUCION DE ELECTRICIDAD, GAS Y AGUA",GASTOS,INVERSION,ADQUISICION DE BIENES Y SERVICIOS,ADQUISICIONES DIFERENTES DE ACTIVOS,ADQUISICION DE SERVICIOS,"COMERCIO Y DISTRIBUCION; ALOJAMIENTO; SERVICIOS DE SUMINISTRO DE COMIDAS Y BEBIDAS; SERVICIOS DE TRANSPORTE; Y SERVICIOS DE DISTRIBUCION DE ELECTRICIDAD, GAS Y AGUA",No Aplica,No Aplica,No Aplica,No Aplica,VIGENCIA ACTUAL,ENTIDADES TERRITORIALES - ADMINISTRACION CENTRAL,SERVICIO DE APOYO A LA PERMANENCIA CON TRANSPORTE ESCOLAR,No Aplica,NO DEFINIDO,,,2023,Tercer Trimestre,,,,OTRO COMERCIO AL POR MENOR DE CAFE TE Y OTRAS ESPECIAS NO REALIZADOS EN ESTABLECIMIENTOS,SGP-EDUCACION-CALIDAD  POR MATRICULA OFICIAL,,,,,,NO APLICA,,,,,,CON SITUACION DE FONDOS,NO APLICA,NO APLICA,155274531.0,37754531.0,37754531.0
14540321,20230901,218552585,Pupiales,2.3.2.01.01.001.03,OTRAS ESTRUCTURAS,GASTOS,INVERSION,ADQUISICION DE BIENES Y SERVICIOS,ADQUISICION DE ACTIVOS NO FINANCIEROS,ACTIVOS FIJOS,EDIFICACIONES Y ESTRUCTURAS,OTRAS ESTRUCTURAS,No Aplica,No Aplica,No Aplica,RESERVAS,ENTIDADES TERRITORIALES - ADMINISTRACION CENTRAL,NO DEFINIDO,No Aplica,NO DEFINIDO,,,2023,Tercer Trimestre,,,,NO DEFINIDO,NO DEFINIDO,,,,,,NO DEFINIDO,,,,,,NO DEFINIDO,NO DEFINIDO,NO DEFINIDO,5975850.0,0.0,0.0
14541154,20230901,218552585,Pupiales,2.3.3,TRANSFERENCIAS CORRIENTES,GASTOS,INVERSION,TRANSFERENCIAS CORRIENTES,No Aplica,No Aplica,No Aplica,No Aplica,No Aplica,No Aplica,No Aplica,CUENTAS POR PAGAR,ENTIDADES TERRITORIALES - ADMINISTRACION CENTRAL,NO DEFINIDO,No Aplica,NO DEFINIDO,,,2023,Tercer Trimestre,,,,NO DEFINIDO,NO DEFINIDO,,,,,,NO DEFINIDO,,,,,,NO DEFINIDO,NO DEFINIDO,NO DEFINIDO,6238423.0,6238423.0,6238423.0
14551734,20230901,218552585,Pupiales,2.3.2.02.02.009,"SERVICIOS PARA LA COMUNIDAD, SOCIALES Y PERSONALES",GASTOS,INVERSION,ADQUISICION DE BIENES Y SERVICIOS,ADQUISICIONES DIFERENTES DE ACTIVOS,ADQUISICION DE SERVICIOS,"SERVICIOS PARA LA COMUNIDAD, SOCIALES Y PERSONALES",No Aplica,No Aplica,No Aplica,No Aplica,CUENTAS POR PAGAR,ENTIDADES TERRITORIALES - ADMINISTRACION CENTRAL,"SERVICIO DE APOYO FINANCIERO A LOS PLANES, PROGRAMAS Y PROYECTOS DE AGUA POTABLE Y SANEAMIENTO BASICO",No Aplica,NO DEFINIDO,,,2023,Tercer Trimestre,,,,SERVICIOS DE LOS ORGANOS DE CONTROL Y OTRAS INSTITUCIONES,SGP-AGUA POTABLE Y SANEAMIENTO BASICO,,,,,,NO APLICA,,,,,,CON SITUACION DE FONDOS,NO APLICA,NO APLICA,14000000.0,14000000.0,14000000.0
14553965,20230901,218552585,Pupiales,2.3.2.02.02.009,"SERVICIOS PARA LA COMUNIDAD, SOCIALES Y PERSONALES",GASTOS,INVERSION,ADQUISICION DE BIENES Y SERVICIOS,ADQUISICIONES DIFERENTES DE ACTIVOS,ADQUISICION DE SERVICIOS,"SERVICIOS PARA LA COMUNIDAD, SOCIALES Y PERSONALES",No Aplica,No Aplica,No Aplica,No Aplica,RESERVAS,ENTIDADES TERRITORIALES - ADMINISTRACION CENTRAL,VIA TERCIARIA REHABILITADA,No Aplica,NO DEFINIDO,,,2023,Tercer Trimestre,,,,SERVICIOS DE LOS ORGANOS DE CONTROL Y OTRAS INSTITUCIONES,RECURSOS DEL BALANCE DE LIBRE DESTINACION,,,,,,NO APLICA,,,,,,CON SITUACION DE FONDOS,NO APLICA,NO APLICA,12180000.0,12180000.0,12180000.0
14554001,20230901,218552585,Pupiales,2.1.1.01.01.001,FACTORES SALARIALES COMUNES,GASTOS,FUNCIONAMIENTO,GASTOS DE PERSONAL,PLANTA DE PERSONAL PERMANENTE,FACTORES CONSTITUTIVOS DE SALARIO,FACTORES SALARIALES COMUNES,No Aplica,No Aplica,No Aplica,No Aplica,VIGENCIA ACTUAL,ENTIDADES TERRITORIALES - PERSONERIA,NO DEFINIDO,No Aplica,NO DEFINIDO,,,2023,Tercer Trimestre,,,,NO DEFINIDO,NO DEFINIDO,,,,,,NO DEFINIDO,,,,,,NO DEFINIDO,NO DEFINIDO,NO DEFINIDO,110040638.0,110040638.0,110040638.0
14558081,20230901,218552585,Pupiales,2.3.2.02.02.006,"COMERCIO Y DISTRIBUCION; ALOJAMIENTO; SERVICIOS DE SUMINISTRO DE COMIDAS Y BEBIDAS; SERVICIOS DE TRANSPORTE; Y SERVICIOS DE DISTRIBUCION DE ELECTRICIDAD, GAS Y AGUA",GASTOS,INVERSION,ADQUISICION DE BIENES Y SERVICIOS,ADQUISICIONES DIFERENTES DE ACTIVOS,ADQUISICION DE SERVICIOS,"COMERCIO Y DISTRIBUCION; ALOJAMIENTO; SERVICIOS DE SUMINISTRO DE COMIDAS Y BEBIDAS; SERVICIOS DE TRANSPORTE; Y SERVICIOS DE DISTRIBUCION DE ELECTRICIDAD, GAS Y AGUA",No Aplica,No Aplica,No Aplica,No Aplica,VIGENCIA ACTUAL,ENTIDADES TERRITORIALES - ADMINISTRACION CENTRAL,SERVICIOS CONEXOS A LA PRESTACION DEL SERVICIO EDUCATIVO OFICIAL,No Aplica,NO DEFINIDO,,,2023,Tercer Trimestre,,,,OTRO COMERCIO AL POR MENOR DE CAFE TE Y OTRAS ESPECIAS NO REALIZADOS EN ESTABLECIMIENTOS,SGP-EDUCACION-CALIDAD  POR MATRICULA OFICIAL,,,,,,NO APLICA,,,,,,CON SITUACION DE FONDOS,E.S.P. CENTRALES ELECTRICAS DE NARIÑO S.A.,NO APLICA,61871920.0,61871920.0,61871920.0
14558158,20230901,218552585,Pupiales,2.3.1.01.02.001,APORTES A LA SEGURIDAD SOCIAL EN PENSIONES,GASTOS,INVERSION,GASTOS DE PERSONAL,PLANTA DE PERSONAL PERMANENTE,CONTRIBUCIONES INHERENTES A LA NOMINA,APORTES A LA SEGURIDAD SOCIAL EN PENSIONES,No Aplica,No Aplica,No Aplica,No Aplica,VIGENCIA ACTUAL,ENTIDADES TERRITORIALES - ADMINISTRACION CENTRAL,SERVICIO DE JUSTICIA A LOS CIUDADANOS,No Aplica,NO DEFINIDO,,,2023,Tercer Trimestre,,,,NO APLICA,SGP-PROPOSITO GENERAL-PROPOSITO GENERAL LIBRE INVERSION,,,,,,NO APLICA,,,,,,CON SITUACION DE FONDOS,COLPENSIONES - FONDO DE VEJEZ,NO APLICA,3431144.0,3431144.0,3431144.0
14564825,20230901,218552585,Pupiales,2.3.1.01.03.001.01,VACACIONES,GASTOS,INVERSION,GASTOS DE PERSONAL,PLANTA DE PERSONAL PERMANENTE,REMUNERACIONES NO CONSTITUTIVAS DE FACTOR SALARIAL,PRESTACIONES SOCIALES,VACACIONES,No Aplica,No Aplica,No Aplica,VIGENCIA ACTUAL,ENTIDADES TERRITORIALES - ADMINISTRACION CENTRAL,VIA TERCIARIA MEJORADA,No Aplica,NO DEFINIDO,,,2023,Tercer Trimestre,,,,NO APLICA,INGRESOS CORRIENTES DE LIBRE DESTINACION,,,,,,NO APLICA,,,,,,CON SITUACION DE FONDOS,NO APLICA,NO APLICA,2408881.0,2408881.0,2408881.0
14567021,20230901,218552585,Pupiales,2.3.1.01.03.001.02,INDEMNIZACION POR VACACIONES,GASTOS,INVERSION,GASTOS DE PERSONAL,PLANTA DE PERSONAL PERMANENTE,REMUNERACIONES NO CONSTITUTIVAS DE FACTOR SALARIAL,PRESTACIONES SOCIALES,INDEMNIZACION POR VACACIONES,No Aplica,No Aplica,No Aplica,VIGENCIA ACTUAL,ENTIDADES TERRITORIALES - ADMINISTRACION CENTRAL,SERVICIO DE JUSTICIA A LOS CIUDADANOS,No Aplica,NO DEFINIDO,,,2023,Tercer Trimestre,,,,NO APLICA,SGP-PROPOSITO GENERAL-PROPOSITO GENERAL LIBRE INVERSION,,,,,,NO APLICA,,,,,,CON SITUACION DE FONDOS,NO APLICA,NO APLICA,2090548.0,2090548.0,2090548.0
14575909,20230901,218552585,Pupiales,2.2.2.01,PRINCIPAL,GASTOS,SERVICIO DE LA DEUDA PUBLICA,SERVICIO DE LA DEUDA PUBLICA INTERNA,PRINCIPAL,No Aplica,No Aplica,No Aplica,No Aplica,No Aplica,No Aplica,VIGENCIA ACTUAL,ENTIDADES TERRITORIALES - ADMINISTRACION CENTRAL,NO DEFINIDO,No Aplica,NO DEFINIDO,,,2023,Tercer Trimestre,,,,NO DEFINIDO,NO DEFINIDO,,,,,,NO DEFINIDO,,,,,,NO DEFINIDO,NO DEFINIDO,NO DEFINIDO,280785753.0,280785753.0,280785753.0
14576344,20230901,218552585,Pupiales,2.1.3.13,SENTENCIAS Y CONCILIACIONES,GASTOS,FUNCIONAMIENTO,TRANSFERENCIAS CORRIENTES,SENTENCIAS Y CONCILIACIONES,No Aplica,No Aplica,No Aplica,No Aplica,No Aplica,No Aplica,VIGENCIA ACTUAL,ENTIDADES TERRITORIALES - ADMINISTRACION CENTRAL,NO DEFINIDO,No Aplica,NO DEFINIDO,,,2023,Tercer Trimestre,,,,NO DEFINIDO,NO DEFINIDO,,,,,,NO DEFINIDO,,,,,,NO DEFINIDO,NO DEFINIDO,NO DEFINIDO,10546000.0,10546000.0,10546000.0
14583944,20230901,218552585,Pupiales,2.3.3,TRANSFERENCIAS CORRIENTES,GASTOS,INVERSION,TRANSFERENCIAS CORRIENTES,No Aplica,No Aplica,No Aplica,No Aplica,No Aplica,No Aplica,No Aplica,VIGENCIA ACTUAL,ENTIDADES TERRITORIALES - ADMINISTRACION CENTRAL,NO DEFINIDO,No Aplica,NO DEFINIDO,,,2023,Tercer Trimestre,,,,NO DEFINIDO,NO DEFINIDO,,,,,,NO DEFINIDO,,,,,,NO DEFINIDO,NO DEFINIDO,NO DEFINIDO,515187455.0,459044436.0,459044436.0
14586351,20230901,218552585,Pupiales,2.3.2.02.02.009,"SERVICIOS PARA LA COMUNIDAD, SOCIALES Y PERSONALES",GASTOS,INVERSION,ADQUISICION DE BIENES Y SERVICIOS,ADQUISICIONES DIFERENTES DE ACTIVOS,ADQUISICION DE SERVICIOS,"SERVICIOS PARA LA COMUNIDAD, SOCIALES Y PERSONALES",No Aplica,No Aplica,No Aplica,No Aplica,VIGENCIA ACTUAL,ENTIDADES TERRITORIALES - ADMINISTRACION CENTRAL,SERVICIO DE ATENCION EN SALUD A LA POBLACION,No Aplica,NO DEFINIDO,,,2023,Tercer Trimestre,,,,SERVICIOS DE LOS ORGANOS DE CONTROL Y OTRAS INSTITUCIONES,PARTICIPACIONES DISTINTAS DEL SGP CON DESTINACION ESPECIFICA LEGAL,,,,,,NO APLICA,,,,,,SIN SITUACION DE FONDOS,E.P.S. ENTIDAD PROMOTORA DE SALUD MALLAMAS INDIGENA,NO APLICA,2773040171.0,2773040171.0,2773040171.0
14586903,20230901,218552585,Pupiales,2.3.2.02.02.009,"SERVICIOS PARA LA COMUNIDAD, SOCIALES Y PERSONALES",GASTOS,INVERSION,ADQUISICION DE BIENES Y SERVICIOS,ADQUISICIONES DIFERENTES DE ACTIVOS,ADQUISICION DE SERVICIOS,"SERVICIOS PARA LA COMUNIDAD, SOCIALES Y PERSONALES",No Aplica,No Aplica,No Aplica,No Aplica,VIGENCIA ACTUAL,ENTIDADES TERRITORIALES - ADMINISTRACION CENTRAL,SERVICIO DE APOYO FINANCIERO PARA SUBSIDIOS AL CONSUMO EN LOS SERVICIOS PUBLICOS DOMICILIARIOS,No Aplica,NO DEFINIDO,,,2023,Tercer Trimestre,,,,SERVICIOS DE LOS ORGANOS DE CONTROL Y OTRAS INSTITUCIONES,SGP-AGUA POTABLE Y SANEAMIENTO BASICO,,,,,,NO APLICA,,,,,,CON SITUACION DE FONDOS,NO APLICA,NO APLICA,60605244.0,20569180.0,20569180.0
14588235,20230901,218552585,Pupiales,2.3.1.01.01.001.07,BONIFICACION POR SERVICIOS PRESTADOS,GASTOS,INVERSION,GASTOS DE PERSONAL,PLANTA DE PERSONAL PERMANENTE,FACTORES CONSTITUTIVOS DE SALARIO,FACTORES SALARIALES COMUNES,BONIFICACION POR SERVICIOS PRESTADOS,No Aplica,No Aplica,No Aplica,VIGENCIA ACTUAL,ENTIDADES TERRITORIALES - ADMINISTRACION CENTRAL,SERVICIO DE ASISTENCIA TECNICA AGROPECUARIA DIRIGIDA A PEQUEÑOS PRODUCTORES,No Aplica,NO DEFINIDO,,,2023,Tercer Trimestre,,,,NO APLICA,SGP-PROPOSITO GENERAL-PROPOSITO GENERAL LIBRE INVERSION,,,,,,NO APLICA,,,,,,CON SITUACION DE FONDOS,NO APLICA,NO APLICA,942979.0,942979.0,942979.0
14589807,20230901,218552585,Pupiales,2.3.1.01.02,CONTRIBUCIONES INHERENTES A LA NOMINA,GASTOS,INVERSION,GASTOS DE PERSONAL,PLANTA DE PERSONAL PERMANENTE,CONTRIBUCIONES INHERENTES A LA NOMINA,No Aplica,No Aplica,No Aplica,No Aplica,No Aplica,CUENTAS POR PAGAR,ENTIDADES TERRITORIALES - ADMINISTRACION CENTRAL,NO DEFINIDO,No Aplica,NO DEFINIDO,,,2023,Tercer Trimestre,,,,NO DEFINIDO,NO DEFINIDO,,,,,,NO DEFINIDO,,,,,,NO DEFINIDO,NO DEFINIDO,NO DEFINIDO,21415000.0,21415000.0,21415000.0
14590552,20230901,218552585,Pupiales,2.3.2.02.02.009,"SERVICIOS PARA LA COMUNIDAD, SOCIALES Y PERSONALES",GASTOS,INVERSION,ADQUISICION DE BIENES Y SERVICIOS,ADQUISICIONES DIFERENTES DE ACTIVOS,ADQUISICION DE SERVICIOS,"SERVICIOS PARA LA COMUNIDAD, SOCIALES Y PERSONALES",No Aplica,No Aplica,No Aplica,No Aplica,VIGENCIA ACTUAL,ENTIDADES TERRITORIALES - ADMINISTRACION CENTRAL,SERVICIO DE EDUCACION INFORMAL EN TEMAS DE SALUD PUBLICA,No Aplica,NO DEFINIDO,,,2023,Tercer Trimestre,,,,SERVICIOS DE LOS ORGANOS DE CONTROL Y OTRAS INSTITUCIONES,R.B. DERECHOS POR LA EXPLOTACION JUEGOS DE SUERTE Y AZAR,,,,,,NO APLICA,,,,,,CON SITUACION DE FONDOS,NO APLICA,NO APLICA,27500000.0,2800000.0,2800000.0
14592662,20230901,218552585,Pupiales,2.3.2.02.02.009,"SERVICIOS PARA LA COMUNIDAD, SOCIALES Y PERSONALES",GASTOS,INVERSION,ADQUISICION DE BIENES Y SERVICIOS,ADQUISICIONES DIFERENTES DE ACTIVOS,ADQUISICION DE SERVICIOS,"SERVICIOS PARA LA COMUNIDAD, SOCIALES Y PERSONALES",No Aplica,No Aplica,No Aplica,No Aplica,VIGENCIA ACTUAL,ENTIDADES TERRITORIALES - ADMINISTRACION CENTRAL,SERVICIO DE PROMOCION DE ACTIVIDADES CULTURALES,No Aplica,NO DEFINIDO,,,2023,Tercer Trimestre,,,,SERVICIOS DE LOS ORGANOS DE CONTROL Y OTRAS INSTITUCIONES,ESTAMPILLAS,,,,,,NO APLICA,,,,,,CON SITUACION DE FONDOS,NO APLICA,NO APLICA,40000000.0,40000000.0,40000000.0
14593537,20230901,218552585,Pupiales,2.3.2.02.02.009,"SERVICIOS PARA LA COMUNIDAD, SOCIALES Y PERSONALES",GASTOS,INVERSION,ADQUISICION DE BIENES Y SERVICIOS,ADQUISICIONES DIFERENTES DE ACTIVOS,ADQUISICION DE SERVICIOS,"SERVICIOS PARA LA COMUNIDAD, SOCIALES Y PERSONALES",No Aplica,No Aplica,No Aplica,No Aplica,VIGENCIA ACTUAL,ENTIDADES TERRITORIALES - ADMINISTRACION CENTRAL,SERVICIO DE APOYO FINANCIERO PARA PROYECTOS DE CONVIVENCIA Y SEGURIDAD CIUDADANA,No Aplica,NO DEFINIDO,,,2023,Tercer Trimestre,,,,SERVICIOS DE LOS ORGANOS DE CONTROL Y OTRAS INSTITUCIONES,R.B. CONTRIBUCION SOBRE CONTRATOS DE OBRA PUBLICA,,,,,,NO APLICA,,,,,,CON SITUACION DE FONDOS,NO APLICA,NO APLICA,393842717.0,80194110.0,80194110.0
14594108,20230901,218552585,Pupiales,2.3.2.02.02.009,"SERVICIOS PARA LA COMUNIDAD, SOCIALES Y PERSONALES",GASTOS,INVERSION,ADQUISICION DE BIENES Y SERVICIOS,ADQUISICIONES DIFERENTES DE ACTIVOS,ADQUISICION DE SERVICIOS,"SERVICIOS PARA LA COMUNIDAD, SOCIALES Y PERSONALES",No Aplica,No Aplica,No Aplica,No Aplica,VIGENCIA ACTUAL,ENTIDADES TERRITORIALES - ADMINISTRACION CENTRAL,SERVICIO DE AYUDA Y ATENCION HUMANITARIA,No Aplica,NO DEFINIDO,,,2023,Tercer Trimestre,,,,SERVICIOS DE LOS ORGANOS DE CONTROL Y OTRAS INSTITUCIONES,INGRESOS CORRIENTES DE LIBRE DESTINACION,,,,,,NO APLICA,,,,,,CON SITUACION DE FONDOS,NO APLICA,NO APLICA,17698950.0,17698950.0,17698950.0
14605464,20230901,218552585,Pupiales,2.3.1.01.02.001,APORTES A LA SEGURIDAD SOCIAL EN PENSIONES,GASTOS,INVERSION,GASTOS DE PERSONAL,PLANTA DE PERSONAL PERMANENTE,CONTRIBUCIONES INHERENTES A LA NOMINA,APORTES A LA SEGURIDAD SOCIAL EN PENSIONES,No Aplica,No Aplica,No Aplica,No Aplica,VIGENCIA ACTUAL,ENTIDADES TERRITORIALES - ADMINISTRACION CENTRAL,SERVICIO DE JUSTICIA A LOS CIUDADANOS,No Aplica,NO DEFINIDO,,,2023,Tercer Trimestre,,,,NO APLICA,SGP-PROPOSITO GENERAL-PROPOSITO GENERAL LIBRE INVERSION,,,,,,NO APLICA,,,,,,CON SITUACION DE FONDOS,NO APLICA,NO APLICA,5431210.0,5431210.0,5431210.0
14610285,20230901,218552585,Pupiales,2.3.2.02.02.009,"SERVICIOS PARA LA COMUNIDAD, SOCIALES Y PERSONALES",GASTOS,INVERSION,ADQUISICION DE BIENES Y SERVICIOS,ADQUISICIONES DIFERENTES DE ACTIVOS,ADQUISICION DE SERVICIOS,"SERVICIOS PARA LA COMUNIDAD, SOCIALES Y PERSONALES",No Aplica,No Aplica,No Aplica,No Aplica,VIGENCIA ACTUAL,ENTIDADES TERRITORIALES - ADMINISTRACION CENTRAL,SERVICIO DE ORGANIZACION DE EVENTOS DEPORTIVOS COMUNITARIOS,No Aplica,NO DEFINIDO,,,2023,Tercer Trimestre,,,,SERVICIOS DE LOS ORGANOS DE CONTROL Y OTRAS INSTITUCIONES,SGP-PROPOSITO GENERAL-DEPORTE Y RECREACION,,,,,,NO APLICA,,,,,,CON SITUACION DE FONDOS,NO APLICA,NO APLICA,12600000.0,12600000.0,12600000.0
14610917,20230901,218552585,Pupiales,2,GASTOS,GASTOS,No Aplica,No Aplica,No Aplica,No Aplica,No Aplica,No Aplica,No Aplica,No Aplica,No Aplica,VIGENCIA ACTUAL,ENTIDADES TERRITORIALES - ADMINISTRACION CENTRAL,NO DEFINIDO,No Aplica,NO DEFINIDO,,,2023,Tercer Trimestre,,,,NO DEFINIDO,NO DEFINIDO,,,,,,NO DEFINIDO,,,,,,NO DEFINIDO,NO DEFINIDO,NO DEFINIDO,23965226107.0,22364537057.0,22351937057.0
14611463,20230901,218552585,Pupiales,2.3.2.02.02.009,"SERVICIOS PARA LA COMUNIDAD, SOCIALES Y PERSONALES",GASTOS,INVERSION,ADQUISICION DE BIENES Y SERVICIOS,ADQUISICIONES DIFERENTES DE ACTIVOS,ADQUISICION DE SERVICIOS,"SERVICIOS PARA LA COMUNIDAD, SOCIALES Y PERSONALES",No Aplica,No Aplica,No Aplica,No Aplica,RESERVAS,ENTIDADES TERRITORIALES - ADMINISTRACION CENTRAL,"SERVICIO DE APOYO FINANCIERO A LOS PLANES, PROGRAMAS Y PROYECTOS DE AGUA POTABLE Y SANEAMIENTO BASICO",No Aplica,NO DEFINIDO,,,2023,Tercer Trimestre,,,,SERVICIOS DE LOS ORGANOS DE CONTROL Y OTRAS INSTITUCIONES,R.B. SGP-AGUA POTABLE Y SANEAMIENTO BASICO,,,,,,NO APLICA,,,,,,CON SITUACION DE FONDOS,E.S.P. EMPRESA DE SERVICIOS PUBLICOS VARIOS DE PUPIALES,NO APLICA,49200000.0,49200000.0,49200000.0
14613075,20230901,218552585,Pupiales,2.2,SERVICIO DE LA DEUDA PUBLICA,GASTOS,SERVICIO DE LA DEUDA PUBLICA,No Aplica,No Aplica,No Aplica,No Aplica,No Aplica,No Aplica,No Aplica,No Aplica,VIGENCIA ACTUAL,ENTIDADES TERRITORIALES - ADMINISTRACION CENTRAL,NO DEFINIDO,No Aplica,NO DEFINIDO,,,2023,Tercer Trimestre,,,,NO DEFINIDO,NO DEFINIDO,,,,,,NO DEFINIDO,,,,,,NO DEFINIDO,NO DEFINIDO,NO DEFINIDO,434844280.0,434844280.0,434844280.0
14618496,20230901,218552585,Pupiales,2.3.2.02.02.009,"SERVICIOS PARA LA COMUNIDAD, SOCIALES Y PERSONALES",GASTOS,INVERSION,ADQUISICION DE BIENES Y SERVICIOS,ADQUISICIONES DIFERENTES DE ACTIVOS,ADQUISICION DE SERVICIOS,"SERVICIOS PARA LA COMUNIDAD, SOCIALES Y PERSONALES",No Aplica,No Aplica,No Aplica,No Aplica,VIGENCIA ACTUAL,ENTIDADES TERRITORIALES - ADMINISTRACION CENTRAL,SERVICIO DE ATENCION Y PROTECCION INTEGRAL AL ADULTO MAYOR,No Aplica,NO DEFINIDO,,,2023,Tercer Trimestre,,,,SERVICIOS DE LOS ORGANOS DE CONTROL Y OTRAS INSTITUCIONES,R.B. ESTAMPILLAS,,,,,,NO APLICA,,,,,,CON SITUACION DE FONDOS,NO APLICA,NO APLICA,185614860.0,121913660.0,121913660.0
14620146,20230901,218552585,Pupiales,2.2.2.02.02,PRESTAMOS,GASTOS,SERVICIO DE LA DEUDA PUBLICA,SERVICIO DE LA DEUDA PUBLICA INTERNA,INTERESES,PRESTAMOS,No Aplica,No Aplica,No Aplica,No Aplica,No Aplica,VIGENCIA ACTUAL,ENTIDADES TERRITORIALES - ADMINISTRACION CENTRAL,NO DEFINIDO,No Aplica,NO DEFINIDO,,,2023,Tercer Trimestre,,,,NO DEFINIDO,NO DEFINIDO,,,,,,NO DEFINIDO,,,,,,NO DEFINIDO,NO DEFINIDO,NO DEFINIDO,154058527.0,154058527.0,154058527.0
14622773,20230901,218552585,Pupiales,2.3.2.02.02.009,"SERVICIOS PARA LA COMUNIDAD, SOCIALES Y PERSONALES",GASTOS,INVERSION,ADQUISICION DE BIENES Y SERVICIOS,ADQUISICIONES DIFERENTES DE ACTIVOS,ADQUISICION DE SERVICIOS,"SERVICIOS PARA LA COMUNIDAD, SOCIALES Y PERSONALES",No Aplica,No Aplica,No Aplica,No Aplica,CUENTAS POR PAGAR,ENTIDADES TERRITORIALES - ADMINISTRACION CENTRAL,"SERVICIO DE INSPECCION, VIGILANCIA Y CONTROL1903011",No Aplica,NO DEFINIDO,,,2023,Tercer Trimestre,,,,SERVICIOS DE LOS ORGANOS DE CONTROL Y OTRAS INSTITUCIONES,TASAS RETRIBUTIVAS,,,,,,NO APLICA,,,,,,CON SITUACION DE FONDOS,NO APLICA,NO APLICA,4351250.0,4351250.0,4351250.0
14624570,20230901,218552585,Pupiales,2.3.2.02.02.009,"SERVICIOS PARA LA COMUNIDAD, SOCIALES Y PERSONALES",GASTOS,INVERSION,ADQUISICION DE BIENES Y SERVICIOS,ADQUISICIONES DIFERENTES DE ACTIVOS,ADQUISICION DE SERVICIOS,"SERVICIOS PARA LA COMUNIDAD, SOCIALES Y PERSONALES",No Aplica,No Aplica,No Aplica,No Aplica,CUENTAS POR PAGAR,ENTIDADES TERRITORIALES - ADMINISTRACION CENTRAL,SERVICIO DE ASISTENCIA TECNICA PARA EL FORTALECIMIENTO DE LA CAPACIDAD ESTADISTICA,No Aplica,NO DEFINIDO,,,2023,Tercer Trimestre,,,,SERVICIOS DE LOS ORGANOS DE CONTROL Y OTRAS INSTITUCIONES,INGRESOS CORRIENTES DE LIBRE DESTINACION,,,,,,NO APLICA,,,,,,CON SITUACION DE FONDOS,NO APLICA,NO APLICA,8500000.0,8500000.0,8500000.0
14625635,20230901,218552585,Pupiales,2.3.1.01.03.001,PRESTACIONES SOCIALES,GASTOS,INVERSION,GASTOS DE PERSONAL,PLANTA DE PERSONAL PERMANENTE,REMUNERACIONES NO CONSTITUTIVAS DE FACTOR SALARIAL,PRESTACIONES SOCIALES,No Aplica,No Aplica,No Aplica,No Aplica,VIGENCIA ACTUAL,ENTIDADES TERRITORIALES - ADMINISTRACION CENTRAL,NO DEFINIDO,No Aplica,NO DEFINIDO,,,2023,Tercer Trimestre,,,,NO DEFINIDO,NO DEFINIDO,,,,,,NO DEFINIDO,,,,,,NO DEFINIDO,NO DEFINIDO,NO DEFINIDO,11060976.0,11060976.0,11060976.0
14629322,20230901,218552585,Pupiales,2.1.1.01,PLANTA DE PERSONAL PERMANENTE,GASTOS,FUNCIONAMIENTO,GASTOS DE PERSONAL,PLANTA DE PERSONAL PERMANENTE,No Aplica,No Aplica,No Aplica,No Aplica,No Aplica,No Aplica,VIGENCIA ACTUAL,ENTIDADES TERRITORIALES - ADMINISTRACION CENTRAL,NO DEFINIDO,No Aplica,NO DEFINIDO,,,2023,Tercer Trimestre,,,,NO DEFINIDO,NO DEFINIDO,,,,,,NO DEFINIDO,,,,,,NO DEFINIDO,NO DEFINIDO,NO DEFINIDO,641170228.0,641170228.0,641170228.0
14631251,20230901,218552585,Pupiales,2.2.2.01.02.002.02.03,BANCA COMERCIAL,GASTOS,SERVICIO DE LA DEUDA PUBLICA,SERVICIO DE LA DEUDA PUBLICA INTERNA,PRINCIPAL,PRESTAMOS,ENTIDADES FINANCIERAS,BANCA COMERCIAL,BANCA COMERCIAL,No Aplica,No Aplica,VIGENCIA ACTUAL,ENTIDADES TERRITORIALES - ADMINISTRACION CENTRAL,NO APLICA,No Aplica,NO DEFINIDO,,,2023,Tercer Trimestre,,,,NO APLICA,SGP-AGUA POTABLE Y SANEAMIENTO BASICO,,,,,,NO APLICA,,,,,,CON SITUACION DE FONDOS,NO APLICA,NO APLICA,44660754.0,44660754.0,44660754.0
14631782,20230901,218552585,Pupiales,2.3.1.01.02.003,APORTES DE CESANTIAS,GASTOS,INVERSION,GASTOS DE PERSONAL,PLANTA DE PERSONAL PERMANENTE,CONTRIBUCIONES INHERENTES A LA NOMINA,APORTES DE CESANTIAS,No Aplica,No Aplica,No Aplica,No Aplica,CUENTAS POR PAGAR,ENTIDADES TERRITORIALES - ADMINISTRACION CENTRAL,SERVICIO DE OPERACION DE VIAS PRIMARIAS,No Aplica,NO DEFINIDO,,,2023,Tercer Trimestre,,,,NO APLICA,INGRESOS CORRIENTES DE LIBRE DESTINACION,,,,,,NO APLICA,,,,,,CON SITUACION DE FONDOS,NO APLICA,NO APLICA,5605000.0,5605000.0,5605000.0
14633990,20230901,218552585,Pupiales,2.1,FUNCIONAMIENTO,GASTOS,FUNCIONAMIENTO,No Aplica,No Aplica,No Aplica,No Aplica,No Aplica,No Aplica,No Aplica,No Aplica,VIGENCIA ACTUAL,ENTIDADES TERRITORIALES - ADMINISTRACION CENTRAL,NO DEFINIDO,No Aplica,NO DEFINIDO,,,2023,Tercer Trimestre,,,,NO DEFINIDO,NO DEFINIDO,,,,,,NO DEFINIDO,,,,,,NO DEFINIDO,NO DEFINIDO,NO DEFINIDO,1205016423.0,1169360226.0,1169360226.0
14634466,20230901,218552585,Pupiales,2.3.2.01.01,ACTIVOS FIJOS,GASTOS,INVERSION,ADQUISICION DE BIENES Y SERVICIOS,ADQUISICION DE ACTIVOS NO FINANCIEROS,ACTIVOS FIJOS,No Aplica,No Aplica,No Aplica,No Aplica,No Aplica,VIGENCIA ACTUAL,ENTIDADES TERRITORIALES - ADMINISTRACION CENTRAL,NO DEFINIDO,No Aplica,NO DEFINIDO,,,2023,Tercer Trimestre,,,,NO DEFINIDO,NO DEFINIDO,,,,,,NO DEFINIDO,,,,,,NO DEFINIDO,NO DEFINIDO,NO DEFINIDO,356400803.0,308185197.0,308185197.0
14636728,20230901,218552585,Pupiales,2.3.2.02.02.009,"SERVICIOS PARA LA COMUNIDAD, SOCIALES Y PERSONALES",GASTOS,INVERSION,ADQUISICION DE BIENES Y SERVICIOS,ADQUISICIONES DIFERENTES DE ACTIVOS,ADQUISICION DE SERVICIOS,"SERVICIOS PARA LA COMUNIDAD, SOCIALES Y PERSONALES",No Aplica,No Aplica,No Aplica,No Aplica,VIGENCIA ACTUAL,ENTIDADES TERRITORIALES - ADMINISTRACION CENTRAL,SERVICIO DE ASISTENCIA TECNICA EN GESTION ARTISTICA Y CULTURAL,No Aplica,NO DEFINIDO,,,2023,Tercer Trimestre,,,,SERVICIOS DE LOS ORGANOS DE CONTROL Y OTRAS INSTITUCIONES,SGP-PROPOSITO GENERAL-CULTURA,,,,,,NO APLICA,,,,,,CON SITUACION DE FONDOS,NO APLICA,NO APLICA,25550000.0,25550000.0,25550000.0
14640724,20230901,218552585,Pupiales,2.3.2.01.01.001.03.02,"AUTOPISTAS, CARRETERAS, CALLES",GASTOS,INVERSION,ADQUISICION DE BIENES Y SERVICIOS,ADQUISICION DE ACTIVOS NO FINANCIEROS,ACTIVOS FIJOS,EDIFICACIONES Y ESTRUCTURAS,OTRAS ESTRUCTURAS,"AUTOPISTAS, CARRETERAS, CALLES",No Aplica,No Aplica,CUENTAS POR PAGAR,ENTIDADES TERRITORIALES - ADMINISTRACION CENTRAL,VIA URBANA MEJORADA,No Aplica,NO DEFINIDO,,,2023,Tercer Trimestre,,,,NO APLICA,CONTRIBUCION DEL SECTOR ELECTRICO,,,,,,NO APLICA,,,,,,CON SITUACION DE FONDOS,NO APLICA,NO APLICA,12000000.0,12000000.0,12000000.0
14642496,20230901,218552585,Pupiales,2.3.2.02.02.009,"SERVICIOS PARA LA COMUNIDAD, SOCIALES Y PERSONALES",GASTOS,INVERSION,ADQUISICION DE BIENES Y SERVICIOS,ADQUISICIONES DIFERENTES DE ACTIVOS,ADQUISICION DE SERVICIOS,"SERVICIOS PARA LA COMUNIDAD, SOCIALES Y PERSONALES",No Aplica,No Aplica,No Aplica,No Aplica,CUENTAS POR PAGAR,ENTIDADES TERRITORIALES - ADMINISTRACION CENTRAL,"SERVICIO DE APOYO FINANCIERO A LOS PLANES, PROGRAMAS Y PROYECTOS DE AGUA POTABLE Y SANEAMIENTO BASICO",No Aplica,NO DEFINIDO,,,2023,Tercer Trimestre,,,,SERVICIOS DE LOS ORGANOS DE CONTROL Y OTRAS INSTITUCIONES,OTRAS TRANSFERENCIAS CORRIENTES DE OTRAS ENTIDADES CON DESTINACION ESPECIFICA LEGAL DEL GOBIERNO GENERAL,,,,,,NO APLICA,,,,,,CON SITUACION DE FONDOS,NO APLICA,NO APLICA,19960000.0,19960000.0,10000000.0
14642935,20230901,218552585,Pupiales,2.3.2.02.01.003,"OTROS BIENES TRANSPORTABLES EXCEPTO PRODUCTOS METALICOS, MAQUINARIA Y EQUIPO",GASTOS,INVERSION,ADQUISICION DE BIENES Y SERVICIOS,ADQUISICIONES DIFERENTES DE ACTIVOS,MATERIALES Y SUMINISTROS,"OTROS BIENES TRANSPORTABLES EXCEPTO PRODUCTOS METALICOS, MAQUINARIA Y EQUIPO",No Aplica,No Aplica,No Aplica,No Aplica,VIGENCIA ACTUAL,ENTIDADES TERRITORIALES - ADMINISTRACION CENTRAL,VIA TERCIARIA MEJORADA,No Aplica,NO DEFINIDO,,,2023,Tercer Trimestre,,,,PASTAS O PULPAS DE OTRAS FIBRAS N C P PARA PAPEL,RECURSOS DEL BALANCE DE LIBRE DESTINACION,,,,,,NO APLICA,,,,,,CON SITUACION DE FONDOS,NO APLICA,NO APLICA,15000000.0,0.0,0.0
14643093,20230901,218552585,Pupiales,2.3.2.02.02.009,"SERVICIOS PARA LA COMUNIDAD, SOCIALES Y PERSONALES",GASTOS,INVERSION,ADQUISICION DE BIENES Y SERVICIOS,ADQUISICIONES DIFERENTES DE ACTIVOS,ADQUISICION DE SERVICIOS,"SERVICIOS PARA LA COMUNIDAD, SOCIALES Y PERSONALES",No Aplica,No Aplica,No Aplica,No Aplica,VIGENCIA ACTUAL,ENTIDADES TERRITORIALES - ADMINISTRACION CENTRAL,SERVICIO DE ASISTENCIA TECNICA AGROPECUARIA DIRIGIDA A PEQUEÑOS PRODUCTORES,No Aplica,NO DEFINIDO,,,2023,Tercer Trimestre,,,,SERVICIOS DE LOS ORGANOS DE CONTROL Y OTRAS INSTITUCIONES,SGP-PROPOSITO GENERAL-PROPOSITO GENERAL LIBRE INVERSION,,,,,,NO APLICA,,,,,,CON SITUACION DE FONDOS,NO APLICA,NO APLICA,23050000.0,21850000.0,21850000.0
14643462,20230901,218552585,Pupiales,2.3.1,GASTOS DE PERSONAL,GASTOS,INVERSION,GASTOS DE PERSONAL,No Aplica,No Aplica,No Aplica,No Aplica,No Aplica,No Aplica,No Aplica,VIGENCIA ACTUAL,ENTIDADES TERRITORIALES - ADMINISTRACION CENTRAL,NO DEFINIDO,No Aplica,NO DEFINIDO,,,2023,Tercer Trimestre,,,,NO DEFINIDO,NO DEFINIDO,,,,,,NO DEFINIDO,,,,,,NO DEFINIDO,NO DEFINIDO,NO DEFINIDO,223690352.0,223690352.0,223690352.0
14647014,20230901,218552585,Pupiales,2.1.1.01.02,CONTRIBUCIONES INHERENTES A LA NOMINA,GASTOS,FUNCIONAMIENTO,GASTOS DE PERSONAL,PLANTA DE PERSONAL PERMANENTE,CONTRIBUCIONES INHERENTES A LA NOMINA,No Aplica,No Aplica,No Aplica,No Aplica,No Aplica,CUENTAS POR PAGAR,ENTIDADES TERRITORIALES - ADMINISTRACION CENTRAL,NO DEFINIDO,No Aplica,NO DEFINIDO,,,2023,Tercer Trimestre,,,,NO DEFINIDO,NO DEFINIDO,,,,,,NO DEFINIDO,,,,,,NO DEFINIDO,NO DEFINIDO,NO DEFINIDO,41557468.0,41557468.0,41557468.0
14652276,20230901,218552585,Pupiales,2.1.1.01,PLANTA DE PERSONAL PERMANENTE,GASTOS,FUNCIONAMIENTO,GASTOS DE PERSONAL,PLANTA DE PERSONAL PERMANENTE,No Aplica,No Aplica,No Aplica,No Aplica,No Aplica,No Aplica,VIGENCIA ACTUAL,ENTIDADES TERRITORIALES - PERSONERIA,NO DEFINIDO,No Aplica,NO DEFINIDO,,,2023,Tercer Trimestre,,,,NO DEFINIDO,NO DEFINIDO,,,,,,NO DEFINIDO,,,,,,NO DEFINIDO,NO DEFINIDO,NO DEFINIDO,110040638.0,110040638.0,110040638.0
14658461,20230901,218552585,Pupiales,2.1.1.01.01.001.10,VIATICOS DE LOS FUNCIONARIOS EN COMISION,GASTOS,FUNCIONAMIENTO,GASTOS DE PERSONAL,PLANTA DE PERSONAL PERMANENTE,FACTORES CONSTITUTIVOS DE SALARIO,FACTORES SALARIALES COMUNES,VIATICOS DE LOS FUNCIONARIOS EN COMISION,No Aplica,No Aplica,No Aplica,VIGENCIA ACTUAL,ENTIDADES TERRITORIALES - ADMINISTRACION CENTRAL,NO APLICA,No Aplica,NO DEFINIDO,,,2023,Tercer Trimestre,,,,NO APLICA,"SGP-PROPOSITO GENERAL-LIBRE DESTINACION MUNICIPIOS CATEGORIAS 4, 5 Y 6",,,,,,NO APLICA,,,,,,CON SITUACION DE FONDOS,NO APLICA,NO APLICA,2290900.0,2290900.0,2290900.0
14659592,20230901,218552585,Pupiales,2.1.2.02,ADQUISICIONES DIFERENTES DE ACTIVOS,GASTOS,FUNCIONAMIENTO,ADQUISICION DE BIENES Y SERVICIOS,ADQUISICIONES DIFERENTES DE ACTIVOS,No Aplica,No Aplica,No Aplica,No Aplica,No Aplica,No Aplica,VIGENCIA ACTUAL,ENTIDADES TERRITORIALES - CONCEJO,NO DEFINIDO,No Aplica,NO DEFINIDO,,,2023,Tercer Trimestre,,,,NO DEFINIDO,NO DEFINIDO,,,,,,NO DEFINIDO,,,,,,NO DEFINIDO,NO DEFINIDO,NO DEFINIDO,7840000.0,7500000.0,7500000.0
14661385,20230901,218552585,Pupiales,2.3.2.02.01.001,"MINERALES, ELECTRICIDAD, GAS Y AGUA",GASTOS,INVERSION,ADQUISICION DE BIENES Y SERVICIOS,ADQUISICIONES DIFERENTES DE ACTIVOS,MATERIALES Y SUMINISTROS,"MINERALES, ELECTRICIDAD, GAS Y AGUA",No Aplica,No Aplica,No Aplica,No Aplica,VIGENCIA ACTUAL,ENTIDADES TERRITORIALES - ADMINISTRACION CENTRAL,VIA TERCIARIA MEJORADA,No Aplica,NO DEFINIDO,,,2023,Tercer Trimestre,,,,OTRAS ROCAS O PIEDRAS TRITURADAS PARA CONSTRUCCION N C P,SGP-PROPOSITO GENERAL-PROPOSITO GENERAL LIBRE INVERSION,,,,,,NO APLICA,,,,,,CON SITUACION DE FONDOS,NO APLICA,NO APLICA,150000000.0,135000000.0,135000000.0
14663807,20230901,218552585,Pupiales,2.3.1.01.02.003,APORTES DE CESANTIAS,GASTOS,INVERSION,GASTOS DE PERSONAL,PLANTA DE PERSONAL PERMANENTE,CONTRIBUCIONES INHERENTES A LA NOMINA,APORTES DE CESANTIAS,No Aplica,No Aplica,No Aplica,No Aplica,VIGENCIA ACTUAL,ENTIDADES TERRITORIALES - ADMINISTRACION CENTRAL,SERVICIO DE JUSTICIA A LOS CIUDADANOS,No Aplica,NO DEFINIDO,,,2023,Tercer Trimestre,,,,NO APLICA,SGP-PROPOSITO GENERAL-PROPOSITO GENERAL LIBRE INVERSION,,,,,,NO APLICA,,,,,,CON SITUACION DE FONDOS,NO APLICA,NO APLICA,378221.0,378221.0,378221.0
14668814,20230901,218552585,Pupiales,2.1.1.01,PLANTA DE PERSONAL PERMANENTE,GASTOS,FUNCIONAMIENTO,GASTOS DE PERSONAL,PLANTA DE PERSONAL PERMANENTE,No Aplica,No Aplica,No Aplica,No Aplica,No Aplica,No Aplica,CUENTAS POR PAGAR,ENTIDADES TERRITORIALES - ADMINISTRACION CENTRAL,NO DEFINIDO,No Aplica,NO DEFINIDO,,,2023,Tercer Trimestre,,,,NO DEFINIDO,NO DEFINIDO,,,,,,NO DEFINIDO,,,,,,NO DEFINIDO,NO DEFINIDO,NO DEFINIDO,41557468.0,41557468.0,41557468.0
14673848,20230901,218552585,Pupiales,2.3.2.02.02.009,"SERVICIOS PARA LA COMUNIDAD, SOCIALES Y PERSONALES",GASTOS,INVERSION,ADQUISICION DE BIENES Y SERVICIOS,ADQUISICIONES DIFERENTES DE ACTIVOS,ADQUISICION DE SERVICIOS,"SERVICIOS PARA LA COMUNIDAD, SOCIALES Y PERSONALES",No Aplica,No Aplica,No Aplica,No Aplica,VIGENCIA ACTUAL,ENTIDADES TERRITORIALES - ADMINISTRACION CENTRAL,SERVICIO DE ATENCION EN SALUD A LA POBLACION,No Aplica,NO DEFINIDO,,,2023,Tercer Trimestre,,,,SERVICIOS DE LOS ORGANOS DE CONTROL Y OTRAS INSTITUCIONES,PARTICIPACIONES DISTINTAS DEL SGP CON DESTINACION ESPECIFICA LEGAL,,,,,,NO APLICA,,,,,,SIN SITUACION DE FONDOS,NO APLICA,NO APLICA,8062923724.0,8062923724.0,8062923724.0
14676079,20230901,218552585,Pupiales,2.1.2.01.01,ACTIVOS FIJOS,GASTOS,FUNCIONAMIENTO,ADQUISICION DE BIENES Y SERVICIOS,ADQUISICION DE ACTIVOS NO FINANCIEROS,ACTIVOS FIJOS,No Aplica,No Aplica,No Aplica,No Aplica,No Aplica,VIGENCIA ACTUAL,ENTIDADES TERRITORIALES - ADMINISTRACION CENTRAL,NO DEFINIDO,No Aplica,NO DEFINIDO,,,2023,Tercer Trimestre,,,,NO DEFINIDO,NO DEFINIDO,,,,,,NO DEFINIDO,,,,,,NO DEFINIDO,NO DEFINIDO,NO DEFINIDO,21115000.0,21115000.0,21115000.0
14676412,20230901,218552585,Pupiales,2.3.2.02.01,MATERIALES Y SUMINISTROS,GASTOS,INVERSION,ADQUISICION DE BIENES Y SERVICIOS,ADQUISICIONES DIFERENTES DE ACTIVOS,MATERIALES Y SUMINISTROS,No Aplica,No Aplica,No Aplica,No Aplica,No Aplica,VIGENCIA ACTUAL,ENTIDADES TERRITORIALES - ADMINISTRACION CENTRAL,NO DEFINIDO,No Aplica,NO DEFINIDO,,,2023,Tercer Trimestre,,,,NO DEFINIDO,NO DEFINIDO,,,,,,NO DEFINIDO,,,,,,NO DEFINIDO,NO DEFINIDO,NO DEFINIDO,265000000.0,231182741.0,231182741.0
14681931,20230901,218552585,Pupiales,2.3.3.13.01,FALLOS NACIONALES,GASTOS,INVERSION,TRANSFERENCIAS CORRIENTES,SENTENCIAS Y CONCILIACIONES,FALLOS NACIONALES,No Aplica,No Aplica,No Aplica,No Aplica,No Aplica,VIGENCIA ACTUAL,ENTIDADES TERRITORIALES - ADMINISTRACION CENTRAL,NO DEFINIDO,No Aplica,NO DEFINIDO,,,2023,Tercer Trimestre,,,,NO DEFINIDO,NO DEFINIDO,,,,,,NO DEFINIDO,,,,,,NO DEFINIDO,NO DEFINIDO,NO DEFINIDO,17829106.0,9238741.0,9238741.0
14683421,20230901,218552585,Pupiales,2.3.2.02.02.009,"SERVICIOS PARA LA COMUNIDAD, SOCIALES Y PERSONALES",GASTOS,INVERSION,ADQUISICION DE BIENES Y SERVICIOS,ADQUISICIONES DIFERENTES DE ACTIVOS,ADQUISICION DE SERVICIOS,"SERVICIOS PARA LA COMUNIDAD, SOCIALES Y PERSONALES",No Aplica,No Aplica,No Aplica,No Aplica,VIGENCIA ACTUAL,ENTIDADES TERRITORIALES - ADMINISTRACION CENTRAL,ESTUDIOS DE PRE INVERSION E INVERSION4003042,No Aplica,NO DEFINIDO,,,2023,Tercer Trimestre,,,,SERVICIOS DE LOS ORGANOS DE CONTROL Y OTRAS INSTITUCIONES,RECURSOS DEL BALANCE DE LIBRE DESTINACION,,,,,,NO APLICA,,,,,,CON SITUACION DE FONDOS,NO APLICA,NO APLICA,7400000.0,0.0,0.0
14685158,20230901,218552585,Pupiales,2.3.2.02.02.009,"SERVICIOS PARA LA COMUNIDAD, SOCIALES Y PERSONALES",GASTOS,INVERSION,ADQUISICION DE BIENES Y SERVICIOS,ADQUISICIONES DIFERENTES DE ACTIVOS,ADQUISICION DE SERVICIOS,"SERVICIOS PARA LA COMUNIDAD, SOCIALES Y PERSONALES",No Aplica,No Aplica,No Aplica,No Aplica,CUENTAS POR PAGAR,ENTIDADES TERRITORIALES - ADMINISTRACION CENTRAL,INFRAESTRUCTURA PENITENCIARIA Y CARCELARIA CON MANTENIMIENTO,No Aplica,NO DEFINIDO,,,2023,Tercer Trimestre,,,,SERVICIOS DE LOS ORGANOS DE CONTROL Y OTRAS INSTITUCIONES,SGP-PROPOSITO GENERAL-PROPOSITO GENERAL LIBRE INVERSION,,,,,,NO APLICA,,,,,,CON SITUACION DE FONDOS,NO APLICA,NO APLICA,5883146.0,5883146.0,5869663.0
14685252,20230901,218552585,Pupiales,2.3.1.01.02.005,APORTES GENERALES AL SISTEMA DE RIESGOS LABORALES,GASTOS,INVERSION,GASTOS DE PERSONAL,PLANTA DE PERSONAL PERMANENTE,CONTRIBUCIONES INHERENTES A LA NOMINA,APORTES GENERALES AL SISTEMA DE RIESGOS LABORALES,No Aplica,No Aplica,No Aplica,No Aplica,VIGENCIA ACTUAL,ENTIDADES TERRITORIALES - ADMINISTRACION CENTRAL,VIA TERCIARIA MEJORADA,No Aplica,NO DEFINIDO,,,2023,Tercer Trimestre,,,,NO APLICA,INGRESOS CORRIENTES DE LIBRE DESTINACION,,,,,,NO APLICA,,,,,,CON SITUACION DE FONDOS,NO APLICA,NO APLICA,623491.0,623491.0,623491.0
14693024,20230901,218552585,Pupiales,2.1.3,TRANSFERENCIAS CORRIENTES,GASTOS,FUNCIONAMIENTO,TRANSFERENCIAS CORRIENTES,No Aplica,No Aplica,No Aplica,No Aplica,No Aplica,No Aplica,No Aplica,VIGENCIA ACTUAL,ENTIDADES TERRITORIALES - ADMINISTRACION CENTRAL,NO DEFINIDO,No Aplica,NO DEFINIDO,,,2023,Tercer Trimestre,,,,NO DEFINIDO,NO DEFINIDO,,,,,,NO DEFINIDO,,,,,,NO DEFINIDO,NO DEFINIDO,NO DEFINIDO,207574084.0,207574084.0,207574084.0
14703774,20230901,218552585,Pupiales,2.1.2.02.02.006,"COMERCIO Y DISTRIBUCION; ALOJAMIENTO; SERVICIOS DE SUMINISTRO DE COMIDAS Y BEBIDAS; SERVICIOS DE TRANSPORTE; Y SERVICIOS DE DISTRIBUCION DE ELECTRICIDAD, GAS Y AGUA",GASTOS,FUNCIONAMIENTO,ADQUISICION DE BIENES Y SERVICIOS,ADQUISICIONES DIFERENTES DE ACTIVOS,ADQUISICION DE SERVICIOS,"COMERCIO Y DISTRIBUCION; ALOJAMIENTO; SERVICIOS DE SUMINISTRO DE COMIDAS Y BEBIDAS; SERVICIOS DE TRANSPORTE; Y SERVICIOS DE DISTRIBUCION DE ELECTRICIDAD, GAS Y AGUA",No Aplica,No Aplica,No Aplica,No Aplica,VIGENCIA ACTUAL,ENTIDADES TERRITORIALES - ADMINISTRACION CENTRAL,NO APLICA,No Aplica,NO DEFINIDO,,,2023,Tercer Trimestre,,,,OTRO COMERCIO AL POR MENOR DE CAFE TE Y OTRAS ESPECIAS NO REALIZADOS EN ESTABLECIMIENTOS,"SGP-PROPOSITO GENERAL-LIBRE DESTINACION MUNICIPIOS CATEGORIAS 4, 5 Y 6",,,,,,NO APLICA,,,,,,CON SITUACION DE FONDOS,E.S.P. CENTRALES ELECTRICAS DE NARIÑO S.A.,NO APLICA,20662430.0,20662430.0,20662430.0
14705337,20230901,218552585,Pupiales,2.1.2.02.01.003,"OTROS BIENES TRANSPORTABLES EXCEPTO PRODUCTOS METALICOS, MAQUINARIA Y EQUIPO",GASTOS,FUNCIONAMIENTO,ADQUISICION DE BIENES Y SERVICIOS,ADQUISICIONES DIFERENTES DE ACTIVOS,MATERIALES Y SUMINISTROS,"OTROS BIENES TRANSPORTABLES EXCEPTO PRODUCTOS METALICOS, MAQUINARIA Y EQUIPO",No Aplica,No Aplica,No Aplica,No Aplica,VIGENCIA ACTUAL,ENTIDADES TERRITORIALES - ADMINISTRACION CENTRAL,NO APLICA,No Aplica,NO DEFINIDO,,,2023,Tercer Trimestre,,,,PASTAS O PULPAS DE OTRAS FIBRAS N C P PARA PAPEL,"SGP-PROPOSITO GENERAL-LIBRE DESTINACION MUNICIPIOS CATEGORIAS 4, 5 Y 6",,,,,,NO APLICA,,,,,,CON SITUACION DE FONDOS,NO APLICA,NO APLICA,49296060.0,49296060.0,49296060.0
14708249,20230901,218552585,Pupiales,2.1.1.01.03.001.01,VACACIONES,GASTOS,FUNCIONAMIENTO,GASTOS DE PERSONAL,PLANTA DE PERSONAL PERMANENTE,REMUNERACIONES NO CONSTITUTIVAS DE FACTOR SALARIAL,PRESTACIONES SOCIALES,VACACIONES,No Aplica,No Aplica,No Aplica,VIGENCIA ACTUAL,ENTIDADES TERRITORIALES - ADMINISTRACION CENTRAL,NO APLICA,No Aplica,NO DEFINIDO,,,2023,Tercer Trimestre,,,,NO APLICA,"SGP-PROPOSITO GENERAL-LIBRE DESTINACION MUNICIPIOS CATEGORIAS 4, 5 Y 6",,,,,,NO APLICA,,,,,,CON SITUACION DE FONDOS,NO APLICA,NO APLICA,24623970.0,24623970.0,24623970.0
14709180,20230901,218552585,Pupiales,2.3.2.01.01.003.02.04,"MAQUINARIA PARA LA MINERIA, LA EXPLOTACION DE CANTERAS Y LA CONSTRUCCION Y SUS PARTES Y PIEZAS",GASTOS,INVERSION,ADQUISICION DE BIENES Y SERVICIOS,ADQUISICION DE ACTIVOS NO FINANCIEROS,ACTIVOS FIJOS,MAQUINARIA Y EQUIPO,MAQUINARIA PARA USOS ESPECIALES,"MAQUINARIA PARA LA MINERIA, LA EXPLOTACION DE CANTERAS Y LA CONSTRUCCION Y SUS PARTES Y PIEZAS",No Aplica,No Aplica,VIGENCIA ACTUAL,ENTIDADES TERRITORIALES - ADMINISTRACION CENTRAL,VIA TERCIARIA MEJORADA,No Aplica,NO DEFINIDO,,,2023,Tercer Trimestre,,,,NO APLICA,SGP-PROPOSITO GENERAL-PROPOSITO GENERAL LIBRE INVERSION,,,,,,NO APLICA,,,,,,CON SITUACION DE FONDOS,NO APLICA,NO APLICA,219995000.0,219995000.0,219995000.0
14709314,20230901,218552585,Pupiales,2.2.2.02.02.002.02.03,BANCA COMERCIAL,GASTOS,SERVICIO DE LA DEUDA PUBLICA,SERVICIO DE LA DEUDA PUBLICA INTERNA,INTERESES,PRESTAMOS,ENTIDADES FINANCIERAS,BANCA COMERCIAL,BANCA COMERCIAL,No Aplica,No Aplica,VIGENCIA ACTUAL,ENTIDADES TERRITORIALES - ADMINISTRACION CENTRAL,NO APLICA,No Aplica,NO DEFINIDO,,,2023,Tercer Trimestre,,,,NO APLICA,"SGP-PROPOSITO GENERAL-LIBRE DESTINACION MUNICIPIOS CATEGORIAS 4, 5 Y 6",,,,,,NO APLICA,,,,,,CON SITUACION DE FONDOS,NO APLICA,NO APLICA,137624986.0,137624986.0,137624986.0
14710827,20230901,218552585,Pupiales,2.3.2.02.02.009,"SERVICIOS PARA LA COMUNIDAD, SOCIALES Y PERSONALES",GASTOS,INVERSION,ADQUISICION DE BIENES Y SERVICIOS,ADQUISICIONES DIFERENTES DE ACTIVOS,ADQUISICION DE SERVICIOS,"SERVICIOS PARA LA COMUNIDAD, SOCIALES Y PERSONALES",No Aplica,No Aplica,No Aplica,No Aplica,RESERVAS,ENTIDADES TERRITORIALES - ADMINISTRACION CENTRAL,"SERVICIO DE APOYO FINANCIERO A LOS PLANES, PROGRAMAS Y PROYECTOS DE AGUA POTABLE Y SANEAMIENTO BASICO",No Aplica,NO DEFINIDO,,,2023,Tercer Trimestre,,,,SERVICIOS DE LOS ORGANOS DE CONTROL Y OTRAS INSTITUCIONES,R.B. SGP-AGUA POTABLE Y SANEAMIENTO BASICO,,,,,,NO APLICA,,,,,,CON SITUACION DE FONDOS,E.S.P. EMPRESA DE SERVICIOS PUBLICOS VARIOS DE PUPIALES,NO APLICA,44405771.0,44405771.0,44405771.0
14712973,20230901,218552585,Pupiales,2.3.2,ADQUISICION DE BIENES Y SERVICIOS,GASTOS,INVERSION,ADQUISICION DE BIENES Y SERVICIOS,No Aplica,No Aplica,No Aplica,No Aplica,No Aplica,No Aplica,No Aplica,RESERVAS,ENTIDADES TERRITORIALES - ADMINISTRACION CENTRAL,NO DEFINIDO,No Aplica,NO DEFINIDO,,,2023,Tercer Trimestre,,,,NO DEFINIDO,NO DEFINIDO,,,,,,NO DEFINIDO,,,,,,NO DEFINIDO,NO DEFINIDO,NO DEFINIDO,1140355793.0,1072929596.0,1072929596.0
14713202,20230901,218552585,Pupiales,2.3.1.01.01.001.01,SUELDO BASICO,GASTOS,INVERSION,GASTOS DE PERSONAL,PLANTA DE PERSONAL PERMANENTE,FACTORES CONSTITUTIVOS DE SALARIO,FACTORES SALARIALES COMUNES,SUELDO BASICO,No Aplica,No Aplica,No Aplica,VIGENCIA ACTUAL,ENTIDADES TERRITORIALES - ADMINISTRACION CENTRAL,VIA TERCIARIA MEJORADA,No Aplica,NO DEFINIDO,,,2023,Tercer Trimestre,,,,NO APLICA,INGRESOS CORRIENTES DE LIBRE DESTINACION,,,,,,NO APLICA,,,,,,CON SITUACION DE FONDOS,NO APLICA,NO APLICA,28293320.0,28293320.0,28293320.0
14713236,20230901,218552585,Pupiales,2.3.3.05.07,A ENTIDADES TERRITORIALES DISTINTAS DE COMPENSACIONES Y PARTICIPACIONES,GASTOS,INVERSION,TRANSFERENCIAS CORRIENTES,A ENTIDADES DEL GOBIERNO,A ENTIDADES TERRITORIALES DISTINTAS DE COMPENSACIONES Y PARTICIPACIONES,No Aplica,No Aplica,No Aplica,No Aplica,No Aplica,VIGENCIA ACTUAL,ENTIDADES TERRITORIALES - ADMINISTRACION CENTRAL,NO DEFINIDO,No Aplica,NO DEFINIDO,,,2023,Tercer Trimestre,,,,NO DEFINIDO,NO DEFINIDO,,,,,,NO DEFINIDO,,,,,,NO DEFINIDO,NO DEFINIDO,NO DEFINIDO,67204347.0,39366173.0,39366173.0
14718473,20230901,218552585,Pupiales,2.1.1.01.03.001.03,BONIFICACION ESPECIAL DE RECREACION,GASTOS,FUNCIONAMIENTO,GASTOS DE PERSONAL,PLANTA DE PERSONAL PERMANENTE,REMUNERACIONES NO CONSTITUTIVAS DE FACTOR SALARIAL,PRESTACIONES SOCIALES,BONIFICACION ESPECIAL DE RECREACION,No Aplica,No Aplica,No Aplica,VIGENCIA ACTUAL,ENTIDADES TERRITORIALES - ADMINISTRACION CENTRAL,NO APLICA,No Aplica,NO DEFINIDO,,,2023,Tercer Trimestre,,,,NO APLICA,"SGP-PROPOSITO GENERAL-LIBRE DESTINACION MUNICIPIOS CATEGORIAS 4, 5 Y 6",,,,,,NO APLICA,,,,,,CON SITUACION DE FONDOS,NO APLICA,NO APLICA,2935401.0,2935401.0,2935401.0
14719016,20230901,218552585,Pupiales,2.3.1.01.01.001.05,AUXILIO DE TRANSPORTE,GASTOS,INVERSION,GASTOS DE PERSONAL,PLANTA DE PERSONAL PERMANENTE,FACTORES CONSTITUTIVOS DE SALARIO,FACTORES SALARIALES COMUNES,AUXILIO DE TRANSPORTE,No Aplica,No Aplica,No Aplica,VIGENCIA ACTUAL,ENTIDADES TERRITORIALES - ADMINISTRACION CENTRAL,SERVICIO DE JUSTICIA A LOS CIUDADANOS,No Aplica,NO DEFINIDO,,,2023,Tercer Trimestre,,,,NO APLICA,SGP-PROPOSITO GENERAL-PROPOSITO GENERAL LIBRE INVERSION,,,,,,NO APLICA,,,,,,CON SITUACION DE FONDOS,NO APLICA,NO APLICA,7039674.0,7039674.0,7039674.0
14719817,20230901,218552585,Pupiales,2.3.1.01.01.001.04,SUBSIDIO DE ALIMENTACION,GASTOS,INVERSION,GASTOS DE PERSONAL,PLANTA DE PERSONAL PERMANENTE,FACTORES CONSTITUTIVOS DE SALARIO,FACTORES SALARIALES COMUNES,SUBSIDIO DE ALIMENTACION,No Aplica,No Aplica,No Aplica,VIGENCIA ACTUAL,ENTIDADES TERRITORIALES - ADMINISTRACION CENTRAL,SERVICIO DE JUSTICIA A LOS CIUDADANOS,No Aplica,NO DEFINIDO,,,2023,Tercer Trimestre,,,,NO APLICA,SGP-PROPOSITO GENERAL-PROPOSITO GENERAL LIBRE INVERSION,,,,,,NO APLICA,,,,,,CON SITUACION DE FONDOS,NO APLICA,NO APLICA,3706116.0,3706116.0,3706116.0
14722575,20230901,218552585,Pupiales,2.3.3.05.08.001,REGION ADMINISTRATIVA DE PLANIFICACION ESPECIAL-RAPE,GASTOS,INVERSION,TRANSFERENCIAS CORRIENTES,A ENTIDADES DEL GOBIERNO,A ESQUEMAS ASOCIATIVOS,REGION ADMINISTRATIVA DE PLANIFICACION ESPECIAL-RAPE,No Aplica,No Aplica,No Aplica,No Aplica,VIGENCIA ACTUAL,ENTIDADES TERRITORIALES - ADMINISTRACION CENTRAL,SERVICIO DE ACONDICIONAMIENTO DE AMBIENTES DE APRENDIZAJE,No Aplica,NO DEFINIDO,,,2023,Tercer Trimestre,,,,NO APLICA,SGP-EDUCACION-CALIDAD  POR GRATUIDAD,,,,,,NO APLICA,,,,,,SIN SITUACION DE FONDOS,NO APLICA,NO APLICA,175578393.0,175578393.0,175578393.0
14727147,20230901,218552585,Pupiales,2.1.1.01.01.001.08,PRESTACIONES SOCIALES,GASTOS,FUNCIONAMIENTO,GASTOS DE PERSONAL,PLANTA DE PERSONAL PERMANENTE,FACTORES CONSTITUTIVOS DE SALARIO,FACTORES SALARIALES COMUNES,PRESTACIONES SOCIALES,No Aplica,No Aplica,No Aplica,VIGENCIA ACTUAL,ENTIDADES TERRITORIALES - ADMINISTRACION CENTRAL,NO DEFINIDO,No Aplica,NO DEFINIDO,,,2023,Tercer Trimestre,,,,NO DEFINIDO,NO DEFINIDO,,,,,,NO DEFINIDO,,,,,,NO DEFINIDO,NO DEFINIDO,NO DEFINIDO,26175781.0,26175781.0,26175781.0
14727316,20230901,218552585,Pupiales,2.3.1.01.01.001.08.02,PRIMA DE VACACIONES,GASTOS,INVERSION,GASTOS DE PERSONAL,PLANTA DE PERSONAL PERMANENTE,FACTORES CONSTITUTIVOS DE SALARIO,FACTORES SALARIALES COMUNES,PRESTACIONES SOCIALES,PRIMA DE VACACIONES,No Aplica,No Aplica,VIGENCIA ACTUAL,ENTIDADES TERRITORIALES - ADMINISTRACION CENTRAL,SERVICIO DE JUSTICIA A LOS CIUDADANOS,No Aplica,NO DEFINIDO,,,2023,Tercer Trimestre,,,,NO APLICA,SGP-PROPOSITO GENERAL-PROPOSITO GENERAL LIBRE INVERSION,,,,,,NO APLICA,,,,,,CON SITUACION DE FONDOS,NO APLICA,NO APLICA,4273666.0,4273666.0,4273666.0
14729124,20230901,218552585,Pupiales,2.1.1.01.03.001,PRESTACIONES SOCIALES,GASTOS,FUNCIONAMIENTO,GASTOS DE PERSONAL,PLANTA DE PERSONAL PERMANENTE,REMUNERACIONES NO CONSTITUTIVAS DE FACTOR SALARIAL,PRESTACIONES SOCIALES,No Aplica,No Aplica,No Aplica,No Aplica,VIGENCIA ACTUAL,ENTIDADES TERRITORIALES - ADMINISTRACION CENTRAL,NO DEFINIDO,No Aplica,NO DEFINIDO,,,2023,Tercer Trimestre,,,,NO DEFINIDO,NO DEFINIDO,,,,,,NO DEFINIDO,,,,,,NO DEFINIDO,NO DEFINIDO,NO DEFINIDO,39210919.0,39210919.0,39210919.0
14744764,20230901,218552585,Pupiales,2.3.1.01.01.001.04,SUBSIDIO DE ALIMENTACION,GASTOS,INVERSION,GASTOS DE PERSONAL,PLANTA DE PERSONAL PERMANENTE,FACTORES CONSTITUTIVOS DE SALARIO,FACTORES SALARIALES COMUNES,SUBSIDIO DE ALIMENTACION,No Aplica,No Aplica,No Aplica,VIGENCIA ACTUAL,ENTIDADES TERRITORIALES - ADMINISTRACION CENTRAL,VIA TERCIARIA MEJORADA,No Aplica,NO DEFINIDO,,,2023,Tercer Trimestre,,,,NO APLICA,INGRESOS CORRIENTES DE LIBRE DESTINACION,,,,,,NO APLICA,,,,,,CON SITUACION DE FONDOS,NO APLICA,NO APLICA,1666166.0,1666166.0,1666166.0
14744793,20230901,218552585,Pupiales,2.1.1.01,PLANTA DE PERSONAL PERMANENTE,GASTOS,FUNCIONAMIENTO,GASTOS DE PERSONAL,PLANTA DE PERSONAL PERMANENTE,No Aplica,No Aplica,No Aplica,No Aplica,No Aplica,No Aplica,VIGENCIA ACTUAL,ENTIDADES TERRITORIALES - CONCEJO,NO DEFINIDO,No Aplica,NO DEFINIDO,,,2023,Tercer Trimestre,,,,NO DEFINIDO,NO DEFINIDO,,,,,,NO DEFINIDO,,,,,,NO DEFINIDO,NO DEFINIDO,NO DEFINIDO,145573926.0,145573926.0,145573926.0
14745490,20230901,218552585,Pupiales,2.2.2.02.02.002.02,BANCA COMERCIAL,GASTOS,SERVICIO DE LA DEUDA PUBLICA,SERVICIO DE LA DEUDA PUBLICA INTERNA,INTERESES,PRESTAMOS,ENTIDADES FINANCIERAS,BANCA COMERCIAL,No Aplica,No Aplica,No Aplica,VIGENCIA ACTUAL,ENTIDADES TERRITORIALES - ADMINISTRACION CENTRAL,NO DEFINIDO,No Aplica,NO DEFINIDO,,,2023,Tercer Trimestre,,,,NO DEFINIDO,NO DEFINIDO,,,,,,NO DEFINIDO,,,,,,NO DEFINIDO,NO DEFINIDO,NO DEFINIDO,154058527.0,154058527.0,154058527.0
14745543,20230901,218552585,Pupiales,2.3.2.01.01.001.02.11,INSTALACIONES RECREATIVAS,GASTOS,INVERSION,ADQUISICION DE BIENES Y SERVICIOS,ADQUISICION DE ACTIVOS NO FINANCIEROS,ACTIVOS FIJOS,EDIFICACIONES Y ESTRUCTURAS,EDIFICACIONES DISTINTAS A VIVIENDAS,INSTALACIONES RECREATIVAS,No Aplica,No Aplica,VIGENCIA ACTUAL,ENTIDADES TERRITORIALES - ADMINISTRACION CENTRAL,CANCHAS MULTIFUNCIONALES MANTENIDAS,No Aplica,NO DEFINIDO,,,2023,Tercer Trimestre,,,,NO APLICA,SGP-PROPOSITO GENERAL-DEPORTE Y RECREACION,,,,,,NO APLICA,,,,,,CON SITUACION DE FONDOS,E.S.P. EMPRESA DE SERVICIOS PUBLICOS VARIOS DE PUPIALES,NO APLICA,40175606.0,24360000.0,24360000.0
14749331,20230901,218552585,Pupiales,2.3.2.02.02.009,"SERVICIOS PARA LA COMUNIDAD, SOCIALES Y PERSONALES",GASTOS,INVERSION,ADQUISICION DE BIENES Y SERVICIOS,ADQUISICIONES DIFERENTES DE ACTIVOS,ADQUISICION DE SERVICIOS,"SERVICIOS PARA LA COMUNIDAD, SOCIALES Y PERSONALES",No Aplica,No Aplica,No Aplica,No Aplica,VIGENCIA ACTUAL,ENTIDADES TERRITORIALES - ADMINISTRACION CENTRAL,SERVICIO DE APOYO FINANCIERO PARA PROYECTOS DE CONVIVENCIA Y SEGURIDAD CIUDADANA,No Aplica,NO DEFINIDO,,,2023,Tercer Trimestre,,,,SERVICIOS DE LOS ORGANOS DE CONTROL Y OTRAS INSTITUCIONES,CONTRIBUCION SOBRE CONTRATOS DE OBRA PUBLICA,,,,,,NO APLICA,,,,,,CON SITUACION DE FONDOS,NO APLICA,NO APLICA,107538446.0,13995400.0,13995400.0
14750065,20230901,218552585,Pupiales,2.3.2.02.02.009,"SERVICIOS PARA LA COMUNIDAD, SOCIALES Y PERSONALES",GASTOS,INVERSION,ADQUISICION DE BIENES Y SERVICIOS,ADQUISICIONES DIFERENTES DE ACTIVOS,ADQUISICION DE SERVICIOS,"SERVICIOS PARA LA COMUNIDAD, SOCIALES Y PERSONALES",No Aplica,No Aplica,No Aplica,No Aplica,VIGENCIA ACTUAL,ENTIDADES TERRITORIALES - ADMINISTRACION CENTRAL,SEDES CONSTRUIDAS,No Aplica,NO DEFINIDO,,,2023,Tercer Trimestre,,,,SERVICIOS DE LOS ORGANOS DE CONTROL Y OTRAS INSTITUCIONES,R.B. OTRAS TRANSFERENCIAS DE CAPITAL,,,,,,NO APLICA,,,,,,CON SITUACION DE FONDOS,NO APLICA,NO APLICA,145817184.0,145817184.0,145817184.0
14751172,20230901,218552585,Pupiales,2.3.1.01.01.001.01,SUELDO BASICO,GASTOS,INVERSION,GASTOS DE PERSONAL,PLANTA DE PERSONAL PERMANENTE,FACTORES CONSTITUTIVOS DE SALARIO,FACTORES SALARIALES COMUNES,SUELDO BASICO,No Aplica,No Aplica,No Aplica,VIGENCIA ACTUAL,ENTIDADES TERRITORIALES - ADMINISTRACION CENTRAL,SERVICIO DE ASISTENCIA TECNICA AGROPECUARIA DIRIGIDA A PEQUEÑOS PRODUCTORES,No Aplica,NO DEFINIDO,,,2023,Tercer Trimestre,,,,NO APLICA,SGP-PROPOSITO GENERAL-PROPOSITO GENERAL LIBRE INVERSION,,,,,,NO APLICA,,,,,,CON SITUACION DE FONDOS,NO APLICA,NO APLICA,15803449.0,15803449.0,15803449.0
14752020,20230901,218552585,Pupiales,2.1.1,GASTOS DE PERSONAL,GASTOS,FUNCIONAMIENTO,GASTOS DE PERSONAL,No Aplica,No Aplica,No Aplica,No Aplica,No Aplica,No Aplica,No Aplica,CUENTAS POR PAGAR,ENTIDADES TERRITORIALES - ADMINISTRACION CENTRAL,NO DEFINIDO,No Aplica,NO DEFINIDO,,,2023,Tercer Trimestre,,,,NO DEFINIDO,NO DEFINIDO,,,,,,NO DEFINIDO,,,,,,NO DEFINIDO,NO DEFINIDO,NO DEFINIDO,41557468.0,41557468.0,41557468.0
14752202,20230901,218552585,Pupiales,2.1.2.02.02.009,"SERVICIOS PARA LA COMUNIDAD, SOCIALES Y PERSONALES",GASTOS,FUNCIONAMIENTO,ADQUISICION DE BIENES Y SERVICIOS,ADQUISICIONES DIFERENTES DE ACTIVOS,ADQUISICION DE SERVICIOS,"SERVICIOS PARA LA COMUNIDAD, SOCIALES Y PERSONALES",No Aplica,No Aplica,No Aplica,No Aplica,VIGENCIA ACTUAL,ENTIDADES TERRITORIALES - ADMINISTRACION CENTRAL,NO APLICA,No Aplica,NO DEFINIDO,,,2023,Tercer Trimestre,,,,SERVICIOS DE LOS ORGANOS DE CONTROL Y OTRAS INSTITUCIONES,INGRESOS CORRIENTES DE LIBRE DESTINACION,,,,,,NO APLICA,,,,,,CON SITUACION DE FONDOS,NO APLICA,NO APLICA,189270000.0,187570000.0,187570000.0
14754382,20230901,218552585,Pupiales,2.3.2.02.02.009,"SERVICIOS PARA LA COMUNIDAD, SOCIALES Y PERSONALES",GASTOS,INVERSION,ADQUISICION DE BIENES Y SERVICIOS,ADQUISICIONES DIFERENTES DE ACTIVOS,ADQUISICION DE SERVICIOS,"SERVICIOS PARA LA COMUNIDAD, SOCIALES Y PERSONALES",No Aplica,No Aplica,No Aplica,No Aplica,VIGENCIA ACTUAL,ENTIDADES TERRITORIALES - ADMINISTRACION CENTRAL,SERVICIO DE GESTION DE OFERTA SOCIAL PARA LA POBLACION VULNERABLE,No Aplica,NO DEFINIDO,,,2023,Tercer Trimestre,,,,SERVICIOS DE LOS ORGANOS DE CONTROL Y OTRAS INSTITUCIONES,INGRESOS CORRIENTES DE LIBRE DESTINACION,,,,,,NO APLICA,,,,,,CON SITUACION DE FONDOS,NO APLICA,NO APLICA,32480000.0,32480000.0,32480000.0
14754807,20230901,218552585,Pupiales,2.1.1.01.01.001,FACTORES SALARIALES COMUNES,GASTOS,FUNCIONAMIENTO,GASTOS DE PERSONAL,PLANTA DE PERSONAL PERMANENTE,FACTORES CONSTITUTIVOS DE SALARIO,FACTORES SALARIALES COMUNES,No Aplica,No Aplica,No Aplica,No Aplica,VIGENCIA ACTUAL,ENTIDADES TERRITORIALES - ADMINISTRACION CENTRAL,NO DEFINIDO,No Aplica,NO DEFINIDO,,,2023,Tercer Trimestre,,,,NO DEFINIDO,NO DEFINIDO,,,,,,NO DEFINIDO,,,,,,NO DEFINIDO,NO DEFINIDO,NO DEFINIDO,459896756.0,459896756.0,459896756.0
14756041,20230901,218552585,Pupiales,2.3.2.02.02.009,"SERVICIOS PARA LA COMUNIDAD, SOCIALES Y PERSONALES",GASTOS,INVERSION,ADQUISICION DE BIENES Y SERVICIOS,ADQUISICIONES DIFERENTES DE ACTIVOS,ADQUISICION DE SERVICIOS,"SERVICIOS PARA LA COMUNIDAD, SOCIALES Y PERSONALES",No Aplica,No Aplica,No Aplica,No Aplica,VIGENCIA ACTUAL,ENTIDADES TERRITORIALES - ADMINISTRACION CENTRAL,SERVICIO DE PROMOCION DE ACTIVIDADES CULTURALES,No Aplica,NO DEFINIDO,,,2023,Tercer Trimestre,,,,SERVICIOS DE LOS ORGANOS DE CONTROL Y OTRAS INSTITUCIONES,SGP-PROPOSITO GENERAL-CULTURA,,,,,,NO APLICA,,,,,,CON SITUACION DE FONDOS,NO APLICA,NO APLICA,47000000.0,47000000.0,47000000.0
14760873,20230901,218552585,Pupiales,2.3.2.02.02.009,"SERVICIOS PARA LA COMUNIDAD, SOCIALES Y PERSONALES",GASTOS,INVERSION,ADQUISICION DE BIENES Y SERVICIOS,ADQUISICIONES DIFERENTES DE ACTIVOS,ADQUISICION DE SERVICIOS,"SERVICIOS PARA LA COMUNIDAD, SOCIALES Y PERSONALES",No Aplica,No Aplica,No Aplica,No Aplica,VIGENCIA ACTUAL,ENTIDADES TERRITORIALES - ADMINISTRACION CENTRAL,SERVICIOS TECNOLOGICOS4599007,No Aplica,NO DEFINIDO,,,2023,Tercer Trimestre,,,,SERVICIOS DE LOS ORGANOS DE CONTROL Y OTRAS INSTITUCIONES,SGP-PROPOSITO GENERAL-PROPOSITO GENERAL LIBRE INVERSION,,,,,,NO APLICA,,,,,,CON SITUACION DE FONDOS,NO APLICA,NO APLICA,2000000.0,2000000.0,2000000.0
14763171,20230901,218552585,Pupiales,2.3.2.01.01.001,EDIFICACIONES Y ESTRUCTURAS,GASTOS,INVERSION,ADQUISICION DE BIENES Y SERVICIOS,ADQUISICION DE ACTIVOS NO FINANCIEROS,ACTIVOS FIJOS,EDIFICACIONES Y ESTRUCTURAS,No Aplica,No Aplica,No Aplica,No Aplica,RESERVAS,ENTIDADES TERRITORIALES - ADMINISTRACION CENTRAL,NO DEFINIDO,No Aplica,NO DEFINIDO,,,2023,Tercer Trimestre,,,,NO DEFINIDO,NO DEFINIDO,,,,,,NO DEFINIDO,,,,,,NO DEFINIDO,NO DEFINIDO,NO DEFINIDO,5975850.0,0.0,0.0
14772651,20230901,218552585,Pupiales,2.3.2.01.01.001.03.02,"AUTOPISTAS, CARRETERAS, CALLES",GASTOS,INVERSION,ADQUISICION DE BIENES Y SERVICIOS,ADQUISICION DE ACTIVOS NO FINANCIEROS,ACTIVOS FIJOS,EDIFICACIONES Y ESTRUCTURAS,OTRAS ESTRUCTURAS,"AUTOPISTAS, CARRETERAS, CALLES",No Aplica,No Aplica,CUENTAS POR PAGAR,ENTIDADES TERRITORIALES - ADMINISTRACION CENTRAL,SERVICIO DE OPERACION DE VIAS PRIMARIAS,No Aplica,NO DEFINIDO,,,2023,Tercer Trimestre,,,,NO APLICA,SGP-PROPOSITO GENERAL-PROPOSITO GENERAL LIBRE INVERSION,,,,,,NO APLICA,,,,,,CON SITUACION DE FONDOS,NO APLICA,NO APLICA,1615710.0,1615710.0,1615710.0
14777444,20230901,218552585,Pupiales,2.3.2.02.02.005,CONSTRUCCION Y SERVICIOS DE LA CONSTRUCCION,GASTOS,INVERSION,ADQUISICION DE BIENES Y SERVICIOS,ADQUISICIONES DIFERENTES DE ACTIVOS,ADQUISICION DE SERVICIOS,CONSTRUCCION Y SERVICIOS DE LA CONSTRUCCION,No Aplica,No Aplica,No Aplica,No Aplica,VIGENCIA ACTUAL,ENTIDADES TERRITORIALES - ADMINISTRACION CENTRAL,SEDES AMPLIADAS,No Aplica,NO DEFINIDO,,,2023,Tercer Trimestre,,,,OTRAS OBRAS DE INGENIERIA CIVIL,SGP-PROPOSITO GENERAL-PROPOSITO GENERAL LIBRE INVERSION,,,,,,NO APLICA,,,,,,CON SITUACION DE FONDOS,NO APLICA,NO APLICA,102290792.0,49290792.0,49290792.0
14783727,20230901,218552585,Pupiales,2.1.2.02.02.006,"COMERCIO Y DISTRIBUCION; ALOJAMIENTO; SERVICIOS DE SUMINISTRO DE COMIDAS Y BEBIDAS; SERVICIOS DE TRANSPORTE; Y SERVICIOS DE DISTRIBUCION DE ELECTRICIDAD, GAS Y AGUA",GASTOS,FUNCIONAMIENTO,ADQUISICION DE BIENES Y SERVICIOS,ADQUISICIONES DIFERENTES DE ACTIVOS,ADQUISICION DE SERVICIOS,"COMERCIO Y DISTRIBUCION; ALOJAMIENTO; SERVICIOS DE SUMINISTRO DE COMIDAS Y BEBIDAS; SERVICIOS DE TRANSPORTE; Y SERVICIOS DE DISTRIBUCION DE ELECTRICIDAD, GAS Y AGUA",No Aplica,No Aplica,No Aplica,No Aplica,VIGENCIA ACTUAL,ENTIDADES TERRITORIALES - CONCEJO,NO APLICA,No Aplica,NO DEFINIDO,,,2023,Tercer Trimestre,,,,OTRO COMERCIO AL POR MENOR DE CAFE TE Y OTRAS ESPECIAS NO REALIZADOS EN ESTABLECIMIENTOS,"SGP-PROPOSITO GENERAL-LIBRE DESTINACION MUNICIPIOS CATEGORIAS 4, 5 Y 6",,,,,,NO APLICA,,,,,,CON SITUACION DE FONDOS,NO APLICA,NO APLICA,7840000.0,7500000.0,7500000.0
14783903,20230901,218552585,Pupiales,2.3.2.02.02.009,"SERVICIOS PARA LA COMUNIDAD, SOCIALES Y PERSONALES",GASTOS,INVERSION,ADQUISICION DE BIENES Y SERVICIOS,ADQUISICIONES DIFERENTES DE ACTIVOS,ADQUISICION DE SERVICIOS,"SERVICIOS PARA LA COMUNIDAD, SOCIALES Y PERSONALES",No Aplica,No Aplica,No Aplica,No Aplica,VIGENCIA ACTUAL,ENTIDADES TERRITORIALES - ADMINISTRACION CENTRAL,SERVICIO DE ASISTENCIA TECNICA4599031,No Aplica,NO DEFINIDO,,,2023,Tercer Trimestre,,,,SERVICIOS DE LOS ORGANOS DE CONTROL Y OTRAS INSTITUCIONES,SGP-PROPOSITO GENERAL-PROPOSITO GENERAL LIBRE INVERSION,,,,,,NO APLICA,,,,,,CON SITUACION DE FONDOS,INSTITUTO GEOGRAFICO AGUSTIN CODAZZI,NO APLICA,1642887.0,822500.0,822500.0
14785169,20230901,218552585,Pupiales,2.3.3.05.07.013,TRANSFERIR A LAS ENTIDADES TERRITORIALES PARA APOYAR LA OPERACION DEL PROGRAMA DE ALIMENTACION ESCOLAR,GASTOS,INVERSION,TRANSFERENCIAS CORRIENTES,A ENTIDADES DEL GOBIERNO,A ENTIDADES TERRITORIALES DISTINTAS DE COMPENSACIONES Y PARTICIPACIONES,TRANSFERIR A LAS ENTIDADES TERRITORIALES PARA APOYAR LA OPERACION DEL PROGRAMA DE ALIMENTACION ESCOLAR,No Aplica,No Aplica,No Aplica,No Aplica,VIGENCIA ACTUAL,ENTIDADES TERRITORIALES - ADMINISTRACION CENTRAL,SERVICIO DE APOYO A LA PERMANENCIA CON ALIMENTACION ESCOLAR,No Aplica,NO DEFINIDO,,,2023,Tercer Trimestre,,,,NO APLICA,SGP-ASIGNACION ESPECIAL-PROGRAMAS DE ALIMENTACION ESCOLAR,,,,,,NO APLICA,,,,,,CON SITUACION DE FONDOS,DEPARTAMENTO DE NARIÑO,NO APLICA,67204347.0,39366173.0,39366173.0
14786032,20230901,218552585,Pupiales,2.3.2.02.02.009,"SERVICIOS PARA LA COMUNIDAD, SOCIALES Y PERSONALES",GASTOS,INVERSION,ADQUISICION DE BIENES Y SERVICIOS,ADQUISICIONES DIFERENTES DE ACTIVOS,ADQUISICION DE SERVICIOS,"SERVICIOS PARA LA COMUNIDAD, SOCIALES Y PERSONALES",No Aplica,No Aplica,No Aplica,No Aplica,CUENTAS POR PAGAR,ENTIDADES TERRITORIALES - ADMINISTRACION CENTRAL,SERVICIO DE ATENCION Y PROTECCION INTEGRAL AL ADULTO MAYOR,No Aplica,NO DEFINIDO,,,2023,Tercer Trimestre,,,,SERVICIOS DE LOS ORGANOS DE CONTROL Y OTRAS INSTITUCIONES,R.B. ESTAMPILLAS,,,,,,NO APLICA,,,,,,CON SITUACION DE FONDOS,NO APLICA,NO APLICA,6925192.0,6925192.0,6925192.0
14786952,20230901,218552585,Pupiales,2.3.2.02.02.009,"SERVICIOS PARA LA COMUNIDAD, SOCIALES Y PERSONALES",GASTOS,INVERSION,ADQUISICION DE BIENES Y SERVICIOS,ADQUISICIONES DIFERENTES DE ACTIVOS,ADQUISICION DE SERVICIOS,"SERVICIOS PARA LA COMUNIDAD, SOCIALES Y PERSONALES",No Aplica,No Aplica,No Aplica,No Aplica,RESERVAS,ENTIDADES TERRITORIALES - ADMINISTRACION CENTRAL,VIA TERCIARIA REHABILITADA,No Aplica,NO DEFINIDO,,,2023,Tercer Trimestre,,,,SERVICIOS DE LOS ORGANOS DE CONTROL Y OTRAS INSTITUCIONES,SGP-PROPOSITO GENERAL-PROPOSITO GENERAL LIBRE INVERSION,,,,,,NO APLICA,,,,,,CON SITUACION DE FONDOS,NO APLICA,NO APLICA,47909402.0,36459055.0,36459055.0
14798239,20230901,218552585,Pupiales,2.1.3.13.01.002,CONCILIACIONES,GASTOS,FUNCIONAMIENTO,TRANSFERENCIAS CORRIENTES,SENTENCIAS Y CONCILIACIONES,FALLOS NACIONALES,CONCILIACIONES,No Aplica,No Aplica,No Aplica,No Aplica,VIGENCIA ACTUAL,ENTIDADES TERRITORIALES - ADMINISTRACION CENTRAL,NO APLICA,No Aplica,NO DEFINIDO,,,2023,Tercer Trimestre,,,,NO APLICA,"SGP-PROPOSITO GENERAL-LIBRE DESTINACION MUNICIPIOS CATEGORIAS 4, 5 Y 6",,,,,,NO APLICA,,,,,,CON SITUACION DE FONDOS,NO APLICA,NO APLICA,10546000.0,10546000.0,10546000.0
14798453,20230901,218552585,Pupiales,2.3.2.02.02.009,"SERVICIOS PARA LA COMUNIDAD, SOCIALES Y PERSONALES",GASTOS,INVERSION,ADQUISICION DE BIENES Y SERVICIOS,ADQUISICIONES DIFERENTES DE ACTIVOS,ADQUISICION DE SERVICIOS,"SERVICIOS PARA LA COMUNIDAD, SOCIALES Y PERSONALES",No Aplica,No Aplica,No Aplica,No Aplica,VIGENCIA ACTUAL,ENTIDADES TERRITORIALES - ADMINISTRACION CENTRAL,SERVICIOS DE ASISTENCIA TECNICA EN PLANIFICACION URBANA Y ORDENAMIENTO TERRITORIAL,No Aplica,NO DEFINIDO,,,2023,Tercer Trimestre,,,,SERVICIOS DE LOS ORGANOS DE CONTROL Y OTRAS INSTITUCIONES,SGP-PROPOSITO GENERAL-PROPOSITO GENERAL LIBRE INVERSION,,,,,,NO APLICA,,,,,,CON SITUACION DE FONDOS,NO APLICA,NO APLICA,11700000.0,9900000.0,9900000.0
14800617,20230901,218552585,Pupiales,2.2.2.01.02.002.02,BANCA COMERCIAL,GASTOS,SERVICIO DE LA DEUDA PUBLICA,SERVICIO DE LA DEUDA PUBLICA INTERNA,PRINCIPAL,PRESTAMOS,ENTIDADES FINANCIERAS,BANCA COMERCIAL,No Aplica,No Aplica,No Aplica,VIGENCIA ACTUAL,ENTIDADES TERRITORIALES - ADMINISTRACION CENTRAL,NO DEFINIDO,No Aplica,NO DEFINIDO,,,2023,Tercer Trimestre,,,,NO DEFINIDO,NO DEFINIDO,,,,,,NO DEFINIDO,,,,,,NO DEFINIDO,NO DEFINIDO,NO DEFINIDO,280785753.0,280785753.0,280785753.0
14801102,20230901,218552585,Pupiales,2.3.1.01.01.001.07,BONIFICACION POR SERVICIOS PRESTADOS,GASTOS,INVERSION,GASTOS DE PERSONAL,PLANTA DE PERSONAL PERMANENTE,FACTORES CONSTITUTIVOS DE SALARIO,FACTORES SALARIALES COMUNES,BONIFICACION POR SERVICIOS PRESTADOS,No Aplica,No Aplica,No Aplica,VIGENCIA ACTUAL,ENTIDADES TERRITORIALES - ADMINISTRACION CENTRAL,VIA TERCIARIA MEJORADA,No Aplica,NO DEFINIDO,,,2023,Tercer Trimestre,,,,NO APLICA,INGRESOS CORRIENTES DE LIBRE DESTINACION,,,,,,NO APLICA,,,,,,CON SITUACION DE FONDOS,NO APLICA,NO APLICA,2211758.0,2211758.0,2211758.0
14807086,20230901,218552585,Pupiales,2.3.2.02,ADQUISICIONES DIFERENTES DE ACTIVOS,GASTOS,INVERSION,ADQUISICION DE BIENES Y SERVICIOS,ADQUISICIONES DIFERENTES DE ACTIVOS,No Aplica,No Aplica,No Aplica,No Aplica,No Aplica,No Aplica,RESERVAS,ENTIDADES TERRITORIALES - ADMINISTRACION CENTRAL,NO DEFINIDO,No Aplica,NO DEFINIDO,,,2023,Tercer Trimestre,,,,NO DEFINIDO,NO DEFINIDO,,,,,,NO DEFINIDO,,,,,,NO DEFINIDO,NO DEFINIDO,NO DEFINIDO,1134379943.0,1072929596.0,1072929596.0
14807308,20230901,218552585,Pupiales,2.1.1.01.02.003,APORTES DE CESANTIAS,GASTOS,FUNCIONAMIENTO,GASTOS DE PERSONAL,PLANTA DE PERSONAL PERMANENTE,CONTRIBUCIONES INHERENTES A LA NOMINA,APORTES DE CESANTIAS,No Aplica,No Aplica,No Aplica,No Aplica,VIGENCIA ACTUAL,ENTIDADES TERRITORIALES - ADMINISTRACION CENTRAL,NO APLICA,No Aplica,NO DEFINIDO,,,2023,Tercer Trimestre,,,,NO APLICA,"SGP-PROPOSITO GENERAL-LIBRE DESTINACION MUNICIPIOS CATEGORIAS 4, 5 Y 6",,,,,,NO APLICA,,,,,,CON SITUACION DE FONDOS,NO APLICA,NO APLICA,18878068.0,18878068.0,18878068.0
14808669,20230901,218552585,Pupiales,2.1.2.01,ADQUISICION DE ACTIVOS NO FINANCIEROS,GASTOS,FUNCIONAMIENTO,ADQUISICION DE BIENES Y SERVICIOS,ADQUISICION DE ACTIVOS NO FINANCIEROS,No Aplica,No Aplica,No Aplica,No Aplica,No Aplica,No Aplica,VIGENCIA ACTUAL,ENTIDADES TERRITORIALES - ADMINISTRACION CENTRAL,NO DEFINIDO,No Aplica,NO DEFINIDO,,,2023,Tercer Trimestre,,,,NO DEFINIDO,NO DEFINIDO,,,,,,NO DEFINIDO,,,,,,NO DEFINIDO,NO DEFINIDO,NO DEFINIDO,21115000.0,21115000.0,21115000.0
14808989,20230901,218552585,Pupiales,2.1.2,ADQUISICION DE BIENES Y SERVICIOS,GASTOS,FUNCIONAMIENTO,ADQUISICION DE BIENES Y SERVICIOS,No Aplica,No Aplica,No Aplica,No Aplica,No Aplica,No Aplica,No Aplica,VIGENCIA ACTUAL,ENTIDADES TERRITORIALES - CONCEJO,NO DEFINIDO,No Aplica,NO DEFINIDO,,,2023,Tercer Trimestre,,,,NO DEFINIDO,NO DEFINIDO,,,,,,NO DEFINIDO,,,,,,NO DEFINIDO,NO DEFINIDO,NO DEFINIDO,7840000.0,7500000.0,7500000.0
14811530,20230901,218552585,Pupiales,2.1.1.01.02.006,APORTES AL ICBF,GASTOS,FUNCIONAMIENTO,GASTOS DE PERSONAL,PLANTA DE PERSONAL PERMANENTE,CONTRIBUCIONES INHERENTES A LA NOMINA,APORTES AL ICBF,No Aplica,No Aplica,No Aplica,No Aplica,VIGENCIA ACTUAL,ENTIDADES TERRITORIALES - ADMINISTRACION CENTRAL,NO APLICA,No Aplica,NO DEFINIDO,,,2023,Tercer Trimestre,,,,NO APLICA,"SGP-PROPOSITO GENERAL-LIBRE DESTINACION MUNICIPIOS CATEGORIAS 4, 5 Y 6",,,,,,NO APLICA,,,,,,CON SITUACION DE FONDOS,INSTITUTO COLOMBIANO DE BIENESTAR FAMILIAR,NO APLICA,9865166.0,9865166.0,9865166.0
14813347,20230901,218552585,Pupiales,2.3.1.01.02.008,APORTES A LA ESAP,GASTOS,INVERSION,GASTOS DE PERSONAL,PLANTA DE PERSONAL PERMANENTE,CONTRIBUCIONES INHERENTES A LA NOMINA,APORTES A LA ESAP,No Aplica,No Aplica,No Aplica,No Aplica,VIGENCIA ACTUAL,ENTIDADES TERRITORIALES - ADMINISTRACION CENTRAL,VIA TERCIARIA MEJORADA,No Aplica,NO DEFINIDO,,,2023,Tercer Trimestre,,,,NO APLICA,INGRESOS CORRIENTES DE LIBRE DESTINACION,,,,,,NO APLICA,,,,,,CON SITUACION DE FONDOS,NO APLICA,NO APLICA,195864.0,195864.0,195864.0
14815885,20230901,218552585,Pupiales,2.3.2.02,ADQUISICIONES DIFERENTES DE ACTIVOS,GASTOS,INVERSION,ADQUISICION DE BIENES Y SERVICIOS,ADQUISICIONES DIFERENTES DE ACTIVOS,No Aplica,No Aplica,No Aplica,No Aplica,No Aplica,No Aplica,CUENTAS POR PAGAR,ENTIDADES TERRITORIALES - ADMINISTRACION CENTRAL,NO DEFINIDO,No Aplica,NO DEFINIDO,,,2023,Tercer Trimestre,,,,NO DEFINIDO,NO DEFINIDO,,,,,,NO DEFINIDO,,,,,,NO DEFINIDO,NO DEFINIDO,NO DEFINIDO,79387856.0,79387856.0,69414373.0
14816623,20230901,218552585,Pupiales,2.3,INVERSION,GASTOS,INVERSION,No Aplica,No Aplica,No Aplica,No Aplica,No Aplica,No Aplica,No Aplica,No Aplica,CUENTAS POR PAGAR,ENTIDADES TERRITORIALES - ADMINISTRACION CENTRAL,NO DEFINIDO,No Aplica,NO DEFINIDO,,,2023,Tercer Trimestre,,,,NO DEFINIDO,NO DEFINIDO,,,,,,NO DEFINIDO,,,,,,NO DEFINIDO,NO DEFINIDO,NO DEFINIDO,125156989.0,125156989.0,110683506.0
14819724,20230901,218552585,Pupiales,2.1.1.01.02.001,APORTES A LA SEGURIDAD SOCIAL EN PENSIONES,GASTOS,FUNCIONAMIENTO,GASTOS DE PERSONAL,PLANTA DE PERSONAL PERMANENTE,CONTRIBUCIONES INHERENTES A LA NOMINA,APORTES A LA SEGURIDAD SOCIAL EN PENSIONES,No Aplica,No Aplica,No Aplica,No Aplica,VIGENCIA ACTUAL,ENTIDADES TERRITORIALES - ADMINISTRACION CENTRAL,NO APLICA,No Aplica,NO DEFINIDO,,,2023,Tercer Trimestre,,,,NO APLICA,"SGP-PROPOSITO GENERAL-LIBRE DESTINACION MUNICIPIOS CATEGORIAS 4, 5 Y 6",,,,,,NO APLICA,,,,,,CON SITUACION DE FONDOS,COLPENSIONES - FONDO DE VEJEZ,NO APLICA,8051058.0,8051058.0,8051058.0
14820440,20230901,218552585,Pupiales,2.3.3.13.01.002,CONCILIACIONES,GASTOS,INVERSION,TRANSFERENCIAS CORRIENTES,SENTENCIAS Y CONCILIACIONES,FALLOS NACIONALES,CONCILIACIONES,No Aplica,No Aplica,No Aplica,No Aplica,VIGENCIA ACTUAL,ENTIDADES TERRITORIALES - ADMINISTRACION CENTRAL,SERVICIOS DE ASISTENCIA TECNICA EN PLANIFICACION Y GESTION AMBIENTAL.,No Aplica,NO DEFINIDO,,,2023,Tercer Trimestre,,,,NO APLICA,INGRESOS CORRIENTES DE LIBRE DESTINACION,,,,,,NO APLICA,,,,,,CON SITUACION DE FONDOS,CORPORACION AUTONOMA REGIONAL DE NARIÑO,NO APLICA,17829106.0,9238741.0,9238741.0
14823428,20230901,218552585,Pupiales,2.3.1.01.01.001.06,PRIMA DE SERVICIO,GASTOS,INVERSION,GASTOS DE PERSONAL,PLANTA DE PERSONAL PERMANENTE,FACTORES CONSTITUTIVOS DE SALARIO,FACTORES SALARIALES COMUNES,PRIMA DE SERVICIO,No Aplica,No Aplica,No Aplica,VIGENCIA ACTUAL,ENTIDADES TERRITORIALES - ADMINISTRACION CENTRAL,VIA TERCIARIA MEJORADA,No Aplica,NO DEFINIDO,,,2023,Tercer Trimestre,,,,NO APLICA,INGRESOS CORRIENTES DE LIBRE DESTINACION,,,,,,NO APLICA,,,,,,CON SITUACION DE FONDOS,NO APLICA,NO APLICA,2508160.0,2508160.0,2508160.0
14824818,20230901,218552585,Pupiales,2.2.2.02.02.002.02.03,BANCA COMERCIAL,GASTOS,SERVICIO DE LA DEUDA PUBLICA,SERVICIO DE LA DEUDA PUBLICA INTERNA,INTERESES,PRESTAMOS,ENTIDADES FINANCIERAS,BANCA COMERCIAL,BANCA COMERCIAL,No Aplica,No Aplica,VIGENCIA ACTUAL,ENTIDADES TERRITORIALES - ADMINISTRACION CENTRAL,NO APLICA,No Aplica,NO DEFINIDO,,,2023,Tercer Trimestre,,,,NO APLICA,SGP-AGUA POTABLE Y SANEAMIENTO BASICO,,,,,,NO APLICA,,,,,,CON SITUACION DE FONDOS,NO APLICA,NO APLICA,16433541.0,16433541.0,16433541.0
14826288,20230901,218552585,Pupiales,2.1.1.01.02.008,APORTES A LA ESAP,GASTOS,FUNCIONAMIENTO,GASTOS DE PERSONAL,PLANTA DE PERSONAL PERMANENTE,CONTRIBUCIONES INHERENTES A LA NOMINA,APORTES A LA ESAP,No Aplica,No Aplica,No Aplica,No Aplica,VIGENCIA ACTUAL,ENTIDADES TERRITORIALES - ADMINISTRACION CENTRAL,NO APLICA,No Aplica,NO DEFINIDO,,,2023,Tercer Trimestre,,,,NO APLICA,"SGP-PROPOSITO GENERAL-LIBRE DESTINACION MUNICIPIOS CATEGORIAS 4, 5 Y 6",,,,,,NO APLICA,,,,,,CON SITUACION DE FONDOS,NO APLICA,NO APLICA,1649019.0,1649019.0,1649019.0
14827382,20230901,218552585,Pupiales,2.3.1.01.01.001.05,AUXILIO DE TRANSPORTE,GASTOS,INVERSION,GASTOS DE PERSONAL,PLANTA DE PERSONAL PERMANENTE,FACTORES CONSTITUTIVOS DE SALARIO,FACTORES SALARIALES COMUNES,AUXILIO DE TRANSPORTE,No Aplica,No Aplica,No Aplica,VIGENCIA ACTUAL,ENTIDADES TERRITORIALES - ADMINISTRACION CENTRAL,VIA TERCIARIA MEJORADA,No Aplica,NO DEFINIDO,,,2023,Tercer Trimestre,,,,NO APLICA,SGP-PROPOSITO GENERAL-PROPOSITO GENERAL LIBRE INVERSION,,,,,,NO APLICA,,,,,,CON SITUACION DE FONDOS,NO APLICA,NO APLICA,745212.0,745212.0,745212.0
14828576,20230901,218552585,Pupiales,2.1.2.01.01.003.03,"MAQUINARIA DE OFICINA, CONTABILIDAD E INFORMATICA",GASTOS,FUNCIONAMIENTO,ADQUISICION DE BIENES Y SERVICIOS,ADQUISICION DE ACTIVOS NO FINANCIEROS,ACTIVOS FIJOS,MAQUINARIA Y EQUIPO,"MAQUINARIA DE OFICINA, CONTABILIDAD E INFORMATICA",No Aplica,No Aplica,No Aplica,VIGENCIA ACTUAL,ENTIDADES TERRITORIALES - ADMINISTRACION CENTRAL,NO DEFINIDO,No Aplica,NO DEFINIDO,,,2023,Tercer Trimestre,,,,NO DEFINIDO,NO DEFINIDO,,,,,,NO DEFINIDO,,,,,,NO DEFINIDO,NO DEFINIDO,NO DEFINIDO,21115000.0,21115000.0,21115000.0
14829335,20230901,218552585,Pupiales,2.3.1.01.01.001.06,PRIMA DE SERVICIO,GASTOS,INVERSION,GASTOS DE PERSONAL,PLANTA DE PERSONAL PERMANENTE,FACTORES CONSTITUTIVOS DE SALARIO,FACTORES SALARIALES COMUNES,PRIMA DE SERVICIO,No Aplica,No Aplica,No Aplica,VIGENCIA ACTUAL,ENTIDADES TERRITORIALES - ADMINISTRACION CENTRAL,SERVICIO DE ASISTENCIA TECNICA AGROPECUARIA DIRIGIDA A PEQUEÑOS PRODUCTORES,No Aplica,NO DEFINIDO,,,2023,Tercer Trimestre,,,,NO APLICA,SGP-PROPOSITO GENERAL-PROPOSITO GENERAL LIBRE INVERSION,,,,,,NO APLICA,,,,,,CON SITUACION DE FONDOS,NO APLICA,NO APLICA,1088948.0,1088948.0,1088948.0
14830478,20230901,218552585,Pupiales,2.3.2.02.02.009,"SERVICIOS PARA LA COMUNIDAD, SOCIALES Y PERSONALES",GASTOS,INVERSION,ADQUISICION DE BIENES Y SERVICIOS,ADQUISICIONES DIFERENTES DE ACTIVOS,ADQUISICION DE SERVICIOS,"SERVICIOS PARA LA COMUNIDAD, SOCIALES Y PERSONALES",No Aplica,No Aplica,No Aplica,No Aplica,VIGENCIA ACTUAL,ENTIDADES TERRITORIALES - ADMINISTRACION CENTRAL,SERVICIO DE PROMOCION A LA PARTICIPACION CIUDADANA,No Aplica,NO DEFINIDO,,,2023,Tercer Trimestre,,,,SERVICIOS DE LOS ORGANOS DE CONTROL Y OTRAS INSTITUCIONES,SGP-PROPOSITO GENERAL-PROPOSITO GENERAL LIBRE INVERSION,,,,,,NO APLICA,,,,,,CON SITUACION DE FONDOS,NO APLICA,NO APLICA,19200000.0,19200000.0,19200000.0
14830621,20230901,218552585,Pupiales,2.2.2,SERVICIO DE LA DEUDA PUBLICA INTERNA,GASTOS,SERVICIO DE LA DEUDA PUBLICA,SERVICIO DE LA DEUDA PUBLICA INTERNA,No Aplica,No Aplica,No Aplica,No Aplica,No Aplica,No Aplica,No Aplica,VIGENCIA ACTUAL,ENTIDADES TERRITORIALES - ADMINISTRACION CENTRAL,NO DEFINIDO,No Aplica,NO DEFINIDO,,,2023,Tercer Trimestre,,,,NO DEFINIDO,NO DEFINIDO,,,,,,NO DEFINIDO,,,,,,NO DEFINIDO,NO DEFINIDO,NO DEFINIDO,434844280.0,434844280.0,434844280.0
14832401,20230901,218552585,Pupiales,2.3.2.01.01.003,MAQUINARIA Y EQUIPO,GASTOS,INVERSION,ADQUISICION DE BIENES Y SERVICIOS,ADQUISICION DE ACTIVOS NO FINANCIEROS,ACTIVOS FIJOS,MAQUINARIA Y EQUIPO,No Aplica,No Aplica,No Aplica,No Aplica,VIGENCIA ACTUAL,ENTIDADES TERRITORIALES - ADMINISTRACION CENTRAL,NO DEFINIDO,No Aplica,NO DEFINIDO,,,2023,Tercer Trimestre,,,,NO DEFINIDO,NO DEFINIDO,,,,,,NO DEFINIDO,,,,,,NO DEFINIDO,NO DEFINIDO,NO DEFINIDO,219995000.0,219995000.0,219995000.0
14832745,20230901,218552585,Pupiales,2.3.1.01.02.004,APORTES A CAJAS DE COMPENSACION FAMILIAR,GASTOS,INVERSION,GASTOS DE PERSONAL,PLANTA DE PERSONAL PERMANENTE,CONTRIBUCIONES INHERENTES A LA NOMINA,APORTES A CAJAS DE COMPENSACION FAMILIAR,No Aplica,No Aplica,No Aplica,No Aplica,VIGENCIA ACTUAL,ENTIDADES TERRITORIALES - ADMINISTRACION CENTRAL,VIA TERCIARIA MEJORADA,No Aplica,NO DEFINIDO,,,2023,Tercer Trimestre,,,,NO APLICA,INGRESOS CORRIENTES DE LIBRE DESTINACION,,,,,,NO APLICA,,,,,,CON SITUACION DE FONDOS,NO APLICA,NO APLICA,1558901.0,1558901.0,1558901.0
14835037,20230901,218552585,Pupiales,2.3.2.01,ADQUISICION DE ACTIVOS NO FINANCIEROS,GASTOS,INVERSION,ADQUISICION DE BIENES Y SERVICIOS,ADQUISICION DE ACTIVOS NO FINANCIEROS,No Aplica,No Aplica,No Aplica,No Aplica,No Aplica,No Aplica,CUENTAS POR PAGAR,ENTIDADES TERRITORIALES - ADMINISTRACION CENTRAL,NO DEFINIDO,No Aplica,NO DEFINIDO,,,2023,Tercer Trimestre,,,,NO DEFINIDO,NO DEFINIDO,,,,,,NO DEFINIDO,,,,,,NO DEFINIDO,NO DEFINIDO,NO DEFINIDO,18115710.0,18115710.0,13615710.0
14835521,20230901,218552585,Pupiales,2.3.1.01.02.005,APORTES GENERALES AL SISTEMA DE RIESGOS LABORALES,GASTOS,INVERSION,GASTOS DE PERSONAL,PLANTA DE PERSONAL PERMANENTE,CONTRIBUCIONES INHERENTES A LA NOMINA,APORTES GENERALES AL SISTEMA DE RIESGOS LABORALES,No Aplica,No Aplica,No Aplica,No Aplica,VIGENCIA ACTUAL,ENTIDADES TERRITORIALES - ADMINISTRACION CENTRAL,SERVICIO DE JUSTICIA A LOS CIUDADANOS,No Aplica,NO DEFINIDO,,,2023,Tercer Trimestre,,,,NO APLICA,SGP-PROPOSITO GENERAL-PROPOSITO GENERAL LIBRE INVERSION,,,,,,NO APLICA,,,,,,CON SITUACION DE FONDOS,NO APLICA,NO APLICA,890481.0,890481.0,890481.0
14838534,20230901,218552585,Pupiales,2.3.2.02.02.009,"SERVICIOS PARA LA COMUNIDAD, SOCIALES Y PERSONALES",GASTOS,INVERSION,ADQUISICION DE BIENES Y SERVICIOS,ADQUISICIONES DIFERENTES DE ACTIVOS,ADQUISICION DE SERVICIOS,"SERVICIOS PARA LA COMUNIDAD, SOCIALES Y PERSONALES",No Aplica,No Aplica,No Aplica,No Aplica,VIGENCIA ACTUAL,ENTIDADES TERRITORIALES - ADMINISTRACION CENTRAL,SERVICIO DE EDUCACION INFORMAL EN TEMAS DE SALUD PUBLICA,No Aplica,NO DEFINIDO,,,2023,Tercer Trimestre,,,,SERVICIOS DE LOS ORGANOS DE CONTROL Y OTRAS INSTITUCIONES,R.B. SGP-SALUD-SALUD PUBLICA,,,,,,NO APLICA,,,,,,CON SITUACION DE FONDOS,NO APLICA,NO APLICA,2270496.0,0.0,0.0
14839975,20230901,218552585,Pupiales,2.1.1.01.03.006,HONORARIOS CONCEJALES,GASTOS,FUNCIONAMIENTO,GASTOS DE PERSONAL,PLANTA DE PERSONAL PERMANENTE,REMUNERACIONES NO CONSTITUTIVAS DE FACTOR SALARIAL,HONORARIOS CONCEJALES,No Aplica,No Aplica,No Aplica,No Aplica,VIGENCIA ACTUAL,ENTIDADES TERRITORIALES - CONCEJO,NO APLICA,No Aplica,NO DEFINIDO,,,2023,Tercer Trimestre,,,,NO APLICA,INGRESOS CORRIENTES DE LIBRE DESTINACION,,,,,,NO APLICA,,,,,,CON SITUACION DE FONDOS,NO APLICA,NO APLICA,118306234.0,118306234.0,118306234.0
14842216,20230901,218552585,Pupiales,2.3.2.01.01.001,EDIFICACIONES Y ESTRUCTURAS,GASTOS,INVERSION,ADQUISICION DE BIENES Y SERVICIOS,ADQUISICION DE ACTIVOS NO FINANCIEROS,ACTIVOS FIJOS,EDIFICACIONES Y ESTRUCTURAS,No Aplica,No Aplica,No Aplica,No Aplica,CUENTAS POR PAGAR,ENTIDADES TERRITORIALES - ADMINISTRACION CENTRAL,NO DEFINIDO,No Aplica,NO DEFINIDO,,,2023,Tercer Trimestre,,,,NO DEFINIDO,NO DEFINIDO,,,,,,NO DEFINIDO,,,,,,NO DEFINIDO,NO DEFINIDO,NO DEFINIDO,18115710.0,18115710.0,13615710.0
14843143,20230901,218552585,Pupiales,2.3.2.02.02.009,"SERVICIOS PARA LA COMUNIDAD, SOCIALES Y PERSONALES",GASTOS,INVERSION,ADQUISICION DE BIENES Y SERVICIOS,ADQUISICIONES DIFERENTES DE ACTIVOS,ADQUISICION DE SERVICIOS,"SERVICIOS PARA LA COMUNIDAD, SOCIALES Y PERSONALES",No Aplica,No Aplica,No Aplica,No Aplica,VIGENCIA ACTUAL,ENTIDADES TERRITORIALES - ADMINISTRACION CENTRAL,SERVICIO DE ATENCION Y PROTECCION INTEGRAL AL ADULTO MAYOR,No Aplica,NO DEFINIDO,,,2023,Tercer Trimestre,,,,SERVICIOS DE LOS ORGANOS DE CONTROL Y OTRAS INSTITUCIONES,ESTAMPILLAS,,,,,,NO APLICA,,,,,,CON SITUACION DE FONDOS,NO APLICA,NO APLICA,88574158.0,75997748.0,75997748.0
14847920,20230901,218552585,Pupiales,2.3.1.01.02.002,APORTES A LA SEGURIDAD SOCIAL EN SALUD,GASTOS,INVERSION,GASTOS DE PERSONAL,PLANTA DE PERSONAL PERMANENTE,CONTRIBUCIONES INHERENTES A LA NOMINA,APORTES A LA SEGURIDAD SOCIAL EN SALUD,No Aplica,No Aplica,No Aplica,No Aplica,VIGENCIA ACTUAL,ENTIDADES TERRITORIALES - ADMINISTRACION CENTRAL,SERVICIO DE JUSTICIA A LOS CIUDADANOS,No Aplica,NO DEFINIDO,,,2023,Tercer Trimestre,,,,NO APLICA,SGP-PROPOSITO GENERAL-PROPOSITO GENERAL LIBRE INVERSION,,,,,,NO APLICA,,,,,,CON SITUACION DE FONDOS,NO APLICA,NO APLICA,6304734.0,6304734.0,6304734.0
14854702,20230901,218552585,Pupiales,2.3.2.02.02.009,"SERVICIOS PARA LA COMUNIDAD, SOCIALES Y PERSONALES",GASTOS,INVERSION,ADQUISICION DE BIENES Y SERVICIOS,ADQUISICIONES DIFERENTES DE ACTIVOS,ADQUISICION DE SERVICIOS,"SERVICIOS PARA LA COMUNIDAD, SOCIALES Y PERSONALES",No Aplica,No Aplica,No Aplica,No Aplica,VIGENCIA ACTUAL,ENTIDADES TERRITORIALES - ADMINISTRACION CENTRAL,"SERVICIO DE APOYO A LA ACTIVIDAD FISICA, LA RECREACION Y EL DEPORTE",No Aplica,NO DEFINIDO,,,2023,Tercer Trimestre,,,,SERVICIOS DE LOS ORGANOS DE CONTROL Y OTRAS INSTITUCIONES,SGP-PROPOSITO GENERAL-DEPORTE Y RECREACION,,,,,,NO APLICA,,,,,,CON SITUACION DE FONDOS,NO APLICA,NO APLICA,24100000.0,18100000.0,18100000.0
14856445,20230901,218552585,Pupiales,2.3.1.01.03.001.01,VACACIONES,GASTOS,INVERSION,GASTOS DE PERSONAL,PLANTA DE PERSONAL PERMANENTE,REMUNERACIONES NO CONSTITUTIVAS DE FACTOR SALARIAL,PRESTACIONES SOCIALES,VACACIONES,No Aplica,No Aplica,No Aplica,VIGENCIA ACTUAL,ENTIDADES TERRITORIALES - ADMINISTRACION CENTRAL,SERVICIO DE ASISTENCIA TECNICA AGROPECUARIA DIRIGIDA A PEQUEÑOS PRODUCTORES,No Aplica,NO DEFINIDO,,,2023,Tercer Trimestre,,,,NO APLICA,SGP-PROPOSITO GENERAL-PROPOSITO GENERAL LIBRE INVERSION,,,,,,NO APLICA,,,,,,CON SITUACION DE FONDOS,NO APLICA,NO APLICA,1739291.0,1739291.0,1739291.0
14861209,20230901,218552585,Pupiales,2.3.1.01.01.001.05,AUXILIO DE TRANSPORTE,GASTOS,INVERSION,GASTOS DE PERSONAL,PLANTA DE PERSONAL PERMANENTE,FACTORES CONSTITUTIVOS DE SALARIO,FACTORES SALARIALES COMUNES,AUXILIO DE TRANSPORTE,No Aplica,No Aplica,No Aplica,VIGENCIA ACTUAL,ENTIDADES TERRITORIALES - ADMINISTRACION CENTRAL,SERVICIO DE ASISTENCIA TECNICA AGROPECUARIA DIRIGIDA A PEQUEÑOS PRODUCTORES,No Aplica,NO DEFINIDO,,,2023,Tercer Trimestre,,,,NO APLICA,SGP-PROPOSITO GENERAL-PROPOSITO GENERAL LIBRE INVERSION,,,,,,NO APLICA,,,,,,CON SITUACION DE FONDOS,NO APLICA,NO APLICA,1157656.0,1157656.0,1157656.0
14866655,20230901,218552585,Pupiales,2.3.1.01.01.001.04,SUBSIDIO DE ALIMENTACION,GASTOS,INVERSION,GASTOS DE PERSONAL,PLANTA DE PERSONAL PERMANENTE,FACTORES CONSTITUTIVOS DE SALARIO,FACTORES SALARIALES COMUNES,SUBSIDIO DE ALIMENTACION,No Aplica,No Aplica,No Aplica,VIGENCIA ACTUAL,ENTIDADES TERRITORIALES - ADMINISTRACION CENTRAL,VIA TERCIARIA MEJORADA,No Aplica,NO DEFINIDO,,,2023,Tercer Trimestre,,,,NO APLICA,SGP-PROPOSITO GENERAL-PROPOSITO GENERAL LIBRE INVERSION,,,,,,NO APLICA,,,,,,CON SITUACION DE FONDOS,NO APLICA,NO APLICA,218247.0,218247.0,218247.0
14866909,20230901,218552585,Pupiales,2.3.2.01.01.001.02,EDIFICACIONES DISTINTAS A VIVIENDAS,GASTOS,INVERSION,ADQUISICION DE BIENES Y SERVICIOS,ADQUISICION DE ACTIVOS NO FINANCIEROS,ACTIVOS FIJOS,EDIFICACIONES Y ESTRUCTURAS,EDIFICACIONES DISTINTAS A VIVIENDAS,No Aplica,No Aplica,No Aplica,VIGENCIA ACTUAL,ENTIDADES TERRITORIALES - ADMINISTRACION CENTRAL,NO DEFINIDO,No Aplica,NO DEFINIDO,,,2023,Tercer Trimestre,,,,NO DEFINIDO,NO DEFINIDO,,,,,,NO DEFINIDO,,,,,,NO DEFINIDO,NO DEFINIDO,NO DEFINIDO,55628694.0,39813088.0,39813088.0
14867745,20230901,218552585,Pupiales,2.3.3.05,A ENTIDADES DEL GOBIERNO,GASTOS,INVERSION,TRANSFERENCIAS CORRIENTES,A ENTIDADES DEL GOBIERNO,No Aplica,No Aplica,No Aplica,No Aplica,No Aplica,No Aplica,CUENTAS POR PAGAR,ENTIDADES TERRITORIALES - ADMINISTRACION CENTRAL,NO DEFINIDO,No Aplica,NO DEFINIDO,,,2023,Tercer Trimestre,,,,NO DEFINIDO,NO DEFINIDO,,,,,,NO DEFINIDO,,,,,,NO DEFINIDO,NO DEFINIDO,NO DEFINIDO,6238423.0,6238423.0,6238423.0
14870983,20230901,218552585,Pupiales,2.3.1.01.01.001.08.02,PRIMA DE VACACIONES,GASTOS,INVERSION,GASTOS DE PERSONAL,PLANTA DE PERSONAL PERMANENTE,FACTORES CONSTITUTIVOS DE SALARIO,FACTORES SALARIALES COMUNES,PRESTACIONES SOCIALES,PRIMA DE VACACIONES,No Aplica,No Aplica,VIGENCIA ACTUAL,ENTIDADES TERRITORIALES - ADMINISTRACION CENTRAL,SERVICIO DE ASISTENCIA TECNICA AGROPECUARIA DIRIGIDA A PEQUEÑOS PRODUCTORES,No Aplica,NO DEFINIDO,,,2023,Tercer Trimestre,,,,NO APLICA,SGP-PROPOSITO GENERAL-PROPOSITO GENERAL LIBRE INVERSION,,,,,,NO APLICA,,,,,,CON SITUACION DE FONDOS,NO APLICA,NO APLICA,1134320.0,1134320.0,1134320.0
14873773,20230901,218552585,Pupiales,2.3.1.01.01.001.01,SUELDO BASICO,GASTOS,INVERSION,GASTOS DE PERSONAL,PLANTA DE PERSONAL PERMANENTE,FACTORES CONSTITUTIVOS DE SALARIO,FACTORES SALARIALES COMUNES,SUELDO BASICO,No Aplica,No Aplica,No Aplica,VIGENCIA ACTUAL,ENTIDADES TERRITORIALES - ADMINISTRACION CENTRAL,SERVICIO DE JUSTICIA A LOS CIUDADANOS,No Aplica,NO DEFINIDO,,,2023,Tercer Trimestre,,,,NO APLICA,"SGP-PROPOSITO GENERAL-LIBRE DESTINACION MUNICIPIOS CATEGORIAS 4, 5 Y 6",,,,,,NO APLICA,,,,,,CON SITUACION DE FONDOS,NO APLICA,NO APLICA,55633319.0,55633319.0,55633319.0
14873865,20230901,218552585,Pupiales,2.1.2.02.02.007,SERVICIOS FINANCIEROS Y SERVICIOS CONEXOS; SERVICIOS INMOBILIARIOS; Y SERVICIOS DE ARRENDAMIENTO Y LEASING,GASTOS,FUNCIONAMIENTO,ADQUISICION DE BIENES Y SERVICIOS,ADQUISICIONES DIFERENTES DE ACTIVOS,ADQUISICION DE SERVICIOS,SERVICIOS FINANCIEROS Y SERVICIOS CONEXOS; SERVICIOS INMOBILIARIOS; Y SERVICIOS DE ARRENDAMIENTO Y LEASING,No Aplica,No Aplica,No Aplica,No Aplica,VIGENCIA ACTUAL,ENTIDADES TERRITORIALES - ADMINISTRACION CENTRAL,NO APLICA,No Aplica,NO DEFINIDO,,,2023,Tercer Trimestre,,,,OTROS SERVICIOS AUXILIARES RELACIONADOS CON LA BANCA DE INVERSION N C P,"SGP-PROPOSITO GENERAL-LIBRE DESTINACION MUNICIPIOS CATEGORIAS 4, 5 Y 6",,,,,,NO APLICA,,,,,,CON SITUACION DE FONDOS,NO APLICA,NO APLICA,16821599.0,11950000.0,11950000.0
14874489,20230901,218552585,Pupiales,2.3.1.01.03.001.01,VACACIONES,GASTOS,INVERSION,GASTOS DE PERSONAL,PLANTA DE PERSONAL PERMANENTE,REMUNERACIONES NO CONSTITUTIVAS DE FACTOR SALARIAL,PRESTACIONES SOCIALES,VACACIONES,No Aplica,No Aplica,No Aplica,VIGENCIA ACTUAL,ENTIDADES TERRITORIALES - ADMINISTRACION CENTRAL,SERVICIO DE JUSTICIA A LOS CIUDADANOS,No Aplica,NO DEFINIDO,,,2023,Tercer Trimestre,,,,NO APLICA,SGP-PROPOSITO GENERAL-PROPOSITO GENERAL LIBRE INVERSION,,,,,,NO APLICA,,,,,,CON SITUACION DE FONDOS,NO APLICA,NO APLICA,4050571.0,4050571.0,4050571.0
14878298,20230901,218552585,Pupiales,2.3.2.01,ADQUISICION DE ACTIVOS NO FINANCIEROS,GASTOS,INVERSION,ADQUISICION DE BIENES Y SERVICIOS,ADQUISICION DE ACTIVOS NO FINANCIEROS,No Aplica,No Aplica,No Aplica,No Aplica,No Aplica,No Aplica,RESERVAS,ENTIDADES TERRITORIALES - ADMINISTRACION CENTRAL,NO DEFINIDO,No Aplica,NO DEFINIDO,,,2023,Tercer Trimestre,,,,NO DEFINIDO,NO DEFINIDO,,,,,,NO DEFINIDO,,,,,,NO DEFINIDO,NO DEFINIDO,NO DEFINIDO,5975850.0,0.0,0.0
14879688,20230901,218552585,Pupiales,2.3.1.01.03,REMUNERACIONES NO CONSTITUTIVAS DE FACTOR SALARIAL,GASTOS,INVERSION,GASTOS DE PERSONAL,PLANTA DE PERSONAL PERMANENTE,REMUNERACIONES NO CONSTITUTIVAS DE FACTOR SALARIAL,No Aplica,No Aplica,No Aplica,No Aplica,No Aplica,VIGENCIA ACTUAL,ENTIDADES TERRITORIALES - ADMINISTRACION CENTRAL,NO DEFINIDO,No Aplica,NO DEFINIDO,,,2023,Tercer Trimestre,,,,NO DEFINIDO,NO DEFINIDO,,,,,,NO DEFINIDO,,,,,,NO DEFINIDO,NO DEFINIDO,NO DEFINIDO,11060976.0,11060976.0,11060976.0
14881755,20230901,218552585,Pupiales,2,GASTOS,GASTOS,No Aplica,No Aplica,No Aplica,No Aplica,No Aplica,No Aplica,No Aplica,No Aplica,No Aplica,RESERVAS,ENTIDADES TERRITORIALES - ADMINISTRACION CENTRAL,NO DEFINIDO,No Aplica,NO DEFINIDO,,,2023,Tercer Trimestre,,,,NO DEFINIDO,NO DEFINIDO,,,,,,NO DEFINIDO,,,,,,NO DEFINIDO,NO DEFINIDO,NO DEFINIDO,1140355793.0,1072929596.0,1072929596.0
14881855,20230901,218552585,Pupiales,2.1.1.01.01.001.01,SUELDO BASICO,GASTOS,FUNCIONAMIENTO,GASTOS DE PERSONAL,PLANTA DE PERSONAL PERMANENTE,FACTORES CONSTITUTIVOS DE SALARIO,FACTORES SALARIALES COMUNES,SUELDO BASICO,No Aplica,No Aplica,No Aplica,VIGENCIA ACTUAL,ENTIDADES TERRITORIALES - ADMINISTRACION CENTRAL,NO APLICA,No Aplica,NO DEFINIDO,,,2023,Tercer Trimestre,,,,NO APLICA,"SGP-PROPOSITO GENERAL-LIBRE DESTINACION MUNICIPIOS CATEGORIAS 4, 5 Y 6",,,,,,NO APLICA,,,,,,CON SITUACION DE FONDOS,NO APLICA,NO APLICA,370156569.0,370156569.0,370156569.0
14882813,20230901,218552585,Pupiales,2.3.2.02.02.009,"SERVICIOS PARA LA COMUNIDAD, SOCIALES Y PERSONALES",GASTOS,INVERSION,ADQUISICION DE BIENES Y SERVICIOS,ADQUISICIONES DIFERENTES DE ACTIVOS,ADQUISICION DE SERVICIOS,"SERVICIOS PARA LA COMUNIDAD, SOCIALES Y PERSONALES",No Aplica,No Aplica,No Aplica,No Aplica,VIGENCIA ACTUAL,ENTIDADES TERRITORIALES - ADMINISTRACION CENTRAL,ESTUDIOS DE PRE INVERSION E INVERSION4003042,No Aplica,NO DEFINIDO,,,2023,Tercer Trimestre,,,,SERVICIOS DE LOS ORGANOS DE CONTROL Y OTRAS INSTITUCIONES,R.B. SGP-AGUA POTABLE Y SANEAMIENTO BASICO,,,,,,NO APLICA,,,,,,CON SITUACION DE FONDOS,NO APLICA,NO APLICA,25000000.0,16200000.0,16200000.0
14886303,20230901,218552585,Pupiales,2.3.2.02.02.009,"SERVICIOS PARA LA COMUNIDAD, SOCIALES Y PERSONALES",GASTOS,INVERSION,ADQUISICION DE BIENES Y SERVICIOS,ADQUISICIONES DIFERENTES DE ACTIVOS,ADQUISICION DE SERVICIOS,"SERVICIOS PARA LA COMUNIDAD, SOCIALES Y PERSONALES",No Aplica,No Aplica,No Aplica,No Aplica,VIGENCIA ACTUAL,ENTIDADES TERRITORIALES - ADMINISTRACION CENTRAL,SERVICIO DE PROMOCION DE ACTIVIDADES CULTURALES,No Aplica,NO DEFINIDO,,,2023,Tercer Trimestre,,,,SERVICIOS DE LOS ORGANOS DE CONTROL Y OTRAS INSTITUCIONES,R.B. ESTAMPILLAS,,,,,,NO APLICA,,,,,,CON SITUACION DE FONDOS,NO APLICA,NO APLICA,28550000.0,28550000.0,28550000.0
14894912,20230901,218552585,Pupiales,2.1.2.02.02.007,SERVICIOS FINANCIEROS Y SERVICIOS CONEXOS; SERVICIOS INMOBILIARIOS; Y SERVICIOS DE ARRENDAMIENTO Y LEASING,GASTOS,FUNCIONAMIENTO,ADQUISICION DE BIENES Y SERVICIOS,ADQUISICIONES DIFERENTES DE ACTIVOS,ADQUISICION DE SERVICIOS,SERVICIOS FINANCIEROS Y SERVICIOS CONEXOS; SERVICIOS INMOBILIARIOS; Y SERVICIOS DE ARRENDAMIENTO Y LEASING,No Aplica,No Aplica,No Aplica,No Aplica,VIGENCIA ACTUAL,ENTIDADES TERRITORIALES - ADMINISTRACION CENTRAL,NO APLICA,No Aplica,NO DEFINIDO,,,2023,Tercer Trimestre,,,,OTROS SERVICIOS AUXILIARES RELACIONADOS CON LA BANCA DE INVERSION N C P,"SGP-PROPOSITO GENERAL-LIBRE DESTINACION MUNICIPIOS CATEGORIAS 4, 5 Y 6",,,,,,NO APLICA,,,,,,CON SITUACION DE FONDOS,PUPIALES,NO APLICA,694366.0,694366.0,694366.0
14895358,20230901,218552585,Pupiales,2.1.2,ADQUISICION DE BIENES Y SERVICIOS,GASTOS,FUNCIONAMIENTO,ADQUISICION DE BIENES Y SERVICIOS,No Aplica,No Aplica,No Aplica,No Aplica,No Aplica,No Aplica,No Aplica,CUENTAS POR PAGAR,ENTIDADES TERRITORIALES - ADMINISTRACION CENTRAL,NO DEFINIDO,No Aplica,NO DEFINIDO,,,2023,Tercer Trimestre,,,,NO DEFINIDO,NO DEFINIDO,,,,,,NO DEFINIDO,,,,,,NO DEFINIDO,NO DEFINIDO,NO DEFINIDO,2200000.0,2200000.0,0.0
14896433,20230901,218552585,Pupiales,2.3.1,GASTOS DE PERSONAL,GASTOS,INVERSION,GASTOS DE PERSONAL,No Aplica,No Aplica,No Aplica,No Aplica,No Aplica,No Aplica,No Aplica,CUENTAS POR PAGAR,ENTIDADES TERRITORIALES - ADMINISTRACION CENTRAL,NO DEFINIDO,No Aplica,NO DEFINIDO,,,2023,Tercer Trimestre,,,,NO DEFINIDO,NO DEFINIDO,,,,,,NO DEFINIDO,,,,,,NO DEFINIDO,NO DEFINIDO,NO DEFINIDO,21415000.0,21415000.0,21415000.0
14897301,20230901,218552585,Pupiales,2.1.1.01.03.004,BONIFICACION DE GESTION TERRITORIAL PARA ALCALDES,GASTOS,FUNCIONAMIENTO,GASTOS DE PERSONAL,PLANTA DE PERSONAL PERMANENTE,REMUNERACIONES NO CONSTITUTIVAS DE FACTOR SALARIAL,BONIFICACION DE GESTION TERRITORIAL PARA ALCALDES,No Aplica,No Aplica,No Aplica,No Aplica,VIGENCIA ACTUAL,ENTIDADES TERRITORIALES - ADMINISTRACION CENTRAL,NO APLICA,No Aplica,NO DEFINIDO,,,2023,Tercer Trimestre,,,,NO APLICA,"SGP-PROPOSITO GENERAL-LIBRE DESTINACION MUNICIPIOS CATEGORIAS 4, 5 Y 6",,,,,,NO APLICA,,,,,,CON SITUACION DE FONDOS,NO APLICA,NO APLICA,3517755.0,3517755.0,3517755.0
14902075,20230901,218552585,Pupiales,2.3.1.01.02.008,APORTES A LA ESAP,GASTOS,INVERSION,GASTOS DE PERSONAL,PLANTA DE PERSONAL PERMANENTE,CONTRIBUCIONES INHERENTES A LA NOMINA,APORTES A LA ESAP,No Aplica,No Aplica,No Aplica,No Aplica,VIGENCIA ACTUAL,ENTIDADES TERRITORIALES - ADMINISTRACION CENTRAL,SERVICIO DE ASISTENCIA TECNICA AGROPECUARIA DIRIGIDA A PEQUEÑOS PRODUCTORES,No Aplica,NO DEFINIDO,,,2023,Tercer Trimestre,,,,NO APLICA,SGP-PROPOSITO GENERAL-PROPOSITO GENERAL LIBRE INVERSION,,,,,,NO APLICA,,,,,,CON SITUACION DE FONDOS,NO APLICA,NO APLICA,72789.0,72789.0,72789.0
14903131,20230901,218552585,Pupiales,2.1.3.14.03,POR LA VENTA DE ACTIVOS,GASTOS,FUNCIONAMIENTO,TRANSFERENCIAS CORRIENTES,APORTES AL FONPET,POR LA VENTA DE ACTIVOS,No Aplica,No Aplica,No Aplica,No Aplica,No Aplica,VIGENCIA ACTUAL,ENTIDADES TERRITORIALES - ADMINISTRACION CENTRAL,NO APLICA,No Aplica,NO DEFINIDO,,,2023,Tercer Trimestre,,,,NO APLICA,INGRESOS CORRIENTES DE LIBRE DESTINACION,,,,,,NO APLICA,,,,,,CON SITUACION DE FONDOS,NO APLICA,NO APLICA,197028084.0,197028084.0,197028084.0
14903247,20230901,218552585,Pupiales,2.3.2.02.02.009,"SERVICIOS PARA LA COMUNIDAD, SOCIALES Y PERSONALES",GASTOS,INVERSION,ADQUISICION DE BIENES Y SERVICIOS,ADQUISICIONES DIFERENTES DE ACTIVOS,ADQUISICION DE SERVICIOS,"SERVICIOS PARA LA COMUNIDAD, SOCIALES Y PERSONALES",No Aplica,No Aplica,No Aplica,No Aplica,VIGENCIA ACTUAL,ENTIDADES TERRITORIALES - ADMINISTRACION CENTRAL,SERVICIO DE EDUCACION INFORMAL EN TEMAS DE SALUD PUBLICA,No Aplica,NO DEFINIDO,,,2023,Tercer Trimestre,,,,SERVICIOS DE LOS ORGANOS DE CONTROL Y OTRAS INSTITUCIONES,DERECHOS POR LA EXPLOTACION JUEGOS DE SUERTE Y AZAR,,,,,,NO APLICA,,,,,,CON SITUACION DE FONDOS,NO APLICA,NO APLICA,59640000.0,56440000.0,56440000.0
14903453,20230901,218552585,Pupiales,2.3.1.01.02.007,APORTES AL SENA,GASTOS,INVERSION,GASTOS DE PERSONAL,PLANTA DE PERSONAL PERMANENTE,CONTRIBUCIONES INHERENTES A LA NOMINA,APORTES AL SENA,No Aplica,No Aplica,No Aplica,No Aplica,VIGENCIA ACTUAL,ENTIDADES TERRITORIALES - ADMINISTRACION CENTRAL,SERVICIO DE ASISTENCIA TECNICA AGROPECUARIA DIRIGIDA A PEQUEÑOS PRODUCTORES,No Aplica,NO DEFINIDO,,,2023,Tercer Trimestre,,,,NO APLICA,SGP-PROPOSITO GENERAL-PROPOSITO GENERAL LIBRE INVERSION,,,,,,NO APLICA,,,,,,CON SITUACION DE FONDOS,SERVICIO NACIONAL DE APRENDIZAJE,NO APLICA,72789.0,72789.0,72789.0
14906457,20230901,218552585,Pupiales,2.3.1.01.02.002,APORTES A LA SEGURIDAD SOCIAL EN SALUD,GASTOS,INVERSION,GASTOS DE PERSONAL,PLANTA DE PERSONAL PERMANENTE,CONTRIBUCIONES INHERENTES A LA NOMINA,APORTES A LA SEGURIDAD SOCIAL EN SALUD,No Aplica,No Aplica,No Aplica,No Aplica,VIGENCIA ACTUAL,ENTIDADES TERRITORIALES - ADMINISTRACION CENTRAL,VIA TERCIARIA MEJORADA,No Aplica,NO DEFINIDO,,,2023,Tercer Trimestre,,,,NO APLICA,INGRESOS CORRIENTES DE LIBRE DESTINACION,,,,,,NO APLICA,,,,,,CON SITUACION DE FONDOS,NO APLICA,NO APLICA,2814144.0,2814144.0,2814144.0
14907091,20230901,218552585,Pupiales,2.3.2.01.01,ACTIVOS FIJOS,GASTOS,INVERSION,ADQUISICION DE BIENES Y SERVICIOS,ADQUISICION DE ACTIVOS NO FINANCIEROS,ACTIVOS FIJOS,No Aplica,No Aplica,No Aplica,No Aplica,No Aplica,RESERVAS,ENTIDADES TERRITORIALES - ADMINISTRACION CENTRAL,NO DEFINIDO,No Aplica,NO DEFINIDO,,,2023,Tercer Trimestre,,,,NO DEFINIDO,NO DEFINIDO,,,,,,NO DEFINIDO,,,,,,NO DEFINIDO,NO DEFINIDO,NO DEFINIDO,5975850.0,0.0,0.0
14907473,20230901,218552585,Pupiales,2.3.1.01.02.006,APORTES AL ICBF,GASTOS,INVERSION,GASTOS DE PERSONAL,PLANTA DE PERSONAL PERMANENTE,CONTRIBUCIONES INHERENTES A LA NOMINA,APORTES AL ICBF,No Aplica,No Aplica,No Aplica,No Aplica,VIGENCIA ACTUAL,ENTIDADES TERRITORIALES - ADMINISTRACION CENTRAL,VIA TERCIARIA MEJORADA,No Aplica,NO DEFINIDO,,,2023,Tercer Trimestre,,,,NO APLICA,INGRESOS CORRIENTES DE LIBRE DESTINACION,,,,,,NO APLICA,,,,,,CON SITUACION DE FONDOS,INSTITUTO COLOMBIANO DE BIENESTAR FAMILIAR,NO APLICA,1169501.0,1169501.0,1169501.0
14909194,20230901,218552585,Pupiales,2.3.2.01.01.001,EDIFICACIONES Y ESTRUCTURAS,GASTOS,INVERSION,ADQUISICION DE BIENES Y SERVICIOS,ADQUISICION DE ACTIVOS NO FINANCIEROS,ACTIVOS FIJOS,EDIFICACIONES Y ESTRUCTURAS,No Aplica,No Aplica,No Aplica,No Aplica,VIGENCIA ACTUAL,ENTIDADES TERRITORIALES - ADMINISTRACION CENTRAL,NO DEFINIDO,No Aplica,NO DEFINIDO,,,2023,Tercer Trimestre,,,,NO DEFINIDO,NO DEFINIDO,,,,,,NO DEFINIDO,,,,,,NO DEFINIDO,NO DEFINIDO,NO DEFINIDO,136405803.0,88190197.0,88190197.0
14916859,20230901,218552585,Pupiales,2.3.1.01.01.001.07,BONIFICACION POR SERVICIOS PRESTADOS,GASTOS,INVERSION,GASTOS DE PERSONAL,PLANTA DE PERSONAL PERMANENTE,FACTORES CONSTITUTIVOS DE SALARIO,FACTORES SALARIALES COMUNES,BONIFICACION POR SERVICIOS PRESTADOS,No Aplica,No Aplica,No Aplica,VIGENCIA ACTUAL,ENTIDADES TERRITORIALES - ADMINISTRACION CENTRAL,SERVICIO DE JUSTICIA A LOS CIUDADANOS,No Aplica,NO DEFINIDO,,,2023,Tercer Trimestre,,,,NO APLICA,SGP-PROPOSITO GENERAL-PROPOSITO GENERAL LIBRE INVERSION,,,,,,NO APLICA,,,,,,CON SITUACION DE FONDOS,NO APLICA,NO APLICA,4257191.0,4257191.0,4257191.0
14918639,20230901,218552585,Pupiales,2.3.2.02.02.005,CONSTRUCCION Y SERVICIOS DE LA CONSTRUCCION,GASTOS,INVERSION,ADQUISICION DE BIENES Y SERVICIOS,ADQUISICIONES DIFERENTES DE ACTIVOS,ADQUISICION DE SERVICIOS,CONSTRUCCION Y SERVICIOS DE LA CONSTRUCCION,No Aplica,No Aplica,No Aplica,No Aplica,VIGENCIA ACTUAL,ENTIDADES TERRITORIALES - ADMINISTRACION CENTRAL,SEDES AMPLIADAS,No Aplica,NO DEFINIDO,,,2023,Tercer Trimestre,,,,OTRAS OBRAS DE INGENIERIA CIVIL,SGP-PROPOSITO GENERAL-PROPOSITO GENERAL LIBRE INVERSION,,,,,,NO APLICA,,,,,,CON SITUACION DE FONDOS,E.S.E CENTRO DE SALUD SAN JUAN BAUTISTA DE PUPIALES - NARIÑO,NO APLICA,14000000.0,14000000.0,14000000.0
14923164,20230901,218552585,Pupiales,2.1.1.01.01.001.05,AUXILIO DE TRANSPORTE,GASTOS,FUNCIONAMIENTO,GASTOS DE PERSONAL,PLANTA DE PERSONAL PERMANENTE,FACTORES CONSTITUTIVOS DE SALARIO,FACTORES SALARIALES COMUNES,AUXILIO DE TRANSPORTE,No Aplica,No Aplica,No Aplica,VIGENCIA ACTUAL,ENTIDADES TERRITORIALES - ADMINISTRACION CENTRAL,NO APLICA,No Aplica,NO DEFINIDO,,,2023,Tercer Trimestre,,,,NO APLICA,"SGP-PROPOSITO GENERAL-LIBRE DESTINACION MUNICIPIOS CATEGORIAS 4, 5 Y 6",,,,,,NO APLICA,,,,,,CON SITUACION DE FONDOS,NO APLICA,NO APLICA,15580780.0,15580780.0,15580780.0
14926163,20230901,218552585,Pupiales,2.1.3.14,APORTES AL FONPET,GASTOS,FUNCIONAMIENTO,TRANSFERENCIAS CORRIENTES,APORTES AL FONPET,No Aplica,No Aplica,No Aplica,No Aplica,No Aplica,No Aplica,VIGENCIA ACTUAL,ENTIDADES TERRITORIALES - ADMINISTRACION CENTRAL,NO DEFINIDO,No Aplica,NO DEFINIDO,,,2023,Tercer Trimestre,,,,NO DEFINIDO,NO DEFINIDO,,,,,,NO DEFINIDO,,,,,,NO DEFINIDO,NO DEFINIDO,NO DEFINIDO,197028084.0,197028084.0,197028084.0
14927206,20230901,218552585,Pupiales,2.3.2.02.02.009,"SERVICIOS PARA LA COMUNIDAD, SOCIALES Y PERSONALES",GASTOS,INVERSION,ADQUISICION DE BIENES Y SERVICIOS,ADQUISICIONES DIFERENTES DE ACTIVOS,ADQUISICION DE SERVICIOS,"SERVICIOS PARA LA COMUNIDAD, SOCIALES Y PERSONALES",No Aplica,No Aplica,No Aplica,No Aplica,VIGENCIA ACTUAL,ENTIDADES TERRITORIALES - ADMINISTRACION CENTRAL,SERVICIO DE ASISTENCIA TECNICA PARA IMPLEMENTAR MEJORES PRACTICAS EN MATERIA DE PREVENCION DEL DAÑO ANTIJURIDICO Y DEFENSA JURIDICA DEL ESTADO,No Aplica,NO DEFINIDO,,,2023,Tercer Trimestre,,,,SERVICIOS DE LOS ORGANOS DE CONTROL Y OTRAS INSTITUCIONES,SGP-PROPOSITO GENERAL-PROPOSITO GENERAL LIBRE INVERSION,,,,,,NO APLICA,,,,,,CON SITUACION DE FONDOS,NO APLICA,NO APLICA,28600000.0,23400000.0,23400000.0
14929018,20230901,218552585,Pupiales,2.3.2.02.02.009,"SERVICIOS PARA LA COMUNIDAD, SOCIALES Y PERSONALES",GASTOS,INVERSION,ADQUISICION DE BIENES Y SERVICIOS,ADQUISICIONES DIFERENTES DE ACTIVOS,ADQUISICION DE SERVICIOS,"SERVICIOS PARA LA COMUNIDAD, SOCIALES Y PERSONALES",No Aplica,No Aplica,No Aplica,No Aplica,VIGENCIA ACTUAL,ENTIDADES TERRITORIALES - ADMINISTRACION CENTRAL,SERVICIO DE JUSTICIA A LOS CIUDADANOS,No Aplica,NO DEFINIDO,,,2023,Tercer Trimestre,,,,SERVICIOS DE LOS ORGANOS DE CONTROL Y OTRAS INSTITUCIONES,"SGP-PROPOSITO GENERAL-LIBRE DESTINACION MUNICIPIOS CATEGORIAS 4, 5 Y 6",,,,,,NO APLICA,,,,,,CON SITUACION DE FONDOS,IPIALES,NO APLICA,3000000.0,0.0,0.0
14930731,20230901,218552585,Pupiales,2.3.3.05.08,A ESQUEMAS ASOCIATIVOS,GASTOS,INVERSION,TRANSFERENCIAS CORRIENTES,A ENTIDADES DEL GOBIERNO,A ESQUEMAS ASOCIATIVOS,No Aplica,No Aplica,No Aplica,No Aplica,No Aplica,VIGENCIA ACTUAL,ENTIDADES TERRITORIALES - ADMINISTRACION CENTRAL,NO DEFINIDO,No Aplica,NO DEFINIDO,,,2023,Tercer Trimestre,,,,NO DEFINIDO,NO DEFINIDO,,,,,,NO DEFINIDO,,,,,,NO DEFINIDO,NO DEFINIDO,NO DEFINIDO,430154002.0,410439522.0,410439522.0
14934102,20230901,218552585,Pupiales,2.3.1.01,PLANTA DE PERSONAL PERMANENTE,GASTOS,INVERSION,GASTOS DE PERSONAL,PLANTA DE PERSONAL PERMANENTE,No Aplica,No Aplica,No Aplica,No Aplica,No Aplica,No Aplica,CUENTAS POR PAGAR,ENTIDADES TERRITORIALES - ADMINISTRACION CENTRAL,NO DEFINIDO,No Aplica,NO DEFINIDO,,,2023,Tercer Trimestre,,,,NO DEFINIDO,NO DEFINIDO,,,,,,NO DEFINIDO,,,,,,NO DEFINIDO,NO DEFINIDO,NO DEFINIDO,21415000.0,21415000.0,21415000.0
14938778,20230901,218552585,Pupiales,2.3.2.02.02,ADQUISICION DE SERVICIOS,GASTOS,INVERSION,ADQUISICION DE BIENES Y SERVICIOS,ADQUISICIONES DIFERENTES DE ACTIVOS,ADQUISICION DE SERVICIOS,No Aplica,No Aplica,No Aplica,No Aplica,No Aplica,RESERVAS,ENTIDADES TERRITORIALES - ADMINISTRACION CENTRAL,NO DEFINIDO,No Aplica,NO DEFINIDO,,,2023,Tercer Trimestre,,,,NO DEFINIDO,NO DEFINIDO,,,,,,NO DEFINIDO,,,,,,NO DEFINIDO,NO DEFINIDO,NO DEFINIDO,1084379943.0,1072929596.0,1072929596.0
14938849,20230901,218552585,Pupiales,2.3.1.01.03.001.03,BONIFICACION ESPECIAL DE RECREACION,GASTOS,INVERSION,GASTOS DE PERSONAL,PLANTA DE PERSONAL PERMANENTE,REMUNERACIONES NO CONSTITUTIVAS DE FACTOR SALARIAL,PRESTACIONES SOCIALES,BONIFICACION ESPECIAL DE RECREACION,No Aplica,No Aplica,No Aplica,VIGENCIA ACTUAL,ENTIDADES TERRITORIALES - ADMINISTRACION CENTRAL,VIA TERCIARIA MEJORADA,No Aplica,NO DEFINIDO,,,2023,Tercer Trimestre,,,,NO APLICA,INGRESOS CORRIENTES DE LIBRE DESTINACION,,,,,,NO APLICA,,,,,,CON SITUACION DE FONDOS,NO APLICA,NO APLICA,178706.0,178706.0,178706.0
14939697,20230901,218552585,Pupiales,2.3.2.02.02.009,"SERVICIOS PARA LA COMUNIDAD, SOCIALES Y PERSONALES",GASTOS,INVERSION,ADQUISICION DE BIENES Y SERVICIOS,ADQUISICIONES DIFERENTES DE ACTIVOS,ADQUISICION DE SERVICIOS,"SERVICIOS PARA LA COMUNIDAD, SOCIALES Y PERSONALES",No Aplica,No Aplica,No Aplica,No Aplica,VIGENCIA ACTUAL,ENTIDADES TERRITORIALES - ADMINISTRACION CENTRAL,SERVICIO DE APOYO FINANCIERO PARA LA ORGANIZACION DE FERIAS NACIONALES E INTERNACIONALES,No Aplica,NO DEFINIDO,,,2023,Tercer Trimestre,,,,SERVICIOS DE LOS ORGANOS DE CONTROL Y OTRAS INSTITUCIONES,SGP-PROPOSITO GENERAL-PROPOSITO GENERAL LIBRE INVERSION,,,,,,NO APLICA,,,,,,CON SITUACION DE FONDOS,NO APLICA,NO APLICA,32480000.0,32480000.0,32480000.0
14947988,20230901,218552585,Pupiales,2.3.2.02.02.009,"SERVICIOS PARA LA COMUNIDAD, SOCIALES Y PERSONALES",GASTOS,INVERSION,ADQUISICION DE BIENES Y SERVICIOS,ADQUISICIONES DIFERENTES DE ACTIVOS,ADQUISICION DE SERVICIOS,"SERVICIOS PARA LA COMUNIDAD, SOCIALES Y PERSONALES",No Aplica,No Aplica,No Aplica,No Aplica,VIGENCIA ACTUAL,ENTIDADES TERRITORIALES - ADMINISTRACION CENTRAL,SEDES CONSTRUIDAS,No Aplica,NO DEFINIDO,,,2023,Tercer Trimestre,,,,SERVICIOS DE LOS ORGANOS DE CONTROL Y OTRAS INSTITUCIONES,RECURSOS DEL BALANCE DE LIBRE DESTINACION,,,,,,NO APLICA,,,,,,CON SITUACION DE FONDOS,NO APLICA,NO APLICA,55244205.0,55244205.0,55244205.0
14956405,20230901,218552585,Pupiales,2.1.1.01.03,REMUNERACIONES NO CONSTITUTIVAS DE FACTOR SALARIAL,GASTOS,FUNCIONAMIENTO,GASTOS DE PERSONAL,PLANTA DE PERSONAL PERMANENTE,REMUNERACIONES NO CONSTITUTIVAS DE FACTOR SALARIAL,No Aplica,No Aplica,No Aplica,No Aplica,No Aplica,VIGENCIA ACTUAL,ENTIDADES TERRITORIALES - ADMINISTRACION CENTRAL,NO DEFINIDO,No Aplica,NO DEFINIDO,,,2023,Tercer Trimestre,,,,NO DEFINIDO,NO DEFINIDO,,,,,,NO DEFINIDO,,,,,,NO DEFINIDO,NO DEFINIDO,NO DEFINIDO,55236386.0,55236386.0,55236386.0
14956730,20230901,218552585,Pupiales,2.3.2.02.01.001,"MINERALES, ELECTRICIDAD, GAS Y AGUA",GASTOS,INVERSION,ADQUISICION DE BIENES Y SERVICIOS,ADQUISICIONES DIFERENTES DE ACTIVOS,MATERIALES Y SUMINISTROS,"MINERALES, ELECTRICIDAD, GAS Y AGUA",No Aplica,No Aplica,No Aplica,No Aplica,RESERVAS,ENTIDADES TERRITORIALES - ADMINISTRACION CENTRAL,SERVICIO DE OPERACION DE VIAS PRIMARIAS,No Aplica,NO DEFINIDO,,,2023,Tercer Trimestre,,,,OTRAS ROCAS O PIEDRAS TRITURADAS PARA CONSTRUCCION N C P,SGP-PROPOSITO GENERAL-PROPOSITO GENERAL LIBRE INVERSION,,,,,,NO APLICA,,,,,,CON SITUACION DE FONDOS,NO APLICA,NO APLICA,50000000.0,0.0,0.0
14956753,20230901,218552585,Pupiales,2.3.2.02.02.009,"SERVICIOS PARA LA COMUNIDAD, SOCIALES Y PERSONALES",GASTOS,INVERSION,ADQUISICION DE BIENES Y SERVICIOS,ADQUISICIONES DIFERENTES DE ACTIVOS,ADQUISICION DE SERVICIOS,"SERVICIOS PARA LA COMUNIDAD, SOCIALES Y PERSONALES",No Aplica,No Aplica,No Aplica,No Aplica,VIGENCIA ACTUAL,ENTIDADES TERRITORIALES - ADMINISTRACION CENTRAL,SERVICIO DE PROMOCION DE ACTIVIDADES CULTURALES,No Aplica,NO DEFINIDO,,,2023,Tercer Trimestre,,,,SERVICIOS DE LOS ORGANOS DE CONTROL Y OTRAS INSTITUCIONES,SGP-PROPOSITO GENERAL-PROPOSITO GENERAL LIBRE INVERSION,,,,,,NO APLICA,,,,,,CON SITUACION DE FONDOS,NO APLICA,NO APLICA,343000000.0,343000000.0,343000000.0
14963773,20230901,218552585,Pupiales,2.3.2.02.02,ADQUISICION DE SERVICIOS,GASTOS,INVERSION,ADQUISICION DE BIENES Y SERVICIOS,ADQUISICIONES DIFERENTES DE ACTIVOS,ADQUISICION DE SERVICIOS,No Aplica,No Aplica,No Aplica,No Aplica,No Aplica,VIGENCIA ACTUAL,ENTIDADES TERRITORIALES - ADMINISTRACION CENTRAL,NO DEFINIDO,No Aplica,NO DEFINIDO,,,2023,Tercer Trimestre,,,,NO DEFINIDO,NO DEFINIDO,,,,,,NO DEFINIDO,,,,,,NO DEFINIDO,NO DEFINIDO,NO DEFINIDO,20965086794.0,19538229825.0,19525629825.0
14966778,20230901,218552585,Pupiales,2.3.2.02.02.009,"SERVICIOS PARA LA COMUNIDAD, SOCIALES Y PERSONALES",GASTOS,INVERSION,ADQUISICION DE BIENES Y SERVICIOS,ADQUISICIONES DIFERENTES DE ACTIVOS,ADQUISICION DE SERVICIOS,"SERVICIOS PARA LA COMUNIDAD, SOCIALES Y PERSONALES",No Aplica,No Aplica,No Aplica,No Aplica,VIGENCIA ACTUAL,ENTIDADES TERRITORIALES - ADMINISTRACION CENTRAL,SERVICIO DE EDUCACION INFORMAL EN TEMAS DE SALUD PUBLICA,No Aplica,NO DEFINIDO,,,2023,Tercer Trimestre,,,,SERVICIOS DE LOS ORGANOS DE CONTROL Y OTRAS INSTITUCIONES,R.B. SGP-SALUD-SALUD PUBLICA,,,,,,NO APLICA,,,,,,CON SITUACION DE FONDOS,E.S.E CENTRO DE SALUD SAN JUAN BAUTISTA DE PUPIALES - NARIÑO,NO APLICA,3405744.0,0.0,0.0
14967831,20230901,218552585,Pupiales,2.3.2.02.02.009,"SERVICIOS PARA LA COMUNIDAD, SOCIALES Y PERSONALES",GASTOS,INVERSION,ADQUISICION DE BIENES Y SERVICIOS,ADQUISICIONES DIFERENTES DE ACTIVOS,ADQUISICION DE SERVICIOS,"SERVICIOS PARA LA COMUNIDAD, SOCIALES Y PERSONALES",No Aplica,No Aplica,No Aplica,No Aplica,VIGENCIA ACTUAL,ENTIDADES TERRITORIALES - ADMINISTRACION CENTRAL,"SERVICIO DE APOYO FINANCIERO A LOS PLANES, PROGRAMAS Y PROYECTOS DE AGUA POTABLE Y SANEAMIENTO BASICO",No Aplica,NO DEFINIDO,,,2023,Tercer Trimestre,,,,SERVICIOS DE LOS ORGANOS DE CONTROL Y OTRAS INSTITUCIONES,SGP-AGUA POTABLE Y SANEAMIENTO BASICO,,,,,,NO APLICA,,,,,,CON SITUACION DE FONDOS,E.S.P. EMPRESA DE SERVICIOS PUBLICOS VARIOS DE PUPIALES,NO APLICA,191944253.0,173194253.0,173194253.0
14968524,20230901,218552585,Pupiales,2.1.1,GASTOS DE PERSONAL,GASTOS,FUNCIONAMIENTO,GASTOS DE PERSONAL,No Aplica,No Aplica,No Aplica,No Aplica,No Aplica,No Aplica,No Aplica,VIGENCIA ACTUAL,ENTIDADES TERRITORIALES - ADMINISTRACION CENTRAL,NO DEFINIDO,No Aplica,NO DEFINIDO,,,2023,Tercer Trimestre,,,,NO DEFINIDO,NO DEFINIDO,,,,,,NO DEFINIDO,,,,,,NO DEFINIDO,NO DEFINIDO,NO DEFINIDO,641170228.0,641170228.0,641170228.0
14972015,20230901,218552585,Pupiales,2.3.3.05.08,A ESQUEMAS ASOCIATIVOS,GASTOS,INVERSION,TRANSFERENCIAS CORRIENTES,A ENTIDADES DEL GOBIERNO,A ESQUEMAS ASOCIATIVOS,No Aplica,No Aplica,No Aplica,No Aplica,No Aplica,CUENTAS POR PAGAR,ENTIDADES TERRITORIALES - ADMINISTRACION CENTRAL,NO DEFINIDO,No Aplica,NO DEFINIDO,,,2023,Tercer Trimestre,,,,NO DEFINIDO,NO DEFINIDO,,,,,,NO DEFINIDO,,,,,,NO DEFINIDO,NO DEFINIDO,NO DEFINIDO,6238423.0,6238423.0,6238423.0
14973498,20230901,218552585,Pupiales,2.1.1.01.01.001.01,SUELDO BASICO,GASTOS,FUNCIONAMIENTO,GASTOS DE PERSONAL,PLANTA DE PERSONAL PERMANENTE,FACTORES CONSTITUTIVOS DE SALARIO,FACTORES SALARIALES COMUNES,SUELDO BASICO,No Aplica,No Aplica,No Aplica,VIGENCIA ACTUAL,ENTIDADES TERRITORIALES - PERSONERIA,NO APLICA,No Aplica,NO DEFINIDO,,,2023,Tercer Trimestre,,,,NO APLICA,"SGP-PROPOSITO GENERAL-LIBRE DESTINACION MUNICIPIOS CATEGORIAS 4, 5 Y 6",,,,,,NO APLICA,,,,,,CON SITUACION DE FONDOS,NO APLICA,NO APLICA,110040638.0,110040638.0,110040638.0
14979087,20230901,218552585,Pupiales,2.3.1.01.02.005,APORTES GENERALES AL SISTEMA DE RIESGOS LABORALES,GASTOS,INVERSION,GASTOS DE PERSONAL,PLANTA DE PERSONAL PERMANENTE,CONTRIBUCIONES INHERENTES A LA NOMINA,APORTES GENERALES AL SISTEMA DE RIESGOS LABORALES,No Aplica,No Aplica,No Aplica,No Aplica,VIGENCIA ACTUAL,ENTIDADES TERRITORIALES - ADMINISTRACION CENTRAL,SERVICIO DE ASISTENCIA TECNICA AGROPECUARIA DIRIGIDA A PEQUEÑOS PRODUCTORES,No Aplica,NO DEFINIDO,,,2023,Tercer Trimestre,,,,NO APLICA,SGP-PROPOSITO GENERAL-PROPOSITO GENERAL LIBRE INVERSION,,,,,,NO APLICA,,,,,,CON SITUACION DE FONDOS,NO APLICA,NO APLICA,108897.0,108897.0,108897.0
14979403,20230901,218552585,Pupiales,2.1.1.01.02.005,APORTES GENERALES AL SISTEMA DE RIESGOS LABORALES,GASTOS,FUNCIONAMIENTO,GASTOS DE PERSONAL,PLANTA DE PERSONAL PERMANENTE,CONTRIBUCIONES INHERENTES A LA NOMINA,APORTES GENERALES AL SISTEMA DE RIESGOS LABORALES,No Aplica,No Aplica,No Aplica,No Aplica,VIGENCIA ACTUAL,ENTIDADES TERRITORIALES - ADMINISTRACION CENTRAL,NO APLICA,No Aplica,NO DEFINIDO,,,2023,Tercer Trimestre,,,,NO APLICA,"SGP-PROPOSITO GENERAL-LIBRE DESTINACION MUNICIPIOS CATEGORIAS 4, 5 Y 6",,,,,,NO APLICA,,,,,,CON SITUACION DE FONDOS,NO APLICA,NO APLICA,1889400.0,1889400.0,1889400.0
14980866,20230901,218552585,Pupiales,2.1.1.01.01.001.06,PRIMA DE SERVICIO,GASTOS,FUNCIONAMIENTO,GASTOS DE PERSONAL,PLANTA DE PERSONAL PERMANENTE,FACTORES CONSTITUTIVOS DE SALARIO,FACTORES SALARIALES COMUNES,PRIMA DE SERVICIO,No Aplica,No Aplica,No Aplica,VIGENCIA ACTUAL,ENTIDADES TERRITORIALES - ADMINISTRACION CENTRAL,NO APLICA,No Aplica,NO DEFINIDO,,,2023,Tercer Trimestre,,,,NO APLICA,"SGP-PROPOSITO GENERAL-LIBRE DESTINACION MUNICIPIOS CATEGORIAS 4, 5 Y 6",,,,,,NO APLICA,,,,,,CON SITUACION DE FONDOS,NO APLICA,NO APLICA,22009436.0,22009436.0,22009436.0
14981114,20230901,218552585,Pupiales,2.1.1.01.02,CONTRIBUCIONES INHERENTES A LA NOMINA,GASTOS,FUNCIONAMIENTO,GASTOS DE PERSONAL,PLANTA DE PERSONAL PERMANENTE,CONTRIBUCIONES INHERENTES A LA NOMINA,No Aplica,No Aplica,No Aplica,No Aplica,No Aplica,VIGENCIA ACTUAL,ENTIDADES TERRITORIALES - ADMINISTRACION CENTRAL,NO DEFINIDO,No Aplica,NO DEFINIDO,,,2023,Tercer Trimestre,,,,NO DEFINIDO,NO DEFINIDO,,,,,,NO DEFINIDO,,,,,,NO DEFINIDO,NO DEFINIDO,NO DEFINIDO,126037086.0,126037086.0,126037086.0
14984106,20230901,218552585,Pupiales,2.3.1.01.02.006,APORTES AL ICBF,GASTOS,INVERSION,GASTOS DE PERSONAL,PLANTA DE PERSONAL PERMANENTE,CONTRIBUCIONES INHERENTES A LA NOMINA,APORTES AL ICBF,No Aplica,No Aplica,No Aplica,No Aplica,VIGENCIA ACTUAL,ENTIDADES TERRITORIALES - ADMINISTRACION CENTRAL,SERVICIO DE JUSTICIA A LOS CIUDADANOS,No Aplica,NO DEFINIDO,,,2023,Tercer Trimestre,,,,NO APLICA,SGP-PROPOSITO GENERAL-PROPOSITO GENERAL LIBRE INVERSION,,,,,,NO APLICA,,,,,,CON SITUACION DE FONDOS,INSTITUTO COLOMBIANO DE BIENESTAR FAMILIAR,NO APLICA,2434300.0,2434300.0,2434300.0
14985694,20230901,218552585,Pupiales,2.3.2.01.01.001.03.02,"AUTOPISTAS, CARRETERAS, CALLES",GASTOS,INVERSION,ADQUISICION DE BIENES Y SERVICIOS,ADQUISICION DE ACTIVOS NO FINANCIEROS,ACTIVOS FIJOS,EDIFICACIONES Y ESTRUCTURAS,OTRAS ESTRUCTURAS,"AUTOPISTAS, CARRETERAS, CALLES",No Aplica,No Aplica,VIGENCIA ACTUAL,ENTIDADES TERRITORIALES - ADMINISTRACION CENTRAL,VIA TERCIARIA MEJORADA,No Aplica,NO DEFINIDO,,,2023,Tercer Trimestre,,,,NO APLICA,RECURSOS DEL BALANCE DE LIBRE DESTINACION,,,,,,NO APLICA,,,,,,CON SITUACION DE FONDOS,NO APLICA,NO APLICA,80777109.0,48377109.0,48377109.0
14991459,20230901,218552585,Pupiales,2.3.2.02.02.009,"SERVICIOS PARA LA COMUNIDAD, SOCIALES Y PERSONALES",GASTOS,INVERSION,ADQUISICION DE BIENES Y SERVICIOS,ADQUISICIONES DIFERENTES DE ACTIVOS,ADQUISICION DE SERVICIOS,"SERVICIOS PARA LA COMUNIDAD, SOCIALES Y PERSONALES",No Aplica,No Aplica,No Aplica,No Aplica,VIGENCIA ACTUAL,ENTIDADES TERRITORIALES - ADMINISTRACION CENTRAL,SERVICIO DE ATENCION EN SALUD A LA POBLACION,No Aplica,NO DEFINIDO,,,2023,Tercer Trimestre,,,,SERVICIOS DE LOS ORGANOS DE CONTROL Y OTRAS INSTITUCIONES,SGP-SALUD-REGIMEN SUBSIDIADO,,,,,,NO APLICA,,,,,,SIN SITUACION DE FONDOS,NO APLICA,NO APLICA,3892795640.0,3892795640.0,3892795640.0
14992915,20230901,218552585,Pupiales,2.1.2.01.01.003,MAQUINARIA Y EQUIPO,GASTOS,FUNCIONAMIENTO,ADQUISICION DE BIENES Y SERVICIOS,ADQUISICION DE ACTIVOS NO FINANCIEROS,ACTIVOS FIJOS,MAQUINARIA Y EQUIPO,No Aplica,No Aplica,No Aplica,No Aplica,VIGENCIA ACTUAL,ENTIDADES TERRITORIALES - ADMINISTRACION CENTRAL,NO DEFINIDO,No Aplica,NO DEFINIDO,,,2023,Tercer Trimestre,,,,NO DEFINIDO,NO DEFINIDO,,,,,,NO DEFINIDO,,,,,,NO DEFINIDO,NO DEFINIDO,NO DEFINIDO,21115000.0,21115000.0,21115000.0
14994451,20230901,218552585,Pupiales,2.3.2.02.02.009,"SERVICIOS PARA LA COMUNIDAD, SOCIALES Y PERSONALES",GASTOS,INVERSION,ADQUISICION DE BIENES Y SERVICIOS,ADQUISICIONES DIFERENTES DE ACTIVOS,ADQUISICION DE SERVICIOS,"SERVICIOS PARA LA COMUNIDAD, SOCIALES Y PERSONALES",No Aplica,No Aplica,No Aplica,No Aplica,VIGENCIA ACTUAL,ENTIDADES TERRITORIALES - ADMINISTRACION CENTRAL,"SERVICIO DE INSPECCION, VIGILANCIA Y CONTROL1903011",No Aplica,NO DEFINIDO,,,2023,Tercer Trimestre,,,,SERVICIOS DE LOS ORGANOS DE CONTROL Y OTRAS INSTITUCIONES,SGP-SALUD-SUBSIDIO A LA OFERTA,,,,,,NO APLICA,,,,,,SIN SITUACION DE FONDOS,E.S.E CENTRO DE SALUD SAN JUAN BAUTISTA DE PUPIALES - NARIÑO,NO APLICA,236594319.0,146888839.0,146888839.0
15002524,20230901,218552585,Pupiales,2.1.1.01.01.001.08.01,PRIMA DE NAVIDAD,GASTOS,FUNCIONAMIENTO,GASTOS DE PERSONAL,PLANTA DE PERSONAL PERMANENTE,FACTORES CONSTITUTIVOS DE SALARIO,FACTORES SALARIALES COMUNES,PRESTACIONES SOCIALES,PRIMA DE NAVIDAD,No Aplica,No Aplica,VIGENCIA ACTUAL,ENTIDADES TERRITORIALES - ADMINISTRACION CENTRAL,NO APLICA,No Aplica,NO DEFINIDO,,,2023,Tercer Trimestre,,,,NO APLICA,"SGP-PROPOSITO GENERAL-LIBRE DESTINACION MUNICIPIOS CATEGORIAS 4, 5 Y 6",,,,,,NO APLICA,,,,,,CON SITUACION DE FONDOS,NO APLICA,NO APLICA,1109255.0,1109255.0,1109255.0
15004313,20230901,218552585,Pupiales,2.3.2.02.01.003,"OTROS BIENES TRANSPORTABLES EXCEPTO PRODUCTOS METALICOS, MAQUINARIA Y EQUIPO",GASTOS,INVERSION,ADQUISICION DE BIENES Y SERVICIOS,ADQUISICIONES DIFERENTES DE ACTIVOS,MATERIALES Y SUMINISTROS,"OTROS BIENES TRANSPORTABLES EXCEPTO PRODUCTOS METALICOS, MAQUINARIA Y EQUIPO",No Aplica,No Aplica,No Aplica,No Aplica,VIGENCIA ACTUAL,ENTIDADES TERRITORIALES - ADMINISTRACION CENTRAL,VIA TERCIARIA MEJORADA,No Aplica,NO DEFINIDO,,,2023,Tercer Trimestre,,,,PASTAS O PULPAS DE OTRAS FIBRAS N C P PARA PAPEL,SGP-PROPOSITO GENERAL-PROPOSITO GENERAL LIBRE INVERSION,,,,,,NO APLICA,,,,,,CON SITUACION DE FONDOS,NO APLICA,NO APLICA,100000000.0,96182741.0,96182741.0
15005680,20230901,218552585,Pupiales,2.3.2.01.01.001.02,EDIFICACIONES DISTINTAS A VIVIENDAS,GASTOS,INVERSION,ADQUISICION DE BIENES Y SERVICIOS,ADQUISICION DE ACTIVOS NO FINANCIEROS,ACTIVOS FIJOS,EDIFICACIONES Y ESTRUCTURAS,EDIFICACIONES DISTINTAS A VIVIENDAS,No Aplica,No Aplica,No Aplica,CUENTAS POR PAGAR,ENTIDADES TERRITORIALES - ADMINISTRACION CENTRAL,NO DEFINIDO,No Aplica,NO DEFINIDO,,,2023,Tercer Trimestre,,,,NO DEFINIDO,NO DEFINIDO,,,,,,NO DEFINIDO,,,,,,NO DEFINIDO,NO DEFINIDO,NO DEFINIDO,4500000.0,4500000.0,0.0
15008784,20230901,218552585,Pupiales,2.3.1.01.03.001.03,BONIFICACION ESPECIAL DE RECREACION,GASTOS,INVERSION,GASTOS DE PERSONAL,PLANTA DE PERSONAL PERMANENTE,REMUNERACIONES NO CONSTITUTIVAS DE FACTOR SALARIAL,PRESTACIONES SOCIALES,BONIFICACION ESPECIAL DE RECREACION,No Aplica,No Aplica,No Aplica,VIGENCIA ACTUAL,ENTIDADES TERRITORIALES - ADMINISTRACION CENTRAL,SERVICIO DE JUSTICIA A LOS CIUDADANOS,No Aplica,NO DEFINIDO,,,2023,Tercer Trimestre,,,,NO APLICA,SGP-PROPOSITO GENERAL-PROPOSITO GENERAL LIBRE INVERSION,,,,,,NO APLICA,,,,,,CON SITUACION DE FONDOS,NO APLICA,NO APLICA,467248.0,467248.0,467248.0
15009356,20230901,218552585,Pupiales,2.3.3.13,SENTENCIAS Y CONCILIACIONES,GASTOS,INVERSION,TRANSFERENCIAS CORRIENTES,SENTENCIAS Y CONCILIACIONES,No Aplica,No Aplica,No Aplica,No Aplica,No Aplica,No Aplica,VIGENCIA ACTUAL,ENTIDADES TERRITORIALES - ADMINISTRACION CENTRAL,NO DEFINIDO,No Aplica,NO DEFINIDO,,,2023,Tercer Trimestre,,,,NO DEFINIDO,NO DEFINIDO,,,,,,NO DEFINIDO,,,,,,NO DEFINIDO,NO DEFINIDO,NO DEFINIDO,17829106.0,9238741.0,9238741.0
15010701,20230901,218552585,Pupiales,2.1.2.01.01.003.03.01,"MAQUINAS PARA OFICINA Y CONTABILIDAD, Y SUS PARTES Y ACCESORIOS",GASTOS,FUNCIONAMIENTO,ADQUISICION DE BIENES Y SERVICIOS,ADQUISICION DE ACTIVOS NO FINANCIEROS,ACTIVOS FIJOS,MAQUINARIA Y EQUIPO,"MAQUINARIA DE OFICINA, CONTABILIDAD E INFORMATICA","MAQUINAS PARA OFICINA Y CONTABILIDAD, Y SUS PARTES Y ACCESORIOS",No Aplica,No Aplica,VIGENCIA ACTUAL,ENTIDADES TERRITORIALES - ADMINISTRACION CENTRAL,NO APLICA,No Aplica,NO DEFINIDO,,,2023,Tercer Trimestre,,,,NO APLICA,"SGP-PROPOSITO GENERAL-LIBRE DESTINACION MUNICIPIOS CATEGORIAS 4, 5 Y 6",,,,,,NO APLICA,,,,,,CON SITUACION DE FONDOS,NO APLICA,NO APLICA,21115000.0,21115000.0,21115000.0
15011606,20230901,218552585,Pupiales,2.3.2.02.02.009,"SERVICIOS PARA LA COMUNIDAD, SOCIALES Y PERSONALES",GASTOS,INVERSION,ADQUISICION DE BIENES Y SERVICIOS,ADQUISICIONES DIFERENTES DE ACTIVOS,ADQUISICION DE SERVICIOS,"SERVICIOS PARA LA COMUNIDAD, SOCIALES Y PERSONALES",No Aplica,No Aplica,No Aplica,No Aplica,VIGENCIA ACTUAL,ENTIDADES TERRITORIALES - ADMINISTRACION CENTRAL,SERVICIO DE EDUCACION INFORMAL EN TEMAS DE SALUD PUBLICA,No Aplica,NO DEFINIDO,,,2023,Tercer Trimestre,,,,SERVICIOS DE LOS ORGANOS DE CONTROL Y OTRAS INSTITUCIONES,SGP-SALUD-SALUD PUBLICA,,,,,,NO APLICA,,,,,,CON SITUACION DE FONDOS,NO APLICA,NO APLICA,129750125.0,66920000.0,66920000.0
15015774,20230901,218552585,Pupiales,2.3.1.01.02.002,APORTES A LA SEGURIDAD SOCIAL EN SALUD,GASTOS,INVERSION,GASTOS DE PERSONAL,PLANTA DE PERSONAL PERMANENTE,CONTRIBUCIONES INHERENTES A LA NOMINA,APORTES A LA SEGURIDAD SOCIAL EN SALUD,No Aplica,No Aplica,No Aplica,No Aplica,VIGENCIA ACTUAL,ENTIDADES TERRITORIALES - ADMINISTRACION CENTRAL,SERVICIO DE ASISTENCIA TECNICA AGROPECUARIA DIRIGIDA A PEQUEÑOS PRODUCTORES,No Aplica,NO DEFINIDO,,,2023,Tercer Trimestre,,,,NO APLICA,SGP-PROPOSITO GENERAL-PROPOSITO GENERAL LIBRE INVERSION,,,,,,NO APLICA,,,,,,CON SITUACION DE FONDOS,NO APLICA,NO APLICA,600000.0,600000.0,600000.0
15016183,20230901,218552585,Pupiales,2.3.2.02.02.009,"SERVICIOS PARA LA COMUNIDAD, SOCIALES Y PERSONALES",GASTOS,INVERSION,ADQUISICION DE BIENES Y SERVICIOS,ADQUISICIONES DIFERENTES DE ACTIVOS,ADQUISICION DE SERVICIOS,"SERVICIOS PARA LA COMUNIDAD, SOCIALES Y PERSONALES",No Aplica,No Aplica,No Aplica,No Aplica,CUENTAS POR PAGAR,ENTIDADES TERRITORIALES - ADMINISTRACION CENTRAL,SERVICIO DE APOYO FINANCIERO PARA SUBSIDIOS AL CONSUMO EN LOS SERVICIOS PUBLICOS DOMICILIARIOS,No Aplica,NO DEFINIDO,,,2023,Tercer Trimestre,,,,SERVICIOS DE LOS ORGANOS DE CONTROL Y OTRAS INSTITUCIONES,SGP-AGUA POTABLE Y SANEAMIENTO BASICO,,,,,,NO APLICA,,,,,,CON SITUACION DE FONDOS,NO APLICA,NO APLICA,3192780.0,3192780.0,3192780.0
15021984,20230901,218552585,Pupiales,2.3.2.02.02.009,"SERVICIOS PARA LA COMUNIDAD, SOCIALES Y PERSONALES",GASTOS,INVERSION,ADQUISICION DE BIENES Y SERVICIOS,ADQUISICIONES DIFERENTES DE ACTIVOS,ADQUISICION DE SERVICIOS,"SERVICIOS PARA LA COMUNIDAD, SOCIALES Y PERSONALES",No Aplica,No Aplica,No Aplica,No Aplica,VIGENCIA ACTUAL,ENTIDADES TERRITORIALES - ADMINISTRACION CENTRAL,SERVICIO DE EDUCACION INFORMAL4501049,No Aplica,NO DEFINIDO,,,2023,Tercer Trimestre,,,,SERVICIOS DE LOS ORGANOS DE CONTROL Y OTRAS INSTITUCIONES,MULTAS CODIGO NACIONAL DE POLICIA Y CONVIVENCIA,,,,,,NO APLICA,,,,,,CON SITUACION DE FONDOS,NO APLICA,NO APLICA,1966971.0,1966971.0,1966971.0
15025378,20230901,218552585,Pupiales,2.3.3.05.08.001,REGION ADMINISTRATIVA DE PLANIFICACION ESPECIAL-RAPE,GASTOS,INVERSION,TRANSFERENCIAS CORRIENTES,A ENTIDADES DEL GOBIERNO,A ESQUEMAS ASOCIATIVOS,REGION ADMINISTRATIVA DE PLANIFICACION ESPECIAL-RAPE,No Aplica,No Aplica,No Aplica,No Aplica,CUENTAS POR PAGAR,ENTIDADES TERRITORIALES - ADMINISTRACION CENTRAL,SERVICIO APOYO FINANCIERO PARA LA IMPLEMENTACION DE ESQUEMAS DE PAGO POR SERVICIO AMBIENTALES,No Aplica,NO DEFINIDO,,,2023,Tercer Trimestre,,,,NO APLICA,SOBRETASA - PARTICIPACION AMBIENTAL - CORPORACIONES AUTONOMAS REGIONALES,,,,,,NO APLICA,,,,,,CON SITUACION DE FONDOS,CORPORACION AUTONOMA REGIONAL DE NARIÑO,NO APLICA,6238423.0,6238423.0,6238423.0
15026158,20230901,218552585,Pupiales,2.3.2.02.01,MATERIALES Y SUMINISTROS,GASTOS,INVERSION,ADQUISICION DE BIENES Y SERVICIOS,ADQUISICIONES DIFERENTES DE ACTIVOS,MATERIALES Y SUMINISTROS,No Aplica,No Aplica,No Aplica,No Aplica,No Aplica,RESERVAS,ENTIDADES TERRITORIALES - ADMINISTRACION CENTRAL,NO DEFINIDO,No Aplica,NO DEFINIDO,,,2023,Tercer Trimestre,,,,NO DEFINIDO,NO DEFINIDO,,,,,,NO DEFINIDO,,,,,,NO DEFINIDO,NO DEFINIDO,NO DEFINIDO,50000000.0,0.0,0.0
15026279,20230901,218552585,Pupiales,2.2.2.02,INTERESES,GASTOS,SERVICIO DE LA DEUDA PUBLICA,SERVICIO DE LA DEUDA PUBLICA INTERNA,INTERESES,No Aplica,No Aplica,No Aplica,No Aplica,No Aplica,No Aplica,VIGENCIA ACTUAL,ENTIDADES TERRITORIALES - ADMINISTRACION CENTRAL,NO DEFINIDO,No Aplica,NO DEFINIDO,,,2023,Tercer Trimestre,,,,NO DEFINIDO,NO DEFINIDO,,,,,,NO DEFINIDO,,,,,,NO DEFINIDO,NO DEFINIDO,NO DEFINIDO,154058527.0,154058527.0,154058527.0
15033964,20230901,218552585,Pupiales,2.1.2.02.02,ADQUISICION DE SERVICIOS,GASTOS,FUNCIONAMIENTO,ADQUISICION DE BIENES Y SERVICIOS,ADQUISICIONES DIFERENTES DE ACTIVOS,ADQUISICION DE SERVICIOS,No Aplica,No Aplica,No Aplica,No Aplica,No Aplica,VIGENCIA ACTUAL,ENTIDADES TERRITORIALES - CONCEJO,NO DEFINIDO,No Aplica,NO DEFINIDO,,,2023,Tercer Trimestre,,,,NO DEFINIDO,NO DEFINIDO,,,,,,NO DEFINIDO,,,,,,NO DEFINIDO,NO DEFINIDO,NO DEFINIDO,7840000.0,7500000.0,7500000.0
15034030,20230901,218552585,Pupiales,2.1.1.01.02.007,APORTES AL SENA,GASTOS,FUNCIONAMIENTO,GASTOS DE PERSONAL,PLANTA DE PERSONAL PERMANENTE,CONTRIBUCIONES INHERENTES A LA NOMINA,APORTES AL SENA,No Aplica,No Aplica,No Aplica,No Aplica,VIGENCIA ACTUAL,ENTIDADES TERRITORIALES - ADMINISTRACION CENTRAL,NO APLICA,No Aplica,NO DEFINIDO,,,2023,Tercer Trimestre,,,,NO APLICA,"SGP-PROPOSITO GENERAL-LIBRE DESTINACION MUNICIPIOS CATEGORIAS 4, 5 Y 6",,,,,,NO APLICA,,,,,,CON SITUACION DE FONDOS,SERVICIO NACIONAL DE APRENDIZAJE,NO APLICA,1649019.0,1649019.0,1649019.0
15034970,20230901,218552585,Pupiales,2.3.3.05,A ENTIDADES DEL GOBIERNO,GASTOS,INVERSION,TRANSFERENCIAS CORRIENTES,A ENTIDADES DEL GOBIERNO,No Aplica,No Aplica,No Aplica,No Aplica,No Aplica,No Aplica,VIGENCIA ACTUAL,ENTIDADES TERRITORIALES - ADMINISTRACION CENTRAL,NO DEFINIDO,No Aplica,NO DEFINIDO,,,2023,Tercer Trimestre,,,,NO DEFINIDO,NO DEFINIDO,,,,,,NO DEFINIDO,,,,,,NO DEFINIDO,NO DEFINIDO,NO DEFINIDO,497358349.0,449805695.0,449805695.0
15035534,20230901,218552585,Pupiales,2.3.2.02.02.009,"SERVICIOS PARA LA COMUNIDAD, SOCIALES Y PERSONALES",GASTOS,INVERSION,ADQUISICION DE BIENES Y SERVICIOS,ADQUISICIONES DIFERENTES DE ACTIVOS,ADQUISICION DE SERVICIOS,"SERVICIOS PARA LA COMUNIDAD, SOCIALES Y PERSONALES",No Aplica,No Aplica,No Aplica,No Aplica,CUENTAS POR PAGAR,ENTIDADES TERRITORIALES - ADMINISTRACION CENTRAL,SERVICIO DE EDUCACION INFORMAL4501049,No Aplica,NO DEFINIDO,,,2023,Tercer Trimestre,,,,SERVICIOS DE LOS ORGANOS DE CONTROL Y OTRAS INSTITUCIONES,SGP-PROPOSITO GENERAL-PROPOSITO GENERAL LIBRE INVERSION,,,,,,NO APLICA,,,,,,CON SITUACION DE FONDOS,NO APLICA,NO APLICA,1047488.0,1047488.0,1047488.0
15035548,20230901,218552585,Pupiales,2.3.2.02.02.006,"COMERCIO Y DISTRIBUCION; ALOJAMIENTO; SERVICIOS DE SUMINISTRO DE COMIDAS Y BEBIDAS; SERVICIOS DE TRANSPORTE; Y SERVICIOS DE DISTRIBUCION DE ELECTRICIDAD, GAS Y AGUA",GASTOS,INVERSION,ADQUISICION DE BIENES Y SERVICIOS,ADQUISICIONES DIFERENTES DE ACTIVOS,ADQUISICION DE SERVICIOS,"COMERCIO Y DISTRIBUCION; ALOJAMIENTO; SERVICIOS DE SUMINISTRO DE COMIDAS Y BEBIDAS; SERVICIOS DE TRANSPORTE; Y SERVICIOS DE DISTRIBUCION DE ELECTRICIDAD, GAS Y AGUA",No Aplica,No Aplica,No Aplica,No Aplica,VIGENCIA ACTUAL,ENTIDADES TERRITORIALES - ADMINISTRACION CENTRAL,SERVICIO DE APOYO A LA PERMANENCIA CON TRANSPORTE ESCOLAR,No Aplica,NO DEFINIDO,,,2023,Tercer Trimestre,,,,OTRO COMERCIO AL POR MENOR DE CAFE TE Y OTRAS ESPECIAS NO REALIZADOS EN ESTABLECIMIENTOS,R.B. SGP-EDUCACION-CALIDAD  POR MATRICULA OFICIAL,,,,,,NO APLICA,,,,,,CON SITUACION DE FONDOS,NO APLICA,NO APLICA,27125468.0,27125468.0,27125468.0
15051173,20230901,218552585,Pupiales,2.3.1.01.02.007,APORTES AL SENA,GASTOS,INVERSION,GASTOS DE PERSONAL,PLANTA DE PERSONAL PERMANENTE,CONTRIBUCIONES INHERENTES A LA NOMINA,APORTES AL SENA,No Aplica,No Aplica,No Aplica,No Aplica,VIGENCIA ACTUAL,ENTIDADES TERRITORIALES - ADMINISTRACION CENTRAL,SERVICIO DE JUSTICIA A LOS CIUDADANOS,No Aplica,NO DEFINIDO,,,2023,Tercer Trimestre,,,,NO APLICA,SGP-PROPOSITO GENERAL-PROPOSITO GENERAL LIBRE INVERSION,,,,,,NO APLICA,,,,,,CON SITUACION DE FONDOS,SERVICIO NACIONAL DE APRENDIZAJE,NO APLICA,407728.0,407728.0,407728.0
15054678,20230901,218552585,Pupiales,2.3.2.01.01.001.03.02,"AUTOPISTAS, CARRETERAS, CALLES",GASTOS,INVERSION,ADQUISICION DE BIENES Y SERVICIOS,ADQUISICION DE ACTIVOS NO FINANCIEROS,ACTIVOS FIJOS,EDIFICACIONES Y ESTRUCTURAS,OTRAS ESTRUCTURAS,"AUTOPISTAS, CARRETERAS, CALLES",No Aplica,No Aplica,RESERVAS,ENTIDADES TERRITORIALES - ADMINISTRACION CENTRAL,SERVICIO DE OPERACION DE VIAS PRIMARIAS,No Aplica,NO DEFINIDO,,,2023,Tercer Trimestre,,,,NO APLICA,SGP-PROPOSITO GENERAL-PROPOSITO GENERAL LIBRE INVERSION,,,,,,NO APLICA,,,,,,CON SITUACION DE FONDOS,NO APLICA,NO APLICA,5975850.0,0.0,0.0
15056440,20230901,218552585,Pupiales,2.2.2.01.02.002,ENTIDADES FINANCIERAS,GASTOS,SERVICIO DE LA DEUDA PUBLICA,SERVICIO DE LA DEUDA PUBLICA INTERNA,PRINCIPAL,PRESTAMOS,ENTIDADES FINANCIERAS,No Aplica,No Aplica,No Aplica,No Aplica,VIGENCIA ACTUAL,ENTIDADES TERRITORIALES - ADMINISTRACION CENTRAL,NO DEFINIDO,No Aplica,NO DEFINIDO,,,2023,Tercer Trimestre,,,,NO DEFINIDO,NO DEFINIDO,,,,,,NO DEFINIDO,,,,,,NO DEFINIDO,NO DEFINIDO,NO DEFINIDO,280785753.0,280785753.0,280785753.0
15058499,20230901,218552585,Pupiales,2.1.1.01.03.001.02,INDEMNIZACION POR VACACIONES,GASTOS,FUNCIONAMIENTO,GASTOS DE PERSONAL,PLANTA DE PERSONAL PERMANENTE,REMUNERACIONES NO CONSTITUTIVAS DE FACTOR SALARIAL,PRESTACIONES SOCIALES,INDEMNIZACION POR VACACIONES,No Aplica,No Aplica,No Aplica,VIGENCIA ACTUAL,ENTIDADES TERRITORIALES - ADMINISTRACION CENTRAL,NO APLICA,No Aplica,NO DEFINIDO,,,2023,Tercer Trimestre,,,,NO APLICA,"SGP-PROPOSITO GENERAL-LIBRE DESTINACION MUNICIPIOS CATEGORIAS 4, 5 Y 6",,,,,,NO APLICA,,,,,,CON SITUACION DE FONDOS,NO APLICA,NO APLICA,11651548.0,11651548.0,11651548.0
15059208,20230901,218552585,Pupiales,2.1.2.02.02.007,SERVICIOS FINANCIEROS Y SERVICIOS CONEXOS; SERVICIOS INMOBILIARIOS; Y SERVICIOS DE ARRENDAMIENTO Y LEASING,GASTOS,FUNCIONAMIENTO,ADQUISICION DE BIENES Y SERVICIOS,ADQUISICIONES DIFERENTES DE ACTIVOS,ADQUISICION DE SERVICIOS,SERVICIOS FINANCIEROS Y SERVICIOS CONEXOS; SERVICIOS INMOBILIARIOS; Y SERVICIOS DE ARRENDAMIENTO Y LEASING,No Aplica,No Aplica,No Aplica,No Aplica,VIGENCIA ACTUAL,ENTIDADES TERRITORIALES - ADMINISTRACION CENTRAL,NO APLICA,No Aplica,NO DEFINIDO,,,2023,Tercer Trimestre,,,,OTROS SERVICIOS AUXILIARES RELACIONADOS CON LA BANCA DE INVERSION N C P,"SGP-PROPOSITO GENERAL-LIBRE DESTINACION MUNICIPIOS CATEGORIAS 4, 5 Y 6",,,,,,NO APLICA,,,,,,CON SITUACION DE FONDOS,BANCO AGRARIO DE COLOMBIA,NO APLICA,363547.0,363547.0,363547.0
15059434,20230901,218552585,Pupiales,2.1.2,ADQUISICION DE BIENES Y SERVICIOS,GASTOS,FUNCIONAMIENTO,ADQUISICION DE BIENES Y SERVICIOS,No Aplica,No Aplica,No Aplica,No Aplica,No Aplica,No Aplica,No Aplica,VIGENCIA ACTUAL,ENTIDADES TERRITORIALES - ADMINISTRACION CENTRAL,NO DEFINIDO,No Aplica,NO DEFINIDO,,,2023,Tercer Trimestre,,,,NO DEFINIDO,NO DEFINIDO,,,,,,NO DEFINIDO,,,,,,NO DEFINIDO,NO DEFINIDO,NO DEFINIDO,356272111.0,320615914.0,320615914.0
15062722,20230901,218552585,Pupiales,2.3.2.02.02.009,"SERVICIOS PARA LA COMUNIDAD, SOCIALES Y PERSONALES",GASTOS,INVERSION,ADQUISICION DE BIENES Y SERVICIOS,ADQUISICIONES DIFERENTES DE ACTIVOS,ADQUISICION DE SERVICIOS,"SERVICIOS PARA LA COMUNIDAD, SOCIALES Y PERSONALES",No Aplica,No Aplica,No Aplica,No Aplica,VIGENCIA ACTUAL,ENTIDADES TERRITORIALES - ADMINISTRACION CENTRAL,SERVICIO DE EDUCACION INFORMAL4501049,No Aplica,NO DEFINIDO,,,2023,Tercer Trimestre,,,,SERVICIOS DE LOS ORGANOS DE CONTROL Y OTRAS INSTITUCIONES,R.B. MULTAS CODIGO NACIONAL DE POLICIA Y CONVIVENCIA,,,,,,NO APLICA,,,,,,CON SITUACION DE FONDOS,NO APLICA,NO APLICA,39360923.0,39360923.0,39360923.0
15065086,20230901,218552585,Pupiales,2.1.1.01.02.001,APORTES A LA SEGURIDAD SOCIAL EN PENSIONES,GASTOS,FUNCIONAMIENTO,GASTOS DE PERSONAL,PLANTA DE PERSONAL PERMANENTE,CONTRIBUCIONES INHERENTES A LA NOMINA,APORTES A LA SEGURIDAD SOCIAL EN PENSIONES,No Aplica,No Aplica,No Aplica,No Aplica,VIGENCIA ACTUAL,ENTIDADES TERRITORIALES - ADMINISTRACION CENTRAL,NO APLICA,No Aplica,NO DEFINIDO,,,2023,Tercer Trimestre,,,,NO APLICA,"SGP-PROPOSITO GENERAL-LIBRE DESTINACION MUNICIPIOS CATEGORIAS 4, 5 Y 6",,,,,,NO APLICA,,,,,,CON SITUACION DE FONDOS,NO APLICA,NO APLICA,32457454.0,32457454.0,32457454.0
15073599,20230901,218552585,Pupiales,2.3.2.02.02.009,"SERVICIOS PARA LA COMUNIDAD, SOCIALES Y PERSONALES",GASTOS,INVERSION,ADQUISICION DE BIENES Y SERVICIOS,ADQUISICIONES DIFERENTES DE ACTIVOS,ADQUISICION DE SERVICIOS,"SERVICIOS PARA LA COMUNIDAD, SOCIALES Y PERSONALES",No Aplica,No Aplica,No Aplica,No Aplica,VIGENCIA ACTUAL,ENTIDADES TERRITORIALES - ADMINISTRACION CENTRAL,SERVICIO DE AYUDA Y ATENCION HUMANITARIA,No Aplica,NO DEFINIDO,,,2023,Tercer Trimestre,,,,SERVICIOS DE LOS ORGANOS DE CONTROL Y OTRAS INSTITUCIONES,SGP-PROPOSITO GENERAL-PROPOSITO GENERAL LIBRE INVERSION,,,,,,NO APLICA,,,,,,CON SITUACION DE FONDOS,NO APLICA,NO APLICA,28055900.0,28055900.0,28055900.0
15075446,20230901,218552585,Pupiales,2.2.2.02.02.002,ENTIDADES FINANCIERAS,GASTOS,SERVICIO DE LA DEUDA PUBLICA,SERVICIO DE LA DEUDA PUBLICA INTERNA,INTERESES,PRESTAMOS,ENTIDADES FINANCIERAS,No Aplica,No Aplica,No Aplica,No Aplica,VIGENCIA ACTUAL,ENTIDADES TERRITORIALES - ADMINISTRACION CENTRAL,NO DEFINIDO,No Aplica,NO DEFINIDO,,,2023,Tercer Trimestre,,,,NO DEFINIDO,NO DEFINIDO,,,,,,NO DEFINIDO,,,,,,NO DEFINIDO,NO DEFINIDO,NO DEFINIDO,154058527.0,154058527.0,154058527.0
15077928,20230901,218552585,Pupiales,2.3.1.01.02,CONTRIBUCIONES INHERENTES A LA NOMINA,GASTOS,INVERSION,GASTOS DE PERSONAL,PLANTA DE PERSONAL PERMANENTE,CONTRIBUCIONES INHERENTES A LA NOMINA,No Aplica,No Aplica,No Aplica,No Aplica,No Aplica,VIGENCIA ACTUAL,ENTIDADES TERRITORIALES - ADMINISTRACION CENTRAL,NO DEFINIDO,No Aplica,NO DEFINIDO,,,2023,Tercer Trimestre,,,,NO DEFINIDO,NO DEFINIDO,,,,,,NO DEFINIDO,,,,,,NO DEFINIDO,NO DEFINIDO,NO DEFINIDO,38627326.0,38627326.0,38627326.0
15080312,20230901,218552585,Pupiales,2.3.1.01.01.001.01,SUELDO BASICO,GASTOS,INVERSION,GASTOS DE PERSONAL,PLANTA DE PERSONAL PERMANENTE,FACTORES CONSTITUTIVOS DE SALARIO,FACTORES SALARIALES COMUNES,SUELDO BASICO,No Aplica,No Aplica,No Aplica,VIGENCIA ACTUAL,ENTIDADES TERRITORIALES - ADMINISTRACION CENTRAL,SERVICIO DE JUSTICIA A LOS CIUDADANOS,No Aplica,NO DEFINIDO,,,2023,Tercer Trimestre,,,,NO APLICA,SGP-PROPOSITO GENERAL-PROPOSITO GENERAL LIBRE INVERSION,,,,,,NO APLICA,,,,,,CON SITUACION DE FONDOS,NO APLICA,NO APLICA,24870592.0,24870592.0,24870592.0
15091852,20230901,218552585,Pupiales,2.1.1.01.01.001.04,SUBSIDIO DE ALIMENTACION,GASTOS,FUNCIONAMIENTO,GASTOS DE PERSONAL,PLANTA DE PERSONAL PERMANENTE,FACTORES CONSTITUTIVOS DE SALARIO,FACTORES SALARIALES COMUNES,SUBSIDIO DE ALIMENTACION,No Aplica,No Aplica,No Aplica,VIGENCIA ACTUAL,ENTIDADES TERRITORIALES - ADMINISTRACION CENTRAL,NO APLICA,No Aplica,NO DEFINIDO,,,2023,Tercer Trimestre,,,,NO APLICA,"SGP-PROPOSITO GENERAL-LIBRE DESTINACION MUNICIPIOS CATEGORIAS 4, 5 Y 6",,,,,,NO APLICA,,,,,,CON SITUACION DE FONDOS,NO APLICA,NO APLICA,7085488.0,7085488.0,7085488.0
15092559,20230901,218552585,Pupiales,2.3.1.01.02.001,APORTES A LA SEGURIDAD SOCIAL EN PENSIONES,GASTOS,INVERSION,GASTOS DE PERSONAL,PLANTA DE PERSONAL PERMANENTE,CONTRIBUCIONES INHERENTES A LA NOMINA,APORTES A LA SEGURIDAD SOCIAL EN PENSIONES,No Aplica,No Aplica,No Aplica,No Aplica,VIGENCIA ACTUAL,ENTIDADES TERRITORIALES - ADMINISTRACION CENTRAL,SERVICIO DE ASISTENCIA TECNICA AGROPECUARIA DIRIGIDA A PEQUEÑOS PRODUCTORES,No Aplica,NO DEFINIDO,,,2023,Tercer Trimestre,,,,NO APLICA,SGP-PROPOSITO GENERAL-PROPOSITO GENERAL LIBRE INVERSION,,,,,,NO APLICA,,,,,,CON SITUACION DE FONDOS,NO APLICA,NO APLICA,1207200.0,1207200.0,1207200.0
15095369,20230901,218552585,Pupiales,2.3.1.01,PLANTA DE PERSONAL PERMANENTE,GASTOS,INVERSION,GASTOS DE PERSONAL,PLANTA DE PERSONAL PERMANENTE,No Aplica,No Aplica,No Aplica,No Aplica,No Aplica,No Aplica,VIGENCIA ACTUAL,ENTIDADES TERRITORIALES - ADMINISTRACION CENTRAL,NO DEFINIDO,No Aplica,NO DEFINIDO,,,2023,Tercer Trimestre,,,,NO DEFINIDO,NO DEFINIDO,,,,,,NO DEFINIDO,,,,,,NO DEFINIDO,NO DEFINIDO,NO DEFINIDO,223690352.0,223690352.0,223690352.0
15096949,20230901,218552585,Pupiales,2.3.2.01,ADQUISICION DE ACTIVOS NO FINANCIEROS,GASTOS,INVERSION,ADQUISICION DE BIENES Y SERVICIOS,ADQUISICION DE ACTIVOS NO FINANCIEROS,No Aplica,No Aplica,No Aplica,No Aplica,No Aplica,No Aplica,VIGENCIA ACTUAL,ENTIDADES TERRITORIALES - ADMINISTRACION CENTRAL,NO DEFINIDO,No Aplica,NO DEFINIDO,,,2023,Tercer Trimestre,,,,NO DEFINIDO,NO DEFINIDO,,,,,,NO DEFINIDO,,,,,,NO DEFINIDO,NO DEFINIDO,NO DEFINIDO,356400803.0,308185197.0,308185197.0
15101468,20230901,218552585,Pupiales,2.1.2.02.02.009,"SERVICIOS PARA LA COMUNIDAD, SOCIALES Y PERSONALES",GASTOS,FUNCIONAMIENTO,ADQUISICION DE BIENES Y SERVICIOS,ADQUISICIONES DIFERENTES DE ACTIVOS,ADQUISICION DE SERVICIOS,"SERVICIOS PARA LA COMUNIDAD, SOCIALES Y PERSONALES",No Aplica,No Aplica,No Aplica,No Aplica,CUENTAS POR PAGAR,ENTIDADES TERRITORIALES - ADMINISTRACION CENTRAL,NO APLICA,No Aplica,NO DEFINIDO,,,2023,Tercer Trimestre,,,,SERVICIOS DE LOS ORGANOS DE CONTROL Y OTRAS INSTITUCIONES,INGRESOS CORRIENTES DE LIBRE DESTINACION,,,,,,NO APLICA,,,,,,CON SITUACION DE FONDOS,NO APLICA,NO APLICA,2200000.0,2200000.0,0.0
15108664,20230901,218552585,Pupiales,2.3.1.01.03.001.03,BONIFICACION ESPECIAL DE RECREACION,GASTOS,INVERSION,GASTOS DE PERSONAL,PLANTA DE PERSONAL PERMANENTE,REMUNERACIONES NO CONSTITUTIVAS DE FACTOR SALARIAL,PRESTACIONES SOCIALES,BONIFICACION ESPECIAL DE RECREACION,No Aplica,No Aplica,No Aplica,VIGENCIA ACTUAL,ENTIDADES TERRITORIALES - ADMINISTRACION CENTRAL,SERVICIO DE ASISTENCIA TECNICA AGROPECUARIA DIRIGIDA A PEQUEÑOS PRODUCTORES,No Aplica,NO DEFINIDO,,,2023,Tercer Trimestre,,,,NO APLICA,SGP-PROPOSITO GENERAL-PROPOSITO GENERAL LIBRE INVERSION,,,,,,NO APLICA,,,,,,CON SITUACION DE FONDOS,NO APLICA,NO APLICA,125731.0,125731.0,125731.0
15109856,20230901,218552585,Pupiales,2.3.2.02.02.005,CONSTRUCCION Y SERVICIOS DE LA CONSTRUCCION,GASTOS,INVERSION,ADQUISICION DE BIENES Y SERVICIOS,ADQUISICIONES DIFERENTES DE ACTIVOS,ADQUISICION DE SERVICIOS,CONSTRUCCION Y SERVICIOS DE LA CONSTRUCCION,No Aplica,No Aplica,No Aplica,No Aplica,RESERVAS,ENTIDADES TERRITORIALES - ADMINISTRACION CENTRAL,SEDES CONSTRUIDAS,No Aplica,NO DEFINIDO,,,2023,Tercer Trimestre,,,,OTRAS OBRAS DE INGENIERIA CIVIL,OTRAS CONTRIBUCIONES CON DESTINACION ESPECIFICA LEGAL,,,,,,NO APLICA,,,,,,CON SITUACION DE FONDOS,NO APLICA,NO APLICA,917884770.0,917884770.0,917884770.0
15111215,20230901,218552585,Pupiales,2.1.1.01.02.009,APORTES A ESCUELAS INDUSTRIALES E INSTITUTOS TECNICOS,GASTOS,FUNCIONAMIENTO,GASTOS DE PERSONAL,PLANTA DE PERSONAL PERMANENTE,CONTRIBUCIONES INHERENTES A LA NOMINA,APORTES A ESCUELAS INDUSTRIALES E INSTITUTOS TECNICOS,No Aplica,No Aplica,No Aplica,No Aplica,VIGENCIA ACTUAL,ENTIDADES TERRITORIALES - ADMINISTRACION CENTRAL,NO APLICA,No Aplica,NO DEFINIDO,,,2023,Tercer Trimestre,,,,NO APLICA,"SGP-PROPOSITO GENERAL-LIBRE DESTINACION MUNICIPIOS CATEGORIAS 4, 5 Y 6",,,,,,NO APLICA,,,,,,CON SITUACION DE FONDOS,MINISTERIO DE EDUCACION NACIONAL,NO APLICA,3292639.0,3292639.0,3292639.0
15115818,20230901,218552585,Pupiales,2.1.1.01.02.002,APORTES A LA SEGURIDAD SOCIAL EN SALUD,GASTOS,FUNCIONAMIENTO,GASTOS DE PERSONAL,PLANTA DE PERSONAL PERMANENTE,CONTRIBUCIONES INHERENTES A LA NOMINA,APORTES A LA SEGURIDAD SOCIAL EN SALUD,No Aplica,No Aplica,No Aplica,No Aplica,VIGENCIA ACTUAL,ENTIDADES TERRITORIALES - ADMINISTRACION CENTRAL,NO APLICA,No Aplica,NO DEFINIDO,,,2023,Tercer Trimestre,,,,NO APLICA,INGRESOS CORRIENTES DE LIBRE DESTINACION,,,,,,NO APLICA,,,,,,CON SITUACION DE FONDOS,E.P.S. ENTIDAD PROMOTORA DE SALUD MALLAMAS INDIGENA,NO APLICA,5912748.0,5912748.0,5912748.0
15126757,20230901,218552585,Pupiales,2.1.3.13.01,FALLOS NACIONALES,GASTOS,FUNCIONAMIENTO,TRANSFERENCIAS CORRIENTES,SENTENCIAS Y CONCILIACIONES,FALLOS NACIONALES,No Aplica,No Aplica,No Aplica,No Aplica,No Aplica,VIGENCIA ACTUAL,ENTIDADES TERRITORIALES - ADMINISTRACION CENTRAL,NO DEFINIDO,No Aplica,NO DEFINIDO,,,2023,Tercer Trimestre,,,,NO DEFINIDO,NO DEFINIDO,,,,,,NO DEFINIDO,,,,,,NO DEFINIDO,NO DEFINIDO,NO DEFINIDO,10546000.0,10546000.0,10546000.0
15127725,20230901,218552585,Pupiales,2.3.2.02.02.006,"COMERCIO Y DISTRIBUCION; ALOJAMIENTO; SERVICIOS DE SUMINISTRO DE COMIDAS Y BEBIDAS; SERVICIOS DE TRANSPORTE; Y SERVICIOS DE DISTRIBUCION DE ELECTRICIDAD, GAS Y AGUA",GASTOS,INVERSION,ADQUISICION DE BIENES Y SERVICIOS,ADQUISICIONES DIFERENTES DE ACTIVOS,ADQUISICION DE SERVICIOS,"COMERCIO Y DISTRIBUCION; ALOJAMIENTO; SERVICIOS DE SUMINISTRO DE COMIDAS Y BEBIDAS; SERVICIOS DE TRANSPORTE; Y SERVICIOS DE DISTRIBUCION DE ELECTRICIDAD, GAS Y AGUA",No Aplica,No Aplica,No Aplica,No Aplica,VIGENCIA ACTUAL,ENTIDADES TERRITORIALES - ADMINISTRACION CENTRAL,SERVICIOS CONEXOS A LA PRESTACION DEL SERVICIO EDUCATIVO OFICIAL,No Aplica,NO DEFINIDO,,,2023,Tercer Trimestre,,,,OTRO COMERCIO AL POR MENOR DE CAFE TE Y OTRAS ESPECIAS NO REALIZADOS EN ESTABLECIMIENTOS,SGP-EDUCACION-CALIDAD  POR MATRICULA OFICIAL,,,,,,NO APLICA,,,,,,CON SITUACION DE FONDOS,NO APLICA,NO APLICA,2632900.0,2632900.0,2632900.0
15132214,20230901,218552585,Pupiales,2.1.2.02,ADQUISICIONES DIFERENTES DE ACTIVOS,GASTOS,FUNCIONAMIENTO,ADQUISICION DE BIENES Y SERVICIOS,ADQUISICIONES DIFERENTES DE ACTIVOS,No Aplica,No Aplica,No Aplica,No Aplica,No Aplica,No Aplica,CUENTAS POR PAGAR,ENTIDADES TERRITORIALES - ADMINISTRACION CENTRAL,NO DEFINIDO,No Aplica,NO DEFINIDO,,,2023,Tercer Trimestre,,,,NO DEFINIDO,NO DEFINIDO,,,,,,NO DEFINIDO,,,,,,NO DEFINIDO,NO DEFINIDO,NO DEFINIDO,2200000.0,2200000.0,0.0
15134771,20230901,218552585,Pupiales,2.3.2.02.02.006,"COMERCIO Y DISTRIBUCION; ALOJAMIENTO; SERVICIOS DE SUMINISTRO DE COMIDAS Y BEBIDAS; SERVICIOS DE TRANSPORTE; Y SERVICIOS DE DISTRIBUCION DE ELECTRICIDAD, GAS Y AGUA",GASTOS,INVERSION,ADQUISICION DE BIENES Y SERVICIOS,ADQUISICIONES DIFERENTES DE ACTIVOS,ADQUISICION DE SERVICIOS,"COMERCIO Y DISTRIBUCION; ALOJAMIENTO; SERVICIOS DE SUMINISTRO DE COMIDAS Y BEBIDAS; SERVICIOS DE TRANSPORTE; Y SERVICIOS DE DISTRIBUCION DE ELECTRICIDAD, GAS Y AGUA",No Aplica,No Aplica,No Aplica,No Aplica,VIGENCIA ACTUAL,ENTIDADES TERRITORIALES - ADMINISTRACION CENTRAL,REDES DE ALUMBRADO PUBLICO CON MANTENIMIENTO,No Aplica,NO DEFINIDO,,,2023,Tercer Trimestre,,,,OTRO COMERCIO AL POR MENOR DE CAFE TE Y OTRAS ESPECIAS NO REALIZADOS EN ESTABLECIMIENTOS,SGP-PROPOSITO GENERAL-PROPOSITO GENERAL LIBRE INVERSION,,,,,,NO APLICA,,,,,,CON SITUACION DE FONDOS,E.S.P. CENTRALES ELECTRICAS DE NARIÑO S.A.,NO APLICA,350000000.0,344586893.0,344586893.0
15148053,20230901,218552585,Pupiales,2.3.1.01.02.006,APORTES AL ICBF,GASTOS,INVERSION,GASTOS DE PERSONAL,PLANTA DE PERSONAL PERMANENTE,CONTRIBUCIONES INHERENTES A LA NOMINA,APORTES AL ICBF,No Aplica,No Aplica,No Aplica,No Aplica,VIGENCIA ACTUAL,ENTIDADES TERRITORIALES - ADMINISTRACION CENTRAL,SERVICIO DE ASISTENCIA TECNICA AGROPECUARIA DIRIGIDA A PEQUEÑOS PRODUCTORES,No Aplica,NO DEFINIDO,,,2023,Tercer Trimestre,,,,NO APLICA,SGP-PROPOSITO GENERAL-PROPOSITO GENERAL LIBRE INVERSION,,,,,,NO APLICA,,,,,,CON SITUACION DE FONDOS,INSTITUTO COLOMBIANO DE BIENESTAR FAMILIAR,NO APLICA,433433.0,433433.0,433433.0
15149881,20230901,218552585,Pupiales,2.3.2.02.02.009,"SERVICIOS PARA LA COMUNIDAD, SOCIALES Y PERSONALES",GASTOS,INVERSION,ADQUISICION DE BIENES Y SERVICIOS,ADQUISICIONES DIFERENTES DE ACTIVOS,ADQUISICION DE SERVICIOS,"SERVICIOS PARA LA COMUNIDAD, SOCIALES Y PERSONALES",No Aplica,No Aplica,No Aplica,No Aplica,VIGENCIA ACTUAL,ENTIDADES TERRITORIALES - ADMINISTRACION CENTRAL,"SERVICIO DE APOYO EN TECNOLOGIAS DE LA INFORMACION Y LAS COMUNICACIONES PARA LA EDUCACION BASICA, PRIMARIA Y SECUNDARIA",No Aplica,NO DEFINIDO,,,2023,Tercer Trimestre,,,,SERVICIOS DE LOS ORGANOS DE CONTROL Y OTRAS INSTITUCIONES,SGP-PROPOSITO GENERAL-PROPOSITO GENERAL LIBRE INVERSION,,,,,,NO APLICA,,,,,,CON SITUACION DE FONDOS,NO APLICA,NO APLICA,14600000.0,13200000.0,13200000.0
15154229,20230901,218552585,Pupiales,2.3.1.01.02.004,APORTES A CAJAS DE COMPENSACION FAMILIAR,GASTOS,INVERSION,GASTOS DE PERSONAL,PLANTA DE PERSONAL PERMANENTE,CONTRIBUCIONES INHERENTES A LA NOMINA,APORTES A CAJAS DE COMPENSACION FAMILIAR,No Aplica,No Aplica,No Aplica,No Aplica,VIGENCIA ACTUAL,ENTIDADES TERRITORIALES - ADMINISTRACION CENTRAL,SERVICIO DE JUSTICIA A LOS CIUDADANOS,No Aplica,NO DEFINIDO,,,2023,Tercer Trimestre,,,,NO APLICA,SGP-PROPOSITO GENERAL-PROPOSITO GENERAL LIBRE INVERSION,,,,,,NO APLICA,,,,,,CON SITUACION DE FONDOS,NO APLICA,NO APLICA,3245799.0,3245799.0,3245799.0
15154264,20230901,218552585,Pupiales,2.1.2.02.02.007,SERVICIOS FINANCIEROS Y SERVICIOS CONEXOS; SERVICIOS INMOBILIARIOS; Y SERVICIOS DE ARRENDAMIENTO Y LEASING,GASTOS,FUNCIONAMIENTO,ADQUISICION DE BIENES Y SERVICIOS,ADQUISICIONES DIFERENTES DE ACTIVOS,ADQUISICION DE SERVICIOS,SERVICIOS FINANCIEROS Y SERVICIOS CONEXOS; SERVICIOS INMOBILIARIOS; Y SERVICIOS DE ARRENDAMIENTO Y LEASING,No Aplica,No Aplica,No Aplica,No Aplica,VIGENCIA ACTUAL,ENTIDADES TERRITORIALES - ADMINISTRACION CENTRAL,NO APLICA,No Aplica,NO DEFINIDO,,,2023,Tercer Trimestre,,,,OTROS SERVICIOS AUXILIARES RELACIONADOS CON LA BANCA DE INVERSION N C P,"SGP-PROPOSITO GENERAL-LIBRE DESTINACION MUNICIPIOS CATEGORIAS 4, 5 Y 6",,,,,,NO APLICA,,,,,,CON SITUACION DE FONDOS,LA PREVISORA S.A. (COMPAÑIA DE SEGUROS GENERALES),NO APLICA,7512500.0,0.0,0.0
15154455,20230901,218552585,Pupiales,2.3.1.01.02.003,APORTES DE CESANTIAS,GASTOS,INVERSION,GASTOS DE PERSONAL,PLANTA DE PERSONAL PERMANENTE,CONTRIBUCIONES INHERENTES A LA NOMINA,APORTES DE CESANTIAS,No Aplica,No Aplica,No Aplica,No Aplica,CUENTAS POR PAGAR,ENTIDADES TERRITORIALES - ADMINISTRACION CENTRAL,NO APLICA,No Aplica,NO DEFINIDO,,,2023,Tercer Trimestre,,,,NO APLICA,INGRESOS CORRIENTES DE LIBRE DESTINACION,,,,,,NO APLICA,,,,,,CON SITUACION DE FONDOS,NO APLICA,NO APLICA,15810000.0,15810000.0,15810000.0
15155536,20230901,218552585,Pupiales,2.3.2.01.01.001.02.11,INSTALACIONES RECREATIVAS,GASTOS,INVERSION,ADQUISICION DE BIENES Y SERVICIOS,ADQUISICION DE ACTIVOS NO FINANCIEROS,ACTIVOS FIJOS,EDIFICACIONES Y ESTRUCTURAS,EDIFICACIONES DISTINTAS A VIVIENDAS,INSTALACIONES RECREATIVAS,No Aplica,No Aplica,VIGENCIA ACTUAL,ENTIDADES TERRITORIALES - ADMINISTRACION CENTRAL,CANCHAS MULTIFUNCIONALES MANTENIDAS,No Aplica,NO DEFINIDO,,,2023,Tercer Trimestre,,,,NO APLICA,SGP-PROPOSITO GENERAL-DEPORTE Y RECREACION,,,,,,NO APLICA,,,,,,CON SITUACION DE FONDOS,NO APLICA,NO APLICA,4653088.0,4653088.0,4653088.0
15168653,20230901,218552585,Pupiales,2.3.2.02.02.009,"SERVICIOS PARA LA COMUNIDAD, SOCIALES Y PERSONALES",GASTOS,INVERSION,ADQUISICION DE BIENES Y SERVICIOS,ADQUISICIONES DIFERENTES DE ACTIVOS,ADQUISICION DE SERVICIOS,"SERVICIOS PARA LA COMUNIDAD, SOCIALES Y PERSONALES",No Aplica,No Aplica,No Aplica,No Aplica,VIGENCIA ACTUAL,ENTIDADES TERRITORIALES - ADMINISTRACION CENTRAL,SERVICIO DE ATENCION EN SALUD A LA POBLACION,No Aplica,NO DEFINIDO,,,2023,Tercer Trimestre,,,,SERVICIOS DE LOS ORGANOS DE CONTROL Y OTRAS INSTITUCIONES,DERECHOS POR LA EXPLOTACION JUEGOS DE SUERTE Y AZAR,,,,,,NO APLICA,,,,,,SIN SITUACION DE FONDOS,NO APLICA,NO APLICA,157973044.0,157973044.0,157973044.0
15172341,20230901,218552585,Pupiales,2.3.2.02.02.009,"SERVICIOS PARA LA COMUNIDAD, SOCIALES Y PERSONALES",GASTOS,INVERSION,ADQUISICION DE BIENES Y SERVICIOS,ADQUISICIONES DIFERENTES DE ACTIVOS,ADQUISICION DE SERVICIOS,"SERVICIOS PARA LA COMUNIDAD, SOCIALES Y PERSONALES",No Aplica,No Aplica,No Aplica,No Aplica,VIGENCIA ACTUAL,ENTIDADES TERRITORIALES - ADMINISTRACION CENTRAL,SERVICIO DE ASISTENCIA TECNICA4599031,No Aplica,NO DEFINIDO,,,2023,Tercer Trimestre,,,,SERVICIOS DE LOS ORGANOS DE CONTROL Y OTRAS INSTITUCIONES,SGP-PROPOSITO GENERAL-PROPOSITO GENERAL LIBRE INVERSION,,,,,,NO APLICA,,,,,,CON SITUACION DE FONDOS,NO APLICA,NO APLICA,453477812.0,302333984.0,289733984.0
15175861,20230901,218552585,Pupiales,2.1.1.01.01,FACTORES CONSTITUTIVOS DE SALARIO,GASTOS,FUNCIONAMIENTO,GASTOS DE PERSONAL,PLANTA DE PERSONAL PERMANENTE,FACTORES CONSTITUTIVOS DE SALARIO,No Aplica,No Aplica,No Aplica,No Aplica,No Aplica,VIGENCIA ACTUAL,ENTIDADES TERRITORIALES - PERSONERIA,NO DEFINIDO,No Aplica,NO DEFINIDO,,,2023,Tercer Trimestre,,,,NO DEFINIDO,NO DEFINIDO,,,,,,NO DEFINIDO,,,,,,NO DEFINIDO,NO DEFINIDO,NO DEFINIDO,110040638.0,110040638.0,110040638.0
15176088,20230901,218552585,Pupiales,2.3.1.01.01.001.01,SUELDO BASICO,GASTOS,INVERSION,GASTOS DE PERSONAL,PLANTA DE PERSONAL PERMANENTE,FACTORES CONSTITUTIVOS DE SALARIO,FACTORES SALARIALES COMUNES,SUELDO BASICO,No Aplica,No Aplica,No Aplica,VIGENCIA ACTUAL,ENTIDADES TERRITORIALES - ADMINISTRACION CENTRAL,VIA TERCIARIA MEJORADA,No Aplica,NO DEFINIDO,,,2023,Tercer Trimestre,,,,NO APLICA,SGP-PROPOSITO GENERAL-PROPOSITO GENERAL LIBRE INVERSION,,,,,,NO APLICA,,,,,,CON SITUACION DE FONDOS,NO APLICA,NO APLICA,8035032.0,8035032.0,8035032.0
15178724,20230901,218552585,Pupiales,2.3.1.01.02.001,APORTES A LA SEGURIDAD SOCIAL EN PENSIONES,GASTOS,INVERSION,GASTOS DE PERSONAL,PLANTA DE PERSONAL PERMANENTE,CONTRIBUCIONES INHERENTES A LA NOMINA,APORTES A LA SEGURIDAD SOCIAL EN PENSIONES,No Aplica,No Aplica,No Aplica,No Aplica,VIGENCIA ACTUAL,ENTIDADES TERRITORIALES - ADMINISTRACION CENTRAL,VIA TERCIARIA MEJORADA,No Aplica,NO DEFINIDO,,,2023,Tercer Trimestre,,,,NO APLICA,INGRESOS CORRIENTES DE LIBRE DESTINACION,,,,,,NO APLICA,,,,,,CON SITUACION DE FONDOS,NO APLICA,NO APLICA,4033416.0,4033416.0,4033416.0
15179490,20230901,218552585,Pupiales,2.3.1.01.01.001.08.02,PRIMA DE VACACIONES,GASTOS,INVERSION,GASTOS DE PERSONAL,PLANTA DE PERSONAL PERMANENTE,FACTORES CONSTITUTIVOS DE SALARIO,FACTORES SALARIALES COMUNES,PRESTACIONES SOCIALES,PRIMA DE VACACIONES,No Aplica,No Aplica,VIGENCIA ACTUAL,ENTIDADES TERRITORIALES - ADMINISTRACION CENTRAL,VIA TERCIARIA MEJORADA,No Aplica,NO DEFINIDO,,,2023,Tercer Trimestre,,,,NO APLICA,INGRESOS CORRIENTES DE LIBRE DESTINACION,,,,,,NO APLICA,,,,,,CON SITUACION DE FONDOS,NO APLICA,NO APLICA,1676076.0,1676076.0,1676076.0
15184852,20230901,218552585,Pupiales,2.1.1,GASTOS DE PERSONAL,GASTOS,FUNCIONAMIENTO,GASTOS DE PERSONAL,No Aplica,No Aplica,No Aplica,No Aplica,No Aplica,No Aplica,No Aplica,VIGENCIA ACTUAL,ENTIDADES TERRITORIALES - CONCEJO,NO DEFINIDO,No Aplica,NO DEFINIDO,,,2023,Tercer Trimestre,,,,NO DEFINIDO,NO DEFINIDO,,,,,,NO DEFINIDO,,,,,,NO DEFINIDO,NO DEFINIDO,NO DEFINIDO,145573926.0,145573926.0,145573926.0
15197134,20230901,218552585,Pupiales,2.2.2.01.02.002.02.03,BANCA COMERCIAL,GASTOS,SERVICIO DE LA DEUDA PUBLICA,SERVICIO DE LA DEUDA PUBLICA INTERNA,PRINCIPAL,PRESTAMOS,ENTIDADES FINANCIERAS,BANCA COMERCIAL,BANCA COMERCIAL,No Aplica,No Aplica,VIGENCIA ACTUAL,ENTIDADES TERRITORIALES - ADMINISTRACION CENTRAL,NO APLICA,No Aplica,NO DEFINIDO,,,2023,Tercer Trimestre,,,,NO APLICA,"SGP-PROPOSITO GENERAL-LIBRE DESTINACION MUNICIPIOS CATEGORIAS 4, 5 Y 6",,,,,,NO APLICA,,,,,,CON SITUACION DE FONDOS,NO APLICA,NO APLICA,236124999.0,236124999.0,236124999.0
15206856,20230901,218552585,Pupiales,2.3.1.01.02.009,APORTES A ESCUELAS INDUSTRIALES E INSTITUTOS TECNICOS,GASTOS,INVERSION,GASTOS DE PERSONAL,PLANTA DE PERSONAL PERMANENTE,CONTRIBUCIONES INHERENTES A LA NOMINA,APORTES A ESCUELAS INDUSTRIALES E INSTITUTOS TECNICOS,No Aplica,No Aplica,No Aplica,No Aplica,VIGENCIA ACTUAL,ENTIDADES TERRITORIALES - ADMINISTRACION CENTRAL,SERVICIO DE JUSTICIA A LOS CIUDADANOS,No Aplica,NO DEFINIDO,,,2023,Tercer Trimestre,,,,NO APLICA,SGP-PROPOSITO GENERAL-PROPOSITO GENERAL LIBRE INVERSION,,,,,,NO APLICA,,,,,,CON SITUACION DE FONDOS,MINISTERIO DE EDUCACION NACIONAL,NO APLICA,813136.0,813136.0,813136.0
15210126,20230901,218552585,Pupiales,2.1.2.02.02.006,"COMERCIO Y DISTRIBUCION; ALOJAMIENTO; SERVICIOS DE SUMINISTRO DE COMIDAS Y BEBIDAS; SERVICIOS DE TRANSPORTE; Y SERVICIOS DE DISTRIBUCION DE ELECTRICIDAD, GAS Y AGUA",GASTOS,FUNCIONAMIENTO,ADQUISICION DE BIENES Y SERVICIOS,ADQUISICIONES DIFERENTES DE ACTIVOS,ADQUISICION DE SERVICIOS,"COMERCIO Y DISTRIBUCION; ALOJAMIENTO; SERVICIOS DE SUMINISTRO DE COMIDAS Y BEBIDAS; SERVICIOS DE TRANSPORTE; Y SERVICIOS DE DISTRIBUCION DE ELECTRICIDAD, GAS Y AGUA",No Aplica,No Aplica,No Aplica,No Aplica,VIGENCIA ACTUAL,ENTIDADES TERRITORIALES - ADMINISTRACION CENTRAL,NO APLICA,No Aplica,NO DEFINIDO,,,2023,Tercer Trimestre,,,,OTRO COMERCIO AL POR MENOR DE CAFE TE Y OTRAS ESPECIAS NO REALIZADOS EN ESTABLECIMIENTOS,"SGP-PROPOSITO GENERAL-LIBRE DESTINACION MUNICIPIOS CATEGORIAS 4, 5 Y 6",,,,,,NO APLICA,,,,,,CON SITUACION DE FONDOS,NO APLICA,NO APLICA,10000000.0,4605000.0,4605000.0
15211790,20230901,218552585,Pupiales,2.1.1.01.02.002,APORTES A LA SEGURIDAD SOCIAL EN SALUD,GASTOS,FUNCIONAMIENTO,GASTOS DE PERSONAL,PLANTA DE PERSONAL PERMANENTE,CONTRIBUCIONES INHERENTES A LA NOMINA,APORTES A LA SEGURIDAD SOCIAL EN SALUD,No Aplica,No Aplica,No Aplica,No Aplica,VIGENCIA ACTUAL,ENTIDADES TERRITORIALES - ADMINISTRACION CENTRAL,NO APLICA,No Aplica,NO DEFINIDO,,,2023,Tercer Trimestre,,,,NO APLICA,"SGP-PROPOSITO GENERAL-LIBRE DESTINACION MUNICIPIOS CATEGORIAS 4, 5 Y 6",,,,,,NO APLICA,,,,,,CON SITUACION DE FONDOS,NO APLICA,NO APLICA,6380000.0,6380000.0,6380000.0
15213061,20230901,218552585,Pupiales,2.1.1.01.01,FACTORES CONSTITUTIVOS DE SALARIO,GASTOS,FUNCIONAMIENTO,GASTOS DE PERSONAL,PLANTA DE PERSONAL PERMANENTE,FACTORES CONSTITUTIVOS DE SALARIO,No Aplica,No Aplica,No Aplica,No Aplica,No Aplica,VIGENCIA ACTUAL,ENTIDADES TERRITORIALES - ADMINISTRACION CENTRAL,NO DEFINIDO,No Aplica,NO DEFINIDO,,,2023,Tercer Trimestre,,,,NO DEFINIDO,NO DEFINIDO,,,,,,NO DEFINIDO,,,,,,NO DEFINIDO,NO DEFINIDO,NO DEFINIDO,459896756.0,459896756.0,459896756.0
15214909,20230901,218552585,Pupiales,2.3,INVERSION,GASTOS,INVERSION,No Aplica,No Aplica,No Aplica,No Aplica,No Aplica,No Aplica,No Aplica,No Aplica,RESERVAS,ENTIDADES TERRITORIALES - ADMINISTRACION CENTRAL,NO DEFINIDO,No Aplica,NO DEFINIDO,,,2023,Tercer Trimestre,,,,NO DEFINIDO,NO DEFINIDO,,,,,,NO DEFINIDO,,,,,,NO DEFINIDO,NO DEFINIDO,NO DEFINIDO,1140355793.0,1072929596.0,1072929596.0
15215822,20230901,218552585,Pupiales,2.3.2.02.02.009,"SERVICIOS PARA LA COMUNIDAD, SOCIALES Y PERSONALES",GASTOS,INVERSION,ADQUISICION DE BIENES Y SERVICIOS,ADQUISICIONES DIFERENTES DE ACTIVOS,ADQUISICION DE SERVICIOS,"SERVICIOS PARA LA COMUNIDAD, SOCIALES Y PERSONALES",No Aplica,No Aplica,No Aplica,No Aplica,RESERVAS,ENTIDADES TERRITORIALES - ADMINISTRACION CENTRAL,"SERVICIO DE APOYO FINANCIERO A LOS PLANES, PROGRAMAS Y PROYECTOS DE AGUA POTABLE Y SANEAMIENTO BASICO",No Aplica,NO DEFINIDO,,,2023,Tercer Trimestre,,,,SERVICIOS DE LOS ORGANOS DE CONTROL Y OTRAS INSTITUCIONES,SGP-AGUA POTABLE Y SANEAMIENTO BASICO,,,,,,NO APLICA,,,,,,CON SITUACION DE FONDOS,E.S.P. EMPRESA DE SERVICIOS PUBLICOS VARIOS DE PUPIALES,NO APLICA,12800000.0,12800000.0,12800000.0
15225407,20230901,218552585,Pupiales,2.1.2.02.01,MATERIALES Y SUMINISTROS,GASTOS,FUNCIONAMIENTO,ADQUISICION DE BIENES Y SERVICIOS,ADQUISICIONES DIFERENTES DE ACTIVOS,MATERIALES Y SUMINISTROS,No Aplica,No Aplica,No Aplica,No Aplica,No Aplica,VIGENCIA ACTUAL,ENTIDADES TERRITORIALES - ADMINISTRACION CENTRAL,NO DEFINIDO,No Aplica,NO DEFINIDO,,,2023,Tercer Trimestre,,,,NO DEFINIDO,NO DEFINIDO,,,,,,NO DEFINIDO,,,,,,NO DEFINIDO,NO DEFINIDO,NO DEFINIDO,49296060.0,49296060.0,49296060.0
15228592,20230901,218552585,Pupiales,2.3.2.02.02.009,"SERVICIOS PARA LA COMUNIDAD, SOCIALES Y PERSONALES",GASTOS,INVERSION,ADQUISICION DE BIENES Y SERVICIOS,ADQUISICIONES DIFERENTES DE ACTIVOS,ADQUISICION DE SERVICIOS,"SERVICIOS PARA LA COMUNIDAD, SOCIALES Y PERSONALES",No Aplica,No Aplica,No Aplica,No Aplica,VIGENCIA ACTUAL,ENTIDADES TERRITORIALES - ADMINISTRACION CENTRAL,SERVICIO DE ATENCION A EMERGENCIAS Y DESASTRES,No Aplica,NO DEFINIDO,,,2023,Tercer Trimestre,,,,SERVICIOS DE LOS ORGANOS DE CONTROL Y OTRAS INSTITUCIONES,SGP-PROPOSITO GENERAL-PROPOSITO GENERAL LIBRE INVERSION,,,,,,NO APLICA,,,,,,CON SITUACION DE FONDOS,NO APLICA,NO APLICA,10000000.0,10000000.0,10000000.0
15228725,20230901,218552585,Pupiales,2.3.2.01.01,ACTIVOS FIJOS,GASTOS,INVERSION,ADQUISICION DE BIENES Y SERVICIOS,ADQUISICION DE ACTIVOS NO FINANCIEROS,ACTIVOS FIJOS,No Aplica,No Aplica,No Aplica,No Aplica,No Aplica,CUENTAS POR PAGAR,ENTIDADES TERRITORIALES - ADMINISTRACION CENTRAL,NO DEFINIDO,No Aplica,NO DEFINIDO,,,2023,Tercer Trimestre,,,,NO DEFINIDO,NO DEFINIDO,,,,,,NO DEFINIDO,,,,,,NO DEFINIDO,NO DEFINIDO,NO DEFINIDO,18115710.0,18115710.0,13615710.0
15229603,20230901,218552585,Pupiales,2.1.1.01.02.004,APORTES A CAJAS DE COMPENSACION FAMILIAR,GASTOS,FUNCIONAMIENTO,GASTOS DE PERSONAL,PLANTA DE PERSONAL PERMANENTE,CONTRIBUCIONES INHERENTES A LA NOMINA,APORTES A CAJAS DE COMPENSACION FAMILIAR,No Aplica,No Aplica,No Aplica,No Aplica,VIGENCIA ACTUAL,ENTIDADES TERRITORIALES - ADMINISTRACION CENTRAL,NO APLICA,No Aplica,NO DEFINIDO,,,2023,Tercer Trimestre,,,,NO APLICA,"SGP-PROPOSITO GENERAL-LIBRE DESTINACION MUNICIPIOS CATEGORIAS 4, 5 Y 6",,,,,,NO APLICA,,,,,,CON SITUACION DE FONDOS,NO APLICA,NO APLICA,13149665.0,13149665.0,13149665.0
15231655,20230901,218552585,Pupiales,2.1,FUNCIONAMIENTO,GASTOS,FUNCIONAMIENTO,No Aplica,No Aplica,No Aplica,No Aplica,No Aplica,No Aplica,No Aplica,No Aplica,CUENTAS POR PAGAR,ENTIDADES TERRITORIALES - ADMINISTRACION CENTRAL,NO DEFINIDO,No Aplica,NO DEFINIDO,,,2023,Tercer Trimestre,,,,NO DEFINIDO,NO DEFINIDO,,,,,,NO DEFINIDO,,,,,,NO DEFINIDO,NO DEFINIDO,NO DEFINIDO,43757468.0,43757468.0,41557468.0
15232070,20230901,218552585,Pupiales,2.3.2.02.02.005,CONSTRUCCION Y SERVICIOS DE LA CONSTRUCCION,GASTOS,INVERSION,ADQUISICION DE BIENES Y SERVICIOS,ADQUISICIONES DIFERENTES DE ACTIVOS,ADQUISICION DE SERVICIOS,CONSTRUCCION Y SERVICIOS DE LA CONSTRUCCION,No Aplica,No Aplica,No Aplica,No Aplica,VIGENCIA ACTUAL,ENTIDADES TERRITORIALES - ADMINISTRACION CENTRAL,SEDES CONSTRUIDAS,No Aplica,NO DEFINIDO,,,2023,Tercer Trimestre,,,,OTRAS OBRAS DE INGENIERIA CIVIL,INGRESOS CORRIENTES DE LIBRE DESTINACION,,,,,,NO APLICA,,,,,,CON SITUACION DE FONDOS,NO APLICA,NO APLICA,9543813.0,3417839.0,3417839.0
15239383,20230901,218552585,Pupiales,2.3.2.02.02.009,"SERVICIOS PARA LA COMUNIDAD, SOCIALES Y PERSONALES",GASTOS,INVERSION,ADQUISICION DE BIENES Y SERVICIOS,ADQUISICIONES DIFERENTES DE ACTIVOS,ADQUISICION DE SERVICIOS,"SERVICIOS PARA LA COMUNIDAD, SOCIALES Y PERSONALES",No Aplica,No Aplica,No Aplica,No Aplica,VIGENCIA ACTUAL,ENTIDADES TERRITORIALES - ADMINISTRACION CENTRAL,VIA TERCIARIA MEJORADA,No Aplica,NO DEFINIDO,,,2023,Tercer Trimestre,,,,SERVICIOS DE LOS ORGANOS DE CONTROL Y OTRAS INSTITUCIONES,SGP-PROPOSITO GENERAL-PROPOSITO GENERAL LIBRE INVERSION,,,,,,NO APLICA,,,,,,CON SITUACION DE FONDOS,NO APLICA,NO APLICA,44400000.0,44400000.0,44400000.0
15239434,20230901,218552585,Pupiales,2,GASTOS,GASTOS,No Aplica,No Aplica,No Aplica,No Aplica,No Aplica,No Aplica,No Aplica,No Aplica,No Aplica,VIGENCIA ACTUAL,ENTIDADES TERRITORIALES - CONCEJO,NO DEFINIDO,No Aplica,NO DEFINIDO,,,2023,Tercer Trimestre,,,,NO DEFINIDO,NO DEFINIDO,,,,,,NO DEFINIDO,,,,,,NO DEFINIDO,NO DEFINIDO,NO DEFINIDO,153413926.0,153073926.0,153073926.0
15240085,20230901,218552585,Pupiales,2.3.2.02.02.005,CONSTRUCCION Y SERVICIOS DE LA CONSTRUCCION,GASTOS,INVERSION,ADQUISICION DE BIENES Y SERVICIOS,ADQUISICIONES DIFERENTES DE ACTIVOS,ADQUISICION DE SERVICIOS,CONSTRUCCION Y SERVICIOS DE LA CONSTRUCCION,No Aplica,No Aplica,No Aplica,No Aplica,VIGENCIA ACTUAL,ENTIDADES TERRITORIALES - ADMINISTRACION CENTRAL,SEDES CONSTRUIDAS,No Aplica,NO DEFINIDO,,,2023,Tercer Trimestre,,,,OTRAS OBRAS DE INGENIERIA CIVIL,"SGP-PROPOSITO GENERAL-LIBRE DESTINACION MUNICIPIOS CATEGORIAS 4, 5 Y 6",,,,,,NO APLICA,,,,,,CON SITUACION DE FONDOS,NO APLICA,NO APLICA,4956186.0,4956186.0,4956186.0
15240712,20230901,218552585,Pupiales,2,GASTOS,GASTOS,No Aplica,No Aplica,No Aplica,No Aplica,No Aplica,No Aplica,No Aplica,No Aplica,No Aplica,VIGENCIA ACTUAL,ENTIDADES TERRITORIALES - PERSONERIA,NO DEFINIDO,No Aplica,NO DEFINIDO,,,2023,Tercer Trimestre,,,,NO DEFINIDO,NO DEFINIDO,,,,,,NO DEFINIDO,,,,,,NO DEFINIDO,NO DEFINIDO,NO DEFINIDO,110040638.0,110040638.0,110040638.0
15240854,20230901,218552585,Pupiales,2.3.2,ADQUISICION DE BIENES Y SERVICIOS,GASTOS,INVERSION,ADQUISICION DE BIENES Y SERVICIOS,No Aplica,No Aplica,No Aplica,No Aplica,No Aplica,No Aplica,No Aplica,CUENTAS POR PAGAR,ENTIDADES TERRITORIALES - ADMINISTRACION CENTRAL,NO DEFINIDO,No Aplica,NO DEFINIDO,,,2023,Tercer Trimestre,,,,NO DEFINIDO,NO DEFINIDO,,,,,,NO DEFINIDO,,,,,,NO DEFINIDO,NO DEFINIDO,NO DEFINIDO,97503566.0,97503566.0,83030083.0
15241407,20230901,218552585,Pupiales,2.1.2.02,ADQUISICIONES DIFERENTES DE ACTIVOS,GASTOS,FUNCIONAMIENTO,ADQUISICION DE BIENES Y SERVICIOS,ADQUISICIONES DIFERENTES DE ACTIVOS,No Aplica,No Aplica,No Aplica,No Aplica,No Aplica,No Aplica,VIGENCIA ACTUAL,ENTIDADES TERRITORIALES - ADMINISTRACION CENTRAL,NO DEFINIDO,No Aplica,NO DEFINIDO,,,2023,Tercer Trimestre,,,,NO DEFINIDO,NO DEFINIDO,,,,,,NO DEFINIDO,,,,,,NO DEFINIDO,NO DEFINIDO,NO DEFINIDO,335157111.0,299500914.0,299500914.0
15242554,20230901,218552585,Pupiales,2.1.1.01.01.001,FACTORES SALARIALES COMUNES,GASTOS,FUNCIONAMIENTO,GASTOS DE PERSONAL,PLANTA DE PERSONAL PERMANENTE,FACTORES CONSTITUTIVOS DE SALARIO,FACTORES SALARIALES COMUNES,No Aplica,No Aplica,No Aplica,No Aplica,VIGENCIA ACTUAL,ENTIDADES TERRITORIALES - CONCEJO,NO DEFINIDO,No Aplica,NO DEFINIDO,,,2023,Tercer Trimestre,,,,NO DEFINIDO,NO DEFINIDO,,,,,,NO DEFINIDO,,,,,,NO DEFINIDO,NO DEFINIDO,NO DEFINIDO,27267692.0,27267692.0,27267692.0
15246841,20230901,218552585,Pupiales,2.1.2.02.02.009,"SERVICIOS PARA LA COMUNIDAD, SOCIALES Y PERSONALES",GASTOS,FUNCIONAMIENTO,ADQUISICION DE BIENES Y SERVICIOS,ADQUISICIONES DIFERENTES DE ACTIVOS,ADQUISICION DE SERVICIOS,"SERVICIOS PARA LA COMUNIDAD, SOCIALES Y PERSONALES",No Aplica,No Aplica,No Aplica,No Aplica,VIGENCIA ACTUAL,ENTIDADES TERRITORIALES - ADMINISTRACION CENTRAL,NO APLICA,No Aplica,NO DEFINIDO,,,2023,Tercer Trimestre,,,,SERVICIOS DE LOS ORGANOS DE CONTROL Y OTRAS INSTITUCIONES,"SGP-PROPOSITO GENERAL-LIBRE DESTINACION MUNICIPIOS CATEGORIAS 4, 5 Y 6",,,,,,NO APLICA,,,,,,CON SITUACION DE FONDOS,NO APLICA,NO APLICA,40536609.0,24359511.0,24359511.0
15247477,20230901,218552585,Pupiales,2.3.2.02.02.009,"SERVICIOS PARA LA COMUNIDAD, SOCIALES Y PERSONALES",GASTOS,INVERSION,ADQUISICION DE BIENES Y SERVICIOS,ADQUISICIONES DIFERENTES DE ACTIVOS,ADQUISICION DE SERVICIOS,"SERVICIOS PARA LA COMUNIDAD, SOCIALES Y PERSONALES",No Aplica,No Aplica,No Aplica,No Aplica,VIGENCIA ACTUAL,ENTIDADES TERRITORIALES - ADMINISTRACION CENTRAL,EDIFICACIONES DE ATENCION A LA PRIMERA INFANCIA AMPLIADAS,No Aplica,NO DEFINIDO,,,2023,Tercer Trimestre,,,,SERVICIOS DE LOS ORGANOS DE CONTROL Y OTRAS INSTITUCIONES,INGRESOS CORRIENTES DE LIBRE DESTINACION,,,,,,NO APLICA,,,,,,CON SITUACION DE FONDOS,NO APLICA,NO APLICA,18000000.0,18000000.0,18000000.0
15250531,20230901,218552585,Pupiales,2.3.2.01.01.001.02.04,EDIFICIOS PUBLICOS DE ENTRETENIMIENTO,GASTOS,INVERSION,ADQUISICION DE BIENES Y SERVICIOS,ADQUISICION DE ACTIVOS NO FINANCIEROS,ACTIVOS FIJOS,EDIFICACIONES Y ESTRUCTURAS,EDIFICACIONES DISTINTAS A VIVIENDAS,EDIFICIOS PUBLICOS DE ENTRETENIMIENTO,No Aplica,No Aplica,CUENTAS POR PAGAR,ENTIDADES TERRITORIALES - ADMINISTRACION CENTRAL,CENTROS DE PROTECCION SOCIAL DE DIA PARA EL ADULTO MAYOR AMPLIADOS,No Aplica,NO DEFINIDO,,,2023,Tercer Trimestre,,,,NO APLICA,ESTAMPILLAS,,,,,,NO APLICA,,,,,,CON SITUACION DE FONDOS,NO APLICA,NO APLICA,4500000.0,4500000.0,0.0
15251782,20230901,218552585,Pupiales,2.1,FUNCIONAMIENTO,GASTOS,FUNCIONAMIENTO,No Aplica,No Aplica,No Aplica,No Aplica,No Aplica,No Aplica,No Aplica,No Aplica,VIGENCIA ACTUAL,ENTIDADES TERRITORIALES - CONCEJO,NO DEFINIDO,No Aplica,NO DEFINIDO,,,2023,Tercer Trimestre,,,,NO DEFINIDO,NO DEFINIDO,,,,,,NO DEFINIDO,,,,,,NO DEFINIDO,NO DEFINIDO,NO DEFINIDO,153413926.0,153073926.0,153073926.0
15253535,20230901,218552585,Pupiales,2.1.1.01.01.001.01,SUELDO BASICO,GASTOS,FUNCIONAMIENTO,GASTOS DE PERSONAL,PLANTA DE PERSONAL PERMANENTE,FACTORES CONSTITUTIVOS DE SALARIO,FACTORES SALARIALES COMUNES,SUELDO BASICO,No Aplica,No Aplica,No Aplica,VIGENCIA ACTUAL,ENTIDADES TERRITORIALES - CONCEJO,NO APLICA,No Aplica,NO DEFINIDO,,,2023,Tercer Trimestre,,,,NO APLICA,"SGP-PROPOSITO GENERAL-LIBRE DESTINACION MUNICIPIOS CATEGORIAS 4, 5 Y 6",,,,,,NO APLICA,,,,,,CON SITUACION DE FONDOS,NO APLICA,NO APLICA,27267692.0,27267692.0,27267692.0
15257240,20230901,218552585,Pupiales,2.3.2.02.02.009,"SERVICIOS PARA LA COMUNIDAD, SOCIALES Y PERSONALES",GASTOS,INVERSION,ADQUISICION DE BIENES Y SERVICIOS,ADQUISICIONES DIFERENTES DE ACTIVOS,ADQUISICION DE SERVICIOS,"SERVICIOS PARA LA COMUNIDAD, SOCIALES Y PERSONALES",No Aplica,No Aplica,No Aplica,No Aplica,VIGENCIA ACTUAL,ENTIDADES TERRITORIALES - ADMINISTRACION CENTRAL,"SERVICIO DE APOYO FINANCIERO A LOS PLANES, PROGRAMAS Y PROYECTOS DE AGUA POTABLE Y SANEAMIENTO BASICO",No Aplica,NO DEFINIDO,,,2023,Tercer Trimestre,,,,SERVICIOS DE LOS ORGANOS DE CONTROL Y OTRAS INSTITUCIONES,SGP-AGUA POTABLE Y SANEAMIENTO BASICO,,,,,,NO APLICA,,,,,,CON SITUACION DE FONDOS,NO APLICA,NO APLICA,189576037.0,125724208.0,125724208.0
15264603,20230901,218552585,Pupiales,2.1.1.01.02.002,APORTES A LA SEGURIDAD SOCIAL EN SALUD,GASTOS,FUNCIONAMIENTO,GASTOS DE PERSONAL,PLANTA DE PERSONAL PERMANENTE,CONTRIBUCIONES INHERENTES A LA NOMINA,APORTES A LA SEGURIDAD SOCIAL EN SALUD,No Aplica,No Aplica,No Aplica,No Aplica,VIGENCIA ACTUAL,ENTIDADES TERRITORIALES - ADMINISTRACION CENTRAL,NO APLICA,No Aplica,NO DEFINIDO,,,2023,Tercer Trimestre,,,,NO APLICA,INGRESOS CORRIENTES DE LIBRE DESTINACION,,,,,,NO APLICA,,,,,,CON SITUACION DE FONDOS,NO APLICA,NO APLICA,22862850.0,22862850.0,22862850.0
15268499,20230901,218552585,Pupiales,2.1.1.01.02.003,APORTES DE CESANTIAS,GASTOS,FUNCIONAMIENTO,GASTOS DE PERSONAL,PLANTA DE PERSONAL PERMANENTE,CONTRIBUCIONES INHERENTES A LA NOMINA,APORTES DE CESANTIAS,No Aplica,No Aplica,No Aplica,No Aplica,CUENTAS POR PAGAR,ENTIDADES TERRITORIALES - ADMINISTRACION CENTRAL,NO APLICA,No Aplica,NO DEFINIDO,,,2023,Tercer Trimestre,,,,NO APLICA,INGRESOS CORRIENTES DE LIBRE DESTINACION,,,,,,NO APLICA,,,,,,CON SITUACION DE FONDOS,NO APLICA,NO APLICA,30130269.0,30130269.0,30130269.0
15271381,20230901,218552585,Pupiales,2.1.1.01.01,FACTORES CONSTITUTIVOS DE SALARIO,GASTOS,FUNCIONAMIENTO,GASTOS DE PERSONAL,PLANTA DE PERSONAL PERMANENTE,FACTORES CONSTITUTIVOS DE SALARIO,No Aplica,No Aplica,No Aplica,No Aplica,No Aplica,VIGENCIA ACTUAL,ENTIDADES TERRITORIALES - CONCEJO,NO DEFINIDO,No Aplica,NO DEFINIDO,,,2023,Tercer Trimestre,,,,NO DEFINIDO,NO DEFINIDO,,,,,,NO DEFINIDO,,,,,,NO DEFINIDO,NO DEFINIDO,NO DEFINIDO,27267692.0,27267692.0,27267692.0
15275070,20230901,218552585,Pupiales,2.1.1,GASTOS DE PERSONAL,GASTOS,FUNCIONAMIENTO,GASTOS DE PERSONAL,No Aplica,No Aplica,No Aplica,No Aplica,No Aplica,No Aplica,No Aplica,VIGENCIA ACTUAL,ENTIDADES TERRITORIALES - PERSONERIA,NO DEFINIDO,No Aplica,NO DEFINIDO,,,2023,Tercer Trimestre,,,,NO DEFINIDO,NO DEFINIDO,,,,,,NO DEFINIDO,,,,,,NO DEFINIDO,NO DEFINIDO,NO DEFINIDO,110040638.0,110040638.0,110040638.0
15286535,20230901,218552585,Pupiales,2.2.2.01.02,PRESTAMOS,GASTOS,SERVICIO DE LA DEUDA PUBLICA,SERVICIO DE LA DEUDA PUBLICA INTERNA,PRINCIPAL,PRESTAMOS,No Aplica,No Aplica,No Aplica,No Aplica,No Aplica,VIGENCIA ACTUAL,ENTIDADES TERRITORIALES - ADMINISTRACION CENTRAL,NO DEFINIDO,No Aplica,NO DEFINIDO,,,2023,Tercer Trimestre,,,,NO DEFINIDO,NO DEFINIDO,,,,,,NO DEFINIDO,,,,,,NO DEFINIDO,NO DEFINIDO,NO DEFINIDO,280785753.0,280785753.0,280785753.0
15293372,20230901,218552585,Pupiales,2.3.1.01.02.004,APORTES A CAJAS DE COMPENSACION FAMILIAR,GASTOS,INVERSION,GASTOS DE PERSONAL,PLANTA DE PERSONAL PERMANENTE,CONTRIBUCIONES INHERENTES A LA NOMINA,APORTES A CAJAS DE COMPENSACION FAMILIAR,No Aplica,No Aplica,No Aplica,No Aplica,VIGENCIA ACTUAL,ENTIDADES TERRITORIALES - ADMINISTRACION CENTRAL,SERVICIO DE ASISTENCIA TECNICA AGROPECUARIA DIRIGIDA A PEQUEÑOS PRODUCTORES,No Aplica,NO DEFINIDO,,,2023,Tercer Trimestre,,,,NO APLICA,SGP-PROPOSITO GENERAL-PROPOSITO GENERAL LIBRE INVERSION,,,,,,NO APLICA,,,,,,CON SITUACION DE FONDOS,NO APLICA,NO APLICA,578135.0,578135.0,578135.0
15300617,20230901,218552585,Pupiales,2.3.2.01.01.001.03,OTRAS ESTRUCTURAS,GASTOS,INVERSION,ADQUISICION DE BIENES Y SERVICIOS,ADQUISICION DE ACTIVOS NO FINANCIEROS,ACTIVOS FIJOS,EDIFICACIONES Y ESTRUCTURAS,OTRAS ESTRUCTURAS,No Aplica,No Aplica,No Aplica,VIGENCIA ACTUAL,ENTIDADES TERRITORIALES - ADMINISTRACION CENTRAL,NO DEFINIDO,No Aplica,NO DEFINIDO,,,2023,Tercer Trimestre,,,,NO DEFINIDO,NO DEFINIDO,,,,,,NO DEFINIDO,,,,,,NO DEFINIDO,NO DEFINIDO,NO DEFINIDO,80777109.0,48377109.0,48377109.0
15306317,20230901,218552585,Pupiales,2.3,INVERSION,GASTOS,INVERSION,No Aplica,No Aplica,No Aplica,No Aplica,No Aplica,No Aplica,No Aplica,No Aplica,VIGENCIA ACTUAL,ENTIDADES TERRITORIALES - ADMINISTRACION CENTRAL,NO DEFINIDO,No Aplica,NO DEFINIDO,,,2023,Tercer Trimestre,,,,NO DEFINIDO,NO DEFINIDO,,,,,,NO DEFINIDO,,,,,,NO DEFINIDO,NO DEFINIDO,NO DEFINIDO,22325365404.0,20760332551.0,20747732551.0
15309223,20230901,218552585,Pupiales,2.3.2.02.02.009,"SERVICIOS PARA LA COMUNIDAD, SOCIALES Y PERSONALES",GASTOS,INVERSION,ADQUISICION DE BIENES Y SERVICIOS,ADQUISICIONES DIFERENTES DE ACTIVOS,ADQUISICION DE SERVICIOS,"SERVICIOS PARA LA COMUNIDAD, SOCIALES Y PERSONALES",No Aplica,No Aplica,No Aplica,No Aplica,VIGENCIA ACTUAL,ENTIDADES TERRITORIALES - ADMINISTRACION CENTRAL,SERVICIO DE APOYO FINANCIERO AL SECTOR ARTISTICO Y CULTURAL,No Aplica,NO DEFINIDO,,,2023,Tercer Trimestre,,,,SERVICIOS DE LOS ORGANOS DE CONTROL Y OTRAS INSTITUCIONES,R.B. ESTAMPILLAS,,,,,,NO APLICA,,,,,,CON SITUACION DE FONDOS,NO APLICA,NO APLICA,19760000.0,19760000.0,19760000.0
15312809,20230901,218552585,Pupiales,2.3.1.01.02.002,APORTES A LA SEGURIDAD SOCIAL EN SALUD,GASTOS,INVERSION,GASTOS DE PERSONAL,PLANTA DE PERSONAL PERMANENTE,CONTRIBUCIONES INHERENTES A LA NOMINA,APORTES A LA SEGURIDAD SOCIAL EN SALUD,No Aplica,No Aplica,No Aplica,No Aplica,VIGENCIA ACTUAL,ENTIDADES TERRITORIALES - ADMINISTRACION CENTRAL,SERVICIO DE ASISTENCIA TECNICA AGROPECUARIA DIRIGIDA A PEQUEÑOS PRODUCTORES,No Aplica,NO DEFINIDO,,,2023,Tercer Trimestre,,,,NO APLICA,"SGP-PROPOSITO GENERAL-LIBRE DESTINACION MUNICIPIOS CATEGORIAS 4, 5 Y 6",,,,,,NO APLICA,,,,,,CON SITUACION DE FONDOS,NO APLICA,NO APLICA,682896.0,682896.0,682896.0
15313610,20230901,218552585,Pupiales,2.3.2.01.01.001.03,OTRAS ESTRUCTURAS,GASTOS,INVERSION,ADQUISICION DE BIENES Y SERVICIOS,ADQUISICION DE ACTIVOS NO FINANCIEROS,ACTIVOS FIJOS,EDIFICACIONES Y ESTRUCTURAS,OTRAS ESTRUCTURAS,No Aplica,No Aplica,No Aplica,CUENTAS POR PAGAR,ENTIDADES TERRITORIALES - ADMINISTRACION CENTRAL,NO DEFINIDO,No Aplica,NO DEFINIDO,,,2023,Tercer Trimestre,,,,NO DEFINIDO,NO DEFINIDO,,,,,,NO DEFINIDO,,,,,,NO DEFINIDO,NO DEFINIDO,NO DEFINIDO,13615710.0,13615710.0,13615710.0
15319036,20230901,218552585,Pupiales,2.3.2.02.02.009,"SERVICIOS PARA LA COMUNIDAD, SOCIALES Y PERSONALES",GASTOS,INVERSION,ADQUISICION DE BIENES Y SERVICIOS,ADQUISICIONES DIFERENTES DE ACTIVOS,ADQUISICION DE SERVICIOS,"SERVICIOS PARA LA COMUNIDAD, SOCIALES Y PERSONALES",No Aplica,No Aplica,No Aplica,No Aplica,VIGENCIA ACTUAL,ENTIDADES TERRITORIALES - ADMINISTRACION CENTRAL,SERVICIO DE ATENCION EN SALUD A LA POBLACION,No Aplica,NO DEFINIDO,,,2023,Tercer Trimestre,,,,SERVICIOS DE LOS ORGANOS DE CONTROL Y OTRAS INSTITUCIONES,DERECHOS POR LA EXPLOTACION JUEGOS DE SUERTE Y AZAR,,,,,,NO APLICA,,,,,,SIN SITUACION DE FONDOS,E.P.S. ENTIDAD PROMOTORA DE SALUD MALLAMAS INDIGENA,NO APLICA,54294397.0,54294397.0,54294397.0
15321156,20230901,218552585,Pupiales,2.1.1.01.03.003,BONIFICACION DE DIRECCION PARA GOBERNADORES Y ALCALDES,GASTOS,FUNCIONAMIENTO,GASTOS DE PERSONAL,PLANTA DE PERSONAL PERMANENTE,REMUNERACIONES NO CONSTITUTIVAS DE FACTOR SALARIAL,BONIFICACION DE DIRECCION PARA GOBERNADORES Y ALCALDES,No Aplica,No Aplica,No Aplica,No Aplica,VIGENCIA ACTUAL,ENTIDADES TERRITORIALES - ADMINISTRACION CENTRAL,NO APLICA,No Aplica,NO DEFINIDO,,,2023,Tercer Trimestre,,,,NO APLICA,"SGP-PROPOSITO GENERAL-LIBRE DESTINACION MUNICIPIOS CATEGORIAS 4, 5 Y 6",,,,,,NO APLICA,,,,,,CON SITUACION DE FONDOS,NO APLICA,NO APLICA,12507712.0,12507712.0,12507712.0
15324216,20230901,218552585,Pupiales,2.1.1.01.01.001.08.02,PRIMA DE VACACIONES,GASTOS,FUNCIONAMIENTO,GASTOS DE PERSONAL,PLANTA DE PERSONAL PERMANENTE,FACTORES CONSTITUTIVOS DE SALARIO,FACTORES SALARIALES COMUNES,PRESTACIONES SOCIALES,PRIMA DE VACACIONES,No Aplica,No Aplica,VIGENCIA ACTUAL,ENTIDADES TERRITORIALES - ADMINISTRACION CENTRAL,NO APLICA,No Aplica,NO DEFINIDO,,,2023,Tercer Trimestre,,,,NO APLICA,"SGP-PROPOSITO GENERAL-LIBRE DESTINACION MUNICIPIOS CATEGORIAS 4, 5 Y 6",,,,,,NO APLICA,,,,,,CON SITUACION DE FONDOS,NO APLICA,NO APLICA,25066526.0,25066526.0,25066526.0
15324535,20230901,218552585,Pupiales,2.3.1.01.02.008,APORTES A LA ESAP,GASTOS,INVERSION,GASTOS DE PERSONAL,PLANTA DE PERSONAL PERMANENTE,CONTRIBUCIONES INHERENTES A LA NOMINA,APORTES A LA ESAP,No Aplica,No Aplica,No Aplica,No Aplica,VIGENCIA ACTUAL,ENTIDADES TERRITORIALES - ADMINISTRACION CENTRAL,SERVICIO DE JUSTICIA A LOS CIUDADANOS,No Aplica,NO DEFINIDO,,,2023,Tercer Trimestre,,,,NO APLICA,SGP-PROPOSITO GENERAL-PROPOSITO GENERAL LIBRE INVERSION,,,,,,NO APLICA,,,,,,CON SITUACION DE FONDOS,NO APLICA,NO APLICA,407728.0,407728.0,407728.0
15328266,20230901,218552585,Pupiales,2.1.1.01.02.003,APORTES DE CESANTIAS,GASTOS,FUNCIONAMIENTO,GASTOS DE PERSONAL,PLANTA DE PERSONAL PERMANENTE,CONTRIBUCIONES INHERENTES A LA NOMINA,APORTES DE CESANTIAS,No Aplica,No Aplica,No Aplica,No Aplica,CUENTAS POR PAGAR,ENTIDADES TERRITORIALES - ADMINISTRACION CENTRAL,NO APLICA,No Aplica,NO DEFINIDO,,,2023,Tercer Trimestre,,,,NO APLICA,"SGP-PROPOSITO GENERAL-LIBRE DESTINACION MUNICIPIOS CATEGORIAS 4, 5 Y 6",,,,,,NO APLICA,,,,,,CON SITUACION DE FONDOS,NO APLICA,NO APLICA,11427199.0,11427199.0,11427199.0
15337630,20230901,218552585,Pupiales,2.3.2.02.02.009,"SERVICIOS PARA LA COMUNIDAD, SOCIALES Y PERSONALES",GASTOS,INVERSION,ADQUISICION DE BIENES Y SERVICIOS,ADQUISICIONES DIFERENTES DE ACTIVOS,ADQUISICION DE SERVICIOS,"SERVICIOS PARA LA COMUNIDAD, SOCIALES Y PERSONALES",No Aplica,No Aplica,No Aplica,No Aplica,VIGENCIA ACTUAL,ENTIDADES TERRITORIALES - ADMINISTRACION CENTRAL,SERVICIO DE EDUCACION INFORMAL EN TEMAS DE SALUD PUBLICA,No Aplica,NO DEFINIDO,,,2023,Tercer Trimestre,,,,SERVICIOS DE LOS ORGANOS DE CONTROL Y OTRAS INSTITUCIONES,SGP-SALUD-SALUD PUBLICA,,,,,,NO APLICA,,,,,,CON SITUACION DE FONDOS,E.S.E CENTRO DE SALUD SAN JUAN BAUTISTA DE PUPIALES - NARIÑO,NO APLICA,111287846.0,47397943.0,47397943.0
15339255,20230901,218552585,Pupiales,2.3.2.02.02.009,"SERVICIOS PARA LA COMUNIDAD, SOCIALES Y PERSONALES",GASTOS,INVERSION,ADQUISICION DE BIENES Y SERVICIOS,ADQUISICIONES DIFERENTES DE ACTIVOS,ADQUISICION DE SERVICIOS,"SERVICIOS PARA LA COMUNIDAD, SOCIALES Y PERSONALES",No Aplica,No Aplica,No Aplica,No Aplica,VIGENCIA ACTUAL,ENTIDADES TERRITORIALES - ADMINISTRACION CENTRAL,"SERVICIO DE ASISTENCIA TECNICA PARA LA FORMULACION, IMPLEMENTACION Y SEGUIMIENTO DE PLANES, PROGRAMAS Y PROYECTOS DE AGUA POTABLE Y SANEAMIENTO BASICO",No Aplica,NO DEFINIDO,,,2023,Tercer Trimestre,,,,SERVICIOS DE LOS ORGANOS DE CONTROL Y OTRAS INSTITUCIONES,R.B. SGP-AGUA POTABLE Y SANEAMIENTO BASICO,,,,,,NO APLICA,,,,,,CON SITUACION DE FONDOS,NO APLICA,NO APLICA,59999999.0,59999999.0,59999999.0
15341741,20230901,218552585,Pupiales,2.3.2.02.02.009,"SERVICIOS PARA LA COMUNIDAD, SOCIALES Y PERSONALES",GASTOS,INVERSION,ADQUISICION DE BIENES Y SERVICIOS,ADQUISICIONES DIFERENTES DE ACTIVOS,ADQUISICION DE SERVICIOS,"SERVICIOS PARA LA COMUNIDAD, SOCIALES Y PERSONALES",No Aplica,No Aplica,No Aplica,No Aplica,VIGENCIA ACTUAL,ENTIDADES TERRITORIALES - ADMINISTRACION CENTRAL,VIA TERCIARIA MEJORADA,No Aplica,NO DEFINIDO,,,2023,Tercer Trimestre,,,,SERVICIOS DE LOS ORGANOS DE CONTROL Y OTRAS INSTITUCIONES,RECURSOS DEL BALANCE DE LIBRE DESTINACION,,,,,,NO APLICA,,,,,,CON SITUACION DE FONDOS,NO APLICA,NO APLICA,13800000.0,8000000.0,8000000.0
15342982,20230901,218552585,Pupiales,2.3.2.02.02.009,"SERVICIOS PARA LA COMUNIDAD, SOCIALES Y PERSONALES",GASTOS,INVERSION,ADQUISICION DE BIENES Y SERVICIOS,ADQUISICIONES DIFERENTES DE ACTIVOS,ADQUISICION DE SERVICIOS,"SERVICIOS PARA LA COMUNIDAD, SOCIALES Y PERSONALES",No Aplica,No Aplica,No Aplica,No Aplica,VIGENCIA ACTUAL,ENTIDADES TERRITORIALES - ADMINISTRACION CENTRAL,SERVICIO DE APOYO FINANCIERO PARA SUBSIDIOS AL CONSUMO EN LOS SERVICIOS PUBLICOS DOMICILIARIOS,No Aplica,NO DEFINIDO,,,2023,Tercer Trimestre,,,,SERVICIOS DE LOS ORGANOS DE CONTROL Y OTRAS INSTITUCIONES,SGP-AGUA POTABLE Y SANEAMIENTO BASICO,,,,,,NO APLICA,,,,,,CON SITUACION DE FONDOS,E.S.P. EMPRESA DE SERVICIOS PUBLICOS VARIOS DE PUPIALES,NO APLICA,474865702.0,302260817.0,302260817.0
15343431,20230901,218552585,Pupiales,2.3.2.01.01.001.02.04,EDIFICIOS PUBLICOS DE ENTRETENIMIENTO,GASTOS,INVERSION,ADQUISICION DE BIENES Y SERVICIOS,ADQUISICION DE ACTIVOS NO FINANCIEROS,ACTIVOS FIJOS,EDIFICACIONES Y ESTRUCTURAS,EDIFICACIONES DISTINTAS A VIVIENDAS,EDIFICIOS PUBLICOS DE ENTRETENIMIENTO,No Aplica,No Aplica,VIGENCIA ACTUAL,ENTIDADES TERRITORIALES - ADMINISTRACION CENTRAL,CENTROS DE PROTECCION SOCIAL DE DIA PARA EL ADULTO MAYOR CONSTRUIDOS Y DOTADOS,No Aplica,NO DEFINIDO,,,2023,Tercer Trimestre,,,,NO APLICA,ESTAMPILLAS,,,,,,NO APLICA,,,,,,CON SITUACION DE FONDOS,NO APLICA,NO APLICA,10800000.0,10800000.0,10800000.0
15347663,20230901,218552585,Pupiales,2.3.2.02.02.009,"SERVICIOS PARA LA COMUNIDAD, SOCIALES Y PERSONALES",GASTOS,INVERSION,ADQUISICION DE BIENES Y SERVICIOS,ADQUISICIONES DIFERENTES DE ACTIVOS,ADQUISICION DE SERVICIOS,"SERVICIOS PARA LA COMUNIDAD, SOCIALES Y PERSONALES",No Aplica,No Aplica,No Aplica,No Aplica,VIGENCIA ACTUAL,ENTIDADES TERRITORIALES - ADMINISTRACION CENTRAL,SERVICIO DE EDUCACION INFORMAL EN TEMAS DE SALUD PUBLICA,No Aplica,NO DEFINIDO,,,2023,Tercer Trimestre,,,,SERVICIOS DE LOS ORGANOS DE CONTROL Y OTRAS INSTITUCIONES,R.B. REINTEGROS Y OTROS RECURSOS NO APROPIADOS,,,,,,NO APLICA,,,,,,CON SITUACION DE FONDOS,E.S.E CENTRO DE SALUD SAN JUAN BAUTISTA DE PUPIALES - NARIÑO,NO APLICA,5432506.0,0.0,0.0
15347784,20230901,218552585,Pupiales,2.3.1.01.01.001.04,SUBSIDIO DE ALIMENTACION,GASTOS,INVERSION,GASTOS DE PERSONAL,PLANTA DE PERSONAL PERMANENTE,FACTORES CONSTITUTIVOS DE SALARIO,FACTORES SALARIALES COMUNES,SUBSIDIO DE ALIMENTACION,No Aplica,No Aplica,No Aplica,VIGENCIA ACTUAL,ENTIDADES TERRITORIALES - ADMINISTRACION CENTRAL,SERVICIO DE ASISTENCIA TECNICA AGROPECUARIA DIRIGIDA A PEQUEÑOS PRODUCTORES,No Aplica,NO DEFINIDO,,,2023,Tercer Trimestre,,,,NO APLICA,SGP-PROPOSITO GENERAL-PROPOSITO GENERAL LIBRE INVERSION,,,,,,NO APLICA,,,,,,CON SITUACION DE FONDOS,NO APLICA,NO APLICA,609603.0,609603.0,609603.0
15348847,20230901,218552585,Pupiales,2.3.2,ADQUISICION DE BIENES Y SERVICIOS,GASTOS,INVERSION,ADQUISICION DE BIENES Y SERVICIOS,No Aplica,No Aplica,No Aplica,No Aplica,No Aplica,No Aplica,No Aplica,VIGENCIA ACTUAL,ENTIDADES TERRITORIALES - ADMINISTRACION CENTRAL,NO DEFINIDO,No Aplica,NO DEFINIDO,,,2023,Tercer Trimestre,,,,NO DEFINIDO,NO DEFINIDO,,,,,,NO DEFINIDO,,,,,,NO DEFINIDO,NO DEFINIDO,NO DEFINIDO,21586487597.0,20077597763.0,20064997763.0
15350712,20230901,218552585,Pupiales,2.3.2.02.02.009,"SERVICIOS PARA LA COMUNIDAD, SOCIALES Y PERSONALES",GASTOS,INVERSION,ADQUISICION DE BIENES Y SERVICIOS,ADQUISICIONES DIFERENTES DE ACTIVOS,ADQUISICION DE SERVICIOS,"SERVICIOS PARA LA COMUNIDAD, SOCIALES Y PERSONALES",No Aplica,No Aplica,No Aplica,No Aplica,CUENTAS POR PAGAR,ENTIDADES TERRITORIALES - ADMINISTRACION CENTRAL,SERVICIO DE APOYO FINANCIERO PARA PROYECTOS DE CONVIVENCIA Y SEGURIDAD CIUDADANA,No Aplica,NO DEFINIDO,,,2023,Tercer Trimestre,,,,SERVICIOS DE LOS ORGANOS DE CONTROL Y OTRAS INSTITUCIONES,CONTRIBUCIONES SOCIALES - SALUD,,,,,,NO APLICA,,,,,,CON SITUACION DE FONDOS,NO APLICA,NO APLICA,13328000.0,13328000.0,13328000.0
15354091,20230901,218552585,Pupiales,2.3.2.02.02.009,"SERVICIOS PARA LA COMUNIDAD, SOCIALES Y PERSONALES",GASTOS,INVERSION,ADQUISICION DE BIENES Y SERVICIOS,ADQUISICIONES DIFERENTES DE ACTIVOS,ADQUISICION DE SERVICIOS,"SERVICIOS PARA LA COMUNIDAD, SOCIALES Y PERSONALES",No Aplica,No Aplica,No Aplica,No Aplica,VIGENCIA ACTUAL,ENTIDADES TERRITORIALES - ADMINISTRACION CENTRAL,SERVICIO DE APOYO FINANCIERO AL SECTOR ARTISTICO Y CULTURAL,No Aplica,NO DEFINIDO,,,2023,Tercer Trimestre,,,,SERVICIOS DE LOS ORGANOS DE CONTROL Y OTRAS INSTITUCIONES,ESTAMPILLAS,,,,,,NO APLICA,,,,,,CON SITUACION DE FONDOS,NO APLICA,NO APLICA,22000000.0,22000000.0,22000000.0
15357528,20230901,218552585,Pupiales,2.1.2.02.02,ADQUISICION DE SERVICIOS,GASTOS,FUNCIONAMIENTO,ADQUISICION DE BIENES Y SERVICIOS,ADQUISICIONES DIFERENTES DE ACTIVOS,ADQUISICION DE SERVICIOS,No Aplica,No Aplica,No Aplica,No Aplica,No Aplica,VIGENCIA ACTUAL,ENTIDADES TERRITORIALES - ADMINISTRACION CENTRAL,NO DEFINIDO,No Aplica,NO DEFINIDO,,,2023,Tercer Trimestre,,,,NO DEFINIDO,NO DEFINIDO,,,,,,NO DEFINIDO,,,,,,NO DEFINIDO,NO DEFINIDO,NO DEFINIDO,285861051.0,250204854.0,250204854.0
15361513,20230901,218552585,Pupiales,2.3.1.01.01.001,FACTORES SALARIALES COMUNES,GASTOS,INVERSION,GASTOS DE PERSONAL,PLANTA DE PERSONAL PERMANENTE,FACTORES CONSTITUTIVOS DE SALARIO,FACTORES SALARIALES COMUNES,No Aplica,No Aplica,No Aplica,No Aplica,VIGENCIA ACTUAL,ENTIDADES TERRITORIALES - ADMINISTRACION CENTRAL,NO DEFINIDO,No Aplica,NO DEFINIDO,,,2023,Tercer Trimestre,,,,NO DEFINIDO,NO DEFINIDO,,,,,,NO DEFINIDO,,,,,,NO DEFINIDO,NO DEFINIDO,NO DEFINIDO,174002050.0,174002050.0,174002050.0
15364728,20230901,218552585,Pupiales,2.3.2.02.02.009,"SERVICIOS PARA LA COMUNIDAD, SOCIALES Y PERSONALES",GASTOS,INVERSION,ADQUISICION DE BIENES Y SERVICIOS,ADQUISICIONES DIFERENTES DE ACTIVOS,ADQUISICION DE SERVICIOS,"SERVICIOS PARA LA COMUNIDAD, SOCIALES Y PERSONALES",No Aplica,No Aplica,No Aplica,No Aplica,VIGENCIA ACTUAL,ENTIDADES TERRITORIALES - ADMINISTRACION CENTRAL,SERVICIO DE ASISTENCIA TECNICA PARA EL FORTALECIMIENTO DE LA CAPACIDAD ESTADISTICA,No Aplica,NO DEFINIDO,,,2023,Tercer Trimestre,,,,SERVICIOS DE LOS ORGANOS DE CONTROL Y OTRAS INSTITUCIONES,INGRESOS CORRIENTES DE LIBRE DESTINACION,,,,,,NO APLICA,,,,,,CON SITUACION DE FONDOS,NO APLICA,NO APLICA,7200000.0,7200000.0,7200000.0
15366434,20230901,218552585,Pupiales,2.3.3.05.08.001,REGION ADMINISTRATIVA DE PLANIFICACION ESPECIAL-RAPE,GASTOS,INVERSION,TRANSFERENCIAS CORRIENTES,A ENTIDADES DEL GOBIERNO,A ESQUEMAS ASOCIATIVOS,REGION ADMINISTRATIVA DE PLANIFICACION ESPECIAL-RAPE,No Aplica,No Aplica,No Aplica,No Aplica,VIGENCIA ACTUAL,ENTIDADES TERRITORIALES - ADMINISTRACION CENTRAL,SERVICIO APOYO FINANCIERO PARA LA IMPLEMENTACION DE ESQUEMAS DE PAGO POR SERVICIO AMBIENTALES,No Aplica,NO DEFINIDO,,,2023,Tercer Trimestre,,,,NO APLICA,SOBRETASA - PARTICIPACION AMBIENTAL - CORPORACIONES AUTONOMAS REGIONALES,,,,,,NO APLICA,,,,,,CON SITUACION DE FONDOS,CORPORACION AUTONOMA REGIONAL DE NARIÑO,NO APLICA,55041496.0,35327016.0,35327016.0
15368125,20230901,218552585,Pupiales,2.3.1.01.02.009,APORTES A ESCUELAS INDUSTRIALES E INSTITUTOS TECNICOS,GASTOS,INVERSION,GASTOS DE PERSONAL,PLANTA DE PERSONAL PERMANENTE,CONTRIBUCIONES INHERENTES A LA NOMINA,APORTES A ESCUELAS INDUSTRIALES E INSTITUTOS TECNICOS,No Aplica,No Aplica,No Aplica,No Aplica,VIGENCIA ACTUAL,ENTIDADES TERRITORIALES - ADMINISTRACION CENTRAL,SERVICIO DE ASISTENCIA TECNICA AGROPECUARIA DIRIGIDA A PEQUEÑOS PRODUCTORES,No Aplica,NO DEFINIDO,,,2023,Tercer Trimestre,,,,NO APLICA,SGP-PROPOSITO GENERAL-PROPOSITO GENERAL LIBRE INVERSION,,,,,,NO APLICA,,,,,,CON SITUACION DE FONDOS,MINISTERIO DE EDUCACION NACIONAL,NO APLICA,144906.0,144906.0,144906.0
15368156,20230901,218552585,Pupiales,2.3.1.01.01.001.08.01,PRIMA DE NAVIDAD,GASTOS,INVERSION,GASTOS DE PERSONAL,PLANTA DE PERSONAL PERMANENTE,FACTORES CONSTITUTIVOS DE SALARIO,FACTORES SALARIALES COMUNES,PRESTACIONES SOCIALES,PRIMA DE NAVIDAD,No Aplica,No Aplica,VIGENCIA ACTUAL,ENTIDADES TERRITORIALES - ADMINISTRACION CENTRAL,SERVICIO DE JUSTICIA A LOS CIUDADANOS,No Aplica,NO DEFINIDO,,,2023,Tercer Trimestre,,,,NO APLICA,SGP-PROPOSITO GENERAL-PROPOSITO GENERAL LIBRE INVERSION,,,,,,NO APLICA,,,,,,CON SITUACION DE FONDOS,NO APLICA,NO APLICA,366131.0,366131.0,366131.0
15368282,20230901,218552585,Pupiales,2.3.2.02,ADQUISICIONES DIFERENTES DE ACTIVOS,GASTOS,INVERSION,ADQUISICION DE BIENES Y SERVICIOS,ADQUISICIONES DIFERENTES DE ACTIVOS,No Aplica,No Aplica,No Aplica,No Aplica,No Aplica,No Aplica,VIGENCIA ACTUAL,ENTIDADES TERRITORIALES - ADMINISTRACION CENTRAL,NO DEFINIDO,No Aplica,NO DEFINIDO,,,2023,Tercer Trimestre,,,,NO DEFINIDO,NO DEFINIDO,,,,,,NO DEFINIDO,,,,,,NO DEFINIDO,NO DEFINIDO,NO DEFINIDO,21230086794.0,19769412566.0,19756812566.0
15370607,20230901,218552585,Pupiales,2.3.2.02.02.009,"SERVICIOS PARA LA COMUNIDAD, SOCIALES Y PERSONALES",GASTOS,INVERSION,ADQUISICION DE BIENES Y SERVICIOS,ADQUISICIONES DIFERENTES DE ACTIVOS,ADQUISICION DE SERVICIOS,"SERVICIOS PARA LA COMUNIDAD, SOCIALES Y PERSONALES",No Aplica,No Aplica,No Aplica,No Aplica,VIGENCIA ACTUAL,ENTIDADES TERRITORIALES - ADMINISTRACION CENTRAL,SERVICIO DE ASISTENCIA TECNICA EN GESTION ARTISTICA Y CULTURAL,No Aplica,NO DEFINIDO,,,2023,Tercer Trimestre,,,,SERVICIOS DE LOS ORGANOS DE CONTROL Y OTRAS INSTITUCIONES,SGP-PROPOSITO GENERAL-PROPOSITO GENERAL LIBRE INVERSION,,,,,,NO APLICA,,,,,,CON SITUACION DE FONDOS,NO APLICA,NO APLICA,3800000.0,3800000.0,3800000.0
15372937,20230901,218552585,Pupiales,2.3.2.02.02.009,"SERVICIOS PARA LA COMUNIDAD, SOCIALES Y PERSONALES",GASTOS,INVERSION,ADQUISICION DE BIENES Y SERVICIOS,ADQUISICIONES DIFERENTES DE ACTIVOS,ADQUISICION DE SERVICIOS,"SERVICIOS PARA LA COMUNIDAD, SOCIALES Y PERSONALES",No Aplica,No Aplica,No Aplica,No Aplica,VIGENCIA ACTUAL,ENTIDADES TERRITORIALES - ADMINISTRACION CENTRAL,SERVICIO DE JUSTICIA A LOS CIUDADANOS,No Aplica,NO DEFINIDO,,,2023,Tercer Trimestre,,,,SERVICIOS DE LOS ORGANOS DE CONTROL Y OTRAS INSTITUCIONES,"SGP-PROPOSITO GENERAL-LIBRE DESTINACION MUNICIPIOS CATEGORIAS 4, 5 Y 6",,,,,,NO APLICA,,,,,,CON SITUACION DE FONDOS,NO APLICA,NO APLICA,7000000.0,0.0,0.0
15373157,20230901,218552585,Pupiales,2.3.2.02.02.009,"SERVICIOS PARA LA COMUNIDAD, SOCIALES Y PERSONALES",GASTOS,INVERSION,ADQUISICION DE BIENES Y SERVICIOS,ADQUISICIONES DIFERENTES DE ACTIVOS,ADQUISICION DE SERVICIOS,"SERVICIOS PARA LA COMUNIDAD, SOCIALES Y PERSONALES",No Aplica,No Aplica,No Aplica,No Aplica,VIGENCIA ACTUAL,ENTIDADES TERRITORIALES - ADMINISTRACION CENTRAL,SERVICIO DE ATENCION INTEGRAL A LA PRIMERA INFANCIA,No Aplica,NO DEFINIDO,,,2023,Tercer Trimestre,,,,SERVICIOS DE LOS ORGANOS DE CONTROL Y OTRAS INSTITUCIONES,SGP-PROPOSITO GENERAL-PROPOSITO GENERAL LIBRE INVERSION,,,,,,NO APLICA,,,,,,CON SITUACION DE FONDOS,NO APLICA,NO APLICA,4000000.0,4000000.0,4000000.0
15374208,20230901,218552585,Pupiales,2.3.1.01.02.007,APORTES AL SENA,GASTOS,INVERSION,GASTOS DE PERSONAL,PLANTA DE PERSONAL PERMANENTE,CONTRIBUCIONES INHERENTES A LA NOMINA,APORTES AL SENA,No Aplica,No Aplica,No Aplica,No Aplica,VIGENCIA ACTUAL,ENTIDADES TERRITORIALES - ADMINISTRACION CENTRAL,VIA TERCIARIA MEJORADA,No Aplica,NO DEFINIDO,,,2023,Tercer Trimestre,,,,NO APLICA,INGRESOS CORRIENTES DE LIBRE DESTINACION,,,,,,NO APLICA,,,,,,CON SITUACION DE FONDOS,SERVICIO NACIONAL DE APRENDIZAJE,NO APLICA,195864.0,195864.0,195864.0
15378797,20230901,218552585,Pupiales,2,GASTOS,GASTOS,No Aplica,No Aplica,No Aplica,No Aplica,No Aplica,No Aplica,No Aplica,No Aplica,No Aplica,CUENTAS POR PAGAR,ENTIDADES TERRITORIALES - ADMINISTRACION CENTRAL,NO DEFINIDO,No Aplica,NO DEFINIDO,,,2023,Tercer Trimestre,,,,NO DEFINIDO,NO DEFINIDO,,,,,,NO DEFINIDO,,,,,,NO DEFINIDO,NO DEFINIDO,NO DEFINIDO,168914457.0,168914457.0,152240974.0
15379366,20230901,218552585,Pupiales,2.3.1.01.01.001.06,PRIMA DE SERVICIO,GASTOS,INVERSION,GASTOS DE PERSONAL,PLANTA DE PERSONAL PERMANENTE,FACTORES CONSTITUTIVOS DE SALARIO,FACTORES SALARIALES COMUNES,PRIMA DE SERVICIO,No Aplica,No Aplica,No Aplica,VIGENCIA ACTUAL,ENTIDADES TERRITORIALES - ADMINISTRACION CENTRAL,SERVICIO DE JUSTICIA A LOS CIUDADANOS,No Aplica,NO DEFINIDO,,,2023,Tercer Trimestre,,,,NO APLICA,SGP-PROPOSITO GENERAL-PROPOSITO GENERAL LIBRE INVERSION,,,,,,NO APLICA,,,,,,CON SITUACION DE FONDOS,NO APLICA,NO APLICA,4914821.0,4914821.0,4914821.0
15381504,20230901,218552585,Pupiales,2.3.1.01.01.001.08,PRESTACIONES SOCIALES,GASTOS,INVERSION,GASTOS DE PERSONAL,PLANTA DE PERSONAL PERMANENTE,FACTORES CONSTITUTIVOS DE SALARIO,FACTORES SALARIALES COMUNES,PRESTACIONES SOCIALES,No Aplica,No Aplica,No Aplica,VIGENCIA ACTUAL,ENTIDADES TERRITORIALES - ADMINISTRACION CENTRAL,NO DEFINIDO,No Aplica,NO DEFINIDO,,,2023,Tercer Trimestre,,,,NO DEFINIDO,NO DEFINIDO,,,,,,NO DEFINIDO,,,,,,NO DEFINIDO,NO DEFINIDO,NO DEFINIDO,7450193.0,7450193.0,7450193.0
15382389,20230901,218552585,Pupiales,2.3.2.02.02.009,"SERVICIOS PARA LA COMUNIDAD, SOCIALES Y PERSONALES",GASTOS,INVERSION,ADQUISICION DE BIENES Y SERVICIOS,ADQUISICIONES DIFERENTES DE ACTIVOS,ADQUISICION DE SERVICIOS,"SERVICIOS PARA LA COMUNIDAD, SOCIALES Y PERSONALES",No Aplica,No Aplica,No Aplica,No Aplica,VIGENCIA ACTUAL,ENTIDADES TERRITORIALES - ADMINISTRACION CENTRAL,"SERVICIO DE APOYO FINANCIERO A LOS PLANES, PROGRAMAS Y PROYECTOS DE AGUA POTABLE Y SANEAMIENTO BASICO",No Aplica,NO DEFINIDO,,,2023,Tercer Trimestre,,,,SERVICIOS DE LOS ORGANOS DE CONTROL Y OTRAS INSTITUCIONES,R.B. SGP-AGUA POTABLE Y SANEAMIENTO BASICO,,,,,,NO APLICA,,,,,,CON SITUACION DE FONDOS,NO APLICA,NO APLICA,11087378.0,0.0,0.0
15386206,20230901,218552585,Pupiales,2.3.3.05.08.001,REGION ADMINISTRATIVA DE PLANIFICACION ESPECIAL-RAPE,GASTOS,INVERSION,TRANSFERENCIAS CORRIENTES,A ENTIDADES DEL GOBIERNO,A ESQUEMAS ASOCIATIVOS,REGION ADMINISTRATIVA DE PLANIFICACION ESPECIAL-RAPE,No Aplica,No Aplica,No Aplica,No Aplica,VIGENCIA ACTUAL,ENTIDADES TERRITORIALES - ADMINISTRACION CENTRAL,"SERVICIO DE APOYO FINANCIERO A LOS PLANES, PROGRAMAS Y PROYECTOS DE AGUA POTABLE Y SANEAMIENTO BASICO",No Aplica,NO DEFINIDO,,,2023,Tercer Trimestre,,,,NO APLICA,SGP-AGUA POTABLE Y SANEAMIENTO BASICO,,,,,,NO APLICA,,,,,,CON SITUACION DE FONDOS,NO APLICA,NO APLICA,199534113.0,199534113.0,199534113.0
15388169,20230901,218552585,Pupiales,2.3.2.02.02.009,"SERVICIOS PARA LA COMUNIDAD, SOCIALES Y PERSONALES",GASTOS,INVERSION,ADQUISICION DE BIENES Y SERVICIOS,ADQUISICIONES DIFERENTES DE ACTIVOS,ADQUISICION DE SERVICIOS,"SERVICIOS PARA LA COMUNIDAD, SOCIALES Y PERSONALES",No Aplica,No Aplica,No Aplica,No Aplica,CUENTAS POR PAGAR,ENTIDADES TERRITORIALES - ADMINISTRACION CENTRAL,SERVICIO DE JUSTICIA A LOS CIUDADANOS,No Aplica,NO DEFINIDO,,,2023,Tercer Trimestre,,,,SERVICIOS DE LOS ORGANOS DE CONTROL Y OTRAS INSTITUCIONES,SGP-PROPOSITO GENERAL-PROPOSITO GENERAL LIBRE INVERSION,,,,,,NO APLICA,,,,,,CON SITUACION DE FONDOS,NO APLICA,NO APLICA,2200000.0,2200000.0,2200000.0
15388561,20230901,218552585,Pupiales,2.3.2.01.01.003.02,MAQUINARIA PARA USOS ESPECIALES,GASTOS,INVERSION,ADQUISICION DE BIENES Y SERVICIOS,ADQUISICION DE ACTIVOS NO FINANCIEROS,ACTIVOS FIJOS,MAQUINARIA Y EQUIPO,MAQUINARIA PARA USOS ESPECIALES,No Aplica,No Aplica,No Aplica,VIGENCIA ACTUAL,ENTIDADES TERRITORIALES - ADMINISTRACION CENTRAL,NO DEFINIDO,No Aplica,NO DEFINIDO,,,2023,Tercer Trimestre,,,,NO DEFINIDO,NO DEFINIDO,,,,,,NO DEFINIDO,,,,,,NO DEFINIDO,NO DEFINIDO,NO DEFINIDO,219995000.0,219995000.0,219995000.0
15389881,20230901,218552585,Pupiales,2.3.1.01.01,FACTORES CONSTITUTIVOS DE SALARIO,GASTOS,INVERSION,GASTOS DE PERSONAL,PLANTA DE PERSONAL PERMANENTE,FACTORES CONSTITUTIVOS DE SALARIO,No Aplica,No Aplica,No Aplica,No Aplica,No Aplica,VIGENCIA ACTUAL,ENTIDADES TERRITORIALES - ADMINISTRACION CENTRAL,NO DEFINIDO,No Aplica,NO DEFINIDO,,,2023,Tercer Trimestre,,,,NO DEFINIDO,NO DEFINIDO,,,,,,NO DEFINIDO,,,,,,NO DEFINIDO,NO DEFINIDO,NO DEFINIDO,174002050.0,174002050.0,174002050.0
15390039,20230901,218552585,Pupiales,2.3.1.01.02.009,APORTES A ESCUELAS INDUSTRIALES E INSTITUTOS TECNICOS,GASTOS,INVERSION,GASTOS DE PERSONAL,PLANTA DE PERSONAL PERMANENTE,CONTRIBUCIONES INHERENTES A LA NOMINA,APORTES A ESCUELAS INDUSTRIALES E INSTITUTOS TECNICOS,No Aplica,No Aplica,No Aplica,No Aplica,VIGENCIA ACTUAL,ENTIDADES TERRITORIALES - ADMINISTRACION CENTRAL,VIA TERCIARIA MEJORADA,No Aplica,NO DEFINIDO,,,2023,Tercer Trimestre,,,,NO APLICA,INGRESOS CORRIENTES DE LIBRE DESTINACION,,,,,,NO APLICA,,,,,,CON SITUACION DE FONDOS,MINISTERIO DE EDUCACION NACIONAL,NO APLICA,390619.0,390619.0,390619.0
15391268,20230901,218552585,Pupiales,2.3.1.01.01.001.05,AUXILIO DE TRANSPORTE,GASTOS,INVERSION,GASTOS DE PERSONAL,PLANTA DE PERSONAL PERMANENTE,FACTORES CONSTITUTIVOS DE SALARIO,FACTORES SALARIALES COMUNES,AUXILIO DE TRANSPORTE,No Aplica,No Aplica,No Aplica,VIGENCIA ACTUAL,ENTIDADES TERRITORIALES - ADMINISTRACION CENTRAL,VIA TERCIARIA MEJORADA,No Aplica,NO DEFINIDO,,,2023,Tercer Trimestre,,,,NO APLICA,INGRESOS CORRIENTES DE LIBRE DESTINACION,,,,,,NO APLICA,,,,,,CON SITUACION DE FONDOS,NO APLICA,NO APLICA,2849614.0,2849614.0,2849614.0
15395207,20230901,218552585,Pupiales,2.1,FUNCIONAMIENTO,GASTOS,FUNCIONAMIENTO,No Aplica,No Aplica,No Aplica,No Aplica,No Aplica,No Aplica,No Aplica,No Aplica,VIGENCIA ACTUAL,ENTIDADES TERRITORIALES - PERSONERIA,NO DEFINIDO,No Aplica,NO DEFINIDO,,,2023,Tercer Trimestre,,,,NO DEFINIDO,NO DEFINIDO,,,,,,NO DEFINIDO,,,,,,NO DEFINIDO,NO DEFINIDO,NO DEFINIDO,110040638.0,110040638.0,110040638.0
15396583,20230901,218552585,Pupiales,2.1.1.01.03,REMUNERACIONES NO CONSTITUTIVAS DE FACTOR SALARIAL,GASTOS,FUNCIONAMIENTO,GASTOS DE PERSONAL,PLANTA DE PERSONAL PERMANENTE,REMUNERACIONES NO CONSTITUTIVAS DE FACTOR SALARIAL,No Aplica,No Aplica,No Aplica,No Aplica,No Aplica,VIGENCIA ACTUAL,ENTIDADES TERRITORIALES - CONCEJO,NO DEFINIDO,No Aplica,NO DEFINIDO,,,2023,Tercer Trimestre,,,,NO DEFINIDO,NO DEFINIDO,,,,,,NO DEFINIDO,,,,,,NO DEFINIDO,NO DEFINIDO,NO DEFINIDO,118306234.0,118306234.0,118306234.0
15397096,20230901,218552585,Pupiales,2.1.2.02.02,ADQUISICION DE SERVICIOS,GASTOS,FUNCIONAMIENTO,ADQUISICION DE BIENES Y SERVICIOS,ADQUISICIONES DIFERENTES DE ACTIVOS,ADQUISICION DE SERVICIOS,No Aplica,No Aplica,No Aplica,No Aplica,No Aplica,CUENTAS POR PAGAR,ENTIDADES TERRITORIALES - ADMINISTRACION CENTRAL,NO DEFINIDO,No Aplica,NO DEFINIDO,,,2023,Tercer Trimestre,,,,NO DEFINIDO,NO DEFINIDO,,,,,,NO DEFINIDO,,,,,,NO DEFINIDO,NO DEFINIDO,NO DEFINIDO,2200000.0,2200000.0,0.0
15399451,20230901,218552585,Pupiales,2.3.2.02.02,ADQUISICION DE SERVICIOS,GASTOS,INVERSION,ADQUISICION DE BIENES Y SERVICIOS,ADQUISICIONES DIFERENTES DE ACTIVOS,ADQUISICION DE SERVICIOS,No Aplica,No Aplica,No Aplica,No Aplica,No Aplica,CUENTAS POR PAGAR,ENTIDADES TERRITORIALES - ADMINISTRACION CENTRAL,NO DEFINIDO,No Aplica,NO DEFINIDO,,,2023,Tercer Trimestre,,,,NO DEFINIDO,NO DEFINIDO,,,,,,NO DEFINIDO,,,,,,NO DEFINIDO,NO DEFINIDO,NO DEFINIDO,79387856.0,79387856.0,69414373.0
15405909,20230901,218552585,Pupiales,2.1.1.01.01.001.07,BONIFICACION POR SERVICIOS PRESTADOS,GASTOS,FUNCIONAMIENTO,GASTOS DE PERSONAL,PLANTA DE PERSONAL PERMANENTE,FACTORES CONSTITUTIVOS DE SALARIO,FACTORES SALARIALES COMUNES,BONIFICACION POR SERVICIOS PRESTADOS,No Aplica,No Aplica,No Aplica,VIGENCIA ACTUAL,ENTIDADES TERRITORIALES - ADMINISTRACION CENTRAL,NO APLICA,No Aplica,NO DEFINIDO,,,2023,Tercer Trimestre,,,,NO APLICA,"SGP-PROPOSITO GENERAL-LIBRE DESTINACION MUNICIPIOS CATEGORIAS 4, 5 Y 6",,,,,,NO APLICA,,,,,,CON SITUACION DE FONDOS,NO APLICA,NO APLICA,16597802.0,16597802.0,16597802.0
15406515,20230901,218552585,Pupiales,2.3.2.02.02.009,"SERVICIOS PARA LA COMUNIDAD, SOCIALES Y PERSONALES",GASTOS,INVERSION,ADQUISICION DE BIENES Y SERVICIOS,ADQUISICIONES DIFERENTES DE ACTIVOS,ADQUISICION DE SERVICIOS,"SERVICIOS PARA LA COMUNIDAD, SOCIALES Y PERSONALES",No Aplica,No Aplica,No Aplica,No Aplica,VIGENCIA ACTUAL,ENTIDADES TERRITORIALES - ADMINISTRACION CENTRAL,SERVICIO DE ATENCION EN SALUD A LA POBLACION,No Aplica,NO DEFINIDO,,,2023,Tercer Trimestre,,,,SERVICIOS DE LOS ORGANOS DE CONTROL Y OTRAS INSTITUCIONES,SGP-SALUD-REGIMEN SUBSIDIADO,,,,,,NO APLICA,,,,,,SIN SITUACION DE FONDOS,E.P.S. ENTIDAD PROMOTORA DE SALUD MALLAMAS INDIGENA,NO APLICA,1343299546.0,1343299546.0,1343299546.0
