,PERIODO,CODIGO_ENTIDAD,NOMBRE_ENTIDAD,CUENTA,NOMBRE_CUENTA,CUENTA_NIVEL_01,CUENTA_NIVEL_02,CUENTA_NIVEL_03,CUENTA_NIVEL_04,CUENTA_NIVEL_05,CUENTA_NIVEL_06,CUENTA_NIVEL_07,CUENTA_NIVEL_08,CUENTA_NIVEL_09,CUENTA_NIVEL_10,VIGENCIA_DEL_GASTO,SECCION_PRESUPUESTAL,PROGRAMATICO_MGA,BPIN,SECTOR,APROPIACION_INICIAL,APROPIACION_DEFINITIVA,VIGENCIA,TRIMESTRE,PRESUPUESTO_DEFINITIVO,PRESUPUESTO_INICIAL,TOTAL_RECAUDO,CPC,FUENTES_FINANCIACION,APLICA_DESTINACION_ESPECIFICA,TIPO_NORMA_DESTINACION,TIPO_NORMA,NUMERO_NORMA,TERCERO,POLITICA_PUBLICA,DETALLE_SECTORIAL,RECAUDO_VAC_SS,RECAUDO_VAC_CS,RECAUDO_VAN_SS,RECAUDO_VAN_CS,SITUACION_DE_FONDOS,TERCEROS,SECTORIAL,COMPROMISOS,OBLIGACIONES,PAGOS
4782,20230601,923272885,E.S.P Por Santa Rosa Sostenible S.A.S,2.1.1.01.01.001.08.02,PRIMA DE VACACIONES,GASTOS,FUNCIONAMIENTO,GASTOS DE PERSONAL,PLANTA DE PERSONAL PERMANENTE,FACTORES CONSTITUTIVOS DE SALARIO,FACTORES SALARIALES COMUNES,PRESTACIONES SOCIALES,PRIMA DE VACACIONES,No Aplica,No Aplica,VIGENCIA ACTUAL,ENTIDADES DIFERENTES A ENTIDADES TERRITORIALES - GESTION GENERAL,NO DEFINIDO,NO DEFINIDO,NO APLICA,3873000.0,3873000.0,2023,Segundo Trimestre,,,,,,,,,,,,,,,,,,,,,,
30503,20211201,923272885,E.S.P Por Santa Rosa Sostenible S.A.S,2.1.2.02.02.008,SERVICIOS PRESTADOS A LAS EMPRESAS Y SERVICIOS DE PRODUCCION,GASTOS,FUNCIONAMIENTO,ADQUISICION DE BIENES Y SERVICIOS,ADQUISICIONES DIFERENTES DE ACTIVOS,ADQUISICION DE SERVICIOS,SERVICIOS PRESTADOS A LAS EMPRESAS Y SERVICIOS DE PRODUCCION,No Aplica,No Aplica,No Aplica,No Aplica,VIGENCIA ACTUAL,ENTIDADES TERRITORIALES - SERVICIOS PUBLICOS,NO DEFINIDO,NO DEFINIDO,NO APLICA,72744000.0,75487000.0,2021,Cuarto Trimestre,,,,,,,,,,,,,,,,,,,,,,
32045,20221201,923272885,E.S.P Por Santa Rosa Sostenible S.A.S,2.1.1.01.01.001.08.02,PRIMA DE VACACIONES,GASTOS,FUNCIONAMIENTO,GASTOS DE PERSONAL,PLANTA DE PERSONAL PERMANENTE,FACTORES CONSTITUTIVOS DE SALARIO,FACTORES SALARIALES COMUNES,PRESTACIONES SOCIALES,PRIMA DE VACACIONES,No Aplica,No Aplica,VIGENCIA ACTUAL,ENTIDADES DIFERENTES A ENTIDADES TERRITORIALES - GESTION GENERAL,NO DEFINIDO,NO DEFINIDO,NO APLICA,3159771.0,4221771.0,2022,Cuarto Trimestre,,,,,,,,,,,,,,,,,,,,,,
40710,20210901,923272885,E.S.P Por Santa Rosa Sostenible S.A.S,2.1.1.01.01.001.08.02,PRIMA DE VACACIONES,GASTOS,FUNCIONAMIENTO,GASTOS DE PERSONAL,PLANTA DE PERSONAL PERMANENTE,FACTORES CONSTITUTIVOS DE SALARIO,FACTORES SALARIALES COMUNES,PRESTACIONES SOCIALES,PRIMA DE VACACIONES,No Aplica,No Aplica,VIGENCIA ACTUAL,ENTIDADES TERRITORIALES - SERVICIOS PUBLICOS,NO DEFINIDO,NO DEFINIDO,NO APLICA,2270000.0,2790000.0,2021,Tercer Trimestre,,,,,,,,,,,,,,,,,,,,,,
43176,20210301,923272885,E.S.P Por Santa Rosa Sostenible S.A.S,2.1.8.05.02,INTERESES DE MORA,GASTOS,FUNCIONAMIENTO,"GASTOS POR TRIBUTOS, TASAS, CONTRIBUCIONES, MULTAS, SANCIONES E INTERESES DE MORA","MULTAS, SANCIONES E INTERESES DE MORA",INTERESES DE MORA,No Aplica,No Aplica,No Aplica,No Aplica,No Aplica,VIGENCIA ACTUAL,ENTIDADES TERRITORIALES - SERVICIOS PUBLICOS,NO DEFINIDO,NO DEFINIDO,NO APLICA,100000.0,100000.0,2021,Primer Trimestre,,,,,,,,,,,,,,,,,,,,,,
44683,20230601,923272885,E.S.P Por Santa Rosa Sostenible S.A.S,2.1.1.01.01.001.06,PRIMA DE SERVICIO,GASTOS,FUNCIONAMIENTO,GASTOS DE PERSONAL,PLANTA DE PERSONAL PERMANENTE,FACTORES CONSTITUTIVOS DE SALARIO,FACTORES SALARIALES COMUNES,PRIMA DE SERVICIO,No Aplica,No Aplica,No Aplica,VIGENCIA ACTUAL,ENTIDADES DIFERENTES A ENTIDADES TERRITORIALES - GESTION GENERAL,NO DEFINIDO,NO DEFINIDO,NO APLICA,3620000.0,3183371.0,2023,Segundo Trimestre,,,,,,,,,,,,,,,,,,,,,,
48182,20230601,923272885,E.S.P Por Santa Rosa Sostenible S.A.S,2.1.1.01.03.001.01,VACACIONES,GASTOS,FUNCIONAMIENTO,GASTOS DE PERSONAL,PLANTA DE PERSONAL PERMANENTE,REMUNERACIONES NO CONSTITUTIVAS DE FACTOR SALARIAL,PRESTACIONES SOCIALES,VACACIONES,No Aplica,No Aplica,No Aplica,VIGENCIA ACTUAL,ENTIDADES DIFERENTES A ENTIDADES TERRITORIALES - GESTION GENERAL,NO DEFINIDO,NO DEFINIDO,NO APLICA,3915000.0,4351629.0,2023,Segundo Trimestre,,,,,,,,,,,,,,,,,,,,,,
68490,20211201,923272885,E.S.P Por Santa Rosa Sostenible S.A.S,2.1.8.05.02,INTERESES DE MORA,GASTOS,FUNCIONAMIENTO,"GASTOS POR TRIBUTOS, TASAS, CONTRIBUCIONES, MULTAS, SANCIONES E INTERESES DE MORA","MULTAS, SANCIONES E INTERESES DE MORA",INTERESES DE MORA,No Aplica,No Aplica,No Aplica,No Aplica,No Aplica,VIGENCIA ACTUAL,ENTIDADES TERRITORIALES - SERVICIOS PUBLICOS,NO DEFINIDO,NO DEFINIDO,NO APLICA,100000.0,330000.0,2021,Cuarto Trimestre,,,,,,,,,,,,,,,,,,,,,,
68849,20210601,923272885,E.S.P Por Santa Rosa Sostenible S.A.S,2.4.5,GASTOS DE COMERCIALIZACION Y PRODUCCION,GASTOS,GASTOS DE OPERACION COMERCIAL,GASTOS DE COMERCIALIZACION Y PRODUCCION,No Aplica,No Aplica,No Aplica,No Aplica,No Aplica,No Aplica,No Aplica,VIGENCIA ACTUAL,ENTIDADES TERRITORIALES - SERVICIOS PUBLICOS,NO DEFINIDO,NO DEFINIDO,NO DEFINIDO,2099145140.0,2099145140.0,2021,Segundo Trimestre,,,,,,,,,,,,,,,,,,,,,,
72362,20230601,923272885,E.S.P Por Santa Rosa Sostenible S.A.S,2.1.2.02.01.004,PRODUCTOS METALICOS Y PAQUETES DE SOFTWARE,GASTOS,FUNCIONAMIENTO,ADQUISICION DE BIENES Y SERVICIOS,ADQUISICIONES DIFERENTES DE ACTIVOS,MATERIALES Y SUMINISTROS,PRODUCTOS METALICOS Y PAQUETES DE SOFTWARE,No Aplica,No Aplica,No Aplica,No Aplica,VIGENCIA ACTUAL,ENTIDADES DIFERENTES A ENTIDADES TERRITORIALES - GESTION GENERAL,NO DEFINIDO,NO DEFINIDO,NO APLICA,0.0,270000.0,2023,Segundo Trimestre,,,,,,,,,,,,,,,,,,,,,,
74049,20230301,923272885,E.S.P Por Santa Rosa Sostenible S.A.S,2.1.8.01.53,IMPUESTO DE REGISTRO,GASTOS,FUNCIONAMIENTO,"GASTOS POR TRIBUTOS, TASAS, CONTRIBUCIONES, MULTAS, SANCIONES E INTERESES DE MORA",IMPUESTOS,IMPUESTO DE REGISTRO,No Aplica,No Aplica,No Aplica,No Aplica,No Aplica,VIGENCIA ACTUAL,ENTIDADES DIFERENTES A ENTIDADES TERRITORIALES - GESTION GENERAL,NO DEFINIDO,NO DEFINIDO,NO APLICA,2406000.0,2406000.0,2023,Primer Trimestre,,,,,,,,,,,,,,,,,,,,,,
78306,20210601,923272885,E.S.P Por Santa Rosa Sostenible S.A.S,2.1.8.01.54,IMPUESTO DE INDUSTRIA Y COMERCIO,GASTOS,FUNCIONAMIENTO,"GASTOS POR TRIBUTOS, TASAS, CONTRIBUCIONES, MULTAS, SANCIONES E INTERESES DE MORA",IMPUESTOS,IMPUESTO DE INDUSTRIA Y COMERCIO,No Aplica,No Aplica,No Aplica,No Aplica,No Aplica,VIGENCIA ACTUAL,ENTIDADES TERRITORIALES - SERVICIOS PUBLICOS,NO DEFINIDO,NO DEFINIDO,NO APLICA,30000000.0,30000000.0,2021,Segundo Trimestre,,,,,,,,,,,,,,,,,,,,,,
84167,20220301,923272885,E.S.P Por Santa Rosa Sostenible S.A.S,2.1.2.02.01,MATERIALES Y SUMINISTROS,GASTOS,FUNCIONAMIENTO,ADQUISICION DE BIENES Y SERVICIOS,ADQUISICIONES DIFERENTES DE ACTIVOS,MATERIALES Y SUMINISTROS,No Aplica,No Aplica,No Aplica,No Aplica,No Aplica,VIGENCIA ACTUAL,ENTIDADES DIFERENTES A ENTIDADES TERRITORIALES - GESTION GENERAL,NO DEFINIDO,NO DEFINIDO,NO DEFINIDO,525500000.0,566922975.0,2022,Primer Trimestre,,,,,,,,,,,,,,,,,,,,,,
85698,20221201,923272885,E.S.P Por Santa Rosa Sostenible S.A.S,2.1.2.02.02,ADQUISICION DE SERVICIOS,GASTOS,FUNCIONAMIENTO,ADQUISICION DE BIENES Y SERVICIOS,ADQUISICIONES DIFERENTES DE ACTIVOS,ADQUISICION DE SERVICIOS,No Aplica,No Aplica,No Aplica,No Aplica,No Aplica,VIGENCIA ACTUAL,ENTIDADES DIFERENTES A ENTIDADES TERRITORIALES - GESTION GENERAL,NO DEFINIDO,NO DEFINIDO,NO DEFINIDO,2060934808.0,3079823285.0,2022,Cuarto Trimestre,,,,,,,,,,,,,,,,,,,,,,
85769,20210301,923272885,E.S.P Por Santa Rosa Sostenible S.A.S,2.1.1.01.03.001,PRESTACIONES SOCIALES,GASTOS,FUNCIONAMIENTO,GASTOS DE PERSONAL,PLANTA DE PERSONAL PERMANENTE,REMUNERACIONES NO CONSTITUTIVAS DE FACTOR SALARIAL,PRESTACIONES SOCIALES,No Aplica,No Aplica,No Aplica,No Aplica,VIGENCIA ACTUAL,ENTIDADES TERRITORIALES - SERVICIOS PUBLICOS,NO DEFINIDO,NO DEFINIDO,NO DEFINIDO,302667.0,372667.0,2021,Primer Trimestre,,,,,,,,,,,,,,,,,,,,,,
86359,20210301,923272885,E.S.P Por Santa Rosa Sostenible S.A.S,2.1.1.01.02.004,APORTES A CAJAS DE COMPENSACION FAMILIAR,GASTOS,FUNCIONAMIENTO,GASTOS DE PERSONAL,PLANTA DE PERSONAL PERMANENTE,CONTRIBUCIONES INHERENTES A LA NOMINA,APORTES A CAJAS DE COMPENSACION FAMILIAR,No Aplica,No Aplica,No Aplica,No Aplica,VIGENCIA ACTUAL,ENTIDADES TERRITORIALES - SERVICIOS PUBLICOS,NO DEFINIDO,NO DEFINIDO,NO APLICA,2179200.0,2679200.0,2021,Primer Trimestre,,,,,,,,,,,,,,,,,,,,,,
90387,20210301,923272885,E.S.P Por Santa Rosa Sostenible S.A.S,2.1.1.01.01.001.08.02,PRIMA DE VACACIONES,GASTOS,FUNCIONAMIENTO,GASTOS DE PERSONAL,PLANTA DE PERSONAL PERMANENTE,FACTORES CONSTITUTIVOS DE SALARIO,FACTORES SALARIALES COMUNES,PRESTACIONES SOCIALES,PRIMA DE VACACIONES,No Aplica,No Aplica,VIGENCIA ACTUAL,ENTIDADES TERRITORIALES - SERVICIOS PUBLICOS,NO DEFINIDO,NO DEFINIDO,NO APLICA,2270000.0,2790000.0,2021,Primer Trimestre,,,,,,,,,,,,,,,,,,,,,,
93839,20210601,923272885,E.S.P Por Santa Rosa Sostenible S.A.S,2.1.8.01,IMPUESTOS,GASTOS,FUNCIONAMIENTO,"GASTOS POR TRIBUTOS, TASAS, CONTRIBUCIONES, MULTAS, SANCIONES E INTERESES DE MORA",IMPUESTOS,No Aplica,No Aplica,No Aplica,No Aplica,No Aplica,No Aplica,VIGENCIA ACTUAL,ENTIDADES TERRITORIALES - SERVICIOS PUBLICOS,NO DEFINIDO,NO DEFINIDO,NO DEFINIDO,60027200.0,60027200.0,2021,Segundo Trimestre,,,,,,,,,,,,,,,,,,,,,,
104749,20220901,923272885,E.S.P Por Santa Rosa Sostenible S.A.S,2.1.2.02,ADQUISICIONES DIFERENTES DE ACTIVOS,GASTOS,FUNCIONAMIENTO,ADQUISICION DE BIENES Y SERVICIOS,ADQUISICIONES DIFERENTES DE ACTIVOS,No Aplica,No Aplica,No Aplica,No Aplica,No Aplica,No Aplica,VIGENCIA ACTUAL,ENTIDADES DIFERENTES A ENTIDADES TERRITORIALES - GESTION GENERAL,NO DEFINIDO,NO DEFINIDO,NO DEFINIDO,2586434808.0,2781405487.0,2022,Tercer Trimestre,,,,,,,,,,,,,,,,,,,,,,
106081,20221201,923272885,E.S.P Por Santa Rosa Sostenible S.A.S,2.1.1.01.01.001.10,VIATICOS DE LOS FUNCIONARIOS EN COMISION,GASTOS,FUNCIONAMIENTO,GASTOS DE PERSONAL,PLANTA DE PERSONAL PERMANENTE,FACTORES CONSTITUTIVOS DE SALARIO,FACTORES SALARIALES COMUNES,VIATICOS DE LOS FUNCIONARIOS EN COMISION,No Aplica,No Aplica,No Aplica,VIGENCIA ACTUAL,ENTIDADES DIFERENTES A ENTIDADES TERRITORIALES - GESTION GENERAL,NO DEFINIDO,NO DEFINIDO,NO APLICA,5400000.0,2712566.0,2022,Cuarto Trimestre,,,,,,,,,,,,,,,,,,,,,,
109935,20210901,923272885,E.S.P Por Santa Rosa Sostenible S.A.S,2.1.2.02.01.002,"PRODUCTOS ALIMENTICIOS, BEBIDAS Y TABACO, TEXTILES, PRENDAS DE VESTIR Y PRODUCTOS DE CUERO",GASTOS,FUNCIONAMIENTO,ADQUISICION DE BIENES Y SERVICIOS,ADQUISICIONES DIFERENTES DE ACTIVOS,MATERIALES Y SUMINISTROS,"PRODUCTOS ALIMENTICIOS, BEBIDAS Y TABACO, TEXTILES, PRENDAS DE VESTIR Y PRODUCTOS DE CUERO",No Aplica,No Aplica,No Aplica,No Aplica,VIGENCIA ACTUAL,ENTIDADES TERRITORIALES - SERVICIOS PUBLICOS,NO DEFINIDO,NO DEFINIDO,NO APLICA,600000.0,851000.0,2021,Tercer Trimestre,,,,,,,,,,,,,,,,,,,,,,
117289,20230301,923272885,E.S.P Por Santa Rosa Sostenible S.A.S,2.1.2.02.02.008,SERVICIOS PRESTADOS A LAS EMPRESAS Y SERVICIOS DE PRODUCCION,GASTOS,FUNCIONAMIENTO,ADQUISICION DE BIENES Y SERVICIOS,ADQUISICIONES DIFERENTES DE ACTIVOS,ADQUISICION DE SERVICIOS,SERVICIOS PRESTADOS A LAS EMPRESAS Y SERVICIOS DE PRODUCCION,No Aplica,No Aplica,No Aplica,No Aplica,VIGENCIA ACTUAL,ENTIDADES DIFERENTES A ENTIDADES TERRITORIALES - GESTION GENERAL,NO DEFINIDO,NO DEFINIDO,NO APLICA,1986212220.0,2640176267.0,2023,Primer Trimestre,,,,,,,,,,,,,,,,,,,,,,
122055,20230301,923272885,E.S.P Por Santa Rosa Sostenible S.A.S,2.1.8.04,CONTRIBUCIONES,GASTOS,FUNCIONAMIENTO,"GASTOS POR TRIBUTOS, TASAS, CONTRIBUCIONES, MULTAS, SANCIONES E INTERESES DE MORA",CONTRIBUCIONES,No Aplica,No Aplica,No Aplica,No Aplica,No Aplica,No Aplica,VIGENCIA ACTUAL,ENTIDADES DIFERENTES A ENTIDADES TERRITORIALES - GESTION GENERAL,NO DEFINIDO,NO DEFINIDO,NO DEFINIDO,4175375.0,4175375.0,2023,Primer Trimestre,,,,,,,,,,,,,,,,,,,,,,
123223,20210601,923272885,E.S.P Por Santa Rosa Sostenible S.A.S,2.1.1.01.03.001.01,VACACIONES,GASTOS,FUNCIONAMIENTO,GASTOS DE PERSONAL,PLANTA DE PERSONAL PERMANENTE,REMUNERACIONES NO CONSTITUTIVAS DE FACTOR SALARIAL,PRESTACIONES SOCIALES,VACACIONES,No Aplica,No Aplica,No Aplica,VIGENCIA ACTUAL,ENTIDADES TERRITORIALES - SERVICIOS PUBLICOS,NO DEFINIDO,NO DEFINIDO,NO APLICA,2270000.0,2790000.0,2021,Segundo Trimestre,,,,,,,,,,,,,,,,,,,,,,
134566,20210601,923272885,E.S.P Por Santa Rosa Sostenible S.A.S,2.1.8.01.03,SOBRETASA CREE,GASTOS,FUNCIONAMIENTO,"GASTOS POR TRIBUTOS, TASAS, CONTRIBUCIONES, MULTAS, SANCIONES E INTERESES DE MORA",IMPUESTOS,SOBRETASA CREE,No Aplica,No Aplica,No Aplica,No Aplica,No Aplica,VIGENCIA ACTUAL,ENTIDADES TERRITORIALES - SERVICIOS PUBLICOS,NO DEFINIDO,NO DEFINIDO,NO APLICA,20000000.0,20000000.0,2021,Segundo Trimestre,,,,,,,,,,,,,,,,,,,,,,
138746,20230301,923272885,E.S.P Por Santa Rosa Sostenible S.A.S,2.1.1.01.01.001.07,BONIFICACION POR SERVICIOS PRESTADOS,GASTOS,FUNCIONAMIENTO,GASTOS DE PERSONAL,PLANTA DE PERSONAL PERMANENTE,FACTORES CONSTITUTIVOS DE SALARIO,FACTORES SALARIALES COMUNES,BONIFICACION POR SERVICIOS PRESTADOS,No Aplica,No Aplica,No Aplica,VIGENCIA ACTUAL,ENTIDADES DIFERENTES A ENTIDADES TERRITORIALES - GESTION GENERAL,NO DEFINIDO,NO DEFINIDO,NO APLICA,2441000.0,2441000.0,2023,Primer Trimestre,,,,,,,,,,,,,,,,,,,,,,
141900,20220301,923272885,E.S.P Por Santa Rosa Sostenible S.A.S,2.1.2.02.02.006,"COMERCIO Y DISTRIBUCION; ALOJAMIENTO; SERVICIOS DE SUMINISTRO DE COMIDAS Y BEBIDAS; SERVICIOS DE TRANSPORTE; Y SERVICIOS DE DISTRIBUCION DE ELECTRICIDAD, GAS Y AGUA",GASTOS,FUNCIONAMIENTO,ADQUISICION DE BIENES Y SERVICIOS,ADQUISICIONES DIFERENTES DE ACTIVOS,ADQUISICION DE SERVICIOS,"COMERCIO Y DISTRIBUCION; ALOJAMIENTO; SERVICIOS DE SUMINISTRO DE COMIDAS Y BEBIDAS; SERVICIOS DE TRANSPORTE; Y SERVICIOS DE DISTRIBUCION DE ELECTRICIDAD, GAS Y AGUA",No Aplica,No Aplica,No Aplica,No Aplica,VIGENCIA ACTUAL,ENTIDADES DIFERENTES A ENTIDADES TERRITORIALES - GESTION GENERAL,NO DEFINIDO,NO DEFINIDO,NO APLICA,2640000.0,2640000.0,2022,Primer Trimestre,,,,,,,,,,,,,,,,,,,,,,
142809,20210301,923272885,E.S.P Por Santa Rosa Sostenible S.A.S,2.1.1.01.02.001,APORTES A LA SEGURIDAD SOCIAL EN PENSIONES,GASTOS,FUNCIONAMIENTO,GASTOS DE PERSONAL,PLANTA DE PERSONAL PERMANENTE,CONTRIBUCIONES INHERENTES A LA NOMINA,APORTES A LA SEGURIDAD SOCIAL EN PENSIONES,No Aplica,No Aplica,No Aplica,No Aplica,VIGENCIA ACTUAL,ENTIDADES TERRITORIALES - SERVICIOS PUBLICOS,NO DEFINIDO,NO DEFINIDO,NO APLICA,1327133.0,9350133.0,2021,Primer Trimestre,,,,,,,,,,,,,,,,,,,,,,
144327,20210301,923272885,E.S.P Por Santa Rosa Sostenible S.A.S,2.1.2.01.01.005.02.03.01.01,PAQUETES DE SOFTWARE,GASTOS,FUNCIONAMIENTO,ADQUISICION DE BIENES Y SERVICIOS,ADQUISICION DE ACTIVOS NO FINANCIEROS,ACTIVOS FIJOS,OTROS ACTIVOS FIJOS,PRODUCTOS DE LA PROPIEDAD INTELECTUAL,PROGRAMAS DE INFORMATICA Y BASES DE DATOS,PROGRAMAS DE INFORMATICA,PAQUETES DE SOFTWARE,VIGENCIA ACTUAL,ENTIDADES TERRITORIALES - SERVICIOS PUBLICOS,NO DEFINIDO,NO DEFINIDO,NO APLICA,3400000.0,3400000.0,2021,Primer Trimestre,,,,,,,,,,,,,,,,,,,,,,
145143,20210301,923272885,E.S.P Por Santa Rosa Sostenible S.A.S,2.1.2.01.01.003,MAQUINARIA Y EQUIPO,GASTOS,FUNCIONAMIENTO,ADQUISICION DE BIENES Y SERVICIOS,ADQUISICION DE ACTIVOS NO FINANCIEROS,ACTIVOS FIJOS,MAQUINARIA Y EQUIPO,No Aplica,No Aplica,No Aplica,No Aplica,VIGENCIA ACTUAL,ENTIDADES TERRITORIALES - SERVICIOS PUBLICOS,NO DEFINIDO,NO DEFINIDO,NO DEFINIDO,16950000.0,14118000.0,2021,Primer Trimestre,,,,,,,,,,,,,,,,,,,,,,
155868,20230601,923272885,E.S.P Por Santa Rosa Sostenible S.A.S,2.1.2,ADQUISICION DE BIENES Y SERVICIOS,GASTOS,FUNCIONAMIENTO,ADQUISICION DE BIENES Y SERVICIOS,No Aplica,No Aplica,No Aplica,No Aplica,No Aplica,No Aplica,No Aplica,VIGENCIA ACTUAL,ENTIDADES DIFERENTES A ENTIDADES TERRITORIALES - GESTION GENERAL,NO DEFINIDO,NO DEFINIDO,NO DEFINIDO,2629924400.0,3472068900.0,2023,Segundo Trimestre,,,,,,,,,,,,,,,,,,,,,,
161041,20210601,923272885,E.S.P Por Santa Rosa Sostenible S.A.S,2.1.8.05,"MULTAS, SANCIONES E INTERESES DE MORA",GASTOS,FUNCIONAMIENTO,"GASTOS POR TRIBUTOS, TASAS, CONTRIBUCIONES, MULTAS, SANCIONES E INTERESES DE MORA","MULTAS, SANCIONES E INTERESES DE MORA",No Aplica,No Aplica,No Aplica,No Aplica,No Aplica,No Aplica,VIGENCIA ACTUAL,ENTIDADES TERRITORIALES - SERVICIOS PUBLICOS,NO DEFINIDO,NO DEFINIDO,NO DEFINIDO,100000.0,100000.0,2021,Segundo Trimestre,,,,,,,,,,,,,,,,,,,,,,
161153,20220901,923272885,E.S.P Por Santa Rosa Sostenible S.A.S,2.1.1.01.01.001.08.02,PRIMA DE VACACIONES,GASTOS,FUNCIONAMIENTO,GASTOS DE PERSONAL,PLANTA DE PERSONAL PERMANENTE,FACTORES CONSTITUTIVOS DE SALARIO,FACTORES SALARIALES COMUNES,PRESTACIONES SOCIALES,PRIMA DE VACACIONES,No Aplica,No Aplica,VIGENCIA ACTUAL,ENTIDADES DIFERENTES A ENTIDADES TERRITORIALES - GESTION GENERAL,NO DEFINIDO,NO DEFINIDO,NO APLICA,3159771.0,3159771.0,2022,Tercer Trimestre,,,,,,,,,,,,,,,,,,,,,,
166079,20210301,923272885,E.S.P Por Santa Rosa Sostenible S.A.S,2.1.1.02.03.001,PRESTACIONES SOCIALES,GASTOS,FUNCIONAMIENTO,GASTOS DE PERSONAL,PERSONAL SUPERNUMERARIO Y PLANTA TEMPORAL,REMUNERACIONES NO CONSTITUTIVAS DE FACTOR SALARIAL,PRESTACIONES SOCIALES,No Aplica,No Aplica,No Aplica,No Aplica,VIGENCIA ACTUAL,ENTIDADES TERRITORIALES - SERVICIOS PUBLICOS,NO DEFINIDO,NO DEFINIDO,NO DEFINIDO,2270000.0,2790000.0,2021,Primer Trimestre,,,,,,,,,,,,,,,,,,,,,,
172775,20230601,923272885,E.S.P Por Santa Rosa Sostenible S.A.S,2.1.2.01.01.003,MAQUINARIA Y EQUIPO,GASTOS,FUNCIONAMIENTO,ADQUISICION DE BIENES Y SERVICIOS,ADQUISICION DE ACTIVOS NO FINANCIEROS,ACTIVOS FIJOS,MAQUINARIA Y EQUIPO,No Aplica,No Aplica,No Aplica,No Aplica,VIGENCIA ACTUAL,ENTIDADES DIFERENTES A ENTIDADES TERRITORIALES - GESTION GENERAL,NO DEFINIDO,NO DEFINIDO,NO DEFINIDO,15000000.0,14360000.0,2023,Segundo Trimestre,,,,,,,,,,,,,,,,,,,,,,
177420,20220901,923272885,E.S.P Por Santa Rosa Sostenible S.A.S,2.1.1.01.03.001.01,VACACIONES,GASTOS,FUNCIONAMIENTO,GASTOS DE PERSONAL,PLANTA DE PERSONAL PERMANENTE,REMUNERACIONES NO CONSTITUTIVAS DE FACTOR SALARIAL,PRESTACIONES SOCIALES,VACACIONES,No Aplica,No Aplica,No Aplica,VIGENCIA ACTUAL,ENTIDADES DIFERENTES A ENTIDADES TERRITORIALES - GESTION GENERAL,NO DEFINIDO,NO DEFINIDO,NO APLICA,3159771.0,3159771.0,2022,Tercer Trimestre,,,,,,,,,,,,,,,,,,,,,,
180405,20210601,923272885,E.S.P Por Santa Rosa Sostenible S.A.S,2.4.5.02.09,"SERVICIOS PARA LA COMUNIDAD, SOCIALES Y PERSONALES",GASTOS,GASTOS DE OPERACION COMERCIAL,GASTOS DE COMERCIALIZACION Y PRODUCCION,ADQUISICION DE SERVICIOS,"SERVICIOS PARA LA COMUNIDAD, SOCIALES Y PERSONALES",No Aplica,No Aplica,No Aplica,No Aplica,No Aplica,VIGENCIA ACTUAL,ENTIDADES TERRITORIALES - SERVICIOS PUBLICOS,NO DEFINIDO,NO DEFINIDO,NO APLICA,1424045140.0,1424045140.0,2021,Segundo Trimestre,,,,,,,,,,,,,,,,,,,,,,
185309,20230301,923272885,E.S.P Por Santa Rosa Sostenible S.A.S,2.1.2.01.01.003.03,"MAQUINARIA DE OFICINA, CONTABILIDAD E INFORMATICA",GASTOS,FUNCIONAMIENTO,ADQUISICION DE BIENES Y SERVICIOS,ADQUISICION DE ACTIVOS NO FINANCIEROS,ACTIVOS FIJOS,MAQUINARIA Y EQUIPO,"MAQUINARIA DE OFICINA, CONTABILIDAD E INFORMATICA",No Aplica,No Aplica,No Aplica,VIGENCIA ACTUAL,ENTIDADES DIFERENTES A ENTIDADES TERRITORIALES - GESTION GENERAL,NO DEFINIDO,NO DEFINIDO,NO DEFINIDO,15000000.0,15000000.0,2023,Primer Trimestre,,,,,,,,,,,,,,,,,,,,,,
195335,20230301,923272885,E.S.P Por Santa Rosa Sostenible S.A.S,2.1.1.01.01.001.10,VIATICOS DE LOS FUNCIONARIOS EN COMISION,GASTOS,FUNCIONAMIENTO,GASTOS DE PERSONAL,PLANTA DE PERSONAL PERMANENTE,FACTORES CONSTITUTIVOS DE SALARIO,FACTORES SALARIALES COMUNES,VIATICOS DE LOS FUNCIONARIOS EN COMISION,No Aplica,No Aplica,No Aplica,VIGENCIA ACTUAL,ENTIDADES DIFERENTES A ENTIDADES TERRITORIALES - GESTION GENERAL,NO DEFINIDO,NO DEFINIDO,NO APLICA,2600000.0,2151440.0,2023,Primer Trimestre,,,,,,,,,,,,,,,,,,,,,,
197484,20230301,923272885,E.S.P Por Santa Rosa Sostenible S.A.S,2.1.2.02.02.006,"COMERCIO Y DISTRIBUCION; ALOJAMIENTO; SERVICIOS DE SUMINISTRO DE COMIDAS Y BEBIDAS; SERVICIOS DE TRANSPORTE; Y SERVICIOS DE DISTRIBUCION DE ELECTRICIDAD, GAS Y AGUA",GASTOS,FUNCIONAMIENTO,ADQUISICION DE BIENES Y SERVICIOS,ADQUISICIONES DIFERENTES DE ACTIVOS,ADQUISICION DE SERVICIOS,"COMERCIO Y DISTRIBUCION; ALOJAMIENTO; SERVICIOS DE SUMINISTRO DE COMIDAS Y BEBIDAS; SERVICIOS DE TRANSPORTE; Y SERVICIOS DE DISTRIBUCION DE ELECTRICIDAD, GAS Y AGUA",No Aplica,No Aplica,No Aplica,No Aplica,VIGENCIA ACTUAL,ENTIDADES DIFERENTES A ENTIDADES TERRITORIALES - GESTION GENERAL,NO DEFINIDO,NO DEFINIDO,NO APLICA,2600000.0,2579000.0,2023,Primer Trimestre,,,,,,,,,,,,,,,,,,,,,,
199872,20211201,923272885,E.S.P Por Santa Rosa Sostenible S.A.S,2.1.2.02.02.006,"COMERCIO Y DISTRIBUCION; ALOJAMIENTO; SERVICIOS DE SUMINISTRO DE COMIDAS Y BEBIDAS; SERVICIOS DE TRANSPORTE; Y SERVICIOS DE DISTRIBUCION DE ELECTRICIDAD, GAS Y AGUA",GASTOS,FUNCIONAMIENTO,ADQUISICION DE BIENES Y SERVICIOS,ADQUISICIONES DIFERENTES DE ACTIVOS,ADQUISICION DE SERVICIOS,"COMERCIO Y DISTRIBUCION; ALOJAMIENTO; SERVICIOS DE SUMINISTRO DE COMIDAS Y BEBIDAS; SERVICIOS DE TRANSPORTE; Y SERVICIOS DE DISTRIBUCION DE ELECTRICIDAD, GAS Y AGUA",No Aplica,No Aplica,No Aplica,No Aplica,VIGENCIA ACTUAL,ENTIDADES TERRITORIALES - SERVICIOS PUBLICOS,NO DEFINIDO,NO DEFINIDO,NO APLICA,3000000.0,12161610.0,2021,Cuarto Trimestre,,,,,,,,,,,,,,,,,,,,,,
209912,20220301,923272885,E.S.P Por Santa Rosa Sostenible S.A.S,2.1.8.01,IMPUESTOS,GASTOS,FUNCIONAMIENTO,"GASTOS POR TRIBUTOS, TASAS, CONTRIBUCIONES, MULTAS, SANCIONES E INTERESES DE MORA",IMPUESTOS,No Aplica,No Aplica,No Aplica,No Aplica,No Aplica,No Aplica,VIGENCIA ACTUAL,ENTIDADES DIFERENTES A ENTIDADES TERRITORIALES - GESTION GENERAL,NO DEFINIDO,NO DEFINIDO,NO DEFINIDO,5872225.0,5872225.0,2022,Primer Trimestre,,,,,,,,,,,,,,,,,,,,,,
210319,20220301,923272885,E.S.P Por Santa Rosa Sostenible S.A.S,2.1.8.04.01,CUOTA DE FISCALIZACION Y AUDITAJE,GASTOS,FUNCIONAMIENTO,"GASTOS POR TRIBUTOS, TASAS, CONTRIBUCIONES, MULTAS, SANCIONES E INTERESES DE MORA",CONTRIBUCIONES,CUOTA DE FISCALIZACION Y AUDITAJE,No Aplica,No Aplica,No Aplica,No Aplica,No Aplica,VIGENCIA ACTUAL,ENTIDADES DIFERENTES A ENTIDADES TERRITORIALES - GESTION GENERAL,NO DEFINIDO,NO DEFINIDO,NO APLICA,1200000.0,1200000.0,2022,Primer Trimestre,,,,,,,,,,,,,,,,,,,,,,
212717,20210901,923272885,E.S.P Por Santa Rosa Sostenible S.A.S,2.1.1.01.01.001.08.01,PRIMA DE NAVIDAD,GASTOS,FUNCIONAMIENTO,GASTOS DE PERSONAL,PLANTA DE PERSONAL PERMANENTE,FACTORES CONSTITUTIVOS DE SALARIO,FACTORES SALARIALES COMUNES,PRESTACIONES SOCIALES,PRIMA DE NAVIDAD,No Aplica,No Aplica,VIGENCIA ACTUAL,ENTIDADES TERRITORIALES - SERVICIOS PUBLICOS,NO DEFINIDO,NO DEFINIDO,NO APLICA,4918333.0,6035333.0,2021,Tercer Trimestre,,,,,,,,,,,,,,,,,,,,,,
216426,20211201,923272885,E.S.P Por Santa Rosa Sostenible S.A.S,2.1.8.01,IMPUESTOS,GASTOS,FUNCIONAMIENTO,"GASTOS POR TRIBUTOS, TASAS, CONTRIBUCIONES, MULTAS, SANCIONES E INTERESES DE MORA",IMPUESTOS,No Aplica,No Aplica,No Aplica,No Aplica,No Aplica,No Aplica,VIGENCIA ACTUAL,ENTIDADES TERRITORIALES - SERVICIOS PUBLICOS,NO DEFINIDO,NO DEFINIDO,NO DEFINIDO,60027200.0,50754540.0,2021,Cuarto Trimestre,,,,,,,,,,,,,,,,,,,,,,
218651,20211201,923272885,E.S.P Por Santa Rosa Sostenible S.A.S,2.1.1.01.01.001,FACTORES SALARIALES COMUNES,GASTOS,FUNCIONAMIENTO,GASTOS DE PERSONAL,PLANTA DE PERSONAL PERMANENTE,FACTORES CONSTITUTIVOS DE SALARIO,FACTORES SALARIALES COMUNES,No Aplica,No Aplica,No Aplica,No Aplica,VIGENCIA ACTUAL,ENTIDADES TERRITORIALES - SERVICIOS PUBLICOS,NO DEFINIDO,NO DEFINIDO,NO DEFINIDO,65222333.0,79762333.0,2021,Cuarto Trimestre,,,,,,,,,,,,,,,,,,,,,,
224934,20221201,923272885,E.S.P Por Santa Rosa Sostenible S.A.S,2.1.8.01,IMPUESTOS,GASTOS,FUNCIONAMIENTO,"GASTOS POR TRIBUTOS, TASAS, CONTRIBUCIONES, MULTAS, SANCIONES E INTERESES DE MORA",IMPUESTOS,No Aplica,No Aplica,No Aplica,No Aplica,No Aplica,No Aplica,VIGENCIA ACTUAL,ENTIDADES DIFERENTES A ENTIDADES TERRITORIALES - GESTION GENERAL,NO DEFINIDO,NO DEFINIDO,NO DEFINIDO,5872225.0,7306725.0,2022,Cuarto Trimestre,,,,,,,,,,,,,,,,,,,,,,
228195,20230601,923272885,E.S.P Por Santa Rosa Sostenible S.A.S,2.1.8.01.14,GRAVAMEN A LOS MOVIMIENTOS FINANCIEROS,GASTOS,FUNCIONAMIENTO,"GASTOS POR TRIBUTOS, TASAS, CONTRIBUCIONES, MULTAS, SANCIONES E INTERESES DE MORA",IMPUESTOS,GRAVAMEN A LOS MOVIMIENTOS FINANCIEROS,No Aplica,No Aplica,No Aplica,No Aplica,No Aplica,VIGENCIA ACTUAL,ENTIDADES DIFERENTES A ENTIDADES TERRITORIALES - GESTION GENERAL,NO DEFINIDO,NO DEFINIDO,NO APLICA,4872225.0,4872225.0,2023,Segundo Trimestre,,,,,,,,,,,,,,,,,,,,,,
228230,20220901,923272885,E.S.P Por Santa Rosa Sostenible S.A.S,2.1.1.01.01.001.07,BONIFICACION POR SERVICIOS PRESTADOS,GASTOS,FUNCIONAMIENTO,GASTOS DE PERSONAL,PLANTA DE PERSONAL PERMANENTE,FACTORES CONSTITUTIVOS DE SALARIO,FACTORES SALARIALES COMUNES,BONIFICACION POR SERVICIOS PRESTADOS,No Aplica,No Aplica,No Aplica,VIGENCIA ACTUAL,ENTIDADES DIFERENTES A ENTIDADES TERRITORIALES - GESTION GENERAL,NO DEFINIDO,NO DEFINIDO,NO APLICA,2089927.0,2089927.0,2022,Tercer Trimestre,,,,,,,,,,,,,,,,,,,,,,
233893,20210301,923272885,E.S.P Por Santa Rosa Sostenible S.A.S,2.1.8.04,CONTRIBUCIONES,GASTOS,FUNCIONAMIENTO,"GASTOS POR TRIBUTOS, TASAS, CONTRIBUCIONES, MULTAS, SANCIONES E INTERESES DE MORA",CONTRIBUCIONES,No Aplica,No Aplica,No Aplica,No Aplica,No Aplica,No Aplica,VIGENCIA ACTUAL,ENTIDADES TERRITORIALES - SERVICIOS PUBLICOS,NO DEFINIDO,NO DEFINIDO,NO DEFINIDO,3000000.0,3000000.0,2021,Primer Trimestre,,,,,,,,,,,,,,,,,,,,,,
235244,20211201,923272885,E.S.P Por Santa Rosa Sostenible S.A.S,2.1.2.01.01.005,OTROS ACTIVOS FIJOS,GASTOS,FUNCIONAMIENTO,ADQUISICION DE BIENES Y SERVICIOS,ADQUISICION DE ACTIVOS NO FINANCIEROS,ACTIVOS FIJOS,OTROS ACTIVOS FIJOS,No Aplica,No Aplica,No Aplica,No Aplica,VIGENCIA ACTUAL,ENTIDADES TERRITORIALES - SERVICIOS PUBLICOS,NO DEFINIDO,NO DEFINIDO,NO DEFINIDO,3400000.0,4035000.0,2021,Cuarto Trimestre,,,,,,,,,,,,,,,,,,,,,,
238723,20210901,923272885,E.S.P Por Santa Rosa Sostenible S.A.S,2.1.1.01.01.001.05,AUXILIO DE TRANSPORTE,GASTOS,FUNCIONAMIENTO,GASTOS DE PERSONAL,PLANTA DE PERSONAL PERMANENTE,FACTORES CONSTITUTIVOS DE SALARIO,FACTORES SALARIALES COMUNES,AUXILIO DE TRANSPORTE,No Aplica,No Aplica,No Aplica,VIGENCIA ACTUAL,ENTIDADES TERRITORIALES - SERVICIOS PUBLICOS,NO DEFINIDO,NO DEFINIDO,NO APLICA,1284000.0,1284000.0,2021,Tercer Trimestre,,,,,,,,,,,,,,,,,,,,,,
246019,20230301,923272885,E.S.P Por Santa Rosa Sostenible S.A.S,2.1.1.01.01.001.06,PRIMA DE SERVICIO,GASTOS,FUNCIONAMIENTO,GASTOS DE PERSONAL,PLANTA DE PERSONAL PERMANENTE,FACTORES CONSTITUTIVOS DE SALARIO,FACTORES SALARIALES COMUNES,PRIMA DE SERVICIO,No Aplica,No Aplica,No Aplica,VIGENCIA ACTUAL,ENTIDADES DIFERENTES A ENTIDADES TERRITORIALES - GESTION GENERAL,NO DEFINIDO,NO DEFINIDO,NO APLICA,3620000.0,3620000.0,2023,Primer Trimestre,,,,,,,,,,,,,,,,,,,,,,
253713,20221201,923272885,E.S.P Por Santa Rosa Sostenible S.A.S,2.1.1.01.01.001.08,PRESTACIONES SOCIALES,GASTOS,FUNCIONAMIENTO,GASTOS DE PERSONAL,PLANTA DE PERSONAL PERMANENTE,FACTORES CONSTITUTIVOS DE SALARIO,FACTORES SALARIALES COMUNES,PRESTACIONES SOCIALES,No Aplica,No Aplica,No Aplica,VIGENCIA ACTUAL,ENTIDADES DIFERENTES A ENTIDADES TERRITORIALES - GESTION GENERAL,NO DEFINIDO,NO DEFINIDO,NO DEFINIDO,9657619.0,10719619.0,2022,Cuarto Trimestre,,,,,,,,,,,,,,,,,,,,,,
254671,20210301,923272885,E.S.P Por Santa Rosa Sostenible S.A.S,2.1.1.01.02.002,APORTES A LA SEGURIDAD SOCIAL EN SALUD,GASTOS,FUNCIONAMIENTO,GASTOS DE PERSONAL,PLANTA DE PERSONAL PERMANENTE,CONTRIBUCIONES INHERENTES A LA NOMINA,APORTES A LA SEGURIDAD SOCIAL EN SALUD,No Aplica,No Aplica,No Aplica,No Aplica,VIGENCIA ACTUAL,ENTIDADES TERRITORIALES - SERVICIOS PUBLICOS,NO DEFINIDO,NO DEFINIDO,NO APLICA,4630800.0,5682800.0,2021,Primer Trimestre,,,,,,,,,,,,,,,,,,,,,,
261276,20210901,923272885,E.S.P Por Santa Rosa Sostenible S.A.S,2.1.2.01.01.003,MAQUINARIA Y EQUIPO,GASTOS,FUNCIONAMIENTO,ADQUISICION DE BIENES Y SERVICIOS,ADQUISICION DE ACTIVOS NO FINANCIEROS,ACTIVOS FIJOS,MAQUINARIA Y EQUIPO,No Aplica,No Aplica,No Aplica,No Aplica,VIGENCIA ACTUAL,ENTIDADES TERRITORIALES - SERVICIOS PUBLICOS,NO DEFINIDO,NO DEFINIDO,NO DEFINIDO,16950000.0,6516101.0,2021,Tercer Trimestre,,,,,,,,,,,,,,,,,,,,,,
263231,20210901,923272885,E.S.P Por Santa Rosa Sostenible S.A.S,2.1.8.01.14,GRAVAMEN A LOS MOVIMIENTOS FINANCIEROS,GASTOS,FUNCIONAMIENTO,"GASTOS POR TRIBUTOS, TASAS, CONTRIBUCIONES, MULTAS, SANCIONES E INTERESES DE MORA",IMPUESTOS,GRAVAMEN A LOS MOVIMIENTOS FINANCIEROS,No Aplica,No Aplica,No Aplica,No Aplica,No Aplica,VIGENCIA ACTUAL,ENTIDADES TERRITORIALES - SERVICIOS PUBLICOS,NO DEFINIDO,NO DEFINIDO,NO APLICA,10027200.0,10027200.0,2021,Tercer Trimestre,,,,,,,,,,,,,,,,,,,,,,
264170,20230601,923272885,E.S.P Por Santa Rosa Sostenible S.A.S,2.1.1.01.02.003,APORTES DE CESANTIAS,GASTOS,FUNCIONAMIENTO,GASTOS DE PERSONAL,PLANTA DE PERSONAL PERMANENTE,CONTRIBUCIONES INHERENTES A LA NOMINA,APORTES DE CESANTIAS,No Aplica,No Aplica,No Aplica,No Aplica,VIGENCIA ACTUAL,ENTIDADES DIFERENTES A ENTIDADES TERRITORIALES - GESTION GENERAL,NO DEFINIDO,NO DEFINIDO,NO APLICA,9790000.0,8091407.0,2023,Segundo Trimestre,,,,,,,,,,,,,,,,,,,,,,
277586,20211201,923272885,E.S.P Por Santa Rosa Sostenible S.A.S,2.1.1.01.01.001.01,SUELDO BASICO,GASTOS,FUNCIONAMIENTO,GASTOS DE PERSONAL,PLANTA DE PERSONAL PERMANENTE,FACTORES CONSTITUTIVOS DE SALARIO,FACTORES SALARIALES COMUNES,SUELDO BASICO,No Aplica,No Aplica,No Aplica,VIGENCIA ACTUAL,ENTIDADES TERRITORIALES - SERVICIOS PUBLICOS,NO DEFINIDO,NO DEFINIDO,NO APLICA,54480000.0,66863000.0,2021,Cuarto Trimestre,,,,,,,,,,,,,,,,,,,,,,
282070,20230601,923272885,E.S.P Por Santa Rosa Sostenible S.A.S,2.1.1.01.02.005,APORTES GENERALES AL SISTEMA DE RIESGOS LABORALES,GASTOS,FUNCIONAMIENTO,GASTOS DE PERSONAL,PLANTA DE PERSONAL PERMANENTE,CONTRIBUCIONES INHERENTES A LA NOMINA,APORTES GENERALES AL SISTEMA DE RIESGOS LABORALES,No Aplica,No Aplica,No Aplica,No Aplica,VIGENCIA ACTUAL,ENTIDADES DIFERENTES A ENTIDADES TERRITORIALES - GESTION GENERAL,NO DEFINIDO,NO DEFINIDO,NO APLICA,437000.0,437000.0,2023,Segundo Trimestre,,,,,,,,,,,,,,,,,,,,,,
283031,20221201,923272885,E.S.P Por Santa Rosa Sostenible S.A.S,2.1.1.01,PLANTA DE PERSONAL PERMANENTE,GASTOS,FUNCIONAMIENTO,GASTOS DE PERSONAL,PLANTA DE PERSONAL PERMANENTE,No Aplica,No Aplica,No Aplica,No Aplica,No Aplica,No Aplica,VIGENCIA ACTUAL,ENTIDADES DIFERENTES A ENTIDADES TERRITORIALES - GESTION GENERAL,NO DEFINIDO,NO DEFINIDO,NO DEFINIDO,115992967.0,116775810.0,2022,Cuarto Trimestre,,,,,,,,,,,,,,,,,,,,,,
286776,20211201,923272885,E.S.P Por Santa Rosa Sostenible S.A.S,2.1.1.01.03.001,PRESTACIONES SOCIALES,GASTOS,FUNCIONAMIENTO,GASTOS DE PERSONAL,PLANTA DE PERSONAL PERMANENTE,REMUNERACIONES NO CONSTITUTIVAS DE FACTOR SALARIAL,PRESTACIONES SOCIALES,No Aplica,No Aplica,No Aplica,No Aplica,VIGENCIA ACTUAL,ENTIDADES TERRITORIALES - SERVICIOS PUBLICOS,NO DEFINIDO,NO DEFINIDO,NO DEFINIDO,2572667.0,3162667.0,2021,Cuarto Trimestre,,,,,,,,,,,,,,,,,,,,,,
288484,20220901,923272885,E.S.P Por Santa Rosa Sostenible S.A.S,2.1.8.05,"MULTAS, SANCIONES E INTERESES DE MORA",GASTOS,FUNCIONAMIENTO,"GASTOS POR TRIBUTOS, TASAS, CONTRIBUCIONES, MULTAS, SANCIONES E INTERESES DE MORA","MULTAS, SANCIONES E INTERESES DE MORA",No Aplica,No Aplica,No Aplica,No Aplica,No Aplica,No Aplica,VIGENCIA ACTUAL,ENTIDADES DIFERENTES A ENTIDADES TERRITORIALES - GESTION GENERAL,NO DEFINIDO,NO DEFINIDO,NO DEFINIDO,500000.0,509000.0,2022,Tercer Trimestre,,,,,,,,,,,,,,,,,,,,,,
293733,20230601,923272885,E.S.P Por Santa Rosa Sostenible S.A.S,2.1.1.01.01.001,FACTORES SALARIALES COMUNES,GASTOS,FUNCIONAMIENTO,GASTOS DE PERSONAL,PLANTA DE PERSONAL PERMANENTE,FACTORES CONSTITUTIVOS DE SALARIO,FACTORES SALARIALES COMUNES,No Aplica,No Aplica,No Aplica,No Aplica,VIGENCIA ACTUAL,ENTIDADES DIFERENTES A ENTIDADES TERRITORIALES - GESTION GENERAL,NO DEFINIDO,NO DEFINIDO,NO DEFINIDO,107486000.0,106201240.0,2023,Segundo Trimestre,,,,,,,,,,,,,,,,,,,,,,
299816,20221201,923272885,E.S.P Por Santa Rosa Sostenible S.A.S,2.1.1.01.02.005,APORTES GENERALES AL SISTEMA DE RIESGOS LABORALES,GASTOS,FUNCIONAMIENTO,GASTOS DE PERSONAL,PLANTA DE PERSONAL PERMANENTE,CONTRIBUCIONES INHERENTES A LA NOMINA,APORTES GENERALES AL SISTEMA DE RIESGOS LABORALES,No Aplica,No Aplica,No Aplica,No Aplica,VIGENCIA ACTUAL,ENTIDADES DIFERENTES A ENTIDADES TERRITORIALES - GESTION GENERAL,NO DEFINIDO,NO DEFINIDO,NO APLICA,1745507.0,445507.0,2022,Cuarto Trimestre,,,,,,,,,,,,,,,,,,,,,,
301500,20210601,923272885,E.S.P Por Santa Rosa Sostenible S.A.S,2.1.2.01.01.005.02.03.01,PROGRAMAS DE INFORMATICA,GASTOS,FUNCIONAMIENTO,ADQUISICION DE BIENES Y SERVICIOS,ADQUISICION DE ACTIVOS NO FINANCIEROS,ACTIVOS FIJOS,OTROS ACTIVOS FIJOS,PRODUCTOS DE LA PROPIEDAD INTELECTUAL,PROGRAMAS DE INFORMATICA Y BASES DE DATOS,PROGRAMAS DE INFORMATICA,No Aplica,VIGENCIA ACTUAL,ENTIDADES TERRITORIALES - SERVICIOS PUBLICOS,NO DEFINIDO,NO DEFINIDO,NO DEFINIDO,3400000.0,3400000.0,2021,Segundo Trimestre,,,,,,,,,,,,,,,,,,,,,,
302996,20221201,923272885,E.S.P Por Santa Rosa Sostenible S.A.S,2.1.1.01.01.001,FACTORES SALARIALES COMUNES,GASTOS,FUNCIONAMIENTO,GASTOS DE PERSONAL,PLANTA DE PERSONAL PERMANENTE,FACTORES CONSTITUTIVOS DE SALARIO,FACTORES SALARIALES COMUNES,No Aplica,No Aplica,No Aplica,No Aplica,VIGENCIA ACTUAL,ENTIDADES DIFERENTES A ENTIDADES TERRITORIALES - GESTION GENERAL,NO DEFINIDO,NO DEFINIDO,NO DEFINIDO,93193860.0,92595086.0,2022,Cuarto Trimestre,,,,,,,,,,,,,,,,,,,,,,
307364,20220901,923272885,E.S.P Por Santa Rosa Sostenible S.A.S,2.1.8.01.53,IMPUESTO DE REGISTRO,GASTOS,FUNCIONAMIENTO,"GASTOS POR TRIBUTOS, TASAS, CONTRIBUCIONES, MULTAS, SANCIONES E INTERESES DE MORA",IMPUESTOS,IMPUESTO DE REGISTRO,No Aplica,No Aplica,No Aplica,No Aplica,No Aplica,VIGENCIA ACTUAL,ENTIDADES DIFERENTES A ENTIDADES TERRITORIALES - GESTION GENERAL,NO DEFINIDO,NO DEFINIDO,NO APLICA,0.0,2434500.0,2022,Tercer Trimestre,,,,,,,,,,,,,,,,,,,,,,
307692,20220901,923272885,E.S.P Por Santa Rosa Sostenible S.A.S,2.1.8.01,IMPUESTOS,GASTOS,FUNCIONAMIENTO,"GASTOS POR TRIBUTOS, TASAS, CONTRIBUCIONES, MULTAS, SANCIONES E INTERESES DE MORA",IMPUESTOS,No Aplica,No Aplica,No Aplica,No Aplica,No Aplica,No Aplica,VIGENCIA ACTUAL,ENTIDADES DIFERENTES A ENTIDADES TERRITORIALES - GESTION GENERAL,NO DEFINIDO,NO DEFINIDO,NO DEFINIDO,5872225.0,8306725.0,2022,Tercer Trimestre,,,,,,,,,,,,,,,,,,,,,,
311638,20221201,923272885,E.S.P Por Santa Rosa Sostenible S.A.S,2.1.1.01.01.001.01,SUELDO BASICO,GASTOS,FUNCIONAMIENTO,GASTOS DE PERSONAL,PLANTA DE PERSONAL PERMANENTE,FACTORES CONSTITUTIVOS DE SALARIO,FACTORES SALARIALES COMUNES,SUELDO BASICO,No Aplica,No Aplica,No Aplica,VIGENCIA ACTUAL,ENTIDADES DIFERENTES A ENTIDADES TERRITORIALES - GESTION GENERAL,NO DEFINIDO,NO DEFINIDO,NO APLICA,71654640.0,71437355.0,2022,Cuarto Trimestre,,,,,,,,,,,,,,,,,,,,,,
312567,20221201,923272885,E.S.P Por Santa Rosa Sostenible S.A.S,2,GASTOS,GASTOS,No Aplica,No Aplica,No Aplica,No Aplica,No Aplica,No Aplica,No Aplica,No Aplica,No Aplica,VIGENCIA ACTUAL,ENTIDADES DIFERENTES A ENTIDADES TERRITORIALES - GESTION GENERAL,NO DEFINIDO,NO DEFINIDO,NO DEFINIDO,2740000000.0,3898889335.0,2022,Cuarto Trimestre,,,,,,,,,,,,,,,,,,,,,,
314434,20220301,923272885,E.S.P Por Santa Rosa Sostenible S.A.S,2.1.1.01.01.001.07,BONIFICACION POR SERVICIOS PRESTADOS,GASTOS,FUNCIONAMIENTO,GASTOS DE PERSONAL,PLANTA DE PERSONAL PERMANENTE,FACTORES CONSTITUTIVOS DE SALARIO,FACTORES SALARIALES COMUNES,BONIFICACION POR SERVICIOS PRESTADOS,No Aplica,No Aplica,No Aplica,VIGENCIA ACTUAL,ENTIDADES DIFERENTES A ENTIDADES TERRITORIALES - GESTION GENERAL,NO DEFINIDO,NO DEFINIDO,NO APLICA,2089927.0,2089927.0,2022,Primer Trimestre,,,,,,,,,,,,,,,,,,,,,,
323253,20211201,923272885,E.S.P Por Santa Rosa Sostenible S.A.S,2.1.8,"GASTOS POR TRIBUTOS, TASAS, CONTRIBUCIONES, MULTAS, SANCIONES E INTERESES DE MORA",GASTOS,FUNCIONAMIENTO,"GASTOS POR TRIBUTOS, TASAS, CONTRIBUCIONES, MULTAS, SANCIONES E INTERESES DE MORA",No Aplica,No Aplica,No Aplica,No Aplica,No Aplica,No Aplica,No Aplica,VIGENCIA ACTUAL,ENTIDADES TERRITORIALES - SERVICIOS PUBLICOS,NO DEFINIDO,NO DEFINIDO,NO DEFINIDO,63127200.0,57284429.0,2021,Cuarto Trimestre,,,,,,,,,,,,,,,,,,,,,,
325896,20220301,923272885,E.S.P Por Santa Rosa Sostenible S.A.S,2.1.1.01,PLANTA DE PERSONAL PERMANENTE,GASTOS,FUNCIONAMIENTO,GASTOS DE PERSONAL,PLANTA DE PERSONAL PERMANENTE,No Aplica,No Aplica,No Aplica,No Aplica,No Aplica,No Aplica,VIGENCIA ACTUAL,ENTIDADES DIFERENTES A ENTIDADES TERRITORIALES - GESTION GENERAL,NO DEFINIDO,NO DEFINIDO,NO DEFINIDO,115992967.0,123309850.0,2022,Primer Trimestre,,,,,,,,,,,,,,,,,,,,,,
326296,20230601,923272885,E.S.P Por Santa Rosa Sostenible S.A.S,2.1.1.01.02.001,APORTES A LA SEGURIDAD SOCIAL EN PENSIONES,GASTOS,FUNCIONAMIENTO,GASTOS DE PERSONAL,PLANTA DE PERSONAL PERMANENTE,CONTRIBUCIONES INHERENTES A LA NOMINA,APORTES A LA SEGURIDAD SOCIAL EN PENSIONES,No Aplica,No Aplica,No Aplica,No Aplica,VIGENCIA ACTUAL,ENTIDADES DIFERENTES A ENTIDADES TERRITORIALES - GESTION GENERAL,NO DEFINIDO,NO DEFINIDO,NO APLICA,10045000.0,9045000.0,2023,Segundo Trimestre,,,,,,,,,,,,,,,,,,,,,,
328252,20210901,923272885,E.S.P Por Santa Rosa Sostenible S.A.S,2.1.1.01.02.007,APORTES AL SENA,GASTOS,FUNCIONAMIENTO,GASTOS DE PERSONAL,PLANTA DE PERSONAL PERMANENTE,CONTRIBUCIONES INHERENTES A LA NOMINA,APORTES AL SENA,No Aplica,No Aplica,No Aplica,No Aplica,VIGENCIA ACTUAL,ENTIDADES TERRITORIALES - SERVICIOS PUBLICOS,NO DEFINIDO,NO DEFINIDO,NO APLICA,0.0,111500.0,2021,Tercer Trimestre,,,,,,,,,,,,,,,,,,,,,,
328906,20221201,923272885,E.S.P Por Santa Rosa Sostenible S.A.S,2.1.1.01.02.004,APORTES A CAJAS DE COMPENSACION FAMILIAR,GASTOS,FUNCIONAMIENTO,GASTOS DE PERSONAL,PLANTA DE PERSONAL PERMANENTE,CONTRIBUCIONES INHERENTES A LA NOMINA,APORTES A CAJAS DE COMPENSACION FAMILIAR,No Aplica,No Aplica,No Aplica,No Aplica,VIGENCIA ACTUAL,ENTIDADES DIFERENTES A ENTIDADES TERRITORIALES - GESTION GENERAL,NO DEFINIDO,NO DEFINIDO,NO APLICA,2866186.0,3090700.0,2022,Cuarto Trimestre,,,,,,,,,,,,,,,,,,,,,,
329403,20210601,923272885,E.S.P Por Santa Rosa Sostenible S.A.S,2.1.1.01.01.001.08.02,PRIMA DE VACACIONES,GASTOS,FUNCIONAMIENTO,GASTOS DE PERSONAL,PLANTA DE PERSONAL PERMANENTE,FACTORES CONSTITUTIVOS DE SALARIO,FACTORES SALARIALES COMUNES,PRESTACIONES SOCIALES,PRIMA DE VACACIONES,No Aplica,No Aplica,VIGENCIA ACTUAL,ENTIDADES TERRITORIALES - SERVICIOS PUBLICOS,NO DEFINIDO,NO DEFINIDO,NO APLICA,2270000.0,2790000.0,2021,Segundo Trimestre,,,,,,,,,,,,,,,,,,,,,,
329738,20210301,923272885,E.S.P Por Santa Rosa Sostenible S.A.S,2.1.1.01.02.005,APORTES GENERALES AL SISTEMA DE RIESGOS LABORALES,GASTOS,FUNCIONAMIENTO,GASTOS DE PERSONAL,PLANTA DE PERSONAL PERMANENTE,CONTRIBUCIONES INHERENTES A LA NOMINA,APORTES GENERALES AL SISTEMA DE RIESGOS LABORALES,No Aplica,No Aplica,No Aplica,No Aplica,VIGENCIA ACTUAL,ENTIDADES TERRITORIALES - SERVICIOS PUBLICOS,NO DEFINIDO,NO DEFINIDO,NO APLICA,1327133.0,1629133.0,2021,Primer Trimestre,,,,,,,,,,,,,,,,,,,,,,
333769,20210301,923272885,E.S.P Por Santa Rosa Sostenible S.A.S,2.1.1.01.02.003,APORTES DE CESANTIAS,GASTOS,FUNCIONAMIENTO,GASTOS DE PERSONAL,PLANTA DE PERSONAL PERMANENTE,CONTRIBUCIONES INHERENTES A LA NOMINA,APORTES DE CESANTIAS,No Aplica,No Aplica,No Aplica,No Aplica,VIGENCIA ACTUAL,ENTIDADES TERRITORIALES - SERVICIOS PUBLICOS,NO DEFINIDO,NO DEFINIDO,NO APLICA,5872995.0,7302995.0,2021,Primer Trimestre,,,,,,,,,,,,,,,,,,,,,,
356595,20210901,923272885,E.S.P Por Santa Rosa Sostenible S.A.S,2.1.2.01.01.005,OTROS ACTIVOS FIJOS,GASTOS,FUNCIONAMIENTO,ADQUISICION DE BIENES Y SERVICIOS,ADQUISICION DE ACTIVOS NO FINANCIEROS,ACTIVOS FIJOS,OTROS ACTIVOS FIJOS,No Aplica,No Aplica,No Aplica,No Aplica,VIGENCIA ACTUAL,ENTIDADES TERRITORIALES - SERVICIOS PUBLICOS,NO DEFINIDO,NO DEFINIDO,NO DEFINIDO,3400000.0,3400000.0,2021,Tercer Trimestre,,,,,,,,,,,,,,,,,,,,,,
359972,20210901,923272885,E.S.P Por Santa Rosa Sostenible S.A.S,2.1.2.01.01.005.02.03.01.01,PAQUETES DE SOFTWARE,GASTOS,FUNCIONAMIENTO,ADQUISICION DE BIENES Y SERVICIOS,ADQUISICION DE ACTIVOS NO FINANCIEROS,ACTIVOS FIJOS,OTROS ACTIVOS FIJOS,PRODUCTOS DE LA PROPIEDAD INTELECTUAL,PROGRAMAS DE INFORMATICA Y BASES DE DATOS,PROGRAMAS DE INFORMATICA,PAQUETES DE SOFTWARE,VIGENCIA ACTUAL,ENTIDADES TERRITORIALES - SERVICIOS PUBLICOS,NO DEFINIDO,NO DEFINIDO,NO APLICA,3400000.0,3400000.0,2021,Tercer Trimestre,,,,,,,,,,,,,,,,,,,,,,
362819,20220301,923272885,E.S.P Por Santa Rosa Sostenible S.A.S,2.1.1.01.01.001.01,SUELDO BASICO,GASTOS,FUNCIONAMIENTO,GASTOS DE PERSONAL,PLANTA DE PERSONAL PERMANENTE,FACTORES CONSTITUTIVOS DE SALARIO,FACTORES SALARIALES COMUNES,SUELDO BASICO,No Aplica,No Aplica,No Aplica,VIGENCIA ACTUAL,ENTIDADES DIFERENTES A ENTIDADES TERRITORIALES - GESTION GENERAL,NO DEFINIDO,NO DEFINIDO,NO APLICA,71654640.0,71654640.0,2022,Primer Trimestre,,,,,,,,,,,,,,,,,,,,,,
364988,20211201,923272885,E.S.P Por Santa Rosa Sostenible S.A.S,2.1.8.05.01,MULTAS Y SANCIONES,GASTOS,FUNCIONAMIENTO,"GASTOS POR TRIBUTOS, TASAS, CONTRIBUCIONES, MULTAS, SANCIONES E INTERESES DE MORA","MULTAS, SANCIONES E INTERESES DE MORA",MULTAS Y SANCIONES,No Aplica,No Aplica,No Aplica,No Aplica,No Aplica,VIGENCIA ACTUAL,ENTIDADES TERRITORIALES - SERVICIOS PUBLICOS,NO DEFINIDO,NO DEFINIDO,NO DEFINIDO,0.0,712000.0,2021,Cuarto Trimestre,,,,,,,,,,,,,,,,,,,,,,
372989,20220301,923272885,E.S.P Por Santa Rosa Sostenible S.A.S,2.1.8.05,"MULTAS, SANCIONES E INTERESES DE MORA",GASTOS,FUNCIONAMIENTO,"GASTOS POR TRIBUTOS, TASAS, CONTRIBUCIONES, MULTAS, SANCIONES E INTERESES DE MORA","MULTAS, SANCIONES E INTERESES DE MORA",No Aplica,No Aplica,No Aplica,No Aplica,No Aplica,No Aplica,VIGENCIA ACTUAL,ENTIDADES DIFERENTES A ENTIDADES TERRITORIALES - GESTION GENERAL,NO DEFINIDO,NO DEFINIDO,NO DEFINIDO,500000.0,509000.0,2022,Primer Trimestre,,,,,,,,,,,,,,,,,,,,,,
385324,20210601,923272885,E.S.P Por Santa Rosa Sostenible S.A.S,2.1.8.04.01,CUOTA DE FISCALIZACION Y AUDITAJE,GASTOS,FUNCIONAMIENTO,"GASTOS POR TRIBUTOS, TASAS, CONTRIBUCIONES, MULTAS, SANCIONES E INTERESES DE MORA",CONTRIBUCIONES,CUOTA DE FISCALIZACION Y AUDITAJE,No Aplica,No Aplica,No Aplica,No Aplica,No Aplica,VIGENCIA ACTUAL,ENTIDADES TERRITORIALES - SERVICIOS PUBLICOS,NO DEFINIDO,NO DEFINIDO,NO APLICA,3000000.0,3000000.0,2021,Segundo Trimestre,,,,,,,,,,,,,,,,,,,,,,
385948,20230601,923272885,E.S.P Por Santa Rosa Sostenible S.A.S,2.1.1.01.02.004,APORTES A CAJAS DE COMPENSACION FAMILIAR,GASTOS,FUNCIONAMIENTO,GASTOS DE PERSONAL,PLANTA DE PERSONAL PERMANENTE,CONTRIBUCIONES INHERENTES A LA NOMINA,APORTES A CAJAS DE COMPENSACION FAMILIAR,No Aplica,No Aplica,No Aplica,No Aplica,VIGENCIA ACTUAL,ENTIDADES DIFERENTES A ENTIDADES TERRITORIALES - GESTION GENERAL,NO DEFINIDO,NO DEFINIDO,NO APLICA,3348000.0,3348000.0,2023,Segundo Trimestre,,,,,,,,,,,,,,,,,,,,,,
386986,20220901,923272885,E.S.P Por Santa Rosa Sostenible S.A.S,2.1.8.04.01,CUOTA DE FISCALIZACION Y AUDITAJE,GASTOS,FUNCIONAMIENTO,"GASTOS POR TRIBUTOS, TASAS, CONTRIBUCIONES, MULTAS, SANCIONES E INTERESES DE MORA",CONTRIBUCIONES,CUOTA DE FISCALIZACION Y AUDITAJE,No Aplica,No Aplica,No Aplica,No Aplica,No Aplica,VIGENCIA ACTUAL,ENTIDADES DIFERENTES A ENTIDADES TERRITORIALES - GESTION GENERAL,NO DEFINIDO,NO DEFINIDO,NO APLICA,1200000.0,4175375.0,2022,Tercer Trimestre,,,,,,,,,,,,,,,,,,,,,,
388137,20210301,923272885,E.S.P Por Santa Rosa Sostenible S.A.S,2.1.1.02,PERSONAL SUPERNUMERARIO Y PLANTA TEMPORAL,GASTOS,FUNCIONAMIENTO,GASTOS DE PERSONAL,PERSONAL SUPERNUMERARIO Y PLANTA TEMPORAL,No Aplica,No Aplica,No Aplica,No Aplica,No Aplica,No Aplica,VIGENCIA ACTUAL,ENTIDADES TERRITORIALES - SERVICIOS PUBLICOS,NO DEFINIDO,NO DEFINIDO,NO DEFINIDO,2270000.0,2790000.0,2021,Primer Trimestre,,,,,,,,,,,,,,,,,,,,,,
390954,20210301,923272885,E.S.P Por Santa Rosa Sostenible S.A.S,2.1.8.01.02,IMPUESTO SOBRE LA RENTA PARA LA EQUIDAD CREE,GASTOS,FUNCIONAMIENTO,"GASTOS POR TRIBUTOS, TASAS, CONTRIBUCIONES, MULTAS, SANCIONES E INTERESES DE MORA",IMPUESTOS,IMPUESTO SOBRE LA RENTA PARA LA EQUIDAD CREE,No Aplica,No Aplica,No Aplica,No Aplica,No Aplica,VIGENCIA ACTUAL,ENTIDADES TERRITORIALES - SERVICIOS PUBLICOS,NO DEFINIDO,NO DEFINIDO,NO APLICA,20000000.0,20000000.0,2021,Primer Trimestre,,,,,,,,,,,,,,,,,,,,,,
396317,20221201,923272885,E.S.P Por Santa Rosa Sostenible S.A.S,2.1.2.02.01,MATERIALES Y SUMINISTROS,GASTOS,FUNCIONAMIENTO,ADQUISICION DE BIENES Y SERVICIOS,ADQUISICIONES DIFERENTES DE ACTIVOS,MATERIALES Y SUMINISTROS,No Aplica,No Aplica,No Aplica,No Aplica,No Aplica,VIGENCIA ACTUAL,ENTIDADES DIFERENTES A ENTIDADES TERRITORIALES - GESTION GENERAL,NO DEFINIDO,NO DEFINIDO,NO DEFINIDO,525500000.0,659556440.0,2022,Cuarto Trimestre,,,,,,,,,,,,,,,,,,,,,,
396957,20210601,923272885,E.S.P Por Santa Rosa Sostenible S.A.S,2.1.1,GASTOS DE PERSONAL,GASTOS,FUNCIONAMIENTO,GASTOS DE PERSONAL,No Aplica,No Aplica,No Aplica,No Aplica,No Aplica,No Aplica,No Aplica,VIGENCIA ACTUAL,ENTIDADES TERRITORIALES - SERVICIOS PUBLICOS,NO DEFINIDO,NO DEFINIDO,NO DEFINIDO,83132261.0,110113061.0,2021,Segundo Trimestre,,,,,,,,,,,,,,,,,,,,,,
398167,20210301,923272885,E.S.P Por Santa Rosa Sostenible S.A.S,2.1.8.04.01,CUOTA DE FISCALIZACION Y AUDITAJE,GASTOS,FUNCIONAMIENTO,"GASTOS POR TRIBUTOS, TASAS, CONTRIBUCIONES, MULTAS, SANCIONES E INTERESES DE MORA",CONTRIBUCIONES,CUOTA DE FISCALIZACION Y AUDITAJE,No Aplica,No Aplica,No Aplica,No Aplica,No Aplica,VIGENCIA ACTUAL,ENTIDADES TERRITORIALES - SERVICIOS PUBLICOS,NO DEFINIDO,NO DEFINIDO,NO APLICA,3000000.0,3000000.0,2021,Primer Trimestre,,,,,,,,,,,,,,,,,,,,,,
409765,20210601,923272885,E.S.P Por Santa Rosa Sostenible S.A.S,2.1.2.01,ADQUISICION DE ACTIVOS NO FINANCIEROS,GASTOS,FUNCIONAMIENTO,ADQUISICION DE BIENES Y SERVICIOS,ADQUISICION DE ACTIVOS NO FINANCIEROS,No Aplica,No Aplica,No Aplica,No Aplica,No Aplica,No Aplica,VIGENCIA ACTUAL,ENTIDADES TERRITORIALES - SERVICIOS PUBLICOS,NO DEFINIDO,NO DEFINIDO,NO DEFINIDO,20350000.0,17518000.0,2021,Segundo Trimestre,,,,,,,,,,,,,,,,,,,,,,
422095,20211201,923272885,E.S.P Por Santa Rosa Sostenible S.A.S,2.1.1.01,PLANTA DE PERSONAL PERMANENTE,GASTOS,FUNCIONAMIENTO,GASTOS DE PERSONAL,PLANTA DE PERSONAL PERMANENTE,No Aplica,No Aplica,No Aplica,No Aplica,No Aplica,No Aplica,VIGENCIA ACTUAL,ENTIDADES TERRITORIALES - SERVICIOS PUBLICOS,NO DEFINIDO,NO DEFINIDO,NO DEFINIDO,83132261.0,110119552.0,2021,Cuarto Trimestre,,,,,,,,,,,,,,,,,,,,,,
427342,20210901,923272885,E.S.P Por Santa Rosa Sostenible S.A.S,2.1.2.02.02.006,"COMERCIO Y DISTRIBUCION; ALOJAMIENTO; SERVICIOS DE SUMINISTRO DE COMIDAS Y BEBIDAS; SERVICIOS DE TRANSPORTE; Y SERVICIOS DE DISTRIBUCION DE ELECTRICIDAD, GAS Y AGUA",GASTOS,FUNCIONAMIENTO,ADQUISICION DE BIENES Y SERVICIOS,ADQUISICIONES DIFERENTES DE ACTIVOS,ADQUISICION DE SERVICIOS,"COMERCIO Y DISTRIBUCION; ALOJAMIENTO; SERVICIOS DE SUMINISTRO DE COMIDAS Y BEBIDAS; SERVICIOS DE TRANSPORTE; Y SERVICIOS DE DISTRIBUCION DE ELECTRICIDAD, GAS Y AGUA",No Aplica,No Aplica,No Aplica,No Aplica,VIGENCIA ACTUAL,ENTIDADES TERRITORIALES - SERVICIOS PUBLICOS,NO DEFINIDO,NO DEFINIDO,NO APLICA,3000000.0,8114010.0,2021,Tercer Trimestre,,,,,,,,,,,,,,,,,,,,,,
429302,20210901,923272885,E.S.P Por Santa Rosa Sostenible S.A.S,2.1.1.01.03,REMUNERACIONES NO CONSTITUTIVAS DE FACTOR SALARIAL,GASTOS,FUNCIONAMIENTO,GASTOS DE PERSONAL,PLANTA DE PERSONAL PERMANENTE,REMUNERACIONES NO CONSTITUTIVAS DE FACTOR SALARIAL,No Aplica,No Aplica,No Aplica,No Aplica,No Aplica,VIGENCIA ACTUAL,ENTIDADES TERRITORIALES - SERVICIOS PUBLICOS,NO DEFINIDO,NO DEFINIDO,NO DEFINIDO,2572667.0,3162667.0,2021,Tercer Trimestre,,,,,,,,,,,,,,,,,,,,,,
431560,20230601,923272885,E.S.P Por Santa Rosa Sostenible S.A.S,2.1.2.01.01.003.03.02,"MAQUINARIA DE INFORMATICA Y SUS PARTES, PIEZAS Y ACCESORIOS",GASTOS,FUNCIONAMIENTO,ADQUISICION DE BIENES Y SERVICIOS,ADQUISICION DE ACTIVOS NO FINANCIEROS,ACTIVOS FIJOS,MAQUINARIA Y EQUIPO,"MAQUINARIA DE OFICINA, CONTABILIDAD E INFORMATICA","MAQUINARIA DE INFORMATICA Y SUS PARTES, PIEZAS Y ACCESORIOS",No Aplica,No Aplica,VIGENCIA ACTUAL,ENTIDADES DIFERENTES A ENTIDADES TERRITORIALES - GESTION GENERAL,NO DEFINIDO,NO DEFINIDO,NO APLICA,15000000.0,14360000.0,2023,Segundo Trimestre,,,,,,,,,,,,,,,,,,,,,,
432448,20230601,923272885,E.S.P Por Santa Rosa Sostenible S.A.S,2.1.1.01.03.001.03,BONIFICACION ESPECIAL DE RECREACION,GASTOS,FUNCIONAMIENTO,GASTOS DE PERSONAL,PLANTA DE PERSONAL PERMANENTE,REMUNERACIONES NO CONSTITUTIVAS DE FACTOR SALARIAL,PRESTACIONES SOCIALES,BONIFICACION ESPECIAL DE RECREACION,No Aplica,No Aplica,No Aplica,VIGENCIA ACTUAL,ENTIDADES DIFERENTES A ENTIDADES TERRITORIALES - GESTION GENERAL,NO DEFINIDO,NO DEFINIDO,NO APLICA,465000.0,465000.0,2023,Segundo Trimestre,,,,,,,,,,,,,,,,,,,,,,
432643,20210901,923272885,E.S.P Por Santa Rosa Sostenible S.A.S,2.4.5,GASTOS DE COMERCIALIZACION Y PRODUCCION,GASTOS,GASTOS DE OPERACION COMERCIAL,GASTOS DE COMERCIALIZACION Y PRODUCCION,No Aplica,No Aplica,No Aplica,No Aplica,No Aplica,No Aplica,No Aplica,VIGENCIA ACTUAL,ENTIDADES TERRITORIALES - SERVICIOS PUBLICOS,NO DEFINIDO,NO DEFINIDO,NO DEFINIDO,2099145140.0,2099145140.0,2021,Tercer Trimestre,,,,,,,,,,,,,,,,,,,,,,
435274,20221201,923272885,E.S.P Por Santa Rosa Sostenible S.A.S,2.1.1.01.02.002,APORTES A LA SEGURIDAD SOCIAL EN SALUD,GASTOS,FUNCIONAMIENTO,GASTOS DE PERSONAL,PLANTA DE PERSONAL PERMANENTE,CONTRIBUCIONES INHERENTES A LA NOMINA,APORTES A LA SEGURIDAD SOCIAL EN SALUD,No Aplica,No Aplica,No Aplica,No Aplica,VIGENCIA ACTUAL,ENTIDADES DIFERENTES A ENTIDADES TERRITORIALES - GESTION GENERAL,NO DEFINIDO,NO DEFINIDO,NO APLICA,0.0,457800.0,2022,Cuarto Trimestre,,,,,,,,,,,,,,,,,,,,,,
438238,20210901,923272885,E.S.P Por Santa Rosa Sostenible S.A.S,2.1.1.01.02.002,APORTES A LA SEGURIDAD SOCIAL EN SALUD,GASTOS,FUNCIONAMIENTO,GASTOS DE PERSONAL,PLANTA DE PERSONAL PERMANENTE,CONTRIBUCIONES INHERENTES A LA NOMINA,APORTES A LA SEGURIDAD SOCIAL EN SALUD,No Aplica,No Aplica,No Aplica,No Aplica,VIGENCIA ACTUAL,ENTIDADES TERRITORIALES - SERVICIOS PUBLICOS,NO DEFINIDO,NO DEFINIDO,NO APLICA,4630800.0,5682800.0,2021,Tercer Trimestre,,,,,,,,,,,,,,,,,,,,,,
450968,20230301,923272885,E.S.P Por Santa Rosa Sostenible S.A.S,2.1.1.01.03.001,PRESTACIONES SOCIALES,GASTOS,FUNCIONAMIENTO,GASTOS DE PERSONAL,PLANTA DE PERSONAL PERMANENTE,REMUNERACIONES NO CONSTITUTIVAS DE FACTOR SALARIAL,PRESTACIONES SOCIALES,No Aplica,No Aplica,No Aplica,No Aplica,VIGENCIA ACTUAL,ENTIDADES DIFERENTES A ENTIDADES TERRITORIALES - GESTION GENERAL,NO DEFINIDO,NO DEFINIDO,NO DEFINIDO,4380000.0,4380000.0,2023,Primer Trimestre,,,,,,,,,,,,,,,,,,,,,,
454607,20211201,923272885,E.S.P Por Santa Rosa Sostenible S.A.S,2.1.2.01,ADQUISICION DE ACTIVOS NO FINANCIEROS,GASTOS,FUNCIONAMIENTO,ADQUISICION DE BIENES Y SERVICIOS,ADQUISICION DE ACTIVOS NO FINANCIEROS,No Aplica,No Aplica,No Aplica,No Aplica,No Aplica,No Aplica,VIGENCIA ACTUAL,ENTIDADES TERRITORIALES - SERVICIOS PUBLICOS,NO DEFINIDO,NO DEFINIDO,NO DEFINIDO,20350000.0,9618101.0,2021,Cuarto Trimestre,,,,,,,,,,,,,,,,,,,,,,
455760,20230601,923272885,E.S.P Por Santa Rosa Sostenible S.A.S,2.1.2.01.01,ACTIVOS FIJOS,GASTOS,FUNCIONAMIENTO,ADQUISICION DE BIENES Y SERVICIOS,ADQUISICION DE ACTIVOS NO FINANCIEROS,ACTIVOS FIJOS,No Aplica,No Aplica,No Aplica,No Aplica,No Aplica,VIGENCIA ACTUAL,ENTIDADES DIFERENTES A ENTIDADES TERRITORIALES - GESTION GENERAL,NO DEFINIDO,NO DEFINIDO,NO DEFINIDO,15000000.0,14360000.0,2023,Segundo Trimestre,,,,,,,,,,,,,,,,,,,,,,
466341,20220301,923272885,E.S.P Por Santa Rosa Sostenible S.A.S,2.1.8,"GASTOS POR TRIBUTOS, TASAS, CONTRIBUCIONES, MULTAS, SANCIONES E INTERESES DE MORA",GASTOS,FUNCIONAMIENTO,"GASTOS POR TRIBUTOS, TASAS, CONTRIBUCIONES, MULTAS, SANCIONES E INTERESES DE MORA",No Aplica,No Aplica,No Aplica,No Aplica,No Aplica,No Aplica,No Aplica,VIGENCIA ACTUAL,ENTIDADES DIFERENTES A ENTIDADES TERRITORIALES - GESTION GENERAL,NO DEFINIDO,NO DEFINIDO,NO DEFINIDO,7572225.0,7581225.0,2022,Primer Trimestre,,,,,,,,,,,,,,,,,,,,,,
468742,20210601,923272885,E.S.P Por Santa Rosa Sostenible S.A.S,2.1.2.02.02,ADQUISICION DE SERVICIOS,GASTOS,FUNCIONAMIENTO,ADQUISICION DE BIENES Y SERVICIOS,ADQUISICIONES DIFERENTES DE ACTIVOS,ADQUISICION DE SERVICIOS,No Aplica,No Aplica,No Aplica,No Aplica,No Aplica,VIGENCIA ACTUAL,ENTIDADES TERRITORIALES - SERVICIOS PUBLICOS,NO DEFINIDO,NO DEFINIDO,NO DEFINIDO,91144000.0,93844000.0,2021,Segundo Trimestre,,,,,,,,,,,,,,,,,,,,,,
470501,20210301,923272885,E.S.P Por Santa Rosa Sostenible S.A.S,2.1.2.01,ADQUISICION DE ACTIVOS NO FINANCIEROS,GASTOS,FUNCIONAMIENTO,ADQUISICION DE BIENES Y SERVICIOS,ADQUISICION DE ACTIVOS NO FINANCIEROS,No Aplica,No Aplica,No Aplica,No Aplica,No Aplica,No Aplica,VIGENCIA ACTUAL,ENTIDADES TERRITORIALES - SERVICIOS PUBLICOS,NO DEFINIDO,NO DEFINIDO,NO DEFINIDO,20350000.0,17518000.0,2021,Primer Trimestre,,,,,,,,,,,,,,,,,,,,,,
473417,20220901,923272885,E.S.P Por Santa Rosa Sostenible S.A.S,2.1.8,"GASTOS POR TRIBUTOS, TASAS, CONTRIBUCIONES, MULTAS, SANCIONES E INTERESES DE MORA",GASTOS,FUNCIONAMIENTO,"GASTOS POR TRIBUTOS, TASAS, CONTRIBUCIONES, MULTAS, SANCIONES E INTERESES DE MORA",No Aplica,No Aplica,No Aplica,No Aplica,No Aplica,No Aplica,No Aplica,VIGENCIA ACTUAL,ENTIDADES DIFERENTES A ENTIDADES TERRITORIALES - GESTION GENERAL,NO DEFINIDO,NO DEFINIDO,NO DEFINIDO,7572225.0,12991100.0,2022,Tercer Trimestre,,,,,,,,,,,,,,,,,,,,,,
482476,20221201,923272885,E.S.P Por Santa Rosa Sostenible S.A.S,2.1.1.01.03.001,PRESTACIONES SOCIALES,GASTOS,FUNCIONAMIENTO,GASTOS DE PERSONAL,PLANTA DE PERSONAL PERMANENTE,REMUNERACIONES NO CONSTITUTIVAS DE FACTOR SALARIAL,PRESTACIONES SOCIALES,No Aplica,No Aplica,No Aplica,No Aplica,VIGENCIA ACTUAL,ENTIDADES DIFERENTES A ENTIDADES TERRITORIALES - GESTION GENERAL,NO DEFINIDO,NO DEFINIDO,NO DEFINIDO,3557852.0,3557852.0,2022,Cuarto Trimestre,,,,,,,,,,,,,,,,,,,,,,
484040,20210601,923272885,E.S.P Por Santa Rosa Sostenible S.A.S,2.1.1.01.01.001.08,PRESTACIONES SOCIALES,GASTOS,FUNCIONAMIENTO,GASTOS DE PERSONAL,PLANTA DE PERSONAL PERMANENTE,FACTORES CONSTITUTIVOS DE SALARIO,FACTORES SALARIALES COMUNES,PRESTACIONES SOCIALES,No Aplica,No Aplica,No Aplica,VIGENCIA ACTUAL,ENTIDADES TERRITORIALES - SERVICIOS PUBLICOS,NO DEFINIDO,NO DEFINIDO,NO DEFINIDO,7188333.0,8825333.0,2021,Segundo Trimestre,,,,,,,,,,,,,,,,,,,,,,
493604,20211201,923272885,E.S.P Por Santa Rosa Sostenible S.A.S,2.1.1.01.02.006,APORTES AL ICBF,GASTOS,FUNCIONAMIENTO,GASTOS DE PERSONAL,PLANTA DE PERSONAL PERMANENTE,CONTRIBUCIONES INHERENTES A LA NOMINA,APORTES AL ICBF,No Aplica,No Aplica,No Aplica,No Aplica,VIGENCIA ACTUAL,ENTIDADES TERRITORIALES - SERVICIOS PUBLICOS,NO DEFINIDO,NO DEFINIDO,NO APLICA,0.0,432300.0,2021,Cuarto Trimestre,,,,,,,,,,,,,,,,,,,,,,
493676,20210901,923272885,E.S.P Por Santa Rosa Sostenible S.A.S,2.1.1.01.01,FACTORES CONSTITUTIVOS DE SALARIO,GASTOS,FUNCIONAMIENTO,GASTOS DE PERSONAL,PLANTA DE PERSONAL PERMANENTE,FACTORES CONSTITUTIVOS DE SALARIO,No Aplica,No Aplica,No Aplica,No Aplica,No Aplica,VIGENCIA ACTUAL,ENTIDADES TERRITORIALES - SERVICIOS PUBLICOS,NO DEFINIDO,NO DEFINIDO,NO DEFINIDO,65222333.0,79762333.0,2021,Tercer Trimestre,,,,,,,,,,,,,,,,,,,,,,
497405,20230301,923272885,E.S.P Por Santa Rosa Sostenible S.A.S,2.1.1.01.03,REMUNERACIONES NO CONSTITUTIVAS DE FACTOR SALARIAL,GASTOS,FUNCIONAMIENTO,GASTOS DE PERSONAL,PLANTA DE PERSONAL PERMANENTE,REMUNERACIONES NO CONSTITUTIVAS DE FACTOR SALARIAL,No Aplica,No Aplica,No Aplica,No Aplica,No Aplica,VIGENCIA ACTUAL,ENTIDADES DIFERENTES A ENTIDADES TERRITORIALES - GESTION GENERAL,NO DEFINIDO,NO DEFINIDO,NO DEFINIDO,4380000.0,4380000.0,2023,Primer Trimestre,,,,,,,,,,,,,,,,,,,,,,
506081,20210901,923272885,E.S.P Por Santa Rosa Sostenible S.A.S,2.1.8.01,IMPUESTOS,GASTOS,FUNCIONAMIENTO,"GASTOS POR TRIBUTOS, TASAS, CONTRIBUCIONES, MULTAS, SANCIONES E INTERESES DE MORA",IMPUESTOS,No Aplica,No Aplica,No Aplica,No Aplica,No Aplica,No Aplica,VIGENCIA ACTUAL,ENTIDADES TERRITORIALES - SERVICIOS PUBLICOS,NO DEFINIDO,NO DEFINIDO,NO DEFINIDO,60027200.0,60027200.0,2021,Tercer Trimestre,,,,,,,,,,,,,,,,,,,,,,
508823,20230301,923272885,E.S.P Por Santa Rosa Sostenible S.A.S,2.1.1.01.03.001.03,BONIFICACION ESPECIAL DE RECREACION,GASTOS,FUNCIONAMIENTO,GASTOS DE PERSONAL,PLANTA DE PERSONAL PERMANENTE,REMUNERACIONES NO CONSTITUTIVAS DE FACTOR SALARIAL,PRESTACIONES SOCIALES,BONIFICACION ESPECIAL DE RECREACION,No Aplica,No Aplica,No Aplica,VIGENCIA ACTUAL,ENTIDADES DIFERENTES A ENTIDADES TERRITORIALES - GESTION GENERAL,NO DEFINIDO,NO DEFINIDO,NO APLICA,465000.0,465000.0,2023,Primer Trimestre,,,,,,,,,,,,,,,,,,,,,,
511285,20221201,923272885,E.S.P Por Santa Rosa Sostenible S.A.S,2.1.1.01.01.001.06,PRIMA DE SERVICIO,GASTOS,FUNCIONAMIENTO,GASTOS DE PERSONAL,PLANTA DE PERSONAL PERMANENTE,FACTORES CONSTITUTIVOS DE SALARIO,FACTORES SALARIALES COMUNES,PRIMA DE SERVICIO,No Aplica,No Aplica,No Aplica,VIGENCIA ACTUAL,ENTIDADES DIFERENTES A ENTIDADES TERRITORIALES - GESTION GENERAL,NO DEFINIDO,NO DEFINIDO,NO APLICA,2985610.0,2987755.0,2022,Cuarto Trimestre,,,,,,,,,,,,,,,,,,,,,,
523230,20210601,923272885,E.S.P Por Santa Rosa Sostenible S.A.S,2.1.2.02.01,MATERIALES Y SUMINISTROS,GASTOS,FUNCIONAMIENTO,ADQUISICION DE BIENES Y SERVICIOS,ADQUISICIONES DIFERENTES DE ACTIVOS,MATERIALES Y SUMINISTROS,No Aplica,No Aplica,No Aplica,No Aplica,No Aplica,VIGENCIA ACTUAL,ENTIDADES TERRITORIALES - SERVICIOS PUBLICOS,NO DEFINIDO,NO DEFINIDO,NO DEFINIDO,16600000.0,16320200.0,2021,Segundo Trimestre,,,,,,,,,,,,,,,,,,,,,,
524361,20220901,923272885,E.S.P Por Santa Rosa Sostenible S.A.S,2.1.1.01.03.001.03,BONIFICACION ESPECIAL DE RECREACION,GASTOS,FUNCIONAMIENTO,GASTOS DE PERSONAL,PLANTA DE PERSONAL PERMANENTE,REMUNERACIONES NO CONSTITUTIVAS DE FACTOR SALARIAL,PRESTACIONES SOCIALES,BONIFICACION ESPECIAL DE RECREACION,No Aplica,No Aplica,No Aplica,VIGENCIA ACTUAL,ENTIDADES DIFERENTES A ENTIDADES TERRITORIALES - GESTION GENERAL,NO DEFINIDO,NO DEFINIDO,NO APLICA,398081.0,398081.0,2022,Tercer Trimestre,,,,,,,,,,,,,,,,,,,,,,
525210,20210901,923272885,E.S.P Por Santa Rosa Sostenible S.A.S,2.1.1.01.03.001,PRESTACIONES SOCIALES,GASTOS,FUNCIONAMIENTO,GASTOS DE PERSONAL,PLANTA DE PERSONAL PERMANENTE,REMUNERACIONES NO CONSTITUTIVAS DE FACTOR SALARIAL,PRESTACIONES SOCIALES,No Aplica,No Aplica,No Aplica,No Aplica,VIGENCIA ACTUAL,ENTIDADES TERRITORIALES - SERVICIOS PUBLICOS,NO DEFINIDO,NO DEFINIDO,NO DEFINIDO,2572667.0,3162667.0,2021,Tercer Trimestre,,,,,,,,,,,,,,,,,,,,,,
531476,20211201,923272885,E.S.P Por Santa Rosa Sostenible S.A.S,2.1.1.01.02.007,APORTES AL SENA,GASTOS,FUNCIONAMIENTO,GASTOS DE PERSONAL,PLANTA DE PERSONAL PERMANENTE,CONTRIBUCIONES INHERENTES A LA NOMINA,APORTES AL SENA,No Aplica,No Aplica,No Aplica,No Aplica,VIGENCIA ACTUAL,ENTIDADES TERRITORIALES - SERVICIOS PUBLICOS,NO DEFINIDO,NO DEFINIDO,NO APLICA,0.0,111500.0,2021,Cuarto Trimestre,,,,,,,,,,,,,,,,,,,,,,
538092,20220901,923272885,E.S.P Por Santa Rosa Sostenible S.A.S,2.1.1.01.03.020,ESTIMULOS A LOS EMPLEADOS DEL ESTADO,GASTOS,FUNCIONAMIENTO,GASTOS DE PERSONAL,PLANTA DE PERSONAL PERMANENTE,REMUNERACIONES NO CONSTITUTIVAS DE FACTOR SALARIAL,ESTIMULOS A LOS EMPLEADOS DEL ESTADO,No Aplica,No Aplica,No Aplica,No Aplica,VIGENCIA ACTUAL,ENTIDADES DIFERENTES A ENTIDADES TERRITORIALES - GESTION GENERAL,NO DEFINIDO,NO DEFINIDO,NO APLICA,5000000.0,5000000.0,2022,Tercer Trimestre,,,,,,,,,,,,,,,,,,,,,,
545239,20211201,923272885,E.S.P Por Santa Rosa Sostenible S.A.S,2.4.5.02.08,SERVICIOS PRESTADOS A LAS EMPRESAS Y SERVICIOS DE PRODUCCION,GASTOS,GASTOS DE OPERACION COMERCIAL,GASTOS DE COMERCIALIZACION Y PRODUCCION,ADQUISICION DE SERVICIOS,SERVICIOS PRESTADOS A LAS EMPRESAS Y SERVICIOS DE PRODUCCION,No Aplica,No Aplica,No Aplica,No Aplica,No Aplica,VIGENCIA ACTUAL,ENTIDADES TERRITORIALES - SERVICIOS PUBLICOS,NO DEFINIDO,NO DEFINIDO,NO APLICA,195100000.0,239710406.0,2021,Cuarto Trimestre,,,,,,,,,,,,,,,,,,,,,,
553512,20210301,923272885,E.S.P Por Santa Rosa Sostenible S.A.S,2.1.2.02.02.009,"SERVICIOS PARA LA COMUNIDAD, SOCIALES Y PERSONALES",GASTOS,FUNCIONAMIENTO,ADQUISICION DE BIENES Y SERVICIOS,ADQUISICIONES DIFERENTES DE ACTIVOS,ADQUISICION DE SERVICIOS,"SERVICIOS PARA LA COMUNIDAD, SOCIALES Y PERSONALES",No Aplica,No Aplica,No Aplica,No Aplica,VIGENCIA ACTUAL,ENTIDADES TERRITORIALES - SERVICIOS PUBLICOS,NO DEFINIDO,NO DEFINIDO,NO APLICA,72744000.0,75444000.0,2021,Primer Trimestre,,,,,,,,,,,,,,,,,,,,,,
563476,20221201,923272885,E.S.P Por Santa Rosa Sostenible S.A.S,2.1.1,GASTOS DE PERSONAL,GASTOS,FUNCIONAMIENTO,GASTOS DE PERSONAL,No Aplica,No Aplica,No Aplica,No Aplica,No Aplica,No Aplica,No Aplica,VIGENCIA ACTUAL,ENTIDADES DIFERENTES A ENTIDADES TERRITORIALES - GESTION GENERAL,NO DEFINIDO,NO DEFINIDO,NO DEFINIDO,115992967.0,116775810.0,2022,Cuarto Trimestre,,,,,,,,,,,,,,,,,,,,,,
568361,20210301,923272885,E.S.P Por Santa Rosa Sostenible S.A.S,2.1.1.01.01.001.08,PRESTACIONES SOCIALES,GASTOS,FUNCIONAMIENTO,GASTOS DE PERSONAL,PLANTA DE PERSONAL PERMANENTE,FACTORES CONSTITUTIVOS DE SALARIO,FACTORES SALARIALES COMUNES,PRESTACIONES SOCIALES,No Aplica,No Aplica,No Aplica,VIGENCIA ACTUAL,ENTIDADES TERRITORIALES - SERVICIOS PUBLICOS,NO DEFINIDO,NO DEFINIDO,NO DEFINIDO,7188333.0,8825333.0,2021,Primer Trimestre,,,,,,,,,,,,,,,,,,,,,,
573728,20210901,923272885,E.S.P Por Santa Rosa Sostenible S.A.S,2.1.1,GASTOS DE PERSONAL,GASTOS,FUNCIONAMIENTO,GASTOS DE PERSONAL,No Aplica,No Aplica,No Aplica,No Aplica,No Aplica,No Aplica,No Aplica,VIGENCIA ACTUAL,ENTIDADES TERRITORIALES - SERVICIOS PUBLICOS,NO DEFINIDO,NO DEFINIDO,NO DEFINIDO,83132261.0,110113061.0,2021,Tercer Trimestre,,,,,,,,,,,,,,,,,,,,,,
579824,20220301,923272885,E.S.P Por Santa Rosa Sostenible S.A.S,2.1.1.01.03.001.03,BONIFICACION ESPECIAL DE RECREACION,GASTOS,FUNCIONAMIENTO,GASTOS DE PERSONAL,PLANTA DE PERSONAL PERMANENTE,REMUNERACIONES NO CONSTITUTIVAS DE FACTOR SALARIAL,PRESTACIONES SOCIALES,BONIFICACION ESPECIAL DE RECREACION,No Aplica,No Aplica,No Aplica,VIGENCIA ACTUAL,ENTIDADES DIFERENTES A ENTIDADES TERRITORIALES - GESTION GENERAL,NO DEFINIDO,NO DEFINIDO,NO APLICA,398081.0,398081.0,2022,Primer Trimestre,,,,,,,,,,,,,,,,,,,,,,
586689,20230301,923272885,E.S.P Por Santa Rosa Sostenible S.A.S,2.1.8.01,IMPUESTOS,GASTOS,FUNCIONAMIENTO,"GASTOS POR TRIBUTOS, TASAS, CONTRIBUCIONES, MULTAS, SANCIONES E INTERESES DE MORA",IMPUESTOS,No Aplica,No Aplica,No Aplica,No Aplica,No Aplica,No Aplica,VIGENCIA ACTUAL,ENTIDADES DIFERENTES A ENTIDADES TERRITORIALES - GESTION GENERAL,NO DEFINIDO,NO DEFINIDO,NO DEFINIDO,7278225.0,7278225.0,2023,Primer Trimestre,,,,,,,,,,,,,,,,,,,,,,
588034,20211201,923272885,E.S.P Por Santa Rosa Sostenible S.A.S,2.1.2.01.01.005.02.03,PROGRAMAS DE INFORMATICA Y BASES DE DATOS,GASTOS,FUNCIONAMIENTO,ADQUISICION DE BIENES Y SERVICIOS,ADQUISICION DE ACTIVOS NO FINANCIEROS,ACTIVOS FIJOS,OTROS ACTIVOS FIJOS,PRODUCTOS DE LA PROPIEDAD INTELECTUAL,PROGRAMAS DE INFORMATICA Y BASES DE DATOS,No Aplica,No Aplica,VIGENCIA ACTUAL,ENTIDADES TERRITORIALES - SERVICIOS PUBLICOS,NO DEFINIDO,NO DEFINIDO,NO DEFINIDO,3400000.0,4035000.0,2021,Cuarto Trimestre,,,,,,,,,,,,,,,,,,,,,,
588127,20220301,923272885,E.S.P Por Santa Rosa Sostenible S.A.S,2.1.1.01.01,FACTORES CONSTITUTIVOS DE SALARIO,GASTOS,FUNCIONAMIENTO,GASTOS DE PERSONAL,PLANTA DE PERSONAL PERMANENTE,FACTORES CONSTITUTIVOS DE SALARIO,No Aplica,No Aplica,No Aplica,No Aplica,No Aplica,VIGENCIA ACTUAL,ENTIDADES DIFERENTES A ENTIDADES TERRITORIALES - GESTION GENERAL,NO DEFINIDO,NO DEFINIDO,NO DEFINIDO,93193860.0,94258400.0,2022,Primer Trimestre,,,,,,,,,,,,,,,,,,,,,,
589800,20210601,923272885,E.S.P Por Santa Rosa Sostenible S.A.S,2.1.2.01.01.003.03.01,"MAQUINAS PARA OFICINA Y CONTABILIDAD, Y SUS PARTES Y ACCESORIOS",GASTOS,FUNCIONAMIENTO,ADQUISICION DE BIENES Y SERVICIOS,ADQUISICION DE ACTIVOS NO FINANCIEROS,ACTIVOS FIJOS,MAQUINARIA Y EQUIPO,"MAQUINARIA DE OFICINA, CONTABILIDAD E INFORMATICA","MAQUINAS PARA OFICINA Y CONTABILIDAD, Y SUS PARTES Y ACCESORIOS",No Aplica,No Aplica,VIGENCIA ACTUAL,ENTIDADES TERRITORIALES - SERVICIOS PUBLICOS,NO DEFINIDO,NO DEFINIDO,NO APLICA,16950000.0,14118000.0,2021,Segundo Trimestre,,,,,,,,,,,,,,,,,,,,,,
594655,20220301,923272885,E.S.P Por Santa Rosa Sostenible S.A.S,2.1.1.01.03.001,PRESTACIONES SOCIALES,GASTOS,FUNCIONAMIENTO,GASTOS DE PERSONAL,PLANTA DE PERSONAL PERMANENTE,REMUNERACIONES NO CONSTITUTIVAS DE FACTOR SALARIAL,PRESTACIONES SOCIALES,No Aplica,No Aplica,No Aplica,No Aplica,VIGENCIA ACTUAL,ENTIDADES DIFERENTES A ENTIDADES TERRITORIALES - GESTION GENERAL,NO DEFINIDO,NO DEFINIDO,NO DEFINIDO,3557852.0,3557852.0,2022,Primer Trimestre,,,,,,,,,,,,,,,,,,,,,,
599664,20210601,923272885,E.S.P Por Santa Rosa Sostenible S.A.S,2.1.2.02.02.006,"COMERCIO Y DISTRIBUCION; ALOJAMIENTO; SERVICIOS DE SUMINISTRO DE COMIDAS Y BEBIDAS; SERVICIOS DE TRANSPORTE; Y SERVICIOS DE DISTRIBUCION DE ELECTRICIDAD, GAS Y AGUA",GASTOS,FUNCIONAMIENTO,ADQUISICION DE BIENES Y SERVICIOS,ADQUISICIONES DIFERENTES DE ACTIVOS,ADQUISICION DE SERVICIOS,"COMERCIO Y DISTRIBUCION; ALOJAMIENTO; SERVICIOS DE SUMINISTRO DE COMIDAS Y BEBIDAS; SERVICIOS DE TRANSPORTE; Y SERVICIOS DE DISTRIBUCION DE ELECTRICIDAD, GAS Y AGUA",No Aplica,No Aplica,No Aplica,No Aplica,VIGENCIA ACTUAL,ENTIDADES TERRITORIALES - SERVICIOS PUBLICOS,NO DEFINIDO,NO DEFINIDO,NO APLICA,3000000.0,3000000.0,2021,Segundo Trimestre,,,,,,,,,,,,,,,,,,,,,,
603130,20211201,923272885,E.S.P Por Santa Rosa Sostenible S.A.S,2.1.2.01.01.003.03.01,"MAQUINAS PARA OFICINA Y CONTABILIDAD, Y SUS PARTES Y ACCESORIOS",GASTOS,FUNCIONAMIENTO,ADQUISICION DE BIENES Y SERVICIOS,ADQUISICION DE ACTIVOS NO FINANCIEROS,ACTIVOS FIJOS,MAQUINARIA Y EQUIPO,"MAQUINARIA DE OFICINA, CONTABILIDAD E INFORMATICA","MAQUINAS PARA OFICINA Y CONTABILIDAD, Y SUS PARTES Y ACCESORIOS",No Aplica,No Aplica,VIGENCIA ACTUAL,ENTIDADES TERRITORIALES - SERVICIOS PUBLICOS,NO DEFINIDO,NO DEFINIDO,NO APLICA,16950000.0,5583101.0,2021,Cuarto Trimestre,,,,,,,,,,,,,,,,,,,,,,
607083,20211201,923272885,E.S.P Por Santa Rosa Sostenible S.A.S,2.1.1.01.02.002,APORTES A LA SEGURIDAD SOCIAL EN SALUD,GASTOS,FUNCIONAMIENTO,GASTOS DE PERSONAL,PLANTA DE PERSONAL PERMANENTE,CONTRIBUCIONES INHERENTES A LA NOMINA,APORTES A LA SEGURIDAD SOCIAL EN SALUD,No Aplica,No Aplica,No Aplica,No Aplica,VIGENCIA ACTUAL,ENTIDADES TERRITORIALES - SERVICIOS PUBLICOS,NO DEFINIDO,NO DEFINIDO,NO APLICA,4630800.0,5682800.0,2021,Cuarto Trimestre,,,,,,,,,,,,,,,,,,,,,,
615942,20221201,923272885,E.S.P Por Santa Rosa Sostenible S.A.S,2.1.1.01.02.007,APORTES AL SENA,GASTOS,FUNCIONAMIENTO,GASTOS DE PERSONAL,PLANTA DE PERSONAL PERMANENTE,CONTRIBUCIONES INHERENTES A LA NOMINA,APORTES AL SENA,No Aplica,No Aplica,No Aplica,No Aplica,VIGENCIA ACTUAL,ENTIDADES DIFERENTES A ENTIDADES TERRITORIALES - GESTION GENERAL,NO DEFINIDO,NO DEFINIDO,NO APLICA,0.0,150200.0,2022,Cuarto Trimestre,,,,,,,,,,,,,,,,,,,,,,
625723,20211201,923272885,E.S.P Por Santa Rosa Sostenible S.A.S,2.4,GASTOS DE OPERACION COMERCIAL,GASTOS,GASTOS DE OPERACION COMERCIAL,No Aplica,No Aplica,No Aplica,No Aplica,No Aplica,No Aplica,No Aplica,No Aplica,VIGENCIA ACTUAL,ENTIDADES TERRITORIALES - SERVICIOS PUBLICOS,NO DEFINIDO,NO DEFINIDO,NO DEFINIDO,2099145140.0,2525410364.0,2021,Cuarto Trimestre,,,,,,,,,,,,,,,,,,,,,,
627621,20210901,923272885,E.S.P Por Santa Rosa Sostenible S.A.S,2.1.1.01.03.001.03,BONIFICACION ESPECIAL DE RECREACION,GASTOS,FUNCIONAMIENTO,GASTOS DE PERSONAL,PLANTA DE PERSONAL PERMANENTE,REMUNERACIONES NO CONSTITUTIVAS DE FACTOR SALARIAL,PRESTACIONES SOCIALES,BONIFICACION ESPECIAL DE RECREACION,No Aplica,No Aplica,No Aplica,VIGENCIA ACTUAL,ENTIDADES TERRITORIALES - SERVICIOS PUBLICOS,NO DEFINIDO,NO DEFINIDO,NO APLICA,302667.0,372667.0,2021,Tercer Trimestre,,,,,,,,,,,,,,,,,,,,,,
633449,20210301,923272885,E.S.P Por Santa Rosa Sostenible S.A.S,2.1.2,ADQUISICION DE BIENES Y SERVICIOS,GASTOS,FUNCIONAMIENTO,ADQUISICION DE BIENES Y SERVICIOS,No Aplica,No Aplica,No Aplica,No Aplica,No Aplica,No Aplica,No Aplica,VIGENCIA ACTUAL,ENTIDADES TERRITORIALES - SERVICIOS PUBLICOS,NO DEFINIDO,NO DEFINIDO,NO DEFINIDO,128094000.0,127682200.0,2021,Primer Trimestre,,,,,,,,,,,,,,,,,,,,,,
634492,20210301,923272885,E.S.P Por Santa Rosa Sostenible S.A.S,2.1.2.02.02,ADQUISICION DE SERVICIOS,GASTOS,FUNCIONAMIENTO,ADQUISICION DE BIENES Y SERVICIOS,ADQUISICIONES DIFERENTES DE ACTIVOS,ADQUISICION DE SERVICIOS,No Aplica,No Aplica,No Aplica,No Aplica,No Aplica,VIGENCIA ACTUAL,ENTIDADES TERRITORIALES - SERVICIOS PUBLICOS,NO DEFINIDO,NO DEFINIDO,NO DEFINIDO,107744000.0,110164200.0,2021,Primer Trimestre,,,,,,,,,,,,,,,,,,,,,,
637281,20210301,923272885,E.S.P Por Santa Rosa Sostenible S.A.S,2.1.1.01.01.001.01,SUELDO BASICO,GASTOS,FUNCIONAMIENTO,GASTOS DE PERSONAL,PLANTA DE PERSONAL PERMANENTE,FACTORES CONSTITUTIVOS DE SALARIO,FACTORES SALARIALES COMUNES,SUELDO BASICO,No Aplica,No Aplica,No Aplica,VIGENCIA ACTUAL,ENTIDADES TERRITORIALES - SERVICIOS PUBLICOS,NO DEFINIDO,NO DEFINIDO,NO APLICA,54480000.0,66863000.0,2021,Primer Trimestre,,,,,,,,,,,,,,,,,,,,,,
640110,20220901,923272885,E.S.P Por Santa Rosa Sostenible S.A.S,2.1.2,ADQUISICION DE BIENES Y SERVICIOS,GASTOS,FUNCIONAMIENTO,ADQUISICION DE BIENES Y SERVICIOS,No Aplica,No Aplica,No Aplica,No Aplica,No Aplica,No Aplica,No Aplica,VIGENCIA ACTUAL,ENTIDADES DIFERENTES A ENTIDADES TERRITORIALES - GESTION GENERAL,NO DEFINIDO,NO DEFINIDO,NO DEFINIDO,2586434808.0,2781405487.0,2022,Tercer Trimestre,,,,,,,,,,,,,,,,,,,,,,
646116,20211201,923272885,E.S.P Por Santa Rosa Sostenible S.A.S,2.4.5,GASTOS DE COMERCIALIZACION Y PRODUCCION,GASTOS,GASTOS DE OPERACION COMERCIAL,GASTOS DE COMERCIALIZACION Y PRODUCCION,No Aplica,No Aplica,No Aplica,No Aplica,No Aplica,No Aplica,No Aplica,VIGENCIA ACTUAL,ENTIDADES TERRITORIALES - SERVICIOS PUBLICOS,NO DEFINIDO,NO DEFINIDO,NO DEFINIDO,2099145140.0,2525410364.0,2021,Cuarto Trimestre,,,,,,,,,,,,,,,,,,,,,,
646700,20210901,923272885,E.S.P Por Santa Rosa Sostenible S.A.S,2,GASTOS,GASTOS,No Aplica,No Aplica,No Aplica,No Aplica,No Aplica,No Aplica,No Aplica,No Aplica,No Aplica,VIGENCIA ACTUAL,ENTIDADES TERRITORIALES - SERVICIOS PUBLICOS,NO DEFINIDO,NO DEFINIDO,NO DEFINIDO,2373498601.0,2400067601.0,2021,Tercer Trimestre,,,,,,,,,,,,,,,,,,,,,,
648620,20230601,923272885,E.S.P Por Santa Rosa Sostenible S.A.S,2.1.1.01.01.001.07,BONIFICACION POR SERVICIOS PRESTADOS,GASTOS,FUNCIONAMIENTO,GASTOS DE PERSONAL,PLANTA DE PERSONAL PERMANENTE,FACTORES CONSTITUTIVOS DE SALARIO,FACTORES SALARIALES COMUNES,BONIFICACION POR SERVICIOS PRESTADOS,No Aplica,No Aplica,No Aplica,VIGENCIA ACTUAL,ENTIDADES DIFERENTES A ENTIDADES TERRITORIALES - GESTION GENERAL,NO DEFINIDO,NO DEFINIDO,NO APLICA,2441000.0,2091429.0,2023,Segundo Trimestre,,,,,,,,,,,,,,,,,,,,,,
658136,20230601,923272885,E.S.P Por Santa Rosa Sostenible S.A.S,2.1.8.04.01,CUOTA DE FISCALIZACION Y AUDITAJE,GASTOS,FUNCIONAMIENTO,"GASTOS POR TRIBUTOS, TASAS, CONTRIBUCIONES, MULTAS, SANCIONES E INTERESES DE MORA",CONTRIBUCIONES,CUOTA DE FISCALIZACION Y AUDITAJE,No Aplica,No Aplica,No Aplica,No Aplica,No Aplica,VIGENCIA ACTUAL,ENTIDADES DIFERENTES A ENTIDADES TERRITORIALES - GESTION GENERAL,NO DEFINIDO,NO DEFINIDO,NO APLICA,4175375.0,4175375.0,2023,Segundo Trimestre,,,,,,,,,,,,,,,,,,,,,,
660992,20210301,923272885,E.S.P Por Santa Rosa Sostenible S.A.S,2.1.1.01.03.001.03,BONIFICACION ESPECIAL DE RECREACION,GASTOS,FUNCIONAMIENTO,GASTOS DE PERSONAL,PLANTA DE PERSONAL PERMANENTE,REMUNERACIONES NO CONSTITUTIVAS DE FACTOR SALARIAL,PRESTACIONES SOCIALES,BONIFICACION ESPECIAL DE RECREACION,No Aplica,No Aplica,No Aplica,VIGENCIA ACTUAL,ENTIDADES TERRITORIALES - SERVICIOS PUBLICOS,NO DEFINIDO,NO DEFINIDO,NO APLICA,302667.0,372667.0,2021,Primer Trimestre,,,,,,,,,,,,,,,,,,,,,,
661766,20221201,923272885,E.S.P Por Santa Rosa Sostenible S.A.S,2.1.8.01.53,IMPUESTO DE REGISTRO,GASTOS,FUNCIONAMIENTO,"GASTOS POR TRIBUTOS, TASAS, CONTRIBUCIONES, MULTAS, SANCIONES E INTERESES DE MORA",IMPUESTOS,IMPUESTO DE REGISTRO,No Aplica,No Aplica,No Aplica,No Aplica,No Aplica,VIGENCIA ACTUAL,ENTIDADES DIFERENTES A ENTIDADES TERRITORIALES - GESTION GENERAL,NO DEFINIDO,NO DEFINIDO,NO APLICA,0.0,2434500.0,2022,Cuarto Trimestre,,,,,,,,,,,,,,,,,,,,,,
664205,20210601,923272885,E.S.P Por Santa Rosa Sostenible S.A.S,2.1.8,"GASTOS POR TRIBUTOS, TASAS, CONTRIBUCIONES, MULTAS, SANCIONES E INTERESES DE MORA",GASTOS,FUNCIONAMIENTO,"GASTOS POR TRIBUTOS, TASAS, CONTRIBUCIONES, MULTAS, SANCIONES E INTERESES DE MORA",No Aplica,No Aplica,No Aplica,No Aplica,No Aplica,No Aplica,No Aplica,VIGENCIA ACTUAL,ENTIDADES TERRITORIALES - SERVICIOS PUBLICOS,NO DEFINIDO,NO DEFINIDO,NO DEFINIDO,63127200.0,63127200.0,2021,Segundo Trimestre,,,,,,,,,,,,,,,,,,,,,,
665208,20220901,923272885,E.S.P Por Santa Rosa Sostenible S.A.S,2.1.1.01.02,CONTRIBUCIONES INHERENTES A LA NOMINA,GASTOS,FUNCIONAMIENTO,GASTOS DE PERSONAL,PLANTA DE PERSONAL PERMANENTE,CONTRIBUCIONES INHERENTES A LA NOMINA,No Aplica,No Aplica,No Aplica,No Aplica,No Aplica,VIGENCIA ACTUAL,ENTIDADES DIFERENTES A ENTIDADES TERRITORIALES - GESTION GENERAL,NO DEFINIDO,NO DEFINIDO,NO DEFINIDO,14241255.0,26280398.0,2022,Tercer Trimestre,,,,,,,,,,,,,,,,,,,,,,
666220,20230601,923272885,E.S.P Por Santa Rosa Sostenible S.A.S,2.1.8,"GASTOS POR TRIBUTOS, TASAS, CONTRIBUCIONES, MULTAS, SANCIONES E INTERESES DE MORA",GASTOS,FUNCIONAMIENTO,"GASTOS POR TRIBUTOS, TASAS, CONTRIBUCIONES, MULTAS, SANCIONES E INTERESES DE MORA",No Aplica,No Aplica,No Aplica,No Aplica,No Aplica,No Aplica,No Aplica,VIGENCIA ACTUAL,ENTIDADES DIFERENTES A ENTIDADES TERRITORIALES - GESTION GENERAL,NO DEFINIDO,NO DEFINIDO,NO DEFINIDO,11453600.0,12164600.0,2023,Segundo Trimestre,,,,,,,,,,,,,,,,,,,,,,
668521,20220301,923272885,E.S.P Por Santa Rosa Sostenible S.A.S,2.1.1.01.01.001.08.02,PRIMA DE VACACIONES,GASTOS,FUNCIONAMIENTO,GASTOS DE PERSONAL,PLANTA DE PERSONAL PERMANENTE,FACTORES CONSTITUTIVOS DE SALARIO,FACTORES SALARIALES COMUNES,PRESTACIONES SOCIALES,PRIMA DE VACACIONES,No Aplica,No Aplica,VIGENCIA ACTUAL,ENTIDADES DIFERENTES A ENTIDADES TERRITORIALES - GESTION GENERAL,NO DEFINIDO,NO DEFINIDO,NO APLICA,3159771.0,3159771.0,2022,Primer Trimestre,,,,,,,,,,,,,,,,,,,,,,
670540,20221201,923272885,E.S.P Por Santa Rosa Sostenible S.A.S,2.1.1.01.02.001,APORTES A LA SEGURIDAD SOCIAL EN PENSIONES,GASTOS,FUNCIONAMIENTO,GASTOS DE PERSONAL,PLANTA DE PERSONAL PERMANENTE,CONTRIBUCIONES INHERENTES A LA NOMINA,APORTES A LA SEGURIDAD SOCIAL EN PENSIONES,No Aplica,No Aplica,No Aplica,No Aplica,VIGENCIA ACTUAL,ENTIDADES DIFERENTES A ENTIDADES TERRITORIALES - GESTION GENERAL,NO DEFINIDO,NO DEFINIDO,NO APLICA,1745507.0,9784667.0,2022,Cuarto Trimestre,,,,,,,,,,,,,,,,,,,,,,
673799,20221201,923272885,E.S.P Por Santa Rosa Sostenible S.A.S,2.1.8.01.54,IMPUESTO DE INDUSTRIA Y COMERCIO,GASTOS,FUNCIONAMIENTO,"GASTOS POR TRIBUTOS, TASAS, CONTRIBUCIONES, MULTAS, SANCIONES E INTERESES DE MORA",IMPUESTOS,IMPUESTO DE INDUSTRIA Y COMERCIO,No Aplica,No Aplica,No Aplica,No Aplica,No Aplica,VIGENCIA ACTUAL,ENTIDADES DIFERENTES A ENTIDADES TERRITORIALES - GESTION GENERAL,NO DEFINIDO,NO DEFINIDO,NO APLICA,1000000.0,0.0,2022,Cuarto Trimestre,,,,,,,,,,,,,,,,,,,,,,
674266,20220301,923272885,E.S.P Por Santa Rosa Sostenible S.A.S,2.1.2.02.01.003,"OTROS BIENES TRANSPORTABLES EXCEPTO PRODUCTOS METALICOS, MAQUINARIA Y EQUIPO",GASTOS,FUNCIONAMIENTO,ADQUISICION DE BIENES Y SERVICIOS,ADQUISICIONES DIFERENTES DE ACTIVOS,MATERIALES Y SUMINISTROS,"OTROS BIENES TRANSPORTABLES EXCEPTO PRODUCTOS METALICOS, MAQUINARIA Y EQUIPO",No Aplica,No Aplica,No Aplica,No Aplica,VIGENCIA ACTUAL,ENTIDADES DIFERENTES A ENTIDADES TERRITORIALES - GESTION GENERAL,NO DEFINIDO,NO DEFINIDO,NO APLICA,13000000.0,13080000.0,2022,Primer Trimestre,,,,,,,,,,,,,,,,,,,,,,
687757,20220901,923272885,E.S.P Por Santa Rosa Sostenible S.A.S,2.1.1,GASTOS DE PERSONAL,GASTOS,FUNCIONAMIENTO,GASTOS DE PERSONAL,No Aplica,No Aplica,No Aplica,No Aplica,No Aplica,No Aplica,No Aplica,VIGENCIA ACTUAL,ENTIDADES DIFERENTES A ENTIDADES TERRITORIALES - GESTION GENERAL,NO DEFINIDO,NO DEFINIDO,NO DEFINIDO,115992967.0,129098795.0,2022,Tercer Trimestre,,,,,,,,,,,,,,,,,,,,,,
695923,20221201,923272885,E.S.P Por Santa Rosa Sostenible S.A.S,2.1.1.01.01.001.07,BONIFICACION POR SERVICIOS PRESTADOS,GASTOS,FUNCIONAMIENTO,GASTOS DE PERSONAL,PLANTA DE PERSONAL PERMANENTE,FACTORES CONSTITUTIVOS DE SALARIO,FACTORES SALARIALES COMUNES,BONIFICACION POR SERVICIOS PRESTADOS,No Aplica,No Aplica,No Aplica,VIGENCIA ACTUAL,ENTIDADES DIFERENTES A ENTIDADES TERRITORIALES - GESTION GENERAL,NO DEFINIDO,NO DEFINIDO,NO APLICA,2089927.0,2091429.0,2022,Cuarto Trimestre,,,,,,,,,,,,,,,,,,,,,,
699452,20211201,923272885,E.S.P Por Santa Rosa Sostenible S.A.S,2.1.1.01.02.005,APORTES GENERALES AL SISTEMA DE RIESGOS LABORALES,GASTOS,FUNCIONAMIENTO,GASTOS DE PERSONAL,PLANTA DE PERSONAL PERMANENTE,CONTRIBUCIONES INHERENTES A LA NOMINA,APORTES GENERALES AL SISTEMA DE RIESGOS LABORALES,No Aplica,No Aplica,No Aplica,No Aplica,VIGENCIA ACTUAL,ENTIDADES TERRITORIALES - SERVICIOS PUBLICOS,NO DEFINIDO,NO DEFINIDO,NO APLICA,1327133.0,1629133.0,2021,Cuarto Trimestre,,,,,,,,,,,,,,,,,,,,,,
700585,20220301,923272885,E.S.P Por Santa Rosa Sostenible S.A.S,2.1.2.02.01.002,"PRODUCTOS ALIMENTICIOS, BEBIDAS Y TABACO, TEXTILES, PRENDAS DE VESTIR Y PRODUCTOS DE CUERO",GASTOS,FUNCIONAMIENTO,ADQUISICION DE BIENES Y SERVICIOS,ADQUISICIONES DIFERENTES DE ACTIVOS,MATERIALES Y SUMINISTROS,"PRODUCTOS ALIMENTICIOS, BEBIDAS Y TABACO, TEXTILES, PRENDAS DE VESTIR Y PRODUCTOS DE CUERO",No Aplica,No Aplica,No Aplica,No Aplica,VIGENCIA ACTUAL,ENTIDADES DIFERENTES A ENTIDADES TERRITORIALES - GESTION GENERAL,NO DEFINIDO,NO DEFINIDO,NO APLICA,2500000.0,2500000.0,2022,Primer Trimestre,,,,,,,,,,,,,,,,,,,,,,
701025,20210601,923272885,E.S.P Por Santa Rosa Sostenible S.A.S,2.1.2.02.02.010,VIATICOS DE LOS FUNCIONARIOS EN COMISION,GASTOS,FUNCIONAMIENTO,ADQUISICION DE BIENES Y SERVICIOS,ADQUISICIONES DIFERENTES DE ACTIVOS,ADQUISICION DE SERVICIOS,VIATICOS DE LOS FUNCIONARIOS EN COMISION,No Aplica,No Aplica,No Aplica,No Aplica,VIGENCIA ACTUAL,ENTIDADES TERRITORIALES - SERVICIOS PUBLICOS,NO DEFINIDO,NO DEFINIDO,NO APLICA,5000000.0,5000000.0,2021,Segundo Trimestre,,,,,,,,,,,,,,,,,,,,,,
702438,20230601,923272885,E.S.P Por Santa Rosa Sostenible S.A.S,2.1.2.02.02.008,SERVICIOS PRESTADOS A LAS EMPRESAS Y SERVICIOS DE PRODUCCION,GASTOS,FUNCIONAMIENTO,ADQUISICION DE BIENES Y SERVICIOS,ADQUISICIONES DIFERENTES DE ACTIVOS,ADQUISICION DE SERVICIOS,SERVICIOS PRESTADOS A LAS EMPRESAS Y SERVICIOS DE PRODUCCION,No Aplica,No Aplica,No Aplica,No Aplica,VIGENCIA ACTUAL,ENTIDADES DIFERENTES A ENTIDADES TERRITORIALES - GESTION GENERAL,NO DEFINIDO,NO DEFINIDO,NO APLICA,1986212220.0,2640360267.0,2023,Segundo Trimestre,,,,,,,,,,,,,,,,,,,,,,
707560,20210901,923272885,E.S.P Por Santa Rosa Sostenible S.A.S,2.1.2.01.01,ACTIVOS FIJOS,GASTOS,FUNCIONAMIENTO,ADQUISICION DE BIENES Y SERVICIOS,ADQUISICION DE ACTIVOS NO FINANCIEROS,ACTIVOS FIJOS,No Aplica,No Aplica,No Aplica,No Aplica,No Aplica,VIGENCIA ACTUAL,ENTIDADES TERRITORIALES - SERVICIOS PUBLICOS,NO DEFINIDO,NO DEFINIDO,NO DEFINIDO,20350000.0,9916101.0,2021,Tercer Trimestre,,,,,,,,,,,,,,,,,,,,,,
710167,20220301,923272885,E.S.P Por Santa Rosa Sostenible S.A.S,2.1.8.01.14,GRAVAMEN A LOS MOVIMIENTOS FINANCIEROS,GASTOS,FUNCIONAMIENTO,"GASTOS POR TRIBUTOS, TASAS, CONTRIBUCIONES, MULTAS, SANCIONES E INTERESES DE MORA",IMPUESTOS,GRAVAMEN A LOS MOVIMIENTOS FINANCIEROS,No Aplica,No Aplica,No Aplica,No Aplica,No Aplica,VIGENCIA ACTUAL,ENTIDADES DIFERENTES A ENTIDADES TERRITORIALES - GESTION GENERAL,NO DEFINIDO,NO DEFINIDO,NO APLICA,4872225.0,4872225.0,2022,Primer Trimestre,,,,,,,,,,,,,,,,,,,,,,
736529,20221201,923272885,E.S.P Por Santa Rosa Sostenible S.A.S,2.1.1.01.01.001.08.01,PRIMA DE NAVIDAD,GASTOS,FUNCIONAMIENTO,GASTOS DE PERSONAL,PLANTA DE PERSONAL PERMANENTE,FACTORES CONSTITUTIVOS DE SALARIO,FACTORES SALARIALES COMUNES,PRESTACIONES SOCIALES,PRIMA DE NAVIDAD,No Aplica,No Aplica,VIGENCIA ACTUAL,ENTIDADES DIFERENTES A ENTIDADES TERRITORIALES - GESTION GENERAL,NO DEFINIDO,NO DEFINIDO,NO APLICA,6497848.0,6497848.0,2022,Cuarto Trimestre,,,,,,,,,,,,,,,,,,,,,,
742941,20220901,923272885,E.S.P Por Santa Rosa Sostenible S.A.S,2.1.1.01.02.005,APORTES GENERALES AL SISTEMA DE RIESGOS LABORALES,GASTOS,FUNCIONAMIENTO,GASTOS DE PERSONAL,PLANTA DE PERSONAL PERMANENTE,CONTRIBUCIONES INHERENTES A LA NOMINA,APORTES GENERALES AL SISTEMA DE RIESGOS LABORALES,No Aplica,No Aplica,No Aplica,No Aplica,VIGENCIA ACTUAL,ENTIDADES DIFERENTES A ENTIDADES TERRITORIALES - GESTION GENERAL,NO DEFINIDO,NO DEFINIDO,NO APLICA,1745507.0,445507.0,2022,Tercer Trimestre,,,,,,,,,,,,,,,,,,,,,,
754941,20220901,923272885,E.S.P Por Santa Rosa Sostenible S.A.S,2.1.8.01.14,GRAVAMEN A LOS MOVIMIENTOS FINANCIEROS,GASTOS,FUNCIONAMIENTO,"GASTOS POR TRIBUTOS, TASAS, CONTRIBUCIONES, MULTAS, SANCIONES E INTERESES DE MORA",IMPUESTOS,GRAVAMEN A LOS MOVIMIENTOS FINANCIEROS,No Aplica,No Aplica,No Aplica,No Aplica,No Aplica,VIGENCIA ACTUAL,ENTIDADES DIFERENTES A ENTIDADES TERRITORIALES - GESTION GENERAL,NO DEFINIDO,NO DEFINIDO,NO APLICA,4872225.0,4872225.0,2022,Tercer Trimestre,,,,,,,,,,,,,,,,,,,,,,
755794,20210301,923272885,E.S.P Por Santa Rosa Sostenible S.A.S,2.1.2.02.02.006,"COMERCIO Y DISTRIBUCION; ALOJAMIENTO; SERVICIOS DE SUMINISTRO DE COMIDAS Y BEBIDAS; SERVICIOS DE TRANSPORTE; Y SERVICIOS DE DISTRIBUCION DE ELECTRICIDAD, GAS Y AGUA",GASTOS,FUNCIONAMIENTO,ADQUISICION DE BIENES Y SERVICIOS,ADQUISICIONES DIFERENTES DE ACTIVOS,ADQUISICION DE SERVICIOS,"COMERCIO Y DISTRIBUCION; ALOJAMIENTO; SERVICIOS DE SUMINISTRO DE COMIDAS Y BEBIDAS; SERVICIOS DE TRANSPORTE; Y SERVICIOS DE DISTRIBUCION DE ELECTRICIDAD, GAS Y AGUA",No Aplica,No Aplica,No Aplica,No Aplica,VIGENCIA ACTUAL,ENTIDADES TERRITORIALES - SERVICIOS PUBLICOS,NO DEFINIDO,NO DEFINIDO,NO APLICA,26600000.0,26320200.0,2021,Primer Trimestre,,,,,,,,,,,,,,,,,,,,,,
757679,20221201,923272885,E.S.P Por Santa Rosa Sostenible S.A.S,2.1.2.02,ADQUISICIONES DIFERENTES DE ACTIVOS,GASTOS,FUNCIONAMIENTO,ADQUISICION DE BIENES Y SERVICIOS,ADQUISICIONES DIFERENTES DE ACTIVOS,No Aplica,No Aplica,No Aplica,No Aplica,No Aplica,No Aplica,VIGENCIA ACTUAL,ENTIDADES DIFERENTES A ENTIDADES TERRITORIALES - GESTION GENERAL,NO DEFINIDO,NO DEFINIDO,NO DEFINIDO,2586434808.0,3739379725.0,2022,Cuarto Trimestre,,,,,,,,,,,,,,,,,,,,,,
763175,20221201,923272885,E.S.P Por Santa Rosa Sostenible S.A.S,2.1.8.04.01,CUOTA DE FISCALIZACION Y AUDITAJE,GASTOS,FUNCIONAMIENTO,"GASTOS POR TRIBUTOS, TASAS, CONTRIBUCIONES, MULTAS, SANCIONES E INTERESES DE MORA",CONTRIBUCIONES,CUOTA DE FISCALIZACION Y AUDITAJE,No Aplica,No Aplica,No Aplica,No Aplica,No Aplica,VIGENCIA ACTUAL,ENTIDADES DIFERENTES A ENTIDADES TERRITORIALES - GESTION GENERAL,NO DEFINIDO,NO DEFINIDO,NO APLICA,1200000.0,4175375.0,2022,Cuarto Trimestre,,,,,,,,,,,,,,,,,,,,,,
768805,20211201,923272885,E.S.P Por Santa Rosa Sostenible S.A.S,2.1.2.01.01.005.02,PRODUCTOS DE LA PROPIEDAD INTELECTUAL,GASTOS,FUNCIONAMIENTO,ADQUISICION DE BIENES Y SERVICIOS,ADQUISICION DE ACTIVOS NO FINANCIEROS,ACTIVOS FIJOS,OTROS ACTIVOS FIJOS,PRODUCTOS DE LA PROPIEDAD INTELECTUAL,No Aplica,No Aplica,No Aplica,VIGENCIA ACTUAL,ENTIDADES TERRITORIALES - SERVICIOS PUBLICOS,NO DEFINIDO,NO DEFINIDO,NO DEFINIDO,3400000.0,4035000.0,2021,Cuarto Trimestre,,,,,,,,,,,,,,,,,,,,,,
770276,20221201,923272885,E.S.P Por Santa Rosa Sostenible S.A.S,2.1.2.02.02.008,SERVICIOS PRESTADOS A LAS EMPRESAS Y SERVICIOS DE PRODUCCION,GASTOS,FUNCIONAMIENTO,ADQUISICION DE BIENES Y SERVICIOS,ADQUISICIONES DIFERENTES DE ACTIVOS,ADQUISICION DE SERVICIOS,SERVICIOS PRESTADOS A LAS EMPRESAS Y SERVICIOS DE PRODUCCION,No Aplica,No Aplica,No Aplica,No Aplica,VIGENCIA ACTUAL,ENTIDADES DIFERENTES A ENTIDADES TERRITORIALES - GESTION GENERAL,NO DEFINIDO,NO DEFINIDO,NO APLICA,2036190358.0,3058446835.0,2022,Cuarto Trimestre,,,,,,,,,,,,,,,,,,,,,,
774729,20210301,923272885,E.S.P Por Santa Rosa Sostenible S.A.S,2.1.2.01.01.005.02,PRODUCTOS DE LA PROPIEDAD INTELECTUAL,GASTOS,FUNCIONAMIENTO,ADQUISICION DE BIENES Y SERVICIOS,ADQUISICION DE ACTIVOS NO FINANCIEROS,ACTIVOS FIJOS,OTROS ACTIVOS FIJOS,PRODUCTOS DE LA PROPIEDAD INTELECTUAL,No Aplica,No Aplica,No Aplica,VIGENCIA ACTUAL,ENTIDADES TERRITORIALES - SERVICIOS PUBLICOS,NO DEFINIDO,NO DEFINIDO,NO DEFINIDO,3400000.0,3400000.0,2021,Primer Trimestre,,,,,,,,,,,,,,,,,,,,,,
774821,20230301,923272885,E.S.P Por Santa Rosa Sostenible S.A.S,2.1.1.01.02.004,APORTES A CAJAS DE COMPENSACION FAMILIAR,GASTOS,FUNCIONAMIENTO,GASTOS DE PERSONAL,PLANTA DE PERSONAL PERMANENTE,CONTRIBUCIONES INHERENTES A LA NOMINA,APORTES A CAJAS DE COMPENSACION FAMILIAR,No Aplica,No Aplica,No Aplica,No Aplica,VIGENCIA ACTUAL,ENTIDADES DIFERENTES A ENTIDADES TERRITORIALES - GESTION GENERAL,NO DEFINIDO,NO DEFINIDO,NO APLICA,3348000.0,3348000.0,2023,Primer Trimestre,,,,,,,,,,,,,,,,,,,,,,
777402,20220901,923272885,E.S.P Por Santa Rosa Sostenible S.A.S,2.1.8.05.02,INTERESES DE MORA,GASTOS,FUNCIONAMIENTO,"GASTOS POR TRIBUTOS, TASAS, CONTRIBUCIONES, MULTAS, SANCIONES E INTERESES DE MORA","MULTAS, SANCIONES E INTERESES DE MORA",INTERESES DE MORA,No Aplica,No Aplica,No Aplica,No Aplica,No Aplica,VIGENCIA ACTUAL,ENTIDADES DIFERENTES A ENTIDADES TERRITORIALES - GESTION GENERAL,NO DEFINIDO,NO DEFINIDO,NO APLICA,500000.0,509000.0,2022,Tercer Trimestre,,,,,,,,,,,,,,,,,,,,,,
780258,20210601,923272885,E.S.P Por Santa Rosa Sostenible S.A.S,2.1.1.01.02.003,APORTES DE CESANTIAS,GASTOS,FUNCIONAMIENTO,GASTOS DE PERSONAL,PLANTA DE PERSONAL PERMANENTE,CONTRIBUCIONES INHERENTES A LA NOMINA,APORTES DE CESANTIAS,No Aplica,No Aplica,No Aplica,No Aplica,VIGENCIA ACTUAL,ENTIDADES TERRITORIALES - SERVICIOS PUBLICOS,NO DEFINIDO,NO DEFINIDO,NO APLICA,5872995.0,7302995.0,2021,Segundo Trimestre,,,,,,,,,,,,,,,,,,,,,,
792049,20210601,923272885,E.S.P Por Santa Rosa Sostenible S.A.S,2.4.5.02,ADQUISICION DE SERVICIOS,GASTOS,GASTOS DE OPERACION COMERCIAL,GASTOS DE COMERCIALIZACION Y PRODUCCION,ADQUISICION DE SERVICIOS,No Aplica,No Aplica,No Aplica,No Aplica,No Aplica,No Aplica,VIGENCIA ACTUAL,ENTIDADES TERRITORIALES - SERVICIOS PUBLICOS,NO DEFINIDO,NO DEFINIDO,NO DEFINIDO,2099145140.0,2099145140.0,2021,Segundo Trimestre,,,,,,,,,,,,,,,,,,,,,,
797322,20221201,923272885,E.S.P Por Santa Rosa Sostenible S.A.S,2.1.1.01.03.020,ESTIMULOS A LOS EMPLEADOS DEL ESTADO,GASTOS,FUNCIONAMIENTO,GASTOS DE PERSONAL,PLANTA DE PERSONAL PERMANENTE,REMUNERACIONES NO CONSTITUTIVAS DE FACTOR SALARIAL,ESTIMULOS A LOS EMPLEADOS DEL ESTADO,No Aplica,No Aplica,No Aplica,No Aplica,VIGENCIA ACTUAL,ENTIDADES DIFERENTES A ENTIDADES TERRITORIALES - GESTION GENERAL,NO DEFINIDO,NO DEFINIDO,NO APLICA,5000000.0,0.0,2022,Cuarto Trimestre,,,,,,,,,,,,,,,,,,,,,,
811467,20210301,923272885,E.S.P Por Santa Rosa Sostenible S.A.S,2.1.2.01.01.005.02.03.01,PROGRAMAS DE INFORMATICA,GASTOS,FUNCIONAMIENTO,ADQUISICION DE BIENES Y SERVICIOS,ADQUISICION DE ACTIVOS NO FINANCIEROS,ACTIVOS FIJOS,OTROS ACTIVOS FIJOS,PRODUCTOS DE LA PROPIEDAD INTELECTUAL,PROGRAMAS DE INFORMATICA Y BASES DE DATOS,PROGRAMAS DE INFORMATICA,No Aplica,VIGENCIA ACTUAL,ENTIDADES TERRITORIALES - SERVICIOS PUBLICOS,NO DEFINIDO,NO DEFINIDO,NO DEFINIDO,3400000.0,3400000.0,2021,Primer Trimestre,,,,,,,,,,,,,,,,,,,,,,
813163,20230301,923272885,E.S.P Por Santa Rosa Sostenible S.A.S,2.1.1.01.01.001,FACTORES SALARIALES COMUNES,GASTOS,FUNCIONAMIENTO,GASTOS DE PERSONAL,PLANTA DE PERSONAL PERMANENTE,FACTORES CONSTITUTIVOS DE SALARIO,FACTORES SALARIALES COMUNES,No Aplica,No Aplica,No Aplica,No Aplica,VIGENCIA ACTUAL,ENTIDADES DIFERENTES A ENTIDADES TERRITORIALES - GESTION GENERAL,NO DEFINIDO,NO DEFINIDO,NO DEFINIDO,107486000.0,107037440.0,2023,Primer Trimestre,,,,,,,,,,,,,,,,,,,,,,
818491,20210601,923272885,E.S.P Por Santa Rosa Sostenible S.A.S,2.1.2.01.01.003,MAQUINARIA Y EQUIPO,GASTOS,FUNCIONAMIENTO,ADQUISICION DE BIENES Y SERVICIOS,ADQUISICION DE ACTIVOS NO FINANCIEROS,ACTIVOS FIJOS,MAQUINARIA Y EQUIPO,No Aplica,No Aplica,No Aplica,No Aplica,VIGENCIA ACTUAL,ENTIDADES TERRITORIALES - SERVICIOS PUBLICOS,NO DEFINIDO,NO DEFINIDO,NO DEFINIDO,16950000.0,14118000.0,2021,Segundo Trimestre,,,,,,,,,,,,,,,,,,,,,,
819577,20220901,923272885,E.S.P Por Santa Rosa Sostenible S.A.S,2.1.2.02.01.002,"PRODUCTOS ALIMENTICIOS, BEBIDAS Y TABACO, TEXTILES, PRENDAS DE VESTIR Y PRODUCTOS DE CUERO",GASTOS,FUNCIONAMIENTO,ADQUISICION DE BIENES Y SERVICIOS,ADQUISICIONES DIFERENTES DE ACTIVOS,MATERIALES Y SUMINISTROS,"PRODUCTOS ALIMENTICIOS, BEBIDAS Y TABACO, TEXTILES, PRENDAS DE VESTIR Y PRODUCTOS DE CUERO",No Aplica,No Aplica,No Aplica,No Aplica,VIGENCIA ACTUAL,ENTIDADES DIFERENTES A ENTIDADES TERRITORIALES - GESTION GENERAL,NO DEFINIDO,NO DEFINIDO,NO APLICA,2500000.0,2500000.0,2022,Tercer Trimestre,,,,,,,,,,,,,,,,,,,,,,
827011,20230601,923272885,E.S.P Por Santa Rosa Sostenible S.A.S,2.1.1.01.01.001.08.01,PRIMA DE NAVIDAD,GASTOS,FUNCIONAMIENTO,GASTOS DE PERSONAL,PLANTA DE PERSONAL PERMANENTE,FACTORES CONSTITUTIVOS DE SALARIO,FACTORES SALARIALES COMUNES,PRESTACIONES SOCIALES,PRIMA DE NAVIDAD,No Aplica,No Aplica,VIGENCIA ACTUAL,ENTIDADES DIFERENTES A ENTIDADES TERRITORIALES - GESTION GENERAL,NO DEFINIDO,NO DEFINIDO,NO APLICA,8068000.0,8068000.0,2023,Segundo Trimestre,,,,,,,,,,,,,,,,,,,,,,
827519,20211201,923272885,E.S.P Por Santa Rosa Sostenible S.A.S,2.1.2.02.01,MATERIALES Y SUMINISTROS,GASTOS,FUNCIONAMIENTO,ADQUISICION DE BIENES Y SERVICIOS,ADQUISICIONES DIFERENTES DE ACTIVOS,MATERIALES Y SUMINISTROS,No Aplica,No Aplica,No Aplica,No Aplica,No Aplica,VIGENCIA ACTUAL,ENTIDADES TERRITORIALES - SERVICIOS PUBLICOS,NO DEFINIDO,NO DEFINIDO,NO DEFINIDO,16600000.0,11126347.0,2021,Cuarto Trimestre,,,,,,,,,,,,,,,,,,,,,,
828961,20210601,923272885,E.S.P Por Santa Rosa Sostenible S.A.S,2.1.1.01.02.004,APORTES A CAJAS DE COMPENSACION FAMILIAR,GASTOS,FUNCIONAMIENTO,GASTOS DE PERSONAL,PLANTA DE PERSONAL PERMANENTE,CONTRIBUCIONES INHERENTES A LA NOMINA,APORTES A CAJAS DE COMPENSACION FAMILIAR,No Aplica,No Aplica,No Aplica,No Aplica,VIGENCIA ACTUAL,ENTIDADES TERRITORIALES - SERVICIOS PUBLICOS,NO DEFINIDO,NO DEFINIDO,NO APLICA,2179200.0,2679200.0,2021,Segundo Trimestre,,,,,,,,,,,,,,,,,,,,,,
834791,20210601,923272885,E.S.P Por Santa Rosa Sostenible S.A.S,2.1.2.02.02.008,SERVICIOS PRESTADOS A LAS EMPRESAS Y SERVICIOS DE PRODUCCION,GASTOS,FUNCIONAMIENTO,ADQUISICION DE BIENES Y SERVICIOS,ADQUISICIONES DIFERENTES DE ACTIVOS,ADQUISICION DE SERVICIOS,SERVICIOS PRESTADOS A LAS EMPRESAS Y SERVICIOS DE PRODUCCION,No Aplica,No Aplica,No Aplica,No Aplica,VIGENCIA ACTUAL,ENTIDADES TERRITORIALES - SERVICIOS PUBLICOS,NO DEFINIDO,NO DEFINIDO,NO APLICA,72744000.0,75444000.0,2021,Segundo Trimestre,,,,,,,,,,,,,,,,,,,,,,
836133,20211201,923272885,E.S.P Por Santa Rosa Sostenible S.A.S,2.1.8.05,"MULTAS, SANCIONES E INTERESES DE MORA",GASTOS,FUNCIONAMIENTO,"GASTOS POR TRIBUTOS, TASAS, CONTRIBUCIONES, MULTAS, SANCIONES E INTERESES DE MORA","MULTAS, SANCIONES E INTERESES DE MORA",No Aplica,No Aplica,No Aplica,No Aplica,No Aplica,No Aplica,VIGENCIA ACTUAL,ENTIDADES TERRITORIALES - SERVICIOS PUBLICOS,NO DEFINIDO,NO DEFINIDO,NO DEFINIDO,100000.0,1042000.0,2021,Cuarto Trimestre,,,,,,,,,,,,,,,,,,,,,,
842794,20211201,923272885,E.S.P Por Santa Rosa Sostenible S.A.S,2.1.1.01.01.001.08,PRESTACIONES SOCIALES,GASTOS,FUNCIONAMIENTO,GASTOS DE PERSONAL,PLANTA DE PERSONAL PERMANENTE,FACTORES CONSTITUTIVOS DE SALARIO,FACTORES SALARIALES COMUNES,PRESTACIONES SOCIALES,No Aplica,No Aplica,No Aplica,VIGENCIA ACTUAL,ENTIDADES TERRITORIALES - SERVICIOS PUBLICOS,NO DEFINIDO,NO DEFINIDO,NO DEFINIDO,7188333.0,8825333.0,2021,Cuarto Trimestre,,,,,,,,,,,,,,,,,,,,,,
844636,20221201,923272885,E.S.P Por Santa Rosa Sostenible S.A.S,2.1.1.01.03,REMUNERACIONES NO CONSTITUTIVAS DE FACTOR SALARIAL,GASTOS,FUNCIONAMIENTO,GASTOS DE PERSONAL,PLANTA DE PERSONAL PERMANENTE,REMUNERACIONES NO CONSTITUTIVAS DE FACTOR SALARIAL,No Aplica,No Aplica,No Aplica,No Aplica,No Aplica,VIGENCIA ACTUAL,ENTIDADES DIFERENTES A ENTIDADES TERRITORIALES - GESTION GENERAL,NO DEFINIDO,NO DEFINIDO,NO DEFINIDO,8557852.0,3557852.0,2022,Cuarto Trimestre,,,,,,,,,,,,,,,,,,,,,,
846069,20230301,923272885,E.S.P Por Santa Rosa Sostenible S.A.S,2.1.2,ADQUISICION DE BIENES Y SERVICIOS,GASTOS,FUNCIONAMIENTO,ADQUISICION DE BIENES Y SERVICIOS,No Aplica,No Aplica,No Aplica,No Aplica,No Aplica,No Aplica,No Aplica,VIGENCIA ACTUAL,ENTIDADES DIFERENTES A ENTIDADES TERRITORIALES - GESTION GENERAL,NO DEFINIDO,NO DEFINIDO,NO DEFINIDO,2629924400.0,3469908900.0,2023,Primer Trimestre,,,,,,,,,,,,,,,,,,,,,,
851809,20220901,923272885,E.S.P Por Santa Rosa Sostenible S.A.S,2.1.1.01.02.006,APORTES AL ICBF,GASTOS,FUNCIONAMIENTO,GASTOS DE PERSONAL,PLANTA DE PERSONAL PERMANENTE,CONTRIBUCIONES INHERENTES A LA NOMINA,APORTES AL ICBF,No Aplica,No Aplica,No Aplica,No Aplica,VIGENCIA ACTUAL,ENTIDADES DIFERENTES A ENTIDADES TERRITORIALES - GESTION GENERAL,NO DEFINIDO,NO DEFINIDO,NO APLICA,0.0,334600.0,2022,Tercer Trimestre,,,,,,,,,,,,,,,,,,,,,,
856702,20221201,923272885,E.S.P Por Santa Rosa Sostenible S.A.S,2.1.1.01.02.003,APORTES DE CESANTIAS,GASTOS,FUNCIONAMIENTO,GASTOS DE PERSONAL,PLANTA DE PERSONAL PERMANENTE,CONTRIBUCIONES INHERENTES A LA NOMINA,APORTES DE CESANTIAS,No Aplica,No Aplica,No Aplica,No Aplica,VIGENCIA ACTUAL,ENTIDADES DIFERENTES A ENTIDADES TERRITORIALES - GESTION GENERAL,NO DEFINIDO,NO DEFINIDO,NO APLICA,7884055.0,6359398.0,2022,Cuarto Trimestre,,,,,,,,,,,,,,,,,,,,,,
859342,20221201,923272885,E.S.P Por Santa Rosa Sostenible S.A.S,2.1.2.02.02.007,SERVICIOS FINANCIEROS Y SERVICIOS CONEXOS; SERVICIOS INMOBILIARIOS; Y SERVICIOS DE ARRENDAMIENTO Y LEASING,GASTOS,FUNCIONAMIENTO,ADQUISICION DE BIENES Y SERVICIOS,ADQUISICIONES DIFERENTES DE ACTIVOS,ADQUISICION DE SERVICIOS,SERVICIOS FINANCIEROS Y SERVICIOS CONEXOS; SERVICIOS INMOBILIARIOS; Y SERVICIOS DE ARRENDAMIENTO Y LEASING,No Aplica,No Aplica,No Aplica,No Aplica,VIGENCIA ACTUAL,ENTIDADES DIFERENTES A ENTIDADES TERRITORIALES - GESTION GENERAL,NO DEFINIDO,NO DEFINIDO,NO APLICA,21744450.0,20376450.0,2022,Cuarto Trimestre,,,,,,,,,,,,,,,,,,,,,,
860740,20230301,923272885,E.S.P Por Santa Rosa Sostenible S.A.S,2.1.8.05.02,INTERESES DE MORA,GASTOS,FUNCIONAMIENTO,"GASTOS POR TRIBUTOS, TASAS, CONTRIBUCIONES, MULTAS, SANCIONES E INTERESES DE MORA","MULTAS, SANCIONES E INTERESES DE MORA",INTERESES DE MORA,No Aplica,No Aplica,No Aplica,No Aplica,No Aplica,VIGENCIA ACTUAL,ENTIDADES DIFERENTES A ENTIDADES TERRITORIALES - GESTION GENERAL,NO DEFINIDO,NO DEFINIDO,NO APLICA,0.0,21000.0,2023,Primer Trimestre,,,,,,,,,,,,,,,,,,,,,,
867281,20210601,923272885,E.S.P Por Santa Rosa Sostenible S.A.S,2.1.2.02,ADQUISICIONES DIFERENTES DE ACTIVOS,GASTOS,FUNCIONAMIENTO,ADQUISICION DE BIENES Y SERVICIOS,ADQUISICIONES DIFERENTES DE ACTIVOS,No Aplica,No Aplica,No Aplica,No Aplica,No Aplica,No Aplica,VIGENCIA ACTUAL,ENTIDADES TERRITORIALES - SERVICIOS PUBLICOS,NO DEFINIDO,NO DEFINIDO,NO DEFINIDO,107744000.0,110164200.0,2021,Segundo Trimestre,,,,,,,,,,,,,,,,,,,,,,
874655,20220301,923272885,E.S.P Por Santa Rosa Sostenible S.A.S,2.1.2.02.02.009,"SERVICIOS PARA LA COMUNIDAD, SOCIALES Y PERSONALES",GASTOS,FUNCIONAMIENTO,ADQUISICION DE BIENES Y SERVICIOS,ADQUISICIONES DIFERENTES DE ACTIVOS,ADQUISICION DE SERVICIOS,"SERVICIOS PARA LA COMUNIDAD, SOCIALES Y PERSONALES",No Aplica,No Aplica,No Aplica,No Aplica,VIGENCIA ACTUAL,ENTIDADES DIFERENTES A ENTIDADES TERRITORIALES - GESTION GENERAL,NO DEFINIDO,NO DEFINIDO,NO APLICA,360000.0,360000.0,2022,Primer Trimestre,,,,,,,,,,,,,,,,,,,,,,
875015,20220901,923272885,E.S.P Por Santa Rosa Sostenible S.A.S,2.1.2.02.02.006,"COMERCIO Y DISTRIBUCION; ALOJAMIENTO; SERVICIOS DE SUMINISTRO DE COMIDAS Y BEBIDAS; SERVICIOS DE TRANSPORTE; Y SERVICIOS DE DISTRIBUCION DE ELECTRICIDAD, GAS Y AGUA",GASTOS,FUNCIONAMIENTO,ADQUISICION DE BIENES Y SERVICIOS,ADQUISICIONES DIFERENTES DE ACTIVOS,ADQUISICION DE SERVICIOS,"COMERCIO Y DISTRIBUCION; ALOJAMIENTO; SERVICIOS DE SUMINISTRO DE COMIDAS Y BEBIDAS; SERVICIOS DE TRANSPORTE; Y SERVICIOS DE DISTRIBUCION DE ELECTRICIDAD, GAS Y AGUA",No Aplica,No Aplica,No Aplica,No Aplica,VIGENCIA ACTUAL,ENTIDADES DIFERENTES A ENTIDADES TERRITORIALES - GESTION GENERAL,NO DEFINIDO,NO DEFINIDO,NO APLICA,2640000.0,2640000.0,2022,Tercer Trimestre,,,,,,,,,,,,,,,,,,,,,,
886504,20230601,923272885,E.S.P Por Santa Rosa Sostenible S.A.S,2.1.8.01,IMPUESTOS,GASTOS,FUNCIONAMIENTO,"GASTOS POR TRIBUTOS, TASAS, CONTRIBUCIONES, MULTAS, SANCIONES E INTERESES DE MORA",IMPUESTOS,No Aplica,No Aplica,No Aplica,No Aplica,No Aplica,No Aplica,VIGENCIA ACTUAL,ENTIDADES DIFERENTES A ENTIDADES TERRITORIALES - GESTION GENERAL,NO DEFINIDO,NO DEFINIDO,NO DEFINIDO,7278225.0,7278225.0,2023,Segundo Trimestre,,,,,,,,,,,,,,,,,,,,,,
892218,20221201,923272885,E.S.P Por Santa Rosa Sostenible S.A.S,2.1.8.05,"MULTAS, SANCIONES E INTERESES DE MORA",GASTOS,FUNCIONAMIENTO,"GASTOS POR TRIBUTOS, TASAS, CONTRIBUCIONES, MULTAS, SANCIONES E INTERESES DE MORA","MULTAS, SANCIONES E INTERESES DE MORA",No Aplica,No Aplica,No Aplica,No Aplica,No Aplica,No Aplica,VIGENCIA ACTUAL,ENTIDADES DIFERENTES A ENTIDADES TERRITORIALES - GESTION GENERAL,NO DEFINIDO,NO DEFINIDO,NO DEFINIDO,500000.0,821700.0,2022,Cuarto Trimestre,,,,,,,,,,,,,,,,,,,,,,
894367,20210301,923272885,E.S.P Por Santa Rosa Sostenible S.A.S,2.1.2.01.01.005,OTROS ACTIVOS FIJOS,GASTOS,FUNCIONAMIENTO,ADQUISICION DE BIENES Y SERVICIOS,ADQUISICION DE ACTIVOS NO FINANCIEROS,ACTIVOS FIJOS,OTROS ACTIVOS FIJOS,No Aplica,No Aplica,No Aplica,No Aplica,VIGENCIA ACTUAL,ENTIDADES TERRITORIALES - SERVICIOS PUBLICOS,NO DEFINIDO,NO DEFINIDO,NO DEFINIDO,3400000.0,3400000.0,2021,Primer Trimestre,,,,,,,,,,,,,,,,,,,,,,
902837,20220301,923272885,E.S.P Por Santa Rosa Sostenible S.A.S,2.1.1.01.03.001.01,VACACIONES,GASTOS,FUNCIONAMIENTO,GASTOS DE PERSONAL,PLANTA DE PERSONAL PERMANENTE,REMUNERACIONES NO CONSTITUTIVAS DE FACTOR SALARIAL,PRESTACIONES SOCIALES,VACACIONES,No Aplica,No Aplica,No Aplica,VIGENCIA ACTUAL,ENTIDADES DIFERENTES A ENTIDADES TERRITORIALES - GESTION GENERAL,NO DEFINIDO,NO DEFINIDO,NO APLICA,3159771.0,3159771.0,2022,Primer Trimestre,,,,,,,,,,,,,,,,,,,,,,
909371,20210601,923272885,E.S.P Por Santa Rosa Sostenible S.A.S,2.1.1.01.01.001.08.01,PRIMA DE NAVIDAD,GASTOS,FUNCIONAMIENTO,GASTOS DE PERSONAL,PLANTA DE PERSONAL PERMANENTE,FACTORES CONSTITUTIVOS DE SALARIO,FACTORES SALARIALES COMUNES,PRESTACIONES SOCIALES,PRIMA DE NAVIDAD,No Aplica,No Aplica,VIGENCIA ACTUAL,ENTIDADES TERRITORIALES - SERVICIOS PUBLICOS,NO DEFINIDO,NO DEFINIDO,NO APLICA,4918333.0,6035333.0,2021,Segundo Trimestre,,,,,,,,,,,,,,,,,,,,,,
918138,20210901,923272885,E.S.P Por Santa Rosa Sostenible S.A.S,2.1.1.01.01.001,FACTORES SALARIALES COMUNES,GASTOS,FUNCIONAMIENTO,GASTOS DE PERSONAL,PLANTA DE PERSONAL PERMANENTE,FACTORES CONSTITUTIVOS DE SALARIO,FACTORES SALARIALES COMUNES,No Aplica,No Aplica,No Aplica,No Aplica,VIGENCIA ACTUAL,ENTIDADES TERRITORIALES - SERVICIOS PUBLICOS,NO DEFINIDO,NO DEFINIDO,NO DEFINIDO,65222333.0,79762333.0,2021,Tercer Trimestre,,,,,,,,,,,,,,,,,,,,,,
925647,20230601,923272885,E.S.P Por Santa Rosa Sostenible S.A.S,2.1.1.01.01.001.05,AUXILIO DE TRANSPORTE,GASTOS,FUNCIONAMIENTO,GASTOS DE PERSONAL,PLANTA DE PERSONAL PERMANENTE,FACTORES CONSTITUTIVOS DE SALARIO,FACTORES SALARIALES COMUNES,AUXILIO DE TRANSPORTE,No Aplica,No Aplica,No Aplica,VIGENCIA ACTUAL,ENTIDADES DIFERENTES A ENTIDADES TERRITORIALES - GESTION GENERAL,NO DEFINIDO,NO DEFINIDO,NO APLICA,3178000.0,3178000.0,2023,Segundo Trimestre,,,,,,,,,,,,,,,,,,,,,,
931065,20230301,923272885,E.S.P Por Santa Rosa Sostenible S.A.S,2.1.1.01.02.003,APORTES DE CESANTIAS,GASTOS,FUNCIONAMIENTO,GASTOS DE PERSONAL,PLANTA DE PERSONAL PERMANENTE,CONTRIBUCIONES INHERENTES A LA NOMINA,APORTES DE CESANTIAS,No Aplica,No Aplica,No Aplica,No Aplica,VIGENCIA ACTUAL,ENTIDADES DIFERENTES A ENTIDADES TERRITORIALES - GESTION GENERAL,NO DEFINIDO,NO DEFINIDO,NO APLICA,9790000.0,9790000.0,2023,Primer Trimestre,,,,,,,,,,,,,,,,,,,,,,
931644,20221201,923272885,E.S.P Por Santa Rosa Sostenible S.A.S,2.1.1.01.01.001.05,AUXILIO DE TRANSPORTE,GASTOS,FUNCIONAMIENTO,GASTOS DE PERSONAL,PLANTA DE PERSONAL PERMANENTE,FACTORES CONSTITUTIVOS DE SALARIO,FACTORES SALARIALES COMUNES,AUXILIO DE TRANSPORTE,No Aplica,No Aplica,No Aplica,VIGENCIA ACTUAL,ENTIDADES DIFERENTES A ENTIDADES TERRITORIALES - GESTION GENERAL,NO DEFINIDO,NO DEFINIDO,NO APLICA,1406064.0,2646362.0,2022,Cuarto Trimestre,,,,,,,,,,,,,,,,,,,,,,
934237,20210901,923272885,E.S.P Por Santa Rosa Sostenible S.A.S,2.1.1.01.02.005,APORTES GENERALES AL SISTEMA DE RIESGOS LABORALES,GASTOS,FUNCIONAMIENTO,GASTOS DE PERSONAL,PLANTA DE PERSONAL PERMANENTE,CONTRIBUCIONES INHERENTES A LA NOMINA,APORTES GENERALES AL SISTEMA DE RIESGOS LABORALES,No Aplica,No Aplica,No Aplica,No Aplica,VIGENCIA ACTUAL,ENTIDADES TERRITORIALES - SERVICIOS PUBLICOS,NO DEFINIDO,NO DEFINIDO,NO APLICA,1327133.0,1629133.0,2021,Tercer Trimestre,,,,,,,,,,,,,,,,,,,,,,
949293,20230301,923272885,E.S.P Por Santa Rosa Sostenible S.A.S,2.1.2.02,ADQUISICIONES DIFERENTES DE ACTIVOS,GASTOS,FUNCIONAMIENTO,ADQUISICION DE BIENES Y SERVICIOS,ADQUISICIONES DIFERENTES DE ACTIVOS,No Aplica,No Aplica,No Aplica,No Aplica,No Aplica,No Aplica,VIGENCIA ACTUAL,ENTIDADES DIFERENTES A ENTIDADES TERRITORIALES - GESTION GENERAL,NO DEFINIDO,NO DEFINIDO,NO DEFINIDO,2614924400.0,3454908900.0,2023,Primer Trimestre,,,,,,,,,,,,,,,,,,,,,,
949728,20230301,923272885,E.S.P Por Santa Rosa Sostenible S.A.S,2.1.8.04.01,CUOTA DE FISCALIZACION Y AUDITAJE,GASTOS,FUNCIONAMIENTO,"GASTOS POR TRIBUTOS, TASAS, CONTRIBUCIONES, MULTAS, SANCIONES E INTERESES DE MORA",CONTRIBUCIONES,CUOTA DE FISCALIZACION Y AUDITAJE,No Aplica,No Aplica,No Aplica,No Aplica,No Aplica,VIGENCIA ACTUAL,ENTIDADES DIFERENTES A ENTIDADES TERRITORIALES - GESTION GENERAL,NO DEFINIDO,NO DEFINIDO,NO APLICA,4175375.0,4175375.0,2023,Primer Trimestre,,,,,,,,,,,,,,,,,,,,,,
965071,20221201,923272885,E.S.P Por Santa Rosa Sostenible S.A.S,2.1,FUNCIONAMIENTO,GASTOS,FUNCIONAMIENTO,No Aplica,No Aplica,No Aplica,No Aplica,No Aplica,No Aplica,No Aplica,No Aplica,VIGENCIA ACTUAL,ENTIDADES DIFERENTES A ENTIDADES TERRITORIALES - GESTION GENERAL,NO DEFINIDO,NO DEFINIDO,NO DEFINIDO,2710000000.0,3868459335.0,2022,Cuarto Trimestre,,,,,,,,,,,,,,,,,,,,,,
969151,20220301,923272885,E.S.P Por Santa Rosa Sostenible S.A.S,2.1.2.02.02,ADQUISICION DE SERVICIOS,GASTOS,FUNCIONAMIENTO,ADQUISICION DE BIENES Y SERVICIOS,ADQUISICIONES DIFERENTES DE ACTIVOS,ADQUISICION DE SERVICIOS,No Aplica,No Aplica,No Aplica,No Aplica,No Aplica,VIGENCIA ACTUAL,ENTIDADES DIFERENTES A ENTIDADES TERRITORIALES - GESTION GENERAL,NO DEFINIDO,NO DEFINIDO,NO DEFINIDO,2060934808.0,2225681332.0,2022,Primer Trimestre,,,,,,,,,,,,,,,,,,,,,,
969277,20211201,923272885,E.S.P Por Santa Rosa Sostenible S.A.S,2.1.1.01.03.001.03,BONIFICACION ESPECIAL DE RECREACION,GASTOS,FUNCIONAMIENTO,GASTOS DE PERSONAL,PLANTA DE PERSONAL PERMANENTE,REMUNERACIONES NO CONSTITUTIVAS DE FACTOR SALARIAL,PRESTACIONES SOCIALES,BONIFICACION ESPECIAL DE RECREACION,No Aplica,No Aplica,No Aplica,VIGENCIA ACTUAL,ENTIDADES TERRITORIALES - SERVICIOS PUBLICOS,NO DEFINIDO,NO DEFINIDO,NO APLICA,302667.0,372667.0,2021,Cuarto Trimestre,,,,,,,,,,,,,,,,,,,,,,
970496,20210901,923272885,E.S.P Por Santa Rosa Sostenible S.A.S,2.1.2.02.02.008,SERVICIOS PRESTADOS A LAS EMPRESAS Y SERVICIOS DE PRODUCCION,GASTOS,FUNCIONAMIENTO,ADQUISICION DE BIENES Y SERVICIOS,ADQUISICIONES DIFERENTES DE ACTIVOS,ADQUISICION DE SERVICIOS,SERVICIOS PRESTADOS A LAS EMPRESAS Y SERVICIOS DE PRODUCCION,No Aplica,No Aplica,No Aplica,No Aplica,VIGENCIA ACTUAL,ENTIDADES TERRITORIALES - SERVICIOS PUBLICOS,NO DEFINIDO,NO DEFINIDO,NO APLICA,72744000.0,75444000.0,2021,Tercer Trimestre,,,,,,,,,,,,,,,,,,,,,,
971611,20220901,923272885,E.S.P Por Santa Rosa Sostenible S.A.S,2.1.1.01,PLANTA DE PERSONAL PERMANENTE,GASTOS,FUNCIONAMIENTO,GASTOS DE PERSONAL,PLANTA DE PERSONAL PERMANENTE,No Aplica,No Aplica,No Aplica,No Aplica,No Aplica,No Aplica,VIGENCIA ACTUAL,ENTIDADES DIFERENTES A ENTIDADES TERRITORIALES - GESTION GENERAL,NO DEFINIDO,NO DEFINIDO,NO DEFINIDO,115992967.0,129098795.0,2022,Tercer Trimestre,,,,,,,,,,,,,,,,,,,,,,
974132,20230601,923272885,E.S.P Por Santa Rosa Sostenible S.A.S,2.1,FUNCIONAMIENTO,GASTOS,FUNCIONAMIENTO,No Aplica,No Aplica,No Aplica,No Aplica,No Aplica,No Aplica,No Aplica,No Aplica,VIGENCIA ACTUAL,ENTIDADES DIFERENTES A ENTIDADES TERRITORIALES - GESTION GENERAL,NO DEFINIDO,NO DEFINIDO,NO DEFINIDO,2776864000.0,3616621336.0,2023,Segundo Trimestre,,,,,,,,,,,,,,,,,,,,,,
976869,20211201,923272885,E.S.P Por Santa Rosa Sostenible S.A.S,2.1.2.01.01.003.03,"MAQUINARIA DE OFICINA, CONTABILIDAD E INFORMATICA",GASTOS,FUNCIONAMIENTO,ADQUISICION DE BIENES Y SERVICIOS,ADQUISICION DE ACTIVOS NO FINANCIEROS,ACTIVOS FIJOS,MAQUINARIA Y EQUIPO,"MAQUINARIA DE OFICINA, CONTABILIDAD E INFORMATICA",No Aplica,No Aplica,No Aplica,VIGENCIA ACTUAL,ENTIDADES TERRITORIALES - SERVICIOS PUBLICOS,NO DEFINIDO,NO DEFINIDO,NO DEFINIDO,16950000.0,5583101.0,2021,Cuarto Trimestre,,,,,,,,,,,,,,,,,,,,,,
982304,20221201,923272885,E.S.P Por Santa Rosa Sostenible S.A.S,2.1.2,ADQUISICION DE BIENES Y SERVICIOS,GASTOS,FUNCIONAMIENTO,ADQUISICION DE BIENES Y SERVICIOS,No Aplica,No Aplica,No Aplica,No Aplica,No Aplica,No Aplica,No Aplica,VIGENCIA ACTUAL,ENTIDADES DIFERENTES A ENTIDADES TERRITORIALES - GESTION GENERAL,NO DEFINIDO,NO DEFINIDO,NO DEFINIDO,2586434808.0,3739379725.0,2022,Cuarto Trimestre,,,,,,,,,,,,,,,,,,,,,,
984501,20210601,923272885,E.S.P Por Santa Rosa Sostenible S.A.S,2.1.1.01.01.001.05,AUXILIO DE TRANSPORTE,GASTOS,FUNCIONAMIENTO,GASTOS DE PERSONAL,PLANTA DE PERSONAL PERMANENTE,FACTORES CONSTITUTIVOS DE SALARIO,FACTORES SALARIALES COMUNES,AUXILIO DE TRANSPORTE,No Aplica,No Aplica,No Aplica,VIGENCIA ACTUAL,ENTIDADES TERRITORIALES - SERVICIOS PUBLICOS,NO DEFINIDO,NO DEFINIDO,NO APLICA,1284000.0,1284000.0,2021,Segundo Trimestre,,,,,,,,,,,,,,,,,,,,,,
991584,20210901,923272885,E.S.P Por Santa Rosa Sostenible S.A.S,2.1.2.02,ADQUISICIONES DIFERENTES DE ACTIVOS,GASTOS,FUNCIONAMIENTO,ADQUISICION DE BIENES Y SERVICIOS,ADQUISICIONES DIFERENTES DE ACTIVOS,No Aplica,No Aplica,No Aplica,No Aplica,No Aplica,No Aplica,VIGENCIA ACTUAL,ENTIDADES TERRITORIALES - SERVICIOS PUBLICOS,NO DEFINIDO,NO DEFINIDO,NO DEFINIDO,107744000.0,115278210.0,2021,Tercer Trimestre,,,,,,,,,,,,,,,,,,,,,,
993970,20211201,923272885,E.S.P Por Santa Rosa Sostenible S.A.S,2.1.1,GASTOS DE PERSONAL,GASTOS,FUNCIONAMIENTO,GASTOS DE PERSONAL,No Aplica,No Aplica,No Aplica,No Aplica,No Aplica,No Aplica,No Aplica,VIGENCIA ACTUAL,ENTIDADES TERRITORIALES - SERVICIOS PUBLICOS,NO DEFINIDO,NO DEFINIDO,NO DEFINIDO,83132261.0,110119552.0,2021,Cuarto Trimestre,,,,,,,,,,,,,,,,,,,,,,
994376,20230601,923272885,E.S.P Por Santa Rosa Sostenible S.A.S,2.1.1.01.02.006,APORTES AL ICBF,GASTOS,FUNCIONAMIENTO,GASTOS DE PERSONAL,PLANTA DE PERSONAL PERMANENTE,CONTRIBUCIONES INHERENTES A LA NOMINA,APORTES AL ICBF,No Aplica,No Aplica,No Aplica,No Aplica,VIGENCIA ACTUAL,ENTIDADES DIFERENTES A ENTIDADES TERRITORIALES - GESTION GENERAL,NO DEFINIDO,NO DEFINIDO,NO APLICA,0.0,117000.0,2023,Segundo Trimestre,,,,,,,,,,,,,,,,,,,,,,
994809,20210601,923272885,E.S.P Por Santa Rosa Sostenible S.A.S,2.1.2.01.01.005.02.03,PROGRAMAS DE INFORMATICA Y BASES DE DATOS,GASTOS,FUNCIONAMIENTO,ADQUISICION DE BIENES Y SERVICIOS,ADQUISICION DE ACTIVOS NO FINANCIEROS,ACTIVOS FIJOS,OTROS ACTIVOS FIJOS,PRODUCTOS DE LA PROPIEDAD INTELECTUAL,PROGRAMAS DE INFORMATICA Y BASES DE DATOS,No Aplica,No Aplica,VIGENCIA ACTUAL,ENTIDADES TERRITORIALES - SERVICIOS PUBLICOS,NO DEFINIDO,NO DEFINIDO,NO DEFINIDO,3400000.0,3400000.0,2021,Segundo Trimestre,,,,,,,,,,,,,,,,,,,,,,
1017879,20220901,923272885,E.S.P Por Santa Rosa Sostenible S.A.S,2.1.1.01.02.007,APORTES AL SENA,GASTOS,FUNCIONAMIENTO,GASTOS DE PERSONAL,PLANTA DE PERSONAL PERMANENTE,CONTRIBUCIONES INHERENTES A LA NOMINA,APORTES AL SENA,No Aplica,No Aplica,No Aplica,No Aplica,VIGENCIA ACTUAL,ENTIDADES DIFERENTES A ENTIDADES TERRITORIALES - GESTION GENERAL,NO DEFINIDO,NO DEFINIDO,NO APLICA,0.0,150200.0,2022,Tercer Trimestre,,,,,,,,,,,,,,,,,,,,,,
1019994,20210901,923272885,E.S.P Por Santa Rosa Sostenible S.A.S,2.1.2.02.01.003,"OTROS BIENES TRANSPORTABLES EXCEPTO PRODUCTOS METALICOS, MAQUINARIA Y EQUIPO",GASTOS,FUNCIONAMIENTO,ADQUISICION DE BIENES Y SERVICIOS,ADQUISICIONES DIFERENTES DE ACTIVOS,MATERIALES Y SUMINISTROS,"OTROS BIENES TRANSPORTABLES EXCEPTO PRODUCTOS METALICOS, MAQUINARIA Y EQUIPO",No Aplica,No Aplica,No Aplica,No Aplica,VIGENCIA ACTUAL,ENTIDADES TERRITORIALES - SERVICIOS PUBLICOS,NO DEFINIDO,NO DEFINIDO,NO APLICA,16000000.0,15469200.0,2021,Tercer Trimestre,,,,,,,,,,,,,,,,,,,,,,
1026982,20210601,923272885,E.S.P Por Santa Rosa Sostenible S.A.S,2.1.2.02.02.007,SERVICIOS FINANCIEROS Y SERVICIOS CONEXOS; SERVICIOS INMOBILIARIOS; Y SERVICIOS DE ARRENDAMIENTO Y LEASING,GASTOS,FUNCIONAMIENTO,ADQUISICION DE BIENES Y SERVICIOS,ADQUISICIONES DIFERENTES DE ACTIVOS,ADQUISICION DE SERVICIOS,SERVICIOS FINANCIEROS Y SERVICIOS CONEXOS; SERVICIOS INMOBILIARIOS; Y SERVICIOS DE ARRENDAMIENTO Y LEASING,No Aplica,No Aplica,No Aplica,No Aplica,VIGENCIA ACTUAL,ENTIDADES TERRITORIALES - SERVICIOS PUBLICOS,NO DEFINIDO,NO DEFINIDO,NO APLICA,10400000.0,10400000.0,2021,Segundo Trimestre,,,,,,,,,,,,,,,,,,,,,,
1040351,20230601,923272885,E.S.P Por Santa Rosa Sostenible S.A.S,2.1.1.01.01,FACTORES CONSTITUTIVOS DE SALARIO,GASTOS,FUNCIONAMIENTO,GASTOS DE PERSONAL,PLANTA DE PERSONAL PERMANENTE,FACTORES CONSTITUTIVOS DE SALARIO,No Aplica,No Aplica,No Aplica,No Aplica,No Aplica,VIGENCIA ACTUAL,ENTIDADES DIFERENTES A ENTIDADES TERRITORIALES - GESTION GENERAL,NO DEFINIDO,NO DEFINIDO,NO DEFINIDO,107486000.0,106201240.0,2023,Segundo Trimestre,,,,,,,,,,,,,,,,,,,,,,
1052849,20210301,923272885,E.S.P Por Santa Rosa Sostenible S.A.S,2,GASTOS,GASTOS,No Aplica,No Aplica,No Aplica,No Aplica,No Aplica,No Aplica,No Aplica,No Aplica,No Aplica,VIGENCIA ACTUAL,ENTIDADES TERRITORIALES - SERVICIOS PUBLICOS,NO DEFINIDO,NO DEFINIDO,NO DEFINIDO,2373498601.0,2400067601.0,2021,Primer Trimestre,,,,,,,,,,,,,,,,,,,,,,
1053900,20221201,923272885,E.S.P Por Santa Rosa Sostenible S.A.S,2.1.1.01.02,CONTRIBUCIONES INHERENTES A LA NOMINA,GASTOS,FUNCIONAMIENTO,GASTOS DE PERSONAL,PLANTA DE PERSONAL PERMANENTE,CONTRIBUCIONES INHERENTES A LA NOMINA,No Aplica,No Aplica,No Aplica,No Aplica,No Aplica,VIGENCIA ACTUAL,ENTIDADES DIFERENTES A ENTIDADES TERRITORIALES - GESTION GENERAL,NO DEFINIDO,NO DEFINIDO,NO DEFINIDO,14241255.0,20622872.0,2022,Cuarto Trimestre,,,,,,,,,,,,,,,,,,,,,,
1061657,20230301,923272885,E.S.P Por Santa Rosa Sostenible S.A.S,2.1.8.01.14,GRAVAMEN A LOS MOVIMIENTOS FINANCIEROS,GASTOS,FUNCIONAMIENTO,"GASTOS POR TRIBUTOS, TASAS, CONTRIBUCIONES, MULTAS, SANCIONES E INTERESES DE MORA",IMPUESTOS,GRAVAMEN A LOS MOVIMIENTOS FINANCIEROS,No Aplica,No Aplica,No Aplica,No Aplica,No Aplica,VIGENCIA ACTUAL,ENTIDADES DIFERENTES A ENTIDADES TERRITORIALES - GESTION GENERAL,NO DEFINIDO,NO DEFINIDO,NO APLICA,4872225.0,4872225.0,2023,Primer Trimestre,,,,,,,,,,,,,,,,,,,,,,
1069486,20220301,923272885,E.S.P Por Santa Rosa Sostenible S.A.S,2,GASTOS,GASTOS,No Aplica,No Aplica,No Aplica,No Aplica,No Aplica,No Aplica,No Aplica,No Aplica,No Aplica,VIGENCIA ACTUAL,ENTIDADES DIFERENTES A ENTIDADES TERRITORIALES - GESTION GENERAL,NO DEFINIDO,NO DEFINIDO,NO DEFINIDO,2740000000.0,2953925382.0,2022,Primer Trimestre,,,,,,,,,,,,,,,,,,,,,,
1086387,20210901,923272885,E.S.P Por Santa Rosa Sostenible S.A.S,2.1.1.01.02.006,APORTES AL ICBF,GASTOS,FUNCIONAMIENTO,GASTOS DE PERSONAL,PLANTA DE PERSONAL PERMANENTE,CONTRIBUCIONES INHERENTES A LA NOMINA,APORTES AL ICBF,No Aplica,No Aplica,No Aplica,No Aplica,VIGENCIA ACTUAL,ENTIDADES TERRITORIALES - SERVICIOS PUBLICOS,NO DEFINIDO,NO DEFINIDO,NO APLICA,0.0,432300.0,2021,Tercer Trimestre,,,,,,,,,,,,,,,,,,,,,,
1087761,20220301,923272885,E.S.P Por Santa Rosa Sostenible S.A.S,2.1.8.05.02,INTERESES DE MORA,GASTOS,FUNCIONAMIENTO,"GASTOS POR TRIBUTOS, TASAS, CONTRIBUCIONES, MULTAS, SANCIONES E INTERESES DE MORA","MULTAS, SANCIONES E INTERESES DE MORA",INTERESES DE MORA,No Aplica,No Aplica,No Aplica,No Aplica,No Aplica,VIGENCIA ACTUAL,ENTIDADES DIFERENTES A ENTIDADES TERRITORIALES - GESTION GENERAL,NO DEFINIDO,NO DEFINIDO,NO APLICA,500000.0,509000.0,2022,Primer Trimestre,,,,,,,,,,,,,,,,,,,,,,
1088046,20220901,923272885,E.S.P Por Santa Rosa Sostenible S.A.S,2.1.1.01.01.001.06,PRIMA DE SERVICIO,GASTOS,FUNCIONAMIENTO,GASTOS DE PERSONAL,PLANTA DE PERSONAL PERMANENTE,FACTORES CONSTITUTIVOS DE SALARIO,FACTORES SALARIALES COMUNES,PRIMA DE SERVICIO,No Aplica,No Aplica,No Aplica,VIGENCIA ACTUAL,ENTIDADES DIFERENTES A ENTIDADES TERRITORIALES - GESTION GENERAL,NO DEFINIDO,NO DEFINIDO,NO APLICA,2985610.0,2987755.0,2022,Tercer Trimestre,,,,,,,,,,,,,,,,,,,,,,
1089352,20210901,923272885,E.S.P Por Santa Rosa Sostenible S.A.S,2.1.2.01.01.005.02.03.01,PROGRAMAS DE INFORMATICA,GASTOS,FUNCIONAMIENTO,ADQUISICION DE BIENES Y SERVICIOS,ADQUISICION DE ACTIVOS NO FINANCIEROS,ACTIVOS FIJOS,OTROS ACTIVOS FIJOS,PRODUCTOS DE LA PROPIEDAD INTELECTUAL,PROGRAMAS DE INFORMATICA Y BASES DE DATOS,PROGRAMAS DE INFORMATICA,No Aplica,VIGENCIA ACTUAL,ENTIDADES TERRITORIALES - SERVICIOS PUBLICOS,NO DEFINIDO,NO DEFINIDO,NO DEFINIDO,3400000.0,3400000.0,2021,Tercer Trimestre,,,,,,,,,,,,,,,,,,,,,,
1089760,20221201,923272885,E.S.P Por Santa Rosa Sostenible S.A.S,2.1.2.02.01.001,"MINERALES, ELECTRICIDAD, GAS Y AGUA",GASTOS,FUNCIONAMIENTO,ADQUISICION DE BIENES Y SERVICIOS,ADQUISICIONES DIFERENTES DE ACTIVOS,MATERIALES Y SUMINISTROS,"MINERALES, ELECTRICIDAD, GAS Y AGUA",No Aplica,No Aplica,No Aplica,No Aplica,VIGENCIA ACTUAL,ENTIDADES DIFERENTES A ENTIDADES TERRITORIALES - GESTION GENERAL,NO DEFINIDO,NO DEFINIDO,NO APLICA,510000000.0,651145975.0,2022,Cuarto Trimestre,,,,,,,,,,,,,,,,,,,,,,
1089847,20230601,923272885,E.S.P Por Santa Rosa Sostenible S.A.S,2.1.1.01.02,CONTRIBUCIONES INHERENTES A LA NOMINA,GASTOS,FUNCIONAMIENTO,GASTOS DE PERSONAL,PLANTA DE PERSONAL PERMANENTE,CONTRIBUCIONES INHERENTES A LA NOMINA,No Aplica,No Aplica,No Aplica,No Aplica,No Aplica,VIGENCIA ACTUAL,ENTIDADES DIFERENTES A ENTIDADES TERRITORIALES - GESTION GENERAL,NO DEFINIDO,NO DEFINIDO,NO DEFINIDO,23620000.0,21369967.0,2023,Segundo Trimestre,,,,,,,,,,,,,,,,,,,,,,
1091982,20210601,923272885,E.S.P Por Santa Rosa Sostenible S.A.S,2.1.8.04,CONTRIBUCIONES,GASTOS,FUNCIONAMIENTO,"GASTOS POR TRIBUTOS, TASAS, CONTRIBUCIONES, MULTAS, SANCIONES E INTERESES DE MORA",CONTRIBUCIONES,No Aplica,No Aplica,No Aplica,No Aplica,No Aplica,No Aplica,VIGENCIA ACTUAL,ENTIDADES TERRITORIALES - SERVICIOS PUBLICOS,NO DEFINIDO,NO DEFINIDO,NO DEFINIDO,3000000.0,3000000.0,2021,Segundo Trimestre,,,,,,,,,,,,,,,,,,,,,,
1095952,20210301,923272885,E.S.P Por Santa Rosa Sostenible S.A.S,2.1.1.01.02,CONTRIBUCIONES INHERENTES A LA NOMINA,GASTOS,FUNCIONAMIENTO,GASTOS DE PERSONAL,PLANTA DE PERSONAL PERMANENTE,CONTRIBUCIONES INHERENTES A LA NOMINA,No Aplica,No Aplica,No Aplica,No Aplica,No Aplica,VIGENCIA ACTUAL,ENTIDADES TERRITORIALES - SERVICIOS PUBLICOS,NO DEFINIDO,NO DEFINIDO,NO DEFINIDO,15337261.0,27188061.0,2021,Primer Trimestre,,,,,,,,,,,,,,,,,,,,,,
1101352,20220301,923272885,E.S.P Por Santa Rosa Sostenible S.A.S,2.1.2.02,ADQUISICIONES DIFERENTES DE ACTIVOS,GASTOS,FUNCIONAMIENTO,ADQUISICION DE BIENES Y SERVICIOS,ADQUISICIONES DIFERENTES DE ACTIVOS,No Aplica,No Aplica,No Aplica,No Aplica,No Aplica,No Aplica,VIGENCIA ACTUAL,ENTIDADES DIFERENTES A ENTIDADES TERRITORIALES - GESTION GENERAL,NO DEFINIDO,NO DEFINIDO,NO DEFINIDO,2586434808.0,2792604307.0,2022,Primer Trimestre,,,,,,,,,,,,,,,,,,,,,,
1102488,20211201,923272885,E.S.P Por Santa Rosa Sostenible S.A.S,2.1,FUNCIONAMIENTO,GASTOS,FUNCIONAMIENTO,No Aplica,No Aplica,No Aplica,No Aplica,No Aplica,No Aplica,No Aplica,No Aplica,VIGENCIA ACTUAL,ENTIDADES TERRITORIALES - SERVICIOS PUBLICOS,NO DEFINIDO,NO DEFINIDO,NO DEFINIDO,274353461.0,289400755.0,2021,Cuarto Trimestre,,,,,,,,,,,,,,,,,,,,,,
1110111,20220901,923272885,E.S.P Por Santa Rosa Sostenible S.A.S,2.1.1.01.01.001,FACTORES SALARIALES COMUNES,GASTOS,FUNCIONAMIENTO,GASTOS DE PERSONAL,PLANTA DE PERSONAL PERMANENTE,FACTORES CONSTITUTIVOS DE SALARIO,FACTORES SALARIALES COMUNES,No Aplica,No Aplica,No Aplica,No Aplica,VIGENCIA ACTUAL,ENTIDADES DIFERENTES A ENTIDADES TERRITORIALES - GESTION GENERAL,NO DEFINIDO,NO DEFINIDO,NO DEFINIDO,93193860.0,94260545.0,2022,Tercer Trimestre,,,,,,,,,,,,,,,,,,,,,,
1111210,20221201,923272885,E.S.P Por Santa Rosa Sostenible S.A.S,2.1.2.02.02.009,"SERVICIOS PARA LA COMUNIDAD, SOCIALES Y PERSONALES",GASTOS,FUNCIONAMIENTO,ADQUISICION DE BIENES Y SERVICIOS,ADQUISICIONES DIFERENTES DE ACTIVOS,ADQUISICION DE SERVICIOS,"SERVICIOS PARA LA COMUNIDAD, SOCIALES Y PERSONALES",No Aplica,No Aplica,No Aplica,No Aplica,VIGENCIA ACTUAL,ENTIDADES DIFERENTES A ENTIDADES TERRITORIALES - GESTION GENERAL,NO DEFINIDO,NO DEFINIDO,NO APLICA,360000.0,360000.0,2022,Cuarto Trimestre,,,,,,,,,,,,,,,,,,,,,,
1113593,20210601,923272885,E.S.P Por Santa Rosa Sostenible S.A.S,2,GASTOS,GASTOS,No Aplica,No Aplica,No Aplica,No Aplica,No Aplica,No Aplica,No Aplica,No Aplica,No Aplica,VIGENCIA ACTUAL,ENTIDADES TERRITORIALES - SERVICIOS PUBLICOS,NO DEFINIDO,NO DEFINIDO,NO DEFINIDO,2373498601.0,2400067601.0,2021,Segundo Trimestre,,,,,,,,,,,,,,,,,,,,,,
1125854,20220901,923272885,E.S.P Por Santa Rosa Sostenible S.A.S,2.1.8.01.54,IMPUESTO DE INDUSTRIA Y COMERCIO,GASTOS,FUNCIONAMIENTO,"GASTOS POR TRIBUTOS, TASAS, CONTRIBUCIONES, MULTAS, SANCIONES E INTERESES DE MORA",IMPUESTOS,IMPUESTO DE INDUSTRIA Y COMERCIO,No Aplica,No Aplica,No Aplica,No Aplica,No Aplica,VIGENCIA ACTUAL,ENTIDADES DIFERENTES A ENTIDADES TERRITORIALES - GESTION GENERAL,NO DEFINIDO,NO DEFINIDO,NO APLICA,1000000.0,1000000.0,2022,Tercer Trimestre,,,,,,,,,,,,,,,,,,,,,,
1128110,20210901,923272885,E.S.P Por Santa Rosa Sostenible S.A.S,2.1.8.05,"MULTAS, SANCIONES E INTERESES DE MORA",GASTOS,FUNCIONAMIENTO,"GASTOS POR TRIBUTOS, TASAS, CONTRIBUCIONES, MULTAS, SANCIONES E INTERESES DE MORA","MULTAS, SANCIONES E INTERESES DE MORA",No Aplica,No Aplica,No Aplica,No Aplica,No Aplica,No Aplica,VIGENCIA ACTUAL,ENTIDADES TERRITORIALES - SERVICIOS PUBLICOS,NO DEFINIDO,NO DEFINIDO,NO DEFINIDO,100000.0,100000.0,2021,Tercer Trimestre,,,,,,,,,,,,,,,,,,,,,,
1135416,20210601,923272885,E.S.P Por Santa Rosa Sostenible S.A.S,2.1.1.01.02.006,APORTES AL ICBF,GASTOS,FUNCIONAMIENTO,GASTOS DE PERSONAL,PLANTA DE PERSONAL PERMANENTE,CONTRIBUCIONES INHERENTES A LA NOMINA,APORTES AL ICBF,No Aplica,No Aplica,No Aplica,No Aplica,VIGENCIA ACTUAL,ENTIDADES TERRITORIALES - SERVICIOS PUBLICOS,NO DEFINIDO,NO DEFINIDO,NO APLICA,0.0,432300.0,2021,Segundo Trimestre,,,,,,,,,,,,,,,,,,,,,,
1145198,20220901,923272885,E.S.P Por Santa Rosa Sostenible S.A.S,2.1.2.02.02.008,SERVICIOS PRESTADOS A LAS EMPRESAS Y SERVICIOS DE PRODUCCION,GASTOS,FUNCIONAMIENTO,ADQUISICION DE BIENES Y SERVICIOS,ADQUISICIONES DIFERENTES DE ACTIVOS,ADQUISICION DE SERVICIOS,SERVICIOS PRESTADOS A LAS EMPRESAS Y SERVICIOS DE PRODUCCION,No Aplica,No Aplica,No Aplica,No Aplica,VIGENCIA ACTUAL,ENTIDADES DIFERENTES A ENTIDADES TERRITORIALES - GESTION GENERAL,NO DEFINIDO,NO DEFINIDO,NO APLICA,2036190358.0,2195224882.0,2022,Tercer Trimestre,,,,,,,,,,,,,,,,,,,,,,
1147492,20210601,923272885,E.S.P Por Santa Rosa Sostenible S.A.S,2.1.1.01.01.001,FACTORES SALARIALES COMUNES,GASTOS,FUNCIONAMIENTO,GASTOS DE PERSONAL,PLANTA DE PERSONAL PERMANENTE,FACTORES CONSTITUTIVOS DE SALARIO,FACTORES SALARIALES COMUNES,No Aplica,No Aplica,No Aplica,No Aplica,VIGENCIA ACTUAL,ENTIDADES TERRITORIALES - SERVICIOS PUBLICOS,NO DEFINIDO,NO DEFINIDO,NO DEFINIDO,65222333.0,79762333.0,2021,Segundo Trimestre,,,,,,,,,,,,,,,,,,,,,,
1155288,20230301,923272885,E.S.P Por Santa Rosa Sostenible S.A.S,2.1.1.01.01.001.08,PRESTACIONES SOCIALES,GASTOS,FUNCIONAMIENTO,GASTOS DE PERSONAL,PLANTA DE PERSONAL PERMANENTE,FACTORES CONSTITUTIVOS DE SALARIO,FACTORES SALARIALES COMUNES,PRESTACIONES SOCIALES,No Aplica,No Aplica,No Aplica,VIGENCIA ACTUAL,ENTIDADES DIFERENTES A ENTIDADES TERRITORIALES - GESTION GENERAL,NO DEFINIDO,NO DEFINIDO,NO DEFINIDO,11941000.0,11941000.0,2023,Primer Trimestre,,,,,,,,,,,,,,,,,,,,,,
1166737,20221201,923272885,E.S.P Por Santa Rosa Sostenible S.A.S,2.1.1.01.02.006,APORTES AL ICBF,GASTOS,FUNCIONAMIENTO,GASTOS DE PERSONAL,PLANTA DE PERSONAL PERMANENTE,CONTRIBUCIONES INHERENTES A LA NOMINA,APORTES AL ICBF,No Aplica,No Aplica,No Aplica,No Aplica,VIGENCIA ACTUAL,ENTIDADES DIFERENTES A ENTIDADES TERRITORIALES - GESTION GENERAL,NO DEFINIDO,NO DEFINIDO,NO APLICA,0.0,334600.0,2022,Cuarto Trimestre,,,,,,,,,,,,,,,,,,,,,,
1167238,20211201,923272885,E.S.P Por Santa Rosa Sostenible S.A.S,2.1.8.01.03,SOBRETASA CREE,GASTOS,FUNCIONAMIENTO,"GASTOS POR TRIBUTOS, TASAS, CONTRIBUCIONES, MULTAS, SANCIONES E INTERESES DE MORA",IMPUESTOS,SOBRETASA CREE,No Aplica,No Aplica,No Aplica,No Aplica,No Aplica,VIGENCIA ACTUAL,ENTIDADES TERRITORIALES - SERVICIOS PUBLICOS,NO DEFINIDO,NO DEFINIDO,NO APLICA,20000000.0,17405340.0,2021,Cuarto Trimestre,,,,,,,,,,,,,,,,,,,,,,
1170029,20220901,923272885,E.S.P Por Santa Rosa Sostenible S.A.S,2.1.1.01.03,REMUNERACIONES NO CONSTITUTIVAS DE FACTOR SALARIAL,GASTOS,FUNCIONAMIENTO,GASTOS DE PERSONAL,PLANTA DE PERSONAL PERMANENTE,REMUNERACIONES NO CONSTITUTIVAS DE FACTOR SALARIAL,No Aplica,No Aplica,No Aplica,No Aplica,No Aplica,VIGENCIA ACTUAL,ENTIDADES DIFERENTES A ENTIDADES TERRITORIALES - GESTION GENERAL,NO DEFINIDO,NO DEFINIDO,NO DEFINIDO,8557852.0,8557852.0,2022,Tercer Trimestre,,,,,,,,,,,,,,,,,,,,,,
1179163,20230301,923272885,E.S.P Por Santa Rosa Sostenible S.A.S,2.1.1.01.01.001.08.01,PRIMA DE NAVIDAD,GASTOS,FUNCIONAMIENTO,GASTOS DE PERSONAL,PLANTA DE PERSONAL PERMANENTE,FACTORES CONSTITUTIVOS DE SALARIO,FACTORES SALARIALES COMUNES,PRESTACIONES SOCIALES,PRIMA DE NAVIDAD,No Aplica,No Aplica,VIGENCIA ACTUAL,ENTIDADES DIFERENTES A ENTIDADES TERRITORIALES - GESTION GENERAL,NO DEFINIDO,NO DEFINIDO,NO APLICA,8068000.0,8068000.0,2023,Primer Trimestre,,,,,,,,,,,,,,,,,,,,,,
1181384,20210601,923272885,E.S.P Por Santa Rosa Sostenible S.A.S,2.1,FUNCIONAMIENTO,GASTOS,FUNCIONAMIENTO,No Aplica,No Aplica,No Aplica,No Aplica,No Aplica,No Aplica,No Aplica,No Aplica,VIGENCIA ACTUAL,ENTIDADES TERRITORIALES - SERVICIOS PUBLICOS,NO DEFINIDO,NO DEFINIDO,NO DEFINIDO,274353461.0,300922461.0,2021,Segundo Trimestre,,,,,,,,,,,,,,,,,,,,,,
1187424,20210601,923272885,E.S.P Por Santa Rosa Sostenible S.A.S,2.1.2.01.01.005.02,PRODUCTOS DE LA PROPIEDAD INTELECTUAL,GASTOS,FUNCIONAMIENTO,ADQUISICION DE BIENES Y SERVICIOS,ADQUISICION DE ACTIVOS NO FINANCIEROS,ACTIVOS FIJOS,OTROS ACTIVOS FIJOS,PRODUCTOS DE LA PROPIEDAD INTELECTUAL,No Aplica,No Aplica,No Aplica,VIGENCIA ACTUAL,ENTIDADES TERRITORIALES - SERVICIOS PUBLICOS,NO DEFINIDO,NO DEFINIDO,NO DEFINIDO,3400000.0,3400000.0,2021,Segundo Trimestre,,,,,,,,,,,,,,,,,,,,,,
1188956,20211201,923272885,E.S.P Por Santa Rosa Sostenible S.A.S,2.1.8.01.54,IMPUESTO DE INDUSTRIA Y COMERCIO,GASTOS,FUNCIONAMIENTO,"GASTOS POR TRIBUTOS, TASAS, CONTRIBUCIONES, MULTAS, SANCIONES E INTERESES DE MORA",IMPUESTOS,IMPUESTO DE INDUSTRIA Y COMERCIO,No Aplica,No Aplica,No Aplica,No Aplica,No Aplica,VIGENCIA ACTUAL,ENTIDADES TERRITORIALES - SERVICIOS PUBLICOS,NO DEFINIDO,NO DEFINIDO,NO APLICA,30000000.0,21322000.0,2021,Cuarto Trimestre,,,,,,,,,,,,,,,,,,,,,,
1193713,20210601,923272885,E.S.P Por Santa Rosa Sostenible S.A.S,2.1.8.01.14,GRAVAMEN A LOS MOVIMIENTOS FINANCIEROS,GASTOS,FUNCIONAMIENTO,"GASTOS POR TRIBUTOS, TASAS, CONTRIBUCIONES, MULTAS, SANCIONES E INTERESES DE MORA",IMPUESTOS,GRAVAMEN A LOS MOVIMIENTOS FINANCIEROS,No Aplica,No Aplica,No Aplica,No Aplica,No Aplica,VIGENCIA ACTUAL,ENTIDADES TERRITORIALES - SERVICIOS PUBLICOS,NO DEFINIDO,NO DEFINIDO,NO APLICA,10027200.0,10027200.0,2021,Segundo Trimestre,,,,,,,,,,,,,,,,,,,,,,
1206709,20210901,923272885,E.S.P Por Santa Rosa Sostenible S.A.S,2.1.2.01.01.003.03,"MAQUINARIA DE OFICINA, CONTABILIDAD E INFORMATICA",GASTOS,FUNCIONAMIENTO,ADQUISICION DE BIENES Y SERVICIOS,ADQUISICION DE ACTIVOS NO FINANCIEROS,ACTIVOS FIJOS,MAQUINARIA Y EQUIPO,"MAQUINARIA DE OFICINA, CONTABILIDAD E INFORMATICA",No Aplica,No Aplica,No Aplica,VIGENCIA ACTUAL,ENTIDADES TERRITORIALES - SERVICIOS PUBLICOS,NO DEFINIDO,NO DEFINIDO,NO DEFINIDO,16950000.0,6516101.0,2021,Tercer Trimestre,,,,,,,,,,,,,,,,,,,,,,
1211761,20230301,923272885,E.S.P Por Santa Rosa Sostenible S.A.S,2.1.1.01,PLANTA DE PERSONAL PERMANENTE,GASTOS,FUNCIONAMIENTO,GASTOS DE PERSONAL,PLANTA DE PERSONAL PERMANENTE,No Aplica,No Aplica,No Aplica,No Aplica,No Aplica,No Aplica,VIGENCIA ACTUAL,ENTIDADES DIFERENTES A ENTIDADES TERRITORIALES - GESTION GENERAL,NO DEFINIDO,NO DEFINIDO,NO DEFINIDO,135486000.0,135486000.0,2023,Primer Trimestre,,,,,,,,,,,,,,,,,,,,,,
1218414,20211201,923272885,E.S.P Por Santa Rosa Sostenible S.A.S,2.1.1.01.01,FACTORES CONSTITUTIVOS DE SALARIO,GASTOS,FUNCIONAMIENTO,GASTOS DE PERSONAL,PLANTA DE PERSONAL PERMANENTE,FACTORES CONSTITUTIVOS DE SALARIO,No Aplica,No Aplica,No Aplica,No Aplica,No Aplica,VIGENCIA ACTUAL,ENTIDADES TERRITORIALES - SERVICIOS PUBLICOS,NO DEFINIDO,NO DEFINIDO,NO DEFINIDO,65222333.0,79762333.0,2021,Cuarto Trimestre,,,,,,,,,,,,,,,,,,,,,,
1228632,20230301,923272885,E.S.P Por Santa Rosa Sostenible S.A.S,2.1.2.01.01.003,MAQUINARIA Y EQUIPO,GASTOS,FUNCIONAMIENTO,ADQUISICION DE BIENES Y SERVICIOS,ADQUISICION DE ACTIVOS NO FINANCIEROS,ACTIVOS FIJOS,MAQUINARIA Y EQUIPO,No Aplica,No Aplica,No Aplica,No Aplica,VIGENCIA ACTUAL,ENTIDADES DIFERENTES A ENTIDADES TERRITORIALES - GESTION GENERAL,NO DEFINIDO,NO DEFINIDO,NO DEFINIDO,15000000.0,15000000.0,2023,Primer Trimestre,,,,,,,,,,,,,,,,,,,,,,
1234142,20230601,923272885,E.S.P Por Santa Rosa Sostenible S.A.S,2.1.2.02,ADQUISICIONES DIFERENTES DE ACTIVOS,GASTOS,FUNCIONAMIENTO,ADQUISICION DE BIENES Y SERVICIOS,ADQUISICIONES DIFERENTES DE ACTIVOS,No Aplica,No Aplica,No Aplica,No Aplica,No Aplica,No Aplica,VIGENCIA ACTUAL,ENTIDADES DIFERENTES A ENTIDADES TERRITORIALES - GESTION GENERAL,NO DEFINIDO,NO DEFINIDO,NO DEFINIDO,2614924400.0,3457708900.0,2023,Segundo Trimestre,,,,,,,,,,,,,,,,,,,,,,
1235003,20221201,923272885,E.S.P Por Santa Rosa Sostenible S.A.S,2.1.2.02.01.002,"PRODUCTOS ALIMENTICIOS, BEBIDAS Y TABACO, TEXTILES, PRENDAS DE VESTIR Y PRODUCTOS DE CUERO",GASTOS,FUNCIONAMIENTO,ADQUISICION DE BIENES Y SERVICIOS,ADQUISICIONES DIFERENTES DE ACTIVOS,MATERIALES Y SUMINISTROS,"PRODUCTOS ALIMENTICIOS, BEBIDAS Y TABACO, TEXTILES, PRENDAS DE VESTIR Y PRODUCTOS DE CUERO",No Aplica,No Aplica,No Aplica,No Aplica,VIGENCIA ACTUAL,ENTIDADES DIFERENTES A ENTIDADES TERRITORIALES - GESTION GENERAL,NO DEFINIDO,NO DEFINIDO,NO APLICA,2500000.0,600000.0,2022,Cuarto Trimestre,,,,,,,,,,,,,,,,,,,,,,
1240443,20210301,923272885,E.S.P Por Santa Rosa Sostenible S.A.S,2.1.2.02.02.007,SERVICIOS FINANCIEROS Y SERVICIOS CONEXOS; SERVICIOS INMOBILIARIOS; Y SERVICIOS DE ARRENDAMIENTO Y LEASING,GASTOS,FUNCIONAMIENTO,ADQUISICION DE BIENES Y SERVICIOS,ADQUISICIONES DIFERENTES DE ACTIVOS,ADQUISICION DE SERVICIOS,SERVICIOS FINANCIEROS Y SERVICIOS CONEXOS; SERVICIOS INMOBILIARIOS; Y SERVICIOS DE ARRENDAMIENTO Y LEASING,No Aplica,No Aplica,No Aplica,No Aplica,VIGENCIA ACTUAL,ENTIDADES TERRITORIALES - SERVICIOS PUBLICOS,NO DEFINIDO,NO DEFINIDO,NO APLICA,8400000.0,8400000.0,2021,Primer Trimestre,,,,,,,,,,,,,,,,,,,,,,
1246807,20210301,923272885,E.S.P Por Santa Rosa Sostenible S.A.S,2.1.8.01,IMPUESTOS,GASTOS,FUNCIONAMIENTO,"GASTOS POR TRIBUTOS, TASAS, CONTRIBUCIONES, MULTAS, SANCIONES E INTERESES DE MORA",IMPUESTOS,No Aplica,No Aplica,No Aplica,No Aplica,No Aplica,No Aplica,VIGENCIA ACTUAL,ENTIDADES TERRITORIALES - SERVICIOS PUBLICOS,NO DEFINIDO,NO DEFINIDO,NO DEFINIDO,60027200.0,60027200.0,2021,Primer Trimestre,,,,,,,,,,,,,,,,,,,,,,
1254915,20211201,923272885,E.S.P Por Santa Rosa Sostenible S.A.S,2.1.1.01.03,REMUNERACIONES NO CONSTITUTIVAS DE FACTOR SALARIAL,GASTOS,FUNCIONAMIENTO,GASTOS DE PERSONAL,PLANTA DE PERSONAL PERMANENTE,REMUNERACIONES NO CONSTITUTIVAS DE FACTOR SALARIAL,No Aplica,No Aplica,No Aplica,No Aplica,No Aplica,VIGENCIA ACTUAL,ENTIDADES TERRITORIALES - SERVICIOS PUBLICOS,NO DEFINIDO,NO DEFINIDO,NO DEFINIDO,2572667.0,3162667.0,2021,Cuarto Trimestre,,,,,,,,,,,,,,,,,,,,,,
1255602,20230301,923272885,E.S.P Por Santa Rosa Sostenible S.A.S,2.1.1.01.02.006,APORTES AL ICBF,GASTOS,FUNCIONAMIENTO,GASTOS DE PERSONAL,PLANTA DE PERSONAL PERMANENTE,CONTRIBUCIONES INHERENTES A LA NOMINA,APORTES AL ICBF,No Aplica,No Aplica,No Aplica,No Aplica,VIGENCIA ACTUAL,ENTIDADES DIFERENTES A ENTIDADES TERRITORIALES - GESTION GENERAL,NO DEFINIDO,NO DEFINIDO,NO APLICA,0.0,117000.0,2023,Primer Trimestre,,,,,,,,,,,,,,,,,,,,,,
1258464,20210901,923272885,E.S.P Por Santa Rosa Sostenible S.A.S,2.1.1.01,PLANTA DE PERSONAL PERMANENTE,GASTOS,FUNCIONAMIENTO,GASTOS DE PERSONAL,PLANTA DE PERSONAL PERMANENTE,No Aplica,No Aplica,No Aplica,No Aplica,No Aplica,No Aplica,VIGENCIA ACTUAL,ENTIDADES TERRITORIALES - SERVICIOS PUBLICOS,NO DEFINIDO,NO DEFINIDO,NO DEFINIDO,83132261.0,110113061.0,2021,Tercer Trimestre,,,,,,,,,,,,,,,,,,,,,,
1262717,20210901,923272885,E.S.P Por Santa Rosa Sostenible S.A.S,2.1.8.04,CONTRIBUCIONES,GASTOS,FUNCIONAMIENTO,"GASTOS POR TRIBUTOS, TASAS, CONTRIBUCIONES, MULTAS, SANCIONES E INTERESES DE MORA",CONTRIBUCIONES,No Aplica,No Aplica,No Aplica,No Aplica,No Aplica,No Aplica,VIGENCIA ACTUAL,ENTIDADES TERRITORIALES - SERVICIOS PUBLICOS,NO DEFINIDO,NO DEFINIDO,NO DEFINIDO,3000000.0,5487889.0,2021,Tercer Trimestre,,,,,,,,,,,,,,,,,,,,,,
1263837,20211201,923272885,E.S.P Por Santa Rosa Sostenible S.A.S,2.1.2.01.01.005.02.03.01,PROGRAMAS DE INFORMATICA,GASTOS,FUNCIONAMIENTO,ADQUISICION DE BIENES Y SERVICIOS,ADQUISICION DE ACTIVOS NO FINANCIEROS,ACTIVOS FIJOS,OTROS ACTIVOS FIJOS,PRODUCTOS DE LA PROPIEDAD INTELECTUAL,PROGRAMAS DE INFORMATICA Y BASES DE DATOS,PROGRAMAS DE INFORMATICA,No Aplica,VIGENCIA ACTUAL,ENTIDADES TERRITORIALES - SERVICIOS PUBLICOS,NO DEFINIDO,NO DEFINIDO,NO DEFINIDO,3400000.0,4035000.0,2021,Cuarto Trimestre,,,,,,,,,,,,,,,,,,,,,,
1268061,20210601,923272885,E.S.P Por Santa Rosa Sostenible S.A.S,2.1.1.01.03.001,PRESTACIONES SOCIALES,GASTOS,FUNCIONAMIENTO,GASTOS DE PERSONAL,PLANTA DE PERSONAL PERMANENTE,REMUNERACIONES NO CONSTITUTIVAS DE FACTOR SALARIAL,PRESTACIONES SOCIALES,No Aplica,No Aplica,No Aplica,No Aplica,VIGENCIA ACTUAL,ENTIDADES TERRITORIALES - SERVICIOS PUBLICOS,NO DEFINIDO,NO DEFINIDO,NO DEFINIDO,2572667.0,3162667.0,2021,Segundo Trimestre,,,,,,,,,,,,,,,,,,,,,,
1283665,20230601,923272885,E.S.P Por Santa Rosa Sostenible S.A.S,2.1.1.01,PLANTA DE PERSONAL PERMANENTE,GASTOS,FUNCIONAMIENTO,GASTOS DE PERSONAL,PLANTA DE PERSONAL PERMANENTE,No Aplica,No Aplica,No Aplica,No Aplica,No Aplica,No Aplica,VIGENCIA ACTUAL,ENTIDADES DIFERENTES A ENTIDADES TERRITORIALES - GESTION GENERAL,NO DEFINIDO,NO DEFINIDO,NO DEFINIDO,135486000.0,132387836.0,2023,Segundo Trimestre,,,,,,,,,,,,,,,,,,,,,,
1283876,20210901,923272885,E.S.P Por Santa Rosa Sostenible S.A.S,2.1.2.01.01.005.02,PRODUCTOS DE LA PROPIEDAD INTELECTUAL,GASTOS,FUNCIONAMIENTO,ADQUISICION DE BIENES Y SERVICIOS,ADQUISICION DE ACTIVOS NO FINANCIEROS,ACTIVOS FIJOS,OTROS ACTIVOS FIJOS,PRODUCTOS DE LA PROPIEDAD INTELECTUAL,No Aplica,No Aplica,No Aplica,VIGENCIA ACTUAL,ENTIDADES TERRITORIALES - SERVICIOS PUBLICOS,NO DEFINIDO,NO DEFINIDO,NO DEFINIDO,3400000.0,3400000.0,2021,Tercer Trimestre,,,,,,,,,,,,,,,,,,,,,,
1285533,20220901,923272885,E.S.P Por Santa Rosa Sostenible S.A.S,2.1.2.02.01.001,"MINERALES, ELECTRICIDAD, GAS Y AGUA",GASTOS,FUNCIONAMIENTO,ADQUISICION DE BIENES Y SERVICIOS,ADQUISICIONES DIFERENTES DE ACTIVOS,MATERIALES Y SUMINISTROS,"MINERALES, ELECTRICIDAD, GAS Y AGUA",No Aplica,No Aplica,No Aplica,No Aplica,VIGENCIA ACTUAL,ENTIDADES DIFERENTES A ENTIDADES TERRITORIALES - GESTION GENERAL,NO DEFINIDO,NO DEFINIDO,NO APLICA,510000000.0,551342975.0,2022,Tercer Trimestre,,,,,,,,,,,,,,,,,,,,,,
1290022,20211201,923272885,E.S.P Por Santa Rosa Sostenible S.A.S,2.1.1.01.02.004,APORTES A CAJAS DE COMPENSACION FAMILIAR,GASTOS,FUNCIONAMIENTO,GASTOS DE PERSONAL,PLANTA DE PERSONAL PERMANENTE,CONTRIBUCIONES INHERENTES A LA NOMINA,APORTES A CAJAS DE COMPENSACION FAMILIAR,No Aplica,No Aplica,No Aplica,No Aplica,VIGENCIA ACTUAL,ENTIDADES TERRITORIALES - SERVICIOS PUBLICOS,NO DEFINIDO,NO DEFINIDO,NO APLICA,2179200.0,2679200.0,2021,Cuarto Trimestre,,,,,,,,,,,,,,,,,,,,,,
1290438,20220301,923272885,E.S.P Por Santa Rosa Sostenible S.A.S,2.1.1.01.01.001.10,VIATICOS DE LOS FUNCIONARIOS EN COMISION,GASTOS,FUNCIONAMIENTO,GASTOS DE PERSONAL,PLANTA DE PERSONAL PERMANENTE,FACTORES CONSTITUTIVOS DE SALARIO,FACTORES SALARIALES COMUNES,VIATICOS DE LOS FUNCIONARIOS EN COMISION,No Aplica,No Aplica,No Aplica,VIGENCIA ACTUAL,ENTIDADES DIFERENTES A ENTIDADES TERRITORIALES - GESTION GENERAL,NO DEFINIDO,NO DEFINIDO,NO APLICA,5400000.0,5400000.0,2022,Primer Trimestre,,,,,,,,,,,,,,,,,,,,,,
1294334,20210901,923272885,E.S.P Por Santa Rosa Sostenible S.A.S,2.4.5.02.06,"COMERCIO Y DISTRIBUCION; ALOJAMIENTO; SERVICIOS DE SUMINISTRO DE COMIDAS Y BEBIDAS; SERVICIOS DE TRANSPORTE; Y SERVICIOS DE DISTRIBUCION DE ELECTRICIDAD, GAS Y AGUA",GASTOS,GASTOS DE OPERACION COMERCIAL,GASTOS DE COMERCIALIZACION Y PRODUCCION,ADQUISICION DE SERVICIOS,"COMERCIO Y DISTRIBUCION; ALOJAMIENTO; SERVICIOS DE SUMINISTRO DE COMIDAS Y BEBIDAS; SERVICIOS DE TRANSPORTE; Y SERVICIOS DE DISTRIBUCION DE ELECTRICIDAD, GAS Y AGUA",No Aplica,No Aplica,No Aplica,No Aplica,No Aplica,VIGENCIA ACTUAL,ENTIDADES TERRITORIALES - SERVICIOS PUBLICOS,NO DEFINIDO,NO DEFINIDO,NO APLICA,480000000.0,480000000.0,2021,Tercer Trimestre,,,,,,,,,,,,,,,,,,,,,,
1297232,20230601,923272885,E.S.P Por Santa Rosa Sostenible S.A.S,2.1.2.02.02,ADQUISICION DE SERVICIOS,GASTOS,FUNCIONAMIENTO,ADQUISICION DE BIENES Y SERVICIOS,ADQUISICIONES DIFERENTES DE ACTIVOS,ADQUISICION DE SERVICIOS,No Aplica,No Aplica,No Aplica,No Aplica,No Aplica,VIGENCIA ACTUAL,ENTIDADES DIFERENTES A ENTIDADES TERRITORIALES - GESTION GENERAL,NO DEFINIDO,NO DEFINIDO,NO DEFINIDO,2012079400.0,2668552447.0,2023,Segundo Trimestre,,,,,,,,,,,,,,,,,,,,,,
1299222,20230301,923272885,E.S.P Por Santa Rosa Sostenible S.A.S,2,GASTOS,GASTOS,No Aplica,No Aplica,No Aplica,No Aplica,No Aplica,No Aplica,No Aplica,No Aplica,No Aplica,VIGENCIA ACTUAL,ENTIDADES DIFERENTES A ENTIDADES TERRITORIALES - GESTION GENERAL,NO DEFINIDO,NO DEFINIDO,NO DEFINIDO,2777264000.0,3617269500.0,2023,Primer Trimestre,,,,,,,,,,,,,,,,,,,,,,
1300786,20221201,923272885,E.S.P Por Santa Rosa Sostenible S.A.S,2.1.1.01.01,FACTORES CONSTITUTIVOS DE SALARIO,GASTOS,FUNCIONAMIENTO,GASTOS DE PERSONAL,PLANTA DE PERSONAL PERMANENTE,FACTORES CONSTITUTIVOS DE SALARIO,No Aplica,No Aplica,No Aplica,No Aplica,No Aplica,VIGENCIA ACTUAL,ENTIDADES DIFERENTES A ENTIDADES TERRITORIALES - GESTION GENERAL,NO DEFINIDO,NO DEFINIDO,NO DEFINIDO,93193860.0,92595086.0,2022,Cuarto Trimestre,,,,,,,,,,,,,,,,,,,,,,
1301452,20221201,923272885,E.S.P Por Santa Rosa Sostenible S.A.S,2.1.1.01.03.001.03,BONIFICACION ESPECIAL DE RECREACION,GASTOS,FUNCIONAMIENTO,GASTOS DE PERSONAL,PLANTA DE PERSONAL PERMANENTE,REMUNERACIONES NO CONSTITUTIVAS DE FACTOR SALARIAL,PRESTACIONES SOCIALES,BONIFICACION ESPECIAL DE RECREACION,No Aplica,No Aplica,No Aplica,VIGENCIA ACTUAL,ENTIDADES DIFERENTES A ENTIDADES TERRITORIALES - GESTION GENERAL,NO DEFINIDO,NO DEFINIDO,NO APLICA,398081.0,398081.0,2022,Cuarto Trimestre,,,,,,,,,,,,,,,,,,,,,,
1303591,20210901,923272885,E.S.P Por Santa Rosa Sostenible S.A.S,2.1.2.01,ADQUISICION DE ACTIVOS NO FINANCIEROS,GASTOS,FUNCIONAMIENTO,ADQUISICION DE BIENES Y SERVICIOS,ADQUISICION DE ACTIVOS NO FINANCIEROS,No Aplica,No Aplica,No Aplica,No Aplica,No Aplica,No Aplica,VIGENCIA ACTUAL,ENTIDADES TERRITORIALES - SERVICIOS PUBLICOS,NO DEFINIDO,NO DEFINIDO,NO DEFINIDO,20350000.0,9916101.0,2021,Tercer Trimestre,,,,,,,,,,,,,,,,,,,,,,
1309058,20210901,923272885,E.S.P Por Santa Rosa Sostenible S.A.S,2.4.5.02,ADQUISICION DE SERVICIOS,GASTOS,GASTOS DE OPERACION COMERCIAL,GASTOS DE COMERCIALIZACION Y PRODUCCION,ADQUISICION DE SERVICIOS,No Aplica,No Aplica,No Aplica,No Aplica,No Aplica,No Aplica,VIGENCIA ACTUAL,ENTIDADES TERRITORIALES - SERVICIOS PUBLICOS,NO DEFINIDO,NO DEFINIDO,NO DEFINIDO,2099145140.0,2099145140.0,2021,Tercer Trimestre,,,,,,,,,,,,,,,,,,,,,,
1312073,20230301,923272885,E.S.P Por Santa Rosa Sostenible S.A.S,2.1.8.05,"MULTAS, SANCIONES E INTERESES DE MORA",GASTOS,FUNCIONAMIENTO,"GASTOS POR TRIBUTOS, TASAS, CONTRIBUCIONES, MULTAS, SANCIONES E INTERESES DE MORA","MULTAS, SANCIONES E INTERESES DE MORA",No Aplica,No Aplica,No Aplica,No Aplica,No Aplica,No Aplica,VIGENCIA ACTUAL,ENTIDADES DIFERENTES A ENTIDADES TERRITORIALES - GESTION GENERAL,NO DEFINIDO,NO DEFINIDO,NO DEFINIDO,0.0,21000.0,2023,Primer Trimestre,,,,,,,,,,,,,,,,,,,,,,
1320416,20210301,923272885,E.S.P Por Santa Rosa Sostenible S.A.S,2.1.1.01.01.001,FACTORES SALARIALES COMUNES,GASTOS,FUNCIONAMIENTO,GASTOS DE PERSONAL,PLANTA DE PERSONAL PERMANENTE,FACTORES CONSTITUTIVOS DE SALARIO,FACTORES SALARIALES COMUNES,No Aplica,No Aplica,No Aplica,No Aplica,VIGENCIA ACTUAL,ENTIDADES TERRITORIALES - SERVICIOS PUBLICOS,NO DEFINIDO,NO DEFINIDO,NO DEFINIDO,65222333.0,79762333.0,2021,Primer Trimestre,,,,,,,,,,,,,,,,,,,,,,
1323504,20230601,923272885,E.S.P Por Santa Rosa Sostenible S.A.S,2.1.8.05.01,MULTAS Y SANCIONES,GASTOS,FUNCIONAMIENTO,"GASTOS POR TRIBUTOS, TASAS, CONTRIBUCIONES, MULTAS, SANCIONES E INTERESES DE MORA","MULTAS, SANCIONES E INTERESES DE MORA",MULTAS Y SANCIONES,No Aplica,No Aplica,No Aplica,No Aplica,No Aplica,VIGENCIA ACTUAL,ENTIDADES DIFERENTES A ENTIDADES TERRITORIALES - GESTION GENERAL,NO DEFINIDO,NO DEFINIDO,NO DEFINIDO,0.0,424000.0,2023,Segundo Trimestre,,,,,,,,,,,,,,,,,,,,,,
1327536,20210601,923272885,E.S.P Por Santa Rosa Sostenible S.A.S,2.4.5.02.06,"COMERCIO Y DISTRIBUCION; ALOJAMIENTO; SERVICIOS DE SUMINISTRO DE COMIDAS Y BEBIDAS; SERVICIOS DE TRANSPORTE; Y SERVICIOS DE DISTRIBUCION DE ELECTRICIDAD, GAS Y AGUA",GASTOS,GASTOS DE OPERACION COMERCIAL,GASTOS DE COMERCIALIZACION Y PRODUCCION,ADQUISICION DE SERVICIOS,"COMERCIO Y DISTRIBUCION; ALOJAMIENTO; SERVICIOS DE SUMINISTRO DE COMIDAS Y BEBIDAS; SERVICIOS DE TRANSPORTE; Y SERVICIOS DE DISTRIBUCION DE ELECTRICIDAD, GAS Y AGUA",No Aplica,No Aplica,No Aplica,No Aplica,No Aplica,VIGENCIA ACTUAL,ENTIDADES TERRITORIALES - SERVICIOS PUBLICOS,NO DEFINIDO,NO DEFINIDO,NO APLICA,480000000.0,480000000.0,2021,Segundo Trimestre,,,,,,,,,,,,,,,,,,,,,,
1330547,20211201,923272885,E.S.P Por Santa Rosa Sostenible S.A.S,2,GASTOS,GASTOS,No Aplica,No Aplica,No Aplica,No Aplica,No Aplica,No Aplica,No Aplica,No Aplica,No Aplica,VIGENCIA ACTUAL,ENTIDADES TERRITORIALES - SERVICIOS PUBLICOS,NO DEFINIDO,NO DEFINIDO,NO DEFINIDO,2373498601.0,3010763519.0,2021,Cuarto Trimestre,,,,,,,,,,,,,,,,,,,,,,
1332371,20220301,923272885,E.S.P Por Santa Rosa Sostenible S.A.S,2.1,FUNCIONAMIENTO,GASTOS,FUNCIONAMIENTO,No Aplica,No Aplica,No Aplica,No Aplica,No Aplica,No Aplica,No Aplica,No Aplica,VIGENCIA ACTUAL,ENTIDADES DIFERENTES A ENTIDADES TERRITORIALES - GESTION GENERAL,NO DEFINIDO,NO DEFINIDO,NO DEFINIDO,2710000000.0,2923495382.0,2022,Primer Trimestre,,,,,,,,,,,,,,,,,,,,,,
1333470,20210601,923272885,E.S.P Por Santa Rosa Sostenible S.A.S,2.4.5.02.08,SERVICIOS PRESTADOS A LAS EMPRESAS Y SERVICIOS DE PRODUCCION,GASTOS,GASTOS DE OPERACION COMERCIAL,GASTOS DE COMERCIALIZACION Y PRODUCCION,ADQUISICION DE SERVICIOS,SERVICIOS PRESTADOS A LAS EMPRESAS Y SERVICIOS DE PRODUCCION,No Aplica,No Aplica,No Aplica,No Aplica,No Aplica,VIGENCIA ACTUAL,ENTIDADES TERRITORIALES - SERVICIOS PUBLICOS,NO DEFINIDO,NO DEFINIDO,NO APLICA,195100000.0,195100000.0,2021,Segundo Trimestre,,,,,,,,,,,,,,,,,,,,,,
1341754,20211201,923272885,E.S.P Por Santa Rosa Sostenible S.A.S,2.1.2.01.01,ACTIVOS FIJOS,GASTOS,FUNCIONAMIENTO,ADQUISICION DE BIENES Y SERVICIOS,ADQUISICION DE ACTIVOS NO FINANCIEROS,ACTIVOS FIJOS,No Aplica,No Aplica,No Aplica,No Aplica,No Aplica,VIGENCIA ACTUAL,ENTIDADES TERRITORIALES - SERVICIOS PUBLICOS,NO DEFINIDO,NO DEFINIDO,NO DEFINIDO,20350000.0,9618101.0,2021,Cuarto Trimestre,,,,,,,,,,,,,,,,,,,,,,
1343972,20210301,923272885,E.S.P Por Santa Rosa Sostenible S.A.S,2.1.1.01.01.001.05,AUXILIO DE TRANSPORTE,GASTOS,FUNCIONAMIENTO,GASTOS DE PERSONAL,PLANTA DE PERSONAL PERMANENTE,FACTORES CONSTITUTIVOS DE SALARIO,FACTORES SALARIALES COMUNES,AUXILIO DE TRANSPORTE,No Aplica,No Aplica,No Aplica,VIGENCIA ACTUAL,ENTIDADES TERRITORIALES - SERVICIOS PUBLICOS,NO DEFINIDO,NO DEFINIDO,NO APLICA,1284000.0,1284000.0,2021,Primer Trimestre,,,,,,,,,,,,,,,,,,,,,,
1344104,20210301,923272885,E.S.P Por Santa Rosa Sostenible S.A.S,2.1.1.01.02.007,APORTES AL SENA,GASTOS,FUNCIONAMIENTO,GASTOS DE PERSONAL,PLANTA DE PERSONAL PERMANENTE,CONTRIBUCIONES INHERENTES A LA NOMINA,APORTES AL SENA,No Aplica,No Aplica,No Aplica,No Aplica,VIGENCIA ACTUAL,ENTIDADES TERRITORIALES - SERVICIOS PUBLICOS,NO DEFINIDO,NO DEFINIDO,NO APLICA,0.0,111500.0,2021,Primer Trimestre,,,,,,,,,,,,,,,,,,,,,,
1344258,20210601,923272885,E.S.P Por Santa Rosa Sostenible S.A.S,2.1.2.02.01.002,"PRODUCTOS ALIMENTICIOS, BEBIDAS Y TABACO, TEXTILES, PRENDAS DE VESTIR Y PRODUCTOS DE CUERO",GASTOS,FUNCIONAMIENTO,ADQUISICION DE BIENES Y SERVICIOS,ADQUISICIONES DIFERENTES DE ACTIVOS,MATERIALES Y SUMINISTROS,"PRODUCTOS ALIMENTICIOS, BEBIDAS Y TABACO, TEXTILES, PRENDAS DE VESTIR Y PRODUCTOS DE CUERO",No Aplica,No Aplica,No Aplica,No Aplica,VIGENCIA ACTUAL,ENTIDADES TERRITORIALES - SERVICIOS PUBLICOS,NO DEFINIDO,NO DEFINIDO,NO APLICA,600000.0,851000.0,2021,Segundo Trimestre,,,,,,,,,,,,,,,,,,,,,,
1344776,20210301,923272885,E.S.P Por Santa Rosa Sostenible S.A.S,2.1.8.01.14,GRAVAMEN A LOS MOVIMIENTOS FINANCIEROS,GASTOS,FUNCIONAMIENTO,"GASTOS POR TRIBUTOS, TASAS, CONTRIBUCIONES, MULTAS, SANCIONES E INTERESES DE MORA",IMPUESTOS,GRAVAMEN A LOS MOVIMIENTOS FINANCIEROS,No Aplica,No Aplica,No Aplica,No Aplica,No Aplica,VIGENCIA ACTUAL,ENTIDADES TERRITORIALES - SERVICIOS PUBLICOS,NO DEFINIDO,NO DEFINIDO,NO APLICA,10027200.0,10027200.0,2021,Primer Trimestre,,,,,,,,,,,,,,,,,,,,,,
1350081,20210901,923272885,E.S.P Por Santa Rosa Sostenible S.A.S,2.1.1.01.01.001.08,PRESTACIONES SOCIALES,GASTOS,FUNCIONAMIENTO,GASTOS DE PERSONAL,PLANTA DE PERSONAL PERMANENTE,FACTORES CONSTITUTIVOS DE SALARIO,FACTORES SALARIALES COMUNES,PRESTACIONES SOCIALES,No Aplica,No Aplica,No Aplica,VIGENCIA ACTUAL,ENTIDADES TERRITORIALES - SERVICIOS PUBLICOS,NO DEFINIDO,NO DEFINIDO,NO DEFINIDO,7188333.0,8825333.0,2021,Tercer Trimestre,,,,,,,,,,,,,,,,,,,,,,
1362134,20220901,923272885,E.S.P Por Santa Rosa Sostenible S.A.S,2.1.1.01.01.001.01,SUELDO BASICO,GASTOS,FUNCIONAMIENTO,GASTOS DE PERSONAL,PLANTA DE PERSONAL PERMANENTE,FACTORES CONSTITUTIVOS DE SALARIO,FACTORES SALARIALES COMUNES,SUELDO BASICO,No Aplica,No Aplica,No Aplica,VIGENCIA ACTUAL,ENTIDADES DIFERENTES A ENTIDADES TERRITORIALES - GESTION GENERAL,NO DEFINIDO,NO DEFINIDO,NO APLICA,71654640.0,71654640.0,2022,Tercer Trimestre,,,,,,,,,,,,,,,,,,,,,,
1363776,20210301,923272885,E.S.P Por Santa Rosa Sostenible S.A.S,2.1.1.01.01.001.08.01,PRIMA DE NAVIDAD,GASTOS,FUNCIONAMIENTO,GASTOS DE PERSONAL,PLANTA DE PERSONAL PERMANENTE,FACTORES CONSTITUTIVOS DE SALARIO,FACTORES SALARIALES COMUNES,PRESTACIONES SOCIALES,PRIMA DE NAVIDAD,No Aplica,No Aplica,VIGENCIA ACTUAL,ENTIDADES TERRITORIALES - SERVICIOS PUBLICOS,NO DEFINIDO,NO DEFINIDO,NO APLICA,4918333.0,6035333.0,2021,Primer Trimestre,,,,,,,,,,,,,,,,,,,,,,
1364559,20210901,923272885,E.S.P Por Santa Rosa Sostenible S.A.S,2.1.1.01.02,CONTRIBUCIONES INHERENTES A LA NOMINA,GASTOS,FUNCIONAMIENTO,GASTOS DE PERSONAL,PLANTA DE PERSONAL PERMANENTE,CONTRIBUCIONES INHERENTES A LA NOMINA,No Aplica,No Aplica,No Aplica,No Aplica,No Aplica,VIGENCIA ACTUAL,ENTIDADES TERRITORIALES - SERVICIOS PUBLICOS,NO DEFINIDO,NO DEFINIDO,NO DEFINIDO,15337261.0,27188061.0,2021,Tercer Trimestre,,,,,,,,,,,,,,,,,,,,,,
1365715,20210901,923272885,E.S.P Por Santa Rosa Sostenible S.A.S,2.1.2.01.01.005.02.03,PROGRAMAS DE INFORMATICA Y BASES DE DATOS,GASTOS,FUNCIONAMIENTO,ADQUISICION DE BIENES Y SERVICIOS,ADQUISICION DE ACTIVOS NO FINANCIEROS,ACTIVOS FIJOS,OTROS ACTIVOS FIJOS,PRODUCTOS DE LA PROPIEDAD INTELECTUAL,PROGRAMAS DE INFORMATICA Y BASES DE DATOS,No Aplica,No Aplica,VIGENCIA ACTUAL,ENTIDADES TERRITORIALES - SERVICIOS PUBLICOS,NO DEFINIDO,NO DEFINIDO,NO DEFINIDO,3400000.0,3400000.0,2021,Tercer Trimestre,,,,,,,,,,,,,,,,,,,,,,
1371979,20210601,923272885,E.S.P Por Santa Rosa Sostenible S.A.S,2.1.8.05.02,INTERESES DE MORA,GASTOS,FUNCIONAMIENTO,"GASTOS POR TRIBUTOS, TASAS, CONTRIBUCIONES, MULTAS, SANCIONES E INTERESES DE MORA","MULTAS, SANCIONES E INTERESES DE MORA",INTERESES DE MORA,No Aplica,No Aplica,No Aplica,No Aplica,No Aplica,VIGENCIA ACTUAL,ENTIDADES TERRITORIALES - SERVICIOS PUBLICOS,NO DEFINIDO,NO DEFINIDO,NO APLICA,100000.0,100000.0,2021,Segundo Trimestre,,,,,,,,,,,,,,,,,,,,,,
1377134,20220301,923272885,E.S.P Por Santa Rosa Sostenible S.A.S,2.1.8.04,CONTRIBUCIONES,GASTOS,FUNCIONAMIENTO,"GASTOS POR TRIBUTOS, TASAS, CONTRIBUCIONES, MULTAS, SANCIONES E INTERESES DE MORA",CONTRIBUCIONES,No Aplica,No Aplica,No Aplica,No Aplica,No Aplica,No Aplica,VIGENCIA ACTUAL,ENTIDADES DIFERENTES A ENTIDADES TERRITORIALES - GESTION GENERAL,NO DEFINIDO,NO DEFINIDO,NO DEFINIDO,1200000.0,1200000.0,2022,Primer Trimestre,,,,,,,,,,,,,,,,,,,,,,
1377657,20210901,923272885,E.S.P Por Santa Rosa Sostenible S.A.S,2.1.2.01.01.003.03.01,"MAQUINAS PARA OFICINA Y CONTABILIDAD, Y SUS PARTES Y ACCESORIOS",GASTOS,FUNCIONAMIENTO,ADQUISICION DE BIENES Y SERVICIOS,ADQUISICION DE ACTIVOS NO FINANCIEROS,ACTIVOS FIJOS,MAQUINARIA Y EQUIPO,"MAQUINARIA DE OFICINA, CONTABILIDAD E INFORMATICA","MAQUINAS PARA OFICINA Y CONTABILIDAD, Y SUS PARTES Y ACCESORIOS",No Aplica,No Aplica,VIGENCIA ACTUAL,ENTIDADES TERRITORIALES - SERVICIOS PUBLICOS,NO DEFINIDO,NO DEFINIDO,NO APLICA,16950000.0,6516101.0,2021,Tercer Trimestre,,,,,,,,,,,,,,,,,,,,,,
1382086,20230601,923272885,E.S.P Por Santa Rosa Sostenible S.A.S,2.1.1,GASTOS DE PERSONAL,GASTOS,FUNCIONAMIENTO,GASTOS DE PERSONAL,No Aplica,No Aplica,No Aplica,No Aplica,No Aplica,No Aplica,No Aplica,VIGENCIA ACTUAL,ENTIDADES DIFERENTES A ENTIDADES TERRITORIALES - GESTION GENERAL,NO DEFINIDO,NO DEFINIDO,NO DEFINIDO,135486000.0,132387836.0,2023,Segundo Trimestre,,,,,,,,,,,,,,,,,,,,,,
1382403,20220901,923272885,E.S.P Por Santa Rosa Sostenible S.A.S,2.1.1.01.01.001.08.01,PRIMA DE NAVIDAD,GASTOS,FUNCIONAMIENTO,GASTOS DE PERSONAL,PLANTA DE PERSONAL PERMANENTE,FACTORES CONSTITUTIVOS DE SALARIO,FACTORES SALARIALES COMUNES,PRESTACIONES SOCIALES,PRIMA DE NAVIDAD,No Aplica,No Aplica,VIGENCIA ACTUAL,ENTIDADES DIFERENTES A ENTIDADES TERRITORIALES - GESTION GENERAL,NO DEFINIDO,NO DEFINIDO,NO APLICA,6497848.0,6497848.0,2022,Tercer Trimestre,,,,,,,,,,,,,,,,,,,,,,
1386951,20210901,923272885,E.S.P Por Santa Rosa Sostenible S.A.S,2.4.5.02.09,"SERVICIOS PARA LA COMUNIDAD, SOCIALES Y PERSONALES",GASTOS,GASTOS DE OPERACION COMERCIAL,GASTOS DE COMERCIALIZACION Y PRODUCCION,ADQUISICION DE SERVICIOS,"SERVICIOS PARA LA COMUNIDAD, SOCIALES Y PERSONALES",No Aplica,No Aplica,No Aplica,No Aplica,No Aplica,VIGENCIA ACTUAL,ENTIDADES TERRITORIALES - SERVICIOS PUBLICOS,NO DEFINIDO,NO DEFINIDO,NO APLICA,1424045140.0,1424045140.0,2021,Tercer Trimestre,,,,,,,,,,,,,,,,,,,,,,
1389690,20230301,923272885,E.S.P Por Santa Rosa Sostenible S.A.S,2.1.1.01.02.005,APORTES GENERALES AL SISTEMA DE RIESGOS LABORALES,GASTOS,FUNCIONAMIENTO,GASTOS DE PERSONAL,PLANTA DE PERSONAL PERMANENTE,CONTRIBUCIONES INHERENTES A LA NOMINA,APORTES GENERALES AL SISTEMA DE RIESGOS LABORALES,No Aplica,No Aplica,No Aplica,No Aplica,VIGENCIA ACTUAL,ENTIDADES DIFERENTES A ENTIDADES TERRITORIALES - GESTION GENERAL,NO DEFINIDO,NO DEFINIDO,NO APLICA,437000.0,437000.0,2023,Primer Trimestre,,,,,,,,,,,,,,,,,,,,,,
1389944,20211201,923272885,E.S.P Por Santa Rosa Sostenible S.A.S,2.1.2.02,ADQUISICIONES DIFERENTES DE ACTIVOS,GASTOS,FUNCIONAMIENTO,ADQUISICION DE BIENES Y SERVICIOS,ADQUISICIONES DIFERENTES DE ACTIVOS,No Aplica,No Aplica,No Aplica,No Aplica,No Aplica,No Aplica,VIGENCIA ACTUAL,ENTIDADES TERRITORIALES - SERVICIOS PUBLICOS,NO DEFINIDO,NO DEFINIDO,NO DEFINIDO,107744000.0,112378673.0,2021,Cuarto Trimestre,,,,,,,,,,,,,,,,,,,,,,
1394725,20220301,923272885,E.S.P Por Santa Rosa Sostenible S.A.S,2.1.1.01.02.004,APORTES A CAJAS DE COMPENSACION FAMILIAR,GASTOS,FUNCIONAMIENTO,GASTOS DE PERSONAL,PLANTA DE PERSONAL PERMANENTE,CONTRIBUCIONES INHERENTES A LA NOMINA,APORTES A CAJAS DE COMPENSACION FAMILIAR,No Aplica,No Aplica,No Aplica,No Aplica,VIGENCIA ACTUAL,ENTIDADES DIFERENTES A ENTIDADES TERRITORIALES - GESTION GENERAL,NO DEFINIDO,NO DEFINIDO,NO APLICA,2866186.0,2866186.0,2022,Primer Trimestre,,,,,,,,,,,,,,,,,,,,,,
1394982,20221201,923272885,E.S.P Por Santa Rosa Sostenible S.A.S,2.1.8,"GASTOS POR TRIBUTOS, TASAS, CONTRIBUCIONES, MULTAS, SANCIONES E INTERESES DE MORA",GASTOS,FUNCIONAMIENTO,"GASTOS POR TRIBUTOS, TASAS, CONTRIBUCIONES, MULTAS, SANCIONES E INTERESES DE MORA",No Aplica,No Aplica,No Aplica,No Aplica,No Aplica,No Aplica,No Aplica,VIGENCIA ACTUAL,ENTIDADES DIFERENTES A ENTIDADES TERRITORIALES - GESTION GENERAL,NO DEFINIDO,NO DEFINIDO,NO DEFINIDO,7572225.0,12303800.0,2022,Cuarto Trimestre,,,,,,,,,,,,,,,,,,,,,,
1412500,20230601,923272885,E.S.P Por Santa Rosa Sostenible S.A.S,2.1.1.01.01.001.10,VIATICOS DE LOS FUNCIONARIOS EN COMISION,GASTOS,FUNCIONAMIENTO,GASTOS DE PERSONAL,PLANTA DE PERSONAL PERMANENTE,FACTORES CONSTITUTIVOS DE SALARIO,FACTORES SALARIALES COMUNES,VIATICOS DE LOS FUNCIONARIOS EN COMISION,No Aplica,No Aplica,No Aplica,VIGENCIA ACTUAL,ENTIDADES DIFERENTES A ENTIDADES TERRITORIALES - GESTION GENERAL,NO DEFINIDO,NO DEFINIDO,NO APLICA,2600000.0,2101440.0,2023,Segundo Trimestre,,,,,,,,,,,,,,,,,,,,,,
1416438,20220901,923272885,E.S.P Por Santa Rosa Sostenible S.A.S,2.1.2.02.02,ADQUISICION DE SERVICIOS,GASTOS,FUNCIONAMIENTO,ADQUISICION DE BIENES Y SERVICIOS,ADQUISICIONES DIFERENTES DE ACTIVOS,ADQUISICION DE SERVICIOS,No Aplica,No Aplica,No Aplica,No Aplica,No Aplica,VIGENCIA ACTUAL,ENTIDADES DIFERENTES A ENTIDADES TERRITORIALES - GESTION GENERAL,NO DEFINIDO,NO DEFINIDO,NO DEFINIDO,2060934808.0,2219969332.0,2022,Tercer Trimestre,,,,,,,,,,,,,,,,,,,,,,
1419231,20210901,923272885,E.S.P Por Santa Rosa Sostenible S.A.S,2.1.1.01.02.001,APORTES A LA SEGURIDAD SOCIAL EN PENSIONES,GASTOS,FUNCIONAMIENTO,GASTOS DE PERSONAL,PLANTA DE PERSONAL PERMANENTE,CONTRIBUCIONES INHERENTES A LA NOMINA,APORTES A LA SEGURIDAD SOCIAL EN PENSIONES,No Aplica,No Aplica,No Aplica,No Aplica,VIGENCIA ACTUAL,ENTIDADES TERRITORIALES - SERVICIOS PUBLICOS,NO DEFINIDO,NO DEFINIDO,NO APLICA,1327133.0,9350133.0,2021,Tercer Trimestre,,,,,,,,,,,,,,,,,,,,,,
1419565,20211201,923272885,E.S.P Por Santa Rosa Sostenible S.A.S,2.1.8.04,CONTRIBUCIONES,GASTOS,FUNCIONAMIENTO,"GASTOS POR TRIBUTOS, TASAS, CONTRIBUCIONES, MULTAS, SANCIONES E INTERESES DE MORA",CONTRIBUCIONES,No Aplica,No Aplica,No Aplica,No Aplica,No Aplica,No Aplica,VIGENCIA ACTUAL,ENTIDADES TERRITORIALES - SERVICIOS PUBLICOS,NO DEFINIDO,NO DEFINIDO,NO DEFINIDO,3000000.0,5487889.0,2021,Cuarto Trimestre,,,,,,,,,,,,,,,,,,,,,,
1436010,20221201,923272885,E.S.P Por Santa Rosa Sostenible S.A.S,2.1.2.02.02.006,"COMERCIO Y DISTRIBUCION; ALOJAMIENTO; SERVICIOS DE SUMINISTRO DE COMIDAS Y BEBIDAS; SERVICIOS DE TRANSPORTE; Y SERVICIOS DE DISTRIBUCION DE ELECTRICIDAD, GAS Y AGUA",GASTOS,FUNCIONAMIENTO,ADQUISICION DE BIENES Y SERVICIOS,ADQUISICIONES DIFERENTES DE ACTIVOS,ADQUISICION DE SERVICIOS,"COMERCIO Y DISTRIBUCION; ALOJAMIENTO; SERVICIOS DE SUMINISTRO DE COMIDAS Y BEBIDAS; SERVICIOS DE TRANSPORTE; Y SERVICIOS DE DISTRIBUCION DE ELECTRICIDAD, GAS Y AGUA",No Aplica,No Aplica,No Aplica,No Aplica,VIGENCIA ACTUAL,ENTIDADES DIFERENTES A ENTIDADES TERRITORIALES - GESTION GENERAL,NO DEFINIDO,NO DEFINIDO,NO APLICA,2640000.0,640000.0,2022,Cuarto Trimestre,,,,,,,,,,,,,,,,,,,,,,
1437856,20210301,923272885,E.S.P Por Santa Rosa Sostenible S.A.S,2.1.8.05,"MULTAS, SANCIONES E INTERESES DE MORA",GASTOS,FUNCIONAMIENTO,"GASTOS POR TRIBUTOS, TASAS, CONTRIBUCIONES, MULTAS, SANCIONES E INTERESES DE MORA","MULTAS, SANCIONES E INTERESES DE MORA",No Aplica,No Aplica,No Aplica,No Aplica,No Aplica,No Aplica,VIGENCIA ACTUAL,ENTIDADES TERRITORIALES - SERVICIOS PUBLICOS,NO DEFINIDO,NO DEFINIDO,NO DEFINIDO,100000.0,100000.0,2021,Primer Trimestre,,,,,,,,,,,,,,,,,,,,,,
1448178,20210601,923272885,E.S.P Por Santa Rosa Sostenible S.A.S,2.1.1.01.03.001.03,BONIFICACION ESPECIAL DE RECREACION,GASTOS,FUNCIONAMIENTO,GASTOS DE PERSONAL,PLANTA DE PERSONAL PERMANENTE,REMUNERACIONES NO CONSTITUTIVAS DE FACTOR SALARIAL,PRESTACIONES SOCIALES,BONIFICACION ESPECIAL DE RECREACION,No Aplica,No Aplica,No Aplica,VIGENCIA ACTUAL,ENTIDADES TERRITORIALES - SERVICIOS PUBLICOS,NO DEFINIDO,NO DEFINIDO,NO APLICA,302667.0,372667.0,2021,Segundo Trimestre,,,,,,,,,,,,,,,,,,,,,,
1456035,20230301,923272885,E.S.P Por Santa Rosa Sostenible S.A.S,2.1.2.02.02.007,SERVICIOS FINANCIEROS Y SERVICIOS CONEXOS; SERVICIOS INMOBILIARIOS; Y SERVICIOS DE ARRENDAMIENTO Y LEASING,GASTOS,FUNCIONAMIENTO,ADQUISICION DE BIENES Y SERVICIOS,ADQUISICIONES DIFERENTES DE ACTIVOS,ADQUISICION DE SERVICIOS,SERVICIOS FINANCIEROS Y SERVICIOS CONEXOS; SERVICIOS INMOBILIARIOS; Y SERVICIOS DE ARRENDAMIENTO Y LEASING,No Aplica,No Aplica,No Aplica,No Aplica,VIGENCIA ACTUAL,ENTIDADES DIFERENTES A ENTIDADES TERRITORIALES - GESTION GENERAL,NO DEFINIDO,NO DEFINIDO,NO APLICA,23267180.0,23267180.0,2023,Primer Trimestre,,,,,,,,,,,,,,,,,,,,,,
1461015,20220901,923272885,E.S.P Por Santa Rosa Sostenible S.A.S,2.1.2.02.02.009,"SERVICIOS PARA LA COMUNIDAD, SOCIALES Y PERSONALES",GASTOS,FUNCIONAMIENTO,ADQUISICION DE BIENES Y SERVICIOS,ADQUISICIONES DIFERENTES DE ACTIVOS,ADQUISICION DE SERVICIOS,"SERVICIOS PARA LA COMUNIDAD, SOCIALES Y PERSONALES",No Aplica,No Aplica,No Aplica,No Aplica,VIGENCIA ACTUAL,ENTIDADES DIFERENTES A ENTIDADES TERRITORIALES - GESTION GENERAL,NO DEFINIDO,NO DEFINIDO,NO APLICA,360000.0,360000.0,2022,Tercer Trimestre,,,,,,,,,,,,,,,,,,,,,,
1463158,20211201,923272885,E.S.P Por Santa Rosa Sostenible S.A.S,2.1.1.01.02.001,APORTES A LA SEGURIDAD SOCIAL EN PENSIONES,GASTOS,FUNCIONAMIENTO,GASTOS DE PERSONAL,PLANTA DE PERSONAL PERMANENTE,CONTRIBUCIONES INHERENTES A LA NOMINA,APORTES A LA SEGURIDAD SOCIAL EN PENSIONES,No Aplica,No Aplica,No Aplica,No Aplica,VIGENCIA ACTUAL,ENTIDADES TERRITORIALES - SERVICIOS PUBLICOS,NO DEFINIDO,NO DEFINIDO,NO APLICA,1327133.0,9350133.0,2021,Cuarto Trimestre,,,,,,,,,,,,,,,,,,,,,,
1465303,20210601,923272885,E.S.P Por Santa Rosa Sostenible S.A.S,2.1.1.01.02.001,APORTES A LA SEGURIDAD SOCIAL EN PENSIONES,GASTOS,FUNCIONAMIENTO,GASTOS DE PERSONAL,PLANTA DE PERSONAL PERMANENTE,CONTRIBUCIONES INHERENTES A LA NOMINA,APORTES A LA SEGURIDAD SOCIAL EN PENSIONES,No Aplica,No Aplica,No Aplica,No Aplica,VIGENCIA ACTUAL,ENTIDADES TERRITORIALES - SERVICIOS PUBLICOS,NO DEFINIDO,NO DEFINIDO,NO APLICA,1327133.0,9350133.0,2021,Segundo Trimestre,,,,,,,,,,,,,,,,,,,,,,
1467188,20220301,923272885,E.S.P Por Santa Rosa Sostenible S.A.S,2.1.8.01.54,IMPUESTO DE INDUSTRIA Y COMERCIO,GASTOS,FUNCIONAMIENTO,"GASTOS POR TRIBUTOS, TASAS, CONTRIBUCIONES, MULTAS, SANCIONES E INTERESES DE MORA",IMPUESTOS,IMPUESTO DE INDUSTRIA Y COMERCIO,No Aplica,No Aplica,No Aplica,No Aplica,No Aplica,VIGENCIA ACTUAL,ENTIDADES DIFERENTES A ENTIDADES TERRITORIALES - GESTION GENERAL,NO DEFINIDO,NO DEFINIDO,NO APLICA,1000000.0,1000000.0,2022,Primer Trimestre,,,,,,,,,,,,,,,,,,,,,,
1470885,20211201,923272885,E.S.P Por Santa Rosa Sostenible S.A.S,2.1.2.02.02,ADQUISICION DE SERVICIOS,GASTOS,FUNCIONAMIENTO,ADQUISICION DE BIENES Y SERVICIOS,ADQUISICIONES DIFERENTES DE ACTIVOS,ADQUISICION DE SERVICIOS,No Aplica,No Aplica,No Aplica,No Aplica,No Aplica,VIGENCIA ACTUAL,ENTIDADES TERRITORIALES - SERVICIOS PUBLICOS,NO DEFINIDO,NO DEFINIDO,NO DEFINIDO,91144000.0,101252326.0,2021,Cuarto Trimestre,,,,,,,,,,,,,,,,,,,,,,
1471138,20210301,923272885,E.S.P Por Santa Rosa Sostenible S.A.S,2.1,FUNCIONAMIENTO,GASTOS,FUNCIONAMIENTO,No Aplica,No Aplica,No Aplica,No Aplica,No Aplica,No Aplica,No Aplica,No Aplica,VIGENCIA ACTUAL,ENTIDADES TERRITORIALES - SERVICIOS PUBLICOS,NO DEFINIDO,NO DEFINIDO,NO DEFINIDO,274353461.0,300922461.0,2021,Primer Trimestre,,,,,,,,,,,,,,,,,,,,,,
1475327,20210301,923272885,E.S.P Por Santa Rosa Sostenible S.A.S,2.1.1,GASTOS DE PERSONAL,GASTOS,FUNCIONAMIENTO,GASTOS DE PERSONAL,No Aplica,No Aplica,No Aplica,No Aplica,No Aplica,No Aplica,No Aplica,VIGENCIA ACTUAL,ENTIDADES TERRITORIALES - SERVICIOS PUBLICOS,NO DEFINIDO,NO DEFINIDO,NO DEFINIDO,83132261.0,110113061.0,2021,Primer Trimestre,,,,,,,,,,,,,,,,,,,,,,
1480348,20230301,923272885,E.S.P Por Santa Rosa Sostenible S.A.S,2.1.1.01.02.001,APORTES A LA SEGURIDAD SOCIAL EN PENSIONES,GASTOS,FUNCIONAMIENTO,GASTOS DE PERSONAL,PLANTA DE PERSONAL PERMANENTE,CONTRIBUCIONES INHERENTES A LA NOMINA,APORTES A LA SEGURIDAD SOCIAL EN PENSIONES,No Aplica,No Aplica,No Aplica,No Aplica,VIGENCIA ACTUAL,ENTIDADES DIFERENTES A ENTIDADES TERRITORIALES - GESTION GENERAL,NO DEFINIDO,NO DEFINIDO,NO APLICA,10045000.0,10045000.0,2023,Primer Trimestre,,,,,,,,,,,,,,,,,,,,,,
1482262,20210601,923272885,E.S.P Por Santa Rosa Sostenible S.A.S,2.1.2.01.01.003.03,"MAQUINARIA DE OFICINA, CONTABILIDAD E INFORMATICA",GASTOS,FUNCIONAMIENTO,ADQUISICION DE BIENES Y SERVICIOS,ADQUISICION DE ACTIVOS NO FINANCIEROS,ACTIVOS FIJOS,MAQUINARIA Y EQUIPO,"MAQUINARIA DE OFICINA, CONTABILIDAD E INFORMATICA",No Aplica,No Aplica,No Aplica,VIGENCIA ACTUAL,ENTIDADES TERRITORIALES - SERVICIOS PUBLICOS,NO DEFINIDO,NO DEFINIDO,NO DEFINIDO,16950000.0,14118000.0,2021,Segundo Trimestre,,,,,,,,,,,,,,,,,,,,,,
1488511,20210301,923272885,E.S.P Por Santa Rosa Sostenible S.A.S,2.1.2.01.01.003.03.01,"MAQUINAS PARA OFICINA Y CONTABILIDAD, Y SUS PARTES Y ACCESORIOS",GASTOS,FUNCIONAMIENTO,ADQUISICION DE BIENES Y SERVICIOS,ADQUISICION DE ACTIVOS NO FINANCIEROS,ACTIVOS FIJOS,MAQUINARIA Y EQUIPO,"MAQUINARIA DE OFICINA, CONTABILIDAD E INFORMATICA","MAQUINAS PARA OFICINA Y CONTABILIDAD, Y SUS PARTES Y ACCESORIOS",No Aplica,No Aplica,VIGENCIA ACTUAL,ENTIDADES TERRITORIALES - SERVICIOS PUBLICOS,NO DEFINIDO,NO DEFINIDO,NO APLICA,16950000.0,14118000.0,2021,Primer Trimestre,,,,,,,,,,,,,,,,,,,,,,
1490310,20220301,923272885,E.S.P Por Santa Rosa Sostenible S.A.S,2.1.2,ADQUISICION DE BIENES Y SERVICIOS,GASTOS,FUNCIONAMIENTO,ADQUISICION DE BIENES Y SERVICIOS,No Aplica,No Aplica,No Aplica,No Aplica,No Aplica,No Aplica,No Aplica,VIGENCIA ACTUAL,ENTIDADES DIFERENTES A ENTIDADES TERRITORIALES - GESTION GENERAL,NO DEFINIDO,NO DEFINIDO,NO DEFINIDO,2586434808.0,2792604307.0,2022,Primer Trimestre,,,,,,,,,,,,,,,,,,,,,,
1491823,20211201,923272885,E.S.P Por Santa Rosa Sostenible S.A.S,2.1.2.02.01.003,"OTROS BIENES TRANSPORTABLES EXCEPTO PRODUCTOS METALICOS, MAQUINARIA Y EQUIPO",GASTOS,FUNCIONAMIENTO,ADQUISICION DE BIENES Y SERVICIOS,ADQUISICIONES DIFERENTES DE ACTIVOS,MATERIALES Y SUMINISTROS,"OTROS BIENES TRANSPORTABLES EXCEPTO PRODUCTOS METALICOS, MAQUINARIA Y EQUIPO",No Aplica,No Aplica,No Aplica,No Aplica,VIGENCIA ACTUAL,ENTIDADES TERRITORIALES - SERVICIOS PUBLICOS,NO DEFINIDO,NO DEFINIDO,NO APLICA,16000000.0,10275347.0,2021,Cuarto Trimestre,,,,,,,,,,,,,,,,,,,,,,
1492290,20230301,923272885,E.S.P Por Santa Rosa Sostenible S.A.S,2.1.1.01.01.001.01,SUELDO BASICO,GASTOS,FUNCIONAMIENTO,GASTOS DE PERSONAL,PLANTA DE PERSONAL PERMANENTE,FACTORES CONSTITUTIVOS DE SALARIO,FACTORES SALARIALES COMUNES,SUELDO BASICO,No Aplica,No Aplica,No Aplica,VIGENCIA ACTUAL,ENTIDADES DIFERENTES A ENTIDADES TERRITORIALES - GESTION GENERAL,NO DEFINIDO,NO DEFINIDO,NO APLICA,83706000.0,83706000.0,2023,Primer Trimestre,,,,,,,,,,,,,,,,,,,,,,
1500462,20210901,923272885,E.S.P Por Santa Rosa Sostenible S.A.S,2.1.2.02.01,MATERIALES Y SUMINISTROS,GASTOS,FUNCIONAMIENTO,ADQUISICION DE BIENES Y SERVICIOS,ADQUISICIONES DIFERENTES DE ACTIVOS,MATERIALES Y SUMINISTROS,No Aplica,No Aplica,No Aplica,No Aplica,No Aplica,VIGENCIA ACTUAL,ENTIDADES TERRITORIALES - SERVICIOS PUBLICOS,NO DEFINIDO,NO DEFINIDO,NO DEFINIDO,16600000.0,16320200.0,2021,Tercer Trimestre,,,,,,,,,,,,,,,,,,,,,,
1501259,20210301,923272885,E.S.P Por Santa Rosa Sostenible S.A.S,2.1.1.01.03,REMUNERACIONES NO CONSTITUTIVAS DE FACTOR SALARIAL,GASTOS,FUNCIONAMIENTO,GASTOS DE PERSONAL,PLANTA DE PERSONAL PERMANENTE,REMUNERACIONES NO CONSTITUTIVAS DE FACTOR SALARIAL,No Aplica,No Aplica,No Aplica,No Aplica,No Aplica,VIGENCIA ACTUAL,ENTIDADES TERRITORIALES - SERVICIOS PUBLICOS,NO DEFINIDO,NO DEFINIDO,NO DEFINIDO,302667.0,372667.0,2021,Primer Trimestre,,,,,,,,,,,,,,,,,,,,,,
1501713,20230601,923272885,E.S.P Por Santa Rosa Sostenible S.A.S,2.1.8.05.01.004,SANCIONES ADMINISTRATIVAS,GASTOS,FUNCIONAMIENTO,"GASTOS POR TRIBUTOS, TASAS, CONTRIBUCIONES, MULTAS, SANCIONES E INTERESES DE MORA","MULTAS, SANCIONES E INTERESES DE MORA",MULTAS Y SANCIONES,SANCIONES ADMINISTRATIVAS,No Aplica,No Aplica,No Aplica,No Aplica,VIGENCIA ACTUAL,ENTIDADES DIFERENTES A ENTIDADES TERRITORIALES - GESTION GENERAL,NO DEFINIDO,NO DEFINIDO,NO APLICA,0.0,424000.0,2023,Segundo Trimestre,,,,,,,,,,,,,,,,,,,,,,
1503784,20220901,923272885,E.S.P Por Santa Rosa Sostenible S.A.S,2.1.1.01.01.001.10,VIATICOS DE LOS FUNCIONARIOS EN COMISION,GASTOS,FUNCIONAMIENTO,GASTOS DE PERSONAL,PLANTA DE PERSONAL PERMANENTE,FACTORES CONSTITUTIVOS DE SALARIO,FACTORES SALARIALES COMUNES,VIATICOS DE LOS FUNCIONARIOS EN COMISION,No Aplica,No Aplica,No Aplica,VIGENCIA ACTUAL,ENTIDADES DIFERENTES A ENTIDADES TERRITORIALES - GESTION GENERAL,NO DEFINIDO,NO DEFINIDO,NO APLICA,5400000.0,5400000.0,2022,Tercer Trimestre,,,,,,,,,,,,,,,,,,,,,,
1508315,20230301,923272885,E.S.P Por Santa Rosa Sostenible S.A.S,2.1.1,GASTOS DE PERSONAL,GASTOS,FUNCIONAMIENTO,GASTOS DE PERSONAL,No Aplica,No Aplica,No Aplica,No Aplica,No Aplica,No Aplica,No Aplica,VIGENCIA ACTUAL,ENTIDADES DIFERENTES A ENTIDADES TERRITORIALES - GESTION GENERAL,NO DEFINIDO,NO DEFINIDO,NO DEFINIDO,135486000.0,135486000.0,2023,Primer Trimestre,,,,,,,,,,,,,,,,,,,,,,
1513648,20221201,923272885,E.S.P Por Santa Rosa Sostenible S.A.S,2.1.8.05.02,INTERESES DE MORA,GASTOS,FUNCIONAMIENTO,"GASTOS POR TRIBUTOS, TASAS, CONTRIBUCIONES, MULTAS, SANCIONES E INTERESES DE MORA","MULTAS, SANCIONES E INTERESES DE MORA",INTERESES DE MORA,No Aplica,No Aplica,No Aplica,No Aplica,No Aplica,VIGENCIA ACTUAL,ENTIDADES DIFERENTES A ENTIDADES TERRITORIALES - GESTION GENERAL,NO DEFINIDO,NO DEFINIDO,NO APLICA,500000.0,821700.0,2022,Cuarto Trimestre,,,,,,,,,,,,,,,,,,,,,,
1513950,20220301,923272885,E.S.P Por Santa Rosa Sostenible S.A.S,2.1.2.02.02.008,SERVICIOS PRESTADOS A LAS EMPRESAS Y SERVICIOS DE PRODUCCION,GASTOS,FUNCIONAMIENTO,ADQUISICION DE BIENES Y SERVICIOS,ADQUISICIONES DIFERENTES DE ACTIVOS,ADQUISICION DE SERVICIOS,SERVICIOS PRESTADOS A LAS EMPRESAS Y SERVICIOS DE PRODUCCION,No Aplica,No Aplica,No Aplica,No Aplica,VIGENCIA ACTUAL,ENTIDADES DIFERENTES A ENTIDADES TERRITORIALES - GESTION GENERAL,NO DEFINIDO,NO DEFINIDO,NO APLICA,2036190358.0,2200936882.0,2022,Primer Trimestre,,,,,,,,,,,,,,,,,,,,,,
1516666,20210901,923272885,E.S.P Por Santa Rosa Sostenible S.A.S,2.1.8.04.01,CUOTA DE FISCALIZACION Y AUDITAJE,GASTOS,FUNCIONAMIENTO,"GASTOS POR TRIBUTOS, TASAS, CONTRIBUCIONES, MULTAS, SANCIONES E INTERESES DE MORA",CONTRIBUCIONES,CUOTA DE FISCALIZACION Y AUDITAJE,No Aplica,No Aplica,No Aplica,No Aplica,No Aplica,VIGENCIA ACTUAL,ENTIDADES TERRITORIALES - SERVICIOS PUBLICOS,NO DEFINIDO,NO DEFINIDO,NO APLICA,3000000.0,5487889.0,2021,Tercer Trimestre,,,,,,,,,,,,,,,,,,,,,,
1521403,20210601,923272885,E.S.P Por Santa Rosa Sostenible S.A.S,2.1.1.01.02,CONTRIBUCIONES INHERENTES A LA NOMINA,GASTOS,FUNCIONAMIENTO,GASTOS DE PERSONAL,PLANTA DE PERSONAL PERMANENTE,CONTRIBUCIONES INHERENTES A LA NOMINA,No Aplica,No Aplica,No Aplica,No Aplica,No Aplica,VIGENCIA ACTUAL,ENTIDADES TERRITORIALES - SERVICIOS PUBLICOS,NO DEFINIDO,NO DEFINIDO,NO DEFINIDO,15337261.0,27188061.0,2021,Segundo Trimestre,,,,,,,,,,,,,,,,,,,,,,
1523971,20210301,923272885,E.S.P Por Santa Rosa Sostenible S.A.S,2.1.2.01.01,ACTIVOS FIJOS,GASTOS,FUNCIONAMIENTO,ADQUISICION DE BIENES Y SERVICIOS,ADQUISICION DE ACTIVOS NO FINANCIEROS,ACTIVOS FIJOS,No Aplica,No Aplica,No Aplica,No Aplica,No Aplica,VIGENCIA ACTUAL,ENTIDADES TERRITORIALES - SERVICIOS PUBLICOS,NO DEFINIDO,NO DEFINIDO,NO DEFINIDO,20350000.0,17518000.0,2021,Primer Trimestre,,,,,,,,,,,,,,,,,,,,,,
1525544,20210901,923272885,E.S.P Por Santa Rosa Sostenible S.A.S,2.1.1.01.01.001.06,PRIMA DE SERVICIO,GASTOS,FUNCIONAMIENTO,GASTOS DE PERSONAL,PLANTA DE PERSONAL PERMANENTE,FACTORES CONSTITUTIVOS DE SALARIO,FACTORES SALARIALES COMUNES,PRIMA DE SERVICIO,No Aplica,No Aplica,No Aplica,VIGENCIA ACTUAL,ENTIDADES TERRITORIALES - SERVICIOS PUBLICOS,NO DEFINIDO,NO DEFINIDO,NO APLICA,2270000.0,2790000.0,2021,Tercer Trimestre,,,,,,,,,,,,,,,,,,,,,,
1534755,20221201,923272885,E.S.P Por Santa Rosa Sostenible S.A.S,2.1.1.01.03.001.01,VACACIONES,GASTOS,FUNCIONAMIENTO,GASTOS DE PERSONAL,PLANTA DE PERSONAL PERMANENTE,REMUNERACIONES NO CONSTITUTIVAS DE FACTOR SALARIAL,PRESTACIONES SOCIALES,VACACIONES,No Aplica,No Aplica,No Aplica,VIGENCIA ACTUAL,ENTIDADES DIFERENTES A ENTIDADES TERRITORIALES - GESTION GENERAL,NO DEFINIDO,NO DEFINIDO,NO APLICA,3159771.0,3159771.0,2022,Cuarto Trimestre,,,,,,,,,,,,,,,,,,,,,,
1548198,20211201,923272885,E.S.P Por Santa Rosa Sostenible S.A.S,2.1.2,ADQUISICION DE BIENES Y SERVICIOS,GASTOS,FUNCIONAMIENTO,ADQUISICION DE BIENES Y SERVICIOS,No Aplica,No Aplica,No Aplica,No Aplica,No Aplica,No Aplica,No Aplica,VIGENCIA ACTUAL,ENTIDADES TERRITORIALES - SERVICIOS PUBLICOS,NO DEFINIDO,NO DEFINIDO,NO DEFINIDO,128094000.0,121996774.0,2021,Cuarto Trimestre,,,,,,,,,,,,,,,,,,,,,,
1550218,20210601,923272885,E.S.P Por Santa Rosa Sostenible S.A.S,2.1.1.01,PLANTA DE PERSONAL PERMANENTE,GASTOS,FUNCIONAMIENTO,GASTOS DE PERSONAL,PLANTA DE PERSONAL PERMANENTE,No Aplica,No Aplica,No Aplica,No Aplica,No Aplica,No Aplica,VIGENCIA ACTUAL,ENTIDADES TERRITORIALES - SERVICIOS PUBLICOS,NO DEFINIDO,NO DEFINIDO,NO DEFINIDO,83132261.0,110113061.0,2021,Segundo Trimestre,,,,,,,,,,,,,,,,,,,,,,
1550263,20230601,923272885,E.S.P Por Santa Rosa Sostenible S.A.S,2.1.2.02.01,MATERIALES Y SUMINISTROS,GASTOS,FUNCIONAMIENTO,ADQUISICION DE BIENES Y SERVICIOS,ADQUISICIONES DIFERENTES DE ACTIVOS,MATERIALES Y SUMINISTROS,No Aplica,No Aplica,No Aplica,No Aplica,No Aplica,VIGENCIA ACTUAL,ENTIDADES DIFERENTES A ENTIDADES TERRITORIALES - GESTION GENERAL,NO DEFINIDO,NO DEFINIDO,NO DEFINIDO,602845000.0,789156453.0,2023,Segundo Trimestre,,,,,,,,,,,,,,,,,,,,,,
1555455,20211201,923272885,E.S.P Por Santa Rosa Sostenible S.A.S,2.1.2.01.01.005.02.03.01.01,PAQUETES DE SOFTWARE,GASTOS,FUNCIONAMIENTO,ADQUISICION DE BIENES Y SERVICIOS,ADQUISICION DE ACTIVOS NO FINANCIEROS,ACTIVOS FIJOS,OTROS ACTIVOS FIJOS,PRODUCTOS DE LA PROPIEDAD INTELECTUAL,PROGRAMAS DE INFORMATICA Y BASES DE DATOS,PROGRAMAS DE INFORMATICA,PAQUETES DE SOFTWARE,VIGENCIA ACTUAL,ENTIDADES TERRITORIALES - SERVICIOS PUBLICOS,NO DEFINIDO,NO DEFINIDO,NO APLICA,3400000.0,4035000.0,2021,Cuarto Trimestre,,,,,,,,,,,,,,,,,,,,,,
1562559,20230601,923272885,E.S.P Por Santa Rosa Sostenible S.A.S,2.1.8.05,"MULTAS, SANCIONES E INTERESES DE MORA",GASTOS,FUNCIONAMIENTO,"GASTOS POR TRIBUTOS, TASAS, CONTRIBUCIONES, MULTAS, SANCIONES E INTERESES DE MORA","MULTAS, SANCIONES E INTERESES DE MORA",No Aplica,No Aplica,No Aplica,No Aplica,No Aplica,No Aplica,VIGENCIA ACTUAL,ENTIDADES DIFERENTES A ENTIDADES TERRITORIALES - GESTION GENERAL,NO DEFINIDO,NO DEFINIDO,NO DEFINIDO,0.0,711000.0,2023,Segundo Trimestre,,,,,,,,,,,,,,,,,,,,,,
1564438,20220901,923272885,E.S.P Por Santa Rosa Sostenible S.A.S,2.1.1.01.02.001,APORTES A LA SEGURIDAD SOCIAL EN PENSIONES,GASTOS,FUNCIONAMIENTO,GASTOS DE PERSONAL,PLANTA DE PERSONAL PERMANENTE,CONTRIBUCIONES INHERENTES A LA NOMINA,APORTES A LA SEGURIDAD SOCIAL EN PENSIONES,No Aplica,No Aplica,No Aplica,No Aplica,VIGENCIA ACTUAL,ENTIDADES DIFERENTES A ENTIDADES TERRITORIALES - GESTION GENERAL,NO DEFINIDO,NO DEFINIDO,NO APLICA,1745507.0,8347507.0,2022,Tercer Trimestre,,,,,,,,,,,,,,,,,,,,,,
1567141,20211201,923272885,E.S.P Por Santa Rosa Sostenible S.A.S,2.1.1.01.01.001.06,PRIMA DE SERVICIO,GASTOS,FUNCIONAMIENTO,GASTOS DE PERSONAL,PLANTA DE PERSONAL PERMANENTE,FACTORES CONSTITUTIVOS DE SALARIO,FACTORES SALARIALES COMUNES,PRIMA DE SERVICIO,No Aplica,No Aplica,No Aplica,VIGENCIA ACTUAL,ENTIDADES TERRITORIALES - SERVICIOS PUBLICOS,NO DEFINIDO,NO DEFINIDO,NO APLICA,2270000.0,2790000.0,2021,Cuarto Trimestre,,,,,,,,,,,,,,,,,,,,,,
1570280,20211201,923272885,E.S.P Por Santa Rosa Sostenible S.A.S,2.1.8.04.01,CUOTA DE FISCALIZACION Y AUDITAJE,GASTOS,FUNCIONAMIENTO,"GASTOS POR TRIBUTOS, TASAS, CONTRIBUCIONES, MULTAS, SANCIONES E INTERESES DE MORA",CONTRIBUCIONES,CUOTA DE FISCALIZACION Y AUDITAJE,No Aplica,No Aplica,No Aplica,No Aplica,No Aplica,VIGENCIA ACTUAL,ENTIDADES TERRITORIALES - SERVICIOS PUBLICOS,NO DEFINIDO,NO DEFINIDO,NO APLICA,3000000.0,5487889.0,2021,Cuarto Trimestre,,,,,,,,,,,,,,,,,,,,,,
1571388,20210601,923272885,E.S.P Por Santa Rosa Sostenible S.A.S,2.1.2,ADQUISICION DE BIENES Y SERVICIOS,GASTOS,FUNCIONAMIENTO,ADQUISICION DE BIENES Y SERVICIOS,No Aplica,No Aplica,No Aplica,No Aplica,No Aplica,No Aplica,No Aplica,VIGENCIA ACTUAL,ENTIDADES TERRITORIALES - SERVICIOS PUBLICOS,NO DEFINIDO,NO DEFINIDO,NO DEFINIDO,128094000.0,127682200.0,2021,Segundo Trimestre,,,,,,,,,,,,,,,,,,,,,,
1590089,20220301,923272885,E.S.P Por Santa Rosa Sostenible S.A.S,2.1.1.01.02.003,APORTES DE CESANTIAS,GASTOS,FUNCIONAMIENTO,GASTOS DE PERSONAL,PLANTA DE PERSONAL PERMANENTE,CONTRIBUCIONES INHERENTES A LA NOMINA,APORTES DE CESANTIAS,No Aplica,No Aplica,No Aplica,No Aplica,VIGENCIA ACTUAL,ENTIDADES DIFERENTES A ENTIDADES TERRITORIALES - GESTION GENERAL,NO DEFINIDO,NO DEFINIDO,NO APLICA,7884055.0,14136398.0,2022,Primer Trimestre,,,,,,,,,,,,,,,,,,,,,,
1595586,20210601,923272885,E.S.P Por Santa Rosa Sostenible S.A.S,2.1.2.02.01.003,"OTROS BIENES TRANSPORTABLES EXCEPTO PRODUCTOS METALICOS, MAQUINARIA Y EQUIPO",GASTOS,FUNCIONAMIENTO,ADQUISICION DE BIENES Y SERVICIOS,ADQUISICIONES DIFERENTES DE ACTIVOS,MATERIALES Y SUMINISTROS,"OTROS BIENES TRANSPORTABLES EXCEPTO PRODUCTOS METALICOS, MAQUINARIA Y EQUIPO",No Aplica,No Aplica,No Aplica,No Aplica,VIGENCIA ACTUAL,ENTIDADES TERRITORIALES - SERVICIOS PUBLICOS,NO DEFINIDO,NO DEFINIDO,NO APLICA,16000000.0,15469200.0,2021,Segundo Trimestre,,,,,,,,,,,,,,,,,,,,,,
1600838,20220301,923272885,E.S.P Por Santa Rosa Sostenible S.A.S,2.1.1.01.01.001.08.01,PRIMA DE NAVIDAD,GASTOS,FUNCIONAMIENTO,GASTOS DE PERSONAL,PLANTA DE PERSONAL PERMANENTE,FACTORES CONSTITUTIVOS DE SALARIO,FACTORES SALARIALES COMUNES,PRESTACIONES SOCIALES,PRIMA DE NAVIDAD,No Aplica,No Aplica,VIGENCIA ACTUAL,ENTIDADES DIFERENTES A ENTIDADES TERRITORIALES - GESTION GENERAL,NO DEFINIDO,NO DEFINIDO,NO APLICA,6497848.0,6497848.0,2022,Primer Trimestre,,,,,,,,,,,,,,,,,,,,,,
1601416,20220301,923272885,E.S.P Por Santa Rosa Sostenible S.A.S,2.1.1.01.01.001.06,PRIMA DE SERVICIO,GASTOS,FUNCIONAMIENTO,GASTOS DE PERSONAL,PLANTA DE PERSONAL PERMANENTE,FACTORES CONSTITUTIVOS DE SALARIO,FACTORES SALARIALES COMUNES,PRIMA DE SERVICIO,No Aplica,No Aplica,No Aplica,VIGENCIA ACTUAL,ENTIDADES DIFERENTES A ENTIDADES TERRITORIALES - GESTION GENERAL,NO DEFINIDO,NO DEFINIDO,NO APLICA,2985610.0,2985610.0,2022,Primer Trimestre,,,,,,,,,,,,,,,,,,,,,,
1603178,20210901,923272885,E.S.P Por Santa Rosa Sostenible S.A.S,2.1.1.01.03.001.01,VACACIONES,GASTOS,FUNCIONAMIENTO,GASTOS DE PERSONAL,PLANTA DE PERSONAL PERMANENTE,REMUNERACIONES NO CONSTITUTIVAS DE FACTOR SALARIAL,PRESTACIONES SOCIALES,VACACIONES,No Aplica,No Aplica,No Aplica,VIGENCIA ACTUAL,ENTIDADES TERRITORIALES - SERVICIOS PUBLICOS,NO DEFINIDO,NO DEFINIDO,NO APLICA,2270000.0,2790000.0,2021,Tercer Trimestre,,,,,,,,,,,,,,,,,,,,,,
1610814,20230601,923272885,E.S.P Por Santa Rosa Sostenible S.A.S,2.1.2.02.01.001,"MINERALES, ELECTRICIDAD, GAS Y AGUA",GASTOS,FUNCIONAMIENTO,ADQUISICION DE BIENES Y SERVICIOS,ADQUISICIONES DIFERENTES DE ACTIVOS,MATERIALES Y SUMINISTROS,"MINERALES, ELECTRICIDAD, GAS Y AGUA",No Aplica,No Aplica,No Aplica,No Aplica,VIGENCIA ACTUAL,ENTIDADES DIFERENTES A ENTIDADES TERRITORIALES - GESTION GENERAL,NO DEFINIDO,NO DEFINIDO,NO APLICA,601045000.0,787086453.0,2023,Segundo Trimestre,,,,,,,,,,,,,,,,,,,,,,
1621055,20211201,923272885,E.S.P Por Santa Rosa Sostenible S.A.S,2.1.1.01.01.001.08.02,PRIMA DE VACACIONES,GASTOS,FUNCIONAMIENTO,GASTOS DE PERSONAL,PLANTA DE PERSONAL PERMANENTE,FACTORES CONSTITUTIVOS DE SALARIO,FACTORES SALARIALES COMUNES,PRESTACIONES SOCIALES,PRIMA DE VACACIONES,No Aplica,No Aplica,VIGENCIA ACTUAL,ENTIDADES TERRITORIALES - SERVICIOS PUBLICOS,NO DEFINIDO,NO DEFINIDO,NO APLICA,2270000.0,2790000.0,2021,Cuarto Trimestre,,,,,,,,,,,,,,,,,,,,,,
1626334,20230301,923272885,E.S.P Por Santa Rosa Sostenible S.A.S,2.1.1.01.01.001.05,AUXILIO DE TRANSPORTE,GASTOS,FUNCIONAMIENTO,GASTOS DE PERSONAL,PLANTA DE PERSONAL PERMANENTE,FACTORES CONSTITUTIVOS DE SALARIO,FACTORES SALARIALES COMUNES,AUXILIO DE TRANSPORTE,No Aplica,No Aplica,No Aplica,VIGENCIA ACTUAL,ENTIDADES DIFERENTES A ENTIDADES TERRITORIALES - GESTION GENERAL,NO DEFINIDO,NO DEFINIDO,NO APLICA,3178000.0,3178000.0,2023,Primer Trimestre,,,,,,,,,,,,,,,,,,,,,,
1626379,20230301,923272885,E.S.P Por Santa Rosa Sostenible S.A.S,2.1.1.01.02.002,APORTES A LA SEGURIDAD SOCIAL EN SALUD,GASTOS,FUNCIONAMIENTO,GASTOS DE PERSONAL,PLANTA DE PERSONAL PERMANENTE,CONTRIBUCIONES INHERENTES A LA NOMINA,APORTES A LA SEGURIDAD SOCIAL EN SALUD,No Aplica,No Aplica,No Aplica,No Aplica,VIGENCIA ACTUAL,ENTIDADES DIFERENTES A ENTIDADES TERRITORIALES - GESTION GENERAL,NO DEFINIDO,NO DEFINIDO,NO APLICA,0.0,331560.0,2023,Primer Trimestre,,,,,,,,,,,,,,,,,,,,,,
1626606,20210601,923272885,E.S.P Por Santa Rosa Sostenible S.A.S,2.1.2.01.01.005.02.03.01.01,PAQUETES DE SOFTWARE,GASTOS,FUNCIONAMIENTO,ADQUISICION DE BIENES Y SERVICIOS,ADQUISICION DE ACTIVOS NO FINANCIEROS,ACTIVOS FIJOS,OTROS ACTIVOS FIJOS,PRODUCTOS DE LA PROPIEDAD INTELECTUAL,PROGRAMAS DE INFORMATICA Y BASES DE DATOS,PROGRAMAS DE INFORMATICA,PAQUETES DE SOFTWARE,VIGENCIA ACTUAL,ENTIDADES TERRITORIALES - SERVICIOS PUBLICOS,NO DEFINIDO,NO DEFINIDO,NO APLICA,3400000.0,3400000.0,2021,Segundo Trimestre,,,,,,,,,,,,,,,,,,,,,,
1629909,20230601,923272885,E.S.P Por Santa Rosa Sostenible S.A.S,2.1.1.01.03,REMUNERACIONES NO CONSTITUTIVAS DE FACTOR SALARIAL,GASTOS,FUNCIONAMIENTO,GASTOS DE PERSONAL,PLANTA DE PERSONAL PERMANENTE,REMUNERACIONES NO CONSTITUTIVAS DE FACTOR SALARIAL,No Aplica,No Aplica,No Aplica,No Aplica,No Aplica,VIGENCIA ACTUAL,ENTIDADES DIFERENTES A ENTIDADES TERRITORIALES - GESTION GENERAL,NO DEFINIDO,NO DEFINIDO,NO DEFINIDO,4380000.0,4816629.0,2023,Segundo Trimestre,,,,,,,,,,,,,,,,,,,,,,
1638563,20210901,923272885,E.S.P Por Santa Rosa Sostenible S.A.S,2.1.1.01.02.003,APORTES DE CESANTIAS,GASTOS,FUNCIONAMIENTO,GASTOS DE PERSONAL,PLANTA DE PERSONAL PERMANENTE,CONTRIBUCIONES INHERENTES A LA NOMINA,APORTES DE CESANTIAS,No Aplica,No Aplica,No Aplica,No Aplica,VIGENCIA ACTUAL,ENTIDADES TERRITORIALES - SERVICIOS PUBLICOS,NO DEFINIDO,NO DEFINIDO,NO APLICA,5872995.0,7302995.0,2021,Tercer Trimestre,,,,,,,,,,,,,,,,,,,,,,
1644939,20230601,923272885,E.S.P Por Santa Rosa Sostenible S.A.S,2.1.1.01.03.001,PRESTACIONES SOCIALES,GASTOS,FUNCIONAMIENTO,GASTOS DE PERSONAL,PLANTA DE PERSONAL PERMANENTE,REMUNERACIONES NO CONSTITUTIVAS DE FACTOR SALARIAL,PRESTACIONES SOCIALES,No Aplica,No Aplica,No Aplica,No Aplica,VIGENCIA ACTUAL,ENTIDADES DIFERENTES A ENTIDADES TERRITORIALES - GESTION GENERAL,NO DEFINIDO,NO DEFINIDO,NO DEFINIDO,4380000.0,4816629.0,2023,Segundo Trimestre,,,,,,,,,,,,,,,,,,,,,,
1647032,20230601,923272885,E.S.P Por Santa Rosa Sostenible S.A.S,2.1.2.02.02.007,SERVICIOS FINANCIEROS Y SERVICIOS CONEXOS; SERVICIOS INMOBILIARIOS; Y SERVICIOS DE ARRENDAMIENTO Y LEASING,GASTOS,FUNCIONAMIENTO,ADQUISICION DE BIENES Y SERVICIOS,ADQUISICIONES DIFERENTES DE ACTIVOS,ADQUISICION DE SERVICIOS,SERVICIOS FINANCIEROS Y SERVICIOS CONEXOS; SERVICIOS INMOBILIARIOS; Y SERVICIOS DE ARRENDAMIENTO Y LEASING,No Aplica,No Aplica,No Aplica,No Aplica,VIGENCIA ACTUAL,ENTIDADES DIFERENTES A ENTIDADES TERRITORIALES - GESTION GENERAL,NO DEFINIDO,NO DEFINIDO,NO APLICA,23267180.0,22813180.0,2023,Segundo Trimestre,,,,,,,,,,,,,,,,,,,,,,
1655152,20210901,923272885,E.S.P Por Santa Rosa Sostenible S.A.S,2.4,GASTOS DE OPERACION COMERCIAL,GASTOS,GASTOS DE OPERACION COMERCIAL,No Aplica,No Aplica,No Aplica,No Aplica,No Aplica,No Aplica,No Aplica,No Aplica,VIGENCIA ACTUAL,ENTIDADES TERRITORIALES - SERVICIOS PUBLICOS,NO DEFINIDO,NO DEFINIDO,NO DEFINIDO,2099145140.0,2099145140.0,2021,Tercer Trimestre,,,,,,,,,,,,,,,,,,,,,,
1657797,20230601,923272885,E.S.P Por Santa Rosa Sostenible S.A.S,2.1.2.01.01.003.03,"MAQUINARIA DE OFICINA, CONTABILIDAD E INFORMATICA",GASTOS,FUNCIONAMIENTO,ADQUISICION DE BIENES Y SERVICIOS,ADQUISICION DE ACTIVOS NO FINANCIEROS,ACTIVOS FIJOS,MAQUINARIA Y EQUIPO,"MAQUINARIA DE OFICINA, CONTABILIDAD E INFORMATICA",No Aplica,No Aplica,No Aplica,VIGENCIA ACTUAL,ENTIDADES DIFERENTES A ENTIDADES TERRITORIALES - GESTION GENERAL,NO DEFINIDO,NO DEFINIDO,NO DEFINIDO,15000000.0,14360000.0,2023,Segundo Trimestre,,,,,,,,,,,,,,,,,,,,,,
1661599,20220901,923272885,E.S.P Por Santa Rosa Sostenible S.A.S,2.1,FUNCIONAMIENTO,GASTOS,FUNCIONAMIENTO,No Aplica,No Aplica,No Aplica,No Aplica,No Aplica,No Aplica,No Aplica,No Aplica,VIGENCIA ACTUAL,ENTIDADES DIFERENTES A ENTIDADES TERRITORIALES - GESTION GENERAL,NO DEFINIDO,NO DEFINIDO,NO DEFINIDO,2710000000.0,2923495382.0,2022,Tercer Trimestre,,,,,,,,,,,,,,,,,,,,,,
1662738,20210301,923272885,E.S.P Por Santa Rosa Sostenible S.A.S,2.1.8.01.54,IMPUESTO DE INDUSTRIA Y COMERCIO,GASTOS,FUNCIONAMIENTO,"GASTOS POR TRIBUTOS, TASAS, CONTRIBUCIONES, MULTAS, SANCIONES E INTERESES DE MORA",IMPUESTOS,IMPUESTO DE INDUSTRIA Y COMERCIO,No Aplica,No Aplica,No Aplica,No Aplica,No Aplica,VIGENCIA ACTUAL,ENTIDADES TERRITORIALES - SERVICIOS PUBLICOS,NO DEFINIDO,NO DEFINIDO,NO APLICA,30000000.0,30000000.0,2021,Primer Trimestre,,,,,,,,,,,,,,,,,,,,,,
1664051,20210901,923272885,E.S.P Por Santa Rosa Sostenible S.A.S,2.1.8.05.02,INTERESES DE MORA,GASTOS,FUNCIONAMIENTO,"GASTOS POR TRIBUTOS, TASAS, CONTRIBUCIONES, MULTAS, SANCIONES E INTERESES DE MORA","MULTAS, SANCIONES E INTERESES DE MORA",INTERESES DE MORA,No Aplica,No Aplica,No Aplica,No Aplica,No Aplica,VIGENCIA ACTUAL,ENTIDADES TERRITORIALES - SERVICIOS PUBLICOS,NO DEFINIDO,NO DEFINIDO,NO APLICA,100000.0,100000.0,2021,Tercer Trimestre,,,,,,,,,,,,,,,,,,,,,,
1672677,20210301,923272885,E.S.P Por Santa Rosa Sostenible S.A.S,2.1.1.01.02.006,APORTES AL ICBF,GASTOS,FUNCIONAMIENTO,GASTOS DE PERSONAL,PLANTA DE PERSONAL PERMANENTE,CONTRIBUCIONES INHERENTES A LA NOMINA,APORTES AL ICBF,No Aplica,No Aplica,No Aplica,No Aplica,VIGENCIA ACTUAL,ENTIDADES TERRITORIALES - SERVICIOS PUBLICOS,NO DEFINIDO,NO DEFINIDO,NO APLICA,0.0,432300.0,2021,Primer Trimestre,,,,,,,,,,,,,,,,,,,,,,
1674712,20210601,923272885,E.S.P Por Santa Rosa Sostenible S.A.S,2.1.1.01.01,FACTORES CONSTITUTIVOS DE SALARIO,GASTOS,FUNCIONAMIENTO,GASTOS DE PERSONAL,PLANTA DE PERSONAL PERMANENTE,FACTORES CONSTITUTIVOS DE SALARIO,No Aplica,No Aplica,No Aplica,No Aplica,No Aplica,VIGENCIA ACTUAL,ENTIDADES TERRITORIALES - SERVICIOS PUBLICOS,NO DEFINIDO,NO DEFINIDO,NO DEFINIDO,65222333.0,79762333.0,2021,Segundo Trimestre,,,,,,,,,,,,,,,,,,,,,,
1674818,20230601,923272885,E.S.P Por Santa Rosa Sostenible S.A.S,2.1.8.04,CONTRIBUCIONES,GASTOS,FUNCIONAMIENTO,"GASTOS POR TRIBUTOS, TASAS, CONTRIBUCIONES, MULTAS, SANCIONES E INTERESES DE MORA",CONTRIBUCIONES,No Aplica,No Aplica,No Aplica,No Aplica,No Aplica,No Aplica,VIGENCIA ACTUAL,ENTIDADES DIFERENTES A ENTIDADES TERRITORIALES - GESTION GENERAL,NO DEFINIDO,NO DEFINIDO,NO DEFINIDO,4175375.0,4175375.0,2023,Segundo Trimestre,,,,,,,,,,,,,,,,,,,,,,
1678371,20230301,923272885,E.S.P Por Santa Rosa Sostenible S.A.S,2.1.1.01.02,CONTRIBUCIONES INHERENTES A LA NOMINA,GASTOS,FUNCIONAMIENTO,GASTOS DE PERSONAL,PLANTA DE PERSONAL PERMANENTE,CONTRIBUCIONES INHERENTES A LA NOMINA,No Aplica,No Aplica,No Aplica,No Aplica,No Aplica,VIGENCIA ACTUAL,ENTIDADES DIFERENTES A ENTIDADES TERRITORIALES - GESTION GENERAL,NO DEFINIDO,NO DEFINIDO,NO DEFINIDO,23620000.0,24068560.0,2023,Primer Trimestre,,,,,,,,,,,,,,,,,,,,,,
1683587,20220301,923272885,E.S.P Por Santa Rosa Sostenible S.A.S,2.1.1.01.02.005,APORTES GENERALES AL SISTEMA DE RIESGOS LABORALES,GASTOS,FUNCIONAMIENTO,GASTOS DE PERSONAL,PLANTA DE PERSONAL PERMANENTE,CONTRIBUCIONES INHERENTES A LA NOMINA,APORTES GENERALES AL SISTEMA DE RIESGOS LABORALES,No Aplica,No Aplica,No Aplica,No Aplica,VIGENCIA ACTUAL,ENTIDADES DIFERENTES A ENTIDADES TERRITORIALES - GESTION GENERAL,NO DEFINIDO,NO DEFINIDO,NO APLICA,1745507.0,1745507.0,2022,Primer Trimestre,,,,,,,,,,,,,,,,,,,,,,
1686809,20220901,923272885,E.S.P Por Santa Rosa Sostenible S.A.S,2.1.8.04,CONTRIBUCIONES,GASTOS,FUNCIONAMIENTO,"GASTOS POR TRIBUTOS, TASAS, CONTRIBUCIONES, MULTAS, SANCIONES E INTERESES DE MORA",CONTRIBUCIONES,No Aplica,No Aplica,No Aplica,No Aplica,No Aplica,No Aplica,VIGENCIA ACTUAL,ENTIDADES DIFERENTES A ENTIDADES TERRITORIALES - GESTION GENERAL,NO DEFINIDO,NO DEFINIDO,NO DEFINIDO,1200000.0,4175375.0,2022,Tercer Trimestre,,,,,,,,,,,,,,,,,,,,,,
1686973,20230601,923272885,E.S.P Por Santa Rosa Sostenible S.A.S,2.1.1.01.01.001.08,PRESTACIONES SOCIALES,GASTOS,FUNCIONAMIENTO,GASTOS DE PERSONAL,PLANTA DE PERSONAL PERMANENTE,FACTORES CONSTITUTIVOS DE SALARIO,FACTORES SALARIALES COMUNES,PRESTACIONES SOCIALES,No Aplica,No Aplica,No Aplica,VIGENCIA ACTUAL,ENTIDADES DIFERENTES A ENTIDADES TERRITORIALES - GESTION GENERAL,NO DEFINIDO,NO DEFINIDO,NO DEFINIDO,11941000.0,11941000.0,2023,Segundo Trimestre,,,,,,,,,,,,,,,,,,,,,,
1699256,20230301,923272885,E.S.P Por Santa Rosa Sostenible S.A.S,2.1.2.02.02,ADQUISICION DE SERVICIOS,GASTOS,FUNCIONAMIENTO,ADQUISICION DE BIENES Y SERVICIOS,ADQUISICIONES DIFERENTES DE ACTIVOS,ADQUISICION DE SERVICIOS,No Aplica,No Aplica,No Aplica,No Aplica,No Aplica,VIGENCIA ACTUAL,ENTIDADES DIFERENTES A ENTIDADES TERRITORIALES - GESTION GENERAL,NO DEFINIDO,NO DEFINIDO,NO DEFINIDO,2012079400.0,2666022447.0,2023,Primer Trimestre,,,,,,,,,,,,,,,,,,,,,,
1700769,20210901,923272885,E.S.P Por Santa Rosa Sostenible S.A.S,2.1.1.01.02.004,APORTES A CAJAS DE COMPENSACION FAMILIAR,GASTOS,FUNCIONAMIENTO,GASTOS DE PERSONAL,PLANTA DE PERSONAL PERMANENTE,CONTRIBUCIONES INHERENTES A LA NOMINA,APORTES A CAJAS DE COMPENSACION FAMILIAR,No Aplica,No Aplica,No Aplica,No Aplica,VIGENCIA ACTUAL,ENTIDADES TERRITORIALES - SERVICIOS PUBLICOS,NO DEFINIDO,NO DEFINIDO,NO APLICA,2179200.0,2679200.0,2021,Tercer Trimestre,,,,,,,,,,,,,,,,,,,,,,
1704435,20211201,923272885,E.S.P Por Santa Rosa Sostenible S.A.S,2.1.2.02.02.010,VIATICOS DE LOS FUNCIONARIOS EN COMISION,GASTOS,FUNCIONAMIENTO,ADQUISICION DE BIENES Y SERVICIOS,ADQUISICIONES DIFERENTES DE ACTIVOS,ADQUISICION DE SERVICIOS,VIATICOS DE LOS FUNCIONARIOS EN COMISION,No Aplica,No Aplica,No Aplica,No Aplica,VIGENCIA ACTUAL,ENTIDADES TERRITORIALES - SERVICIOS PUBLICOS,NO DEFINIDO,NO DEFINIDO,NO APLICA,5000000.0,5000000.0,2021,Cuarto Trimestre,,,,,,,,,,,,,,,,,,,,,,
1713025,20210601,923272885,E.S.P Por Santa Rosa Sostenible S.A.S,2.1.1.01.02.007,APORTES AL SENA,GASTOS,FUNCIONAMIENTO,GASTOS DE PERSONAL,PLANTA DE PERSONAL PERMANENTE,CONTRIBUCIONES INHERENTES A LA NOMINA,APORTES AL SENA,No Aplica,No Aplica,No Aplica,No Aplica,VIGENCIA ACTUAL,ENTIDADES TERRITORIALES - SERVICIOS PUBLICOS,NO DEFINIDO,NO DEFINIDO,NO APLICA,0.0,111500.0,2021,Segundo Trimestre,,,,,,,,,,,,,,,,,,,,,,
1713258,20220901,923272885,E.S.P Por Santa Rosa Sostenible S.A.S,2.1.1.01.03.001,PRESTACIONES SOCIALES,GASTOS,FUNCIONAMIENTO,GASTOS DE PERSONAL,PLANTA DE PERSONAL PERMANENTE,REMUNERACIONES NO CONSTITUTIVAS DE FACTOR SALARIAL,PRESTACIONES SOCIALES,No Aplica,No Aplica,No Aplica,No Aplica,VIGENCIA ACTUAL,ENTIDADES DIFERENTES A ENTIDADES TERRITORIALES - GESTION GENERAL,NO DEFINIDO,NO DEFINIDO,NO DEFINIDO,3557852.0,3557852.0,2022,Tercer Trimestre,,,,,,,,,,,,,,,,,,,,,,
1713874,20230301,923272885,E.S.P Por Santa Rosa Sostenible S.A.S,2.1.1.01.01.001.08.02,PRIMA DE VACACIONES,GASTOS,FUNCIONAMIENTO,GASTOS DE PERSONAL,PLANTA DE PERSONAL PERMANENTE,FACTORES CONSTITUTIVOS DE SALARIO,FACTORES SALARIALES COMUNES,PRESTACIONES SOCIALES,PRIMA DE VACACIONES,No Aplica,No Aplica,VIGENCIA ACTUAL,ENTIDADES DIFERENTES A ENTIDADES TERRITORIALES - GESTION GENERAL,NO DEFINIDO,NO DEFINIDO,NO APLICA,3873000.0,3873000.0,2023,Primer Trimestre,,,,,,,,,,,,,,,,,,,,,,
1719101,20210601,923272885,E.S.P Por Santa Rosa Sostenible S.A.S,2.1.1.01.03,REMUNERACIONES NO CONSTITUTIVAS DE FACTOR SALARIAL,GASTOS,FUNCIONAMIENTO,GASTOS DE PERSONAL,PLANTA DE PERSONAL PERMANENTE,REMUNERACIONES NO CONSTITUTIVAS DE FACTOR SALARIAL,No Aplica,No Aplica,No Aplica,No Aplica,No Aplica,VIGENCIA ACTUAL,ENTIDADES TERRITORIALES - SERVICIOS PUBLICOS,NO DEFINIDO,NO DEFINIDO,NO DEFINIDO,2572667.0,3162667.0,2021,Segundo Trimestre,,,,,,,,,,,,,,,,,,,,,,
1719200,20210601,923272885,E.S.P Por Santa Rosa Sostenible S.A.S,2.1.2.01.01,ACTIVOS FIJOS,GASTOS,FUNCIONAMIENTO,ADQUISICION DE BIENES Y SERVICIOS,ADQUISICION DE ACTIVOS NO FINANCIEROS,ACTIVOS FIJOS,No Aplica,No Aplica,No Aplica,No Aplica,No Aplica,VIGENCIA ACTUAL,ENTIDADES TERRITORIALES - SERVICIOS PUBLICOS,NO DEFINIDO,NO DEFINIDO,NO DEFINIDO,20350000.0,17518000.0,2021,Segundo Trimestre,,,,,,,,,,,,,,,,,,,,,,
1725095,20220301,923272885,E.S.P Por Santa Rosa Sostenible S.A.S,2.1.1.01.01.001.05,AUXILIO DE TRANSPORTE,GASTOS,FUNCIONAMIENTO,GASTOS DE PERSONAL,PLANTA DE PERSONAL PERMANENTE,FACTORES CONSTITUTIVOS DE SALARIO,FACTORES SALARIALES COMUNES,AUXILIO DE TRANSPORTE,No Aplica,No Aplica,No Aplica,VIGENCIA ACTUAL,ENTIDADES DIFERENTES A ENTIDADES TERRITORIALES - GESTION GENERAL,NO DEFINIDO,NO DEFINIDO,NO APLICA,1406064.0,2470604.0,2022,Primer Trimestre,,,,,,,,,,,,,,,,,,,,,,
1725210,20220301,923272885,E.S.P Por Santa Rosa Sostenible S.A.S,2.1.1.01.02,CONTRIBUCIONES INHERENTES A LA NOMINA,GASTOS,FUNCIONAMIENTO,GASTOS DE PERSONAL,PLANTA DE PERSONAL PERMANENTE,CONTRIBUCIONES INHERENTES A LA NOMINA,No Aplica,No Aplica,No Aplica,No Aplica,No Aplica,VIGENCIA ACTUAL,ENTIDADES DIFERENTES A ENTIDADES TERRITORIALES - GESTION GENERAL,NO DEFINIDO,NO DEFINIDO,NO DEFINIDO,14241255.0,20493598.0,2022,Primer Trimestre,,,,,,,,,,,,,,,,,,,,,,
1725923,20210301,923272885,E.S.P Por Santa Rosa Sostenible S.A.S,2.1.1.01.01,FACTORES CONSTITUTIVOS DE SALARIO,GASTOS,FUNCIONAMIENTO,GASTOS DE PERSONAL,PLANTA DE PERSONAL PERMANENTE,FACTORES CONSTITUTIVOS DE SALARIO,No Aplica,No Aplica,No Aplica,No Aplica,No Aplica,VIGENCIA ACTUAL,ENTIDADES TERRITORIALES - SERVICIOS PUBLICOS,NO DEFINIDO,NO DEFINIDO,NO DEFINIDO,65222333.0,79762333.0,2021,Primer Trimestre,,,,,,,,,,,,,,,,,,,,,,
1726047,20210301,923272885,E.S.P Por Santa Rosa Sostenible S.A.S,2.1.2.01.01.005.02.03,PROGRAMAS DE INFORMATICA Y BASES DE DATOS,GASTOS,FUNCIONAMIENTO,ADQUISICION DE BIENES Y SERVICIOS,ADQUISICION DE ACTIVOS NO FINANCIEROS,ACTIVOS FIJOS,OTROS ACTIVOS FIJOS,PRODUCTOS DE LA PROPIEDAD INTELECTUAL,PROGRAMAS DE INFORMATICA Y BASES DE DATOS,No Aplica,No Aplica,VIGENCIA ACTUAL,ENTIDADES TERRITORIALES - SERVICIOS PUBLICOS,NO DEFINIDO,NO DEFINIDO,NO DEFINIDO,3400000.0,3400000.0,2021,Primer Trimestre,,,,,,,,,,,,,,,,,,,,,,
1731504,20210901,923272885,E.S.P Por Santa Rosa Sostenible S.A.S,2.1.8.01.03,SOBRETASA CREE,GASTOS,FUNCIONAMIENTO,"GASTOS POR TRIBUTOS, TASAS, CONTRIBUCIONES, MULTAS, SANCIONES E INTERESES DE MORA",IMPUESTOS,SOBRETASA CREE,No Aplica,No Aplica,No Aplica,No Aplica,No Aplica,VIGENCIA ACTUAL,ENTIDADES TERRITORIALES - SERVICIOS PUBLICOS,NO DEFINIDO,NO DEFINIDO,NO APLICA,20000000.0,20000000.0,2021,Tercer Trimestre,,,,,,,,,,,,,,,,,,,,,,
1736398,20210901,923272885,E.S.P Por Santa Rosa Sostenible S.A.S,2.1,FUNCIONAMIENTO,GASTOS,FUNCIONAMIENTO,No Aplica,No Aplica,No Aplica,No Aplica,No Aplica,No Aplica,No Aplica,No Aplica,VIGENCIA ACTUAL,ENTIDADES TERRITORIALES - SERVICIOS PUBLICOS,NO DEFINIDO,NO DEFINIDO,NO DEFINIDO,274353461.0,300922461.0,2021,Tercer Trimestre,,,,,,,,,,,,,,,,,,,,,,
1739207,20221201,923272885,E.S.P Por Santa Rosa Sostenible S.A.S,2.1.8.01.14,GRAVAMEN A LOS MOVIMIENTOS FINANCIEROS,GASTOS,FUNCIONAMIENTO,"GASTOS POR TRIBUTOS, TASAS, CONTRIBUCIONES, MULTAS, SANCIONES E INTERESES DE MORA",IMPUESTOS,GRAVAMEN A LOS MOVIMIENTOS FINANCIEROS,No Aplica,No Aplica,No Aplica,No Aplica,No Aplica,VIGENCIA ACTUAL,ENTIDADES DIFERENTES A ENTIDADES TERRITORIALES - GESTION GENERAL,NO DEFINIDO,NO DEFINIDO,NO APLICA,4872225.0,4872225.0,2022,Cuarto Trimestre,,,,,,,,,,,,,,,,,,,,,,
1746557,20220301,923272885,E.S.P Por Santa Rosa Sostenible S.A.S,2.1.1.01.01.001,FACTORES SALARIALES COMUNES,GASTOS,FUNCIONAMIENTO,GASTOS DE PERSONAL,PLANTA DE PERSONAL PERMANENTE,FACTORES CONSTITUTIVOS DE SALARIO,FACTORES SALARIALES COMUNES,No Aplica,No Aplica,No Aplica,No Aplica,VIGENCIA ACTUAL,ENTIDADES DIFERENTES A ENTIDADES TERRITORIALES - GESTION GENERAL,NO DEFINIDO,NO DEFINIDO,NO DEFINIDO,93193860.0,94258400.0,2022,Primer Trimestre,,,,,,,,,,,,,,,,,,,,,,
1748634,20230601,923272885,E.S.P Por Santa Rosa Sostenible S.A.S,2.1.8.01.53,IMPUESTO DE REGISTRO,GASTOS,FUNCIONAMIENTO,"GASTOS POR TRIBUTOS, TASAS, CONTRIBUCIONES, MULTAS, SANCIONES E INTERESES DE MORA",IMPUESTOS,IMPUESTO DE REGISTRO,No Aplica,No Aplica,No Aplica,No Aplica,No Aplica,VIGENCIA ACTUAL,ENTIDADES DIFERENTES A ENTIDADES TERRITORIALES - GESTION GENERAL,NO DEFINIDO,NO DEFINIDO,NO APLICA,2406000.0,2406000.0,2023,Segundo Trimestre,,,,,,,,,,,,,,,,,,,,,,
1752630,20210301,923272885,E.S.P Por Santa Rosa Sostenible S.A.S,2.1.8,"GASTOS POR TRIBUTOS, TASAS, CONTRIBUCIONES, MULTAS, SANCIONES E INTERESES DE MORA",GASTOS,FUNCIONAMIENTO,"GASTOS POR TRIBUTOS, TASAS, CONTRIBUCIONES, MULTAS, SANCIONES E INTERESES DE MORA",No Aplica,No Aplica,No Aplica,No Aplica,No Aplica,No Aplica,No Aplica,VIGENCIA ACTUAL,ENTIDADES TERRITORIALES - SERVICIOS PUBLICOS,NO DEFINIDO,NO DEFINIDO,NO DEFINIDO,63127200.0,63127200.0,2021,Primer Trimestre,,,,,,,,,,,,,,,,,,,,,,
1761685,20220301,923272885,E.S.P Por Santa Rosa Sostenible S.A.S,2.1.1,GASTOS DE PERSONAL,GASTOS,FUNCIONAMIENTO,GASTOS DE PERSONAL,No Aplica,No Aplica,No Aplica,No Aplica,No Aplica,No Aplica,No Aplica,VIGENCIA ACTUAL,ENTIDADES DIFERENTES A ENTIDADES TERRITORIALES - GESTION GENERAL,NO DEFINIDO,NO DEFINIDO,NO DEFINIDO,115992967.0,123309850.0,2022,Primer Trimestre,,,,,,,,,,,,,,,,,,,,,,
1776406,20220301,923272885,E.S.P Por Santa Rosa Sostenible S.A.S,2.1.1.01.01.001.08,PRESTACIONES SOCIALES,GASTOS,FUNCIONAMIENTO,GASTOS DE PERSONAL,PLANTA DE PERSONAL PERMANENTE,FACTORES CONSTITUTIVOS DE SALARIO,FACTORES SALARIALES COMUNES,PRESTACIONES SOCIALES,No Aplica,No Aplica,No Aplica,VIGENCIA ACTUAL,ENTIDADES DIFERENTES A ENTIDADES TERRITORIALES - GESTION GENERAL,NO DEFINIDO,NO DEFINIDO,NO DEFINIDO,9657619.0,9657619.0,2022,Primer Trimestre,,,,,,,,,,,,,,,,,,,,,,
1780656,20230301,923272885,E.S.P Por Santa Rosa Sostenible S.A.S,2.1,FUNCIONAMIENTO,GASTOS,FUNCIONAMIENTO,No Aplica,No Aplica,No Aplica,No Aplica,No Aplica,No Aplica,No Aplica,No Aplica,VIGENCIA ACTUAL,ENTIDADES DIFERENTES A ENTIDADES TERRITORIALES - GESTION GENERAL,NO DEFINIDO,NO DEFINIDO,NO DEFINIDO,2776864000.0,3616869500.0,2023,Primer Trimestre,,,,,,,,,,,,,,,,,,,,,,
1781767,20211201,923272885,E.S.P Por Santa Rosa Sostenible S.A.S,2.4.5.02.06,"COMERCIO Y DISTRIBUCION; ALOJAMIENTO; SERVICIOS DE SUMINISTRO DE COMIDAS Y BEBIDAS; SERVICIOS DE TRANSPORTE; Y SERVICIOS DE DISTRIBUCION DE ELECTRICIDAD, GAS Y AGUA",GASTOS,GASTOS DE OPERACION COMERCIAL,GASTOS DE COMERCIALIZACION Y PRODUCCION,ADQUISICION DE SERVICIOS,"COMERCIO Y DISTRIBUCION; ALOJAMIENTO; SERVICIOS DE SUMINISTRO DE COMIDAS Y BEBIDAS; SERVICIOS DE TRANSPORTE; Y SERVICIOS DE DISTRIBUCION DE ELECTRICIDAD, GAS Y AGUA",No Aplica,No Aplica,No Aplica,No Aplica,No Aplica,VIGENCIA ACTUAL,ENTIDADES TERRITORIALES - SERVICIOS PUBLICOS,NO DEFINIDO,NO DEFINIDO,NO APLICA,480000000.0,508046588.0,2021,Cuarto Trimestre,,,,,,,,,,,,,,,,,,,,,,
1785726,20210601,923272885,E.S.P Por Santa Rosa Sostenible S.A.S,2.1.1.01.01.001.01,SUELDO BASICO,GASTOS,FUNCIONAMIENTO,GASTOS DE PERSONAL,PLANTA DE PERSONAL PERMANENTE,FACTORES CONSTITUTIVOS DE SALARIO,FACTORES SALARIALES COMUNES,SUELDO BASICO,No Aplica,No Aplica,No Aplica,VIGENCIA ACTUAL,ENTIDADES TERRITORIALES - SERVICIOS PUBLICOS,NO DEFINIDO,NO DEFINIDO,NO APLICA,54480000.0,66863000.0,2021,Segundo Trimestre,,,,,,,,,,,,,,,,,,,,,,
1788283,20220901,923272885,E.S.P Por Santa Rosa Sostenible S.A.S,2.1.1.01.01.001.05,AUXILIO DE TRANSPORTE,GASTOS,FUNCIONAMIENTO,GASTOS DE PERSONAL,PLANTA DE PERSONAL PERMANENTE,FACTORES CONSTITUTIVOS DE SALARIO,FACTORES SALARIALES COMUNES,AUXILIO DE TRANSPORTE,No Aplica,No Aplica,No Aplica,VIGENCIA ACTUAL,ENTIDADES DIFERENTES A ENTIDADES TERRITORIALES - GESTION GENERAL,NO DEFINIDO,NO DEFINIDO,NO APLICA,1406064.0,2470604.0,2022,Tercer Trimestre,,,,,,,,,,,,,,,,,,,,,,
1788669,20211201,923272885,E.S.P Por Santa Rosa Sostenible S.A.S,2.1.1.01.01.001.05,AUXILIO DE TRANSPORTE,GASTOS,FUNCIONAMIENTO,GASTOS DE PERSONAL,PLANTA DE PERSONAL PERMANENTE,FACTORES CONSTITUTIVOS DE SALARIO,FACTORES SALARIALES COMUNES,AUXILIO DE TRANSPORTE,No Aplica,No Aplica,No Aplica,VIGENCIA ACTUAL,ENTIDADES TERRITORIALES - SERVICIOS PUBLICOS,NO DEFINIDO,NO DEFINIDO,NO APLICA,1284000.0,1284000.0,2021,Cuarto Trimestre,,,,,,,,,,,,,,,,,,,,,,
1791580,20210901,923272885,E.S.P Por Santa Rosa Sostenible S.A.S,2.1.8,"GASTOS POR TRIBUTOS, TASAS, CONTRIBUCIONES, MULTAS, SANCIONES E INTERESES DE MORA",GASTOS,FUNCIONAMIENTO,"GASTOS POR TRIBUTOS, TASAS, CONTRIBUCIONES, MULTAS, SANCIONES E INTERESES DE MORA",No Aplica,No Aplica,No Aplica,No Aplica,No Aplica,No Aplica,No Aplica,VIGENCIA ACTUAL,ENTIDADES TERRITORIALES - SERVICIOS PUBLICOS,NO DEFINIDO,NO DEFINIDO,NO DEFINIDO,63127200.0,65615089.0,2021,Tercer Trimestre,,,,,,,,,,,,,,,,,,,,,,
1791918,20220901,923272885,E.S.P Por Santa Rosa Sostenible S.A.S,2.1.2.02.01.003,"OTROS BIENES TRANSPORTABLES EXCEPTO PRODUCTOS METALICOS, MAQUINARIA Y EQUIPO",GASTOS,FUNCIONAMIENTO,ADQUISICION DE BIENES Y SERVICIOS,ADQUISICIONES DIFERENTES DE ACTIVOS,MATERIALES Y SUMINISTROS,"OTROS BIENES TRANSPORTABLES EXCEPTO PRODUCTOS METALICOS, MAQUINARIA Y EQUIPO",No Aplica,No Aplica,No Aplica,No Aplica,VIGENCIA ACTUAL,ENTIDADES DIFERENTES A ENTIDADES TERRITORIALES - GESTION GENERAL,NO DEFINIDO,NO DEFINIDO,NO APLICA,13000000.0,7593180.0,2022,Tercer Trimestre,,,,,,,,,,,,,,,,,,,,,,
1799791,20230301,923272885,E.S.P Por Santa Rosa Sostenible S.A.S,2.1.2.02.01.001,"MINERALES, ELECTRICIDAD, GAS Y AGUA",GASTOS,FUNCIONAMIENTO,ADQUISICION DE BIENES Y SERVICIOS,ADQUISICIONES DIFERENTES DE ACTIVOS,MATERIALES Y SUMINISTROS,"MINERALES, ELECTRICIDAD, GAS Y AGUA",No Aplica,No Aplica,No Aplica,No Aplica,VIGENCIA ACTUAL,ENTIDADES DIFERENTES A ENTIDADES TERRITORIALES - GESTION GENERAL,NO DEFINIDO,NO DEFINIDO,NO APLICA,601045000.0,787086453.0,2023,Primer Trimestre,,,,,,,,,,,,,,,,,,,,,,
1801239,20230601,923272885,E.S.P Por Santa Rosa Sostenible S.A.S,2.1.8.05.02,INTERESES DE MORA,GASTOS,FUNCIONAMIENTO,"GASTOS POR TRIBUTOS, TASAS, CONTRIBUCIONES, MULTAS, SANCIONES E INTERESES DE MORA","MULTAS, SANCIONES E INTERESES DE MORA",INTERESES DE MORA,No Aplica,No Aplica,No Aplica,No Aplica,No Aplica,VIGENCIA ACTUAL,ENTIDADES DIFERENTES A ENTIDADES TERRITORIALES - GESTION GENERAL,NO DEFINIDO,NO DEFINIDO,NO APLICA,0.0,287000.0,2023,Segundo Trimestre,,,,,,,,,,,,,,,,,,,,,,
1805146,20211201,923272885,E.S.P Por Santa Rosa Sostenible S.A.S,2.1.1.01.03.001.01,VACACIONES,GASTOS,FUNCIONAMIENTO,GASTOS DE PERSONAL,PLANTA DE PERSONAL PERMANENTE,REMUNERACIONES NO CONSTITUTIVAS DE FACTOR SALARIAL,PRESTACIONES SOCIALES,VACACIONES,No Aplica,No Aplica,No Aplica,VIGENCIA ACTUAL,ENTIDADES TERRITORIALES - SERVICIOS PUBLICOS,NO DEFINIDO,NO DEFINIDO,NO APLICA,2270000.0,2790000.0,2021,Cuarto Trimestre,,,,,,,,,,,,,,,,,,,,,,
1805590,20211201,923272885,E.S.P Por Santa Rosa Sostenible S.A.S,2.1.8.05.01.004,SANCIONES ADMINISTRATIVAS,GASTOS,FUNCIONAMIENTO,"GASTOS POR TRIBUTOS, TASAS, CONTRIBUCIONES, MULTAS, SANCIONES E INTERESES DE MORA","MULTAS, SANCIONES E INTERESES DE MORA",MULTAS Y SANCIONES,SANCIONES ADMINISTRATIVAS,No Aplica,No Aplica,No Aplica,No Aplica,VIGENCIA ACTUAL,ENTIDADES TERRITORIALES - SERVICIOS PUBLICOS,NO DEFINIDO,NO DEFINIDO,NO APLICA,0.0,712000.0,2021,Cuarto Trimestre,,,,,,,,,,,,,,,,,,,,,,
1806954,20230301,923272885,E.S.P Por Santa Rosa Sostenible S.A.S,2.1.8,"GASTOS POR TRIBUTOS, TASAS, CONTRIBUCIONES, MULTAS, SANCIONES E INTERESES DE MORA",GASTOS,FUNCIONAMIENTO,"GASTOS POR TRIBUTOS, TASAS, CONTRIBUCIONES, MULTAS, SANCIONES E INTERESES DE MORA",No Aplica,No Aplica,No Aplica,No Aplica,No Aplica,No Aplica,No Aplica,VIGENCIA ACTUAL,ENTIDADES DIFERENTES A ENTIDADES TERRITORIALES - GESTION GENERAL,NO DEFINIDO,NO DEFINIDO,NO DEFINIDO,11453600.0,11474600.0,2023,Primer Trimestre,,,,,,,,,,,,,,,,,,,,,,
1812300,20230301,923272885,E.S.P Por Santa Rosa Sostenible S.A.S,2.1.2.02.01,MATERIALES Y SUMINISTROS,GASTOS,FUNCIONAMIENTO,ADQUISICION DE BIENES Y SERVICIOS,ADQUISICIONES DIFERENTES DE ACTIVOS,MATERIALES Y SUMINISTROS,No Aplica,No Aplica,No Aplica,No Aplica,No Aplica,VIGENCIA ACTUAL,ENTIDADES DIFERENTES A ENTIDADES TERRITORIALES - GESTION GENERAL,NO DEFINIDO,NO DEFINIDO,NO DEFINIDO,602845000.0,788886453.0,2023,Primer Trimestre,,,,,,,,,,,,,,,,,,,,,,
1814186,20220901,923272885,E.S.P Por Santa Rosa Sostenible S.A.S,2.1.1.01.02.003,APORTES DE CESANTIAS,GASTOS,FUNCIONAMIENTO,GASTOS DE PERSONAL,PLANTA DE PERSONAL PERMANENTE,CONTRIBUCIONES INHERENTES A LA NOMINA,APORTES DE CESANTIAS,No Aplica,No Aplica,No Aplica,No Aplica,VIGENCIA ACTUAL,ENTIDADES DIFERENTES A ENTIDADES TERRITORIALES - GESTION GENERAL,NO DEFINIDO,NO DEFINIDO,NO APLICA,7884055.0,14136398.0,2022,Tercer Trimestre,,,,,,,,,,,,,,,,,,,,,,
1816016,20210601,923272885,E.S.P Por Santa Rosa Sostenible S.A.S,2.1.2.01.01.005,OTROS ACTIVOS FIJOS,GASTOS,FUNCIONAMIENTO,ADQUISICION DE BIENES Y SERVICIOS,ADQUISICION DE ACTIVOS NO FINANCIEROS,ACTIVOS FIJOS,OTROS ACTIVOS FIJOS,No Aplica,No Aplica,No Aplica,No Aplica,VIGENCIA ACTUAL,ENTIDADES TERRITORIALES - SERVICIOS PUBLICOS,NO DEFINIDO,NO DEFINIDO,NO DEFINIDO,3400000.0,3400000.0,2021,Segundo Trimestre,,,,,,,,,,,,,,,,,,,,,,
1818539,20230601,923272885,E.S.P Por Santa Rosa Sostenible S.A.S,2,GASTOS,GASTOS,No Aplica,No Aplica,No Aplica,No Aplica,No Aplica,No Aplica,No Aplica,No Aplica,No Aplica,VIGENCIA ACTUAL,ENTIDADES DIFERENTES A ENTIDADES TERRITORIALES - GESTION GENERAL,NO DEFINIDO,NO DEFINIDO,NO DEFINIDO,2777264000.0,3617269500.0,2023,Segundo Trimestre,,,,,,,,,,,,,,,,,,,,,,
1819491,20230301,923272885,E.S.P Por Santa Rosa Sostenible S.A.S,2.1.1.01.01,FACTORES CONSTITUTIVOS DE SALARIO,GASTOS,FUNCIONAMIENTO,GASTOS DE PERSONAL,PLANTA DE PERSONAL PERMANENTE,FACTORES CONSTITUTIVOS DE SALARIO,No Aplica,No Aplica,No Aplica,No Aplica,No Aplica,VIGENCIA ACTUAL,ENTIDADES DIFERENTES A ENTIDADES TERRITORIALES - GESTION GENERAL,NO DEFINIDO,NO DEFINIDO,NO DEFINIDO,107486000.0,107037440.0,2023,Primer Trimestre,,,,,,,,,,,,,,,,,,,,,,
1823058,20230301,923272885,E.S.P Por Santa Rosa Sostenible S.A.S,2.1.2.01,ADQUISICION DE ACTIVOS NO FINANCIEROS,GASTOS,FUNCIONAMIENTO,ADQUISICION DE BIENES Y SERVICIOS,ADQUISICION DE ACTIVOS NO FINANCIEROS,No Aplica,No Aplica,No Aplica,No Aplica,No Aplica,No Aplica,VIGENCIA ACTUAL,ENTIDADES DIFERENTES A ENTIDADES TERRITORIALES - GESTION GENERAL,NO DEFINIDO,NO DEFINIDO,NO DEFINIDO,15000000.0,15000000.0,2023,Primer Trimestre,,,,,,,,,,,,,,,,,,,,,,
1827935,20230601,923272885,E.S.P Por Santa Rosa Sostenible S.A.S,2.1.1.01.02.002,APORTES A LA SEGURIDAD SOCIAL EN SALUD,GASTOS,FUNCIONAMIENTO,GASTOS DE PERSONAL,PLANTA DE PERSONAL PERMANENTE,CONTRIBUCIONES INHERENTES A LA NOMINA,APORTES A LA SEGURIDAD SOCIAL EN SALUD,No Aplica,No Aplica,No Aplica,No Aplica,VIGENCIA ACTUAL,ENTIDADES DIFERENTES A ENTIDADES TERRITORIALES - GESTION GENERAL,NO DEFINIDO,NO DEFINIDO,NO APLICA,0.0,331560.0,2023,Segundo Trimestre,,,,,,,,,,,,,,,,,,,,,,
1832072,20230301,923272885,E.S.P Por Santa Rosa Sostenible S.A.S,2.1.2.02.01.003,"OTROS BIENES TRANSPORTABLES EXCEPTO PRODUCTOS METALICOS, MAQUINARIA Y EQUIPO",GASTOS,FUNCIONAMIENTO,ADQUISICION DE BIENES Y SERVICIOS,ADQUISICIONES DIFERENTES DE ACTIVOS,MATERIALES Y SUMINISTROS,"OTROS BIENES TRANSPORTABLES EXCEPTO PRODUCTOS METALICOS, MAQUINARIA Y EQUIPO",No Aplica,No Aplica,No Aplica,No Aplica,VIGENCIA ACTUAL,ENTIDADES DIFERENTES A ENTIDADES TERRITORIALES - GESTION GENERAL,NO DEFINIDO,NO DEFINIDO,NO APLICA,1800000.0,1800000.0,2023,Primer Trimestre,,,,,,,,,,,,,,,,,,,,,,
1833670,20220901,923272885,E.S.P Por Santa Rosa Sostenible S.A.S,2.1.2.02.02.007,SERVICIOS FINANCIEROS Y SERVICIOS CONEXOS; SERVICIOS INMOBILIARIOS; Y SERVICIOS DE ARRENDAMIENTO Y LEASING,GASTOS,FUNCIONAMIENTO,ADQUISICION DE BIENES Y SERVICIOS,ADQUISICIONES DIFERENTES DE ACTIVOS,ADQUISICION DE SERVICIOS,SERVICIOS FINANCIEROS Y SERVICIOS CONEXOS; SERVICIOS INMOBILIARIOS; Y SERVICIOS DE ARRENDAMIENTO Y LEASING,No Aplica,No Aplica,No Aplica,No Aplica,VIGENCIA ACTUAL,ENTIDADES DIFERENTES A ENTIDADES TERRITORIALES - GESTION GENERAL,NO DEFINIDO,NO DEFINIDO,NO APLICA,21744450.0,21744450.0,2022,Tercer Trimestre,,,,,,,,,,,,,,,,,,,,,,
1837199,20211201,923272885,E.S.P Por Santa Rosa Sostenible S.A.S,2.1.2.02.02.007,SERVICIOS FINANCIEROS Y SERVICIOS CONEXOS; SERVICIOS INMOBILIARIOS; Y SERVICIOS DE ARRENDAMIENTO Y LEASING,GASTOS,FUNCIONAMIENTO,ADQUISICION DE BIENES Y SERVICIOS,ADQUISICIONES DIFERENTES DE ACTIVOS,ADQUISICION DE SERVICIOS,SERVICIOS FINANCIEROS Y SERVICIOS CONEXOS; SERVICIOS INMOBILIARIOS; Y SERVICIOS DE ARRENDAMIENTO Y LEASING,No Aplica,No Aplica,No Aplica,No Aplica,VIGENCIA ACTUAL,ENTIDADES TERRITORIALES - SERVICIOS PUBLICOS,NO DEFINIDO,NO DEFINIDO,NO APLICA,10400000.0,8603716.0,2021,Cuarto Trimestre,,,,,,,,,,,,,,,,,,,,,,
1838332,20210301,923272885,E.S.P Por Santa Rosa Sostenible S.A.S,2.1.2.02,ADQUISICIONES DIFERENTES DE ACTIVOS,GASTOS,FUNCIONAMIENTO,ADQUISICION DE BIENES Y SERVICIOS,ADQUISICIONES DIFERENTES DE ACTIVOS,No Aplica,No Aplica,No Aplica,No Aplica,No Aplica,No Aplica,VIGENCIA ACTUAL,ENTIDADES TERRITORIALES - SERVICIOS PUBLICOS,NO DEFINIDO,NO DEFINIDO,NO DEFINIDO,107744000.0,110164200.0,2021,Primer Trimestre,,,,,,,,,,,,,,,,,,,,,,
1844013,20210601,923272885,E.S.P Por Santa Rosa Sostenible S.A.S,2.4,GASTOS DE OPERACION COMERCIAL,GASTOS,GASTOS DE OPERACION COMERCIAL,No Aplica,No Aplica,No Aplica,No Aplica,No Aplica,No Aplica,No Aplica,No Aplica,VIGENCIA ACTUAL,ENTIDADES TERRITORIALES - SERVICIOS PUBLICOS,NO DEFINIDO,NO DEFINIDO,NO DEFINIDO,2099145140.0,2099145140.0,2021,Segundo Trimestre,,,,,,,,,,,,,,,,,,,,,,
1845344,20210901,923272885,E.S.P Por Santa Rosa Sostenible S.A.S,2.1.8.01.54,IMPUESTO DE INDUSTRIA Y COMERCIO,GASTOS,FUNCIONAMIENTO,"GASTOS POR TRIBUTOS, TASAS, CONTRIBUCIONES, MULTAS, SANCIONES E INTERESES DE MORA",IMPUESTOS,IMPUESTO DE INDUSTRIA Y COMERCIO,No Aplica,No Aplica,No Aplica,No Aplica,No Aplica,VIGENCIA ACTUAL,ENTIDADES TERRITORIALES - SERVICIOS PUBLICOS,NO DEFINIDO,NO DEFINIDO,NO APLICA,30000000.0,30000000.0,2021,Tercer Trimestre,,,,,,,,,,,,,,,,,,,,,,
1850843,20210601,923272885,E.S.P Por Santa Rosa Sostenible S.A.S,2.1.1.01.02.005,APORTES GENERALES AL SISTEMA DE RIESGOS LABORALES,GASTOS,FUNCIONAMIENTO,GASTOS DE PERSONAL,PLANTA DE PERSONAL PERMANENTE,CONTRIBUCIONES INHERENTES A LA NOMINA,APORTES GENERALES AL SISTEMA DE RIESGOS LABORALES,No Aplica,No Aplica,No Aplica,No Aplica,VIGENCIA ACTUAL,ENTIDADES TERRITORIALES - SERVICIOS PUBLICOS,NO DEFINIDO,NO DEFINIDO,NO APLICA,1327133.0,1629133.0,2021,Segundo Trimestre,,,,,,,,,,,,,,,,,,,,,,
1857738,20211201,923272885,E.S.P Por Santa Rosa Sostenible S.A.S,2.1.1.01.01.001.08.01,PRIMA DE NAVIDAD,GASTOS,FUNCIONAMIENTO,GASTOS DE PERSONAL,PLANTA DE PERSONAL PERMANENTE,FACTORES CONSTITUTIVOS DE SALARIO,FACTORES SALARIALES COMUNES,PRESTACIONES SOCIALES,PRIMA DE NAVIDAD,No Aplica,No Aplica,VIGENCIA ACTUAL,ENTIDADES TERRITORIALES - SERVICIOS PUBLICOS,NO DEFINIDO,NO DEFINIDO,NO APLICA,4918333.0,6035333.0,2021,Cuarto Trimestre,,,,,,,,,,,,,,,,,,,,,,
1859787,20211201,923272885,E.S.P Por Santa Rosa Sostenible S.A.S,2.1.2.01.01.003,MAQUINARIA Y EQUIPO,GASTOS,FUNCIONAMIENTO,ADQUISICION DE BIENES Y SERVICIOS,ADQUISICION DE ACTIVOS NO FINANCIEROS,ACTIVOS FIJOS,MAQUINARIA Y EQUIPO,No Aplica,No Aplica,No Aplica,No Aplica,VIGENCIA ACTUAL,ENTIDADES TERRITORIALES - SERVICIOS PUBLICOS,NO DEFINIDO,NO DEFINIDO,NO DEFINIDO,16950000.0,5583101.0,2021,Cuarto Trimestre,,,,,,,,,,,,,,,,,,,,,,
1863475,20210901,923272885,E.S.P Por Santa Rosa Sostenible S.A.S,2.1.2.02.02.010,VIATICOS DE LOS FUNCIONARIOS EN COMISION,GASTOS,FUNCIONAMIENTO,ADQUISICION DE BIENES Y SERVICIOS,ADQUISICIONES DIFERENTES DE ACTIVOS,ADQUISICION DE SERVICIOS,VIATICOS DE LOS FUNCIONARIOS EN COMISION,No Aplica,No Aplica,No Aplica,No Aplica,VIGENCIA ACTUAL,ENTIDADES TERRITORIALES - SERVICIOS PUBLICOS,NO DEFINIDO,NO DEFINIDO,NO APLICA,5000000.0,5000000.0,2021,Tercer Trimestre,,,,,,,,,,,,,,,,,,,,,,
1865980,20210301,923272885,E.S.P Por Santa Rosa Sostenible S.A.S,2.1.1.02.03,REMUNERACIONES NO CONSTITUTIVAS DE FACTOR SALARIAL,GASTOS,FUNCIONAMIENTO,GASTOS DE PERSONAL,PERSONAL SUPERNUMERARIO Y PLANTA TEMPORAL,REMUNERACIONES NO CONSTITUTIVAS DE FACTOR SALARIAL,No Aplica,No Aplica,No Aplica,No Aplica,No Aplica,VIGENCIA ACTUAL,ENTIDADES TERRITORIALES - SERVICIOS PUBLICOS,NO DEFINIDO,NO DEFINIDO,NO DEFINIDO,2270000.0,2790000.0,2021,Primer Trimestre,,,,,,,,,,,,,,,,,,,,,,
1876502,20220901,923272885,E.S.P Por Santa Rosa Sostenible S.A.S,2.1.1.01.01.001.08,PRESTACIONES SOCIALES,GASTOS,FUNCIONAMIENTO,GASTOS DE PERSONAL,PLANTA DE PERSONAL PERMANENTE,FACTORES CONSTITUTIVOS DE SALARIO,FACTORES SALARIALES COMUNES,PRESTACIONES SOCIALES,No Aplica,No Aplica,No Aplica,VIGENCIA ACTUAL,ENTIDADES DIFERENTES A ENTIDADES TERRITORIALES - GESTION GENERAL,NO DEFINIDO,NO DEFINIDO,NO DEFINIDO,9657619.0,9657619.0,2022,Tercer Trimestre,,,,,,,,,,,,,,,,,,,,,,
1879497,20211201,923272885,E.S.P Por Santa Rosa Sostenible S.A.S,2.4.5.02,ADQUISICION DE SERVICIOS,GASTOS,GASTOS DE OPERACION COMERCIAL,GASTOS DE COMERCIALIZACION Y PRODUCCION,ADQUISICION DE SERVICIOS,No Aplica,No Aplica,No Aplica,No Aplica,No Aplica,No Aplica,VIGENCIA ACTUAL,ENTIDADES TERRITORIALES - SERVICIOS PUBLICOS,NO DEFINIDO,NO DEFINIDO,NO DEFINIDO,2099145140.0,2525410364.0,2021,Cuarto Trimestre,,,,,,,,,,,,,,,,,,,,,,
1883413,20211201,923272885,E.S.P Por Santa Rosa Sostenible S.A.S,2.1.1.01.02.003,APORTES DE CESANTIAS,GASTOS,FUNCIONAMIENTO,GASTOS DE PERSONAL,PLANTA DE PERSONAL PERMANENTE,CONTRIBUCIONES INHERENTES A LA NOMINA,APORTES DE CESANTIAS,No Aplica,No Aplica,No Aplica,No Aplica,VIGENCIA ACTUAL,ENTIDADES TERRITORIALES - SERVICIOS PUBLICOS,NO DEFINIDO,NO DEFINIDO,NO APLICA,5872995.0,7309486.0,2021,Cuarto Trimestre,,,,,,,,,,,,,,,,,,,,,,
1888451,20211201,923272885,E.S.P Por Santa Rosa Sostenible S.A.S,2.4.5.02.09,"SERVICIOS PARA LA COMUNIDAD, SOCIALES Y PERSONALES",GASTOS,GASTOS DE OPERACION COMERCIAL,GASTOS DE COMERCIALIZACION Y PRODUCCION,ADQUISICION DE SERVICIOS,"SERVICIOS PARA LA COMUNIDAD, SOCIALES Y PERSONALES",No Aplica,No Aplica,No Aplica,No Aplica,No Aplica,VIGENCIA ACTUAL,ENTIDADES TERRITORIALES - SERVICIOS PUBLICOS,NO DEFINIDO,NO DEFINIDO,NO APLICA,1424045140.0,1777653370.0,2021,Cuarto Trimestre,,,,,,,,,,,,,,,,,,,,,,
1890986,20230301,923272885,E.S.P Por Santa Rosa Sostenible S.A.S,2.1.2.01.01,ACTIVOS FIJOS,GASTOS,FUNCIONAMIENTO,ADQUISICION DE BIENES Y SERVICIOS,ADQUISICION DE ACTIVOS NO FINANCIEROS,ACTIVOS FIJOS,No Aplica,No Aplica,No Aplica,No Aplica,No Aplica,VIGENCIA ACTUAL,ENTIDADES DIFERENTES A ENTIDADES TERRITORIALES - GESTION GENERAL,NO DEFINIDO,NO DEFINIDO,NO DEFINIDO,15000000.0,15000000.0,2023,Primer Trimestre,,,,,,,,,,,,,,,,,,,,,,
1893914,20220301,923272885,E.S.P Por Santa Rosa Sostenible S.A.S,2.1.1.01.03.020,ESTIMULOS A LOS EMPLEADOS DEL ESTADO,GASTOS,FUNCIONAMIENTO,GASTOS DE PERSONAL,PLANTA DE PERSONAL PERMANENTE,REMUNERACIONES NO CONSTITUTIVAS DE FACTOR SALARIAL,ESTIMULOS A LOS EMPLEADOS DEL ESTADO,No Aplica,No Aplica,No Aplica,No Aplica,VIGENCIA ACTUAL,ENTIDADES DIFERENTES A ENTIDADES TERRITORIALES - GESTION GENERAL,NO DEFINIDO,NO DEFINIDO,NO APLICA,5000000.0,5000000.0,2022,Primer Trimestre,,,,,,,,,,,,,,,,,,,,,,
1897714,20220301,923272885,E.S.P Por Santa Rosa Sostenible S.A.S,2.1.1.01.03,REMUNERACIONES NO CONSTITUTIVAS DE FACTOR SALARIAL,GASTOS,FUNCIONAMIENTO,GASTOS DE PERSONAL,PLANTA DE PERSONAL PERMANENTE,REMUNERACIONES NO CONSTITUTIVAS DE FACTOR SALARIAL,No Aplica,No Aplica,No Aplica,No Aplica,No Aplica,VIGENCIA ACTUAL,ENTIDADES DIFERENTES A ENTIDADES TERRITORIALES - GESTION GENERAL,NO DEFINIDO,NO DEFINIDO,NO DEFINIDO,8557852.0,8557852.0,2022,Primer Trimestre,,,,,,,,,,,,,,,,,,,,,,
1901057,20210301,923272885,E.S.P Por Santa Rosa Sostenible S.A.S,2.1.1.02.03.001.01,VACACIONES,GASTOS,FUNCIONAMIENTO,GASTOS DE PERSONAL,PERSONAL SUPERNUMERARIO Y PLANTA TEMPORAL,REMUNERACIONES NO CONSTITUTIVAS DE FACTOR SALARIAL,PRESTACIONES SOCIALES,VACACIONES,No Aplica,No Aplica,No Aplica,VIGENCIA ACTUAL,ENTIDADES TERRITORIALES - SERVICIOS PUBLICOS,NO DEFINIDO,NO DEFINIDO,NO APLICA,2270000.0,2790000.0,2021,Primer Trimestre,,,,,,,,,,,,,,,,,,,,,,
1901357,20211201,923272885,E.S.P Por Santa Rosa Sostenible S.A.S,2.1.8.01.14,GRAVAMEN A LOS MOVIMIENTOS FINANCIEROS,GASTOS,FUNCIONAMIENTO,"GASTOS POR TRIBUTOS, TASAS, CONTRIBUCIONES, MULTAS, SANCIONES E INTERESES DE MORA",IMPUESTOS,GRAVAMEN A LOS MOVIMIENTOS FINANCIEROS,No Aplica,No Aplica,No Aplica,No Aplica,No Aplica,VIGENCIA ACTUAL,ENTIDADES TERRITORIALES - SERVICIOS PUBLICOS,NO DEFINIDO,NO DEFINIDO,NO APLICA,10027200.0,12027200.0,2021,Cuarto Trimestre,,,,,,,,,,,,,,,,,,,,,,
1909939,20230301,923272885,E.S.P Por Santa Rosa Sostenible S.A.S,2.1.2.01.01.003.03.02,"MAQUINARIA DE INFORMATICA Y SUS PARTES, PIEZAS Y ACCESORIOS",GASTOS,FUNCIONAMIENTO,ADQUISICION DE BIENES Y SERVICIOS,ADQUISICION DE ACTIVOS NO FINANCIEROS,ACTIVOS FIJOS,MAQUINARIA Y EQUIPO,"MAQUINARIA DE OFICINA, CONTABILIDAD E INFORMATICA","MAQUINARIA DE INFORMATICA Y SUS PARTES, PIEZAS Y ACCESORIOS",No Aplica,No Aplica,VIGENCIA ACTUAL,ENTIDADES DIFERENTES A ENTIDADES TERRITORIALES - GESTION GENERAL,NO DEFINIDO,NO DEFINIDO,NO APLICA,15000000.0,15000000.0,2023,Primer Trimestre,,,,,,,,,,,,,,,,,,,,,,
1914737,20220301,923272885,E.S.P Por Santa Rosa Sostenible S.A.S,2.1.2.02.02.007,SERVICIOS FINANCIEROS Y SERVICIOS CONEXOS; SERVICIOS INMOBILIARIOS; Y SERVICIOS DE ARRENDAMIENTO Y LEASING,GASTOS,FUNCIONAMIENTO,ADQUISICION DE BIENES Y SERVICIOS,ADQUISICIONES DIFERENTES DE ACTIVOS,ADQUISICION DE SERVICIOS,SERVICIOS FINANCIEROS Y SERVICIOS CONEXOS; SERVICIOS INMOBILIARIOS; Y SERVICIOS DE ARRENDAMIENTO Y LEASING,No Aplica,No Aplica,No Aplica,No Aplica,VIGENCIA ACTUAL,ENTIDADES DIFERENTES A ENTIDADES TERRITORIALES - GESTION GENERAL,NO DEFINIDO,NO DEFINIDO,NO APLICA,21744450.0,21744450.0,2022,Primer Trimestre,,,,,,,,,,,,,,,,,,,,,,
1928006,20210901,923272885,E.S.P Por Santa Rosa Sostenible S.A.S,2.1.2.02.02.007,SERVICIOS FINANCIEROS Y SERVICIOS CONEXOS; SERVICIOS INMOBILIARIOS; Y SERVICIOS DE ARRENDAMIENTO Y LEASING,GASTOS,FUNCIONAMIENTO,ADQUISICION DE BIENES Y SERVICIOS,ADQUISICIONES DIFERENTES DE ACTIVOS,ADQUISICION DE SERVICIOS,SERVICIOS FINANCIEROS Y SERVICIOS CONEXOS; SERVICIOS INMOBILIARIOS; Y SERVICIOS DE ARRENDAMIENTO Y LEASING,No Aplica,No Aplica,No Aplica,No Aplica,VIGENCIA ACTUAL,ENTIDADES TERRITORIALES - SERVICIOS PUBLICOS,NO DEFINIDO,NO DEFINIDO,NO APLICA,10400000.0,10400000.0,2021,Tercer Trimestre,,,,,,,,,,,,,,,,,,,,,,
1929518,20210601,923272885,E.S.P Por Santa Rosa Sostenible S.A.S,2.1.1.01.02.002,APORTES A LA SEGURIDAD SOCIAL EN SALUD,GASTOS,FUNCIONAMIENTO,GASTOS DE PERSONAL,PLANTA DE PERSONAL PERMANENTE,CONTRIBUCIONES INHERENTES A LA NOMINA,APORTES A LA SEGURIDAD SOCIAL EN SALUD,No Aplica,No Aplica,No Aplica,No Aplica,VIGENCIA ACTUAL,ENTIDADES TERRITORIALES - SERVICIOS PUBLICOS,NO DEFINIDO,NO DEFINIDO,NO APLICA,4630800.0,5682800.0,2021,Segundo Trimestre,,,,,,,,,,,,,,,,,,,,,,
1931404,20230601,923272885,E.S.P Por Santa Rosa Sostenible S.A.S,2.1.2.02.02.006,"COMERCIO Y DISTRIBUCION; ALOJAMIENTO; SERVICIOS DE SUMINISTRO DE COMIDAS Y BEBIDAS; SERVICIOS DE TRANSPORTE; Y SERVICIOS DE DISTRIBUCION DE ELECTRICIDAD, GAS Y AGUA",GASTOS,FUNCIONAMIENTO,ADQUISICION DE BIENES Y SERVICIOS,ADQUISICIONES DIFERENTES DE ACTIVOS,ADQUISICION DE SERVICIOS,"COMERCIO Y DISTRIBUCION; ALOJAMIENTO; SERVICIOS DE SUMINISTRO DE COMIDAS Y BEBIDAS; SERVICIOS DE TRANSPORTE; Y SERVICIOS DE DISTRIBUCION DE ELECTRICIDAD, GAS Y AGUA",No Aplica,No Aplica,No Aplica,No Aplica,VIGENCIA ACTUAL,ENTIDADES DIFERENTES A ENTIDADES TERRITORIALES - GESTION GENERAL,NO DEFINIDO,NO DEFINIDO,NO APLICA,2600000.0,5379000.0,2023,Segundo Trimestre,,,,,,,,,,,,,,,,,,,,,,
1932812,20220901,923272885,E.S.P Por Santa Rosa Sostenible S.A.S,2.1.1.01.02.004,APORTES A CAJAS DE COMPENSACION FAMILIAR,GASTOS,FUNCIONAMIENTO,GASTOS DE PERSONAL,PLANTA DE PERSONAL PERMANENTE,CONTRIBUCIONES INHERENTES A LA NOMINA,APORTES A CAJAS DE COMPENSACION FAMILIAR,No Aplica,No Aplica,No Aplica,No Aplica,VIGENCIA ACTUAL,ENTIDADES DIFERENTES A ENTIDADES TERRITORIALES - GESTION GENERAL,NO DEFINIDO,NO DEFINIDO,NO APLICA,2866186.0,2866186.0,2022,Tercer Trimestre,,,,,,,,,,,,,,,,,,,,,,
1933940,20220301,923272885,E.S.P Por Santa Rosa Sostenible S.A.S,2.1.1.01.02.001,APORTES A LA SEGURIDAD SOCIAL EN PENSIONES,GASTOS,FUNCIONAMIENTO,GASTOS DE PERSONAL,PLANTA DE PERSONAL PERMANENTE,CONTRIBUCIONES INHERENTES A LA NOMINA,APORTES A LA SEGURIDAD SOCIAL EN PENSIONES,No Aplica,No Aplica,No Aplica,No Aplica,VIGENCIA ACTUAL,ENTIDADES DIFERENTES A ENTIDADES TERRITORIALES - GESTION GENERAL,NO DEFINIDO,NO DEFINIDO,NO APLICA,1745507.0,1745507.0,2022,Primer Trimestre,,,,,,,,,,,,,,,,,,,,,,
1933999,20210301,923272885,E.S.P Por Santa Rosa Sostenible S.A.S,2.1.1.01,PLANTA DE PERSONAL PERMANENTE,GASTOS,FUNCIONAMIENTO,GASTOS DE PERSONAL,PLANTA DE PERSONAL PERMANENTE,No Aplica,No Aplica,No Aplica,No Aplica,No Aplica,No Aplica,VIGENCIA ACTUAL,ENTIDADES TERRITORIALES - SERVICIOS PUBLICOS,NO DEFINIDO,NO DEFINIDO,NO DEFINIDO,80862261.0,107323061.0,2021,Primer Trimestre,,,,,,,,,,,,,,,,,,,,,,
1934145,20210901,923272885,E.S.P Por Santa Rosa Sostenible S.A.S,2.1.2.02.02,ADQUISICION DE SERVICIOS,GASTOS,FUNCIONAMIENTO,ADQUISICION DE BIENES Y SERVICIOS,ADQUISICIONES DIFERENTES DE ACTIVOS,ADQUISICION DE SERVICIOS,No Aplica,No Aplica,No Aplica,No Aplica,No Aplica,VIGENCIA ACTUAL,ENTIDADES TERRITORIALES - SERVICIOS PUBLICOS,NO DEFINIDO,NO DEFINIDO,NO DEFINIDO,91144000.0,98958010.0,2021,Tercer Trimestre,,,,,,,,,,,,,,,,,,,,,,
1935540,20221201,923272885,E.S.P Por Santa Rosa Sostenible S.A.S,2.1.2.02.01.003,"OTROS BIENES TRANSPORTABLES EXCEPTO PRODUCTOS METALICOS, MAQUINARIA Y EQUIPO",GASTOS,FUNCIONAMIENTO,ADQUISICION DE BIENES Y SERVICIOS,ADQUISICIONES DIFERENTES DE ACTIVOS,MATERIALES Y SUMINISTROS,"OTROS BIENES TRANSPORTABLES EXCEPTO PRODUCTOS METALICOS, MAQUINARIA Y EQUIPO",No Aplica,No Aplica,No Aplica,No Aplica,VIGENCIA ACTUAL,ENTIDADES DIFERENTES A ENTIDADES TERRITORIALES - GESTION GENERAL,NO DEFINIDO,NO DEFINIDO,NO APLICA,13000000.0,7810465.0,2022,Cuarto Trimestre,,,,,,,,,,,,,,,,,,,,,,
1948982,20210901,923272885,E.S.P Por Santa Rosa Sostenible S.A.S,2.1.1.01.01.001.01,SUELDO BASICO,GASTOS,FUNCIONAMIENTO,GASTOS DE PERSONAL,PLANTA DE PERSONAL PERMANENTE,FACTORES CONSTITUTIVOS DE SALARIO,FACTORES SALARIALES COMUNES,SUELDO BASICO,No Aplica,No Aplica,No Aplica,VIGENCIA ACTUAL,ENTIDADES TERRITORIALES - SERVICIOS PUBLICOS,NO DEFINIDO,NO DEFINIDO,NO APLICA,54480000.0,66863000.0,2021,Tercer Trimestre,,,,,,,,,,,,,,,,,,,,,,
1949412,20220901,923272885,E.S.P Por Santa Rosa Sostenible S.A.S,2.1.1.01.01,FACTORES CONSTITUTIVOS DE SALARIO,GASTOS,FUNCIONAMIENTO,GASTOS DE PERSONAL,PLANTA DE PERSONAL PERMANENTE,FACTORES CONSTITUTIVOS DE SALARIO,No Aplica,No Aplica,No Aplica,No Aplica,No Aplica,VIGENCIA ACTUAL,ENTIDADES DIFERENTES A ENTIDADES TERRITORIALES - GESTION GENERAL,NO DEFINIDO,NO DEFINIDO,NO DEFINIDO,93193860.0,94260545.0,2022,Tercer Trimestre,,,,,,,,,,,,,,,,,,,,,,
1949768,20210901,923272885,E.S.P Por Santa Rosa Sostenible S.A.S,2.1.2,ADQUISICION DE BIENES Y SERVICIOS,GASTOS,FUNCIONAMIENTO,ADQUISICION DE BIENES Y SERVICIOS,No Aplica,No Aplica,No Aplica,No Aplica,No Aplica,No Aplica,No Aplica,VIGENCIA ACTUAL,ENTIDADES TERRITORIALES - SERVICIOS PUBLICOS,NO DEFINIDO,NO DEFINIDO,NO DEFINIDO,128094000.0,125194311.0,2021,Tercer Trimestre,,,,,,,,,,,,,,,,,,,,,,
1952593,20221201,923272885,E.S.P Por Santa Rosa Sostenible S.A.S,2.1.8.04,CONTRIBUCIONES,GASTOS,FUNCIONAMIENTO,"GASTOS POR TRIBUTOS, TASAS, CONTRIBUCIONES, MULTAS, SANCIONES E INTERESES DE MORA",CONTRIBUCIONES,No Aplica,No Aplica,No Aplica,No Aplica,No Aplica,No Aplica,VIGENCIA ACTUAL,ENTIDADES DIFERENTES A ENTIDADES TERRITORIALES - GESTION GENERAL,NO DEFINIDO,NO DEFINIDO,NO DEFINIDO,1200000.0,4175375.0,2022,Cuarto Trimestre,,,,,,,,,,,,,,,,,,,,,,
1953297,20230601,923272885,E.S.P Por Santa Rosa Sostenible S.A.S,2.1.2.02.01.003,"OTROS BIENES TRANSPORTABLES EXCEPTO PRODUCTOS METALICOS, MAQUINARIA Y EQUIPO",GASTOS,FUNCIONAMIENTO,ADQUISICION DE BIENES Y SERVICIOS,ADQUISICIONES DIFERENTES DE ACTIVOS,MATERIALES Y SUMINISTROS,"OTROS BIENES TRANSPORTABLES EXCEPTO PRODUCTOS METALICOS, MAQUINARIA Y EQUIPO",No Aplica,No Aplica,No Aplica,No Aplica,VIGENCIA ACTUAL,ENTIDADES DIFERENTES A ENTIDADES TERRITORIALES - GESTION GENERAL,NO DEFINIDO,NO DEFINIDO,NO APLICA,1800000.0,1800000.0,2023,Segundo Trimestre,,,,,,,,,,,,,,,,,,,,,,
1959576,20210601,923272885,E.S.P Por Santa Rosa Sostenible S.A.S,2.1.1.01.01.001.06,PRIMA DE SERVICIO,GASTOS,FUNCIONAMIENTO,GASTOS DE PERSONAL,PLANTA DE PERSONAL PERMANENTE,FACTORES CONSTITUTIVOS DE SALARIO,FACTORES SALARIALES COMUNES,PRIMA DE SERVICIO,No Aplica,No Aplica,No Aplica,VIGENCIA ACTUAL,ENTIDADES TERRITORIALES - SERVICIOS PUBLICOS,NO DEFINIDO,NO DEFINIDO,NO APLICA,2270000.0,2790000.0,2021,Segundo Trimestre,,,,,,,,,,,,,,,,,,,,,,
1969244,20211201,923272885,E.S.P Por Santa Rosa Sostenible S.A.S,2.1.1.01.02,CONTRIBUCIONES INHERENTES A LA NOMINA,GASTOS,FUNCIONAMIENTO,GASTOS DE PERSONAL,PLANTA DE PERSONAL PERMANENTE,CONTRIBUCIONES INHERENTES A LA NOMINA,No Aplica,No Aplica,No Aplica,No Aplica,No Aplica,VIGENCIA ACTUAL,ENTIDADES TERRITORIALES - SERVICIOS PUBLICOS,NO DEFINIDO,NO DEFINIDO,NO DEFINIDO,15337261.0,27194552.0,2021,Cuarto Trimestre,,,,,,,,,,,,,,,,,,,,,,
1975089,20220901,923272885,E.S.P Por Santa Rosa Sostenible S.A.S,2.1.2.02.01,MATERIALES Y SUMINISTROS,GASTOS,FUNCIONAMIENTO,ADQUISICION DE BIENES Y SERVICIOS,ADQUISICIONES DIFERENTES DE ACTIVOS,MATERIALES Y SUMINISTROS,No Aplica,No Aplica,No Aplica,No Aplica,No Aplica,VIGENCIA ACTUAL,ENTIDADES DIFERENTES A ENTIDADES TERRITORIALES - GESTION GENERAL,NO DEFINIDO,NO DEFINIDO,NO DEFINIDO,525500000.0,561436155.0,2022,Tercer Trimestre,,,,,,,,,,,,,,,,,,,,,,
1976665,20230601,923272885,E.S.P Por Santa Rosa Sostenible S.A.S,2.1.1.01.01.001.01,SUELDO BASICO,GASTOS,FUNCIONAMIENTO,GASTOS DE PERSONAL,PLANTA DE PERSONAL PERMANENTE,FACTORES CONSTITUTIVOS DE SALARIO,FACTORES SALARIALES COMUNES,SUELDO BASICO,No Aplica,No Aplica,No Aplica,VIGENCIA ACTUAL,ENTIDADES DIFERENTES A ENTIDADES TERRITORIALES - GESTION GENERAL,NO DEFINIDO,NO DEFINIDO,NO APLICA,83706000.0,83706000.0,2023,Segundo Trimestre,,,,,,,,,,,,,,,,,,,,,,
1981687,20211201,923272885,E.S.P Por Santa Rosa Sostenible S.A.S,2.1.2.02.01.002,"PRODUCTOS ALIMENTICIOS, BEBIDAS Y TABACO, TEXTILES, PRENDAS DE VESTIR Y PRODUCTOS DE CUERO",GASTOS,FUNCIONAMIENTO,ADQUISICION DE BIENES Y SERVICIOS,ADQUISICIONES DIFERENTES DE ACTIVOS,MATERIALES Y SUMINISTROS,"PRODUCTOS ALIMENTICIOS, BEBIDAS Y TABACO, TEXTILES, PRENDAS DE VESTIR Y PRODUCTOS DE CUERO",No Aplica,No Aplica,No Aplica,No Aplica,VIGENCIA ACTUAL,ENTIDADES TERRITORIALES - SERVICIOS PUBLICOS,NO DEFINIDO,NO DEFINIDO,NO APLICA,600000.0,851000.0,2021,Cuarto Trimestre,,,,,,,,,,,,,,,,,,,,,,
1984560,20230301,923272885,E.S.P Por Santa Rosa Sostenible S.A.S,2.1.1.01.03.001.01,VACACIONES,GASTOS,FUNCIONAMIENTO,GASTOS DE PERSONAL,PLANTA DE PERSONAL PERMANENTE,REMUNERACIONES NO CONSTITUTIVAS DE FACTOR SALARIAL,PRESTACIONES SOCIALES,VACACIONES,No Aplica,No Aplica,No Aplica,VIGENCIA ACTUAL,ENTIDADES DIFERENTES A ENTIDADES TERRITORIALES - GESTION GENERAL,NO DEFINIDO,NO DEFINIDO,NO APLICA,3915000.0,3915000.0,2023,Primer Trimestre,,,,,,,,,,,,,,,,,,,,,,
1990918,20210301,923272885,E.S.P Por Santa Rosa Sostenible S.A.S,2.1.2.01.01.003.03,"MAQUINARIA DE OFICINA, CONTABILIDAD E INFORMATICA",GASTOS,FUNCIONAMIENTO,ADQUISICION DE BIENES Y SERVICIOS,ADQUISICION DE ACTIVOS NO FINANCIEROS,ACTIVOS FIJOS,MAQUINARIA Y EQUIPO,"MAQUINARIA DE OFICINA, CONTABILIDAD E INFORMATICA",No Aplica,No Aplica,No Aplica,VIGENCIA ACTUAL,ENTIDADES TERRITORIALES - SERVICIOS PUBLICOS,NO DEFINIDO,NO DEFINIDO,NO DEFINIDO,16950000.0,14118000.0,2021,Primer Trimestre,,,,,,,,,,,,,,,,,,,,,,
1994608,20210901,923272885,E.S.P Por Santa Rosa Sostenible S.A.S,2.4.5.02.08,SERVICIOS PRESTADOS A LAS EMPRESAS Y SERVICIOS DE PRODUCCION,GASTOS,GASTOS DE OPERACION COMERCIAL,GASTOS DE COMERCIALIZACION Y PRODUCCION,ADQUISICION DE SERVICIOS,SERVICIOS PRESTADOS A LAS EMPRESAS Y SERVICIOS DE PRODUCCION,No Aplica,No Aplica,No Aplica,No Aplica,No Aplica,VIGENCIA ACTUAL,ENTIDADES TERRITORIALES - SERVICIOS PUBLICOS,NO DEFINIDO,NO DEFINIDO,NO APLICA,195100000.0,195100000.0,2021,Tercer Trimestre,,,,,,,,,,,,,,,,,,,,,,
1996250,20220901,923272885,E.S.P Por Santa Rosa Sostenible S.A.S,2,GASTOS,GASTOS,No Aplica,No Aplica,No Aplica,No Aplica,No Aplica,No Aplica,No Aplica,No Aplica,No Aplica,VIGENCIA ACTUAL,ENTIDADES DIFERENTES A ENTIDADES TERRITORIALES - GESTION GENERAL,NO DEFINIDO,NO DEFINIDO,NO DEFINIDO,2740000000.0,2953925382.0,2022,Tercer Trimestre,,,,,,,,,,,,,,,,,,,,,,
2000269,20230601,923272885,E.S.P Por Santa Rosa Sostenible S.A.S,2.1.2.01,ADQUISICION DE ACTIVOS NO FINANCIEROS,GASTOS,FUNCIONAMIENTO,ADQUISICION DE BIENES Y SERVICIOS,ADQUISICION DE ACTIVOS NO FINANCIEROS,No Aplica,No Aplica,No Aplica,No Aplica,No Aplica,No Aplica,VIGENCIA ACTUAL,ENTIDADES DIFERENTES A ENTIDADES TERRITORIALES - GESTION GENERAL,NO DEFINIDO,NO DEFINIDO,NO DEFINIDO,15000000.0,14360000.0,2023,Segundo Trimestre,,,,,,,,,,,,,,,,,,,,,,
2004581,20220301,923272885,E.S.P Por Santa Rosa Sostenible S.A.S,2.1.2.02.01.001,"MINERALES, ELECTRICIDAD, GAS Y AGUA",GASTOS,FUNCIONAMIENTO,ADQUISICION DE BIENES Y SERVICIOS,ADQUISICIONES DIFERENTES DE ACTIVOS,MATERIALES Y SUMINISTROS,"MINERALES, ELECTRICIDAD, GAS Y AGUA",No Aplica,No Aplica,No Aplica,No Aplica,VIGENCIA ACTUAL,ENTIDADES DIFERENTES A ENTIDADES TERRITORIALES - GESTION GENERAL,NO DEFINIDO,NO DEFINIDO,NO APLICA,510000000.0,551342975.0,2022,Primer Trimestre,,,,,,,,,,,,,,,,,,,,,,
2004756,20210301,923272885,E.S.P Por Santa Rosa Sostenible S.A.S,2.1.1.01.01.001.06,PRIMA DE SERVICIO,GASTOS,FUNCIONAMIENTO,GASTOS DE PERSONAL,PLANTA DE PERSONAL PERMANENTE,FACTORES CONSTITUTIVOS DE SALARIO,FACTORES SALARIALES COMUNES,PRIMA DE SERVICIO,No Aplica,No Aplica,No Aplica,VIGENCIA ACTUAL,ENTIDADES TERRITORIALES - SERVICIOS PUBLICOS,NO DEFINIDO,NO DEFINIDO,NO APLICA,2270000.0,2790000.0,2021,Primer Trimestre,,,,,,,,,,,,,,,,,,,,,,
2128676,20220301,923272885,E.S.P Por Santa Rosa Sostenible S.A.S,2.99,INVERSIÓN CONSOLIDADA,GASTOS,INVERSIÓN CONSOLIDADA,No Aplica,No Aplica,No Aplica,No Aplica,No Aplica,No Aplica,No Aplica,No Aplica,VIGENCIA ACTUAL,ENTIDADES DIFERENTES A ENTIDADES TERRITORIALES - GESTION GENERAL,NO DEFINIDO,NO DEFINIDO,NO APLICA,30000000.0,30430000.0,2022,Primer Trimestre,,,,,,,,,,,,,,,,,,,,,,
2380281,20211201,923272885,E.S.P Por Santa Rosa Sostenible S.A.S,2.99,INVERSIÓN CONSOLIDADA,GASTOS,INVERSIÓN CONSOLIDADA,No Aplica,No Aplica,No Aplica,No Aplica,No Aplica,No Aplica,No Aplica,No Aplica,VIGENCIA ACTUAL,ENTIDADES TERRITORIALES - SERVICIOS PUBLICOS,NO DEFINIDO,NO DEFINIDO,NO APLICA,0.0,195952400.0,2021,Cuarto Trimestre,,,,,,,,,,,,,,,,,,,,,,
2741435,20230601,923272885,E.S.P Por Santa Rosa Sostenible S.A.S,2.99,INVERSIÓN CONSOLIDADA,GASTOS,INVERSIÓN CONSOLIDADA,No Aplica,No Aplica,No Aplica,No Aplica,No Aplica,No Aplica,No Aplica,No Aplica,VIGENCIA ACTUAL,ENTIDADES DIFERENTES A ENTIDADES TERRITORIALES - GESTION GENERAL,NO DEFINIDO,NO DEFINIDO,NO APLICA,400000.0,648164.0,2023,Segundo Trimestre,,,,,,,,,,,,,,,,,,,,,,
3567897,20221201,923272885,E.S.P Por Santa Rosa Sostenible S.A.S,2.99,INVERSIÓN CONSOLIDADA,GASTOS,INVERSIÓN CONSOLIDADA,No Aplica,No Aplica,No Aplica,No Aplica,No Aplica,No Aplica,No Aplica,No Aplica,VIGENCIA ACTUAL,ENTIDADES DIFERENTES A ENTIDADES TERRITORIALES - GESTION GENERAL,NO DEFINIDO,NO DEFINIDO,NO APLICA,30000000.0,30430000.0,2022,Cuarto Trimestre,,,,,,,,,,,,,,,,,,,,,,
3571589,20230301,923272885,E.S.P Por Santa Rosa Sostenible S.A.S,2.99,INVERSIÓN CONSOLIDADA,GASTOS,INVERSIÓN CONSOLIDADA,No Aplica,No Aplica,No Aplica,No Aplica,No Aplica,No Aplica,No Aplica,No Aplica,VIGENCIA ACTUAL,ENTIDADES DIFERENTES A ENTIDADES TERRITORIALES - GESTION GENERAL,NO DEFINIDO,NO DEFINIDO,NO APLICA,400000.0,400000.0,2023,Primer Trimestre,,,,,,,,,,,,,,,,,,,,,,
3989065,20210301,923272885,E.S.P Por Santa Rosa Sostenible S.A.S,2.99,INVERSIÓN CONSOLIDADA,GASTOS,INVERSIÓN CONSOLIDADA,No Aplica,No Aplica,No Aplica,No Aplica,No Aplica,No Aplica,No Aplica,No Aplica,VIGENCIA ACTUAL,ENTIDADES TERRITORIALES - SERVICIOS PUBLICOS,NO DEFINIDO,NO DEFINIDO,NO APLICA,2099145140.0,2099145140.0,2021,Primer Trimestre,,,,,,,,,,,,,,,,,,,,,,
4152282,20220901,923272885,E.S.P Por Santa Rosa Sostenible S.A.S,2.99,INVERSIÓN CONSOLIDADA,GASTOS,INVERSIÓN CONSOLIDADA,No Aplica,No Aplica,No Aplica,No Aplica,No Aplica,No Aplica,No Aplica,No Aplica,VIGENCIA ACTUAL,ENTIDADES DIFERENTES A ENTIDADES TERRITORIALES - GESTION GENERAL,NO DEFINIDO,NO DEFINIDO,NO APLICA,30000000.0,30430000.0,2022,Tercer Trimestre,,,,,,,,,,,,,,,,,,,,,,
4383436,20230901,923272885,E.S.P Por Santa Rosa Sostenible S.A.S,2.99,INVERSIÓN CONSOLIDADA,GASTOS,INVERSIÓN CONSOLIDADA,No Aplica,No Aplica,No Aplica,No Aplica,No Aplica,No Aplica,No Aplica,No Aplica,VIGENCIA ACTUAL,ENTIDADES DIFERENTES A ENTIDADES TERRITORIALES - GESTION GENERAL,NO DEFINIDO,NO DEFINIDO,NO APLICA,400000.0,1648164.0,2023,Tercer Trimestre,,,,,,,,,,,,,,,,,,,,,,
4383796,20230901,923272885,E.S.P Por Santa Rosa Sostenible S.A.S,2.1.1.01.02,CONTRIBUCIONES INHERENTES A LA NOMINA,GASTOS,FUNCIONAMIENTO,GASTOS DE PERSONAL,PLANTA DE PERSONAL PERMANENTE,CONTRIBUCIONES INHERENTES A LA NOMINA,No Aplica,No Aplica,No Aplica,No Aplica,No Aplica,VIGENCIA ACTUAL,ENTIDADES DIFERENTES A ENTIDADES TERRITORIALES - GESTION GENERAL,NO DEFINIDO,NO DEFINIDO,NO DEFINIDO,23620000.0,21369967.0,2023,Tercer Trimestre,,,,,,,,,,,,,,,,,,,,,,
4392924,20230901,923272885,E.S.P Por Santa Rosa Sostenible S.A.S,2.1.1.01.01.001.05,AUXILIO DE TRANSPORTE,GASTOS,FUNCIONAMIENTO,GASTOS DE PERSONAL,PLANTA DE PERSONAL PERMANENTE,FACTORES CONSTITUTIVOS DE SALARIO,FACTORES SALARIALES COMUNES,AUXILIO DE TRANSPORTE,No Aplica,No Aplica,No Aplica,VIGENCIA ACTUAL,ENTIDADES DIFERENTES A ENTIDADES TERRITORIALES - GESTION GENERAL,NO DEFINIDO,NO DEFINIDO,NO APLICA,3178000.0,3178000.0,2023,Tercer Trimestre,,,,,,,,,,,,,,,,,,,,,,
4400576,20230901,923272885,E.S.P Por Santa Rosa Sostenible S.A.S,2,GASTOS,GASTOS,No Aplica,No Aplica,No Aplica,No Aplica,No Aplica,No Aplica,No Aplica,No Aplica,No Aplica,VIGENCIA ACTUAL,ENTIDADES DIFERENTES A ENTIDADES TERRITORIALES - GESTION GENERAL,NO DEFINIDO,NO DEFINIDO,NO DEFINIDO,2777264000.0,3617269500.0,2023,Tercer Trimestre,,,,,,,,,,,,,,,,,,,,,,
4409811,20230901,923272885,E.S.P Por Santa Rosa Sostenible S.A.S,2.1.2.01.01.003,MAQUINARIA Y EQUIPO,GASTOS,FUNCIONAMIENTO,ADQUISICION DE BIENES Y SERVICIOS,ADQUISICION DE ACTIVOS NO FINANCIEROS,ACTIVOS FIJOS,MAQUINARIA Y EQUIPO,No Aplica,No Aplica,No Aplica,No Aplica,VIGENCIA ACTUAL,ENTIDADES DIFERENTES A ENTIDADES TERRITORIALES - GESTION GENERAL,NO DEFINIDO,NO DEFINIDO,NO DEFINIDO,15000000.0,14145000.0,2023,Tercer Trimestre,,,,,,,,,,,,,,,,,,,,,,
4420638,20230901,923272885,E.S.P Por Santa Rosa Sostenible S.A.S,2.1.1.01,PLANTA DE PERSONAL PERMANENTE,GASTOS,FUNCIONAMIENTO,GASTOS DE PERSONAL,PLANTA DE PERSONAL PERMANENTE,No Aplica,No Aplica,No Aplica,No Aplica,No Aplica,No Aplica,VIGENCIA ACTUAL,ENTIDADES DIFERENTES A ENTIDADES TERRITORIALES - GESTION GENERAL,NO DEFINIDO,NO DEFINIDO,NO DEFINIDO,135486000.0,137202836.0,2023,Tercer Trimestre,,,,,,,,,,,,,,,,,,,,,,
4424093,20230901,923272885,E.S.P Por Santa Rosa Sostenible S.A.S,2.1.8.04.01,CUOTA DE FISCALIZACION Y AUDITAJE,GASTOS,FUNCIONAMIENTO,"GASTOS POR TRIBUTOS, TASAS, CONTRIBUCIONES, MULTAS, SANCIONES E INTERESES DE MORA",CONTRIBUCIONES,CUOTA DE FISCALIZACION Y AUDITAJE,No Aplica,No Aplica,No Aplica,No Aplica,No Aplica,VIGENCIA ACTUAL,ENTIDADES DIFERENTES A ENTIDADES TERRITORIALES - GESTION GENERAL,NO DEFINIDO,NO DEFINIDO,NO APLICA,4175375.0,5861709.0,2023,Tercer Trimestre,,,,,,,,,,,,,,,,,,,,,,
4446017,20230901,923272885,E.S.P Por Santa Rosa Sostenible S.A.S,2.1.8.01.53,IMPUESTO DE REGISTRO,GASTOS,FUNCIONAMIENTO,"GASTOS POR TRIBUTOS, TASAS, CONTRIBUCIONES, MULTAS, SANCIONES E INTERESES DE MORA",IMPUESTOS,IMPUESTO DE REGISTRO,No Aplica,No Aplica,No Aplica,No Aplica,No Aplica,VIGENCIA ACTUAL,ENTIDADES DIFERENTES A ENTIDADES TERRITORIALES - GESTION GENERAL,NO DEFINIDO,NO DEFINIDO,NO APLICA,2406000.0,2406000.0,2023,Tercer Trimestre,,,,,,,,,,,,,,,,,,,,,,
4453172,20230901,923272885,E.S.P Por Santa Rosa Sostenible S.A.S,2.1.1.01.01.001.07,BONIFICACION POR SERVICIOS PRESTADOS,GASTOS,FUNCIONAMIENTO,GASTOS DE PERSONAL,PLANTA DE PERSONAL PERMANENTE,FACTORES CONSTITUTIVOS DE SALARIO,FACTORES SALARIALES COMUNES,BONIFICACION POR SERVICIOS PRESTADOS,No Aplica,No Aplica,No Aplica,VIGENCIA ACTUAL,ENTIDADES DIFERENTES A ENTIDADES TERRITORIALES - GESTION GENERAL,NO DEFINIDO,NO DEFINIDO,NO APLICA,2441000.0,2091429.0,2023,Tercer Trimestre,,,,,,,,,,,,,,,,,,,,,,
4461626,20230901,923272885,E.S.P Por Santa Rosa Sostenible S.A.S,2.1.8.05.01,MULTAS Y SANCIONES,GASTOS,FUNCIONAMIENTO,"GASTOS POR TRIBUTOS, TASAS, CONTRIBUCIONES, MULTAS, SANCIONES E INTERESES DE MORA","MULTAS, SANCIONES E INTERESES DE MORA",MULTAS Y SANCIONES,No Aplica,No Aplica,No Aplica,No Aplica,No Aplica,VIGENCIA ACTUAL,ENTIDADES DIFERENTES A ENTIDADES TERRITORIALES - GESTION GENERAL,NO DEFINIDO,NO DEFINIDO,NO DEFINIDO,0.0,424000.0,2023,Tercer Trimestre,,,,,,,,,,,,,,,,,,,,,,
4464135,20230901,923272885,E.S.P Por Santa Rosa Sostenible S.A.S,2.1.8,"GASTOS POR TRIBUTOS, TASAS, CONTRIBUCIONES, MULTAS, SANCIONES E INTERESES DE MORA",GASTOS,FUNCIONAMIENTO,"GASTOS POR TRIBUTOS, TASAS, CONTRIBUCIONES, MULTAS, SANCIONES E INTERESES DE MORA",No Aplica,No Aplica,No Aplica,No Aplica,No Aplica,No Aplica,No Aplica,VIGENCIA ACTUAL,ENTIDADES DIFERENTES A ENTIDADES TERRITORIALES - GESTION GENERAL,NO DEFINIDO,NO DEFINIDO,NO DEFINIDO,11453600.0,13850934.0,2023,Tercer Trimestre,,,,,,,,,,,,,,,,,,,,,,
4485617,20230901,923272885,E.S.P Por Santa Rosa Sostenible S.A.S,2.1.2.02.01,MATERIALES Y SUMINISTROS,GASTOS,FUNCIONAMIENTO,ADQUISICION DE BIENES Y SERVICIOS,ADQUISICIONES DIFERENTES DE ACTIVOS,MATERIALES Y SUMINISTROS,No Aplica,No Aplica,No Aplica,No Aplica,No Aplica,VIGENCIA ACTUAL,ENTIDADES DIFERENTES A ENTIDADES TERRITORIALES - GESTION GENERAL,NO DEFINIDO,NO DEFINIDO,NO DEFINIDO,602845000.0,789556453.0,2023,Tercer Trimestre,,,,,,,,,,,,,,,,,,,,,,
4492080,20230901,923272885,E.S.P Por Santa Rosa Sostenible S.A.S,2.1.8.01.14,GRAVAMEN A LOS MOVIMIENTOS FINANCIEROS,GASTOS,FUNCIONAMIENTO,"GASTOS POR TRIBUTOS, TASAS, CONTRIBUCIONES, MULTAS, SANCIONES E INTERESES DE MORA",IMPUESTOS,GRAVAMEN A LOS MOVIMIENTOS FINANCIEROS,No Aplica,No Aplica,No Aplica,No Aplica,No Aplica,VIGENCIA ACTUAL,ENTIDADES DIFERENTES A ENTIDADES TERRITORIALES - GESTION GENERAL,NO DEFINIDO,NO DEFINIDO,NO APLICA,4872225.0,4872225.0,2023,Tercer Trimestre,,,,,,,,,,,,,,,,,,,,,,
4493274,20230901,923272885,E.S.P Por Santa Rosa Sostenible S.A.S,2.1.1.01.03,REMUNERACIONES NO CONSTITUTIVAS DE FACTOR SALARIAL,GASTOS,FUNCIONAMIENTO,GASTOS DE PERSONAL,PLANTA DE PERSONAL PERMANENTE,REMUNERACIONES NO CONSTITUTIVAS DE FACTOR SALARIAL,No Aplica,No Aplica,No Aplica,No Aplica,No Aplica,VIGENCIA ACTUAL,ENTIDADES DIFERENTES A ENTIDADES TERRITORIALES - GESTION GENERAL,NO DEFINIDO,NO DEFINIDO,NO DEFINIDO,4380000.0,6916629.0,2023,Tercer Trimestre,,,,,,,,,,,,,,,,,,,,,,
4503065,20230901,923272885,E.S.P Por Santa Rosa Sostenible S.A.S,2.1.2.02.01.001,"MINERALES, ELECTRICIDAD, GAS Y AGUA",GASTOS,FUNCIONAMIENTO,ADQUISICION DE BIENES Y SERVICIOS,ADQUISICIONES DIFERENTES DE ACTIVOS,MATERIALES Y SUMINISTROS,"MINERALES, ELECTRICIDAD, GAS Y AGUA",No Aplica,No Aplica,No Aplica,No Aplica,VIGENCIA ACTUAL,ENTIDADES DIFERENTES A ENTIDADES TERRITORIALES - GESTION GENERAL,NO DEFINIDO,NO DEFINIDO,NO APLICA,601045000.0,787086453.0,2023,Tercer Trimestre,,,,,,,,,,,,,,,,,,,,,,
4510671,20230901,923272885,E.S.P Por Santa Rosa Sostenible S.A.S,2.1.2.01.01.003.03.02,"MAQUINARIA DE INFORMATICA Y SUS PARTES, PIEZAS Y ACCESORIOS",GASTOS,FUNCIONAMIENTO,ADQUISICION DE BIENES Y SERVICIOS,ADQUISICION DE ACTIVOS NO FINANCIEROS,ACTIVOS FIJOS,MAQUINARIA Y EQUIPO,"MAQUINARIA DE OFICINA, CONTABILIDAD E INFORMATICA","MAQUINARIA DE INFORMATICA Y SUS PARTES, PIEZAS Y ACCESORIOS",No Aplica,No Aplica,VIGENCIA ACTUAL,ENTIDADES DIFERENTES A ENTIDADES TERRITORIALES - GESTION GENERAL,NO DEFINIDO,NO DEFINIDO,NO APLICA,15000000.0,14145000.0,2023,Tercer Trimestre,,,,,,,,,,,,,,,,,,,,,,
4512730,20230901,923272885,E.S.P Por Santa Rosa Sostenible S.A.S,2.1.1.01.01.001.06,PRIMA DE SERVICIO,GASTOS,FUNCIONAMIENTO,GASTOS DE PERSONAL,PLANTA DE PERSONAL PERMANENTE,FACTORES CONSTITUTIVOS DE SALARIO,FACTORES SALARIALES COMUNES,PRIMA DE SERVICIO,No Aplica,No Aplica,No Aplica,VIGENCIA ACTUAL,ENTIDADES DIFERENTES A ENTIDADES TERRITORIALES - GESTION GENERAL,NO DEFINIDO,NO DEFINIDO,NO APLICA,3620000.0,3398371.0,2023,Tercer Trimestre,,,,,,,,,,,,,,,,,,,,,,
4520026,20230901,923272885,E.S.P Por Santa Rosa Sostenible S.A.S,2.1.1.01.01.001,FACTORES SALARIALES COMUNES,GASTOS,FUNCIONAMIENTO,GASTOS DE PERSONAL,PLANTA DE PERSONAL PERMANENTE,FACTORES CONSTITUTIVOS DE SALARIO,FACTORES SALARIALES COMUNES,No Aplica,No Aplica,No Aplica,No Aplica,VIGENCIA ACTUAL,ENTIDADES DIFERENTES A ENTIDADES TERRITORIALES - GESTION GENERAL,NO DEFINIDO,NO DEFINIDO,NO DEFINIDO,107486000.0,108916240.0,2023,Tercer Trimestre,,,,,,,,,,,,,,,,,,,,,,
4522030,20230901,923272885,E.S.P Por Santa Rosa Sostenible S.A.S,2.1.2.01.01,ACTIVOS FIJOS,GASTOS,FUNCIONAMIENTO,ADQUISICION DE BIENES Y SERVICIOS,ADQUISICION DE ACTIVOS NO FINANCIEROS,ACTIVOS FIJOS,No Aplica,No Aplica,No Aplica,No Aplica,No Aplica,VIGENCIA ACTUAL,ENTIDADES DIFERENTES A ENTIDADES TERRITORIALES - GESTION GENERAL,NO DEFINIDO,NO DEFINIDO,NO DEFINIDO,15000000.0,14145000.0,2023,Tercer Trimestre,,,,,,,,,,,,,,,,,,,,,,
4529856,20230901,923272885,E.S.P Por Santa Rosa Sostenible S.A.S,2.1.2.01,ADQUISICION DE ACTIVOS NO FINANCIEROS,GASTOS,FUNCIONAMIENTO,ADQUISICION DE BIENES Y SERVICIOS,ADQUISICION DE ACTIVOS NO FINANCIEROS,No Aplica,No Aplica,No Aplica,No Aplica,No Aplica,No Aplica,VIGENCIA ACTUAL,ENTIDADES DIFERENTES A ENTIDADES TERRITORIALES - GESTION GENERAL,NO DEFINIDO,NO DEFINIDO,NO DEFINIDO,15000000.0,14145000.0,2023,Tercer Trimestre,,,,,,,,,,,,,,,,,,,,,,
4534816,20230901,923272885,E.S.P Por Santa Rosa Sostenible S.A.S,2.1.2.02.02.007,SERVICIOS FINANCIEROS Y SERVICIOS CONEXOS; SERVICIOS INMOBILIARIOS; Y SERVICIOS DE ARRENDAMIENTO Y LEASING,GASTOS,FUNCIONAMIENTO,ADQUISICION DE BIENES Y SERVICIOS,ADQUISICIONES DIFERENTES DE ACTIVOS,ADQUISICION DE SERVICIOS,SERVICIOS FINANCIEROS Y SERVICIOS CONEXOS; SERVICIOS INMOBILIARIOS; Y SERVICIOS DE ARRENDAMIENTO Y LEASING,No Aplica,No Aplica,No Aplica,No Aplica,VIGENCIA ACTUAL,ENTIDADES DIFERENTES A ENTIDADES TERRITORIALES - GESTION GENERAL,NO DEFINIDO,NO DEFINIDO,NO APLICA,23267180.0,13927546.0,2023,Tercer Trimestre,,,,,,,,,,,,,,,,,,,,,,
4549059,20230901,923272885,E.S.P Por Santa Rosa Sostenible S.A.S,2.1.2.02.02.006,"COMERCIO Y DISTRIBUCION; ALOJAMIENTO; SERVICIOS DE SUMINISTRO DE COMIDAS Y BEBIDAS; SERVICIOS DE TRANSPORTE; Y SERVICIOS DE DISTRIBUCION DE ELECTRICIDAD, GAS Y AGUA",GASTOS,FUNCIONAMIENTO,ADQUISICION DE BIENES Y SERVICIOS,ADQUISICIONES DIFERENTES DE ACTIVOS,ADQUISICION DE SERVICIOS,"COMERCIO Y DISTRIBUCION; ALOJAMIENTO; SERVICIOS DE SUMINISTRO DE COMIDAS Y BEBIDAS; SERVICIOS DE TRANSPORTE; Y SERVICIOS DE DISTRIBUCION DE ELECTRICIDAD, GAS Y AGUA",No Aplica,No Aplica,No Aplica,No Aplica,VIGENCIA ACTUAL,ENTIDADES DIFERENTES A ENTIDADES TERRITORIALES - GESTION GENERAL,NO DEFINIDO,NO DEFINIDO,NO APLICA,2600000.0,6578300.0,2023,Tercer Trimestre,,,,,,,,,,,,,,,,,,,,,,
4549364,20230901,923272885,E.S.P Por Santa Rosa Sostenible S.A.S,2.1.2,ADQUISICION DE BIENES Y SERVICIOS,GASTOS,FUNCIONAMIENTO,ADQUISICION DE BIENES Y SERVICIOS,No Aplica,No Aplica,No Aplica,No Aplica,No Aplica,No Aplica,No Aplica,VIGENCIA ACTUAL,ENTIDADES DIFERENTES A ENTIDADES TERRITORIALES - GESTION GENERAL,NO DEFINIDO,NO DEFINIDO,NO DEFINIDO,2629924400.0,3464567566.0,2023,Tercer Trimestre,,,,,,,,,,,,,,,,,,,,,,
4549628,20230901,923272885,E.S.P Por Santa Rosa Sostenible S.A.S,2.1.1.01.02.005,APORTES GENERALES AL SISTEMA DE RIESGOS LABORALES,GASTOS,FUNCIONAMIENTO,GASTOS DE PERSONAL,PLANTA DE PERSONAL PERMANENTE,CONTRIBUCIONES INHERENTES A LA NOMINA,APORTES GENERALES AL SISTEMA DE RIESGOS LABORALES,No Aplica,No Aplica,No Aplica,No Aplica,VIGENCIA ACTUAL,ENTIDADES DIFERENTES A ENTIDADES TERRITORIALES - GESTION GENERAL,NO DEFINIDO,NO DEFINIDO,NO APLICA,437000.0,437000.0,2023,Tercer Trimestre,,,,,,,,,,,,,,,,,,,,,,
4556919,20230901,923272885,E.S.P Por Santa Rosa Sostenible S.A.S,2.1.1.01.02.004,APORTES A CAJAS DE COMPENSACION FAMILIAR,GASTOS,FUNCIONAMIENTO,GASTOS DE PERSONAL,PLANTA DE PERSONAL PERMANENTE,CONTRIBUCIONES INHERENTES A LA NOMINA,APORTES A CAJAS DE COMPENSACION FAMILIAR,No Aplica,No Aplica,No Aplica,No Aplica,VIGENCIA ACTUAL,ENTIDADES DIFERENTES A ENTIDADES TERRITORIALES - GESTION GENERAL,NO DEFINIDO,NO DEFINIDO,NO APLICA,3348000.0,3348000.0,2023,Tercer Trimestre,,,,,,,,,,,,,,,,,,,,,,
4560940,20230901,923272885,E.S.P Por Santa Rosa Sostenible S.A.S,2.1.1.01.01,FACTORES CONSTITUTIVOS DE SALARIO,GASTOS,FUNCIONAMIENTO,GASTOS DE PERSONAL,PLANTA DE PERSONAL PERMANENTE,FACTORES CONSTITUTIVOS DE SALARIO,No Aplica,No Aplica,No Aplica,No Aplica,No Aplica,VIGENCIA ACTUAL,ENTIDADES DIFERENTES A ENTIDADES TERRITORIALES - GESTION GENERAL,NO DEFINIDO,NO DEFINIDO,NO DEFINIDO,107486000.0,108916240.0,2023,Tercer Trimestre,,,,,,,,,,,,,,,,,,,,,,
4574696,20230901,923272885,E.S.P Por Santa Rosa Sostenible S.A.S,2.1.1.01.03.001.01,VACACIONES,GASTOS,FUNCIONAMIENTO,GASTOS DE PERSONAL,PLANTA DE PERSONAL PERMANENTE,REMUNERACIONES NO CONSTITUTIVAS DE FACTOR SALARIAL,PRESTACIONES SOCIALES,VACACIONES,No Aplica,No Aplica,No Aplica,VIGENCIA ACTUAL,ENTIDADES DIFERENTES A ENTIDADES TERRITORIALES - GESTION GENERAL,NO DEFINIDO,NO DEFINIDO,NO APLICA,3915000.0,6351629.0,2023,Tercer Trimestre,,,,,,,,,,,,,,,,,,,,,,
4588679,20230901,923272885,E.S.P Por Santa Rosa Sostenible S.A.S,2.1.8.01,IMPUESTOS,GASTOS,FUNCIONAMIENTO,"GASTOS POR TRIBUTOS, TASAS, CONTRIBUCIONES, MULTAS, SANCIONES E INTERESES DE MORA",IMPUESTOS,No Aplica,No Aplica,No Aplica,No Aplica,No Aplica,No Aplica,VIGENCIA ACTUAL,ENTIDADES DIFERENTES A ENTIDADES TERRITORIALES - GESTION GENERAL,NO DEFINIDO,NO DEFINIDO,NO DEFINIDO,7278225.0,7278225.0,2023,Tercer Trimestre,,,,,,,,,,,,,,,,,,,,,,
4600641,20230901,923272885,E.S.P Por Santa Rosa Sostenible S.A.S,2.1.2.02.01.004,PRODUCTOS METALICOS Y PAQUETES DE SOFTWARE,GASTOS,FUNCIONAMIENTO,ADQUISICION DE BIENES Y SERVICIOS,ADQUISICIONES DIFERENTES DE ACTIVOS,MATERIALES Y SUMINISTROS,PRODUCTOS METALICOS Y PAQUETES DE SOFTWARE,No Aplica,No Aplica,No Aplica,No Aplica,VIGENCIA ACTUAL,ENTIDADES DIFERENTES A ENTIDADES TERRITORIALES - GESTION GENERAL,NO DEFINIDO,NO DEFINIDO,NO APLICA,0.0,270000.0,2023,Tercer Trimestre,,,,,,,,,,,,,,,,,,,,,,
4620512,20230901,923272885,E.S.P Por Santa Rosa Sostenible S.A.S,2.1.2.02,ADQUISICIONES DIFERENTES DE ACTIVOS,GASTOS,FUNCIONAMIENTO,ADQUISICION DE BIENES Y SERVICIOS,ADQUISICIONES DIFERENTES DE ACTIVOS,No Aplica,No Aplica,No Aplica,No Aplica,No Aplica,No Aplica,VIGENCIA ACTUAL,ENTIDADES DIFERENTES A ENTIDADES TERRITORIALES - GESTION GENERAL,NO DEFINIDO,NO DEFINIDO,NO DEFINIDO,2614924400.0,3450422566.0,2023,Tercer Trimestre,,,,,,,,,,,,,,,,,,,,,,
4633551,20230901,923272885,E.S.P Por Santa Rosa Sostenible S.A.S,2.1.1.01.02.002,APORTES A LA SEGURIDAD SOCIAL EN SALUD,GASTOS,FUNCIONAMIENTO,GASTOS DE PERSONAL,PLANTA DE PERSONAL PERMANENTE,CONTRIBUCIONES INHERENTES A LA NOMINA,APORTES A LA SEGURIDAD SOCIAL EN SALUD,No Aplica,No Aplica,No Aplica,No Aplica,VIGENCIA ACTUAL,ENTIDADES DIFERENTES A ENTIDADES TERRITORIALES - GESTION GENERAL,NO DEFINIDO,NO DEFINIDO,NO APLICA,0.0,331560.0,2023,Tercer Trimestre,,,,,,,,,,,,,,,,,,,,,,
4640767,20230901,923272885,E.S.P Por Santa Rosa Sostenible S.A.S,2.1.1.01.03.001.03,BONIFICACION ESPECIAL DE RECREACION,GASTOS,FUNCIONAMIENTO,GASTOS DE PERSONAL,PLANTA DE PERSONAL PERMANENTE,REMUNERACIONES NO CONSTITUTIVAS DE FACTOR SALARIAL,PRESTACIONES SOCIALES,BONIFICACION ESPECIAL DE RECREACION,No Aplica,No Aplica,No Aplica,VIGENCIA ACTUAL,ENTIDADES DIFERENTES A ENTIDADES TERRITORIALES - GESTION GENERAL,NO DEFINIDO,NO DEFINIDO,NO APLICA,465000.0,565000.0,2023,Tercer Trimestre,,,,,,,,,,,,,,,,,,,,,,
4643479,20230901,923272885,E.S.P Por Santa Rosa Sostenible S.A.S,2.1.2.02.01.003,"OTROS BIENES TRANSPORTABLES EXCEPTO PRODUCTOS METALICOS, MAQUINARIA Y EQUIPO",GASTOS,FUNCIONAMIENTO,ADQUISICION DE BIENES Y SERVICIOS,ADQUISICIONES DIFERENTES DE ACTIVOS,MATERIALES Y SUMINISTROS,"OTROS BIENES TRANSPORTABLES EXCEPTO PRODUCTOS METALICOS, MAQUINARIA Y EQUIPO",No Aplica,No Aplica,No Aplica,No Aplica,VIGENCIA ACTUAL,ENTIDADES DIFERENTES A ENTIDADES TERRITORIALES - GESTION GENERAL,NO DEFINIDO,NO DEFINIDO,NO APLICA,1800000.0,2200000.0,2023,Tercer Trimestre,,,,,,,,,,,,,,,,,,,,,,
4646920,20230901,923272885,E.S.P Por Santa Rosa Sostenible S.A.S,2.1.1.01.02.006,APORTES AL ICBF,GASTOS,FUNCIONAMIENTO,GASTOS DE PERSONAL,PLANTA DE PERSONAL PERMANENTE,CONTRIBUCIONES INHERENTES A LA NOMINA,APORTES AL ICBF,No Aplica,No Aplica,No Aplica,No Aplica,VIGENCIA ACTUAL,ENTIDADES DIFERENTES A ENTIDADES TERRITORIALES - GESTION GENERAL,NO DEFINIDO,NO DEFINIDO,NO APLICA,0.0,117000.0,2023,Tercer Trimestre,,,,,,,,,,,,,,,,,,,,,,
4661356,20230901,923272885,E.S.P Por Santa Rosa Sostenible S.A.S,2.1.8.05.02,INTERESES DE MORA,GASTOS,FUNCIONAMIENTO,"GASTOS POR TRIBUTOS, TASAS, CONTRIBUCIONES, MULTAS, SANCIONES E INTERESES DE MORA","MULTAS, SANCIONES E INTERESES DE MORA",INTERESES DE MORA,No Aplica,No Aplica,No Aplica,No Aplica,No Aplica,VIGENCIA ACTUAL,ENTIDADES DIFERENTES A ENTIDADES TERRITORIALES - GESTION GENERAL,NO DEFINIDO,NO DEFINIDO,NO APLICA,0.0,287000.0,2023,Tercer Trimestre,,,,,,,,,,,,,,,,,,,,,,
4669531,20230901,923272885,E.S.P Por Santa Rosa Sostenible S.A.S,2.1,FUNCIONAMIENTO,GASTOS,FUNCIONAMIENTO,No Aplica,No Aplica,No Aplica,No Aplica,No Aplica,No Aplica,No Aplica,No Aplica,VIGENCIA ACTUAL,ENTIDADES DIFERENTES A ENTIDADES TERRITORIALES - GESTION GENERAL,NO DEFINIDO,NO DEFINIDO,NO DEFINIDO,2776864000.0,3615621336.0,2023,Tercer Trimestre,,,,,,,,,,,,,,,,,,,,,,
4679455,20230901,923272885,E.S.P Por Santa Rosa Sostenible S.A.S,2.1.2.01.01.003.03,"MAQUINARIA DE OFICINA, CONTABILIDAD E INFORMATICA",GASTOS,FUNCIONAMIENTO,ADQUISICION DE BIENES Y SERVICIOS,ADQUISICION DE ACTIVOS NO FINANCIEROS,ACTIVOS FIJOS,MAQUINARIA Y EQUIPO,"MAQUINARIA DE OFICINA, CONTABILIDAD E INFORMATICA",No Aplica,No Aplica,No Aplica,VIGENCIA ACTUAL,ENTIDADES DIFERENTES A ENTIDADES TERRITORIALES - GESTION GENERAL,NO DEFINIDO,NO DEFINIDO,NO DEFINIDO,15000000.0,14145000.0,2023,Tercer Trimestre,,,,,,,,,,,,,,,,,,,,,,
4680127,20230901,923272885,E.S.P Por Santa Rosa Sostenible S.A.S,2.1.8.05.01.004,SANCIONES ADMINISTRATIVAS,GASTOS,FUNCIONAMIENTO,"GASTOS POR TRIBUTOS, TASAS, CONTRIBUCIONES, MULTAS, SANCIONES E INTERESES DE MORA","MULTAS, SANCIONES E INTERESES DE MORA",MULTAS Y SANCIONES,SANCIONES ADMINISTRATIVAS,No Aplica,No Aplica,No Aplica,No Aplica,VIGENCIA ACTUAL,ENTIDADES DIFERENTES A ENTIDADES TERRITORIALES - GESTION GENERAL,NO DEFINIDO,NO DEFINIDO,NO APLICA,0.0,424000.0,2023,Tercer Trimestre,,,,,,,,,,,,,,,,,,,,,,
4682600,20230901,923272885,E.S.P Por Santa Rosa Sostenible S.A.S,2.1.8.05,"MULTAS, SANCIONES E INTERESES DE MORA",GASTOS,FUNCIONAMIENTO,"GASTOS POR TRIBUTOS, TASAS, CONTRIBUCIONES, MULTAS, SANCIONES E INTERESES DE MORA","MULTAS, SANCIONES E INTERESES DE MORA",No Aplica,No Aplica,No Aplica,No Aplica,No Aplica,No Aplica,VIGENCIA ACTUAL,ENTIDADES DIFERENTES A ENTIDADES TERRITORIALES - GESTION GENERAL,NO DEFINIDO,NO DEFINIDO,NO DEFINIDO,0.0,711000.0,2023,Tercer Trimestre,,,,,,,,,,,,,,,,,,,,,,
4699671,20230901,923272885,E.S.P Por Santa Rosa Sostenible S.A.S,2.1.1.01.02.003,APORTES DE CESANTIAS,GASTOS,FUNCIONAMIENTO,GASTOS DE PERSONAL,PLANTA DE PERSONAL PERMANENTE,CONTRIBUCIONES INHERENTES A LA NOMINA,APORTES DE CESANTIAS,No Aplica,No Aplica,No Aplica,No Aplica,VIGENCIA ACTUAL,ENTIDADES DIFERENTES A ENTIDADES TERRITORIALES - GESTION GENERAL,NO DEFINIDO,NO DEFINIDO,NO APLICA,9790000.0,8091407.0,2023,Tercer Trimestre,,,,,,,,,,,,,,,,,,,,,,
4719377,20230901,923272885,E.S.P Por Santa Rosa Sostenible S.A.S,2.1.1.01.01.001.08,PRESTACIONES SOCIALES,GASTOS,FUNCIONAMIENTO,GASTOS DE PERSONAL,PLANTA DE PERSONAL PERMANENTE,FACTORES CONSTITUTIVOS DE SALARIO,FACTORES SALARIALES COMUNES,PRESTACIONES SOCIALES,No Aplica,No Aplica,No Aplica,VIGENCIA ACTUAL,ENTIDADES DIFERENTES A ENTIDADES TERRITORIALES - GESTION GENERAL,NO DEFINIDO,NO DEFINIDO,NO DEFINIDO,11941000.0,12941000.0,2023,Tercer Trimestre,,,,,,,,,,,,,,,,,,,,,,
4739594,20230901,923272885,E.S.P Por Santa Rosa Sostenible S.A.S,2.1.1.01.01.001.10,VIATICOS DE LOS FUNCIONARIOS EN COMISION,GASTOS,FUNCIONAMIENTO,GASTOS DE PERSONAL,PLANTA DE PERSONAL PERMANENTE,FACTORES CONSTITUTIVOS DE SALARIO,FACTORES SALARIALES COMUNES,VIATICOS DE LOS FUNCIONARIOS EN COMISION,No Aplica,No Aplica,No Aplica,VIGENCIA ACTUAL,ENTIDADES DIFERENTES A ENTIDADES TERRITORIALES - GESTION GENERAL,NO DEFINIDO,NO DEFINIDO,NO APLICA,2600000.0,3601440.0,2023,Tercer Trimestre,,,,,,,,,,,,,,,,,,,,,,
4752624,20230901,923272885,E.S.P Por Santa Rosa Sostenible S.A.S,2.1.2.02.02.008,SERVICIOS PRESTADOS A LAS EMPRESAS Y SERVICIOS DE PRODUCCION,GASTOS,FUNCIONAMIENTO,ADQUISICION DE BIENES Y SERVICIOS,ADQUISICIONES DIFERENTES DE ACTIVOS,ADQUISICION DE SERVICIOS,SERVICIOS PRESTADOS A LAS EMPRESAS Y SERVICIOS DE PRODUCCION,No Aplica,No Aplica,No Aplica,No Aplica,VIGENCIA ACTUAL,ENTIDADES DIFERENTES A ENTIDADES TERRITORIALES - GESTION GENERAL,NO DEFINIDO,NO DEFINIDO,NO APLICA,1986212220.0,2640360267.0,2023,Tercer Trimestre,,,,,,,,,,,,,,,,,,,,,,
4766131,20230901,923272885,E.S.P Por Santa Rosa Sostenible S.A.S,2.1.1,GASTOS DE PERSONAL,GASTOS,FUNCIONAMIENTO,GASTOS DE PERSONAL,No Aplica,No Aplica,No Aplica,No Aplica,No Aplica,No Aplica,No Aplica,VIGENCIA ACTUAL,ENTIDADES DIFERENTES A ENTIDADES TERRITORIALES - GESTION GENERAL,NO DEFINIDO,NO DEFINIDO,NO DEFINIDO,135486000.0,137202836.0,2023,Tercer Trimestre,,,,,,,,,,,,,,,,,,,,,,
4791076,20230901,923272885,E.S.P Por Santa Rosa Sostenible S.A.S,2.1.2.02.02,ADQUISICION DE SERVICIOS,GASTOS,FUNCIONAMIENTO,ADQUISICION DE BIENES Y SERVICIOS,ADQUISICIONES DIFERENTES DE ACTIVOS,ADQUISICION DE SERVICIOS,No Aplica,No Aplica,No Aplica,No Aplica,No Aplica,VIGENCIA ACTUAL,ENTIDADES DIFERENTES A ENTIDADES TERRITORIALES - GESTION GENERAL,NO DEFINIDO,NO DEFINIDO,NO DEFINIDO,2012079400.0,2660866113.0,2023,Tercer Trimestre,,,,,,,,,,,,,,,,,,,,,,
4805837,20230901,923272885,E.S.P Por Santa Rosa Sostenible S.A.S,2.1.1.01.01.001.01,SUELDO BASICO,GASTOS,FUNCIONAMIENTO,GASTOS DE PERSONAL,PLANTA DE PERSONAL PERMANENTE,FACTORES CONSTITUTIVOS DE SALARIO,FACTORES SALARIALES COMUNES,SUELDO BASICO,No Aplica,No Aplica,No Aplica,VIGENCIA ACTUAL,ENTIDADES DIFERENTES A ENTIDADES TERRITORIALES - GESTION GENERAL,NO DEFINIDO,NO DEFINIDO,NO APLICA,83706000.0,83706000.0,2023,Tercer Trimestre,,,,,,,,,,,,,,,,,,,,,,
4807409,20230901,923272885,E.S.P Por Santa Rosa Sostenible S.A.S,2.1.1.01.01.001.08.02,PRIMA DE VACACIONES,GASTOS,FUNCIONAMIENTO,GASTOS DE PERSONAL,PLANTA DE PERSONAL PERMANENTE,FACTORES CONSTITUTIVOS DE SALARIO,FACTORES SALARIALES COMUNES,PRESTACIONES SOCIALES,PRIMA DE VACACIONES,No Aplica,No Aplica,VIGENCIA ACTUAL,ENTIDADES DIFERENTES A ENTIDADES TERRITORIALES - GESTION GENERAL,NO DEFINIDO,NO DEFINIDO,NO APLICA,3873000.0,4873000.0,2023,Tercer Trimestre,,,,,,,,,,,,,,,,,,,,,,
4815786,20230901,923272885,E.S.P Por Santa Rosa Sostenible S.A.S,2.1.1.01.02.001,APORTES A LA SEGURIDAD SOCIAL EN PENSIONES,GASTOS,FUNCIONAMIENTO,GASTOS DE PERSONAL,PLANTA DE PERSONAL PERMANENTE,CONTRIBUCIONES INHERENTES A LA NOMINA,APORTES A LA SEGURIDAD SOCIAL EN PENSIONES,No Aplica,No Aplica,No Aplica,No Aplica,VIGENCIA ACTUAL,ENTIDADES DIFERENTES A ENTIDADES TERRITORIALES - GESTION GENERAL,NO DEFINIDO,NO DEFINIDO,NO APLICA,10045000.0,9045000.0,2023,Tercer Trimestre,,,,,,,,,,,,,,,,,,,,,,
4818579,20230901,923272885,E.S.P Por Santa Rosa Sostenible S.A.S,2.1.1.01.01.001.08.01,PRIMA DE NAVIDAD,GASTOS,FUNCIONAMIENTO,GASTOS DE PERSONAL,PLANTA DE PERSONAL PERMANENTE,FACTORES CONSTITUTIVOS DE SALARIO,FACTORES SALARIALES COMUNES,PRESTACIONES SOCIALES,PRIMA DE NAVIDAD,No Aplica,No Aplica,VIGENCIA ACTUAL,ENTIDADES DIFERENTES A ENTIDADES TERRITORIALES - GESTION GENERAL,NO DEFINIDO,NO DEFINIDO,NO APLICA,8068000.0,8068000.0,2023,Tercer Trimestre,,,,,,,,,,,,,,,,,,,,,,
4848688,20230901,923272885,E.S.P Por Santa Rosa Sostenible S.A.S,2.1.1.01.03.001,PRESTACIONES SOCIALES,GASTOS,FUNCIONAMIENTO,GASTOS DE PERSONAL,PLANTA DE PERSONAL PERMANENTE,REMUNERACIONES NO CONSTITUTIVAS DE FACTOR SALARIAL,PRESTACIONES SOCIALES,No Aplica,No Aplica,No Aplica,No Aplica,VIGENCIA ACTUAL,ENTIDADES DIFERENTES A ENTIDADES TERRITORIALES - GESTION GENERAL,NO DEFINIDO,NO DEFINIDO,NO DEFINIDO,4380000.0,6916629.0,2023,Tercer Trimestre,,,,,,,,,,,,,,,,,,,,,,
4862032,20230901,923272885,E.S.P Por Santa Rosa Sostenible S.A.S,2.1.8.04,CONTRIBUCIONES,GASTOS,FUNCIONAMIENTO,"GASTOS POR TRIBUTOS, TASAS, CONTRIBUCIONES, MULTAS, SANCIONES E INTERESES DE MORA",CONTRIBUCIONES,No Aplica,No Aplica,No Aplica,No Aplica,No Aplica,No Aplica,VIGENCIA ACTUAL,ENTIDADES DIFERENTES A ENTIDADES TERRITORIALES - GESTION GENERAL,NO DEFINIDO,NO DEFINIDO,NO DEFINIDO,4175375.0,5861709.0,2023,Tercer Trimestre,,,,,,,,,,,,,,,,,,,,,,
4864823,20221201,923272885,E.S.P Por Santa Rosa Sostenible S.A.S,1.1,INGRESOS CORRIENTES,INGRESOS,INGRESOS CORRIENTES,No Aplica,No Aplica,No Aplica,No Aplica,No Aplica,No Aplica,No Aplica,No Aplica,,,,,,,,2022,Cuarto Trimestre,3574826882.0,2735632151.0,,,,,,,,,,,,,,,,,,,,
4866208,20210901,923272885,E.S.P Por Santa Rosa Sostenible S.A.S,1.2.09,RECUPERACION DE CARTERA - PRESTAMOS,INGRESOS,RECURSOS DE CAPITAL,RECUPERACION DE CARTERA - PRESTAMOS,No Aplica,No Aplica,No Aplica,No Aplica,No Aplica,No Aplica,No Aplica,,,,,,,,2021,Tercer Trimestre,307308000.0,280739000.0,,,,,,,,,,,,,,,,,,,,
4872438,20211201,923272885,E.S.P Por Santa Rosa Sostenible S.A.S,1.2,RECURSOS DE CAPITAL,INGRESOS,RECURSOS DE CAPITAL,No Aplica,No Aplica,No Aplica,No Aplica,No Aplica,No Aplica,No Aplica,No Aplica,,,,,,,,2021,Cuarto Trimestre,316005482.0,283739000.0,,,,,,,,,,,,,,,,,,,,
4878625,20210301,923272885,E.S.P Por Santa Rosa Sostenible S.A.S,1.1,INGRESOS CORRIENTES,INGRESOS,INGRESOS CORRIENTES,No Aplica,No Aplica,No Aplica,No Aplica,No Aplica,No Aplica,No Aplica,No Aplica,,,,,,,,2021,Primer Trimestre,2397064601.0,2370498601.0,,,,,,,,,,,,,,,,,,,,
4880531,20210301,923272885,E.S.P Por Santa Rosa Sostenible S.A.S,1.2.05,RENDIMIENTOS FINANCIEROS,INGRESOS,RECURSOS DE CAPITAL,RENDIMIENTOS FINANCIEROS,No Aplica,No Aplica,No Aplica,No Aplica,No Aplica,No Aplica,No Aplica,,,,,,,,2021,Primer Trimestre,3000000.0,3000000.0,,,,,,,,,,,,,,,,,,,,
4884789,20211201,923272885,E.S.P Por Santa Rosa Sostenible S.A.S,1.1.02,INGRESOS NO TRIBUTARIOS,INGRESOS,INGRESOS CORRIENTES,INGRESOS NO TRIBUTARIOS,No Aplica,No Aplica,No Aplica,No Aplica,No Aplica,No Aplica,No Aplica,,,,,,,,2021,Cuarto Trimestre,2498805637.0,2089759601.0,,,,,,,,,,,,,,,,,,,,
4885134,20210901,923272885,E.S.P Por Santa Rosa Sostenible S.A.S,1.2,RECURSOS DE CAPITAL,INGRESOS,RECURSOS DE CAPITAL,No Aplica,No Aplica,No Aplica,No Aplica,No Aplica,No Aplica,No Aplica,No Aplica,,,,,,,,2021,Tercer Trimestre,310308000.0,283739000.0,,,,,,,,,,,,,,,,,,,,
4885892,20221201,923272885,E.S.P Por Santa Rosa Sostenible S.A.S,1.0.02,BANCOS,INGRESOS,DISPONIBILIDAD INICIAL,BANCOS,No Aplica,No Aplica,No Aplica,No Aplica,No Aplica,No Aplica,No Aplica,,,,,,,,2022,Cuarto Trimestre,213925382.0,0.0,,,,,,,,,,,,,,,,,,,,
4887555,20230601,923272885,E.S.P Por Santa Rosa Sostenible S.A.S,1,INGRESOS,INGRESOS,No Aplica,No Aplica,No Aplica,No Aplica,No Aplica,No Aplica,No Aplica,No Aplica,No Aplica,,,,,,,,2023,Segundo Trimestre,3617269501.0,2777264000.0,,,,,,,,,,,,,,,,,,,,
4890877,20210901,923272885,E.S.P Por Santa Rosa Sostenible S.A.S,1,INGRESOS,INGRESOS,No Aplica,No Aplica,No Aplica,No Aplica,No Aplica,No Aplica,No Aplica,No Aplica,No Aplica,,,,,,,,2021,Tercer Trimestre,2400067601.0,2373498601.0,,,,,,,,,,,,,,,,,,,,
4913314,20220901,923272885,E.S.P Por Santa Rosa Sostenible S.A.S,1.2,RECURSOS DE CAPITAL,INGRESOS,RECURSOS DE CAPITAL,No Aplica,No Aplica,No Aplica,No Aplica,No Aplica,No Aplica,No Aplica,No Aplica,,,,,,,,2022,Tercer Trimestre,4367849.0,4367849.0,,,,,,,,,,,,,,,,,,,,
4916710,20210901,923272885,E.S.P Por Santa Rosa Sostenible S.A.S,1.1.02.05.002,VENTAS INCIDENTALES DE ESTABLECIMIENTOS NO DE MERCADO,INGRESOS,INGRESOS CORRIENTES,INGRESOS NO TRIBUTARIOS,VENTA DE BIENES Y SERVICIOS,VENTAS INCIDENTALES DE ESTABLECIMIENTOS NO DE MERCADO,No Aplica,No Aplica,No Aplica,No Aplica,No Aplica,,,,,,,,2021,Tercer Trimestre,2089759601.0,2089759601.0,,,,,,,,,,,,,,,,,,,,
4925055,20220901,923272885,E.S.P Por Santa Rosa Sostenible S.A.S,1.1.02.05.001.01,"MINERALES, ELECTRICIDAD, GAS Y AGUA",INGRESOS,INGRESOS CORRIENTES,INGRESOS NO TRIBUTARIOS,VENTA DE BIENES Y SERVICIOS,VENTAS DE ESTABLECIMIENTOS DE MERCADO,"MINERALES, ELECTRICIDAD, GAS Y AGUA",No Aplica,No Aplica,No Aplica,No Aplica,,,,,,,,2022,Tercer Trimestre,2735632151.0,2735632151.0,,,,,,,,,,,,,,,,,,,,
4935536,20210901,923272885,E.S.P Por Santa Rosa Sostenible S.A.S,1.2.13,REINTEGROS Y OTROS RECURSOS NO APROPIADOS,INGRESOS,RECURSOS DE CAPITAL,REINTEGROS Y OTROS RECURSOS NO APROPIADOS,No Aplica,No Aplica,No Aplica,No Aplica,No Aplica,No Aplica,No Aplica,,,,,,,,2021,Tercer Trimestre,0.0,0.0,,,,,,,,,,,,,,,,,,,,
4936841,20210601,923272885,E.S.P Por Santa Rosa Sostenible S.A.S,1.1.02.05,VENTA DE BIENES Y SERVICIOS,INGRESOS,INGRESOS CORRIENTES,INGRESOS NO TRIBUTARIOS,VENTA DE BIENES Y SERVICIOS,No Aplica,No Aplica,No Aplica,No Aplica,No Aplica,No Aplica,,,,,,,,2021,Segundo Trimestre,2089759601.0,2089759601.0,,,,,,,,,,,,,,,,,,,,
4942419,20220301,923272885,E.S.P Por Santa Rosa Sostenible S.A.S,1.1,INGRESOS CORRIENTES,INGRESOS,INGRESOS CORRIENTES,No Aplica,No Aplica,No Aplica,No Aplica,No Aplica,No Aplica,No Aplica,No Aplica,,,,,,,,2022,Primer Trimestre,2735632151.0,2735632151.0,,,,,,,,,,,,,,,,,,,,
4959943,20210601,923272885,E.S.P Por Santa Rosa Sostenible S.A.S,1.2.09.04,DE OTRAS EMPRESAS,INGRESOS,RECURSOS DE CAPITAL,RECUPERACION DE CARTERA - PRESTAMOS,DE OTRAS EMPRESAS,No Aplica,No Aplica,No Aplica,No Aplica,No Aplica,No Aplica,,,,,,,,2021,Segundo Trimestre,307308000.0,280739000.0,,,,,,,,,,,,,,,,,,,,
4974595,20221201,923272885,E.S.P Por Santa Rosa Sostenible S.A.S,1.0,DISPONIBILIDAD INICIAL,INGRESOS,DISPONIBILIDAD INICIAL,No Aplica,No Aplica,No Aplica,No Aplica,No Aplica,No Aplica,No Aplica,No Aplica,,,,,,,,2022,Cuarto Trimestre,213925382.0,0.0,,,,,,,,,,,,,,,,,,,,
4983370,20230301,923272885,E.S.P Por Santa Rosa Sostenible S.A.S,1.1.02.05,VENTA DE BIENES Y SERVICIOS,INGRESOS,INGRESOS CORRIENTES,INGRESOS NO TRIBUTARIOS,VENTA DE BIENES Y SERVICIOS,No Aplica,No Aplica,No Aplica,No Aplica,No Aplica,No Aplica,,,,,,,,2023,Primer Trimestre,3243507539.0,2765264000.0,,,,,,,,,,,,,,,,,,,,
4983458,20211201,923272885,E.S.P Por Santa Rosa Sostenible S.A.S,1.1.02.05.002.06,"COMERCIO Y DISTRIBUCION; ALOJAMIENTO; SERVICIOS DE SUMINISTRO DE COMIDAS Y BEBIDAS; SERVICIOS DE TRANSPORTE; Y SERVICIOS DE DISTRIBUCION DE ELECTRICIDAD, GAS Y AGUA",INGRESOS,INGRESOS CORRIENTES,INGRESOS NO TRIBUTARIOS,VENTA DE BIENES Y SERVICIOS,VENTAS INCIDENTALES DE ESTABLECIMIENTOS NO DE MERCADO,"COMERCIO Y DISTRIBUCION; ALOJAMIENTO; SERVICIOS DE SUMINISTRO DE COMIDAS Y BEBIDAS; SERVICIOS DE TRANSPORTE; Y SERVICIOS DE DISTRIBUCION DE ELECTRICIDAD, GAS Y AGUA",No Aplica,No Aplica,No Aplica,No Aplica,,,,,,,,2021,Cuarto Trimestre,2494758037.0,2089759601.0,,,,,,,,,,,,,,,,,,,,
5002133,20211201,923272885,E.S.P Por Santa Rosa Sostenible S.A.S,1.1.02.06.007.99,SUBVENCIONES,INGRESOS,INGRESOS CORRIENTES,INGRESOS NO TRIBUTARIOS,TRANSFERENCIAS CORRIENTES,SUBVENCIONES,SUBVENCIONES,No Aplica,No Aplica,No Aplica,No Aplica,,,,,,,,2021,Cuarto Trimestre,4047600.0,0.0,,,,,,,,,,,,,,,,,,,,
5003119,20211201,923272885,E.S.P Por Santa Rosa Sostenible S.A.S,1.2.09.04,DE OTRAS EMPRESAS,INGRESOS,RECURSOS DE CAPITAL,RECUPERACION DE CARTERA - PRESTAMOS,DE OTRAS EMPRESAS,No Aplica,No Aplica,No Aplica,No Aplica,No Aplica,No Aplica,,,,,,,,2021,Cuarto Trimestre,307308000.0,280739000.0,,,,,,,,,,,,,,,,,,,,
5004577,20230301,923272885,E.S.P Por Santa Rosa Sostenible S.A.S,1.2.05,RENDIMIENTOS FINANCIEROS,INGRESOS,RECURSOS DE CAPITAL,RENDIMIENTOS FINANCIEROS,No Aplica,No Aplica,No Aplica,No Aplica,No Aplica,No Aplica,No Aplica,,,,,,,,2023,Primer Trimestre,12000000.0,12000000.0,,,,,,,,,,,,,,,,,,,,
5005034,20210301,923272885,E.S.P Por Santa Rosa Sostenible S.A.S,1.2,RECURSOS DE CAPITAL,INGRESOS,RECURSOS DE CAPITAL,No Aplica,No Aplica,No Aplica,No Aplica,No Aplica,No Aplica,No Aplica,No Aplica,,,,,,,,2021,Primer Trimestre,3003000.0,3000000.0,,,,,,,,,,,,,,,,,,,,
5007043,20210301,923272885,E.S.P Por Santa Rosa Sostenible S.A.S,1.1.02,INGRESOS NO TRIBUTARIOS,INGRESOS,INGRESOS CORRIENTES,INGRESOS NO TRIBUTARIOS,No Aplica,No Aplica,No Aplica,No Aplica,No Aplica,No Aplica,No Aplica,,,,,,,,2021,Primer Trimestre,2397064601.0,2370498601.0,,,,,,,,,,,,,,,,,,,,
5007752,20230601,923272885,E.S.P Por Santa Rosa Sostenible S.A.S,1.1.02.05.001,VENTAS DE ESTABLECIMIENTOS DE MERCADO,INGRESOS,INGRESOS CORRIENTES,INGRESOS NO TRIBUTARIOS,VENTA DE BIENES Y SERVICIOS,VENTAS DE ESTABLECIMIENTOS DE MERCADO,No Aplica,No Aplica,No Aplica,No Aplica,No Aplica,,,,,,,,2023,Segundo Trimestre,3243507539.0,2765264000.0,,,,,,,,,,,,,,,,,,,,
5017016,20210901,923272885,E.S.P Por Santa Rosa Sostenible S.A.S,1.1.02.05.002.06,"COMERCIO Y DISTRIBUCION; ALOJAMIENTO; SERVICIOS DE SUMINISTRO DE COMIDAS Y BEBIDAS; SERVICIOS DE TRANSPORTE; Y SERVICIOS DE DISTRIBUCION DE ELECTRICIDAD, GAS Y AGUA",INGRESOS,INGRESOS CORRIENTES,INGRESOS NO TRIBUTARIOS,VENTA DE BIENES Y SERVICIOS,VENTAS INCIDENTALES DE ESTABLECIMIENTOS NO DE MERCADO,"COMERCIO Y DISTRIBUCION; ALOJAMIENTO; SERVICIOS DE SUMINISTRO DE COMIDAS Y BEBIDAS; SERVICIOS DE TRANSPORTE; Y SERVICIOS DE DISTRIBUCION DE ELECTRICIDAD, GAS Y AGUA",No Aplica,No Aplica,No Aplica,No Aplica,,,,,,,,2021,Tercer Trimestre,2089759601.0,2089759601.0,,,,,,,,,,,,,,,,,,,,
5017044,20210901,923272885,E.S.P Por Santa Rosa Sostenible S.A.S,1.2.13.01,REINTEGROS,INGRESOS,RECURSOS DE CAPITAL,REINTEGROS Y OTROS RECURSOS NO APROPIADOS,REINTEGROS,No Aplica,No Aplica,No Aplica,No Aplica,No Aplica,No Aplica,,,,,,,,2021,Tercer Trimestre,0.0,0.0,,,,,,,,,,,,,,,,,,,,
5019928,20210601,923272885,E.S.P Por Santa Rosa Sostenible S.A.S,1.2.13.01,REINTEGROS,INGRESOS,RECURSOS DE CAPITAL,REINTEGROS Y OTROS RECURSOS NO APROPIADOS,REINTEGROS,No Aplica,No Aplica,No Aplica,No Aplica,No Aplica,No Aplica,,,,,,,,2021,Segundo Trimestre,0.0,0.0,,,,,,,,,,,,,,,,,,,,
5024952,20220901,923272885,E.S.P Por Santa Rosa Sostenible S.A.S,1.0.02,BANCOS,INGRESOS,DISPONIBILIDAD INICIAL,BANCOS,No Aplica,No Aplica,No Aplica,No Aplica,No Aplica,No Aplica,No Aplica,,,,,,,,2022,Tercer Trimestre,213925382.0,0.0,,,,,,,,,,,,,,,,,,,,
5029458,20230601,923272885,E.S.P Por Santa Rosa Sostenible S.A.S,1.1.02,INGRESOS NO TRIBUTARIOS,INGRESOS,INGRESOS CORRIENTES,INGRESOS NO TRIBUTARIOS,No Aplica,No Aplica,No Aplica,No Aplica,No Aplica,No Aplica,No Aplica,,,,,,,,2023,Segundo Trimestre,3243507539.0,2765264000.0,,,,,,,,,,,,,,,,,,,,
5044092,20210301,923272885,E.S.P Por Santa Rosa Sostenible S.A.S,1.2.13.01,REINTEGROS,INGRESOS,RECURSOS DE CAPITAL,REINTEGROS Y OTROS RECURSOS NO APROPIADOS,REINTEGROS,No Aplica,No Aplica,No Aplica,No Aplica,No Aplica,No Aplica,,,,,,,,2021,Primer Trimestre,3000.0,0.0,,,,,,,,,,,,,,,,,,,,
5053338,20220901,923272885,E.S.P Por Santa Rosa Sostenible S.A.S,1.1.02,INGRESOS NO TRIBUTARIOS,INGRESOS,INGRESOS CORRIENTES,INGRESOS NO TRIBUTARIOS,No Aplica,No Aplica,No Aplica,No Aplica,No Aplica,No Aplica,No Aplica,,,,,,,,2022,Tercer Trimestre,2735632151.0,2735632151.0,,,,,,,,,,,,,,,,,,,,
5064271,20220301,923272885,E.S.P Por Santa Rosa Sostenible S.A.S,1.1.02.05.001,VENTAS DE ESTABLECIMIENTOS DE MERCADO,INGRESOS,INGRESOS CORRIENTES,INGRESOS NO TRIBUTARIOS,VENTA DE BIENES Y SERVICIOS,VENTAS DE ESTABLECIMIENTOS DE MERCADO,No Aplica,No Aplica,No Aplica,No Aplica,No Aplica,,,,,,,,2022,Primer Trimestre,2735632151.0,2735632151.0,,,,,,,,,,,,,,,,,,,,
5064385,20211201,923272885,E.S.P Por Santa Rosa Sostenible S.A.S,1.1.02.05,VENTA DE BIENES Y SERVICIOS,INGRESOS,INGRESOS CORRIENTES,INGRESOS NO TRIBUTARIOS,VENTA DE BIENES Y SERVICIOS,No Aplica,No Aplica,No Aplica,No Aplica,No Aplica,No Aplica,,,,,,,,2021,Cuarto Trimestre,2494758037.0,2089759601.0,,,,,,,,,,,,,,,,,,,,
5071228,20221201,923272885,E.S.P Por Santa Rosa Sostenible S.A.S,1.2.13.01,REINTEGROS,INGRESOS,RECURSOS DE CAPITAL,REINTEGROS Y OTROS RECURSOS NO APROPIADOS,REINTEGROS,No Aplica,No Aplica,No Aplica,No Aplica,No Aplica,No Aplica,,,,,,,,2022,Cuarto Trimestre,103645222.0,0.0,,,,,,,,,,,,,,,,,,,,
5072920,20230601,923272885,E.S.P Por Santa Rosa Sostenible S.A.S,1.2,RECURSOS DE CAPITAL,INGRESOS,RECURSOS DE CAPITAL,No Aplica,No Aplica,No Aplica,No Aplica,No Aplica,No Aplica,No Aplica,No Aplica,,,,,,,,2023,Segundo Trimestre,12000000.0,12000000.0,,,,,,,,,,,,,,,,,,,,
5080027,20221201,923272885,E.S.P Por Santa Rosa Sostenible S.A.S,1,INGRESOS,INGRESOS,No Aplica,No Aplica,No Aplica,No Aplica,No Aplica,No Aplica,No Aplica,No Aplica,No Aplica,,,,,,,,2022,Cuarto Trimestre,3896765335.0,2740000000.0,,,,,,,,,,,,,,,,,,,,
5083631,20230301,923272885,E.S.P Por Santa Rosa Sostenible S.A.S,1.1.02.05.001,VENTAS DE ESTABLECIMIENTOS DE MERCADO,INGRESOS,INGRESOS CORRIENTES,INGRESOS NO TRIBUTARIOS,VENTA DE BIENES Y SERVICIOS,VENTAS DE ESTABLECIMIENTOS DE MERCADO,No Aplica,No Aplica,No Aplica,No Aplica,No Aplica,,,,,,,,2023,Primer Trimestre,3243507539.0,2765264000.0,,,,,,,,,,,,,,,,,,,,
5090474,20230601,923272885,E.S.P Por Santa Rosa Sostenible S.A.S,1.1,INGRESOS CORRIENTES,INGRESOS,INGRESOS CORRIENTES,No Aplica,No Aplica,No Aplica,No Aplica,No Aplica,No Aplica,No Aplica,No Aplica,,,,,,,,2023,Segundo Trimestre,3243507539.0,2765264000.0,,,,,,,,,,,,,,,,,,,,
5097293,20210601,923272885,E.S.P Por Santa Rosa Sostenible S.A.S,1.2.13,REINTEGROS Y OTROS RECURSOS NO APROPIADOS,INGRESOS,RECURSOS DE CAPITAL,REINTEGROS Y OTROS RECURSOS NO APROPIADOS,No Aplica,No Aplica,No Aplica,No Aplica,No Aplica,No Aplica,No Aplica,,,,,,,,2021,Segundo Trimestre,0.0,0.0,,,,,,,,,,,,,,,,,,,,
5097698,20210601,923272885,E.S.P Por Santa Rosa Sostenible S.A.S,1.2.05,RENDIMIENTOS FINANCIEROS,INGRESOS,RECURSOS DE CAPITAL,RENDIMIENTOS FINANCIEROS,No Aplica,No Aplica,No Aplica,No Aplica,No Aplica,No Aplica,No Aplica,,,,,,,,2021,Segundo Trimestre,3000000.0,3000000.0,,,,,,,,,,,,,,,,,,,,
5102820,20221201,923272885,E.S.P Por Santa Rosa Sostenible S.A.S,1.2.13,REINTEGROS Y OTROS RECURSOS NO APROPIADOS,INGRESOS,RECURSOS DE CAPITAL,REINTEGROS Y OTROS RECURSOS NO APROPIADOS,No Aplica,No Aplica,No Aplica,No Aplica,No Aplica,No Aplica,No Aplica,,,,,,,,2022,Cuarto Trimestre,103645222.0,0.0,,,,,,,,,,,,,,,,,,,,
5105199,20211201,923272885,E.S.P Por Santa Rosa Sostenible S.A.S,1.1.02.05.001.08,SERVICIOS PRESTADOS A LAS EMPRESAS Y SERVICIOS DE PRODUCCION,INGRESOS,INGRESOS CORRIENTES,INGRESOS NO TRIBUTARIOS,VENTA DE BIENES Y SERVICIOS,VENTAS DE ESTABLECIMIENTOS DE MERCADO,SERVICIOS PRESTADOS A LAS EMPRESAS Y SERVICIOS DE PRODUCCION,No Aplica,No Aplica,No Aplica,No Aplica,,,,,,,,2021,Cuarto Trimestre,0.0,0.0,,,,,,,,,,,,,,,,,,,,
5118565,20210601,923272885,E.S.P Por Santa Rosa Sostenible S.A.S,1.1.02,INGRESOS NO TRIBUTARIOS,INGRESOS,INGRESOS CORRIENTES,INGRESOS NO TRIBUTARIOS,No Aplica,No Aplica,No Aplica,No Aplica,No Aplica,No Aplica,No Aplica,,,,,,,,2021,Segundo Trimestre,2089759601.0,2089759601.0,,,,,,,,,,,,,,,,,,,,
5118813,20210601,923272885,E.S.P Por Santa Rosa Sostenible S.A.S,1.2.09,RECUPERACION DE CARTERA - PRESTAMOS,INGRESOS,RECURSOS DE CAPITAL,RECUPERACION DE CARTERA - PRESTAMOS,No Aplica,No Aplica,No Aplica,No Aplica,No Aplica,No Aplica,No Aplica,,,,,,,,2021,Segundo Trimestre,307308000.0,280739000.0,,,,,,,,,,,,,,,,,,,,
5118852,20211201,923272885,E.S.P Por Santa Rosa Sostenible S.A.S,1.2.13,REINTEGROS Y OTROS RECURSOS NO APROPIADOS,INGRESOS,RECURSOS DE CAPITAL,REINTEGROS Y OTROS RECURSOS NO APROPIADOS,No Aplica,No Aplica,No Aplica,No Aplica,No Aplica,No Aplica,No Aplica,,,,,,,,2021,Cuarto Trimestre,5697482.0,0.0,,,,,,,,,,,,,,,,,,,,
5127011,20211201,923272885,E.S.P Por Santa Rosa Sostenible S.A.S,1.1.02.05.001,VENTAS DE ESTABLECIMIENTOS DE MERCADO,INGRESOS,INGRESOS CORRIENTES,INGRESOS NO TRIBUTARIOS,VENTA DE BIENES Y SERVICIOS,VENTAS DE ESTABLECIMIENTOS DE MERCADO,No Aplica,No Aplica,No Aplica,No Aplica,No Aplica,,,,,,,,2021,Cuarto Trimestre,0.0,0.0,,,,,,,,,,,,,,,,,,,,
5135436,20230601,923272885,E.S.P Por Santa Rosa Sostenible S.A.S,1.2.05.02,DEPOSITOS,INGRESOS,RECURSOS DE CAPITAL,RENDIMIENTOS FINANCIEROS,DEPOSITOS,No Aplica,No Aplica,No Aplica,No Aplica,No Aplica,No Aplica,,,,,,,,2023,Segundo Trimestre,12000000.0,12000000.0,,,,,,,,,,,,,,,,,,,,
5136662,20220301,923272885,E.S.P Por Santa Rosa Sostenible S.A.S,1.0.02,BANCOS,INGRESOS,DISPONIBILIDAD INICIAL,BANCOS,No Aplica,No Aplica,No Aplica,No Aplica,No Aplica,No Aplica,No Aplica,,,,,,,,2022,Primer Trimestre,213925382.0,0.0,,,,,,,,,,,,,,,,,,,,
5146439,20230601,923272885,E.S.P Por Santa Rosa Sostenible S.A.S,1.1.02.05.001.08,SERVICIOS PRESTADOS A LAS EMPRESAS Y SERVICIOS DE PRODUCCION,INGRESOS,INGRESOS CORRIENTES,INGRESOS NO TRIBUTARIOS,VENTA DE BIENES Y SERVICIOS,VENTAS DE ESTABLECIMIENTOS DE MERCADO,SERVICIOS PRESTADOS A LAS EMPRESAS Y SERVICIOS DE PRODUCCION,No Aplica,No Aplica,No Aplica,No Aplica,,,,,,,,2023,Segundo Trimestre,478243539.0,0.0,,,,,,,,,,,,,,,,,,,,
5148409,20221201,923272885,E.S.P Por Santa Rosa Sostenible S.A.S,1.1.02.05.001.01,"MINERALES, ELECTRICIDAD, GAS Y AGUA",INGRESOS,INGRESOS CORRIENTES,INGRESOS NO TRIBUTARIOS,VENTA DE BIENES Y SERVICIOS,VENTAS DE ESTABLECIMIENTOS DE MERCADO,"MINERALES, ELECTRICIDAD, GAS Y AGUA",No Aplica,No Aplica,No Aplica,No Aplica,,,,,,,,2022,Cuarto Trimestre,2735632151.0,2735632151.0,,,,,,,,,,,,,,,,,,,,
5151277,20210901,923272885,E.S.P Por Santa Rosa Sostenible S.A.S,1.2.05,RENDIMIENTOS FINANCIEROS,INGRESOS,RECURSOS DE CAPITAL,RENDIMIENTOS FINANCIEROS,No Aplica,No Aplica,No Aplica,No Aplica,No Aplica,No Aplica,No Aplica,,,,,,,,2021,Tercer Trimestre,3000000.0,3000000.0,,,,,,,,,,,,,,,,,,,,
5156033,20230301,923272885,E.S.P Por Santa Rosa Sostenible S.A.S,1.1,INGRESOS CORRIENTES,INGRESOS,INGRESOS CORRIENTES,No Aplica,No Aplica,No Aplica,No Aplica,No Aplica,No Aplica,No Aplica,No Aplica,,,,,,,,2023,Primer Trimestre,3243507539.0,2765264000.0,,,,,,,,,,,,,,,,,,,,
5179043,20220301,923272885,E.S.P Por Santa Rosa Sostenible S.A.S,1,INGRESOS,INGRESOS,No Aplica,No Aplica,No Aplica,No Aplica,No Aplica,No Aplica,No Aplica,No Aplica,No Aplica,,,,,,,,2022,Primer Trimestre,2953925382.0,2740000000.0,,,,,,,,,,,,,,,,,,,,
5179777,20230601,923272885,E.S.P Por Santa Rosa Sostenible S.A.S,1.0,DISPONIBILIDAD INICIAL,INGRESOS,DISPONIBILIDAD INICIAL,No Aplica,No Aplica,No Aplica,No Aplica,No Aplica,No Aplica,No Aplica,No Aplica,,,,,,,,2023,Segundo Trimestre,361761962.0,0.0,,,,,,,,,,,,,,,,,,,,
5187649,20210901,923272885,E.S.P Por Santa Rosa Sostenible S.A.S,1.2.05.02,DEPOSITOS,INGRESOS,RECURSOS DE CAPITAL,RENDIMIENTOS FINANCIEROS,DEPOSITOS,No Aplica,No Aplica,No Aplica,No Aplica,No Aplica,No Aplica,,,,,,,,2021,Tercer Trimestre,3000000.0,3000000.0,,,,,,,,,,,,,,,,,,,,
5192954,20221201,923272885,E.S.P Por Santa Rosa Sostenible S.A.S,1.1.02.05.001.08,SERVICIOS PRESTADOS A LAS EMPRESAS Y SERVICIOS DE PRODUCCION,INGRESOS,INGRESOS CORRIENTES,INGRESOS NO TRIBUTARIOS,VENTA DE BIENES Y SERVICIOS,VENTAS DE ESTABLECIMIENTOS DE MERCADO,SERVICIOS PRESTADOS A LAS EMPRESAS Y SERVICIOS DE PRODUCCION,No Aplica,No Aplica,No Aplica,No Aplica,,,,,,,,2022,Cuarto Trimestre,839194731.0,0.0,,,,,,,,,,,,,,,,,,,,
5195576,20230601,923272885,E.S.P Por Santa Rosa Sostenible S.A.S,1.2.05,RENDIMIENTOS FINANCIEROS,INGRESOS,RECURSOS DE CAPITAL,RENDIMIENTOS FINANCIEROS,No Aplica,No Aplica,No Aplica,No Aplica,No Aplica,No Aplica,No Aplica,,,,,,,,2023,Segundo Trimestre,12000000.0,12000000.0,,,,,,,,,,,,,,,,,,,,
5200598,20210301,923272885,E.S.P Por Santa Rosa Sostenible S.A.S,1.1.02.05.001,VENTAS DE ESTABLECIMIENTOS DE MERCADO,INGRESOS,INGRESOS CORRIENTES,INGRESOS NO TRIBUTARIOS,VENTA DE BIENES Y SERVICIOS,VENTAS DE ESTABLECIMIENTOS DE MERCADO,No Aplica,No Aplica,No Aplica,No Aplica,No Aplica,,,,,,,,2021,Primer Trimestre,2397064601.0,2370498601.0,,,,,,,,,,,,,,,,,,,,
5206003,20211201,923272885,E.S.P Por Santa Rosa Sostenible S.A.S,1.1.02.05.002,VENTAS INCIDENTALES DE ESTABLECIMIENTOS NO DE MERCADO,INGRESOS,INGRESOS CORRIENTES,INGRESOS NO TRIBUTARIOS,VENTA DE BIENES Y SERVICIOS,VENTAS INCIDENTALES DE ESTABLECIMIENTOS NO DE MERCADO,No Aplica,No Aplica,No Aplica,No Aplica,No Aplica,,,,,,,,2021,Cuarto Trimestre,2494758037.0,2089759601.0,,,,,,,,,,,,,,,,,,,,
5221772,20220901,923272885,E.S.P Por Santa Rosa Sostenible S.A.S,1.0,DISPONIBILIDAD INICIAL,INGRESOS,DISPONIBILIDAD INICIAL,No Aplica,No Aplica,No Aplica,No Aplica,No Aplica,No Aplica,No Aplica,No Aplica,,,,,,,,2022,Tercer Trimestre,213925382.0,0.0,,,,,,,,,,,,,,,,,,,,
5223011,20220301,923272885,E.S.P Por Santa Rosa Sostenible S.A.S,1.2.05.02,DEPOSITOS,INGRESOS,RECURSOS DE CAPITAL,RENDIMIENTOS FINANCIEROS,DEPOSITOS,No Aplica,No Aplica,No Aplica,No Aplica,No Aplica,No Aplica,,,,,,,,2022,Primer Trimestre,4367849.0,4367849.0,,,,,,,,,,,,,,,,,,,,
5237236,20221201,923272885,E.S.P Por Santa Rosa Sostenible S.A.S,1.2,RECURSOS DE CAPITAL,INGRESOS,RECURSOS DE CAPITAL,No Aplica,No Aplica,No Aplica,No Aplica,No Aplica,No Aplica,No Aplica,No Aplica,,,,,,,,2022,Cuarto Trimestre,108013071.0,4367849.0,,,,,,,,,,,,,,,,,,,,
5245351,20211201,923272885,E.S.P Por Santa Rosa Sostenible S.A.S,1.2.05.02,DEPOSITOS,INGRESOS,RECURSOS DE CAPITAL,RENDIMIENTOS FINANCIEROS,DEPOSITOS,No Aplica,No Aplica,No Aplica,No Aplica,No Aplica,No Aplica,,,,,,,,2021,Cuarto Trimestre,3000000.0,3000000.0,,,,,,,,,,,,,,,,,,,,
5248011,20230301,923272885,E.S.P Por Santa Rosa Sostenible S.A.S,1.1.02,INGRESOS NO TRIBUTARIOS,INGRESOS,INGRESOS CORRIENTES,INGRESOS NO TRIBUTARIOS,No Aplica,No Aplica,No Aplica,No Aplica,No Aplica,No Aplica,No Aplica,,,,,,,,2023,Primer Trimestre,3243507539.0,2765264000.0,,,,,,,,,,,,,,,,,,,,
5257926,20210301,923272885,E.S.P Por Santa Rosa Sostenible S.A.S,1,INGRESOS,INGRESOS,No Aplica,No Aplica,No Aplica,No Aplica,No Aplica,No Aplica,No Aplica,No Aplica,No Aplica,,,,,,,,2021,Primer Trimestre,2400067601.0,2373498601.0,,,,,,,,,,,,,,,,,,,,
5262519,20220301,923272885,E.S.P Por Santa Rosa Sostenible S.A.S,1.1.02.05.001.01,"MINERALES, ELECTRICIDAD, GAS Y AGUA",INGRESOS,INGRESOS CORRIENTES,INGRESOS NO TRIBUTARIOS,VENTA DE BIENES Y SERVICIOS,VENTAS DE ESTABLECIMIENTOS DE MERCADO,"MINERALES, ELECTRICIDAD, GAS Y AGUA",No Aplica,No Aplica,No Aplica,No Aplica,,,,,,,,2022,Primer Trimestre,2735632151.0,2735632151.0,,,,,,,,,,,,,,,,,,,,
5270298,20210601,923272885,E.S.P Por Santa Rosa Sostenible S.A.S,1.1,INGRESOS CORRIENTES,INGRESOS,INGRESOS CORRIENTES,No Aplica,No Aplica,No Aplica,No Aplica,No Aplica,No Aplica,No Aplica,No Aplica,,,,,,,,2021,Segundo Trimestre,2089759601.0,2089759601.0,,,,,,,,,,,,,,,,,,,,
5282110,20220901,923272885,E.S.P Por Santa Rosa Sostenible S.A.S,1,INGRESOS,INGRESOS,No Aplica,No Aplica,No Aplica,No Aplica,No Aplica,No Aplica,No Aplica,No Aplica,No Aplica,,,,,,,,2022,Tercer Trimestre,2953925382.0,2740000000.0,,,,,,,,,,,,,,,,,,,,
5285338,20210301,923272885,E.S.P Por Santa Rosa Sostenible S.A.S,1.2.13,REINTEGROS Y OTROS RECURSOS NO APROPIADOS,INGRESOS,RECURSOS DE CAPITAL,REINTEGROS Y OTROS RECURSOS NO APROPIADOS,No Aplica,No Aplica,No Aplica,No Aplica,No Aplica,No Aplica,No Aplica,,,,,,,,2021,Primer Trimestre,3000.0,0.0,,,,,,,,,,,,,,,,,,,,
5286354,20220901,923272885,E.S.P Por Santa Rosa Sostenible S.A.S,1.2.05.02,DEPOSITOS,INGRESOS,RECURSOS DE CAPITAL,RENDIMIENTOS FINANCIEROS,DEPOSITOS,No Aplica,No Aplica,No Aplica,No Aplica,No Aplica,No Aplica,,,,,,,,2022,Tercer Trimestre,4367849.0,4367849.0,,,,,,,,,,,,,,,,,,,,
5288042,20210301,923272885,E.S.P Por Santa Rosa Sostenible S.A.S,1.2.05.02,DEPOSITOS,INGRESOS,RECURSOS DE CAPITAL,RENDIMIENTOS FINANCIEROS,DEPOSITOS,No Aplica,No Aplica,No Aplica,No Aplica,No Aplica,No Aplica,,,,,,,,2021,Primer Trimestre,3000000.0,3000000.0,,,,,,,,,,,,,,,,,,,,
5290607,20230301,923272885,E.S.P Por Santa Rosa Sostenible S.A.S,1.1.02.05.001.08,SERVICIOS PRESTADOS A LAS EMPRESAS Y SERVICIOS DE PRODUCCION,INGRESOS,INGRESOS CORRIENTES,INGRESOS NO TRIBUTARIOS,VENTA DE BIENES Y SERVICIOS,VENTAS DE ESTABLECIMIENTOS DE MERCADO,SERVICIOS PRESTADOS A LAS EMPRESAS Y SERVICIOS DE PRODUCCION,No Aplica,No Aplica,No Aplica,No Aplica,,,,,,,,2023,Primer Trimestre,478243539.0,0.0,,,,,,,,,,,,,,,,,,,,
5297524,20210601,923272885,E.S.P Por Santa Rosa Sostenible S.A.S,1,INGRESOS,INGRESOS,No Aplica,No Aplica,No Aplica,No Aplica,No Aplica,No Aplica,No Aplica,No Aplica,No Aplica,,,,,,,,2021,Segundo Trimestre,2400067601.0,2373498601.0,,,,,,,,,,,,,,,,,,,,
5323553,20210901,923272885,E.S.P Por Santa Rosa Sostenible S.A.S,1.2.09.04,DE OTRAS EMPRESAS,INGRESOS,RECURSOS DE CAPITAL,RECUPERACION DE CARTERA - PRESTAMOS,DE OTRAS EMPRESAS,No Aplica,No Aplica,No Aplica,No Aplica,No Aplica,No Aplica,,,,,,,,2021,Tercer Trimestre,307308000.0,280739000.0,,,,,,,,,,,,,,,,,,,,
5329006,20221201,923272885,E.S.P Por Santa Rosa Sostenible S.A.S,1.1.02.05.001,VENTAS DE ESTABLECIMIENTOS DE MERCADO,INGRESOS,INGRESOS CORRIENTES,INGRESOS NO TRIBUTARIOS,VENTA DE BIENES Y SERVICIOS,VENTAS DE ESTABLECIMIENTOS DE MERCADO,No Aplica,No Aplica,No Aplica,No Aplica,No Aplica,,,,,,,,2022,Cuarto Trimestre,3574826882.0,2735632151.0,,,,,,,,,,,,,,,,,,,,
5335924,20220901,923272885,E.S.P Por Santa Rosa Sostenible S.A.S,1.2.05,RENDIMIENTOS FINANCIEROS,INGRESOS,RECURSOS DE CAPITAL,RENDIMIENTOS FINANCIEROS,No Aplica,No Aplica,No Aplica,No Aplica,No Aplica,No Aplica,No Aplica,,,,,,,,2022,Tercer Trimestre,4367849.0,4367849.0,,,,,,,,,,,,,,,,,,,,
5336452,20211201,923272885,E.S.P Por Santa Rosa Sostenible S.A.S,1,INGRESOS,INGRESOS,No Aplica,No Aplica,No Aplica,No Aplica,No Aplica,No Aplica,No Aplica,No Aplica,No Aplica,,,,,,,,2021,Cuarto Trimestre,2814811119.0,2373498601.0,,,,,,,,,,,,,,,,,,,,
5339830,20211201,923272885,E.S.P Por Santa Rosa Sostenible S.A.S,1.2.13.01,REINTEGROS,INGRESOS,RECURSOS DE CAPITAL,REINTEGROS Y OTROS RECURSOS NO APROPIADOS,REINTEGROS,No Aplica,No Aplica,No Aplica,No Aplica,No Aplica,No Aplica,,,,,,,,2021,Cuarto Trimestre,5697482.0,0.0,,,,,,,,,,,,,,,,,,,,
5340879,20230301,923272885,E.S.P Por Santa Rosa Sostenible S.A.S,1.0.02,BANCOS,INGRESOS,DISPONIBILIDAD INICIAL,BANCOS,No Aplica,No Aplica,No Aplica,No Aplica,No Aplica,No Aplica,No Aplica,,,,,,,,2023,Primer Trimestre,361761962.0,0.0,,,,,,,,,,,,,,,,,,,,
5344379,20230601,923272885,E.S.P Por Santa Rosa Sostenible S.A.S,1.1.02.05,VENTA DE BIENES Y SERVICIOS,INGRESOS,INGRESOS CORRIENTES,INGRESOS NO TRIBUTARIOS,VENTA DE BIENES Y SERVICIOS,No Aplica,No Aplica,No Aplica,No Aplica,No Aplica,No Aplica,,,,,,,,2023,Segundo Trimestre,3243507539.0,2765264000.0,,,,,,,,,,,,,,,,,,,,
5363869,20211201,923272885,E.S.P Por Santa Rosa Sostenible S.A.S,1.2.09,RECUPERACION DE CARTERA - PRESTAMOS,INGRESOS,RECURSOS DE CAPITAL,RECUPERACION DE CARTERA - PRESTAMOS,No Aplica,No Aplica,No Aplica,No Aplica,No Aplica,No Aplica,No Aplica,,,,,,,,2021,Cuarto Trimestre,307308000.0,280739000.0,,,,,,,,,,,,,,,,,,,,
5369929,20210901,923272885,E.S.P Por Santa Rosa Sostenible S.A.S,1.1.02,INGRESOS NO TRIBUTARIOS,INGRESOS,INGRESOS CORRIENTES,INGRESOS NO TRIBUTARIOS,No Aplica,No Aplica,No Aplica,No Aplica,No Aplica,No Aplica,No Aplica,,,,,,,,2021,Tercer Trimestre,2089759601.0,2089759601.0,,,,,,,,,,,,,,,,,,,,
5370737,20230301,923272885,E.S.P Por Santa Rosa Sostenible S.A.S,1.2.05.02,DEPOSITOS,INGRESOS,RECURSOS DE CAPITAL,RENDIMIENTOS FINANCIEROS,DEPOSITOS,No Aplica,No Aplica,No Aplica,No Aplica,No Aplica,No Aplica,,,,,,,,2023,Primer Trimestre,12000000.0,12000000.0,,,,,,,,,,,,,,,,,,,,
5379226,20230301,923272885,E.S.P Por Santa Rosa Sostenible S.A.S,1.0,DISPONIBILIDAD INICIAL,INGRESOS,DISPONIBILIDAD INICIAL,No Aplica,No Aplica,No Aplica,No Aplica,No Aplica,No Aplica,No Aplica,No Aplica,,,,,,,,2023,Primer Trimestre,361761962.0,0.0,,,,,,,,,,,,,,,,,,,,
5381932,20220901,923272885,E.S.P Por Santa Rosa Sostenible S.A.S,1.1,INGRESOS CORRIENTES,INGRESOS,INGRESOS CORRIENTES,No Aplica,No Aplica,No Aplica,No Aplica,No Aplica,No Aplica,No Aplica,No Aplica,,,,,,,,2022,Tercer Trimestre,2735632151.0,2735632151.0,,,,,,,,,,,,,,,,,,,,
5392664,20220301,923272885,E.S.P Por Santa Rosa Sostenible S.A.S,1.0,DISPONIBILIDAD INICIAL,INGRESOS,DISPONIBILIDAD INICIAL,No Aplica,No Aplica,No Aplica,No Aplica,No Aplica,No Aplica,No Aplica,No Aplica,,,,,,,,2022,Primer Trimestre,213925382.0,0.0,,,,,,,,,,,,,,,,,,,,
5394908,20210601,923272885,E.S.P Por Santa Rosa Sostenible S.A.S,1.1.02.05.002.06,"COMERCIO Y DISTRIBUCION; ALOJAMIENTO; SERVICIOS DE SUMINISTRO DE COMIDAS Y BEBIDAS; SERVICIOS DE TRANSPORTE; Y SERVICIOS DE DISTRIBUCION DE ELECTRICIDAD, GAS Y AGUA",INGRESOS,INGRESOS CORRIENTES,INGRESOS NO TRIBUTARIOS,VENTA DE BIENES Y SERVICIOS,VENTAS INCIDENTALES DE ESTABLECIMIENTOS NO DE MERCADO,"COMERCIO Y DISTRIBUCION; ALOJAMIENTO; SERVICIOS DE SUMINISTRO DE COMIDAS Y BEBIDAS; SERVICIOS DE TRANSPORTE; Y SERVICIOS DE DISTRIBUCION DE ELECTRICIDAD, GAS Y AGUA",No Aplica,No Aplica,No Aplica,No Aplica,,,,,,,,2021,Segundo Trimestre,2089759601.0,2089759601.0,,,,,,,,,,,,,,,,,,,,
5396846,20210901,923272885,E.S.P Por Santa Rosa Sostenible S.A.S,1.1.02.05,VENTA DE BIENES Y SERVICIOS,INGRESOS,INGRESOS CORRIENTES,INGRESOS NO TRIBUTARIOS,VENTA DE BIENES Y SERVICIOS,No Aplica,No Aplica,No Aplica,No Aplica,No Aplica,No Aplica,,,,,,,,2021,Tercer Trimestre,2089759601.0,2089759601.0,,,,,,,,,,,,,,,,,,,,
5404203,20221201,923272885,E.S.P Por Santa Rosa Sostenible S.A.S,1.1.02.05,VENTA DE BIENES Y SERVICIOS,INGRESOS,INGRESOS CORRIENTES,INGRESOS NO TRIBUTARIOS,VENTA DE BIENES Y SERVICIOS,No Aplica,No Aplica,No Aplica,No Aplica,No Aplica,No Aplica,,,,,,,,2022,Cuarto Trimestre,3574826882.0,2735632151.0,,,,,,,,,,,,,,,,,,,,
5419358,20220301,923272885,E.S.P Por Santa Rosa Sostenible S.A.S,1.1.02,INGRESOS NO TRIBUTARIOS,INGRESOS,INGRESOS CORRIENTES,INGRESOS NO TRIBUTARIOS,No Aplica,No Aplica,No Aplica,No Aplica,No Aplica,No Aplica,No Aplica,,,,,,,,2022,Primer Trimestre,2735632151.0,2735632151.0,,,,,,,,,,,,,,,,,,,,
5424494,20210601,923272885,E.S.P Por Santa Rosa Sostenible S.A.S,1.2,RECURSOS DE CAPITAL,INGRESOS,RECURSOS DE CAPITAL,No Aplica,No Aplica,No Aplica,No Aplica,No Aplica,No Aplica,No Aplica,No Aplica,,,,,,,,2021,Segundo Trimestre,310308000.0,283739000.0,,,,,,,,,,,,,,,,,,,,
5429544,20210601,923272885,E.S.P Por Santa Rosa Sostenible S.A.S,1.1.02.05.002,VENTAS INCIDENTALES DE ESTABLECIMIENTOS NO DE MERCADO,INGRESOS,INGRESOS CORRIENTES,INGRESOS NO TRIBUTARIOS,VENTA DE BIENES Y SERVICIOS,VENTAS INCIDENTALES DE ESTABLECIMIENTOS NO DE MERCADO,No Aplica,No Aplica,No Aplica,No Aplica,No Aplica,,,,,,,,2021,Segundo Trimestre,2089759601.0,2089759601.0,,,,,,,,,,,,,,,,,,,,
5435966,20230301,923272885,E.S.P Por Santa Rosa Sostenible S.A.S,1,INGRESOS,INGRESOS,No Aplica,No Aplica,No Aplica,No Aplica,No Aplica,No Aplica,No Aplica,No Aplica,No Aplica,,,,,,,,2023,Primer Trimestre,3617269501.0,2777264000.0,,,,,,,,,,,,,,,,,,,,
5436025,20211201,923272885,E.S.P Por Santa Rosa Sostenible S.A.S,1.1,INGRESOS CORRIENTES,INGRESOS,INGRESOS CORRIENTES,No Aplica,No Aplica,No Aplica,No Aplica,No Aplica,No Aplica,No Aplica,No Aplica,,,,,,,,2021,Cuarto Trimestre,2498805637.0,2089759601.0,,,,,,,,,,,,,,,,,,,,
5462702,20210901,923272885,E.S.P Por Santa Rosa Sostenible S.A.S,1.1,INGRESOS CORRIENTES,INGRESOS,INGRESOS CORRIENTES,No Aplica,No Aplica,No Aplica,No Aplica,No Aplica,No Aplica,No Aplica,No Aplica,,,,,,,,2021,Tercer Trimestre,2089759601.0,2089759601.0,,,,,,,,,,,,,,,,,,,,
5473291,20210601,923272885,E.S.P Por Santa Rosa Sostenible S.A.S,1.2.05.02,DEPOSITOS,INGRESOS,RECURSOS DE CAPITAL,RENDIMIENTOS FINANCIEROS,DEPOSITOS,No Aplica,No Aplica,No Aplica,No Aplica,No Aplica,No Aplica,,,,,,,,2021,Segundo Trimestre,3000000.0,3000000.0,,,,,,,,,,,,,,,,,,,,
5473745,20221201,923272885,E.S.P Por Santa Rosa Sostenible S.A.S,1.2.05.02,DEPOSITOS,INGRESOS,RECURSOS DE CAPITAL,RENDIMIENTOS FINANCIEROS,DEPOSITOS,No Aplica,No Aplica,No Aplica,No Aplica,No Aplica,No Aplica,,,,,,,,2022,Cuarto Trimestre,4367849.0,4367849.0,,,,,,,,,,,,,,,,,,,,
5474421,20220901,923272885,E.S.P Por Santa Rosa Sostenible S.A.S,1.1.02.05,VENTA DE BIENES Y SERVICIOS,INGRESOS,INGRESOS CORRIENTES,INGRESOS NO TRIBUTARIOS,VENTA DE BIENES Y SERVICIOS,No Aplica,No Aplica,No Aplica,No Aplica,No Aplica,No Aplica,,,,,,,,2022,Tercer Trimestre,2735632151.0,2735632151.0,,,,,,,,,,,,,,,,,,,,
5476241,20210301,923272885,E.S.P Por Santa Rosa Sostenible S.A.S,1.1.02.05.001.06,"COMERCIO Y DISTRIBUCION; ALOJAMIENTO; SERVICIOS DE SUMINISTRO DE COMIDAS Y BEBIDAS; SERVICIOS DE TRANSPORTE; Y SERVICIOS DE DISTRIBUCION DE ELECTRICIDAD, GAS Y AGUA",INGRESOS,INGRESOS CORRIENTES,INGRESOS NO TRIBUTARIOS,VENTA DE BIENES Y SERVICIOS,VENTAS DE ESTABLECIMIENTOS DE MERCADO,"COMERCIO Y DISTRIBUCION; ALOJAMIENTO; SERVICIOS DE SUMINISTRO DE COMIDAS Y BEBIDAS; SERVICIOS DE TRANSPORTE; Y SERVICIOS DE DISTRIBUCION DE ELECTRICIDAD, GAS Y AGUA",No Aplica,No Aplica,No Aplica,No Aplica,,,,,,,,2021,Primer Trimestre,2397064601.0,2370498601.0,,,,,,,,,,,,,,,,,,,,
5477537,20211201,923272885,E.S.P Por Santa Rosa Sostenible S.A.S,1.1.02.06,TRANSFERENCIAS CORRIENTES,INGRESOS,INGRESOS CORRIENTES,INGRESOS NO TRIBUTARIOS,TRANSFERENCIAS CORRIENTES,No Aplica,No Aplica,No Aplica,No Aplica,No Aplica,No Aplica,,,,,,,,2021,Cuarto Trimestre,4047600.0,0.0,,,,,,,,,,,,,,,,,,,,
5479911,20230301,923272885,E.S.P Por Santa Rosa Sostenible S.A.S,1.1.02.05.001.01,"MINERALES, ELECTRICIDAD, GAS Y AGUA",INGRESOS,INGRESOS CORRIENTES,INGRESOS NO TRIBUTARIOS,VENTA DE BIENES Y SERVICIOS,VENTAS DE ESTABLECIMIENTOS DE MERCADO,"MINERALES, ELECTRICIDAD, GAS Y AGUA",No Aplica,No Aplica,No Aplica,No Aplica,,,,,,,,2023,Primer Trimestre,2765264000.0,2765264000.0,,,,,,,,,,,,,,,,,,,,
5492101,20211201,923272885,E.S.P Por Santa Rosa Sostenible S.A.S,1.2.05,RENDIMIENTOS FINANCIEROS,INGRESOS,RECURSOS DE CAPITAL,RENDIMIENTOS FINANCIEROS,No Aplica,No Aplica,No Aplica,No Aplica,No Aplica,No Aplica,No Aplica,,,,,,,,2021,Cuarto Trimestre,3000000.0,3000000.0,,,,,,,,,,,,,,,,,,,,
5496527,20221201,923272885,E.S.P Por Santa Rosa Sostenible S.A.S,1.2.05,RENDIMIENTOS FINANCIEROS,INGRESOS,RECURSOS DE CAPITAL,RENDIMIENTOS FINANCIEROS,No Aplica,No Aplica,No Aplica,No Aplica,No Aplica,No Aplica,No Aplica,,,,,,,,2022,Cuarto Trimestre,4367849.0,4367849.0,,,,,,,,,,,,,,,,,,,,
5500288,20221201,923272885,E.S.P Por Santa Rosa Sostenible S.A.S,1.1.02,INGRESOS NO TRIBUTARIOS,INGRESOS,INGRESOS CORRIENTES,INGRESOS NO TRIBUTARIOS,No Aplica,No Aplica,No Aplica,No Aplica,No Aplica,No Aplica,No Aplica,,,,,,,,2022,Cuarto Trimestre,3574826882.0,2735632151.0,,,,,,,,,,,,,,,,,,,,
5500342,20220901,923272885,E.S.P Por Santa Rosa Sostenible S.A.S,1.1.02.05.001,VENTAS DE ESTABLECIMIENTOS DE MERCADO,INGRESOS,INGRESOS CORRIENTES,INGRESOS NO TRIBUTARIOS,VENTA DE BIENES Y SERVICIOS,VENTAS DE ESTABLECIMIENTOS DE MERCADO,No Aplica,No Aplica,No Aplica,No Aplica,No Aplica,,,,,,,,2022,Tercer Trimestre,2735632151.0,2735632151.0,,,,,,,,,,,,,,,,,,,,
5508787,20211201,923272885,E.S.P Por Santa Rosa Sostenible S.A.S,1.1.02.06.007,SUBVENCIONES,INGRESOS,INGRESOS CORRIENTES,INGRESOS NO TRIBUTARIOS,TRANSFERENCIAS CORRIENTES,SUBVENCIONES,No Aplica,No Aplica,No Aplica,No Aplica,No Aplica,,,,,,,,2021,Cuarto Trimestre,4047600.0,0.0,,,,,,,,,,,,,,,,,,,,
5512895,20220301,923272885,E.S.P Por Santa Rosa Sostenible S.A.S,1.1.02.05,VENTA DE BIENES Y SERVICIOS,INGRESOS,INGRESOS CORRIENTES,INGRESOS NO TRIBUTARIOS,VENTA DE BIENES Y SERVICIOS,No Aplica,No Aplica,No Aplica,No Aplica,No Aplica,No Aplica,,,,,,,,2022,Primer Trimestre,2735632151.0,2735632151.0,,,,,,,,,,,,,,,,,,,,
5515816,20210301,923272885,E.S.P Por Santa Rosa Sostenible S.A.S,1.1.02.05,VENTA DE BIENES Y SERVICIOS,INGRESOS,INGRESOS CORRIENTES,INGRESOS NO TRIBUTARIOS,VENTA DE BIENES Y SERVICIOS,No Aplica,No Aplica,No Aplica,No Aplica,No Aplica,No Aplica,,,,,,,,2021,Primer Trimestre,2397064601.0,2370498601.0,,,,,,,,,,,,,,,,,,,,
5519136,20220301,923272885,E.S.P Por Santa Rosa Sostenible S.A.S,1.2,RECURSOS DE CAPITAL,INGRESOS,RECURSOS DE CAPITAL,No Aplica,No Aplica,No Aplica,No Aplica,No Aplica,No Aplica,No Aplica,No Aplica,,,,,,,,2022,Primer Trimestre,4367849.0,4367849.0,,,,,,,,,,,,,,,,,,,,
5524419,20230601,923272885,E.S.P Por Santa Rosa Sostenible S.A.S,1.1.02.05.001.01,"MINERALES, ELECTRICIDAD, GAS Y AGUA",INGRESOS,INGRESOS CORRIENTES,INGRESOS NO TRIBUTARIOS,VENTA DE BIENES Y SERVICIOS,VENTAS DE ESTABLECIMIENTOS DE MERCADO,"MINERALES, ELECTRICIDAD, GAS Y AGUA",No Aplica,No Aplica,No Aplica,No Aplica,,,,,,,,2023,Segundo Trimestre,2765264000.0,2765264000.0,,,,,,,,,,,,,,,,,,,,
5532721,20230301,923272885,E.S.P Por Santa Rosa Sostenible S.A.S,1.2,RECURSOS DE CAPITAL,INGRESOS,RECURSOS DE CAPITAL,No Aplica,No Aplica,No Aplica,No Aplica,No Aplica,No Aplica,No Aplica,No Aplica,,,,,,,,2023,Primer Trimestre,12000000.0,12000000.0,,,,,,,,,,,,,,,,,,,,
5533656,20230601,923272885,E.S.P Por Santa Rosa Sostenible S.A.S,1.0.02,BANCOS,INGRESOS,DISPONIBILIDAD INICIAL,BANCOS,No Aplica,No Aplica,No Aplica,No Aplica,No Aplica,No Aplica,No Aplica,,,,,,,,2023,Segundo Trimestre,361761962.0,0.0,,,,,,,,,,,,,,,,,,,,
5536481,20220301,923272885,E.S.P Por Santa Rosa Sostenible S.A.S,1.2.05,RENDIMIENTOS FINANCIEROS,INGRESOS,RECURSOS DE CAPITAL,RENDIMIENTOS FINANCIEROS,No Aplica,No Aplica,No Aplica,No Aplica,No Aplica,No Aplica,No Aplica,,,,,,,,2022,Primer Trimestre,4367849.0,4367849.0,,,,,,,,,,,,,,,,,,,,
6115087,20230901,923272885,E.S.P Por Santa Rosa Sostenible S.A.S,1.2.05,RENDIMIENTOS FINANCIEROS,INGRESOS,RECURSOS DE CAPITAL,RENDIMIENTOS FINANCIEROS,No Aplica,No Aplica,No Aplica,No Aplica,No Aplica,No Aplica,No Aplica,,,,,,,,2023,Tercer Trimestre,12000000.0,12000000.0,,,,,,,,,,,,,,,,,,,,
6120350,20230901,923272885,E.S.P Por Santa Rosa Sostenible S.A.S,1.0.02,BANCOS,INGRESOS,DISPONIBILIDAD INICIAL,BANCOS,No Aplica,No Aplica,No Aplica,No Aplica,No Aplica,No Aplica,No Aplica,,,,,,,,2023,Tercer Trimestre,361761962.0,0.0,,,,,,,,,,,,,,,,,,,,
6146454,20230901,923272885,E.S.P Por Santa Rosa Sostenible S.A.S,1.1.02.05.001.01,"MINERALES, ELECTRICIDAD, GAS Y AGUA",INGRESOS,INGRESOS CORRIENTES,INGRESOS NO TRIBUTARIOS,VENTA DE BIENES Y SERVICIOS,VENTAS DE ESTABLECIMIENTOS DE MERCADO,"MINERALES, ELECTRICIDAD, GAS Y AGUA",No Aplica,No Aplica,No Aplica,No Aplica,,,,,,,,2023,Tercer Trimestre,2765264000.0,2765264000.0,,,,,,,,,,,,,,,,,,,,
6147490,20230901,923272885,E.S.P Por Santa Rosa Sostenible S.A.S,1.1.02.05.001.08,SERVICIOS PRESTADOS A LAS EMPRESAS Y SERVICIOS DE PRODUCCION,INGRESOS,INGRESOS CORRIENTES,INGRESOS NO TRIBUTARIOS,VENTA DE BIENES Y SERVICIOS,VENTAS DE ESTABLECIMIENTOS DE MERCADO,SERVICIOS PRESTADOS A LAS EMPRESAS Y SERVICIOS DE PRODUCCION,No Aplica,No Aplica,No Aplica,No Aplica,,,,,,,,2023,Tercer Trimestre,478243539.0,0.0,,,,,,,,,,,,,,,,,,,,
6153869,20230901,923272885,E.S.P Por Santa Rosa Sostenible S.A.S,1,INGRESOS,INGRESOS,No Aplica,No Aplica,No Aplica,No Aplica,No Aplica,No Aplica,No Aplica,No Aplica,No Aplica,,,,,,,,2023,Tercer Trimestre,3617269501.0,2777264000.0,,,,,,,,,,,,,,,,,,,,
6166510,20230901,923272885,E.S.P Por Santa Rosa Sostenible S.A.S,1.2.05.02,DEPOSITOS,INGRESOS,RECURSOS DE CAPITAL,RENDIMIENTOS FINANCIEROS,DEPOSITOS,No Aplica,No Aplica,No Aplica,No Aplica,No Aplica,No Aplica,,,,,,,,2023,Tercer Trimestre,12000000.0,12000000.0,,,,,,,,,,,,,,,,,,,,
6177640,20230901,923272885,E.S.P Por Santa Rosa Sostenible S.A.S,1.1.02.05,VENTA DE BIENES Y SERVICIOS,INGRESOS,INGRESOS CORRIENTES,INGRESOS NO TRIBUTARIOS,VENTA DE BIENES Y SERVICIOS,No Aplica,No Aplica,No Aplica,No Aplica,No Aplica,No Aplica,,,,,,,,2023,Tercer Trimestre,3243507539.0,2765264000.0,,,,,,,,,,,,,,,,,,,,
6180828,20230901,923272885,E.S.P Por Santa Rosa Sostenible S.A.S,1.1.02,INGRESOS NO TRIBUTARIOS,INGRESOS,INGRESOS CORRIENTES,INGRESOS NO TRIBUTARIOS,No Aplica,No Aplica,No Aplica,No Aplica,No Aplica,No Aplica,No Aplica,,,,,,,,2023,Tercer Trimestre,3243507539.0,2765264000.0,,,,,,,,,,,,,,,,,,,,
6202700,20230901,923272885,E.S.P Por Santa Rosa Sostenible S.A.S,1.0,DISPONIBILIDAD INICIAL,INGRESOS,DISPONIBILIDAD INICIAL,No Aplica,No Aplica,No Aplica,No Aplica,No Aplica,No Aplica,No Aplica,No Aplica,,,,,,,,2023,Tercer Trimestre,361761962.0,0.0,,,,,,,,,,,,,,,,,,,,
6213077,20230901,923272885,E.S.P Por Santa Rosa Sostenible S.A.S,1.1.02.05.001,VENTAS DE ESTABLECIMIENTOS DE MERCADO,INGRESOS,INGRESOS CORRIENTES,INGRESOS NO TRIBUTARIOS,VENTA DE BIENES Y SERVICIOS,VENTAS DE ESTABLECIMIENTOS DE MERCADO,No Aplica,No Aplica,No Aplica,No Aplica,No Aplica,,,,,,,,2023,Tercer Trimestre,3243507539.0,2765264000.0,,,,,,,,,,,,,,,,,,,,
6214845,20230901,923272885,E.S.P Por Santa Rosa Sostenible S.A.S,1.2,RECURSOS DE CAPITAL,INGRESOS,RECURSOS DE CAPITAL,No Aplica,No Aplica,No Aplica,No Aplica,No Aplica,No Aplica,No Aplica,No Aplica,,,,,,,,2023,Tercer Trimestre,12000000.0,12000000.0,,,,,,,,,,,,,,,,,,,,
6220229,20230901,923272885,E.S.P Por Santa Rosa Sostenible S.A.S,1.1,INGRESOS CORRIENTES,INGRESOS,INGRESOS CORRIENTES,No Aplica,No Aplica,No Aplica,No Aplica,No Aplica,No Aplica,No Aplica,No Aplica,,,,,,,,2023,Tercer Trimestre,3243507539.0,2765264000.0,,,,,,,,,,,,,,,,,,,,
6244004,20210301,923272885,E.S.P Por Santa Rosa Sostenible S.A.S,1.1.02.05.001.06,"COMERCIO Y DISTRIBUCION; ALOJAMIENTO; SERVICIOS DE SUMINISTRO DE COMIDAS Y BEBIDAS; SERVICIOS DE TRANSPORTE; Y SERVICIOS DE DISTRIBUCION DE ELECTRICIDAD, GAS Y AGUA",INGRESOS,INGRESOS CORRIENTES,INGRESOS NO TRIBUTARIOS,VENTA DE BIENES Y SERVICIOS,VENTAS DE ESTABLECIMIENTOS DE MERCADO,"COMERCIO Y DISTRIBUCION; ALOJAMIENTO; SERVICIOS DE SUMINISTRO DE COMIDAS Y BEBIDAS; SERVICIOS DE TRANSPORTE; Y SERVICIOS DE DISTRIBUCION DE ELECTRICIDAD, GAS Y AGUA",No Aplica,No Aplica,No Aplica,No Aplica,,,,,,,,2021,Primer Trimestre,,,634897114.0,17100 - ENERGÍA ELÉCTRICA,1.2.3.2.09 - VENTA DE BIENES Y SERVICIOS,NO APLICA,NO APLICA,NO APLICA,NO APLICA,NO APLICA,NO APLICA,NO APLICA,0.0,634897114.0,0.0,0.0,,,,,,
6257657,20230301,923272885,E.S.P Por Santa Rosa Sostenible S.A.S,1.1.02.05.001.01,"MINERALES, ELECTRICIDAD, GAS Y AGUA",INGRESOS,INGRESOS CORRIENTES,INGRESOS NO TRIBUTARIOS,VENTA DE BIENES Y SERVICIOS,VENTAS DE ESTABLECIMIENTOS DE MERCADO,"MINERALES, ELECTRICIDAD, GAS Y AGUA",No Aplica,No Aplica,No Aplica,No Aplica,,,,,,,,2023,Primer Trimestre,,,651008101.0,ENERGIA ELECTRICA,R.B. IMPUESTO DE ALUMBRADO PUBLICO,NO APLICA,NO APLICA,NO APLICA,NO APLICA,NO APLICA,NO APLICA,NO APLICA,54341905.0,596666196.0,0.0,0.0,,,,,,
6274270,20230601,923272885,E.S.P Por Santa Rosa Sostenible S.A.S,1.1.02.05.001.08,SERVICIOS PRESTADOS A LAS EMPRESAS Y SERVICIOS DE PRODUCCION,INGRESOS,INGRESOS CORRIENTES,INGRESOS NO TRIBUTARIOS,VENTA DE BIENES Y SERVICIOS,VENTAS DE ESTABLECIMIENTOS DE MERCADO,SERVICIOS PRESTADOS A LAS EMPRESAS Y SERVICIOS DE PRODUCCION,No Aplica,No Aplica,No Aplica,No Aplica,,,,,,,,2023,Segundo Trimestre,,,473262055.0,OTROS SERVICIOS DE INSTALACION DE MAQUINARIA Y APARATOS ELECTRICOS N C P,VENTA DE BIENES Y SERVICIOS CON DESTINACION ESPECIFICA LEGAL,NO APLICA,NO APLICA,NO APLICA,NO APLICA,NO APLICA,NO APLICA,NO APLICA,0.0,408979207.0,0.0,64282848.0,,,,,,
6285975,20220901,923272885,E.S.P Por Santa Rosa Sostenible S.A.S,1.1.02.05.001.01,"MINERALES, ELECTRICIDAD, GAS Y AGUA",INGRESOS,INGRESOS CORRIENTES,INGRESOS NO TRIBUTARIOS,VENTA DE BIENES Y SERVICIOS,VENTAS DE ESTABLECIMIENTOS DE MERCADO,"MINERALES, ELECTRICIDAD, GAS Y AGUA",No Aplica,No Aplica,No Aplica,No Aplica,,,,,,,,2022,Tercer Trimestre,,,72616.0,ENERGIA ELECTRICA,IMPUESTO - SOBRETASA POR EL ALUMBRADO PUBLICO,NO APLICA,NO APLICA,NO APLICA,NO APLICA,SANTA ROSA DE OSOS,NO APLICA,NO APLICA,0.0,72616.0,0.0,0.0,,,,,,
6308576,20210601,923272885,E.S.P Por Santa Rosa Sostenible S.A.S,1.2.05,RENDIMIENTOS FINANCIEROS,INGRESOS,RECURSOS DE CAPITAL,RENDIMIENTOS FINANCIEROS,No Aplica,No Aplica,No Aplica,No Aplica,No Aplica,No Aplica,No Aplica,,,,,,,,2021,Segundo Trimestre,,,823116.0,NO APLICA,NO APLICA,NO APLICA,NO APLICA,NO APLICA,NO APLICA,NO APLICA,NO APLICA,NO APLICA,0.0,823116.0,0.0,0.0,,,,,,
6315191,20221201,923272885,E.S.P Por Santa Rosa Sostenible S.A.S,1.1.02,INGRESOS NO TRIBUTARIOS,INGRESOS,INGRESOS CORRIENTES,INGRESOS NO TRIBUTARIOS,No Aplica,No Aplica,No Aplica,No Aplica,No Aplica,No Aplica,No Aplica,,,,,,,,2022,Cuarto Trimestre,,,3278955904.0,NO APLICA,NO APLICA,NO APLICA,NO APLICA,NO APLICA,NO APLICA,NO APLICA,NO APLICA,NO APLICA,0.0,3278883287.0,0.0,72617.0,,,,,,
6349633,20220301,923272885,E.S.P Por Santa Rosa Sostenible S.A.S,1.2.05.02,DEPOSITOS,INGRESOS,RECURSOS DE CAPITAL,RENDIMIENTOS FINANCIEROS,DEPOSITOS,No Aplica,No Aplica,No Aplica,No Aplica,No Aplica,No Aplica,,,,,,,,2022,Primer Trimestre,,,126987.0,NO APLICA,IMPUESTO - SOBRETASA POR EL ALUMBRADO PUBLICO,NO APLICA,NO APLICA,NO APLICA,NO APLICA,NO APLICA,NO APLICA,NO APLICA,0.0,126987.0,0.0,0.0,,,,,,
6401449,20210301,923272885,E.S.P Por Santa Rosa Sostenible S.A.S,1.2.05,RENDIMIENTOS FINANCIEROS,INGRESOS,RECURSOS DE CAPITAL,RENDIMIENTOS FINANCIEROS,No Aplica,No Aplica,No Aplica,No Aplica,No Aplica,No Aplica,No Aplica,,,,,,,,2021,Primer Trimestre,,,574660.0,NO APLICA,NO APLICA,NO APLICA,NO APLICA,NO APLICA,NO APLICA,NO APLICA,NO APLICA,NO APLICA,0.0,574660.0,0.0,0.0,,,,,,
6416003,20211201,923272885,E.S.P Por Santa Rosa Sostenible S.A.S,1.2.05,RENDIMIENTOS FINANCIEROS,INGRESOS,RECURSOS DE CAPITAL,RENDIMIENTOS FINANCIEROS,No Aplica,No Aplica,No Aplica,No Aplica,No Aplica,No Aplica,No Aplica,,,,,,,,2021,Cuarto Trimestre,,,1339784.0,NO APLICA,NO APLICA,NO APLICA,NO APLICA,NO APLICA,NO APLICA,NO APLICA,NO APLICA,NO APLICA,0.0,1339784.0,0.0,0.0,,,,,,
6421644,20220301,923272885,E.S.P Por Santa Rosa Sostenible S.A.S,1.1,INGRESOS CORRIENTES,INGRESOS,INGRESOS CORRIENTES,No Aplica,No Aplica,No Aplica,No Aplica,No Aplica,No Aplica,No Aplica,No Aplica,,,,,,,,2022,Primer Trimestre,,,567839332.0,NO APLICA,NO APLICA,NO APLICA,NO APLICA,NO APLICA,NO APLICA,NO APLICA,NO APLICA,NO APLICA,0.0,567839332.0,0.0,0.0,,,,,,
6440917,20230601,923272885,E.S.P Por Santa Rosa Sostenible S.A.S,1.1.02.05.001.01,"MINERALES, ELECTRICIDAD, GAS Y AGUA",INGRESOS,INGRESOS CORRIENTES,INGRESOS NO TRIBUTARIOS,VENTA DE BIENES Y SERVICIOS,VENTAS DE ESTABLECIMIENTOS DE MERCADO,"MINERALES, ELECTRICIDAD, GAS Y AGUA",No Aplica,No Aplica,No Aplica,No Aplica,,,,,,,,2023,Segundo Trimestre,,,1475946067.0,ENERGIA ELECTRICA,R.B. IMPUESTO DE ALUMBRADO PUBLICO,NO APLICA,NO APLICA,NO APLICA,NO APLICA,NO APLICA,NO APLICA,NO APLICA,263885173.0,1212060894.0,0.0,0.0,,,,,,
6452240,20211201,923272885,E.S.P Por Santa Rosa Sostenible S.A.S,1.2.09.04,DE OTRAS EMPRESAS,INGRESOS,RECURSOS DE CAPITAL,RECUPERACION DE CARTERA - PRESTAMOS,DE OTRAS EMPRESAS,No Aplica,No Aplica,No Aplica,No Aplica,No Aplica,No Aplica,,,,,,,,2021,Cuarto Trimestre,,,20077026.0,NO APLICA,OTRAS CONTRIBUCIONES CON DESTINACION ESPECIFICA LEGAL,NO APLICA,NO APLICA,NO APLICA,NO APLICA,OTRO,NO APLICA,NO APLICA,0.0,20077026.0,0.0,0.0,,,,,,
6453000,20220901,923272885,E.S.P Por Santa Rosa Sostenible S.A.S,1.1.02.05,VENTA DE BIENES Y SERVICIOS,INGRESOS,INGRESOS CORRIENTES,INGRESOS NO TRIBUTARIOS,VENTA DE BIENES Y SERVICIOS,No Aplica,No Aplica,No Aplica,No Aplica,No Aplica,No Aplica,,,,,,,,2022,Tercer Trimestre,,,1673056700.0,NO APLICA,NO APLICA,NO APLICA,NO APLICA,NO APLICA,NO APLICA,NO APLICA,NO APLICA,NO APLICA,0.0,1673056700.0,0.0,0.0,,,,,,
6464796,20210901,923272885,E.S.P Por Santa Rosa Sostenible S.A.S,1.2.05,RENDIMIENTOS FINANCIEROS,INGRESOS,RECURSOS DE CAPITAL,RENDIMIENTOS FINANCIEROS,No Aplica,No Aplica,No Aplica,No Aplica,No Aplica,No Aplica,No Aplica,,,,,,,,2021,Tercer Trimestre,,,1164122.0,NO APLICA,NO APLICA,NO APLICA,NO APLICA,NO APLICA,NO APLICA,NO APLICA,NO APLICA,NO APLICA,0.0,1164122.0,0.0,0.0,,,,,,
6496516,20210601,923272885,E.S.P Por Santa Rosa Sostenible S.A.S,1.1.02.05.002,VENTAS INCIDENTALES DE ESTABLECIMIENTOS NO DE MERCADO,INGRESOS,INGRESOS CORRIENTES,INGRESOS NO TRIBUTARIOS,VENTA DE BIENES Y SERVICIOS,VENTAS INCIDENTALES DE ESTABLECIMIENTOS NO DE MERCADO,No Aplica,No Aplica,No Aplica,No Aplica,No Aplica,,,,,,,,2021,Segundo Trimestre,,,1377476608.0,NO APLICA,NO APLICA,NO APLICA,NO APLICA,NO APLICA,NO APLICA,NO APLICA,NO APLICA,NO APLICA,0.0,1377476608.0,0.0,0.0,,,,,,
6498246,20210901,923272885,E.S.P Por Santa Rosa Sostenible S.A.S,1.1.02.05.002,VENTAS INCIDENTALES DE ESTABLECIMIENTOS NO DE MERCADO,INGRESOS,INGRESOS CORRIENTES,INGRESOS NO TRIBUTARIOS,VENTA DE BIENES Y SERVICIOS,VENTAS INCIDENTALES DE ESTABLECIMIENTOS NO DE MERCADO,No Aplica,No Aplica,No Aplica,No Aplica,No Aplica,,,,,,,,2021,Tercer Trimestre,,,1979357610.0,NO APLICA,NO APLICA,NO APLICA,NO APLICA,NO APLICA,NO APLICA,NO APLICA,NO APLICA,NO APLICA,0.0,1979357610.0,0.0,0.0,,,,,,
6532131,20210301,923272885,E.S.P Por Santa Rosa Sostenible S.A.S,1.2.13.01,REINTEGROS,INGRESOS,RECURSOS DE CAPITAL,REINTEGROS Y OTROS RECURSOS NO APROPIADOS,REINTEGROS,No Aplica,No Aplica,No Aplica,No Aplica,No Aplica,No Aplica,,,,,,,,2021,Primer Trimestre,,,3000.0,NO APLICA,1.2.3.2.09 - VENTA DE BIENES Y SERVICIOS,NO APLICA,NO APLICA,NO APLICA,NO APLICA,NO APLICA,NO APLICA,NO APLICA,0.0,3000.0,0.0,0.0,,,,,,
6539871,20210601,923272885,E.S.P Por Santa Rosa Sostenible S.A.S,1.2.05.02,DEPOSITOS,INGRESOS,RECURSOS DE CAPITAL,RENDIMIENTOS FINANCIEROS,DEPOSITOS,No Aplica,No Aplica,No Aplica,No Aplica,No Aplica,No Aplica,,,,,,,,2021,Segundo Trimestre,,,823116.0,NO APLICA,NO APLICA,NO APLICA,NO APLICA,NO APLICA,NO APLICA,NO APLICA,NO APLICA,NO APLICA,0.0,823116.0,0.0,0.0,,,,,,
6561436,20230601,923272885,E.S.P Por Santa Rosa Sostenible S.A.S,1.2,RECURSOS DE CAPITAL,INGRESOS,RECURSOS DE CAPITAL,No Aplica,No Aplica,No Aplica,No Aplica,No Aplica,No Aplica,No Aplica,No Aplica,,,,,,,,2023,Segundo Trimestre,,,4219675.0,NO APLICA,NO APLICA,NO APLICA,NO APLICA,NO APLICA,NO APLICA,NO APLICA,NO APLICA,NO APLICA,0.0,4219675.0,0.0,0.0,,,,,,
6634516,20220901,923272885,E.S.P Por Santa Rosa Sostenible S.A.S,1.2.05.02,DEPOSITOS,INGRESOS,RECURSOS DE CAPITAL,RENDIMIENTOS FINANCIEROS,DEPOSITOS,No Aplica,No Aplica,No Aplica,No Aplica,No Aplica,No Aplica,,,,,,,,2022,Tercer Trimestre,,,11849004.0,NO APLICA,IMPUESTO - SOBRETASA POR EL ALUMBRADO PUBLICO,NO APLICA,NO APLICA,NO APLICA,NO APLICA,NO APLICA,NO APLICA,NO APLICA,0.0,11849004.0,0.0,0.0,,,,,,
6667519,20230901,923272885,E.S.P Por Santa Rosa Sostenible S.A.S,1,INGRESOS,INGRESOS,No Aplica,No Aplica,No Aplica,No Aplica,No Aplica,No Aplica,No Aplica,No Aplica,No Aplica,,,,,,,,2023,Tercer Trimestre,,,2537902720.0,NO APLICA,NO APLICA,NO APLICA,NO APLICA,NO APLICA,NO APLICA,NO APLICA,NO APLICA,NO APLICA,304478749.0,2169141123.0,0.0,64282848.0,,,,,,
6682193,20210901,923272885,E.S.P Por Santa Rosa Sostenible S.A.S,1.1.02.05,VENTA DE BIENES Y SERVICIOS,INGRESOS,INGRESOS CORRIENTES,INGRESOS NO TRIBUTARIOS,VENTA DE BIENES Y SERVICIOS,No Aplica,No Aplica,No Aplica,No Aplica,No Aplica,No Aplica,,,,,,,,2021,Tercer Trimestre,,,1979357610.0,NO APLICA,NO APLICA,NO APLICA,NO APLICA,NO APLICA,NO APLICA,NO APLICA,NO APLICA,NO APLICA,0.0,1979357610.0,0.0,0.0,,,,,,
6704484,20220901,923272885,E.S.P Por Santa Rosa Sostenible S.A.S,1.2.05,RENDIMIENTOS FINANCIEROS,INGRESOS,RECURSOS DE CAPITAL,RENDIMIENTOS FINANCIEROS,No Aplica,No Aplica,No Aplica,No Aplica,No Aplica,No Aplica,No Aplica,,,,,,,,2022,Tercer Trimestre,,,11849004.0,NO APLICA,NO APLICA,NO APLICA,NO APLICA,NO APLICA,NO APLICA,NO APLICA,NO APLICA,NO APLICA,0.0,11849004.0,0.0,0.0,,,,,,
6716085,20230301,923272885,E.S.P Por Santa Rosa Sostenible S.A.S,1.1,INGRESOS CORRIENTES,INGRESOS,INGRESOS CORRIENTES,No Aplica,No Aplica,No Aplica,No Aplica,No Aplica,No Aplica,No Aplica,No Aplica,,,,,,,,2023,Primer Trimestre,,,909790949.0,NO APLICA,NO APLICA,NO APLICA,NO APLICA,NO APLICA,NO APLICA,NO APLICA,NO APLICA,NO APLICA,54341905.0,791166196.0,0.0,64282848.0,,,,,,
6724870,20221201,923272885,E.S.P Por Santa Rosa Sostenible S.A.S,1.1.02.05.001.01,"MINERALES, ELECTRICIDAD, GAS Y AGUA",INGRESOS,INGRESOS CORRIENTES,INGRESOS NO TRIBUTARIOS,VENTA DE BIENES Y SERVICIOS,VENTAS DE ESTABLECIMIENTOS DE MERCADO,"MINERALES, ELECTRICIDAD, GAS Y AGUA",No Aplica,No Aplica,No Aplica,No Aplica,,,,,,,,2022,Cuarto Trimestre,,,72617.0,ENERGIA ELECTRICA,IMPUESTO - SOBRETASA POR EL ALUMBRADO PUBLICO,NO APLICA,NO APLICA,NO APLICA,NO APLICA,SANTA ROSA DE OSOS,NO APLICA,NO APLICA,0.0,0.0,0.0,72617.0,,,,,,
6737449,20230301,923272885,E.S.P Por Santa Rosa Sostenible S.A.S,1.2.05.02,DEPOSITOS,INGRESOS,RECURSOS DE CAPITAL,RENDIMIENTOS FINANCIEROS,DEPOSITOS,No Aplica,No Aplica,No Aplica,No Aplica,No Aplica,No Aplica,,,,,,,,2023,Primer Trimestre,,,2866052.0,NO APLICA,R.B. IMPUESTO DE ALUMBRADO PUBLICO,NO APLICA,NO APLICA,NO APLICA,NO APLICA,NO APLICA,NO APLICA,NO APLICA,0.0,2866052.0,0.0,0.0,,,,,,
6752573,20211201,923272885,E.S.P Por Santa Rosa Sostenible S.A.S,1.1.02.05.002,VENTAS INCIDENTALES DE ESTABLECIMIENTOS NO DE MERCADO,INGRESOS,INGRESOS CORRIENTES,INGRESOS NO TRIBUTARIOS,VENTA DE BIENES Y SERVICIOS,VENTAS INCIDENTALES DE ESTABLECIMIENTOS NO DE MERCADO,No Aplica,No Aplica,No Aplica,No Aplica,No Aplica,,,,,,,,2021,Cuarto Trimestre,,,3030174904.0,NO APLICA,NO APLICA,NO APLICA,NO APLICA,NO APLICA,NO APLICA,NO APLICA,NO APLICA,NO APLICA,0.0,3030174904.0,0.0,0.0,,,,,,
6761450,20211201,923272885,E.S.P Por Santa Rosa Sostenible S.A.S,1.1.02.06,TRANSFERENCIAS CORRIENTES,INGRESOS,INGRESOS CORRIENTES,INGRESOS NO TRIBUTARIOS,TRANSFERENCIAS CORRIENTES,No Aplica,No Aplica,No Aplica,No Aplica,No Aplica,No Aplica,,,,,,,,2021,Cuarto Trimestre,,,200000000.0,NO APLICA,NO APLICA,NO APLICA,NO APLICA,NO APLICA,NO APLICA,NO APLICA,NO APLICA,NO APLICA,0.0,200000000.0,0.0,0.0,,,,,,
6785701,20221201,923272885,E.S.P Por Santa Rosa Sostenible S.A.S,1,INGRESOS,INGRESOS,No Aplica,No Aplica,No Aplica,No Aplica,No Aplica,No Aplica,No Aplica,No Aplica,No Aplica,,,,,,,,2022,Cuarto Trimestre,,,3395630847.0,NO APLICA,NO APLICA,NO APLICA,NO APLICA,NO APLICA,NO APLICA,NO APLICA,NO APLICA,NO APLICA,0.0,3395558230.0,0.0,72617.0,,,,,,
6785836,20211201,923272885,E.S.P Por Santa Rosa Sostenible S.A.S,1.1.02.05.002.06,"COMERCIO Y DISTRIBUCION; ALOJAMIENTO; SERVICIOS DE SUMINISTRO DE COMIDAS Y BEBIDAS; SERVICIOS DE TRANSPORTE; Y SERVICIOS DE DISTRIBUCION DE ELECTRICIDAD, GAS Y AGUA",INGRESOS,INGRESOS CORRIENTES,INGRESOS NO TRIBUTARIOS,VENTA DE BIENES Y SERVICIOS,VENTAS INCIDENTALES DE ESTABLECIMIENTOS NO DE MERCADO,"COMERCIO Y DISTRIBUCION; ALOJAMIENTO; SERVICIOS DE SUMINISTRO DE COMIDAS Y BEBIDAS; SERVICIOS DE TRANSPORTE; Y SERVICIOS DE DISTRIBUCION DE ELECTRICIDAD, GAS Y AGUA",No Aplica,No Aplica,No Aplica,No Aplica,,,,,,,,2021,Cuarto Trimestre,,,172354769.0,SERVICIOS DE DISTRIBUCION DE ELECTRICIDAD POR CUENTA PROPIA,OTRAS CONTRIBUCIONES CON DESTINACION ESPECIFICA LEGAL,NO APLICA,NO APLICA,NO APLICA,NO APLICA,FIDUCIARIA LA PREVISORA S.A.,NO APLICA,NO APLICA,0.0,172354769.0,0.0,0.0,,,,,,
6794310,20230601,923272885,E.S.P Por Santa Rosa Sostenible S.A.S,1.1,INGRESOS CORRIENTES,INGRESOS,INGRESOS CORRIENTES,No Aplica,No Aplica,No Aplica,No Aplica,No Aplica,No Aplica,No Aplica,No Aplica,,,,,,,,2023,Segundo Trimestre,,,1949208122.0,NO APLICA,NO APLICA,NO APLICA,NO APLICA,NO APLICA,NO APLICA,NO APLICA,NO APLICA,NO APLICA,263885173.0,1621040101.0,0.0,64282848.0,,,,,,
6813986,20210901,923272885,E.S.P Por Santa Rosa Sostenible S.A.S,1.2.13.01,REINTEGROS,INGRESOS,RECURSOS DE CAPITAL,REINTEGROS Y OTROS RECURSOS NO APROPIADOS,REINTEGROS,No Aplica,No Aplica,No Aplica,No Aplica,No Aplica,No Aplica,,,,,,,,2021,Tercer Trimestre,,,5697482.0,NO APLICA,NO APLICA,NO APLICA,NO APLICA,NO APLICA,NO APLICA,OTRO,NO APLICA,NO APLICA,0.0,5697482.0,0.0,0.0,,,,,,
6815579,20210601,923272885,E.S.P Por Santa Rosa Sostenible S.A.S,1,INGRESOS,INGRESOS,No Aplica,No Aplica,No Aplica,No Aplica,No Aplica,No Aplica,No Aplica,No Aplica,No Aplica,,,,,,,,2021,Segundo Trimestre,,,1383997206.0,NO APLICA,NO APLICA,NO APLICA,NO APLICA,NO APLICA,NO APLICA,NO APLICA,NO APLICA,NO APLICA,0.0,1383997206.0,0.0,0.0,,,,,,
6837247,20230901,923272885,E.S.P Por Santa Rosa Sostenible S.A.S,1.1.02.05,VENTA DE BIENES Y SERVICIOS,INGRESOS,INGRESOS CORRIENTES,INGRESOS NO TRIBUTARIOS,VENTA DE BIENES Y SERVICIOS,No Aplica,No Aplica,No Aplica,No Aplica,No Aplica,No Aplica,,,,,,,,2023,Tercer Trimestre,,,2529259763.0,NO APLICA,NO APLICA,NO APLICA,NO APLICA,NO APLICA,NO APLICA,NO APLICA,NO APLICA,NO APLICA,304478749.0,2160498166.0,0.0,64282848.0,,,,,,
6846565,20230601,923272885,E.S.P Por Santa Rosa Sostenible S.A.S,1.1.02.05,VENTA DE BIENES Y SERVICIOS,INGRESOS,INGRESOS CORRIENTES,INGRESOS NO TRIBUTARIOS,VENTA DE BIENES Y SERVICIOS,No Aplica,No Aplica,No Aplica,No Aplica,No Aplica,No Aplica,,,,,,,,2023,Segundo Trimestre,,,1949208122.0,NO APLICA,NO APLICA,NO APLICA,NO APLICA,NO APLICA,NO APLICA,NO APLICA,NO APLICA,NO APLICA,263885173.0,1621040101.0,0.0,64282848.0,,,,,,
6862806,20220901,923272885,E.S.P Por Santa Rosa Sostenible S.A.S,1,INGRESOS,INGRESOS,No Aplica,No Aplica,No Aplica,No Aplica,No Aplica,No Aplica,No Aplica,No Aplica,No Aplica,,,,,,,,2022,Tercer Trimestre,,,1684905704.0,NO APLICA,NO APLICA,NO APLICA,NO APLICA,NO APLICA,NO APLICA,NO APLICA,NO APLICA,NO APLICA,0.0,1684905704.0,0.0,0.0,,,,,,
6867117,20210901,923272885,E.S.P Por Santa Rosa Sostenible S.A.S,1.2.13,REINTEGROS Y OTROS RECURSOS NO APROPIADOS,INGRESOS,RECURSOS DE CAPITAL,REINTEGROS Y OTROS RECURSOS NO APROPIADOS,No Aplica,No Aplica,No Aplica,No Aplica,No Aplica,No Aplica,No Aplica,,,,,,,,2021,Tercer Trimestre,,,5697482.0,NO APLICA,NO APLICA,NO APLICA,NO APLICA,NO APLICA,NO APLICA,NO APLICA,NO APLICA,NO APLICA,0.0,5697482.0,0.0,0.0,,,,,,
6868503,20230601,923272885,E.S.P Por Santa Rosa Sostenible S.A.S,1.2.05,RENDIMIENTOS FINANCIEROS,INGRESOS,RECURSOS DE CAPITAL,RENDIMIENTOS FINANCIEROS,No Aplica,No Aplica,No Aplica,No Aplica,No Aplica,No Aplica,No Aplica,,,,,,,,2023,Segundo Trimestre,,,4219675.0,NO APLICA,NO APLICA,NO APLICA,NO APLICA,NO APLICA,NO APLICA,NO APLICA,NO APLICA,NO APLICA,0.0,4219675.0,0.0,0.0,,,,,,
6870808,20230301,923272885,E.S.P Por Santa Rosa Sostenible S.A.S,1,INGRESOS,INGRESOS,No Aplica,No Aplica,No Aplica,No Aplica,No Aplica,No Aplica,No Aplica,No Aplica,No Aplica,,,,,,,,2023,Primer Trimestre,,,912657001.0,NO APLICA,NO APLICA,NO APLICA,NO APLICA,NO APLICA,NO APLICA,NO APLICA,NO APLICA,NO APLICA,54341905.0,794032248.0,0.0,64282848.0,,,,,,
6893879,20210301,923272885,E.S.P Por Santa Rosa Sostenible S.A.S,1.2.05.02,DEPOSITOS,INGRESOS,RECURSOS DE CAPITAL,RENDIMIENTOS FINANCIEROS,DEPOSITOS,No Aplica,No Aplica,No Aplica,No Aplica,No Aplica,No Aplica,,,,,,,,2021,Primer Trimestre,,,574660.0,NO APLICA,1.2.3.2.09 - VENTA DE BIENES Y SERVICIOS,NO APLICA,NO APLICA,NO APLICA,NO APLICA,NO APLICA,NO APLICA,NO APLICA,0.0,574660.0,0.0,0.0,,,,,,
6912526,20230901,923272885,E.S.P Por Santa Rosa Sostenible S.A.S,1.1,INGRESOS CORRIENTES,INGRESOS,INGRESOS CORRIENTES,No Aplica,No Aplica,No Aplica,No Aplica,No Aplica,No Aplica,No Aplica,No Aplica,,,,,,,,2023,Tercer Trimestre,,,2529259763.0,NO APLICA,NO APLICA,NO APLICA,NO APLICA,NO APLICA,NO APLICA,NO APLICA,NO APLICA,NO APLICA,304478749.0,2160498166.0,0.0,64282848.0,,,,,,
6930902,20210601,923272885,E.S.P Por Santa Rosa Sostenible S.A.S,1.1.02.05.002.06,"COMERCIO Y DISTRIBUCION; ALOJAMIENTO; SERVICIOS DE SUMINISTRO DE COMIDAS Y BEBIDAS; SERVICIOS DE TRANSPORTE; Y SERVICIOS DE DISTRIBUCION DE ELECTRICIDAD, GAS Y AGUA",INGRESOS,INGRESOS CORRIENTES,INGRESOS NO TRIBUTARIOS,VENTA DE BIENES Y SERVICIOS,VENTAS INCIDENTALES DE ESTABLECIMIENTOS NO DE MERCADO,"COMERCIO Y DISTRIBUCION; ALOJAMIENTO; SERVICIOS DE SUMINISTRO DE COMIDAS Y BEBIDAS; SERVICIOS DE TRANSPORTE; Y SERVICIOS DE DISTRIBUCION DE ELECTRICIDAD, GAS Y AGUA",No Aplica,No Aplica,No Aplica,No Aplica,,,,,,,,2021,Segundo Trimestre,,,1377476608.0,86312 - SERVICIOS DE DISTRIBUCIÓN DE ELECTRICIDAD (A COMISIÓN O POR CONTRATO),1.2.3.2.09 - VENTA DE BIENES Y SERVICIOS,NO APLICA,NO APLICA,NO APLICA,NO APLICA,NO APLICA,NO APLICA,NO APLICA,0.0,1377476608.0,0.0,0.0,,,,,,
6955186,20230901,923272885,E.S.P Por Santa Rosa Sostenible S.A.S,1.1.02.05.001.08,SERVICIOS PRESTADOS A LAS EMPRESAS Y SERVICIOS DE PRODUCCION,INGRESOS,INGRESOS CORRIENTES,INGRESOS NO TRIBUTARIOS,VENTA DE BIENES Y SERVICIOS,VENTAS DE ESTABLECIMIENTOS DE MERCADO,SERVICIOS PRESTADOS A LAS EMPRESAS Y SERVICIOS DE PRODUCCION,No Aplica,No Aplica,No Aplica,No Aplica,,,,,,,,2023,Tercer Trimestre,,,473262055.0,OTROS SERVICIOS DE INSTALACION DE MAQUINARIA Y APARATOS ELECTRICOS N C P,VENTA DE BIENES Y SERVICIOS CON DESTINACION ESPECIFICA LEGAL,NO APLICA,NO APLICA,NO APLICA,NO APLICA,NO APLICA,NO APLICA,NO APLICA,0.0,408979207.0,0.0,64282848.0,,,,,,
6960354,20210901,923272885,E.S.P Por Santa Rosa Sostenible S.A.S,1.1.02,INGRESOS NO TRIBUTARIOS,INGRESOS,INGRESOS CORRIENTES,INGRESOS NO TRIBUTARIOS,No Aplica,No Aplica,No Aplica,No Aplica,No Aplica,No Aplica,No Aplica,,,,,,,,2021,Tercer Trimestre,,,1979357610.0,NO APLICA,NO APLICA,NO APLICA,NO APLICA,NO APLICA,NO APLICA,NO APLICA,NO APLICA,NO APLICA,0.0,1979357610.0,0.0,0.0,,,,,,
6980694,20211201,923272885,E.S.P Por Santa Rosa Sostenible S.A.S,1,INGRESOS,INGRESOS,No Aplica,No Aplica,No Aplica,No Aplica,No Aplica,No Aplica,No Aplica,No Aplica,No Aplica,,,,,,,,2021,Cuarto Trimestre,,,3302282444.0,NO APLICA,NO APLICA,NO APLICA,NO APLICA,NO APLICA,NO APLICA,NO APLICA,NO APLICA,NO APLICA,0.0,3302282444.0,0.0,0.0,,,,,,
6981720,20210601,923272885,E.S.P Por Santa Rosa Sostenible S.A.S,1.2.13.01,REINTEGROS,INGRESOS,RECURSOS DE CAPITAL,REINTEGROS Y OTROS RECURSOS NO APROPIADOS,REINTEGROS,No Aplica,No Aplica,No Aplica,No Aplica,No Aplica,No Aplica,,,,,,,,2021,Segundo Trimestre,,,5697482.0,NO APLICA,NO APLICA,NO APLICA,NO APLICA,NO APLICA,NO APLICA,NO APLICA,NO APLICA,NO APLICA,0.0,5697482.0,0.0,0.0,,,,,,
7010565,20220301,923272885,E.S.P Por Santa Rosa Sostenible S.A.S,1.1.02.05.001.01,"MINERALES, ELECTRICIDAD, GAS Y AGUA",INGRESOS,INGRESOS CORRIENTES,INGRESOS NO TRIBUTARIOS,VENTA DE BIENES Y SERVICIOS,VENTAS DE ESTABLECIMIENTOS DE MERCADO,"MINERALES, ELECTRICIDAD, GAS Y AGUA",No Aplica,No Aplica,No Aplica,No Aplica,,,,,,,,2022,Primer Trimestre,,,567766716.0,ENERGIA ELECTRICA,IMPUESTO - SOBRETASA POR EL ALUMBRADO PUBLICO,NO APLICA,NO APLICA,NO APLICA,NO APLICA,NO APLICA,NO APLICA,NO APLICA,0.0,567766716.0,0.0,0.0,,,,,,
7013505,20220901,923272885,E.S.P Por Santa Rosa Sostenible S.A.S,1.2,RECURSOS DE CAPITAL,INGRESOS,RECURSOS DE CAPITAL,No Aplica,No Aplica,No Aplica,No Aplica,No Aplica,No Aplica,No Aplica,No Aplica,,,,,,,,2022,Tercer Trimestre,,,11849004.0,NO APLICA,NO APLICA,NO APLICA,NO APLICA,NO APLICA,NO APLICA,NO APLICA,NO APLICA,NO APLICA,0.0,11849004.0,0.0,0.0,,,,,,
7027975,20210301,923272885,E.S.P Por Santa Rosa Sostenible S.A.S,1.1.02.05,VENTA DE BIENES Y SERVICIOS,INGRESOS,INGRESOS CORRIENTES,INGRESOS NO TRIBUTARIOS,VENTA DE BIENES Y SERVICIOS,No Aplica,No Aplica,No Aplica,No Aplica,No Aplica,No Aplica,,,,,,,,2021,Primer Trimestre,,,634897114.0,NO APLICA,NO APLICA,NO APLICA,NO APLICA,NO APLICA,NO APLICA,NO APLICA,NO APLICA,NO APLICA,0.0,634897114.0,0.0,0.0,,,,,,
7055841,20230901,923272885,E.S.P Por Santa Rosa Sostenible S.A.S,1.2.05.02,DEPOSITOS,INGRESOS,RECURSOS DE CAPITAL,RENDIMIENTOS FINANCIEROS,DEPOSITOS,No Aplica,No Aplica,No Aplica,No Aplica,No Aplica,No Aplica,,,,,,,,2023,Tercer Trimestre,,,8642957.0,NO APLICA,R.B. IMPUESTO DE ALUMBRADO PUBLICO,NO APLICA,NO APLICA,NO APLICA,NO APLICA,NO APLICA,NO APLICA,NO APLICA,0.0,8642957.0,0.0,0.0,,,,,,
7061209,20210601,923272885,E.S.P Por Santa Rosa Sostenible S.A.S,1.2.13,REINTEGROS Y OTROS RECURSOS NO APROPIADOS,INGRESOS,RECURSOS DE CAPITAL,REINTEGROS Y OTROS RECURSOS NO APROPIADOS,No Aplica,No Aplica,No Aplica,No Aplica,No Aplica,No Aplica,No Aplica,,,,,,,,2021,Segundo Trimestre,,,5697482.0,NO APLICA,NO APLICA,NO APLICA,NO APLICA,NO APLICA,NO APLICA,NO APLICA,NO APLICA,NO APLICA,0.0,5697482.0,0.0,0.0,,,,,,
7067964,20211201,923272885,E.S.P Por Santa Rosa Sostenible S.A.S,1.1.02.06.007,SUBVENCIONES,INGRESOS,INGRESOS CORRIENTES,INGRESOS NO TRIBUTARIOS,TRANSFERENCIAS CORRIENTES,SUBVENCIONES,No Aplica,No Aplica,No Aplica,No Aplica,No Aplica,,,,,,,,2021,Cuarto Trimestre,,,200000000.0,NO APLICA,NO APLICA,NO APLICA,NO APLICA,NO APLICA,NO APLICA,NO APLICA,NO APLICA,NO APLICA,0.0,200000000.0,0.0,0.0,,,,,,
7080161,20211201,923272885,E.S.P Por Santa Rosa Sostenible S.A.S,1.1.02.06.007.99,SUBVENCIONES,INGRESOS,INGRESOS CORRIENTES,INGRESOS NO TRIBUTARIOS,TRANSFERENCIAS CORRIENTES,SUBVENCIONES,SUBVENCIONES,No Aplica,No Aplica,No Aplica,No Aplica,,,,,,,,2021,Cuarto Trimestre,,,200000000.0,NO APLICA,OTRAS CONTRIBUCIONES CON DESTINACION ESPECIFICA LEGAL,NO APLICA,NO APLICA,NO APLICA,NO APLICA,SANTA ROSA DE OSOS,NO APLICA,NO APLICA,0.0,200000000.0,0.0,0.0,,,,,,
7080414,20221201,923272885,E.S.P Por Santa Rosa Sostenible S.A.S,1.1.02.05,VENTA DE BIENES Y SERVICIOS,INGRESOS,INGRESOS CORRIENTES,INGRESOS NO TRIBUTARIOS,VENTA DE BIENES Y SERVICIOS,No Aplica,No Aplica,No Aplica,No Aplica,No Aplica,No Aplica,,,,,,,,2022,Cuarto Trimestre,,,3278955904.0,NO APLICA,NO APLICA,NO APLICA,NO APLICA,NO APLICA,NO APLICA,NO APLICA,NO APLICA,NO APLICA,0.0,3278883287.0,0.0,72617.0,,,,,,
7087769,20210301,923272885,E.S.P Por Santa Rosa Sostenible S.A.S,1,INGRESOS,INGRESOS,No Aplica,No Aplica,No Aplica,No Aplica,No Aplica,No Aplica,No Aplica,No Aplica,No Aplica,,,,,,,,2021,Primer Trimestre,,,635474774.0,NO APLICA,NO APLICA,NO APLICA,NO APLICA,NO APLICA,NO APLICA,NO APLICA,NO APLICA,NO APLICA,0.0,635474774.0,0.0,0.0,,,,,,
7090598,20210901,923272885,E.S.P Por Santa Rosa Sostenible S.A.S,1.1,INGRESOS CORRIENTES,INGRESOS,INGRESOS CORRIENTES,No Aplica,No Aplica,No Aplica,No Aplica,No Aplica,No Aplica,No Aplica,No Aplica,,,,,,,,2021,Tercer Trimestre,,,1979357610.0,NO APLICA,NO APLICA,NO APLICA,NO APLICA,NO APLICA,NO APLICA,NO APLICA,NO APLICA,NO APLICA,0.0,1979357610.0,0.0,0.0,,,,,,
7091479,20210901,923272885,E.S.P Por Santa Rosa Sostenible S.A.S,1,INGRESOS,INGRESOS,No Aplica,No Aplica,No Aplica,No Aplica,No Aplica,No Aplica,No Aplica,No Aplica,No Aplica,,,,,,,,2021,Tercer Trimestre,,,2048054032.0,NO APLICA,NO APLICA,NO APLICA,NO APLICA,NO APLICA,NO APLICA,NO APLICA,NO APLICA,NO APLICA,0.0,2048054032.0,0.0,0.0,,,,,,
7119172,20210901,923272885,E.S.P Por Santa Rosa Sostenible S.A.S,1.2.09,RECUPERACION DE CARTERA - PRESTAMOS,INGRESOS,RECURSOS DE CAPITAL,RECUPERACION DE CARTERA - PRESTAMOS,No Aplica,No Aplica,No Aplica,No Aplica,No Aplica,No Aplica,No Aplica,,,,,,,,2021,Tercer Trimestre,,,61834818.0,NO APLICA,NO APLICA,NO APLICA,NO APLICA,NO APLICA,NO APLICA,NO APLICA,NO APLICA,NO APLICA,0.0,61834818.0,0.0,0.0,,,,,,
7121818,20211201,923272885,E.S.P Por Santa Rosa Sostenible S.A.S,1.2.09,RECUPERACION DE CARTERA - PRESTAMOS,INGRESOS,RECURSOS DE CAPITAL,RECUPERACION DE CARTERA - PRESTAMOS,No Aplica,No Aplica,No Aplica,No Aplica,No Aplica,No Aplica,No Aplica,,,,,,,,2021,Cuarto Trimestre,,,62052666.0,NO APLICA,NO APLICA,NO APLICA,NO APLICA,NO APLICA,NO APLICA,NO APLICA,NO APLICA,NO APLICA,0.0,62052666.0,0.0,0.0,,,,,,
7123545,20210901,923272885,E.S.P Por Santa Rosa Sostenible S.A.S,1.1.02.05.002.06,"COMERCIO Y DISTRIBUCION; ALOJAMIENTO; SERVICIOS DE SUMINISTRO DE COMIDAS Y BEBIDAS; SERVICIOS DE TRANSPORTE; Y SERVICIOS DE DISTRIBUCION DE ELECTRICIDAD, GAS Y AGUA",INGRESOS,INGRESOS CORRIENTES,INGRESOS NO TRIBUTARIOS,VENTA DE BIENES Y SERVICIOS,VENTAS INCIDENTALES DE ESTABLECIMIENTOS NO DE MERCADO,"COMERCIO Y DISTRIBUCION; ALOJAMIENTO; SERVICIOS DE SUMINISTRO DE COMIDAS Y BEBIDAS; SERVICIOS DE TRANSPORTE; Y SERVICIOS DE DISTRIBUCION DE ELECTRICIDAD, GAS Y AGUA",No Aplica,No Aplica,No Aplica,No Aplica,,,,,,,,2021,Tercer Trimestre,,,1979357610.0,69112 - SERVICIOS DE DISTRIBUCIÓN DE ELECTRICIDAD (POR CUENTA PROPIA),1.2.3.2.09 - VENTA DE BIENES Y SERVICIOS,NO APLICA,NO APLICA,NO APLICA,NO APLICA,OTRO,NO APLICA,NO APLICA,0.0,1979357610.0,0.0,0.0,,,,,,
7134740,20221201,923272885,E.S.P Por Santa Rosa Sostenible S.A.S,1.1.02.05.001,VENTAS DE ESTABLECIMIENTOS DE MERCADO,INGRESOS,INGRESOS CORRIENTES,INGRESOS NO TRIBUTARIOS,VENTA DE BIENES Y SERVICIOS,VENTAS DE ESTABLECIMIENTOS DE MERCADO,No Aplica,No Aplica,No Aplica,No Aplica,No Aplica,,,,,,,,2022,Cuarto Trimestre,,,3278955904.0,NO APLICA,NO APLICA,NO APLICA,NO APLICA,NO APLICA,NO APLICA,NO APLICA,NO APLICA,NO APLICA,0.0,3278883287.0,0.0,72617.0,,,,,,
7158577,20230301,923272885,E.S.P Por Santa Rosa Sostenible S.A.S,1.1.02,INGRESOS NO TRIBUTARIOS,INGRESOS,INGRESOS CORRIENTES,INGRESOS NO TRIBUTARIOS,No Aplica,No Aplica,No Aplica,No Aplica,No Aplica,No Aplica,No Aplica,,,,,,,,2023,Primer Trimestre,,,909790949.0,NO APLICA,NO APLICA,NO APLICA,NO APLICA,NO APLICA,NO APLICA,NO APLICA,NO APLICA,NO APLICA,54341905.0,791166196.0,0.0,64282848.0,,,,,,
7168074,20210301,923272885,E.S.P Por Santa Rosa Sostenible S.A.S,1.1.02.05.001,VENTAS DE ESTABLECIMIENTOS DE MERCADO,INGRESOS,INGRESOS CORRIENTES,INGRESOS NO TRIBUTARIOS,VENTA DE BIENES Y SERVICIOS,VENTAS DE ESTABLECIMIENTOS DE MERCADO,No Aplica,No Aplica,No Aplica,No Aplica,No Aplica,,,,,,,,2021,Primer Trimestre,,,634897114.0,NO APLICA,NO APLICA,NO APLICA,NO APLICA,NO APLICA,NO APLICA,NO APLICA,NO APLICA,NO APLICA,0.0,634897114.0,0.0,0.0,,,,,,
7170169,20211201,923272885,E.S.P Por Santa Rosa Sostenible S.A.S,1.1,INGRESOS CORRIENTES,INGRESOS,INGRESOS CORRIENTES,No Aplica,No Aplica,No Aplica,No Aplica,No Aplica,No Aplica,No Aplica,No Aplica,,,,,,,,2021,Cuarto Trimestre,,,3230174904.0,NO APLICA,NO APLICA,NO APLICA,NO APLICA,NO APLICA,NO APLICA,NO APLICA,NO APLICA,NO APLICA,0.0,3230174904.0,0.0,0.0,,,,,,
7172193,20211201,923272885,E.S.P Por Santa Rosa Sostenible S.A.S,1.2,RECURSOS DE CAPITAL,INGRESOS,RECURSOS DE CAPITAL,No Aplica,No Aplica,No Aplica,No Aplica,No Aplica,No Aplica,No Aplica,No Aplica,,,,,,,,2021,Cuarto Trimestre,,,72107540.0,NO APLICA,NO APLICA,NO APLICA,NO APLICA,NO APLICA,NO APLICA,NO APLICA,NO APLICA,NO APLICA,0.0,72107540.0,0.0,0.0,,,,,,
7184166,20210901,923272885,E.S.P Por Santa Rosa Sostenible S.A.S,1.2,RECURSOS DE CAPITAL,INGRESOS,RECURSOS DE CAPITAL,No Aplica,No Aplica,No Aplica,No Aplica,No Aplica,No Aplica,No Aplica,No Aplica,,,,,,,,2021,Tercer Trimestre,,,68696422.0,NO APLICA,NO APLICA,NO APLICA,NO APLICA,NO APLICA,NO APLICA,NO APLICA,NO APLICA,NO APLICA,0.0,68696422.0,0.0,0.0,,,,,,
7184169,20230901,923272885,E.S.P Por Santa Rosa Sostenible S.A.S,1.2,RECURSOS DE CAPITAL,INGRESOS,RECURSOS DE CAPITAL,No Aplica,No Aplica,No Aplica,No Aplica,No Aplica,No Aplica,No Aplica,No Aplica,,,,,,,,2023,Tercer Trimestre,,,8642957.0,NO APLICA,NO APLICA,NO APLICA,NO APLICA,NO APLICA,NO APLICA,NO APLICA,NO APLICA,NO APLICA,0.0,8642957.0,0.0,0.0,,,,,,
7196953,20210301,923272885,E.S.P Por Santa Rosa Sostenible S.A.S,1.2.13,REINTEGROS Y OTROS RECURSOS NO APROPIADOS,INGRESOS,RECURSOS DE CAPITAL,REINTEGROS Y OTROS RECURSOS NO APROPIADOS,No Aplica,No Aplica,No Aplica,No Aplica,No Aplica,No Aplica,No Aplica,,,,,,,,2021,Primer Trimestre,,,3000.0,NO APLICA,NO APLICA,NO APLICA,NO APLICA,NO APLICA,NO APLICA,NO APLICA,NO APLICA,NO APLICA,0.0,3000.0,0.0,0.0,,,,,,
7249758,20210601,923272885,E.S.P Por Santa Rosa Sostenible S.A.S,1.1,INGRESOS CORRIENTES,INGRESOS,INGRESOS CORRIENTES,No Aplica,No Aplica,No Aplica,No Aplica,No Aplica,No Aplica,No Aplica,No Aplica,,,,,,,,2021,Segundo Trimestre,,,1377476608.0,NO APLICA,NO APLICA,NO APLICA,NO APLICA,NO APLICA,NO APLICA,NO APLICA,NO APLICA,NO APLICA,0.0,1377476608.0,0.0,0.0,,,,,,
7260088,20221201,923272885,E.S.P Por Santa Rosa Sostenible S.A.S,1.2.05,RENDIMIENTOS FINANCIEROS,INGRESOS,RECURSOS DE CAPITAL,RENDIMIENTOS FINANCIEROS,No Aplica,No Aplica,No Aplica,No Aplica,No Aplica,No Aplica,No Aplica,,,,,,,,2022,Cuarto Trimestre,,,13029721.0,NO APLICA,NO APLICA,NO APLICA,NO APLICA,NO APLICA,NO APLICA,NO APLICA,NO APLICA,NO APLICA,0.0,13029721.0,0.0,0.0,,,,,,
7261850,20230901,923272885,E.S.P Por Santa Rosa Sostenible S.A.S,1.2.05,RENDIMIENTOS FINANCIEROS,INGRESOS,RECURSOS DE CAPITAL,RENDIMIENTOS FINANCIEROS,No Aplica,No Aplica,No Aplica,No Aplica,No Aplica,No Aplica,No Aplica,,,,,,,,2023,Tercer Trimestre,,,8642957.0,NO APLICA,NO APLICA,NO APLICA,NO APLICA,NO APLICA,NO APLICA,NO APLICA,NO APLICA,NO APLICA,0.0,8642957.0,0.0,0.0,,,,,,
7270340,20220301,923272885,E.S.P Por Santa Rosa Sostenible S.A.S,1.1.02.05,VENTA DE BIENES Y SERVICIOS,INGRESOS,INGRESOS CORRIENTES,INGRESOS NO TRIBUTARIOS,VENTA DE BIENES Y SERVICIOS,No Aplica,No Aplica,No Aplica,No Aplica,No Aplica,No Aplica,,,,,,,,2022,Primer Trimestre,,,567839332.0,NO APLICA,NO APLICA,NO APLICA,NO APLICA,NO APLICA,NO APLICA,NO APLICA,NO APLICA,NO APLICA,0.0,567839332.0,0.0,0.0,,,,,,
7273927,20210301,923272885,E.S.P Por Santa Rosa Sostenible S.A.S,1.1.02,INGRESOS NO TRIBUTARIOS,INGRESOS,INGRESOS CORRIENTES,INGRESOS NO TRIBUTARIOS,No Aplica,No Aplica,No Aplica,No Aplica,No Aplica,No Aplica,No Aplica,,,,,,,,2021,Primer Trimestre,,,634897114.0,NO APLICA,NO APLICA,NO APLICA,NO APLICA,NO APLICA,NO APLICA,NO APLICA,NO APLICA,NO APLICA,0.0,634897114.0,0.0,0.0,,,,,,
7283066,20211201,923272885,E.S.P Por Santa Rosa Sostenible S.A.S,1.2.05.02,DEPOSITOS,INGRESOS,RECURSOS DE CAPITAL,RENDIMIENTOS FINANCIEROS,DEPOSITOS,No Aplica,No Aplica,No Aplica,No Aplica,No Aplica,No Aplica,,,,,,,,2021,Cuarto Trimestre,,,287759.0,NO APLICA,OTRAS CONTRIBUCIONES CON DESTINACION ESPECIFICA LEGAL,NO APLICA,NO APLICA,NO APLICA,NO APLICA,OTRO,NO APLICA,NO APLICA,0.0,287759.0,0.0,0.0,,,,,,
7316553,20210901,923272885,E.S.P Por Santa Rosa Sostenible S.A.S,1.2.09.04,DE OTRAS EMPRESAS,INGRESOS,RECURSOS DE CAPITAL,RECUPERACION DE CARTERA - PRESTAMOS,DE OTRAS EMPRESAS,No Aplica,No Aplica,No Aplica,No Aplica,No Aplica,No Aplica,,,,,,,,2021,Tercer Trimestre,,,61834818.0,NO APLICA,NO APLICA,NO APLICA,NO APLICA,NO APLICA,NO APLICA,OTRO,NO APLICA,NO APLICA,0.0,61834818.0,0.0,0.0,,,,,,
7325181,20220301,923272885,E.S.P Por Santa Rosa Sostenible S.A.S,1.1.02.05.001,VENTAS DE ESTABLECIMIENTOS DE MERCADO,INGRESOS,INGRESOS CORRIENTES,INGRESOS NO TRIBUTARIOS,VENTA DE BIENES Y SERVICIOS,VENTAS DE ESTABLECIMIENTOS DE MERCADO,No Aplica,No Aplica,No Aplica,No Aplica,No Aplica,,,,,,,,2022,Primer Trimestre,,,567839332.0,NO APLICA,NO APLICA,NO APLICA,NO APLICA,NO APLICA,NO APLICA,NO APLICA,NO APLICA,NO APLICA,0.0,567839332.0,0.0,0.0,,,,,,
7327043,20210301,923272885,E.S.P Por Santa Rosa Sostenible S.A.S,1.1,INGRESOS CORRIENTES,INGRESOS,INGRESOS CORRIENTES,No Aplica,No Aplica,No Aplica,No Aplica,No Aplica,No Aplica,No Aplica,No Aplica,,,,,,,,2021,Primer Trimestre,,,634897114.0,NO APLICA,NO APLICA,NO APLICA,NO APLICA,NO APLICA,NO APLICA,NO APLICA,NO APLICA,NO APLICA,0.0,634897114.0,0.0,0.0,,,,,,
7358592,20220901,923272885,E.S.P Por Santa Rosa Sostenible S.A.S,1.1.02,INGRESOS NO TRIBUTARIOS,INGRESOS,INGRESOS CORRIENTES,INGRESOS NO TRIBUTARIOS,No Aplica,No Aplica,No Aplica,No Aplica,No Aplica,No Aplica,No Aplica,,,,,,,,2022,Tercer Trimestre,,,1673056700.0,NO APLICA,NO APLICA,NO APLICA,NO APLICA,NO APLICA,NO APLICA,NO APLICA,NO APLICA,NO APLICA,0.0,1673056700.0,0.0,0.0,,,,,,
7374111,20210601,923272885,E.S.P Por Santa Rosa Sostenible S.A.S,1.2,RECURSOS DE CAPITAL,INGRESOS,RECURSOS DE CAPITAL,No Aplica,No Aplica,No Aplica,No Aplica,No Aplica,No Aplica,No Aplica,No Aplica,,,,,,,,2021,Segundo Trimestre,,,6520598.0,NO APLICA,NO APLICA,NO APLICA,NO APLICA,NO APLICA,NO APLICA,NO APLICA,NO APLICA,NO APLICA,0.0,6520598.0,0.0,0.0,,,,,,
7396448,20211201,923272885,E.S.P Por Santa Rosa Sostenible S.A.S,1.2.13,REINTEGROS Y OTROS RECURSOS NO APROPIADOS,INGRESOS,RECURSOS DE CAPITAL,REINTEGROS Y OTROS RECURSOS NO APROPIADOS,No Aplica,No Aplica,No Aplica,No Aplica,No Aplica,No Aplica,No Aplica,,,,,,,,2021,Cuarto Trimestre,,,8715090.0,NO APLICA,NO APLICA,NO APLICA,NO APLICA,NO APLICA,NO APLICA,NO APLICA,NO APLICA,NO APLICA,0.0,8715090.0,0.0,0.0,,,,,,
7416537,20211201,923272885,E.S.P Por Santa Rosa Sostenible S.A.S,1.1.02,INGRESOS NO TRIBUTARIOS,INGRESOS,INGRESOS CORRIENTES,INGRESOS NO TRIBUTARIOS,No Aplica,No Aplica,No Aplica,No Aplica,No Aplica,No Aplica,No Aplica,,,,,,,,2021,Cuarto Trimestre,,,3230174904.0,NO APLICA,NO APLICA,NO APLICA,NO APLICA,NO APLICA,NO APLICA,NO APLICA,NO APLICA,NO APLICA,0.0,3230174904.0,0.0,0.0,,,,,,
7433593,20230301,923272885,E.S.P Por Santa Rosa Sostenible S.A.S,1.1.02.05.001.08,SERVICIOS PRESTADOS A LAS EMPRESAS Y SERVICIOS DE PRODUCCION,INGRESOS,INGRESOS CORRIENTES,INGRESOS NO TRIBUTARIOS,VENTA DE BIENES Y SERVICIOS,VENTAS DE ESTABLECIMIENTOS DE MERCADO,SERVICIOS PRESTADOS A LAS EMPRESAS Y SERVICIOS DE PRODUCCION,No Aplica,No Aplica,No Aplica,No Aplica,,,,,,,,2023,Primer Trimestre,,,258782848.0,OTROS SERVICIOS DE INSTALACION DE MAQUINARIA Y APARATOS ELECTRICOS N C P,VENTA DE BIENES Y SERVICIOS CON DESTINACION ESPECIFICA LEGAL,NO APLICA,NO APLICA,NO APLICA,NO APLICA,NO APLICA,NO APLICA,NO APLICA,0.0,194500000.0,0.0,64282848.0,,,,,,
7440986,20210601,923272885,E.S.P Por Santa Rosa Sostenible S.A.S,1.1.02.05,VENTA DE BIENES Y SERVICIOS,INGRESOS,INGRESOS CORRIENTES,INGRESOS NO TRIBUTARIOS,VENTA DE BIENES Y SERVICIOS,No Aplica,No Aplica,No Aplica,No Aplica,No Aplica,No Aplica,,,,,,,,2021,Segundo Trimestre,,,1377476608.0,NO APLICA,NO APLICA,NO APLICA,NO APLICA,NO APLICA,NO APLICA,NO APLICA,NO APLICA,NO APLICA,0.0,1377476608.0,0.0,0.0,,,,,,
7449406,20211201,923272885,E.S.P Por Santa Rosa Sostenible S.A.S,1.2.13.01,REINTEGROS,INGRESOS,RECURSOS DE CAPITAL,REINTEGROS Y OTROS RECURSOS NO APROPIADOS,REINTEGROS,No Aplica,No Aplica,No Aplica,No Aplica,No Aplica,No Aplica,,,,,,,,2021,Cuarto Trimestre,,,5697482.0,NO APLICA,OTRAS CONTRIBUCIONES CON DESTINACION ESPECIFICA LEGAL,NO APLICA,NO APLICA,NO APLICA,NO APLICA,OTRO,NO APLICA,NO APLICA,0.0,5697482.0,0.0,0.0,,,,,,
7456645,20221201,923272885,E.S.P Por Santa Rosa Sostenible S.A.S,1.2.13,REINTEGROS Y OTROS RECURSOS NO APROPIADOS,INGRESOS,RECURSOS DE CAPITAL,REINTEGROS Y OTROS RECURSOS NO APROPIADOS,No Aplica,No Aplica,No Aplica,No Aplica,No Aplica,No Aplica,No Aplica,,,,,,,,2022,Cuarto Trimestre,,,103645222.0,NO APLICA,NO APLICA,NO APLICA,NO APLICA,NO APLICA,NO APLICA,NO APLICA,NO APLICA,NO APLICA,0.0,103645222.0,0.0,0.0,,,,,,
7492786,20230901,923272885,E.S.P Por Santa Rosa Sostenible S.A.S,1.1.02,INGRESOS NO TRIBUTARIOS,INGRESOS,INGRESOS CORRIENTES,INGRESOS NO TRIBUTARIOS,No Aplica,No Aplica,No Aplica,No Aplica,No Aplica,No Aplica,No Aplica,,,,,,,,2023,Tercer Trimestre,,,2529259763.0,NO APLICA,NO APLICA,NO APLICA,NO APLICA,NO APLICA,NO APLICA,NO APLICA,NO APLICA,NO APLICA,304478749.0,2160498166.0,0.0,64282848.0,,,,,,
7548238,20221201,923272885,E.S.P Por Santa Rosa Sostenible S.A.S,1.2.13.01,REINTEGROS,INGRESOS,RECURSOS DE CAPITAL,REINTEGROS Y OTROS RECURSOS NO APROPIADOS,REINTEGROS,No Aplica,No Aplica,No Aplica,No Aplica,No Aplica,No Aplica,,,,,,,,2022,Cuarto Trimestre,,,103645222.0,NO APLICA,IMPUESTO - SOBRETASA POR EL ALUMBRADO PUBLICO,NO APLICA,NO APLICA,NO APLICA,NO APLICA,NO APLICA,NO APLICA,NO APLICA,0.0,103645222.0,0.0,0.0,,,,,,
7567278,20221201,923272885,E.S.P Por Santa Rosa Sostenible S.A.S,1.2.05.02,DEPOSITOS,INGRESOS,RECURSOS DE CAPITAL,RENDIMIENTOS FINANCIEROS,DEPOSITOS,No Aplica,No Aplica,No Aplica,No Aplica,No Aplica,No Aplica,,,,,,,,2022,Cuarto Trimestre,,,13029721.0,NO APLICA,IMPUESTO - SOBRETASA POR EL ALUMBRADO PUBLICO,NO APLICA,NO APLICA,NO APLICA,NO APLICA,NO APLICA,NO APLICA,NO APLICA,0.0,13029721.0,0.0,0.0,,,,,,
7567998,20211201,923272885,E.S.P Por Santa Rosa Sostenible S.A.S,1.1.02.05.002.06,"COMERCIO Y DISTRIBUCION; ALOJAMIENTO; SERVICIOS DE SUMINISTRO DE COMIDAS Y BEBIDAS; SERVICIOS DE TRANSPORTE; Y SERVICIOS DE DISTRIBUCION DE ELECTRICIDAD, GAS Y AGUA",INGRESOS,INGRESOS CORRIENTES,INGRESOS NO TRIBUTARIOS,VENTA DE BIENES Y SERVICIOS,VENTAS INCIDENTALES DE ESTABLECIMIENTOS NO DE MERCADO,"COMERCIO Y DISTRIBUCION; ALOJAMIENTO; SERVICIOS DE SUMINISTRO DE COMIDAS Y BEBIDAS; SERVICIOS DE TRANSPORTE; Y SERVICIOS DE DISTRIBUCION DE ELECTRICIDAD, GAS Y AGUA",No Aplica,No Aplica,No Aplica,No Aplica,,,,,,,,2021,Cuarto Trimestre,,,2857820135.0,SERVICIOS DE DISTRIBUCION DE ELECTRICIDAD POR CUENTA PROPIA,OTRAS CONTRIBUCIONES CON DESTINACION ESPECIFICA LEGAL,NO APLICA,NO APLICA,NO APLICA,NO APLICA,EMPRESAS PUBLICAS DE MEDELLIN,NO APLICA,NO APLICA,0.0,2857820135.0,0.0,0.0,,,,,,
7592893,20230901,923272885,E.S.P Por Santa Rosa Sostenible S.A.S,1.1.02.05.001.01,"MINERALES, ELECTRICIDAD, GAS Y AGUA",INGRESOS,INGRESOS CORRIENTES,INGRESOS NO TRIBUTARIOS,VENTA DE BIENES Y SERVICIOS,VENTAS DE ESTABLECIMIENTOS DE MERCADO,"MINERALES, ELECTRICIDAD, GAS Y AGUA",No Aplica,No Aplica,No Aplica,No Aplica,,,,,,,,2023,Tercer Trimestre,,,2055997708.0,ENERGIA ELECTRICA,R.B. IMPUESTO DE ALUMBRADO PUBLICO,NO APLICA,NO APLICA,NO APLICA,NO APLICA,NO APLICA,NO APLICA,NO APLICA,304478749.0,1751518959.0,0.0,0.0,,,,,,
7595168,20230601,923272885,E.S.P Por Santa Rosa Sostenible S.A.S,1.2.05.02,DEPOSITOS,INGRESOS,RECURSOS DE CAPITAL,RENDIMIENTOS FINANCIEROS,DEPOSITOS,No Aplica,No Aplica,No Aplica,No Aplica,No Aplica,No Aplica,,,,,,,,2023,Segundo Trimestre,,,4219675.0,NO APLICA,R.B. IMPUESTO DE ALUMBRADO PUBLICO,NO APLICA,NO APLICA,NO APLICA,NO APLICA,NO APLICA,NO APLICA,NO APLICA,0.0,4219675.0,0.0,0.0,,,,,,
7604324,20220901,923272885,E.S.P Por Santa Rosa Sostenible S.A.S,1.1.02.05.001,VENTAS DE ESTABLECIMIENTOS DE MERCADO,INGRESOS,INGRESOS CORRIENTES,INGRESOS NO TRIBUTARIOS,VENTA DE BIENES Y SERVICIOS,VENTAS DE ESTABLECIMIENTOS DE MERCADO,No Aplica,No Aplica,No Aplica,No Aplica,No Aplica,,,,,,,,2022,Tercer Trimestre,,,1673056700.0,NO APLICA,NO APLICA,NO APLICA,NO APLICA,NO APLICA,NO APLICA,NO APLICA,NO APLICA,NO APLICA,0.0,1673056700.0,0.0,0.0,,,,,,
7613084,20210601,923272885,E.S.P Por Santa Rosa Sostenible S.A.S,1.1.02,INGRESOS NO TRIBUTARIOS,INGRESOS,INGRESOS CORRIENTES,INGRESOS NO TRIBUTARIOS,No Aplica,No Aplica,No Aplica,No Aplica,No Aplica,No Aplica,No Aplica,,,,,,,,2021,Segundo Trimestre,,,1377476608.0,NO APLICA,NO APLICA,NO APLICA,NO APLICA,NO APLICA,NO APLICA,NO APLICA,NO APLICA,NO APLICA,0.0,1377476608.0,0.0,0.0,,,,,,
7618456,20220301,923272885,E.S.P Por Santa Rosa Sostenible S.A.S,1,INGRESOS,INGRESOS,No Aplica,No Aplica,No Aplica,No Aplica,No Aplica,No Aplica,No Aplica,No Aplica,No Aplica,,,,,,,,2022,Primer Trimestre,,,567966319.0,NO APLICA,NO APLICA,NO APLICA,NO APLICA,NO APLICA,NO APLICA,NO APLICA,NO APLICA,NO APLICA,0.0,567966319.0,0.0,0.0,,,,,,
7625589,20221201,923272885,E.S.P Por Santa Rosa Sostenible S.A.S,1.1.02.05.001.08,SERVICIOS PRESTADOS A LAS EMPRESAS Y SERVICIOS DE PRODUCCION,INGRESOS,INGRESOS CORRIENTES,INGRESOS NO TRIBUTARIOS,VENTA DE BIENES Y SERVICIOS,VENTAS DE ESTABLECIMIENTOS DE MERCADO,SERVICIOS PRESTADOS A LAS EMPRESAS Y SERVICIOS DE PRODUCCION,No Aplica,No Aplica,No Aplica,No Aplica,,,,,,,,2022,Cuarto Trimestre,,,464776131.0,OTROS SERVICIOS DE INSTALACION DE MAQUINARIA Y APARATOS ELECTRICOS N C P,VENTA DE BIENES Y SERVICIOS CON DESTINACION ESPECIFICA LEGAL,NO APLICA,NO APLICA,NO APLICA,NO APLICA,NO APLICA,NO APLICA,NO APLICA,0.0,464776131.0,0.0,0.0,,,,,,
7627076,20230901,923272885,E.S.P Por Santa Rosa Sostenible S.A.S,1.1.02.05.001,VENTAS DE ESTABLECIMIENTOS DE MERCADO,INGRESOS,INGRESOS CORRIENTES,INGRESOS NO TRIBUTARIOS,VENTA DE BIENES Y SERVICIOS,VENTAS DE ESTABLECIMIENTOS DE MERCADO,No Aplica,No Aplica,No Aplica,No Aplica,No Aplica,,,,,,,,2023,Tercer Trimestre,,,2529259763.0,NO APLICA,NO APLICA,NO APLICA,NO APLICA,NO APLICA,NO APLICA,NO APLICA,NO APLICA,NO APLICA,304478749.0,2160498166.0,0.0,64282848.0,,,,,,
7643232,20221201,923272885,E.S.P Por Santa Rosa Sostenible S.A.S,1.1,INGRESOS CORRIENTES,INGRESOS,INGRESOS CORRIENTES,No Aplica,No Aplica,No Aplica,No Aplica,No Aplica,No Aplica,No Aplica,No Aplica,,,,,,,,2022,Cuarto Trimestre,,,3278955904.0,NO APLICA,NO APLICA,NO APLICA,NO APLICA,NO APLICA,NO APLICA,NO APLICA,NO APLICA,NO APLICA,0.0,3278883287.0,0.0,72617.0,,,,,,
7675199,20220901,923272885,E.S.P Por Santa Rosa Sostenible S.A.S,1.1.02.05.001.01,"MINERALES, ELECTRICIDAD, GAS Y AGUA",INGRESOS,INGRESOS CORRIENTES,INGRESOS NO TRIBUTARIOS,VENTA DE BIENES Y SERVICIOS,VENTAS DE ESTABLECIMIENTOS DE MERCADO,"MINERALES, ELECTRICIDAD, GAS Y AGUA",No Aplica,No Aplica,No Aplica,No Aplica,,,,,,,,2022,Tercer Trimestre,,,1672984084.0,ENERGIA ELECTRICA,IMPUESTO - SOBRETASA POR EL ALUMBRADO PUBLICO,NO APLICA,NO APLICA,NO APLICA,NO APLICA,NO APLICA,NO APLICA,NO APLICA,0.0,1672984084.0,0.0,0.0,,,,,,
7686984,20210901,923272885,E.S.P Por Santa Rosa Sostenible S.A.S,1.2.05.02,DEPOSITOS,INGRESOS,RECURSOS DE CAPITAL,RENDIMIENTOS FINANCIEROS,DEPOSITOS,No Aplica,No Aplica,No Aplica,No Aplica,No Aplica,No Aplica,,,,,,,,2021,Tercer Trimestre,,,1164122.0,NO APLICA,NO APLICA,NO APLICA,NO APLICA,NO APLICA,NO APLICA,OTRO,NO APLICA,NO APLICA,0.0,1164122.0,0.0,0.0,,,,,,
7696806,20230301,923272885,E.S.P Por Santa Rosa Sostenible S.A.S,1.1.02.05.001,VENTAS DE ESTABLECIMIENTOS DE MERCADO,INGRESOS,INGRESOS CORRIENTES,INGRESOS NO TRIBUTARIOS,VENTA DE BIENES Y SERVICIOS,VENTAS DE ESTABLECIMIENTOS DE MERCADO,No Aplica,No Aplica,No Aplica,No Aplica,No Aplica,,,,,,,,2023,Primer Trimestre,,,909790949.0,NO APLICA,NO APLICA,NO APLICA,NO APLICA,NO APLICA,NO APLICA,NO APLICA,NO APLICA,NO APLICA,54341905.0,791166196.0,0.0,64282848.0,,,,,,
7697905,20220301,923272885,E.S.P Por Santa Rosa Sostenible S.A.S,1.2.05,RENDIMIENTOS FINANCIEROS,INGRESOS,RECURSOS DE CAPITAL,RENDIMIENTOS FINANCIEROS,No Aplica,No Aplica,No Aplica,No Aplica,No Aplica,No Aplica,No Aplica,,,,,,,,2022,Primer Trimestre,,,126987.0,NO APLICA,NO APLICA,NO APLICA,NO APLICA,NO APLICA,NO APLICA,NO APLICA,NO APLICA,NO APLICA,0.0,126987.0,0.0,0.0,,,,,,
7711607,20221201,923272885,E.S.P Por Santa Rosa Sostenible S.A.S,1.2,RECURSOS DE CAPITAL,INGRESOS,RECURSOS DE CAPITAL,No Aplica,No Aplica,No Aplica,No Aplica,No Aplica,No Aplica,No Aplica,No Aplica,,,,,,,,2022,Cuarto Trimestre,,,116674943.0,NO APLICA,NO APLICA,NO APLICA,NO APLICA,NO APLICA,NO APLICA,NO APLICA,NO APLICA,NO APLICA,0.0,116674943.0,0.0,0.0,,,,,,
7729123,20210301,923272885,E.S.P Por Santa Rosa Sostenible S.A.S,1.2,RECURSOS DE CAPITAL,INGRESOS,RECURSOS DE CAPITAL,No Aplica,No Aplica,No Aplica,No Aplica,No Aplica,No Aplica,No Aplica,No Aplica,,,,,,,,2021,Primer Trimestre,,,577660.0,NO APLICA,NO APLICA,NO APLICA,NO APLICA,NO APLICA,NO APLICA,NO APLICA,NO APLICA,NO APLICA,0.0,577660.0,0.0,0.0,,,,,,
7730153,20220301,923272885,E.S.P Por Santa Rosa Sostenible S.A.S,1.2,RECURSOS DE CAPITAL,INGRESOS,RECURSOS DE CAPITAL,No Aplica,No Aplica,No Aplica,No Aplica,No Aplica,No Aplica,No Aplica,No Aplica,,,,,,,,2022,Primer Trimestre,,,126987.0,NO APLICA,NO APLICA,NO APLICA,NO APLICA,NO APLICA,NO APLICA,NO APLICA,NO APLICA,NO APLICA,0.0,126987.0,0.0,0.0,,,,,,
7731833,20230301,923272885,E.S.P Por Santa Rosa Sostenible S.A.S,1.1.02.05,VENTA DE BIENES Y SERVICIOS,INGRESOS,INGRESOS CORRIENTES,INGRESOS NO TRIBUTARIOS,VENTA DE BIENES Y SERVICIOS,No Aplica,No Aplica,No Aplica,No Aplica,No Aplica,No Aplica,,,,,,,,2023,Primer Trimestre,,,909790949.0,NO APLICA,NO APLICA,NO APLICA,NO APLICA,NO APLICA,NO APLICA,NO APLICA,NO APLICA,NO APLICA,54341905.0,791166196.0,0.0,64282848.0,,,,,,
7768218,20230301,923272885,E.S.P Por Santa Rosa Sostenible S.A.S,1.2.05,RENDIMIENTOS FINANCIEROS,INGRESOS,RECURSOS DE CAPITAL,RENDIMIENTOS FINANCIEROS,No Aplica,No Aplica,No Aplica,No Aplica,No Aplica,No Aplica,No Aplica,,,,,,,,2023,Primer Trimestre,,,2866052.0,NO APLICA,NO APLICA,NO APLICA,NO APLICA,NO APLICA,NO APLICA,NO APLICA,NO APLICA,NO APLICA,0.0,2866052.0,0.0,0.0,,,,,,
7788495,20230601,923272885,E.S.P Por Santa Rosa Sostenible S.A.S,1.1.02,INGRESOS NO TRIBUTARIOS,INGRESOS,INGRESOS CORRIENTES,INGRESOS NO TRIBUTARIOS,No Aplica,No Aplica,No Aplica,No Aplica,No Aplica,No Aplica,No Aplica,,,,,,,,2023,Segundo Trimestre,,,1949208122.0,NO APLICA,NO APLICA,NO APLICA,NO APLICA,NO APLICA,NO APLICA,NO APLICA,NO APLICA,NO APLICA,263885173.0,1621040101.0,0.0,64282848.0,,,,,,
7805402,20220301,923272885,E.S.P Por Santa Rosa Sostenible S.A.S,1.1.02,INGRESOS NO TRIBUTARIOS,INGRESOS,INGRESOS CORRIENTES,INGRESOS NO TRIBUTARIOS,No Aplica,No Aplica,No Aplica,No Aplica,No Aplica,No Aplica,No Aplica,,,,,,,,2022,Primer Trimestre,,,567839332.0,NO APLICA,NO APLICA,NO APLICA,NO APLICA,NO APLICA,NO APLICA,NO APLICA,NO APLICA,NO APLICA,0.0,567839332.0,0.0,0.0,,,,,,
7806168,20211201,923272885,E.S.P Por Santa Rosa Sostenible S.A.S,1.2.13.01,REINTEGROS,INGRESOS,RECURSOS DE CAPITAL,REINTEGROS Y OTROS RECURSOS NO APROPIADOS,REINTEGROS,No Aplica,No Aplica,No Aplica,No Aplica,No Aplica,No Aplica,,,,,,,,2021,Cuarto Trimestre,,,3017608.0,NO APLICA,OTRAS CONTRIBUCIONES CON DESTINACION ESPECIFICA LEGAL,NO APLICA,NO APLICA,NO APLICA,NO APLICA,FIDUCIARIA LA PREVISORA S.A.,NO APLICA,NO APLICA,0.0,3017608.0,0.0,0.0,,,,,,
7807523,20211201,923272885,E.S.P Por Santa Rosa Sostenible S.A.S,1.1.02.05,VENTA DE BIENES Y SERVICIOS,INGRESOS,INGRESOS CORRIENTES,INGRESOS NO TRIBUTARIOS,VENTA DE BIENES Y SERVICIOS,No Aplica,No Aplica,No Aplica,No Aplica,No Aplica,No Aplica,,,,,,,,2021,Cuarto Trimestre,,,3030174904.0,NO APLICA,NO APLICA,NO APLICA,NO APLICA,NO APLICA,NO APLICA,NO APLICA,NO APLICA,NO APLICA,0.0,3030174904.0,0.0,0.0,,,,,,
7814662,20230601,923272885,E.S.P Por Santa Rosa Sostenible S.A.S,1,INGRESOS,INGRESOS,No Aplica,No Aplica,No Aplica,No Aplica,No Aplica,No Aplica,No Aplica,No Aplica,No Aplica,,,,,,,,2023,Segundo Trimestre,,,1953427797.0,NO APLICA,NO APLICA,NO APLICA,NO APLICA,NO APLICA,NO APLICA,NO APLICA,NO APLICA,NO APLICA,263885173.0,1625259776.0,0.0,64282848.0,,,,,,
7816780,20220301,923272885,E.S.P Por Santa Rosa Sostenible S.A.S,1.1.02.05.001.01,"MINERALES, ELECTRICIDAD, GAS Y AGUA",INGRESOS,INGRESOS CORRIENTES,INGRESOS NO TRIBUTARIOS,VENTA DE BIENES Y SERVICIOS,VENTAS DE ESTABLECIMIENTOS DE MERCADO,"MINERALES, ELECTRICIDAD, GAS Y AGUA",No Aplica,No Aplica,No Aplica,No Aplica,,,,,,,,2022,Primer Trimestre,,,72616.0,ENERGIA ELECTRICA,IMPUESTO - SOBRETASA POR EL ALUMBRADO PUBLICO,NO APLICA,NO APLICA,NO APLICA,NO APLICA,SANTA ROSA DE OSOS,NO APLICA,NO APLICA,0.0,72616.0,0.0,0.0,,,,,,
7820665,20211201,923272885,E.S.P Por Santa Rosa Sostenible S.A.S,1.2.09.04,DE OTRAS EMPRESAS,INGRESOS,RECURSOS DE CAPITAL,RECUPERACION DE CARTERA - PRESTAMOS,DE OTRAS EMPRESAS,No Aplica,No Aplica,No Aplica,No Aplica,No Aplica,No Aplica,,,,,,,,2021,Cuarto Trimestre,,,41975640.0,NO APLICA,OTRAS CONTRIBUCIONES CON DESTINACION ESPECIFICA LEGAL,NO APLICA,NO APLICA,NO APLICA,NO APLICA,EMPRESAS PUBLICAS DE MEDELLIN,NO APLICA,NO APLICA,0.0,41975640.0,0.0,0.0,,,,,,
7820885,20230301,923272885,E.S.P Por Santa Rosa Sostenible S.A.S,1.2,RECURSOS DE CAPITAL,INGRESOS,RECURSOS DE CAPITAL,No Aplica,No Aplica,No Aplica,No Aplica,No Aplica,No Aplica,No Aplica,No Aplica,,,,,,,,2023,Primer Trimestre,,,2866052.0,NO APLICA,NO APLICA,NO APLICA,NO APLICA,NO APLICA,NO APLICA,NO APLICA,NO APLICA,NO APLICA,0.0,2866052.0,0.0,0.0,,,,,,
7825450,20211201,923272885,E.S.P Por Santa Rosa Sostenible S.A.S,1.2.05.02,DEPOSITOS,INGRESOS,RECURSOS DE CAPITAL,RENDIMIENTOS FINANCIEROS,DEPOSITOS,No Aplica,No Aplica,No Aplica,No Aplica,No Aplica,No Aplica,,,,,,,,2021,Cuarto Trimestre,,,1052025.0,NO APLICA,OTRAS CONTRIBUCIONES CON DESTINACION ESPECIFICA LEGAL,NO APLICA,NO APLICA,NO APLICA,NO APLICA,FIDUCIARIA LA PREVISORA S.A.,NO APLICA,NO APLICA,0.0,1052025.0,0.0,0.0,,,,,,
7844222,20230601,923272885,E.S.P Por Santa Rosa Sostenible S.A.S,1.1.02.05.001,VENTAS DE ESTABLECIMIENTOS DE MERCADO,INGRESOS,INGRESOS CORRIENTES,INGRESOS NO TRIBUTARIOS,VENTA DE BIENES Y SERVICIOS,VENTAS DE ESTABLECIMIENTOS DE MERCADO,No Aplica,No Aplica,No Aplica,No Aplica,No Aplica,,,,,,,,2023,Segundo Trimestre,,,1949208122.0,NO APLICA,NO APLICA,NO APLICA,NO APLICA,NO APLICA,NO APLICA,NO APLICA,NO APLICA,NO APLICA,263885173.0,1621040101.0,0.0,64282848.0,,,,,,
7862965,20220901,923272885,E.S.P Por Santa Rosa Sostenible S.A.S,1.1,INGRESOS CORRIENTES,INGRESOS,INGRESOS CORRIENTES,No Aplica,No Aplica,No Aplica,No Aplica,No Aplica,No Aplica,No Aplica,No Aplica,,,,,,,,2022,Tercer Trimestre,,,1673056700.0,NO APLICA,NO APLICA,NO APLICA,NO APLICA,NO APLICA,NO APLICA,NO APLICA,NO APLICA,NO APLICA,0.0,1673056700.0,0.0,0.0,,,,,,
7909805,20221201,923272885,E.S.P Por Santa Rosa Sostenible S.A.S,1.1.02.05.001.01,"MINERALES, ELECTRICIDAD, GAS Y AGUA",INGRESOS,INGRESOS CORRIENTES,INGRESOS NO TRIBUTARIOS,VENTA DE BIENES Y SERVICIOS,VENTAS DE ESTABLECIMIENTOS DE MERCADO,"MINERALES, ELECTRICIDAD, GAS Y AGUA",No Aplica,No Aplica,No Aplica,No Aplica,,,,,,,,2022,Cuarto Trimestre,,,2814107156.0,ENERGIA ELECTRICA,IMPUESTO - SOBRETASA POR EL ALUMBRADO PUBLICO,NO APLICA,NO APLICA,NO APLICA,NO APLICA,NO APLICA,NO APLICA,NO APLICA,0.0,2814107156.0,0.0,0.0,,,,,,
7945928,20210601,923272885,E.S.P Por Santa Rosa Sostenible S.A.S,2.1.2.01,ADQUISICION DE ACTIVOS NO FINANCIEROS,GASTOS,FUNCIONAMIENTO,ADQUISICION DE BIENES Y SERVICIOS,ADQUISICION DE ACTIVOS NO FINANCIEROS,No Aplica,No Aplica,No Aplica,No Aplica,No Aplica,No Aplica,VIGENCIA ACTUAL,ENTIDADES TERRITORIALES - SERVICIOS PUBLICOS,NO DEFINIDO,NO DEFINIDO,NO DEFINIDO,,,2021,Segundo Trimestre,,,,NO DEFINIDO,NO DEFINIDO,,,,,,NO DEFINIDO,,,,,,NO DEFINIDO,NO DEFINIDO,NO DEFINIDO,0.0,1035400.0,1035400.0
7956031,20220301,923272885,E.S.P Por Santa Rosa Sostenible S.A.S,2.3.2.01.01.004,ACTIVOS FIJOS NO CLASIFICADOS COMO MAQUINARIA Y EQUIPO,GASTOS,INVERSION,ADQUISICION DE BIENES Y SERVICIOS,ADQUISICION DE ACTIVOS NO FINANCIEROS,ACTIVOS FIJOS,ACTIVOS FIJOS NO CLASIFICADOS COMO MAQUINARIA Y EQUIPO,No Aplica,No Aplica,No Aplica,No Aplica,VIGENCIA ACTUAL,ENTIDADES DIFERENTES A ENTIDADES TERRITORIALES - GESTION GENERAL,NO DEFINIDO,NO DEFINIDO,NO DEFINIDO,,,2022,Primer Trimestre,,,,NO DEFINIDO,NO DEFINIDO,,,,,,NO DEFINIDO,,,,,,NO DEFINIDO,NO DEFINIDO,NO DEFINIDO,0.0,10430000.0,10430000.0
7960388,20210601,923272885,E.S.P Por Santa Rosa Sostenible S.A.S,2.1.8.01.03,SOBRETASA CREE,GASTOS,FUNCIONAMIENTO,"GASTOS POR TRIBUTOS, TASAS, CONTRIBUCIONES, MULTAS, SANCIONES E INTERESES DE MORA",IMPUESTOS,SOBRETASA CREE,No Aplica,No Aplica,No Aplica,No Aplica,No Aplica,VIGENCIA ACTUAL,ENTIDADES TERRITORIALES - SERVICIOS PUBLICOS,NO DEFINIDO,NO DEFINIDO,NO APLICA,,,2021,Segundo Trimestre,,,,NO APLICA,1.2.3.2.09 - VENTA DE BIENES Y SERVICIOS,,,,,,NO APLICA,,,,,,CON SITUACION DE FONDOS,DIRECCION DE IMPUESTOS Y ADUANAS NACIONALES,NO DEFINIDO,0.0,4479000.0,4479000.0
7974684,20230601,923272885,E.S.P Por Santa Rosa Sostenible S.A.S,2.1.1.01.02.006,APORTES AL ICBF,GASTOS,FUNCIONAMIENTO,GASTOS DE PERSONAL,PLANTA DE PERSONAL PERMANENTE,CONTRIBUCIONES INHERENTES A LA NOMINA,APORTES AL ICBF,No Aplica,No Aplica,No Aplica,No Aplica,VIGENCIA ACTUAL,ENTIDADES DIFERENTES A ENTIDADES TERRITORIALES - GESTION GENERAL,NO DEFINIDO,NO DEFINIDO,NO APLICA,,,2023,Segundo Trimestre,,,,NO APLICA,R.B. IMPUESTO DE ALUMBRADO PUBLICO,,,,,,NO APLICA,,,,,,CON SITUACION DE FONDOS,NO APLICA,NO DEFINIDO,0.0,117000.0,117000.0
8004169,20211201,923272885,E.S.P Por Santa Rosa Sostenible S.A.S,2.1.2.01.01.003.03.01,"MAQUINAS PARA OFICINA Y CONTABILIDAD, Y SUS PARTES Y ACCESORIOS",GASTOS,FUNCIONAMIENTO,ADQUISICION DE BIENES Y SERVICIOS,ADQUISICION DE ACTIVOS NO FINANCIEROS,ACTIVOS FIJOS,MAQUINARIA Y EQUIPO,"MAQUINARIA DE OFICINA, CONTABILIDAD E INFORMATICA","MAQUINAS PARA OFICINA Y CONTABILIDAD, Y SUS PARTES Y ACCESORIOS",No Aplica,No Aplica,VIGENCIA ACTUAL,ENTIDADES TERRITORIALES - SERVICIOS PUBLICOS,NO DEFINIDO,NO DEFINIDO,NO APLICA,,,2021,Cuarto Trimestre,,,,NO APLICA,OTRAS CONTRIBUCIONES CON DESTINACION ESPECIFICA LEGAL,,,,,,NO APLICA,,,,,,CON SITUACION DE FONDOS,OTRO,NO DEFINIDO,0.0,135400.0,135400.0
8004677,20210901,923272885,E.S.P Por Santa Rosa Sostenible S.A.S,2.1.2.01.01.005.02.03,PROGRAMAS DE INFORMATICA Y BASES DE DATOS,GASTOS,FUNCIONAMIENTO,ADQUISICION DE BIENES Y SERVICIOS,ADQUISICION DE ACTIVOS NO FINANCIEROS,ACTIVOS FIJOS,OTROS ACTIVOS FIJOS,PRODUCTOS DE LA PROPIEDAD INTELECTUAL,PROGRAMAS DE INFORMATICA Y BASES DE DATOS,No Aplica,No Aplica,VIGENCIA ACTUAL,ENTIDADES TERRITORIALES - SERVICIOS PUBLICOS,NO DEFINIDO,NO DEFINIDO,NO DEFINIDO,,,2021,Tercer Trimestre,,,,NO DEFINIDO,NO DEFINIDO,,,,,,NO DEFINIDO,,,,,,NO DEFINIDO,NO DEFINIDO,NO DEFINIDO,0.0,2235000.0,2235000.0
8027051,20221201,923272885,E.S.P Por Santa Rosa Sostenible S.A.S,2.1.2.02.01,MATERIALES Y SUMINISTROS,GASTOS,FUNCIONAMIENTO,ADQUISICION DE BIENES Y SERVICIOS,ADQUISICIONES DIFERENTES DE ACTIVOS,MATERIALES Y SUMINISTROS,No Aplica,No Aplica,No Aplica,No Aplica,No Aplica,VIGENCIA ACTUAL,ENTIDADES DIFERENTES A ENTIDADES TERRITORIALES - GESTION GENERAL,NO DEFINIDO,NO DEFINIDO,NO DEFINIDO,,,2022,Cuarto Trimestre,,,,NO DEFINIDO,NO DEFINIDO,,,,,,NO DEFINIDO,,,,,,NO DEFINIDO,NO DEFINIDO,NO DEFINIDO,0.0,656687120.0,656687120.0
8028524,20220901,923272885,E.S.P Por Santa Rosa Sostenible S.A.S,2.3.2.01.01.003,MAQUINARIA Y EQUIPO,GASTOS,INVERSION,ADQUISICION DE BIENES Y SERVICIOS,ADQUISICION DE ACTIVOS NO FINANCIEROS,ACTIVOS FIJOS,MAQUINARIA Y EQUIPO,No Aplica,No Aplica,No Aplica,No Aplica,VIGENCIA ACTUAL,ENTIDADES DIFERENTES A ENTIDADES TERRITORIALES - GESTION GENERAL,NO DEFINIDO,NO DEFINIDO,NO DEFINIDO,,,2022,Tercer Trimestre,,,,NO DEFINIDO,NO DEFINIDO,,,,,,NO DEFINIDO,,,,,,NO DEFINIDO,NO DEFINIDO,NO DEFINIDO,0.0,8550000.0,8550000.0
8028600,20230301,923272885,E.S.P Por Santa Rosa Sostenible S.A.S,2.1.1.01.01.001,FACTORES SALARIALES COMUNES,GASTOS,FUNCIONAMIENTO,GASTOS DE PERSONAL,PLANTA DE PERSONAL PERMANENTE,FACTORES CONSTITUTIVOS DE SALARIO,FACTORES SALARIALES COMUNES,No Aplica,No Aplica,No Aplica,No Aplica,VIGENCIA ACTUAL,ENTIDADES DIFERENTES A ENTIDADES TERRITORIALES - GESTION GENERAL,NO DEFINIDO,NO DEFINIDO,NO DEFINIDO,,,2023,Primer Trimestre,,,,NO DEFINIDO,NO DEFINIDO,,,,,,NO DEFINIDO,,,,,,NO DEFINIDO,NO DEFINIDO,NO DEFINIDO,0.0,20867887.0,20867887.0
8030136,20230601,923272885,E.S.P Por Santa Rosa Sostenible S.A.S,2.3.2.01,ADQUISICION DE ACTIVOS NO FINANCIEROS,GASTOS,INVERSION,ADQUISICION DE BIENES Y SERVICIOS,ADQUISICION DE ACTIVOS NO FINANCIEROS,No Aplica,No Aplica,No Aplica,No Aplica,No Aplica,No Aplica,VIGENCIA ACTUAL,ENTIDADES DIFERENTES A ENTIDADES TERRITORIALES - GESTION GENERAL,NO DEFINIDO,NO DEFINIDO,NO DEFINIDO,,,2023,Segundo Trimestre,,,,NO DEFINIDO,NO DEFINIDO,,,,,,NO DEFINIDO,,,,,,NO DEFINIDO,NO DEFINIDO,NO DEFINIDO,0.0,414215.0,414215.0
8047628,20210601,923272885,E.S.P Por Santa Rosa Sostenible S.A.S,2.1.1.01.01.001.01,SUELDO BASICO,GASTOS,FUNCIONAMIENTO,GASTOS DE PERSONAL,PLANTA DE PERSONAL PERMANENTE,FACTORES CONSTITUTIVOS DE SALARIO,FACTORES SALARIALES COMUNES,SUELDO BASICO,No Aplica,No Aplica,No Aplica,VIGENCIA ACTUAL,ENTIDADES TERRITORIALES - SERVICIOS PUBLICOS,NO DEFINIDO,NO DEFINIDO,NO APLICA,,,2021,Segundo Trimestre,,,,NO APLICA,1.2.3.2.09 - VENTA DE BIENES Y SERVICIOS,,,,,,NO APLICA,,,,,,CON SITUACION DE FONDOS,NO APLICA,NO DEFINIDO,0.0,30484208.0,30484208.0
8057907,20220301,923272885,E.S.P Por Santa Rosa Sostenible S.A.S,2.1.1.01.01.001.05,AUXILIO DE TRANSPORTE,GASTOS,FUNCIONAMIENTO,GASTOS DE PERSONAL,PLANTA DE PERSONAL PERMANENTE,FACTORES CONSTITUTIVOS DE SALARIO,FACTORES SALARIALES COMUNES,AUXILIO DE TRANSPORTE,No Aplica,No Aplica,No Aplica,VIGENCIA ACTUAL,ENTIDADES DIFERENTES A ENTIDADES TERRITORIALES - GESTION GENERAL,NO DEFINIDO,NO DEFINIDO,NO APLICA,,,2022,Primer Trimestre,,,,NO APLICA,IMPUESTO - SOBRETASA POR EL ALUMBRADO PUBLICO,,,,,,NO APLICA,,,,,,CON SITUACION DE FONDOS,OTRO,NO DEFINIDO,0.0,1416056.0,1416056.0
8066997,20230601,923272885,E.S.P Por Santa Rosa Sostenible S.A.S,2.1.1.01.01.001.08.02,PRIMA DE VACACIONES,GASTOS,FUNCIONAMIENTO,GASTOS DE PERSONAL,PLANTA DE PERSONAL PERMANENTE,FACTORES CONSTITUTIVOS DE SALARIO,FACTORES SALARIALES COMUNES,PRESTACIONES SOCIALES,PRIMA DE VACACIONES,No Aplica,No Aplica,VIGENCIA ACTUAL,ENTIDADES DIFERENTES A ENTIDADES TERRITORIALES - GESTION GENERAL,NO DEFINIDO,NO DEFINIDO,NO APLICA,,,2023,Segundo Trimestre,,,,NO APLICA,R.B. IMPUESTO DE ALUMBRADO PUBLICO,,,,,,NO APLICA,,,,,,CON SITUACION DE FONDOS,NO APLICA,NO DEFINIDO,0.0,3759670.0,3759670.0
8087166,20220301,923272885,E.S.P Por Santa Rosa Sostenible S.A.S,2.1.2.02.02.008,SERVICIOS PRESTADOS A LAS EMPRESAS Y SERVICIOS DE PRODUCCION,GASTOS,FUNCIONAMIENTO,ADQUISICION DE BIENES Y SERVICIOS,ADQUISICIONES DIFERENTES DE ACTIVOS,ADQUISICION DE SERVICIOS,SERVICIOS PRESTADOS A LAS EMPRESAS Y SERVICIOS DE PRODUCCION,No Aplica,No Aplica,No Aplica,No Aplica,VIGENCIA ACTUAL,ENTIDADES DIFERENTES A ENTIDADES TERRITORIALES - GESTION GENERAL,NO DEFINIDO,NO DEFINIDO,NO APLICA,,,2022,Primer Trimestre,,,,SERVICIOS DE AUDITORIA FINANCIERA,IMPUESTO - SOBRETASA POR EL ALUMBRADO PUBLICO,,,,,,NO APLICA,,,,,,CON SITUACION DE FONDOS,OTRO,NO DEFINIDO,0.0,3860000.0,3860000.0
8088964,20211201,923272885,E.S.P Por Santa Rosa Sostenible S.A.S,2.1.1.01.01.001.06,PRIMA DE SERVICIO,GASTOS,FUNCIONAMIENTO,GASTOS DE PERSONAL,PLANTA DE PERSONAL PERMANENTE,FACTORES CONSTITUTIVOS DE SALARIO,FACTORES SALARIALES COMUNES,PRIMA DE SERVICIO,No Aplica,No Aplica,No Aplica,VIGENCIA ACTUAL,ENTIDADES TERRITORIALES - SERVICIOS PUBLICOS,NO DEFINIDO,NO DEFINIDO,NO APLICA,,,2021,Cuarto Trimestre,,,,NO APLICA,OTRAS CONTRIBUCIONES CON DESTINACION ESPECIFICA LEGAL,,,,,,NO APLICA,,,,,,CON SITUACION DE FONDOS,OTRO,NO DEFINIDO,0.0,2785526.0,2785526.0
8089581,20220301,923272885,E.S.P Por Santa Rosa Sostenible S.A.S,2.1.2.02.02,ADQUISICION DE SERVICIOS,GASTOS,FUNCIONAMIENTO,ADQUISICION DE BIENES Y SERVICIOS,ADQUISICIONES DIFERENTES DE ACTIVOS,ADQUISICION DE SERVICIOS,No Aplica,No Aplica,No Aplica,No Aplica,No Aplica,VIGENCIA ACTUAL,ENTIDADES DIFERENTES A ENTIDADES TERRITORIALES - GESTION GENERAL,NO DEFINIDO,NO DEFINIDO,NO DEFINIDO,,,2022,Primer Trimestre,,,,NO DEFINIDO,NO DEFINIDO,,,,,,NO DEFINIDO,,,,,,NO DEFINIDO,NO DEFINIDO,NO DEFINIDO,0.0,500034447.0,500000943.0
8091111,20211201,923272885,E.S.P Por Santa Rosa Sostenible S.A.S,2.1.8.05,"MULTAS, SANCIONES E INTERESES DE MORA",GASTOS,FUNCIONAMIENTO,"GASTOS POR TRIBUTOS, TASAS, CONTRIBUCIONES, MULTAS, SANCIONES E INTERESES DE MORA","MULTAS, SANCIONES E INTERESES DE MORA",No Aplica,No Aplica,No Aplica,No Aplica,No Aplica,No Aplica,VIGENCIA ACTUAL,ENTIDADES TERRITORIALES - SERVICIOS PUBLICOS,NO DEFINIDO,NO DEFINIDO,NO DEFINIDO,,,2021,Cuarto Trimestre,,,,NO DEFINIDO,NO DEFINIDO,,,,,,NO DEFINIDO,,,,,,NO DEFINIDO,NO DEFINIDO,NO DEFINIDO,0.0,1042000.0,1033000.0
8101964,20230301,923272885,E.S.P Por Santa Rosa Sostenible S.A.S,2.1.8.05.02,INTERESES DE MORA,GASTOS,FUNCIONAMIENTO,"GASTOS POR TRIBUTOS, TASAS, CONTRIBUCIONES, MULTAS, SANCIONES E INTERESES DE MORA","MULTAS, SANCIONES E INTERESES DE MORA",INTERESES DE MORA,No Aplica,No Aplica,No Aplica,No Aplica,No Aplica,VIGENCIA ACTUAL,ENTIDADES DIFERENTES A ENTIDADES TERRITORIALES - GESTION GENERAL,NO DEFINIDO,NO DEFINIDO,NO APLICA,,,2023,Primer Trimestre,,,,NO APLICA,R.B. IMPUESTO DE ALUMBRADO PUBLICO,,,,,,NO APLICA,,,,,,CON SITUACION DE FONDOS,NO APLICA,NO DEFINIDO,0.0,21000.0,21000.0
8102702,20210901,923272885,E.S.P Por Santa Rosa Sostenible S.A.S,2.1.2.02.02,ADQUISICION DE SERVICIOS,GASTOS,FUNCIONAMIENTO,ADQUISICION DE BIENES Y SERVICIOS,ADQUISICIONES DIFERENTES DE ACTIVOS,ADQUISICION DE SERVICIOS,No Aplica,No Aplica,No Aplica,No Aplica,No Aplica,VIGENCIA ACTUAL,ENTIDADES TERRITORIALES - SERVICIOS PUBLICOS,NO DEFINIDO,NO DEFINIDO,NO DEFINIDO,,,2021,Tercer Trimestre,,,,NO DEFINIDO,NO DEFINIDO,,,,,,NO DEFINIDO,,,,,,NO DEFINIDO,NO DEFINIDO,NO DEFINIDO,0.0,65984129.0,65984129.0
8112755,20220901,923272885,E.S.P Por Santa Rosa Sostenible S.A.S,2.1.1.01.02.006,APORTES AL ICBF,GASTOS,FUNCIONAMIENTO,GASTOS DE PERSONAL,PLANTA DE PERSONAL PERMANENTE,CONTRIBUCIONES INHERENTES A LA NOMINA,APORTES AL ICBF,No Aplica,No Aplica,No Aplica,No Aplica,VIGENCIA ACTUAL,ENTIDADES DIFERENTES A ENTIDADES TERRITORIALES - GESTION GENERAL,NO DEFINIDO,NO DEFINIDO,NO APLICA,,,2022,Tercer Trimestre,,,,NO APLICA,IMPUESTO - SOBRETASA POR EL ALUMBRADO PUBLICO,,,,,,NO APLICA,,,,,,CON SITUACION DE FONDOS,NO APLICA,NO DEFINIDO,0.0,334600.0,167300.0
8113091,20220901,923272885,E.S.P Por Santa Rosa Sostenible S.A.S,2.1.1.01.03.001.01,VACACIONES,GASTOS,FUNCIONAMIENTO,GASTOS DE PERSONAL,PLANTA DE PERSONAL PERMANENTE,REMUNERACIONES NO CONSTITUTIVAS DE FACTOR SALARIAL,PRESTACIONES SOCIALES,VACACIONES,No Aplica,No Aplica,No Aplica,VIGENCIA ACTUAL,ENTIDADES DIFERENTES A ENTIDADES TERRITORIALES - GESTION GENERAL,NO DEFINIDO,NO DEFINIDO,NO APLICA,,,2022,Tercer Trimestre,,,,NO APLICA,IMPUESTO - SOBRETASA POR EL ALUMBRADO PUBLICO,,,,,,NO APLICA,,,,,,CON SITUACION DE FONDOS,NO APLICA,NO DEFINIDO,0.0,3075829.0,3075829.0
8132484,20230601,923272885,E.S.P Por Santa Rosa Sostenible S.A.S,2.1.2.02.02.008,SERVICIOS PRESTADOS A LAS EMPRESAS Y SERVICIOS DE PRODUCCION,GASTOS,FUNCIONAMIENTO,ADQUISICION DE BIENES Y SERVICIOS,ADQUISICIONES DIFERENTES DE ACTIVOS,ADQUISICION DE SERVICIOS,SERVICIOS PRESTADOS A LAS EMPRESAS Y SERVICIOS DE PRODUCCION,No Aplica,No Aplica,No Aplica,No Aplica,VIGENCIA ACTUAL,ENTIDADES DIFERENTES A ENTIDADES TERRITORIALES - GESTION GENERAL,NO DEFINIDO,NO DEFINIDO,NO APLICA,,,2023,Segundo Trimestre,,,,OTROS SERVICIOS DE INSTALACION DE MAQUINARIA Y APARATOS ELECTRICOS N C P,R.B. IMPUESTO DE ALUMBRADO PUBLICO,,,,,,NO APLICA,,,,,,CON SITUACION DE FONDOS,NO APLICA,NO DEFINIDO,0.0,792185646.0,792185646.0
8141060,20210901,923272885,E.S.P Por Santa Rosa Sostenible S.A.S,2.1.1.01,PLANTA DE PERSONAL PERMANENTE,GASTOS,FUNCIONAMIENTO,GASTOS DE PERSONAL,PLANTA DE PERSONAL PERMANENTE,No Aplica,No Aplica,No Aplica,No Aplica,No Aplica,No Aplica,VIGENCIA ACTUAL,ENTIDADES TERRITORIALES - SERVICIOS PUBLICOS,NO DEFINIDO,NO DEFINIDO,NO DEFINIDO,,,2021,Tercer Trimestre,,,,NO DEFINIDO,NO DEFINIDO,,,,,,NO DEFINIDO,,,,,,NO DEFINIDO,NO DEFINIDO,NO DEFINIDO,0.0,58752182.0,58752182.0
8143796,20210601,923272885,E.S.P Por Santa Rosa Sostenible S.A.S,2.1.2.02.02.008,SERVICIOS PRESTADOS A LAS EMPRESAS Y SERVICIOS DE PRODUCCION,GASTOS,FUNCIONAMIENTO,ADQUISICION DE BIENES Y SERVICIOS,ADQUISICIONES DIFERENTES DE ACTIVOS,ADQUISICION DE SERVICIOS,SERVICIOS PRESTADOS A LAS EMPRESAS Y SERVICIOS DE PRODUCCION,No Aplica,No Aplica,No Aplica,No Aplica,VIGENCIA ACTUAL,ENTIDADES TERRITORIALES - SERVICIOS PUBLICOS,NO DEFINIDO,NO DEFINIDO,NO APLICA,,,2021,Segundo Trimestre,,,,82221 - SERVICIOS DE CONTABILIDAD,1.2.3.2.09 - VENTA DE BIENES Y SERVICIOS,,,,,,NO APLICA,,,,,,CON SITUACION DE FONDOS,NO APLICA,NO DEFINIDO,0.0,17411096.0,17411096.0
8177695,20221201,923272885,E.S.P Por Santa Rosa Sostenible S.A.S,2.1.1.01.02.003,APORTES DE CESANTIAS,GASTOS,FUNCIONAMIENTO,GASTOS DE PERSONAL,PLANTA DE PERSONAL PERMANENTE,CONTRIBUCIONES INHERENTES A LA NOMINA,APORTES DE CESANTIAS,No Aplica,No Aplica,No Aplica,No Aplica,VIGENCIA ACTUAL,ENTIDADES DIFERENTES A ENTIDADES TERRITORIALES - GESTION GENERAL,NO DEFINIDO,NO DEFINIDO,NO APLICA,,,2022,Cuarto Trimestre,,,,NO APLICA,IMPUESTO - SOBRETASA POR EL ALUMBRADO PUBLICO,,,,,,NO APLICA,,,,,,CON SITUACION DE FONDOS,NO APLICA,NO DEFINIDO,0.0,6358797.0,6358797.0
8183416,20210301,923272885,E.S.P Por Santa Rosa Sostenible S.A.S,2.1.8.05,"MULTAS, SANCIONES E INTERESES DE MORA",GASTOS,FUNCIONAMIENTO,"GASTOS POR TRIBUTOS, TASAS, CONTRIBUCIONES, MULTAS, SANCIONES E INTERESES DE MORA","MULTAS, SANCIONES E INTERESES DE MORA",No Aplica,No Aplica,No Aplica,No Aplica,No Aplica,No Aplica,VIGENCIA ACTUAL,ENTIDADES TERRITORIALES - SERVICIOS PUBLICOS,NO DEFINIDO,NO DEFINIDO,NO DEFINIDO,,,2021,Primer Trimestre,,,,NO DEFINIDO,NO DEFINIDO,,,,,,NO DEFINIDO,,,,,,NO DEFINIDO,NO DEFINIDO,NO DEFINIDO,0.0,3000.0,3000.0
8187628,20230601,923272885,E.S.P Por Santa Rosa Sostenible S.A.S,2.3.2.01.01.005.02.03.01.01,PAQUETES DE SOFTWARE,GASTOS,INVERSION,ADQUISICION DE BIENES Y SERVICIOS,ADQUISICION DE ACTIVOS NO FINANCIEROS,ACTIVOS FIJOS,OTROS ACTIVOS FIJOS,PRODUCTOS DE LA PROPIEDAD INTELECTUAL,PROGRAMAS DE INFORMATICA Y BASES DE DATOS,PROGRAMAS DE INFORMATICA,PAQUETES DE SOFTWARE,VIGENCIA ACTUAL,ENTIDADES DIFERENTES A ENTIDADES TERRITORIALES - GESTION GENERAL,NO DEFINIDO,NO DEFINIDO,NO APLICA,,,2023,Segundo Trimestre,,,,NO APLICA,R.B. IMPUESTO DE ALUMBRADO PUBLICO,,,,,,NO APLICA,,,,,,CON SITUACION DE FONDOS,NO APLICA,NO DEFINIDO,0.0,414215.0,414215.0
8192925,20230601,923272885,E.S.P Por Santa Rosa Sostenible S.A.S,2.1.2.02.02.008,SERVICIOS PRESTADOS A LAS EMPRESAS Y SERVICIOS DE PRODUCCION,GASTOS,FUNCIONAMIENTO,ADQUISICION DE BIENES Y SERVICIOS,ADQUISICIONES DIFERENTES DE ACTIVOS,ADQUISICION DE SERVICIOS,SERVICIOS PRESTADOS A LAS EMPRESAS Y SERVICIOS DE PRODUCCION,No Aplica,No Aplica,No Aplica,No Aplica,VIGENCIA ACTUAL,ENTIDADES DIFERENTES A ENTIDADES TERRITORIALES - GESTION GENERAL,NO DEFINIDO,NO DEFINIDO,NO APLICA,,,2023,Segundo Trimestre,,,,SERVICIOS DE AUDITORIA FINANCIERA,R.B. IMPUESTO DE ALUMBRADO PUBLICO,,,,,,NO APLICA,,,,,,CON SITUACION DE FONDOS,NO APLICA,NO DEFINIDO,0.0,9650000.0,9650000.0
8193072,20230601,923272885,E.S.P Por Santa Rosa Sostenible S.A.S,2.1.1.01.03.001.03,BONIFICACION ESPECIAL DE RECREACION,GASTOS,FUNCIONAMIENTO,GASTOS DE PERSONAL,PLANTA DE PERSONAL PERMANENTE,REMUNERACIONES NO CONSTITUTIVAS DE FACTOR SALARIAL,PRESTACIONES SOCIALES,BONIFICACION ESPECIAL DE RECREACION,No Aplica,No Aplica,No Aplica,VIGENCIA ACTUAL,ENTIDADES DIFERENTES A ENTIDADES TERRITORIALES - GESTION GENERAL,NO DEFINIDO,NO DEFINIDO,NO APLICA,,,2023,Segundo Trimestre,,,,NO APLICA,R.B. IMPUESTO DE ALUMBRADO PUBLICO,,,,,,NO APLICA,,,,,,CON SITUACION DE FONDOS,NO APLICA,NO DEFINIDO,0.0,398367.0,398367.0
8199661,20210601,923272885,E.S.P Por Santa Rosa Sostenible S.A.S,2.1.8.01.14,GRAVAMEN A LOS MOVIMIENTOS FINANCIEROS,GASTOS,FUNCIONAMIENTO,"GASTOS POR TRIBUTOS, TASAS, CONTRIBUCIONES, MULTAS, SANCIONES E INTERESES DE MORA",IMPUESTOS,GRAVAMEN A LOS MOVIMIENTOS FINANCIEROS,No Aplica,No Aplica,No Aplica,No Aplica,No Aplica,VIGENCIA ACTUAL,ENTIDADES TERRITORIALES - SERVICIOS PUBLICOS,NO DEFINIDO,NO DEFINIDO,NO APLICA,,,2021,Segundo Trimestre,,,,NO APLICA,1.2.3.2.09 - VENTA DE BIENES Y SERVICIOS,,,,,,NO APLICA,,,,,,CON SITUACION DE FONDOS,NO APLICA,NO DEFINIDO,0.0,5397670.0,5397670.0
8218780,20211201,923272885,E.S.P Por Santa Rosa Sostenible S.A.S,2.1.1.01.01.001.05,AUXILIO DE TRANSPORTE,GASTOS,FUNCIONAMIENTO,GASTOS DE PERSONAL,PLANTA DE PERSONAL PERMANENTE,FACTORES CONSTITUTIVOS DE SALARIO,FACTORES SALARIALES COMUNES,AUXILIO DE TRANSPORTE,No Aplica,No Aplica,No Aplica,VIGENCIA ACTUAL,ENTIDADES TERRITORIALES - SERVICIOS PUBLICOS,NO DEFINIDO,NO DEFINIDO,NO APLICA,,,2021,Cuarto Trimestre,,,,NO APLICA,OTRAS CONTRIBUCIONES CON DESTINACION ESPECIFICA LEGAL,,,,,,NO APLICA,,,,,,CON SITUACION DE FONDOS,E.S.P POR SANTA ROSA SOSTENIBLE S.A.S,NO DEFINIDO,0.0,1064540.0,0.0
8237680,20221201,923272885,E.S.P Por Santa Rosa Sostenible S.A.S,2.3.2.01.01.003.03.02,"MAQUINARIA DE INFORMATICA Y SUS PARTES, PIEZAS Y ACCESORIOS",GASTOS,INVERSION,ADQUISICION DE BIENES Y SERVICIOS,ADQUISICION DE ACTIVOS NO FINANCIEROS,ACTIVOS FIJOS,MAQUINARIA Y EQUIPO,"MAQUINARIA DE OFICINA, CONTABILIDAD E INFORMATICA","MAQUINARIA DE INFORMATICA Y SUS PARTES, PIEZAS Y ACCESORIOS",No Aplica,No Aplica,VIGENCIA ACTUAL,ENTIDADES DIFERENTES A ENTIDADES TERRITORIALES - GESTION GENERAL,NO DEFINIDO,NO DEFINIDO,NO APLICA,,,2022,Cuarto Trimestre,,,,NO APLICA,IMPUESTO - SOBRETASA POR EL ALUMBRADO PUBLICO,,,,,,NO APLICA,,,,,,CON SITUACION DE FONDOS,NO APLICA,NO DEFINIDO,0.0,8550000.0,8550000.0
8241230,20230601,923272885,E.S.P Por Santa Rosa Sostenible S.A.S,2.1.1.01,PLANTA DE PERSONAL PERMANENTE,GASTOS,FUNCIONAMIENTO,GASTOS DE PERSONAL,PLANTA DE PERSONAL PERMANENTE,No Aplica,No Aplica,No Aplica,No Aplica,No Aplica,No Aplica,VIGENCIA ACTUAL,ENTIDADES DIFERENTES A ENTIDADES TERRITORIALES - GESTION GENERAL,NO DEFINIDO,NO DEFINIDO,NO DEFINIDO,,,2023,Segundo Trimestre,,,,NO DEFINIDO,NO DEFINIDO,,,,,,NO DEFINIDO,,,,,,NO DEFINIDO,NO DEFINIDO,NO DEFINIDO,0.0,63800684.0,63800684.0
8244888,20220901,923272885,E.S.P Por Santa Rosa Sostenible S.A.S,2.1.2.02.01.003,"OTROS BIENES TRANSPORTABLES EXCEPTO PRODUCTOS METALICOS, MAQUINARIA Y EQUIPO",GASTOS,FUNCIONAMIENTO,ADQUISICION DE BIENES Y SERVICIOS,ADQUISICIONES DIFERENTES DE ACTIVOS,MATERIALES Y SUMINISTROS,"OTROS BIENES TRANSPORTABLES EXCEPTO PRODUCTOS METALICOS, MAQUINARIA Y EQUIPO",No Aplica,No Aplica,No Aplica,No Aplica,VIGENCIA ACTUAL,ENTIDADES DIFERENTES A ENTIDADES TERRITORIALES - GESTION GENERAL,NO DEFINIDO,NO DEFINIDO,NO APLICA,,,2022,Tercer Trimestre,,,,ARTICULOS VARIOS DE PUBLICIDAD Y PROPAGANDA,IMPUESTO - SOBRETASA POR EL ALUMBRADO PUBLICO,,,,,,NO APLICA,,,,,,CON SITUACION DE FONDOS,NO APLICA,NO DEFINIDO,0.0,2530000.0,2530000.0
8250512,20220301,923272885,E.S.P Por Santa Rosa Sostenible S.A.S,2.1.2.02.01.003,"OTROS BIENES TRANSPORTABLES EXCEPTO PRODUCTOS METALICOS, MAQUINARIA Y EQUIPO",GASTOS,FUNCIONAMIENTO,ADQUISICION DE BIENES Y SERVICIOS,ADQUISICIONES DIFERENTES DE ACTIVOS,MATERIALES Y SUMINISTROS,"OTROS BIENES TRANSPORTABLES EXCEPTO PRODUCTOS METALICOS, MAQUINARIA Y EQUIPO",No Aplica,No Aplica,No Aplica,No Aplica,VIGENCIA ACTUAL,ENTIDADES DIFERENTES A ENTIDADES TERRITORIALES - GESTION GENERAL,NO DEFINIDO,NO DEFINIDO,NO APLICA,,,2022,Primer Trimestre,,,,COMERCIO AL POR MENOR DE MATERIALES DE LIMPIEZA EN ESTABLECIMIENTOS NO ESPECIALIZADOS,IMPUESTO - SOBRETASA POR EL ALUMBRADO PUBLICO,,,,,,NO APLICA,,,,,,CON SITUACION DE FONDOS,OTRO,NO DEFINIDO,0.0,2390000.0,2390000.0
8253695,20211201,923272885,E.S.P Por Santa Rosa Sostenible S.A.S,2.1.2.02.02,ADQUISICION DE SERVICIOS,GASTOS,FUNCIONAMIENTO,ADQUISICION DE BIENES Y SERVICIOS,ADQUISICIONES DIFERENTES DE ACTIVOS,ADQUISICION DE SERVICIOS,No Aplica,No Aplica,No Aplica,No Aplica,No Aplica,VIGENCIA ACTUAL,ENTIDADES TERRITORIALES - SERVICIOS PUBLICOS,NO DEFINIDO,NO DEFINIDO,NO DEFINIDO,,,2021,Cuarto Trimestre,,,,NO DEFINIDO,NO DEFINIDO,,,,,,NO DEFINIDO,,,,,,NO DEFINIDO,NO DEFINIDO,NO DEFINIDO,0.0,86524603.0,86411099.0
8255782,20230601,923272885,E.S.P Por Santa Rosa Sostenible S.A.S,2.1.1,GASTOS DE PERSONAL,GASTOS,FUNCIONAMIENTO,GASTOS DE PERSONAL,No Aplica,No Aplica,No Aplica,No Aplica,No Aplica,No Aplica,No Aplica,VIGENCIA ACTUAL,ENTIDADES DIFERENTES A ENTIDADES TERRITORIALES - GESTION GENERAL,NO DEFINIDO,NO DEFINIDO,NO DEFINIDO,,,2023,Segundo Trimestre,,,,NO DEFINIDO,NO DEFINIDO,,,,,,NO DEFINIDO,,,,,,NO DEFINIDO,NO DEFINIDO,NO DEFINIDO,0.0,63800684.0,63800684.0
8267419,20210901,923272885,E.S.P Por Santa Rosa Sostenible S.A.S,2.1.8,"GASTOS POR TRIBUTOS, TASAS, CONTRIBUCIONES, MULTAS, SANCIONES E INTERESES DE MORA",GASTOS,FUNCIONAMIENTO,"GASTOS POR TRIBUTOS, TASAS, CONTRIBUCIONES, MULTAS, SANCIONES E INTERESES DE MORA",No Aplica,No Aplica,No Aplica,No Aplica,No Aplica,No Aplica,No Aplica,VIGENCIA ACTUAL,ENTIDADES TERRITORIALES - SERVICIOS PUBLICOS,NO DEFINIDO,NO DEFINIDO,NO DEFINIDO,,,2021,Tercer Trimestre,,,,NO DEFINIDO,NO DEFINIDO,,,,,,NO DEFINIDO,,,,,,NO DEFINIDO,NO DEFINIDO,NO DEFINIDO,0.0,20457080.0,20457080.0
8269957,20220301,923272885,E.S.P Por Santa Rosa Sostenible S.A.S,2.1.2.02.02.008,SERVICIOS PRESTADOS A LAS EMPRESAS Y SERVICIOS DE PRODUCCION,GASTOS,FUNCIONAMIENTO,ADQUISICION DE BIENES Y SERVICIOS,ADQUISICIONES DIFERENTES DE ACTIVOS,ADQUISICION DE SERVICIOS,SERVICIOS PRESTADOS A LAS EMPRESAS Y SERVICIOS DE PRODUCCION,No Aplica,No Aplica,No Aplica,No Aplica,VIGENCIA ACTUAL,ENTIDADES DIFERENTES A ENTIDADES TERRITORIALES - GESTION GENERAL,NO DEFINIDO,NO DEFINIDO,NO APLICA,,,2022,Primer Trimestre,,,,SERVICIOS DE DISTRIBUCION DE ELECTRICIDAD A COMISION O POR CONTRATO,IMPUESTO - SOBRETASA POR EL ALUMBRADO PUBLICO,,,,,,NO APLICA,,,,,,CON SITUACION DE FONDOS,OTRO,NO DEFINIDO,0.0,408040236.0,408040236.0
8270041,20211201,923272885,E.S.P Por Santa Rosa Sostenible S.A.S,2.1.1.01,PLANTA DE PERSONAL PERMANENTE,GASTOS,FUNCIONAMIENTO,GASTOS DE PERSONAL,PLANTA DE PERSONAL PERMANENTE,No Aplica,No Aplica,No Aplica,No Aplica,No Aplica,No Aplica,VIGENCIA ACTUAL,ENTIDADES TERRITORIALES - SERVICIOS PUBLICOS,NO DEFINIDO,NO DEFINIDO,NO DEFINIDO,,,2021,Cuarto Trimestre,,,,NO DEFINIDO,NO DEFINIDO,,,,,,NO DEFINIDO,,,,,,NO DEFINIDO,NO DEFINIDO,NO DEFINIDO,0.0,92623451.0,84348252.0
8286339,20220901,923272885,E.S.P Por Santa Rosa Sostenible S.A.S,2.1.2.02.02.008,SERVICIOS PRESTADOS A LAS EMPRESAS Y SERVICIOS DE PRODUCCION,GASTOS,FUNCIONAMIENTO,ADQUISICION DE BIENES Y SERVICIOS,ADQUISICIONES DIFERENTES DE ACTIVOS,ADQUISICION DE SERVICIOS,SERVICIOS PRESTADOS A LAS EMPRESAS Y SERVICIOS DE PRODUCCION,No Aplica,No Aplica,No Aplica,No Aplica,VIGENCIA ACTUAL,ENTIDADES DIFERENTES A ENTIDADES TERRITORIALES - GESTION GENERAL,NO DEFINIDO,NO DEFINIDO,NO APLICA,,,2022,Tercer Trimestre,,,,SERVICIOS DE AUDITORIA FINANCIERA,IMPUESTO - SOBRETASA POR EL ALUMBRADO PUBLICO,,,,,,NO APLICA,,,,,,CON SITUACION DE FONDOS,NO APLICA,NO DEFINIDO,0.0,22370000.0,22370000.0
8286424,20221201,923272885,E.S.P Por Santa Rosa Sostenible S.A.S,2.1.1.01.02,CONTRIBUCIONES INHERENTES A LA NOMINA,GASTOS,FUNCIONAMIENTO,GASTOS DE PERSONAL,PLANTA DE PERSONAL PERMANENTE,CONTRIBUCIONES INHERENTES A LA NOMINA,No Aplica,No Aplica,No Aplica,No Aplica,No Aplica,VIGENCIA ACTUAL,ENTIDADES DIFERENTES A ENTIDADES TERRITORIALES - GESTION GENERAL,NO DEFINIDO,NO DEFINIDO,NO DEFINIDO,,,2022,Cuarto Trimestre,,,,NO DEFINIDO,NO DEFINIDO,,,,,,NO DEFINIDO,,,,,,NO DEFINIDO,NO DEFINIDO,NO DEFINIDO,0.0,18415056.0,18415056.0
8306202,20220901,923272885,E.S.P Por Santa Rosa Sostenible S.A.S,2.1.8.04.01,CUOTA DE FISCALIZACION Y AUDITAJE,GASTOS,FUNCIONAMIENTO,"GASTOS POR TRIBUTOS, TASAS, CONTRIBUCIONES, MULTAS, SANCIONES E INTERESES DE MORA",CONTRIBUCIONES,CUOTA DE FISCALIZACION Y AUDITAJE,No Aplica,No Aplica,No Aplica,No Aplica,No Aplica,VIGENCIA ACTUAL,ENTIDADES DIFERENTES A ENTIDADES TERRITORIALES - GESTION GENERAL,NO DEFINIDO,NO DEFINIDO,NO APLICA,,,2022,Tercer Trimestre,,,,NO APLICA,IMPUESTO - SOBRETASA POR EL ALUMBRADO PUBLICO,,,,,,NO APLICA,,,,,,CON SITUACION DE FONDOS,NO APLICA,NO DEFINIDO,0.0,4175375.0,4175375.0
8312405,20230301,923272885,E.S.P Por Santa Rosa Sostenible S.A.S,2.3.2.01,ADQUISICION DE ACTIVOS NO FINANCIEROS,GASTOS,INVERSION,ADQUISICION DE BIENES Y SERVICIOS,ADQUISICION DE ACTIVOS NO FINANCIEROS,No Aplica,No Aplica,No Aplica,No Aplica,No Aplica,No Aplica,VIGENCIA ACTUAL,ENTIDADES DIFERENTES A ENTIDADES TERRITORIALES - GESTION GENERAL,NO DEFINIDO,NO DEFINIDO,NO DEFINIDO,,,2023,Primer Trimestre,,,,NO DEFINIDO,NO DEFINIDO,,,,,,NO DEFINIDO,,,,,,NO DEFINIDO,NO DEFINIDO,NO DEFINIDO,0.0,223900.0,223900.0
8326422,20221201,923272885,E.S.P Por Santa Rosa Sostenible S.A.S,2.1.1.01.01.001.08.02,PRIMA DE VACACIONES,GASTOS,FUNCIONAMIENTO,GASTOS DE PERSONAL,PLANTA DE PERSONAL PERMANENTE,FACTORES CONSTITUTIVOS DE SALARIO,FACTORES SALARIALES COMUNES,PRESTACIONES SOCIALES,PRIMA DE VACACIONES,No Aplica,No Aplica,VIGENCIA ACTUAL,ENTIDADES DIFERENTES A ENTIDADES TERRITORIALES - GESTION GENERAL,NO DEFINIDO,NO DEFINIDO,NO APLICA,,,2022,Cuarto Trimestre,,,,NO APLICA,IMPUESTO - SOBRETASA POR EL ALUMBRADO PUBLICO,,,,,,NO APLICA,,,,,,CON SITUACION DE FONDOS,NO APLICA,NO DEFINIDO,0.0,2097156.0,2097156.0
8336773,20221201,923272885,E.S.P Por Santa Rosa Sostenible S.A.S,2.1.2.02.02.008,SERVICIOS PRESTADOS A LAS EMPRESAS Y SERVICIOS DE PRODUCCION,GASTOS,FUNCIONAMIENTO,ADQUISICION DE BIENES Y SERVICIOS,ADQUISICIONES DIFERENTES DE ACTIVOS,ADQUISICION DE SERVICIOS,SERVICIOS PRESTADOS A LAS EMPRESAS Y SERVICIOS DE PRODUCCION,No Aplica,No Aplica,No Aplica,No Aplica,VIGENCIA ACTUAL,ENTIDADES DIFERENTES A ENTIDADES TERRITORIALES - GESTION GENERAL,NO DEFINIDO,NO DEFINIDO,NO APLICA,,,2022,Cuarto Trimestre,,,,SERVICIOS DE DISENO Y DESARROLLO DE APLICACIONES EN TECNOLOGIAS DE LA INFORMACION TI,IMPUESTO - SOBRETASA POR EL ALUMBRADO PUBLICO,,,,,,NO APLICA,,,,,,CON SITUACION DE FONDOS,NO APLICA,NO DEFINIDO,0.0,1300000.0,1300000.0
8338994,20220301,923272885,E.S.P Por Santa Rosa Sostenible S.A.S,2.1.1.01.01.001.10,VIATICOS DE LOS FUNCIONARIOS EN COMISION,GASTOS,FUNCIONAMIENTO,GASTOS DE PERSONAL,PLANTA DE PERSONAL PERMANENTE,FACTORES CONSTITUTIVOS DE SALARIO,FACTORES SALARIALES COMUNES,VIATICOS DE LOS FUNCIONARIOS EN COMISION,No Aplica,No Aplica,No Aplica,VIGENCIA ACTUAL,ENTIDADES DIFERENTES A ENTIDADES TERRITORIALES - GESTION GENERAL,NO DEFINIDO,NO DEFINIDO,NO APLICA,,,2022,Primer Trimestre,,,,NO APLICA,IMPUESTO - SOBRETASA POR EL ALUMBRADO PUBLICO,,,,,,NO APLICA,,,,,,CON SITUACION DE FONDOS,OTRO,NO DEFINIDO,0.0,247196.0,247196.0
8342283,20210301,923272885,E.S.P Por Santa Rosa Sostenible S.A.S,2.1.1.01.02.006,APORTES AL ICBF,GASTOS,FUNCIONAMIENTO,GASTOS DE PERSONAL,PLANTA DE PERSONAL PERMANENTE,CONTRIBUCIONES INHERENTES A LA NOMINA,APORTES AL ICBF,No Aplica,No Aplica,No Aplica,No Aplica,VIGENCIA ACTUAL,ENTIDADES TERRITORIALES - SERVICIOS PUBLICOS,NO DEFINIDO,NO DEFINIDO,NO APLICA,,,2021,Primer Trimestre,,,,NO APLICA,1.2.3.2.09 - VENTA DE BIENES Y SERVICIOS,,,,,,NO APLICA,,,,,,CON SITUACION DE FONDOS,NO APLICA,NO DEFINIDO,0.0,264000.0,264000.0
8352562,20210601,923272885,E.S.P Por Santa Rosa Sostenible S.A.S,2.1.1,GASTOS DE PERSONAL,GASTOS,FUNCIONAMIENTO,GASTOS DE PERSONAL,No Aplica,No Aplica,No Aplica,No Aplica,No Aplica,No Aplica,No Aplica,VIGENCIA ACTUAL,ENTIDADES TERRITORIALES - SERVICIOS PUBLICOS,NO DEFINIDO,NO DEFINIDO,NO DEFINIDO,,,2021,Segundo Trimestre,,,,NO DEFINIDO,NO DEFINIDO,,,,,,NO DEFINIDO,,,,,,NO DEFINIDO,NO DEFINIDO,NO DEFINIDO,0.0,39466920.0,39466920.0
8354563,20221201,923272885,E.S.P Por Santa Rosa Sostenible S.A.S,2.1.2.02.01.001,"MINERALES, ELECTRICIDAD, GAS Y AGUA",GASTOS,FUNCIONAMIENTO,ADQUISICION DE BIENES Y SERVICIOS,ADQUISICIONES DIFERENTES DE ACTIVOS,MATERIALES Y SUMINISTROS,"MINERALES, ELECTRICIDAD, GAS Y AGUA",No Aplica,No Aplica,No Aplica,No Aplica,VIGENCIA ACTUAL,ENTIDADES DIFERENTES A ENTIDADES TERRITORIALES - GESTION GENERAL,NO DEFINIDO,NO DEFINIDO,NO APLICA,,,2022,Cuarto Trimestre,,,,ENERGIA ELECTRICA,IMPUESTO - SOBRETASA POR EL ALUMBRADO PUBLICO,,,,,,NO APLICA,,,,,,CON SITUACION DE FONDOS,NO APLICA,NO DEFINIDO,0.0,649012780.0,649012780.0
8370399,20220901,923272885,E.S.P Por Santa Rosa Sostenible S.A.S,2.1.1.01.01.001,FACTORES SALARIALES COMUNES,GASTOS,FUNCIONAMIENTO,GASTOS DE PERSONAL,PLANTA DE PERSONAL PERMANENTE,FACTORES CONSTITUTIVOS DE SALARIO,FACTORES SALARIALES COMUNES,No Aplica,No Aplica,No Aplica,No Aplica,VIGENCIA ACTUAL,ENTIDADES DIFERENTES A ENTIDADES TERRITORIALES - GESTION GENERAL,NO DEFINIDO,NO DEFINIDO,NO DEFINIDO,,,2022,Tercer Trimestre,,,,NO DEFINIDO,NO DEFINIDO,,,,,,NO DEFINIDO,,,,,,NO DEFINIDO,NO DEFINIDO,NO DEFINIDO,0.0,58629421.0,58629421.0
8395322,20210901,923272885,E.S.P Por Santa Rosa Sostenible S.A.S,2.1.2.01.01.005.02.03.01.01,PAQUETES DE SOFTWARE,GASTOS,FUNCIONAMIENTO,ADQUISICION DE BIENES Y SERVICIOS,ADQUISICION DE ACTIVOS NO FINANCIEROS,ACTIVOS FIJOS,OTROS ACTIVOS FIJOS,PRODUCTOS DE LA PROPIEDAD INTELECTUAL,PROGRAMAS DE INFORMATICA Y BASES DE DATOS,PROGRAMAS DE INFORMATICA,PAQUETES DE SOFTWARE,VIGENCIA ACTUAL,ENTIDADES TERRITORIALES - SERVICIOS PUBLICOS,NO DEFINIDO,NO DEFINIDO,NO APLICA,,,2021,Tercer Trimestre,,,,83143 - SOFTWARE ORIGINALES,1.2.3.2.09 - VENTA DE BIENES Y SERVICIOS,,,,,,NO APLICA,,,,,,CON SITUACION DE FONDOS,OTRO,NO DEFINIDO,0.0,1800000.0,1800000.0
8396832,20221201,923272885,E.S.P Por Santa Rosa Sostenible S.A.S,2.1.1.01.03.001.03,BONIFICACION ESPECIAL DE RECREACION,GASTOS,FUNCIONAMIENTO,GASTOS DE PERSONAL,PLANTA DE PERSONAL PERMANENTE,REMUNERACIONES NO CONSTITUTIVAS DE FACTOR SALARIAL,PRESTACIONES SOCIALES,BONIFICACION ESPECIAL DE RECREACION,No Aplica,No Aplica,No Aplica,VIGENCIA ACTUAL,ENTIDADES DIFERENTES A ENTIDADES TERRITORIALES - GESTION GENERAL,NO DEFINIDO,NO DEFINIDO,NO APLICA,,,2022,Cuarto Trimestre,,,,NO APLICA,IMPUESTO - SOBRETASA POR EL ALUMBRADO PUBLICO,,,,,,NO APLICA,,,,,,CON SITUACION DE FONDOS,NO APLICA,NO DEFINIDO,0.0,268436.0,268436.0
8397364,20221201,923272885,E.S.P Por Santa Rosa Sostenible S.A.S,2.1.1.01.02.005,APORTES GENERALES AL SISTEMA DE RIESGOS LABORALES,GASTOS,FUNCIONAMIENTO,GASTOS DE PERSONAL,PLANTA DE PERSONAL PERMANENTE,CONTRIBUCIONES INHERENTES A LA NOMINA,APORTES GENERALES AL SISTEMA DE RIESGOS LABORALES,No Aplica,No Aplica,No Aplica,No Aplica,VIGENCIA ACTUAL,ENTIDADES DIFERENTES A ENTIDADES TERRITORIALES - GESTION GENERAL,NO DEFINIDO,NO DEFINIDO,NO APLICA,,,2022,Cuarto Trimestre,,,,NO APLICA,IMPUESTO - SOBRETASA POR EL ALUMBRADO PUBLICO,,,,,,NO APLICA,,,,,,CON SITUACION DE FONDOS,NO APLICA,NO DEFINIDO,0.0,371280.0,371280.0
8400797,20221201,923272885,E.S.P Por Santa Rosa Sostenible S.A.S,2.3.2.01.01,ACTIVOS FIJOS,GASTOS,INVERSION,ADQUISICION DE BIENES Y SERVICIOS,ADQUISICION DE ACTIVOS NO FINANCIEROS,ACTIVOS FIJOS,No Aplica,No Aplica,No Aplica,No Aplica,No Aplica,VIGENCIA ACTUAL,ENTIDADES DIFERENTES A ENTIDADES TERRITORIALES - GESTION GENERAL,NO DEFINIDO,NO DEFINIDO,NO DEFINIDO,,,2022,Cuarto Trimestre,,,,NO DEFINIDO,NO DEFINIDO,,,,,,NO DEFINIDO,,,,,,NO DEFINIDO,NO DEFINIDO,NO DEFINIDO,0.0,18980000.0,18980000.0
8407960,20230601,923272885,E.S.P Por Santa Rosa Sostenible S.A.S,2.3.2.01.01.005.02.03.01,PROGRAMAS DE INFORMATICA,GASTOS,INVERSION,ADQUISICION DE BIENES Y SERVICIOS,ADQUISICION DE ACTIVOS NO FINANCIEROS,ACTIVOS FIJOS,OTROS ACTIVOS FIJOS,PRODUCTOS DE LA PROPIEDAD INTELECTUAL,PROGRAMAS DE INFORMATICA Y BASES DE DATOS,PROGRAMAS DE INFORMATICA,No Aplica,VIGENCIA ACTUAL,ENTIDADES DIFERENTES A ENTIDADES TERRITORIALES - GESTION GENERAL,NO DEFINIDO,NO DEFINIDO,NO DEFINIDO,,,2023,Segundo Trimestre,,,,NO DEFINIDO,NO DEFINIDO,,,,,,NO DEFINIDO,,,,,,NO DEFINIDO,NO DEFINIDO,NO DEFINIDO,0.0,414215.0,414215.0
8414418,20210901,923272885,E.S.P Por Santa Rosa Sostenible S.A.S,2.1.1.01.01.001.06,PRIMA DE SERVICIO,GASTOS,FUNCIONAMIENTO,GASTOS DE PERSONAL,PLANTA DE PERSONAL PERMANENTE,FACTORES CONSTITUTIVOS DE SALARIO,FACTORES SALARIALES COMUNES,PRIMA DE SERVICIO,No Aplica,No Aplica,No Aplica,VIGENCIA ACTUAL,ENTIDADES TERRITORIALES - SERVICIOS PUBLICOS,NO DEFINIDO,NO DEFINIDO,NO APLICA,,,2021,Tercer Trimestre,,,,NO APLICA,1.2.3.2.09 - VENTA DE BIENES Y SERVICIOS,,,,,,NO APLICA,,,,,,CON SITUACION DE FONDOS,OTRO,NO DEFINIDO,0.0,2785526.0,2785526.0
8415394,20230601,923272885,E.S.P Por Santa Rosa Sostenible S.A.S,2.1.1.01.03.001,PRESTACIONES SOCIALES,GASTOS,FUNCIONAMIENTO,GASTOS DE PERSONAL,PLANTA DE PERSONAL PERMANENTE,REMUNERACIONES NO CONSTITUTIVAS DE FACTOR SALARIAL,PRESTACIONES SOCIALES,No Aplica,No Aplica,No Aplica,No Aplica,VIGENCIA ACTUAL,ENTIDADES DIFERENTES A ENTIDADES TERRITORIALES - GESTION GENERAL,NO DEFINIDO,NO DEFINIDO,NO DEFINIDO,,,2023,Segundo Trimestre,,,,NO DEFINIDO,NO DEFINIDO,,,,,,NO DEFINIDO,,,,,,NO DEFINIDO,NO DEFINIDO,NO DEFINIDO,0.0,4749996.0,4749996.0
8418076,20221201,923272885,E.S.P Por Santa Rosa Sostenible S.A.S,2.1.2.02.02.008,SERVICIOS PRESTADOS A LAS EMPRESAS Y SERVICIOS DE PRODUCCION,GASTOS,FUNCIONAMIENTO,ADQUISICION DE BIENES Y SERVICIOS,ADQUISICIONES DIFERENTES DE ACTIVOS,ADQUISICION DE SERVICIOS,SERVICIOS PRESTADOS A LAS EMPRESAS Y SERVICIOS DE PRODUCCION,No Aplica,No Aplica,No Aplica,No Aplica,VIGENCIA ACTUAL,ENTIDADES DIFERENTES A ENTIDADES TERRITORIALES - GESTION GENERAL,NO DEFINIDO,NO DEFINIDO,NO APLICA,,,2022,Cuarto Trimestre,,,,SERVICIOS DE CONTABILIDAD,IMPUESTO - SOBRETASA POR EL ALUMBRADO PUBLICO,,,,,,NO APLICA,,,,,,CON SITUACION DE FONDOS,NO APLICA,NO DEFINIDO,0.0,22248000.0,22248000.0
8427903,20230301,923272885,E.S.P Por Santa Rosa Sostenible S.A.S,2.1.8,"GASTOS POR TRIBUTOS, TASAS, CONTRIBUCIONES, MULTAS, SANCIONES E INTERESES DE MORA",GASTOS,FUNCIONAMIENTO,"GASTOS POR TRIBUTOS, TASAS, CONTRIBUCIONES, MULTAS, SANCIONES E INTERESES DE MORA",No Aplica,No Aplica,No Aplica,No Aplica,No Aplica,No Aplica,No Aplica,VIGENCIA ACTUAL,ENTIDADES DIFERENTES A ENTIDADES TERRITORIALES - GESTION GENERAL,NO DEFINIDO,NO DEFINIDO,NO DEFINIDO,,,2023,Primer Trimestre,,,,NO DEFINIDO,NO DEFINIDO,,,,,,NO DEFINIDO,,,,,,NO DEFINIDO,NO DEFINIDO,NO DEFINIDO,0.0,2916536.0,2916536.0
8430047,20210901,923272885,E.S.P Por Santa Rosa Sostenible S.A.S,2.1.2,ADQUISICION DE BIENES Y SERVICIOS,GASTOS,FUNCIONAMIENTO,ADQUISICION DE BIENES Y SERVICIOS,No Aplica,No Aplica,No Aplica,No Aplica,No Aplica,No Aplica,No Aplica,VIGENCIA ACTUAL,ENTIDADES TERRITORIALES - SERVICIOS PUBLICOS,NO DEFINIDO,NO DEFINIDO,NO DEFINIDO,,,2021,Tercer Trimestre,,,,NO DEFINIDO,NO DEFINIDO,,,,,,NO DEFINIDO,,,,,,NO DEFINIDO,NO DEFINIDO,NO DEFINIDO,0.0,72714079.0,72714079.0
8431346,20230601,923272885,E.S.P Por Santa Rosa Sostenible S.A.S,2.1.1.01.01.001.10,VIATICOS DE LOS FUNCIONARIOS EN COMISION,GASTOS,FUNCIONAMIENTO,GASTOS DE PERSONAL,PLANTA DE PERSONAL PERMANENTE,FACTORES CONSTITUTIVOS DE SALARIO,FACTORES SALARIALES COMUNES,VIATICOS DE LOS FUNCIONARIOS EN COMISION,No Aplica,No Aplica,No Aplica,VIGENCIA ACTUAL,ENTIDADES DIFERENTES A ENTIDADES TERRITORIALES - GESTION GENERAL,NO DEFINIDO,NO DEFINIDO,NO APLICA,,,2023,Segundo Trimestre,,,,NO APLICA,R.B. IMPUESTO DE ALUMBRADO PUBLICO,,,,,,NO APLICA,,,,,,CON SITUACION DE FONDOS,NO APLICA,NO DEFINIDO,0.0,1487258.0,1487258.0
8431687,20210301,923272885,E.S.P Por Santa Rosa Sostenible S.A.S,2.3.2.02,ADQUISICIONES DIFERENTES DE ACTIVOS,GASTOS,INVERSION,ADQUISICION DE BIENES Y SERVICIOS,ADQUISICIONES DIFERENTES DE ACTIVOS,No Aplica,No Aplica,No Aplica,No Aplica,No Aplica,No Aplica,VIGENCIA ACTUAL,ENTIDADES TERRITORIALES - SERVICIOS PUBLICOS,NO DEFINIDO,NO DEFINIDO,NO DEFINIDO,,,2021,Primer Trimestre,,,,NO DEFINIDO,NO DEFINIDO,,,,,,NO DEFINIDO,,,,,,NO DEFINIDO,NO DEFINIDO,NO DEFINIDO,0.0,376724266.0,376724266.0
8437067,20230301,923272885,E.S.P Por Santa Rosa Sostenible S.A.S,2.1.1.01.02.002,APORTES A LA SEGURIDAD SOCIAL EN SALUD,GASTOS,FUNCIONAMIENTO,GASTOS DE PERSONAL,PLANTA DE PERSONAL PERMANENTE,CONTRIBUCIONES INHERENTES A LA NOMINA,APORTES A LA SEGURIDAD SOCIAL EN SALUD,No Aplica,No Aplica,No Aplica,No Aplica,VIGENCIA ACTUAL,ENTIDADES DIFERENTES A ENTIDADES TERRITORIALES - GESTION GENERAL,NO DEFINIDO,NO DEFINIDO,NO APLICA,,,2023,Primer Trimestre,,,,NO APLICA,R.B. IMPUESTO DE ALUMBRADO PUBLICO,,,,,,NO APLICA,,,,,,CON SITUACION DE FONDOS,NO APLICA,NO DEFINIDO,0.0,331560.0,331560.0
8437599,20230601,923272885,E.S.P Por Santa Rosa Sostenible S.A.S,2.1.2.02.01.003,"OTROS BIENES TRANSPORTABLES EXCEPTO PRODUCTOS METALICOS, MAQUINARIA Y EQUIPO",GASTOS,FUNCIONAMIENTO,ADQUISICION DE BIENES Y SERVICIOS,ADQUISICIONES DIFERENTES DE ACTIVOS,MATERIALES Y SUMINISTROS,"OTROS BIENES TRANSPORTABLES EXCEPTO PRODUCTOS METALICOS, MAQUINARIA Y EQUIPO",No Aplica,No Aplica,No Aplica,No Aplica,VIGENCIA ACTUAL,ENTIDADES DIFERENTES A ENTIDADES TERRITORIALES - GESTION GENERAL,NO DEFINIDO,NO DEFINIDO,NO APLICA,,,2023,Segundo Trimestre,,,,ARTICULOS N C P PARA ESCRITORIO Y OFICINA,R.B. IMPUESTO DE ALUMBRADO PUBLICO,,,,,,NO APLICA,,,,,,CON SITUACION DE FONDOS,NO APLICA,NO DEFINIDO,0.0,887200.0,887200.0
8450509,20221201,923272885,E.S.P Por Santa Rosa Sostenible S.A.S,2.1.1.01.01.001.06,PRIMA DE SERVICIO,GASTOS,FUNCIONAMIENTO,GASTOS DE PERSONAL,PLANTA DE PERSONAL PERMANENTE,FACTORES CONSTITUTIVOS DE SALARIO,FACTORES SALARIALES COMUNES,PRIMA DE SERVICIO,No Aplica,No Aplica,No Aplica,VIGENCIA ACTUAL,ENTIDADES DIFERENTES A ENTIDADES TERRITORIALES - GESTION GENERAL,NO DEFINIDO,NO DEFINIDO,NO APLICA,,,2022,Cuarto Trimestre,,,,NO APLICA,IMPUESTO - SOBRETASA POR EL ALUMBRADO PUBLICO,,,,,,NO APLICA,,,,,,CON SITUACION DE FONDOS,NO APLICA,NO DEFINIDO,0.0,2987755.0,2987755.0
8453432,20221201,923272885,E.S.P Por Santa Rosa Sostenible S.A.S,2.1.1.01.01.001.01,SUELDO BASICO,GASTOS,FUNCIONAMIENTO,GASTOS DE PERSONAL,PLANTA DE PERSONAL PERMANENTE,FACTORES CONSTITUTIVOS DE SALARIO,FACTORES SALARIALES COMUNES,SUELDO BASICO,No Aplica,No Aplica,No Aplica,VIGENCIA ACTUAL,ENTIDADES DIFERENTES A ENTIDADES TERRITORIALES - GESTION GENERAL,NO DEFINIDO,NO DEFINIDO,NO APLICA,,,2022,Cuarto Trimestre,,,,NO APLICA,IMPUESTO - SOBRETASA POR EL ALUMBRADO PUBLICO,,,,,,NO APLICA,,,,,,CON SITUACION DE FONDOS,NO APLICA,NO DEFINIDO,0.0,67810190.0,67810190.0
8460802,20221201,923272885,E.S.P Por Santa Rosa Sostenible S.A.S,2.1.8,"GASTOS POR TRIBUTOS, TASAS, CONTRIBUCIONES, MULTAS, SANCIONES E INTERESES DE MORA",GASTOS,FUNCIONAMIENTO,"GASTOS POR TRIBUTOS, TASAS, CONTRIBUCIONES, MULTAS, SANCIONES E INTERESES DE MORA",No Aplica,No Aplica,No Aplica,No Aplica,No Aplica,No Aplica,No Aplica,VIGENCIA ACTUAL,ENTIDADES DIFERENTES A ENTIDADES TERRITORIALES - GESTION GENERAL,NO DEFINIDO,NO DEFINIDO,NO DEFINIDO,,,2022,Cuarto Trimestre,,,,NO DEFINIDO,NO DEFINIDO,,,,,,NO DEFINIDO,,,,,,NO DEFINIDO,NO DEFINIDO,NO DEFINIDO,0.0,11368514.0,11368514.0
8467363,20230601,923272885,E.S.P Por Santa Rosa Sostenible S.A.S,2.1.2.02.02.008,SERVICIOS PRESTADOS A LAS EMPRESAS Y SERVICIOS DE PRODUCCION,GASTOS,FUNCIONAMIENTO,ADQUISICION DE BIENES Y SERVICIOS,ADQUISICIONES DIFERENTES DE ACTIVOS,ADQUISICION DE SERVICIOS,SERVICIOS PRESTADOS A LAS EMPRESAS Y SERVICIOS DE PRODUCCION,No Aplica,No Aplica,No Aplica,No Aplica,VIGENCIA ACTUAL,ENTIDADES DIFERENTES A ENTIDADES TERRITORIALES - GESTION GENERAL,NO DEFINIDO,NO DEFINIDO,NO APLICA,,,2023,Segundo Trimestre,,,,SERVICIOS DE GESTION DE DESARROLLO EMPRESARIAL,R.B. IMPUESTO DE ALUMBRADO PUBLICO,,,,,,NO APLICA,,,,,,CON SITUACION DE FONDOS,NO APLICA,NO DEFINIDO,0.0,159979869.0,159979869.0
8469907,20211201,923272885,E.S.P Por Santa Rosa Sostenible S.A.S,2.1.2.02.02.008,SERVICIOS PRESTADOS A LAS EMPRESAS Y SERVICIOS DE PRODUCCION,GASTOS,FUNCIONAMIENTO,ADQUISICION DE BIENES Y SERVICIOS,ADQUISICIONES DIFERENTES DE ACTIVOS,ADQUISICION DE SERVICIOS,SERVICIOS PRESTADOS A LAS EMPRESAS Y SERVICIOS DE PRODUCCION,No Aplica,No Aplica,No Aplica,No Aplica,VIGENCIA ACTUAL,ENTIDADES TERRITORIALES - SERVICIOS PUBLICOS,NO DEFINIDO,NO DEFINIDO,NO APLICA,,,2021,Cuarto Trimestre,,,,SERVICIOS DE AUDITORIA FINANCIERA,OTRAS CONTRIBUCIONES CON DESTINACION ESPECIFICA LEGAL,,,,,,NO APLICA,,,,,,CON SITUACION DE FONDOS,OTRO,NO DEFINIDO,0.0,24182636.0,24182636.0
8471152,20220301,923272885,E.S.P Por Santa Rosa Sostenible S.A.S,2.1.2.02.01.003,"OTROS BIENES TRANSPORTABLES EXCEPTO PRODUCTOS METALICOS, MAQUINARIA Y EQUIPO",GASTOS,FUNCIONAMIENTO,ADQUISICION DE BIENES Y SERVICIOS,ADQUISICIONES DIFERENTES DE ACTIVOS,MATERIALES Y SUMINISTROS,"OTROS BIENES TRANSPORTABLES EXCEPTO PRODUCTOS METALICOS, MAQUINARIA Y EQUIPO",No Aplica,No Aplica,No Aplica,No Aplica,VIGENCIA ACTUAL,ENTIDADES DIFERENTES A ENTIDADES TERRITORIALES - GESTION GENERAL,NO DEFINIDO,NO DEFINIDO,NO APLICA,,,2022,Primer Trimestre,,,,ARTICULOS N C P PARA ESCRITORIO Y OFICINA,IMPUESTO - SOBRETASA POR EL ALUMBRADO PUBLICO,,,,,,NO APLICA,,,,,,CON SITUACION DE FONDOS,OTRO,NO DEFINIDO,0.0,1793640.0,1793640.0
8493443,20211201,923272885,E.S.P Por Santa Rosa Sostenible S.A.S,2.1.2.02.02.006,"COMERCIO Y DISTRIBUCION; ALOJAMIENTO; SERVICIOS DE SUMINISTRO DE COMIDAS Y BEBIDAS; SERVICIOS DE TRANSPORTE; Y SERVICIOS DE DISTRIBUCION DE ELECTRICIDAD, GAS Y AGUA",GASTOS,FUNCIONAMIENTO,ADQUISICION DE BIENES Y SERVICIOS,ADQUISICIONES DIFERENTES DE ACTIVOS,ADQUISICION DE SERVICIOS,"COMERCIO Y DISTRIBUCION; ALOJAMIENTO; SERVICIOS DE SUMINISTRO DE COMIDAS Y BEBIDAS; SERVICIOS DE TRANSPORTE; Y SERVICIOS DE DISTRIBUCION DE ELECTRICIDAD, GAS Y AGUA",No Aplica,No Aplica,No Aplica,No Aplica,VIGENCIA ACTUAL,ENTIDADES TERRITORIALES - SERVICIOS PUBLICOS,NO DEFINIDO,NO DEFINIDO,NO APLICA,,,2021,Cuarto Trimestre,,,,OTROS SERVICIOS DIVERSOS N C P,OTRAS CONTRIBUCIONES CON DESTINACION ESPECIFICA LEGAL,,,,,,NO APLICA,,,,,,CON SITUACION DE FONDOS,SANTA ROSA DE OSOS,NO DEFINIDO,0.0,5114010.0,5114010.0
8493565,20210601,923272885,E.S.P Por Santa Rosa Sostenible S.A.S,2.1.1.01.02.002,APORTES A LA SEGURIDAD SOCIAL EN SALUD,GASTOS,FUNCIONAMIENTO,GASTOS DE PERSONAL,PLANTA DE PERSONAL PERMANENTE,CONTRIBUCIONES INHERENTES A LA NOMINA,APORTES A LA SEGURIDAD SOCIAL EN SALUD,No Aplica,No Aplica,No Aplica,No Aplica,VIGENCIA ACTUAL,ENTIDADES TERRITORIALES - SERVICIOS PUBLICOS,NO DEFINIDO,NO DEFINIDO,NO APLICA,,,2021,Segundo Trimestre,,,,NO APLICA,1.2.3.2.09 - VENTA DE BIENES Y SERVICIOS,,,,,,NO APLICA,,,,,,CON SITUACION DE FONDOS,NO APLICA,NO DEFINIDO,0.0,1231933.0,1231933.0
8499423,20210601,923272885,E.S.P Por Santa Rosa Sostenible S.A.S,2.1.1.01.02.001,APORTES A LA SEGURIDAD SOCIAL EN PENSIONES,GASTOS,FUNCIONAMIENTO,GASTOS DE PERSONAL,PLANTA DE PERSONAL PERMANENTE,CONTRIBUCIONES INHERENTES A LA NOMINA,APORTES A LA SEGURIDAD SOCIAL EN PENSIONES,No Aplica,No Aplica,No Aplica,No Aplica,VIGENCIA ACTUAL,ENTIDADES TERRITORIALES - SERVICIOS PUBLICOS,NO DEFINIDO,NO DEFINIDO,NO APLICA,,,2021,Segundo Trimestre,,,,NO APLICA,1.2.3.2.09 - VENTA DE BIENES Y SERVICIOS,,,,,,NO APLICA,,,,,,CON SITUACION DE FONDOS,NO APLICA,NO DEFINIDO,0.0,3164399.0,3164399.0
8511419,20230301,923272885,E.S.P Por Santa Rosa Sostenible S.A.S,2.3.2.01.01.005.02,PRODUCTOS DE LA PROPIEDAD INTELECTUAL,GASTOS,INVERSION,ADQUISICION DE BIENES Y SERVICIOS,ADQUISICION DE ACTIVOS NO FINANCIEROS,ACTIVOS FIJOS,OTROS ACTIVOS FIJOS,PRODUCTOS DE LA PROPIEDAD INTELECTUAL,No Aplica,No Aplica,No Aplica,VIGENCIA ACTUAL,ENTIDADES DIFERENTES A ENTIDADES TERRITORIALES - GESTION GENERAL,NO DEFINIDO,NO DEFINIDO,NO DEFINIDO,,,2023,Primer Trimestre,,,,NO DEFINIDO,NO DEFINIDO,,,,,,NO DEFINIDO,,,,,,NO DEFINIDO,NO DEFINIDO,NO DEFINIDO,0.0,223900.0,223900.0
8526784,20210901,923272885,E.S.P Por Santa Rosa Sostenible S.A.S,2.1,FUNCIONAMIENTO,GASTOS,FUNCIONAMIENTO,No Aplica,No Aplica,No Aplica,No Aplica,No Aplica,No Aplica,No Aplica,No Aplica,VIGENCIA ACTUAL,ENTIDADES TERRITORIALES - SERVICIOS PUBLICOS,NO DEFINIDO,NO DEFINIDO,NO DEFINIDO,,,2021,Tercer Trimestre,,,,NO DEFINIDO,NO DEFINIDO,,,,,,NO DEFINIDO,,,,,,NO DEFINIDO,NO DEFINIDO,NO DEFINIDO,0.0,151923341.0,151923341.0
8552516,20210301,923272885,E.S.P Por Santa Rosa Sostenible S.A.S,2.1.1.01.02.004,APORTES A CAJAS DE COMPENSACION FAMILIAR,GASTOS,FUNCIONAMIENTO,GASTOS DE PERSONAL,PLANTA DE PERSONAL PERMANENTE,CONTRIBUCIONES INHERENTES A LA NOMINA,APORTES A CAJAS DE COMPENSACION FAMILIAR,No Aplica,No Aplica,No Aplica,No Aplica,VIGENCIA ACTUAL,ENTIDADES TERRITORIALES - SERVICIOS PUBLICOS,NO DEFINIDO,NO DEFINIDO,NO APLICA,,,2021,Primer Trimestre,,,,NO APLICA,1.2.3.2.09 - VENTA DE BIENES Y SERVICIOS,,,,,,NO APLICA,,,,,,CON SITUACION DE FONDOS,NO APLICA,NO DEFINIDO,0.0,352000.0,352000.0
8574708,20230601,923272885,E.S.P Por Santa Rosa Sostenible S.A.S,2.3.2.01.01,ACTIVOS FIJOS,GASTOS,INVERSION,ADQUISICION DE BIENES Y SERVICIOS,ADQUISICION DE ACTIVOS NO FINANCIEROS,ACTIVOS FIJOS,No Aplica,No Aplica,No Aplica,No Aplica,No Aplica,VIGENCIA ACTUAL,ENTIDADES DIFERENTES A ENTIDADES TERRITORIALES - GESTION GENERAL,NO DEFINIDO,NO DEFINIDO,NO DEFINIDO,,,2023,Segundo Trimestre,,,,NO DEFINIDO,NO DEFINIDO,,,,,,NO DEFINIDO,,,,,,NO DEFINIDO,NO DEFINIDO,NO DEFINIDO,0.0,414215.0,414215.0
8579958,20210601,923272885,E.S.P Por Santa Rosa Sostenible S.A.S,2.1.2.01.01.005,OTROS ACTIVOS FIJOS,GASTOS,FUNCIONAMIENTO,ADQUISICION DE BIENES Y SERVICIOS,ADQUISICION DE ACTIVOS NO FINANCIEROS,ACTIVOS FIJOS,OTROS ACTIVOS FIJOS,No Aplica,No Aplica,No Aplica,No Aplica,VIGENCIA ACTUAL,ENTIDADES TERRITORIALES - SERVICIOS PUBLICOS,NO DEFINIDO,NO DEFINIDO,NO DEFINIDO,,,2021,Segundo Trimestre,,,,NO DEFINIDO,NO DEFINIDO,,,,,,NO DEFINIDO,,,,,,NO DEFINIDO,NO DEFINIDO,NO DEFINIDO,0.0,900000.0,900000.0
8584006,20221201,923272885,E.S.P Por Santa Rosa Sostenible S.A.S,2.1.1.01.01.001.10,VIATICOS DE LOS FUNCIONARIOS EN COMISION,GASTOS,FUNCIONAMIENTO,GASTOS DE PERSONAL,PLANTA DE PERSONAL PERMANENTE,FACTORES CONSTITUTIVOS DE SALARIO,FACTORES SALARIALES COMUNES,VIATICOS DE LOS FUNCIONARIOS EN COMISION,No Aplica,No Aplica,No Aplica,VIGENCIA ACTUAL,ENTIDADES DIFERENTES A ENTIDADES TERRITORIALES - GESTION GENERAL,NO DEFINIDO,NO DEFINIDO,NO APLICA,,,2022,Cuarto Trimestre,,,,NO APLICA,IMPUESTO - SOBRETASA POR EL ALUMBRADO PUBLICO,,,,,,NO APLICA,,,,,,CON SITUACION DE FONDOS,NO APLICA,NO DEFINIDO,0.0,1483176.0,1483176.0
8588408,20220301,923272885,E.S.P Por Santa Rosa Sostenible S.A.S,2.1.2.02.02.007,SERVICIOS FINANCIEROS Y SERVICIOS CONEXOS; SERVICIOS INMOBILIARIOS; Y SERVICIOS DE ARRENDAMIENTO Y LEASING,GASTOS,FUNCIONAMIENTO,ADQUISICION DE BIENES Y SERVICIOS,ADQUISICIONES DIFERENTES DE ACTIVOS,ADQUISICION DE SERVICIOS,SERVICIOS FINANCIEROS Y SERVICIOS CONEXOS; SERVICIOS INMOBILIARIOS; Y SERVICIOS DE ARRENDAMIENTO Y LEASING,No Aplica,No Aplica,No Aplica,No Aplica,VIGENCIA ACTUAL,ENTIDADES DIFERENTES A ENTIDADES TERRITORIALES - GESTION GENERAL,NO DEFINIDO,NO DEFINIDO,NO APLICA,,,2022,Primer Trimestre,,,,SERVICIOS DE ALQUILER O ARRENDAMIENTO CON O SIN OPCION DE COMPRA RELATIVOS A BIENES INMUEBLES NO RESIDENCIALES DIFERENTES A VIVIENDA  PROPIOS O ARRENDADOS,IMPUESTO - SOBRETASA POR EL ALUMBRADO PUBLICO,,,,,,NO APLICA,,,,,,CON SITUACION DE FONDOS,OTRO,NO DEFINIDO,0.0,2809263.0,2809263.0
8591692,20230301,923272885,E.S.P Por Santa Rosa Sostenible S.A.S,2.1.2.02.02,ADQUISICION DE SERVICIOS,GASTOS,FUNCIONAMIENTO,ADQUISICION DE BIENES Y SERVICIOS,ADQUISICIONES DIFERENTES DE ACTIVOS,ADQUISICION DE SERVICIOS,No Aplica,No Aplica,No Aplica,No Aplica,No Aplica,VIGENCIA ACTUAL,ENTIDADES DIFERENTES A ENTIDADES TERRITORIALES - GESTION GENERAL,NO DEFINIDO,NO DEFINIDO,NO DEFINIDO,,,2023,Primer Trimestre,,,,NO DEFINIDO,NO DEFINIDO,,,,,,NO DEFINIDO,,,,,,NO DEFINIDO,NO DEFINIDO,NO DEFINIDO,0.0,1178121978.0,1172331978.0
8595699,20220901,923272885,E.S.P Por Santa Rosa Sostenible S.A.S,2.1.1,GASTOS DE PERSONAL,GASTOS,FUNCIONAMIENTO,GASTOS DE PERSONAL,No Aplica,No Aplica,No Aplica,No Aplica,No Aplica,No Aplica,No Aplica,VIGENCIA ACTUAL,ENTIDADES DIFERENTES A ENTIDADES TERRITORIALES - GESTION GENERAL,NO DEFINIDO,NO DEFINIDO,NO DEFINIDO,,,2022,Tercer Trimestre,,,,NO DEFINIDO,NO DEFINIDO,,,,,,NO DEFINIDO,,,,,,NO DEFINIDO,NO DEFINIDO,NO DEFINIDO,0.0,75698662.0,74790802.0
8601611,20220901,923272885,E.S.P Por Santa Rosa Sostenible S.A.S,2.1.2.02,ADQUISICIONES DIFERENTES DE ACTIVOS,GASTOS,FUNCIONAMIENTO,ADQUISICION DE BIENES Y SERVICIOS,ADQUISICIONES DIFERENTES DE ACTIVOS,No Aplica,No Aplica,No Aplica,No Aplica,No Aplica,No Aplica,VIGENCIA ACTUAL,ENTIDADES DIFERENTES A ENTIDADES TERRITORIALES - GESTION GENERAL,NO DEFINIDO,NO DEFINIDO,NO DEFINIDO,,,2022,Tercer Trimestre,,,,NO DEFINIDO,NO DEFINIDO,,,,,,NO DEFINIDO,,,,,,NO DEFINIDO,NO DEFINIDO,NO DEFINIDO,0.0,1590468746.0,1549092267.0
8613743,20211201,923272885,E.S.P Por Santa Rosa Sostenible S.A.S,2,GASTOS,GASTOS,No Aplica,No Aplica,No Aplica,No Aplica,No Aplica,No Aplica,No Aplica,No Aplica,No Aplica,VIGENCIA ACTUAL,ENTIDADES TERRITORIALES - SERVICIOS PUBLICOS,NO DEFINIDO,NO DEFINIDO,NO DEFINIDO,,,2021,Cuarto Trimestre,,,,NO DEFINIDO,NO DEFINIDO,,,,,,NO DEFINIDO,,,,,,NO DEFINIDO,NO DEFINIDO,NO DEFINIDO,0.0,2777173539.0,2572519841.0
8614164,20211201,923272885,E.S.P Por Santa Rosa Sostenible S.A.S,2.1.2.02.01.003,"OTROS BIENES TRANSPORTABLES EXCEPTO PRODUCTOS METALICOS, MAQUINARIA Y EQUIPO",GASTOS,FUNCIONAMIENTO,ADQUISICION DE BIENES Y SERVICIOS,ADQUISICIONES DIFERENTES DE ACTIVOS,MATERIALES Y SUMINISTROS,"OTROS BIENES TRANSPORTABLES EXCEPTO PRODUCTOS METALICOS, MAQUINARIA Y EQUIPO",No Aplica,No Aplica,No Aplica,No Aplica,VIGENCIA ACTUAL,ENTIDADES TERRITORIALES - SERVICIOS PUBLICOS,NO DEFINIDO,NO DEFINIDO,NO APLICA,,,2021,Cuarto Trimestre,,,,COMERCIO AL POR MENOR DE PRODUCTOS VARIADOS DE CONSUMO N C P EN ESTABLECIMIENTOS ESPECIALIZADOS,OTRAS CONTRIBUCIONES CON DESTINACION ESPECIFICA LEGAL,,,,,,NO APLICA,,,,,,CON SITUACION DE FONDOS,OTRO,NO DEFINIDO,0.0,2496050.0,2496050.0
8630335,20220901,923272885,E.S.P Por Santa Rosa Sostenible S.A.S,2.3.2.01,ADQUISICION DE ACTIVOS NO FINANCIEROS,GASTOS,INVERSION,ADQUISICION DE BIENES Y SERVICIOS,ADQUISICION DE ACTIVOS NO FINANCIEROS,No Aplica,No Aplica,No Aplica,No Aplica,No Aplica,No Aplica,VIGENCIA ACTUAL,ENTIDADES DIFERENTES A ENTIDADES TERRITORIALES - GESTION GENERAL,NO DEFINIDO,NO DEFINIDO,NO DEFINIDO,,,2022,Tercer Trimestre,,,,NO DEFINIDO,NO DEFINIDO,,,,,,NO DEFINIDO,,,,,,NO DEFINIDO,NO DEFINIDO,NO DEFINIDO,0.0,18980000.0,18980000.0
8636330,20211201,923272885,E.S.P Por Santa Rosa Sostenible S.A.S,2.1.1.01.01.001,FACTORES SALARIALES COMUNES,GASTOS,FUNCIONAMIENTO,GASTOS DE PERSONAL,PLANTA DE PERSONAL PERMANENTE,FACTORES CONSTITUTIVOS DE SALARIO,FACTORES SALARIALES COMUNES,No Aplica,No Aplica,No Aplica,No Aplica,VIGENCIA ACTUAL,ENTIDADES TERRITORIALES - SERVICIOS PUBLICOS,NO DEFINIDO,NO DEFINIDO,NO DEFINIDO,,,2021,Cuarto Trimestre,,,,NO DEFINIDO,NO DEFINIDO,,,,,,NO DEFINIDO,,,,,,NO DEFINIDO,NO DEFINIDO,NO DEFINIDO,0.0,73568564.0,72504024.0
8636710,20211201,923272885,E.S.P Por Santa Rosa Sostenible S.A.S,2.1.1.01.02.001,APORTES A LA SEGURIDAD SOCIAL EN PENSIONES,GASTOS,FUNCIONAMIENTO,GASTOS DE PERSONAL,PLANTA DE PERSONAL PERMANENTE,CONTRIBUCIONES INHERENTES A LA NOMINA,APORTES A LA SEGURIDAD SOCIAL EN PENSIONES,No Aplica,No Aplica,No Aplica,No Aplica,VIGENCIA ACTUAL,ENTIDADES TERRITORIALES - SERVICIOS PUBLICOS,NO DEFINIDO,NO DEFINIDO,NO APLICA,,,2021,Cuarto Trimestre,,,,NO APLICA,OTRAS CONTRIBUCIONES CON DESTINACION ESPECIFICA LEGAL,,,,,,NO APLICA,,,,,,CON SITUACION DE FONDOS,OTRO,NO DEFINIDO,0.0,7402005.0,6695689.0
8647400,20210601,923272885,E.S.P Por Santa Rosa Sostenible S.A.S,2.1.2.02.01.003,"OTROS BIENES TRANSPORTABLES EXCEPTO PRODUCTOS METALICOS, MAQUINARIA Y EQUIPO",GASTOS,FUNCIONAMIENTO,ADQUISICION DE BIENES Y SERVICIOS,ADQUISICIONES DIFERENTES DE ACTIVOS,MATERIALES Y SUMINISTROS,"OTROS BIENES TRANSPORTABLES EXCEPTO PRODUCTOS METALICOS, MAQUINARIA Y EQUIPO",No Aplica,No Aplica,No Aplica,No Aplica,VIGENCIA ACTUAL,ENTIDADES TERRITORIALES - SERVICIOS PUBLICOS,NO DEFINIDO,NO DEFINIDO,NO APLICA,,,2021,Segundo Trimestre,,,,62299 - COMERCIO AL POR MENOR DE OTROS PRODUCTOS N.C.P. EN ESTABLECIMIENTOS ESPECIALIZADOS,1.2.3.2.09 - VENTA DE BIENES Y SERVICIOS,,,,,,NO APLICA,,,,,,CON SITUACION DE FONDOS,NO APLICA,NO DEFINIDO,0.0,1529550.0,1529550.0
8653046,20211201,923272885,E.S.P Por Santa Rosa Sostenible S.A.S,2.1.2.02.01.002,"PRODUCTOS ALIMENTICIOS, BEBIDAS Y TABACO, TEXTILES, PRENDAS DE VESTIR Y PRODUCTOS DE CUERO",GASTOS,FUNCIONAMIENTO,ADQUISICION DE BIENES Y SERVICIOS,ADQUISICIONES DIFERENTES DE ACTIVOS,MATERIALES Y SUMINISTROS,"PRODUCTOS ALIMENTICIOS, BEBIDAS Y TABACO, TEXTILES, PRENDAS DE VESTIR Y PRODUCTOS DE CUERO",No Aplica,No Aplica,No Aplica,No Aplica,VIGENCIA ACTUAL,ENTIDADES TERRITORIALES - SERVICIOS PUBLICOS,NO DEFINIDO,NO DEFINIDO,NO APLICA,,,2021,Cuarto Trimestre,,,,OTROS SERVICIOS DIVERSOS N C P,OTRAS CONTRIBUCIONES CON DESTINACION ESPECIFICA LEGAL,,,,,,NO APLICA,,,,,,CON SITUACION DE FONDOS,OTRO,NO DEFINIDO,0.0,851000.0,851000.0
8658841,20220301,923272885,E.S.P Por Santa Rosa Sostenible S.A.S,2.1.2.02.01.001,"MINERALES, ELECTRICIDAD, GAS Y AGUA",GASTOS,FUNCIONAMIENTO,ADQUISICION DE BIENES Y SERVICIOS,ADQUISICIONES DIFERENTES DE ACTIVOS,MATERIALES Y SUMINISTROS,"MINERALES, ELECTRICIDAD, GAS Y AGUA",No Aplica,No Aplica,No Aplica,No Aplica,VIGENCIA ACTUAL,ENTIDADES DIFERENTES A ENTIDADES TERRITORIALES - GESTION GENERAL,NO DEFINIDO,NO DEFINIDO,NO APLICA,,,2022,Primer Trimestre,,,,ENERGIA ELECTRICA,IMPUESTO - SOBRETASA POR EL ALUMBRADO PUBLICO,,,,,,NO APLICA,,,,,,CON SITUACION DE FONDOS,OTRO,NO DEFINIDO,0.0,41342975.0,0.0
8674833,20230601,923272885,E.S.P Por Santa Rosa Sostenible S.A.S,2.1.2.02.02.007,SERVICIOS FINANCIEROS Y SERVICIOS CONEXOS; SERVICIOS INMOBILIARIOS; Y SERVICIOS DE ARRENDAMIENTO Y LEASING,GASTOS,FUNCIONAMIENTO,ADQUISICION DE BIENES Y SERVICIOS,ADQUISICIONES DIFERENTES DE ACTIVOS,ADQUISICION DE SERVICIOS,SERVICIOS FINANCIEROS Y SERVICIOS CONEXOS; SERVICIOS INMOBILIARIOS; Y SERVICIOS DE ARRENDAMIENTO Y LEASING,No Aplica,No Aplica,No Aplica,No Aplica,VIGENCIA ACTUAL,ENTIDADES DIFERENTES A ENTIDADES TERRITORIALES - GESTION GENERAL,NO DEFINIDO,NO DEFINIDO,NO APLICA,,,2023,Segundo Trimestre,,,,OTROS SERVICIOS FINANCIEROS N C P  EXCEPTO LOS SERVICIOS DE LA BANCA DE INVERSION DE SEGUROS Y DE PENSIONES,R.B. IMPUESTO DE ALUMBRADO PUBLICO,,,,,,NO APLICA,,,,,,CON SITUACION DE FONDOS,NO APLICA,NO DEFINIDO,0.0,1283814.0,1283814.0
8675829,20220901,923272885,E.S.P Por Santa Rosa Sostenible S.A.S,2.1.1.01.01.001.08,PRESTACIONES SOCIALES,GASTOS,FUNCIONAMIENTO,GASTOS DE PERSONAL,PLANTA DE PERSONAL PERMANENTE,FACTORES CONSTITUTIVOS DE SALARIO,FACTORES SALARIALES COMUNES,PRESTACIONES SOCIALES,No Aplica,No Aplica,No Aplica,VIGENCIA ACTUAL,ENTIDADES DIFERENTES A ENTIDADES TERRITORIALES - GESTION GENERAL,NO DEFINIDO,NO DEFINIDO,NO DEFINIDO,,,2022,Tercer Trimestre,,,,NO DEFINIDO,NO DEFINIDO,,,,,,NO DEFINIDO,,,,,,NO DEFINIDO,NO DEFINIDO,NO DEFINIDO,0.0,2097156.0,2097156.0
8681898,20230601,923272885,E.S.P Por Santa Rosa Sostenible S.A.S,2.1.8,"GASTOS POR TRIBUTOS, TASAS, CONTRIBUCIONES, MULTAS, SANCIONES E INTERESES DE MORA",GASTOS,FUNCIONAMIENTO,"GASTOS POR TRIBUTOS, TASAS, CONTRIBUCIONES, MULTAS, SANCIONES E INTERESES DE MORA",No Aplica,No Aplica,No Aplica,No Aplica,No Aplica,No Aplica,No Aplica,VIGENCIA ACTUAL,ENTIDADES DIFERENTES A ENTIDADES TERRITORIALES - GESTION GENERAL,NO DEFINIDO,NO DEFINIDO,NO DEFINIDO,,,2023,Segundo Trimestre,,,,NO DEFINIDO,NO DEFINIDO,,,,,,NO DEFINIDO,,,,,,NO DEFINIDO,NO DEFINIDO,NO DEFINIDO,0.0,4373173.0,4373173.0
8684713,20210901,923272885,E.S.P Por Santa Rosa Sostenible S.A.S,2.1.2.01.01.005.02.03.01,PROGRAMAS DE INFORMATICA,GASTOS,FUNCIONAMIENTO,ADQUISICION DE BIENES Y SERVICIOS,ADQUISICION DE ACTIVOS NO FINANCIEROS,ACTIVOS FIJOS,OTROS ACTIVOS FIJOS,PRODUCTOS DE LA PROPIEDAD INTELECTUAL,PROGRAMAS DE INFORMATICA Y BASES DE DATOS,PROGRAMAS DE INFORMATICA,No Aplica,VIGENCIA ACTUAL,ENTIDADES TERRITORIALES - SERVICIOS PUBLICOS,NO DEFINIDO,NO DEFINIDO,NO DEFINIDO,,,2021,Tercer Trimestre,,,,NO DEFINIDO,NO DEFINIDO,,,,,,NO DEFINIDO,,,,,,NO DEFINIDO,NO DEFINIDO,NO DEFINIDO,0.0,2235000.0,2235000.0
8696726,20211201,923272885,E.S.P Por Santa Rosa Sostenible S.A.S,2.1.2.02.02.007,SERVICIOS FINANCIEROS Y SERVICIOS CONEXOS; SERVICIOS INMOBILIARIOS; Y SERVICIOS DE ARRENDAMIENTO Y LEASING,GASTOS,FUNCIONAMIENTO,ADQUISICION DE BIENES Y SERVICIOS,ADQUISICIONES DIFERENTES DE ACTIVOS,ADQUISICION DE SERVICIOS,SERVICIOS FINANCIEROS Y SERVICIOS CONEXOS; SERVICIOS INMOBILIARIOS; Y SERVICIOS DE ARRENDAMIENTO Y LEASING,No Aplica,No Aplica,No Aplica,No Aplica,VIGENCIA ACTUAL,ENTIDADES TERRITORIALES - SERVICIOS PUBLICOS,NO DEFINIDO,NO DEFINIDO,NO APLICA,,,2021,Cuarto Trimestre,,,,SERVICIOS DE VENTA DE BIENES INMUEBLES NO RESIDENCIALES DIFERENTES A VIVIENDA,OTRAS CONTRIBUCIONES CON DESTINACION ESPECIFICA LEGAL,,,,,,NO APLICA,,,,,,CON SITUACION DE FONDOS,SANTA ROSA DE OSOS,NO DEFINIDO,0.0,5118750.0,5118750.0
8697530,20211201,923272885,E.S.P Por Santa Rosa Sostenible S.A.S,2.1,FUNCIONAMIENTO,GASTOS,FUNCIONAMIENTO,No Aplica,No Aplica,No Aplica,No Aplica,No Aplica,No Aplica,No Aplica,No Aplica,VIGENCIA ACTUAL,ENTIDADES TERRITORIALES - SERVICIOS PUBLICOS,NO DEFINIDO,NO DEFINIDO,NO DEFINIDO,,,2021,Cuarto Trimestre,,,,NO DEFINIDO,NO DEFINIDO,,,,,,NO DEFINIDO,,,,,,NO DEFINIDO,NO DEFINIDO,NO DEFINIDO,0.0,227849580.0,218171877.0
8710880,20211201,923272885,E.S.P Por Santa Rosa Sostenible S.A.S,2.1.1.01.01,FACTORES CONSTITUTIVOS DE SALARIO,GASTOS,FUNCIONAMIENTO,GASTOS DE PERSONAL,PLANTA DE PERSONAL PERMANENTE,FACTORES CONSTITUTIVOS DE SALARIO,No Aplica,No Aplica,No Aplica,No Aplica,No Aplica,VIGENCIA ACTUAL,ENTIDADES TERRITORIALES - SERVICIOS PUBLICOS,NO DEFINIDO,NO DEFINIDO,NO DEFINIDO,,,2021,Cuarto Trimestre,,,,NO DEFINIDO,NO DEFINIDO,,,,,,NO DEFINIDO,,,,,,NO DEFINIDO,NO DEFINIDO,NO DEFINIDO,0.0,73568564.0,72504024.0
8723700,20220901,923272885,E.S.P Por Santa Rosa Sostenible S.A.S,2.1.2.02.02.007,SERVICIOS FINANCIEROS Y SERVICIOS CONEXOS; SERVICIOS INMOBILIARIOS; Y SERVICIOS DE ARRENDAMIENTO Y LEASING,GASTOS,FUNCIONAMIENTO,ADQUISICION DE BIENES Y SERVICIOS,ADQUISICIONES DIFERENTES DE ACTIVOS,ADQUISICION DE SERVICIOS,SERVICIOS FINANCIEROS Y SERVICIOS CONEXOS; SERVICIOS INMOBILIARIOS; Y SERVICIOS DE ARRENDAMIENTO Y LEASING,No Aplica,No Aplica,No Aplica,No Aplica,VIGENCIA ACTUAL,ENTIDADES DIFERENTES A ENTIDADES TERRITORIALES - GESTION GENERAL,NO DEFINIDO,NO DEFINIDO,NO APLICA,,,2022,Tercer Trimestre,,,,OTROS SERVICIOS FINANCIEROS N C P  EXCEPTO LOS SERVICIOS DE LA BANCA DE INVERSION DE SEGUROS Y DE PENSIONES,IMPUESTO - SOBRETASA POR EL ALUMBRADO PUBLICO,,,,,,NO APLICA,,,,,,CON SITUACION DE FONDOS,NO APLICA,NO DEFINIDO,0.0,5732300.0,5732300.0
8745299,20210301,923272885,E.S.P Por Santa Rosa Sostenible S.A.S,2.1.8.01.54,IMPUESTO DE INDUSTRIA Y COMERCIO,GASTOS,FUNCIONAMIENTO,"GASTOS POR TRIBUTOS, TASAS, CONTRIBUCIONES, MULTAS, SANCIONES E INTERESES DE MORA",IMPUESTOS,IMPUESTO DE INDUSTRIA Y COMERCIO,No Aplica,No Aplica,No Aplica,No Aplica,No Aplica,VIGENCIA ACTUAL,ENTIDADES TERRITORIALES - SERVICIOS PUBLICOS,NO DEFINIDO,NO DEFINIDO,NO APLICA,,,2021,Primer Trimestre,,,,NO APLICA,1.2.3.2.09 - VENTA DE BIENES Y SERVICIOS,,,,,,NO APLICA,,,,,,CON SITUACION DE FONDOS,NO APLICA,NO DEFINIDO,0.0,3077400.0,3077400.0
8745470,20230301,923272885,E.S.P Por Santa Rosa Sostenible S.A.S,2.1.2.02.02.008,SERVICIOS PRESTADOS A LAS EMPRESAS Y SERVICIOS DE PRODUCCION,GASTOS,FUNCIONAMIENTO,ADQUISICION DE BIENES Y SERVICIOS,ADQUISICIONES DIFERENTES DE ACTIVOS,ADQUISICION DE SERVICIOS,SERVICIOS PRESTADOS A LAS EMPRESAS Y SERVICIOS DE PRODUCCION,No Aplica,No Aplica,No Aplica,No Aplica,VIGENCIA ACTUAL,ENTIDADES DIFERENTES A ENTIDADES TERRITORIALES - GESTION GENERAL,NO DEFINIDO,NO DEFINIDO,NO APLICA,,,2023,Primer Trimestre,,,,SERVICIOS DE ACCESO A INTERNET DE BANDA ANCHA,R.B. IMPUESTO DE ALUMBRADO PUBLICO,,,,,,NO APLICA,,,,,,CON SITUACION DE FONDOS,NO APLICA,NO DEFINIDO,0.0,320000.0,320000.0
8755509,20230601,923272885,E.S.P Por Santa Rosa Sostenible S.A.S,2.1.2.02.02.008,SERVICIOS PRESTADOS A LAS EMPRESAS Y SERVICIOS DE PRODUCCION,GASTOS,FUNCIONAMIENTO,ADQUISICION DE BIENES Y SERVICIOS,ADQUISICIONES DIFERENTES DE ACTIVOS,ADQUISICION DE SERVICIOS,SERVICIOS PRESTADOS A LAS EMPRESAS Y SERVICIOS DE PRODUCCION,No Aplica,No Aplica,No Aplica,No Aplica,VIGENCIA ACTUAL,ENTIDADES DIFERENTES A ENTIDADES TERRITORIALES - GESTION GENERAL,NO DEFINIDO,NO DEFINIDO,NO APLICA,,,2023,Segundo Trimestre,,,,SERVICIOS DE ASESORAMIENTO Y REPRESENTACION JURIDICA RELATIVOS A OTROS CAMPOS DEL DERECHO,R.B. IMPUESTO DE ALUMBRADO PUBLICO,,,,,,NO APLICA,,,,,,CON SITUACION DE FONDOS,NO APLICA,NO DEFINIDO,0.0,11580000.0,11580000.0
8763239,20221201,923272885,E.S.P Por Santa Rosa Sostenible S.A.S,2.1,FUNCIONAMIENTO,GASTOS,FUNCIONAMIENTO,No Aplica,No Aplica,No Aplica,No Aplica,No Aplica,No Aplica,No Aplica,No Aplica,VIGENCIA ACTUAL,ENTIDADES DIFERENTES A ENTIDADES TERRITORIALES - GESTION GENERAL,NO DEFINIDO,NO DEFINIDO,NO DEFINIDO,,,2022,Cuarto Trimestre,,,,NO DEFINIDO,NO DEFINIDO,,,,,,NO DEFINIDO,,,,,,NO DEFINIDO,NO DEFINIDO,NO DEFINIDO,0.0,2837480826.0,2837480826.0
8767230,20220901,923272885,E.S.P Por Santa Rosa Sostenible S.A.S,2.1.8.05.02,INTERESES DE MORA,GASTOS,FUNCIONAMIENTO,"GASTOS POR TRIBUTOS, TASAS, CONTRIBUCIONES, MULTAS, SANCIONES E INTERESES DE MORA","MULTAS, SANCIONES E INTERESES DE MORA",INTERESES DE MORA,No Aplica,No Aplica,No Aplica,No Aplica,No Aplica,VIGENCIA ACTUAL,ENTIDADES DIFERENTES A ENTIDADES TERRITORIALES - GESTION GENERAL,NO DEFINIDO,NO DEFINIDO,NO APLICA,,,2022,Tercer Trimestre,,,,NO APLICA,IMPUESTO - SOBRETASA POR EL ALUMBRADO PUBLICO,,,,,,NO APLICA,,,,,,CON SITUACION DE FONDOS,NO APLICA,NO DEFINIDO,0.0,447000.0,447000.0
8771316,20211201,923272885,E.S.P Por Santa Rosa Sostenible S.A.S,2.1.8.04.01,CUOTA DE FISCALIZACION Y AUDITAJE,GASTOS,FUNCIONAMIENTO,"GASTOS POR TRIBUTOS, TASAS, CONTRIBUCIONES, MULTAS, SANCIONES E INTERESES DE MORA",CONTRIBUCIONES,CUOTA DE FISCALIZACION Y AUDITAJE,No Aplica,No Aplica,No Aplica,No Aplica,No Aplica,VIGENCIA ACTUAL,ENTIDADES TERRITORIALES - SERVICIOS PUBLICOS,NO DEFINIDO,NO DEFINIDO,NO APLICA,,,2021,Cuarto Trimestre,,,,NO APLICA,OTRAS CONTRIBUCIONES CON DESTINACION ESPECIFICA LEGAL,,,,,,NO APLICA,,,,,,CON SITUACION DE FONDOS,OTRO,NO DEFINIDO,0.0,5487889.0,5487889.0
8771320,20210601,923272885,E.S.P Por Santa Rosa Sostenible S.A.S,2.1.2.02.02,ADQUISICION DE SERVICIOS,GASTOS,FUNCIONAMIENTO,ADQUISICION DE BIENES Y SERVICIOS,ADQUISICIONES DIFERENTES DE ACTIVOS,ADQUISICION DE SERVICIOS,No Aplica,No Aplica,No Aplica,No Aplica,No Aplica,VIGENCIA ACTUAL,ENTIDADES TERRITORIALES - SERVICIOS PUBLICOS,NO DEFINIDO,NO DEFINIDO,NO DEFINIDO,,,2021,Segundo Trimestre,,,,NO DEFINIDO,NO DEFINIDO,,,,,,NO DEFINIDO,,,,,,NO DEFINIDO,NO DEFINIDO,NO DEFINIDO,0.0,40756807.0,40756807.0
8777365,20230601,923272885,E.S.P Por Santa Rosa Sostenible S.A.S,2.1.1.01.01.001.07,BONIFICACION POR SERVICIOS PRESTADOS,GASTOS,FUNCIONAMIENTO,GASTOS DE PERSONAL,PLANTA DE PERSONAL PERMANENTE,FACTORES CONSTITUTIVOS DE SALARIO,FACTORES SALARIALES COMUNES,BONIFICACION POR SERVICIOS PRESTADOS,No Aplica,No Aplica,No Aplica,VIGENCIA ACTUAL,ENTIDADES DIFERENTES A ENTIDADES TERRITORIALES - GESTION GENERAL,NO DEFINIDO,NO DEFINIDO,NO APLICA,,,2023,Segundo Trimestre,,,,NO APLICA,R.B. IMPUESTO DE ALUMBRADO PUBLICO,,,,,,NO APLICA,,,,,,CON SITUACION DE FONDOS,NO APLICA,NO DEFINIDO,0.0,2091429.0,2091429.0
8780366,20210601,923272885,E.S.P Por Santa Rosa Sostenible S.A.S,2.1.1.01.01.001.06,PRIMA DE SERVICIO,GASTOS,FUNCIONAMIENTO,GASTOS DE PERSONAL,PLANTA DE PERSONAL PERMANENTE,FACTORES CONSTITUTIVOS DE SALARIO,FACTORES SALARIALES COMUNES,PRIMA DE SERVICIO,No Aplica,No Aplica,No Aplica,VIGENCIA ACTUAL,ENTIDADES TERRITORIALES - SERVICIOS PUBLICOS,NO DEFINIDO,NO DEFINIDO,NO APLICA,,,2021,Segundo Trimestre,,,,NO APLICA,1.2.3.2.09 - VENTA DE BIENES Y SERVICIOS,,,,,,NO APLICA,,,,,,CON SITUACION DE FONDOS,NO APLICA,NO DEFINIDO,0.0,2785526.0,2785526.0
8788105,20221201,923272885,E.S.P Por Santa Rosa Sostenible S.A.S,2.3.2.01,ADQUISICION DE ACTIVOS NO FINANCIEROS,GASTOS,INVERSION,ADQUISICION DE BIENES Y SERVICIOS,ADQUISICION DE ACTIVOS NO FINANCIEROS,No Aplica,No Aplica,No Aplica,No Aplica,No Aplica,No Aplica,VIGENCIA ACTUAL,ENTIDADES DIFERENTES A ENTIDADES TERRITORIALES - GESTION GENERAL,NO DEFINIDO,NO DEFINIDO,NO DEFINIDO,,,2022,Cuarto Trimestre,,,,NO DEFINIDO,NO DEFINIDO,,,,,,NO DEFINIDO,,,,,,NO DEFINIDO,NO DEFINIDO,NO DEFINIDO,0.0,18980000.0,18980000.0
8789103,20220901,923272885,E.S.P Por Santa Rosa Sostenible S.A.S,2.1.8.01,IMPUESTOS,GASTOS,FUNCIONAMIENTO,"GASTOS POR TRIBUTOS, TASAS, CONTRIBUCIONES, MULTAS, SANCIONES E INTERESES DE MORA",IMPUESTOS,No Aplica,No Aplica,No Aplica,No Aplica,No Aplica,No Aplica,VIGENCIA ACTUAL,ENTIDADES DIFERENTES A ENTIDADES TERRITORIALES - GESTION GENERAL,NO DEFINIDO,NO DEFINIDO,NO DEFINIDO,,,2022,Tercer Trimestre,,,,NO DEFINIDO,NO DEFINIDO,,,,,,NO DEFINIDO,,,,,,NO DEFINIDO,NO DEFINIDO,NO DEFINIDO,0.0,4675076.0,4675076.0
8805127,20210901,923272885,E.S.P Por Santa Rosa Sostenible S.A.S,2.1.2.02.02.006,"COMERCIO Y DISTRIBUCION; ALOJAMIENTO; SERVICIOS DE SUMINISTRO DE COMIDAS Y BEBIDAS; SERVICIOS DE TRANSPORTE; Y SERVICIOS DE DISTRIBUCION DE ELECTRICIDAD, GAS Y AGUA",GASTOS,FUNCIONAMIENTO,ADQUISICION DE BIENES Y SERVICIOS,ADQUISICIONES DIFERENTES DE ACTIVOS,ADQUISICION DE SERVICIOS,"COMERCIO Y DISTRIBUCION; ALOJAMIENTO; SERVICIOS DE SUMINISTRO DE COMIDAS Y BEBIDAS; SERVICIOS DE TRANSPORTE; Y SERVICIOS DE DISTRIBUCION DE ELECTRICIDAD, GAS Y AGUA",No Aplica,No Aplica,No Aplica,No Aplica,VIGENCIA ACTUAL,ENTIDADES TERRITORIALES - SERVICIOS PUBLICOS,NO DEFINIDO,NO DEFINIDO,NO APLICA,,,2021,Tercer Trimestre,,,,84222 - SERVICIOS DE ACCESO A INTERNET DE BANDA ANCHA,1.2.3.2.09 - VENTA DE BIENES Y SERVICIOS,,,,,,NO APLICA,,,,,,CON SITUACION DE FONDOS,OTRO,NO DEFINIDO,0.0,720000.0,720000.0
8812461,20220301,923272885,E.S.P Por Santa Rosa Sostenible S.A.S,2.1.2.02.01.003,"OTROS BIENES TRANSPORTABLES EXCEPTO PRODUCTOS METALICOS, MAQUINARIA Y EQUIPO",GASTOS,FUNCIONAMIENTO,ADQUISICION DE BIENES Y SERVICIOS,ADQUISICIONES DIFERENTES DE ACTIVOS,MATERIALES Y SUMINISTROS,"OTROS BIENES TRANSPORTABLES EXCEPTO PRODUCTOS METALICOS, MAQUINARIA Y EQUIPO",No Aplica,No Aplica,No Aplica,No Aplica,VIGENCIA ACTUAL,ENTIDADES DIFERENTES A ENTIDADES TERRITORIALES - GESTION GENERAL,NO DEFINIDO,NO DEFINIDO,NO APLICA,,,2022,Primer Trimestre,,,,COMERCIO AL POR MENOR DE VEHICULOS AUTOMOTORES MOTOCICLETAS VEHICULOS PARA NIEVE Y PARTES Y ACCESORIOS RELACIONADOS EN ESTABLECIMIENTOS ESPECIALIZADOS,IMPUESTO - SOBRETASA POR EL ALUMBRADO PUBLICO,,,,,,NO APLICA,,,,,,CON SITUACION DE FONDOS,OTRO,NO DEFINIDO,0.0,80000.0,80000.0
8823548,20220901,923272885,E.S.P Por Santa Rosa Sostenible S.A.S,2.1.1.01.03.001.03,BONIFICACION ESPECIAL DE RECREACION,GASTOS,FUNCIONAMIENTO,GASTOS DE PERSONAL,PLANTA DE PERSONAL PERMANENTE,REMUNERACIONES NO CONSTITUTIVAS DE FACTOR SALARIAL,PRESTACIONES SOCIALES,BONIFICACION ESPECIAL DE RECREACION,No Aplica,No Aplica,No Aplica,VIGENCIA ACTUAL,ENTIDADES DIFERENTES A ENTIDADES TERRITORIALES - GESTION GENERAL,NO DEFINIDO,NO DEFINIDO,NO APLICA,,,2022,Tercer Trimestre,,,,NO APLICA,IMPUESTO - SOBRETASA POR EL ALUMBRADO PUBLICO,,,,,,NO APLICA,,,,,,CON SITUACION DE FONDOS,NO APLICA,NO DEFINIDO,0.0,268436.0,268436.0
8831564,20210601,923272885,E.S.P Por Santa Rosa Sostenible S.A.S,2,GASTOS,GASTOS,No Aplica,No Aplica,No Aplica,No Aplica,No Aplica,No Aplica,No Aplica,No Aplica,No Aplica,VIGENCIA ACTUAL,ENTIDADES TERRITORIALES - SERVICIOS PUBLICOS,NO DEFINIDO,NO DEFINIDO,NO DEFINIDO,,,2021,Segundo Trimestre,,,,NO DEFINIDO,NO DEFINIDO,,,,,,NO DEFINIDO,,,,,,NO DEFINIDO,NO DEFINIDO,NO DEFINIDO,0.0,1041110349.0,1041110349.0
8833515,20220301,923272885,E.S.P Por Santa Rosa Sostenible S.A.S,2.1.2.02.02.008,SERVICIOS PRESTADOS A LAS EMPRESAS Y SERVICIOS DE PRODUCCION,GASTOS,FUNCIONAMIENTO,ADQUISICION DE BIENES Y SERVICIOS,ADQUISICIONES DIFERENTES DE ACTIVOS,ADQUISICION DE SERVICIOS,SERVICIOS PRESTADOS A LAS EMPRESAS Y SERVICIOS DE PRODUCCION,No Aplica,No Aplica,No Aplica,No Aplica,VIGENCIA ACTUAL,ENTIDADES DIFERENTES A ENTIDADES TERRITORIALES - GESTION GENERAL,NO DEFINIDO,NO DEFINIDO,NO APLICA,,,2022,Primer Trimestre,,,,SERVICIOS DE ASESORAMIENTO Y REPRESENTACION JURIDICA RELATIVOS A OTROS CAMPOS DEL DERECHO,IMPUESTO - SOBRETASA POR EL ALUMBRADO PUBLICO,,,,,,NO APLICA,,,,,,CON SITUACION DE FONDOS,OTRO,NO DEFINIDO,0.0,5790000.0,5790000.0
8842504,20211201,923272885,E.S.P Por Santa Rosa Sostenible S.A.S,2.1.8.05.02,INTERESES DE MORA,GASTOS,FUNCIONAMIENTO,"GASTOS POR TRIBUTOS, TASAS, CONTRIBUCIONES, MULTAS, SANCIONES E INTERESES DE MORA","MULTAS, SANCIONES E INTERESES DE MORA",INTERESES DE MORA,No Aplica,No Aplica,No Aplica,No Aplica,No Aplica,VIGENCIA ACTUAL,ENTIDADES TERRITORIALES - SERVICIOS PUBLICOS,NO DEFINIDO,NO DEFINIDO,NO APLICA,,,2021,Cuarto Trimestre,,,,NO APLICA,OTRAS CONTRIBUCIONES CON DESTINACION ESPECIFICA LEGAL,,,,,,NO APLICA,,,,,,CON SITUACION DE FONDOS,U.A.E. DE LA DIRECCION DE IMPUESTOS Y ADUANAS NACIONALES,NO DEFINIDO,0.0,330000.0,321000.0
8842601,20230301,923272885,E.S.P Por Santa Rosa Sostenible S.A.S,2.1.2.02.02.008,SERVICIOS PRESTADOS A LAS EMPRESAS Y SERVICIOS DE PRODUCCION,GASTOS,FUNCIONAMIENTO,ADQUISICION DE BIENES Y SERVICIOS,ADQUISICIONES DIFERENTES DE ACTIVOS,ADQUISICION DE SERVICIOS,SERVICIOS PRESTADOS A LAS EMPRESAS Y SERVICIOS DE PRODUCCION,No Aplica,No Aplica,No Aplica,No Aplica,VIGENCIA ACTUAL,ENTIDADES DIFERENTES A ENTIDADES TERRITORIALES - GESTION GENERAL,NO DEFINIDO,NO DEFINIDO,NO APLICA,,,2023,Primer Trimestre,,,,SERVICIOS DE TELEFONIA FIJA ACCESO,R.B. IMPUESTO DE ALUMBRADO PUBLICO,,,,,,NO APLICA,,,,,,CON SITUACION DE FONDOS,NO APLICA,NO DEFINIDO,0.0,107992.0,107992.0
8852390,20220901,923272885,E.S.P Por Santa Rosa Sostenible S.A.S,2.1.2.02.02.007,SERVICIOS FINANCIEROS Y SERVICIOS CONEXOS; SERVICIOS INMOBILIARIOS; Y SERVICIOS DE ARRENDAMIENTO Y LEASING,GASTOS,FUNCIONAMIENTO,ADQUISICION DE BIENES Y SERVICIOS,ADQUISICIONES DIFERENTES DE ACTIVOS,ADQUISICION DE SERVICIOS,SERVICIOS FINANCIEROS Y SERVICIOS CONEXOS; SERVICIOS INMOBILIARIOS; Y SERVICIOS DE ARRENDAMIENTO Y LEASING,No Aplica,No Aplica,No Aplica,No Aplica,VIGENCIA ACTUAL,ENTIDADES DIFERENTES A ENTIDADES TERRITORIALES - GESTION GENERAL,NO DEFINIDO,NO DEFINIDO,NO APLICA,,,2022,Tercer Trimestre,,,,SERVICIOS DE ALQUILER O ARRENDAMIENTO CON O SIN OPCION DE COMPRA RELATIVOS A BIENES INMUEBLES NO RESIDENCIALES DIFERENTES A VIVIENDA  PROPIOS O ARRENDADOS,IMPUESTO - SOBRETASA POR EL ALUMBRADO PUBLICO,,,,,,NO APLICA,,,,,,CON SITUACION DE FONDOS,NO APLICA,NO DEFINIDO,0.0,8358663.0,8358663.0
8855647,20220301,923272885,E.S.P Por Santa Rosa Sostenible S.A.S,2.1.1.01.01,FACTORES CONSTITUTIVOS DE SALARIO,GASTOS,FUNCIONAMIENTO,GASTOS DE PERSONAL,PLANTA DE PERSONAL PERMANENTE,FACTORES CONSTITUTIVOS DE SALARIO,No Aplica,No Aplica,No Aplica,No Aplica,No Aplica,VIGENCIA ACTUAL,ENTIDADES DIFERENTES A ENTIDADES TERRITORIALES - GESTION GENERAL,NO DEFINIDO,NO DEFINIDO,NO DEFINIDO,,,2022,Primer Trimestre,,,,NO DEFINIDO,NO DEFINIDO,,,,,,NO DEFINIDO,,,,,,NO DEFINIDO,NO DEFINIDO,NO DEFINIDO,0.0,18780866.0,18780866.0
8860870,20210901,923272885,E.S.P Por Santa Rosa Sostenible S.A.S,2.1.2.01,ADQUISICION DE ACTIVOS NO FINANCIEROS,GASTOS,FUNCIONAMIENTO,ADQUISICION DE BIENES Y SERVICIOS,ADQUISICION DE ACTIVOS NO FINANCIEROS,No Aplica,No Aplica,No Aplica,No Aplica,No Aplica,No Aplica,VIGENCIA ACTUAL,ENTIDADES TERRITORIALES - SERVICIOS PUBLICOS,NO DEFINIDO,NO DEFINIDO,NO DEFINIDO,,,2021,Tercer Trimestre,,,,NO DEFINIDO,NO DEFINIDO,,,,,,NO DEFINIDO,,,,,,NO DEFINIDO,NO DEFINIDO,NO DEFINIDO,0.0,2370400.0,2370400.0
8862390,20210601,923272885,E.S.P Por Santa Rosa Sostenible S.A.S,2.1.8.05,"MULTAS, SANCIONES E INTERESES DE MORA",GASTOS,FUNCIONAMIENTO,"GASTOS POR TRIBUTOS, TASAS, CONTRIBUCIONES, MULTAS, SANCIONES E INTERESES DE MORA","MULTAS, SANCIONES E INTERESES DE MORA",No Aplica,No Aplica,No Aplica,No Aplica,No Aplica,No Aplica,VIGENCIA ACTUAL,ENTIDADES TERRITORIALES - SERVICIOS PUBLICOS,NO DEFINIDO,NO DEFINIDO,NO DEFINIDO,,,2021,Segundo Trimestre,,,,NO DEFINIDO,NO DEFINIDO,,,,,,NO DEFINIDO,,,,,,NO DEFINIDO,NO DEFINIDO,NO DEFINIDO,0.0,3000.0,3000.0
8869036,20221201,923272885,E.S.P Por Santa Rosa Sostenible S.A.S,2.1.2.02.02.008,SERVICIOS PRESTADOS A LAS EMPRESAS Y SERVICIOS DE PRODUCCION,GASTOS,FUNCIONAMIENTO,ADQUISICION DE BIENES Y SERVICIOS,ADQUISICIONES DIFERENTES DE ACTIVOS,ADQUISICION DE SERVICIOS,SERVICIOS PRESTADOS A LAS EMPRESAS Y SERVICIOS DE PRODUCCION,No Aplica,No Aplica,No Aplica,No Aplica,VIGENCIA ACTUAL,ENTIDADES DIFERENTES A ENTIDADES TERRITORIALES - GESTION GENERAL,NO DEFINIDO,NO DEFINIDO,NO APLICA,,,2022,Cuarto Trimestre,,,,SERVICIOS DE AUDITORIA FINANCIERA,IMPUESTO - SOBRETASA POR EL ALUMBRADO PUBLICO,,,,,,NO APLICA,,,,,,CON SITUACION DE FONDOS,NO APLICA,NO DEFINIDO,0.0,28160000.0,28160000.0
8873385,20210901,923272885,E.S.P Por Santa Rosa Sostenible S.A.S,2.1.8.01.03,SOBRETASA CREE,GASTOS,FUNCIONAMIENTO,"GASTOS POR TRIBUTOS, TASAS, CONTRIBUCIONES, MULTAS, SANCIONES E INTERESES DE MORA",IMPUESTOS,SOBRETASA CREE,No Aplica,No Aplica,No Aplica,No Aplica,No Aplica,VIGENCIA ACTUAL,ENTIDADES TERRITORIALES - SERVICIOS PUBLICOS,NO DEFINIDO,NO DEFINIDO,NO APLICA,,,2021,Tercer Trimestre,,,,NO APLICA,1.2.3.2.09 - VENTA DE BIENES Y SERVICIOS,,,,,,NO APLICA,,,,,,CON SITUACION DE FONDOS,DIRECCION DE IMPUESTOS Y ADUANAS NACIONALES,NO DEFINIDO,0.0,4479000.0,4479000.0
8888526,20210901,923272885,E.S.P Por Santa Rosa Sostenible S.A.S,2.1.1.01.02.006,APORTES AL ICBF,GASTOS,FUNCIONAMIENTO,GASTOS DE PERSONAL,PLANTA DE PERSONAL PERMANENTE,CONTRIBUCIONES INHERENTES A LA NOMINA,APORTES AL ICBF,No Aplica,No Aplica,No Aplica,No Aplica,VIGENCIA ACTUAL,ENTIDADES TERRITORIALES - SERVICIOS PUBLICOS,NO DEFINIDO,NO DEFINIDO,NO APLICA,,,2021,Tercer Trimestre,,,,NO APLICA,1.2.3.2.09 - VENTA DE BIENES Y SERVICIOS,,,,,,NO APLICA,,,,,,CON SITUACION DE FONDOS,OTRO,NO DEFINIDO,0.0,432300.0,432300.0
8890944,20230601,923272885,E.S.P Por Santa Rosa Sostenible S.A.S,2.1.8.05.01,MULTAS Y SANCIONES,GASTOS,FUNCIONAMIENTO,"GASTOS POR TRIBUTOS, TASAS, CONTRIBUCIONES, MULTAS, SANCIONES E INTERESES DE MORA","MULTAS, SANCIONES E INTERESES DE MORA",MULTAS Y SANCIONES,No Aplica,No Aplica,No Aplica,No Aplica,No Aplica,VIGENCIA ACTUAL,ENTIDADES DIFERENTES A ENTIDADES TERRITORIALES - GESTION GENERAL,NO DEFINIDO,NO DEFINIDO,NO DEFINIDO,,,2023,Segundo Trimestre,,,,NO DEFINIDO,NO DEFINIDO,,,,,,NO DEFINIDO,,,,,,NO DEFINIDO,NO DEFINIDO,NO DEFINIDO,0.0,424000.0,424000.0
8901923,20230301,923272885,E.S.P Por Santa Rosa Sostenible S.A.S,2.1.8.05,"MULTAS, SANCIONES E INTERESES DE MORA",GASTOS,FUNCIONAMIENTO,"GASTOS POR TRIBUTOS, TASAS, CONTRIBUCIONES, MULTAS, SANCIONES E INTERESES DE MORA","MULTAS, SANCIONES E INTERESES DE MORA",No Aplica,No Aplica,No Aplica,No Aplica,No Aplica,No Aplica,VIGENCIA ACTUAL,ENTIDADES DIFERENTES A ENTIDADES TERRITORIALES - GESTION GENERAL,NO DEFINIDO,NO DEFINIDO,NO DEFINIDO,,,2023,Primer Trimestre,,,,NO DEFINIDO,NO DEFINIDO,,,,,,NO DEFINIDO,,,,,,NO DEFINIDO,NO DEFINIDO,NO DEFINIDO,0.0,21000.0,21000.0
8916763,20230601,923272885,E.S.P Por Santa Rosa Sostenible S.A.S,2.1.2.02.02.008,SERVICIOS PRESTADOS A LAS EMPRESAS Y SERVICIOS DE PRODUCCION,GASTOS,FUNCIONAMIENTO,ADQUISICION DE BIENES Y SERVICIOS,ADQUISICIONES DIFERENTES DE ACTIVOS,ADQUISICION DE SERVICIOS,SERVICIOS PRESTADOS A LAS EMPRESAS Y SERVICIOS DE PRODUCCION,No Aplica,No Aplica,No Aplica,No Aplica,VIGENCIA ACTUAL,ENTIDADES DIFERENTES A ENTIDADES TERRITORIALES - GESTION GENERAL,NO DEFINIDO,NO DEFINIDO,NO APLICA,,,2023,Segundo Trimestre,,,,SERVICIO DE MANTENIMIENTO Y REPARACION DE OTROS EQUIPOS N C P,R.B. IMPUESTO DE ALUMBRADO PUBLICO,,,,,,NO APLICA,,,,,,CON SITUACION DE FONDOS,NO APLICA,NO DEFINIDO,0.0,184000.0,184000.0
8927030,20220901,923272885,E.S.P Por Santa Rosa Sostenible S.A.S,2.3.2.01.01.004,ACTIVOS FIJOS NO CLASIFICADOS COMO MAQUINARIA Y EQUIPO,GASTOS,INVERSION,ADQUISICION DE BIENES Y SERVICIOS,ADQUISICION DE ACTIVOS NO FINANCIEROS,ACTIVOS FIJOS,ACTIVOS FIJOS NO CLASIFICADOS COMO MAQUINARIA Y EQUIPO,No Aplica,No Aplica,No Aplica,No Aplica,VIGENCIA ACTUAL,ENTIDADES DIFERENTES A ENTIDADES TERRITORIALES - GESTION GENERAL,NO DEFINIDO,NO DEFINIDO,NO DEFINIDO,,,2022,Tercer Trimestre,,,,NO DEFINIDO,NO DEFINIDO,,,,,,NO DEFINIDO,,,,,,NO DEFINIDO,NO DEFINIDO,NO DEFINIDO,0.0,10430000.0,10430000.0
8943434,20211201,923272885,E.S.P Por Santa Rosa Sostenible S.A.S,2.1.1.01.02.007,APORTES AL SENA,GASTOS,FUNCIONAMIENTO,GASTOS DE PERSONAL,PLANTA DE PERSONAL PERMANENTE,CONTRIBUCIONES INHERENTES A LA NOMINA,APORTES AL SENA,No Aplica,No Aplica,No Aplica,No Aplica,VIGENCIA ACTUAL,ENTIDADES TERRITORIALES - SERVICIOS PUBLICOS,NO DEFINIDO,NO DEFINIDO,NO APLICA,,,2021,Cuarto Trimestre,,,,NO APLICA,OTRAS CONTRIBUCIONES CON DESTINACION ESPECIFICA LEGAL,,,,,,NO APLICA,,,,,,CON SITUACION DE FONDOS,OTRO,NO DEFINIDO,0.0,111500.0,111500.0
8947868,20211201,923272885,E.S.P Por Santa Rosa Sostenible S.A.S,2.4.5.02,ADQUISICION DE SERVICIOS,GASTOS,GASTOS DE OPERACION COMERCIAL,GASTOS DE COMERCIALIZACION Y PRODUCCION,ADQUISICION DE SERVICIOS,No Aplica,No Aplica,No Aplica,No Aplica,No Aplica,No Aplica,VIGENCIA ACTUAL,ENTIDADES TERRITORIALES - SERVICIOS PUBLICOS,NO DEFINIDO,NO DEFINIDO,NO DEFINIDO,,,2021,Cuarto Trimestre,,,,NO DEFINIDO,NO DEFINIDO,,,,,,NO DEFINIDO,,,,,,NO DEFINIDO,NO DEFINIDO,NO DEFINIDO,0.0,2353371559.0,2158395564.0
8948955,20221201,923272885,E.S.P Por Santa Rosa Sostenible S.A.S,2.1.2.02.02.007,SERVICIOS FINANCIEROS Y SERVICIOS CONEXOS; SERVICIOS INMOBILIARIOS; Y SERVICIOS DE ARRENDAMIENTO Y LEASING,GASTOS,FUNCIONAMIENTO,ADQUISICION DE BIENES Y SERVICIOS,ADQUISICIONES DIFERENTES DE ACTIVOS,ADQUISICION DE SERVICIOS,SERVICIOS FINANCIEROS Y SERVICIOS CONEXOS; SERVICIOS INMOBILIARIOS; Y SERVICIOS DE ARRENDAMIENTO Y LEASING,No Aplica,No Aplica,No Aplica,No Aplica,VIGENCIA ACTUAL,ENTIDADES DIFERENTES A ENTIDADES TERRITORIALES - GESTION GENERAL,NO DEFINIDO,NO DEFINIDO,NO APLICA,,,2022,Cuarto Trimestre,,,,OTROS SERVICIOS FINANCIEROS N C P  EXCEPTO LOS SERVICIOS DE LA BANCA DE INVERSION DE SEGUROS Y DE PENSIONES,IMPUESTO - SOBRETASA POR EL ALUMBRADO PUBLICO,,,,,,NO APLICA,,,,,,CON SITUACION DE FONDOS,NO APLICA,NO DEFINIDO,0.0,6233593.0,6233593.0
8961955,20221201,923272885,E.S.P Por Santa Rosa Sostenible S.A.S,2.1.8.05.02,INTERESES DE MORA,GASTOS,FUNCIONAMIENTO,"GASTOS POR TRIBUTOS, TASAS, CONTRIBUCIONES, MULTAS, SANCIONES E INTERESES DE MORA","MULTAS, SANCIONES E INTERESES DE MORA",INTERESES DE MORA,No Aplica,No Aplica,No Aplica,No Aplica,No Aplica,VIGENCIA ACTUAL,ENTIDADES DIFERENTES A ENTIDADES TERRITORIALES - GESTION GENERAL,NO DEFINIDO,NO DEFINIDO,NO APLICA,,,2022,Cuarto Trimestre,,,,NO APLICA,IMPUESTO - SOBRETASA POR EL ALUMBRADO PUBLICO,,,,,,NO APLICA,,,,,,CON SITUACION DE FONDOS,NO APLICA,NO DEFINIDO,0.0,798800.0,798800.0
8972382,20211201,923272885,E.S.P Por Santa Rosa Sostenible S.A.S,2.1.2.02.02.006,"COMERCIO Y DISTRIBUCION; ALOJAMIENTO; SERVICIOS DE SUMINISTRO DE COMIDAS Y BEBIDAS; SERVICIOS DE TRANSPORTE; Y SERVICIOS DE DISTRIBUCION DE ELECTRICIDAD, GAS Y AGUA",GASTOS,FUNCIONAMIENTO,ADQUISICION DE BIENES Y SERVICIOS,ADQUISICIONES DIFERENTES DE ACTIVOS,ADQUISICION DE SERVICIOS,"COMERCIO Y DISTRIBUCION; ALOJAMIENTO; SERVICIOS DE SUMINISTRO DE COMIDAS Y BEBIDAS; SERVICIOS DE TRANSPORTE; Y SERVICIOS DE DISTRIBUCION DE ELECTRICIDAD, GAS Y AGUA",No Aplica,No Aplica,No Aplica,No Aplica,VIGENCIA ACTUAL,ENTIDADES TERRITORIALES - SERVICIOS PUBLICOS,NO DEFINIDO,NO DEFINIDO,NO APLICA,,,2021,Cuarto Trimestre,,,,OTROS SERVICIOS DE TELECOMUNICACIONES,OTRAS CONTRIBUCIONES CON DESTINACION ESPECIFICA LEGAL,,,,,,NO APLICA,,,,,,CON SITUACION DE FONDOS,UNE EPM TELECOMUNICACIONES S.A.,NO DEFINIDO,0.0,32560.0,32560.0
8973994,20210601,923272885,E.S.P Por Santa Rosa Sostenible S.A.S,2.1.1.01,PLANTA DE PERSONAL PERMANENTE,GASTOS,FUNCIONAMIENTO,GASTOS DE PERSONAL,PLANTA DE PERSONAL PERMANENTE,No Aplica,No Aplica,No Aplica,No Aplica,No Aplica,No Aplica,VIGENCIA ACTUAL,ENTIDADES TERRITORIALES - SERVICIOS PUBLICOS,NO DEFINIDO,NO DEFINIDO,NO DEFINIDO,,,2021,Segundo Trimestre,,,,NO DEFINIDO,NO DEFINIDO,,,,,,NO DEFINIDO,,,,,,NO DEFINIDO,NO DEFINIDO,NO DEFINIDO,0.0,39466920.0,39466920.0
8992082,20221201,923272885,E.S.P Por Santa Rosa Sostenible S.A.S,2.1.1.01.02.001,APORTES A LA SEGURIDAD SOCIAL EN PENSIONES,GASTOS,FUNCIONAMIENTO,GASTOS DE PERSONAL,PLANTA DE PERSONAL PERMANENTE,CONTRIBUCIONES INHERENTES A LA NOMINA,APORTES A LA SEGURIDAD SOCIAL EN PENSIONES,No Aplica,No Aplica,No Aplica,No Aplica,VIGENCIA ACTUAL,ENTIDADES DIFERENTES A ENTIDADES TERRITORIALES - GESTION GENERAL,NO DEFINIDO,NO DEFINIDO,NO APLICA,,,2022,Cuarto Trimestre,,,,NO APLICA,IMPUESTO - SOBRETASA POR EL ALUMBRADO PUBLICO,,,,,,NO APLICA,,,,,,CON SITUACION DE FONDOS,NO APLICA,NO DEFINIDO,0.0,8147979.0,8147979.0
8992321,20211201,923272885,E.S.P Por Santa Rosa Sostenible S.A.S,2.1.2.01.01.005.02.03.01,PROGRAMAS DE INFORMATICA,GASTOS,FUNCIONAMIENTO,ADQUISICION DE BIENES Y SERVICIOS,ADQUISICION DE ACTIVOS NO FINANCIEROS,ACTIVOS FIJOS,OTROS ACTIVOS FIJOS,PRODUCTOS DE LA PROPIEDAD INTELECTUAL,PROGRAMAS DE INFORMATICA Y BASES DE DATOS,PROGRAMAS DE INFORMATICA,No Aplica,VIGENCIA ACTUAL,ENTIDADES TERRITORIALES - SERVICIOS PUBLICOS,NO DEFINIDO,NO DEFINIDO,NO DEFINIDO,,,2021,Cuarto Trimestre,,,,NO DEFINIDO,NO DEFINIDO,,,,,,NO DEFINIDO,,,,,,NO DEFINIDO,NO DEFINIDO,NO DEFINIDO,0.0,4035000.0,4035000.0
9001951,20210901,923272885,E.S.P Por Santa Rosa Sostenible S.A.S,2.1.1.01.01.001.01,SUELDO BASICO,GASTOS,FUNCIONAMIENTO,GASTOS DE PERSONAL,PLANTA DE PERSONAL PERMANENTE,FACTORES CONSTITUTIVOS DE SALARIO,FACTORES SALARIALES COMUNES,SUELDO BASICO,No Aplica,No Aplica,No Aplica,VIGENCIA ACTUAL,ENTIDADES TERRITORIALES - SERVICIOS PUBLICOS,NO DEFINIDO,NO DEFINIDO,NO APLICA,,,2021,Tercer Trimestre,,,,NO APLICA,1.2.3.2.09 - VENTA DE BIENES Y SERVICIOS,,,,,,NO APLICA,,,,,,CON SITUACION DE FONDOS,OTRO,NO DEFINIDO,0.0,46894522.0,46894522.0
9005821,20220901,923272885,E.S.P Por Santa Rosa Sostenible S.A.S,2,GASTOS,GASTOS,No Aplica,No Aplica,No Aplica,No Aplica,No Aplica,No Aplica,No Aplica,No Aplica,No Aplica,VIGENCIA ACTUAL,ENTIDADES DIFERENTES A ENTIDADES TERRITORIALES - GESTION GENERAL,NO DEFINIDO,NO DEFINIDO,NO DEFINIDO,,,2022,Tercer Trimestre,,,,NO DEFINIDO,NO DEFINIDO,,,,,,NO DEFINIDO,,,,,,NO DEFINIDO,NO DEFINIDO,NO DEFINIDO,0.0,1694444859.0,1652160520.0
9018702,20230301,923272885,E.S.P Por Santa Rosa Sostenible S.A.S,2.1.8.01.14,GRAVAMEN A LOS MOVIMIENTOS FINANCIEROS,GASTOS,FUNCIONAMIENTO,"GASTOS POR TRIBUTOS, TASAS, CONTRIBUCIONES, MULTAS, SANCIONES E INTERESES DE MORA",IMPUESTOS,GRAVAMEN A LOS MOVIMIENTOS FINANCIEROS,No Aplica,No Aplica,No Aplica,No Aplica,No Aplica,VIGENCIA ACTUAL,ENTIDADES DIFERENTES A ENTIDADES TERRITORIALES - GESTION GENERAL,NO DEFINIDO,NO DEFINIDO,NO APLICA,,,2023,Primer Trimestre,,,,NO APLICA,R.B. IMPUESTO DE ALUMBRADO PUBLICO,,,,,,NO APLICA,,,,,,CON SITUACION DE FONDOS,NO APLICA,NO DEFINIDO,0.0,1073936.0,1073936.0
9019488,20230301,923272885,E.S.P Por Santa Rosa Sostenible S.A.S,2.3,INVERSION,GASTOS,INVERSION,No Aplica,No Aplica,No Aplica,No Aplica,No Aplica,No Aplica,No Aplica,No Aplica,VIGENCIA ACTUAL,ENTIDADES DIFERENTES A ENTIDADES TERRITORIALES - GESTION GENERAL,NO DEFINIDO,NO DEFINIDO,NO DEFINIDO,,,2023,Primer Trimestre,,,,NO DEFINIDO,NO DEFINIDO,,,,,,NO DEFINIDO,,,,,,NO DEFINIDO,NO DEFINIDO,NO DEFINIDO,0.0,223900.0,223900.0
9020461,20230601,923272885,E.S.P Por Santa Rosa Sostenible S.A.S,2.1.2.02,ADQUISICIONES DIFERENTES DE ACTIVOS,GASTOS,FUNCIONAMIENTO,ADQUISICION DE BIENES Y SERVICIOS,ADQUISICIONES DIFERENTES DE ACTIVOS,No Aplica,No Aplica,No Aplica,No Aplica,No Aplica,No Aplica,VIGENCIA ACTUAL,ENTIDADES DIFERENTES A ENTIDADES TERRITORIALES - GESTION GENERAL,NO DEFINIDO,NO DEFINIDO,NO DEFINIDO,,,2023,Segundo Trimestre,,,,NO DEFINIDO,NO DEFINIDO,,,,,,NO DEFINIDO,,,,,,NO DEFINIDO,NO DEFINIDO,NO DEFINIDO,0.0,2153540028.0,2153540028.0
9027607,20211201,923272885,E.S.P Por Santa Rosa Sostenible S.A.S,2.1.2.01.01.005,OTROS ACTIVOS FIJOS,GASTOS,FUNCIONAMIENTO,ADQUISICION DE BIENES Y SERVICIOS,ADQUISICION DE ACTIVOS NO FINANCIEROS,ACTIVOS FIJOS,OTROS ACTIVOS FIJOS,No Aplica,No Aplica,No Aplica,No Aplica,VIGENCIA ACTUAL,ENTIDADES TERRITORIALES - SERVICIOS PUBLICOS,NO DEFINIDO,NO DEFINIDO,NO DEFINIDO,,,2021,Cuarto Trimestre,,,,NO DEFINIDO,NO DEFINIDO,,,,,,NO DEFINIDO,,,,,,NO DEFINIDO,NO DEFINIDO,NO DEFINIDO,0.0,4035000.0,4035000.0
9033415,20210601,923272885,E.S.P Por Santa Rosa Sostenible S.A.S,2.1.2.01.01,ACTIVOS FIJOS,GASTOS,FUNCIONAMIENTO,ADQUISICION DE BIENES Y SERVICIOS,ADQUISICION DE ACTIVOS NO FINANCIEROS,ACTIVOS FIJOS,No Aplica,No Aplica,No Aplica,No Aplica,No Aplica,VIGENCIA ACTUAL,ENTIDADES TERRITORIALES - SERVICIOS PUBLICOS,NO DEFINIDO,NO DEFINIDO,NO DEFINIDO,,,2021,Segundo Trimestre,,,,NO DEFINIDO,NO DEFINIDO,,,,,,NO DEFINIDO,,,,,,NO DEFINIDO,NO DEFINIDO,NO DEFINIDO,0.0,1035400.0,1035400.0
9037976,20221201,923272885,E.S.P Por Santa Rosa Sostenible S.A.S,2.1.1.01.03,REMUNERACIONES NO CONSTITUTIVAS DE FACTOR SALARIAL,GASTOS,FUNCIONAMIENTO,GASTOS DE PERSONAL,PLANTA DE PERSONAL PERMANENTE,REMUNERACIONES NO CONSTITUTIVAS DE FACTOR SALARIAL,No Aplica,No Aplica,No Aplica,No Aplica,No Aplica,VIGENCIA ACTUAL,ENTIDADES DIFERENTES A ENTIDADES TERRITORIALES - GESTION GENERAL,NO DEFINIDO,NO DEFINIDO,NO DEFINIDO,,,2022,Cuarto Trimestre,,,,NO DEFINIDO,NO DEFINIDO,,,,,,NO DEFINIDO,,,,,,NO DEFINIDO,NO DEFINIDO,NO DEFINIDO,0.0,3344265.0,3344265.0
9037978,20210901,923272885,E.S.P Por Santa Rosa Sostenible S.A.S,2,GASTOS,GASTOS,No Aplica,No Aplica,No Aplica,No Aplica,No Aplica,No Aplica,No Aplica,No Aplica,No Aplica,VIGENCIA ACTUAL,ENTIDADES TERRITORIALES - SERVICIOS PUBLICOS,NO DEFINIDO,NO DEFINIDO,NO DEFINIDO,,,2021,Tercer Trimestre,,,,NO DEFINIDO,NO DEFINIDO,,,,,,NO DEFINIDO,,,,,,NO DEFINIDO,NO DEFINIDO,NO DEFINIDO,0.0,1467762408.0,1467762408.0
9045743,20210901,923272885,E.S.P Por Santa Rosa Sostenible S.A.S,2.1.2.01.01.003.03,"MAQUINARIA DE OFICINA, CONTABILIDAD E INFORMATICA",GASTOS,FUNCIONAMIENTO,ADQUISICION DE BIENES Y SERVICIOS,ADQUISICION DE ACTIVOS NO FINANCIEROS,ACTIVOS FIJOS,MAQUINARIA Y EQUIPO,"MAQUINARIA DE OFICINA, CONTABILIDAD E INFORMATICA",No Aplica,No Aplica,No Aplica,VIGENCIA ACTUAL,ENTIDADES TERRITORIALES - SERVICIOS PUBLICOS,NO DEFINIDO,NO DEFINIDO,NO DEFINIDO,,,2021,Tercer Trimestre,,,,NO DEFINIDO,NO DEFINIDO,,,,,,NO DEFINIDO,,,,,,NO DEFINIDO,NO DEFINIDO,NO DEFINIDO,0.0,135400.0,135400.0
9063570,20230301,923272885,E.S.P Por Santa Rosa Sostenible S.A.S,2.3.2.01.01,ACTIVOS FIJOS,GASTOS,INVERSION,ADQUISICION DE BIENES Y SERVICIOS,ADQUISICION DE ACTIVOS NO FINANCIEROS,ACTIVOS FIJOS,No Aplica,No Aplica,No Aplica,No Aplica,No Aplica,VIGENCIA ACTUAL,ENTIDADES DIFERENTES A ENTIDADES TERRITORIALES - GESTION GENERAL,NO DEFINIDO,NO DEFINIDO,NO DEFINIDO,,,2023,Primer Trimestre,,,,NO DEFINIDO,NO DEFINIDO,,,,,,NO DEFINIDO,,,,,,NO DEFINIDO,NO DEFINIDO,NO DEFINIDO,0.0,223900.0,223900.0
9073521,20210901,923272885,E.S.P Por Santa Rosa Sostenible S.A.S,2.1.8.01,IMPUESTOS,GASTOS,FUNCIONAMIENTO,"GASTOS POR TRIBUTOS, TASAS, CONTRIBUCIONES, MULTAS, SANCIONES E INTERESES DE MORA",IMPUESTOS,No Aplica,No Aplica,No Aplica,No Aplica,No Aplica,No Aplica,VIGENCIA ACTUAL,ENTIDADES TERRITORIALES - SERVICIOS PUBLICOS,NO DEFINIDO,NO DEFINIDO,NO DEFINIDO,,,2021,Tercer Trimestre,,,,NO DEFINIDO,NO DEFINIDO,,,,,,NO DEFINIDO,,,,,,NO DEFINIDO,NO DEFINIDO,NO DEFINIDO,0.0,14966191.0,14966191.0
9079552,20211201,923272885,E.S.P Por Santa Rosa Sostenible S.A.S,2.1.1.01.02.003,APORTES DE CESANTIAS,GASTOS,FUNCIONAMIENTO,GASTOS DE PERSONAL,PLANTA DE PERSONAL PERMANENTE,CONTRIBUCIONES INHERENTES A LA NOMINA,APORTES DE CESANTIAS,No Aplica,No Aplica,No Aplica,No Aplica,VIGENCIA ACTUAL,ENTIDADES TERRITORIALES - SERVICIOS PUBLICOS,NO DEFINIDO,NO DEFINIDO,NO APLICA,,,2021,Cuarto Trimestre,,,,NO APLICA,OTRAS CONTRIBUCIONES CON DESTINACION ESPECIFICA LEGAL,,,,,,NO APLICA,,,,,,CON SITUACION DE FONDOS,E.S.P POR SANTA ROSA SOSTENIBLE S.A.S,NO DEFINIDO,0.0,6252343.0,0.0
9080377,20230601,923272885,E.S.P Por Santa Rosa Sostenible S.A.S,2.1.2.02.02.008,SERVICIOS PRESTADOS A LAS EMPRESAS Y SERVICIOS DE PRODUCCION,GASTOS,FUNCIONAMIENTO,ADQUISICION DE BIENES Y SERVICIOS,ADQUISICIONES DIFERENTES DE ACTIVOS,ADQUISICION DE SERVICIOS,SERVICIOS PRESTADOS A LAS EMPRESAS Y SERVICIOS DE PRODUCCION,No Aplica,No Aplica,No Aplica,No Aplica,VIGENCIA ACTUAL,ENTIDADES DIFERENTES A ENTIDADES TERRITORIALES - GESTION GENERAL,NO DEFINIDO,NO DEFINIDO,NO APLICA,,,2023,Segundo Trimestre,,,,SERVICIOS DE CONTABILIDAD,R.B. IMPUESTO DE ALUMBRADO PUBLICO,,,,,,NO APLICA,,,,,,CON SITUACION DE FONDOS,NO APLICA,NO DEFINIDO,0.0,11580000.0,11580000.0
9081181,20211201,923272885,E.S.P Por Santa Rosa Sostenible S.A.S,2.3.2.02,ADQUISICIONES DIFERENTES DE ACTIVOS,GASTOS,INVERSION,ADQUISICION DE BIENES Y SERVICIOS,ADQUISICIONES DIFERENTES DE ACTIVOS,No Aplica,No Aplica,No Aplica,No Aplica,No Aplica,No Aplica,VIGENCIA ACTUAL,ENTIDADES TERRITORIALES - SERVICIOS PUBLICOS,NO DEFINIDO,NO DEFINIDO,NO DEFINIDO,,,2021,Cuarto Trimestre,,,,NO DEFINIDO,NO DEFINIDO,,,,,,NO DEFINIDO,,,,,,NO DEFINIDO,NO DEFINIDO,NO DEFINIDO,0.0,195952400.0,195952400.0
9083943,20220301,923272885,E.S.P Por Santa Rosa Sostenible S.A.S,2.1.2.02.01,MATERIALES Y SUMINISTROS,GASTOS,FUNCIONAMIENTO,ADQUISICION DE BIENES Y SERVICIOS,ADQUISICIONES DIFERENTES DE ACTIVOS,MATERIALES Y SUMINISTROS,No Aplica,No Aplica,No Aplica,No Aplica,No Aplica,VIGENCIA ACTUAL,ENTIDADES DIFERENTES A ENTIDADES TERRITORIALES - GESTION GENERAL,NO DEFINIDO,NO DEFINIDO,NO DEFINIDO,,,2022,Primer Trimestre,,,,NO DEFINIDO,NO DEFINIDO,,,,,,NO DEFINIDO,,,,,,NO DEFINIDO,NO DEFINIDO,NO DEFINIDO,0.0,48736615.0,7393640.0
9086136,20211201,923272885,E.S.P Por Santa Rosa Sostenible S.A.S,2.1.2.02.01,MATERIALES Y SUMINISTROS,GASTOS,FUNCIONAMIENTO,ADQUISICION DE BIENES Y SERVICIOS,ADQUISICIONES DIFERENTES DE ACTIVOS,MATERIALES Y SUMINISTROS,No Aplica,No Aplica,No Aplica,No Aplica,No Aplica,VIGENCIA ACTUAL,ENTIDADES TERRITORIALES - SERVICIOS PUBLICOS,NO DEFINIDO,NO DEFINIDO,NO DEFINIDO,,,2021,Cuarto Trimestre,,,,NO DEFINIDO,NO DEFINIDO,,,,,,NO DEFINIDO,,,,,,NO DEFINIDO,NO DEFINIDO,NO DEFINIDO,0.0,5850954.0,5850954.0
9088105,20211201,923272885,E.S.P Por Santa Rosa Sostenible S.A.S,2.1.2.02.02.010,VIATICOS DE LOS FUNCIONARIOS EN COMISION,GASTOS,FUNCIONAMIENTO,ADQUISICION DE BIENES Y SERVICIOS,ADQUISICIONES DIFERENTES DE ACTIVOS,ADQUISICION DE SERVICIOS,VIATICOS DE LOS FUNCIONARIOS EN COMISION,No Aplica,No Aplica,No Aplica,No Aplica,VIGENCIA ACTUAL,ENTIDADES TERRITORIALES - SERVICIOS PUBLICOS,NO DEFINIDO,NO DEFINIDO,NO APLICA,,,2021,Cuarto Trimestre,,,,OTROS SERVICIOS DIVERSOS N C P,OTRAS CONTRIBUCIONES CON DESTINACION ESPECIFICA LEGAL,,,,,,NO APLICA,,,,,,CON SITUACION DE FONDOS,OTRO,NO DEFINIDO,0.0,1483176.0,1483176.0
9112870,20221201,923272885,E.S.P Por Santa Rosa Sostenible S.A.S,2.1.2.02.02.008,SERVICIOS PRESTADOS A LAS EMPRESAS Y SERVICIOS DE PRODUCCION,GASTOS,FUNCIONAMIENTO,ADQUISICION DE BIENES Y SERVICIOS,ADQUISICIONES DIFERENTES DE ACTIVOS,ADQUISICION DE SERVICIOS,SERVICIOS PRESTADOS A LAS EMPRESAS Y SERVICIOS DE PRODUCCION,No Aplica,No Aplica,No Aplica,No Aplica,VIGENCIA ACTUAL,ENTIDADES DIFERENTES A ENTIDADES TERRITORIALES - GESTION GENERAL,NO DEFINIDO,NO DEFINIDO,NO APLICA,,,2022,Cuarto Trimestre,,,,SERVICIO DE MANTENIMIENTO Y REPARACION DE OTROS EQUIPOS N C P,IMPUESTO - SOBRETASA POR EL ALUMBRADO PUBLICO,,,,,,NO APLICA,,,,,,CON SITUACION DE FONDOS,NO APLICA,NO DEFINIDO,0.0,628700.0,628700.0
9132323,20211201,923272885,E.S.P Por Santa Rosa Sostenible S.A.S,2.4,GASTOS DE OPERACION COMERCIAL,GASTOS,GASTOS DE OPERACION COMERCIAL,No Aplica,No Aplica,No Aplica,No Aplica,No Aplica,No Aplica,No Aplica,No Aplica,VIGENCIA ACTUAL,ENTIDADES TERRITORIALES - SERVICIOS PUBLICOS,NO DEFINIDO,NO DEFINIDO,NO DEFINIDO,,,2021,Cuarto Trimestre,,,,NO DEFINIDO,NO DEFINIDO,,,,,,NO DEFINIDO,,,,,,NO DEFINIDO,NO DEFINIDO,NO DEFINIDO,0.0,2353371559.0,2158395564.0
9135252,20210901,923272885,E.S.P Por Santa Rosa Sostenible S.A.S,2.4.5,GASTOS DE COMERCIALIZACION Y PRODUCCION,GASTOS,GASTOS DE OPERACION COMERCIAL,GASTOS DE COMERCIALIZACION Y PRODUCCION,No Aplica,No Aplica,No Aplica,No Aplica,No Aplica,No Aplica,No Aplica,VIGENCIA ACTUAL,ENTIDADES TERRITORIALES - SERVICIOS PUBLICOS,NO DEFINIDO,NO DEFINIDO,NO DEFINIDO,,,2021,Tercer Trimestre,,,,NO DEFINIDO,NO DEFINIDO,,,,,,NO DEFINIDO,,,,,,NO DEFINIDO,NO DEFINIDO,NO DEFINIDO,0.0,1315839067.0,1315839067.0
9135405,20210301,923272885,E.S.P Por Santa Rosa Sostenible S.A.S,2.1.2.01,ADQUISICION DE ACTIVOS NO FINANCIEROS,GASTOS,FUNCIONAMIENTO,ADQUISICION DE BIENES Y SERVICIOS,ADQUISICION DE ACTIVOS NO FINANCIEROS,No Aplica,No Aplica,No Aplica,No Aplica,No Aplica,No Aplica,VIGENCIA ACTUAL,ENTIDADES TERRITORIALES - SERVICIOS PUBLICOS,NO DEFINIDO,NO DEFINIDO,NO DEFINIDO,,,2021,Primer Trimestre,,,,NO DEFINIDO,NO DEFINIDO,,,,,,NO DEFINIDO,,,,,,NO DEFINIDO,NO DEFINIDO,NO DEFINIDO,0.0,900000.0,900000.0
9149893,20211201,923272885,E.S.P Por Santa Rosa Sostenible S.A.S,2.1.1.01.01.001.05,AUXILIO DE TRANSPORTE,GASTOS,FUNCIONAMIENTO,GASTOS DE PERSONAL,PLANTA DE PERSONAL PERMANENTE,FACTORES CONSTITUTIVOS DE SALARIO,FACTORES SALARIALES COMUNES,AUXILIO DE TRANSPORTE,No Aplica,No Aplica,No Aplica,VIGENCIA ACTUAL,ENTIDADES TERRITORIALES - SERVICIOS PUBLICOS,NO DEFINIDO,NO DEFINIDO,NO APLICA,,,2021,Cuarto Trimestre,,,,NO APLICA,OTRAS CONTRIBUCIONES CON DESTINACION ESPECIFICA LEGAL,,,,,,NO APLICA,,,,,,CON SITUACION DE FONDOS,OTRO,NO DEFINIDO,0.0,102854.0,102854.0
9156633,20210301,923272885,E.S.P Por Santa Rosa Sostenible S.A.S,2.1.2.01.01.005,OTROS ACTIVOS FIJOS,GASTOS,FUNCIONAMIENTO,ADQUISICION DE BIENES Y SERVICIOS,ADQUISICION DE ACTIVOS NO FINANCIEROS,ACTIVOS FIJOS,OTROS ACTIVOS FIJOS,No Aplica,No Aplica,No Aplica,No Aplica,VIGENCIA ACTUAL,ENTIDADES TERRITORIALES - SERVICIOS PUBLICOS,NO DEFINIDO,NO DEFINIDO,NO DEFINIDO,,,2021,Primer Trimestre,,,,NO DEFINIDO,NO DEFINIDO,,,,,,NO DEFINIDO,,,,,,NO DEFINIDO,NO DEFINIDO,NO DEFINIDO,0.0,900000.0,900000.0
9159787,20221201,923272885,E.S.P Por Santa Rosa Sostenible S.A.S,2.1.2.02.01.003,"OTROS BIENES TRANSPORTABLES EXCEPTO PRODUCTOS METALICOS, MAQUINARIA Y EQUIPO",GASTOS,FUNCIONAMIENTO,ADQUISICION DE BIENES Y SERVICIOS,ADQUISICIONES DIFERENTES DE ACTIVOS,MATERIALES Y SUMINISTROS,"OTROS BIENES TRANSPORTABLES EXCEPTO PRODUCTOS METALICOS, MAQUINARIA Y EQUIPO",No Aplica,No Aplica,No Aplica,No Aplica,VIGENCIA ACTUAL,ENTIDADES DIFERENTES A ENTIDADES TERRITORIALES - GESTION GENERAL,NO DEFINIDO,NO DEFINIDO,NO APLICA,,,2022,Cuarto Trimestre,,,,ARTICULOS N C P PARA ESCRITORIO Y OFICINA,IMPUESTO - SOBRETASA POR EL ALUMBRADO PUBLICO,,,,,,NO APLICA,,,,,,CON SITUACION DE FONDOS,NO APLICA,NO DEFINIDO,0.0,2051340.0,2051340.0
9163689,20220301,923272885,E.S.P Por Santa Rosa Sostenible S.A.S,2.1.1,GASTOS DE PERSONAL,GASTOS,FUNCIONAMIENTO,GASTOS DE PERSONAL,No Aplica,No Aplica,No Aplica,No Aplica,No Aplica,No Aplica,No Aplica,VIGENCIA ACTUAL,ENTIDADES DIFERENTES A ENTIDADES TERRITORIALES - GESTION GENERAL,NO DEFINIDO,NO DEFINIDO,NO DEFINIDO,,,2022,Primer Trimestre,,,,NO DEFINIDO,NO DEFINIDO,,,,,,NO DEFINIDO,,,,,,NO DEFINIDO,NO DEFINIDO,NO DEFINIDO,0.0,25921568.0,25921568.0
9164235,20230301,923272885,E.S.P Por Santa Rosa Sostenible S.A.S,2.3.2.01.01.005.02.03.01.01,PAQUETES DE SOFTWARE,GASTOS,INVERSION,ADQUISICION DE BIENES Y SERVICIOS,ADQUISICION DE ACTIVOS NO FINANCIEROS,ACTIVOS FIJOS,OTROS ACTIVOS FIJOS,PRODUCTOS DE LA PROPIEDAD INTELECTUAL,PROGRAMAS DE INFORMATICA Y BASES DE DATOS,PROGRAMAS DE INFORMATICA,PAQUETES DE SOFTWARE,VIGENCIA ACTUAL,ENTIDADES DIFERENTES A ENTIDADES TERRITORIALES - GESTION GENERAL,NO DEFINIDO,NO DEFINIDO,TECNOLOGIAS DE LA INFORMACION Y LAS COMUNICACIONES,,,2023,Primer Trimestre,,,,NO APLICA,R.B. IMPUESTO DE ALUMBRADO PUBLICO,,,,,,NO APLICA,,,,,,CON SITUACION DE FONDOS,NO APLICA,NO DEFINIDO,0.0,223900.0,223900.0
9169025,20220901,923272885,E.S.P Por Santa Rosa Sostenible S.A.S,2.1.2.02.02.008,SERVICIOS PRESTADOS A LAS EMPRESAS Y SERVICIOS DE PRODUCCION,GASTOS,FUNCIONAMIENTO,ADQUISICION DE BIENES Y SERVICIOS,ADQUISICIONES DIFERENTES DE ACTIVOS,ADQUISICION DE SERVICIOS,SERVICIOS PRESTADOS A LAS EMPRESAS Y SERVICIOS DE PRODUCCION,No Aplica,No Aplica,No Aplica,No Aplica,VIGENCIA ACTUAL,ENTIDADES DIFERENTES A ENTIDADES TERRITORIALES - GESTION GENERAL,NO DEFINIDO,NO DEFINIDO,NO APLICA,,,2022,Tercer Trimestre,,,,SERVICIOS DE DISTRIBUCION DE ELECTRICIDAD A COMISION O POR CONTRATO,IMPUESTO - SOBRETASA POR EL ALUMBRADO PUBLICO,,,,,,NO APLICA,,,,,,CON SITUACION DE FONDOS,NO APLICA,NO DEFINIDO,0.0,1240159073.0,1240159073.0
9169819,20220301,923272885,E.S.P Por Santa Rosa Sostenible S.A.S,2.1.1.01.02,CONTRIBUCIONES INHERENTES A LA NOMINA,GASTOS,FUNCIONAMIENTO,GASTOS DE PERSONAL,PLANTA DE PERSONAL PERMANENTE,CONTRIBUCIONES INHERENTES A LA NOMINA,No Aplica,No Aplica,No Aplica,No Aplica,No Aplica,VIGENCIA ACTUAL,ENTIDADES DIFERENTES A ENTIDADES TERRITORIALES - GESTION GENERAL,NO DEFINIDO,NO DEFINIDO,NO DEFINIDO,,,2022,Primer Trimestre,,,,NO DEFINIDO,NO DEFINIDO,,,,,,NO DEFINIDO,,,,,,NO DEFINIDO,NO DEFINIDO,NO DEFINIDO,0.0,7140702.0,7140702.0
9170476,20221201,923272885,E.S.P Por Santa Rosa Sostenible S.A.S,2.1.2.02.02.007,SERVICIOS FINANCIEROS Y SERVICIOS CONEXOS; SERVICIOS INMOBILIARIOS; Y SERVICIOS DE ARRENDAMIENTO Y LEASING,GASTOS,FUNCIONAMIENTO,ADQUISICION DE BIENES Y SERVICIOS,ADQUISICIONES DIFERENTES DE ACTIVOS,ADQUISICION DE SERVICIOS,SERVICIOS FINANCIEROS Y SERVICIOS CONEXOS; SERVICIOS INMOBILIARIOS; Y SERVICIOS DE ARRENDAMIENTO Y LEASING,No Aplica,No Aplica,No Aplica,No Aplica,VIGENCIA ACTUAL,ENTIDADES DIFERENTES A ENTIDADES TERRITORIALES - GESTION GENERAL,NO DEFINIDO,NO DEFINIDO,NO APLICA,,,2022,Cuarto Trimestre,,,,SERVICIOS DE ALQUILER O ARRENDAMIENTO CON O SIN OPCION DE COMPRA RELATIVOS A BIENES INMUEBLES NO RESIDENCIALES DIFERENTES A VIVIENDA  PROPIOS O ARRENDADOS,IMPUESTO - SOBRETASA POR EL ALUMBRADO PUBLICO,,,,,,NO APLICA,,,,,,CON SITUACION DE FONDOS,NO APLICA,NO DEFINIDO,0.0,8358663.0,8358663.0
9195761,20220901,923272885,E.S.P Por Santa Rosa Sostenible S.A.S,2.1.2.02.02.008,SERVICIOS PRESTADOS A LAS EMPRESAS Y SERVICIOS DE PRODUCCION,GASTOS,FUNCIONAMIENTO,ADQUISICION DE BIENES Y SERVICIOS,ADQUISICIONES DIFERENTES DE ACTIVOS,ADQUISICION DE SERVICIOS,SERVICIOS PRESTADOS A LAS EMPRESAS Y SERVICIOS DE PRODUCCION,No Aplica,No Aplica,No Aplica,No Aplica,VIGENCIA ACTUAL,ENTIDADES DIFERENTES A ENTIDADES TERRITORIALES - GESTION GENERAL,NO DEFINIDO,NO DEFINIDO,NO APLICA,,,2022,Tercer Trimestre,,,,SERVICIOS DE GESTION Y ADMINISTRACION EMPRESARIAL OFICINA CENTRAL,IMPUESTO - SOBRETASA POR EL ALUMBRADO PUBLICO,,,,,,NO APLICA,,,,,,CON SITUACION DE FONDOS,NO APLICA,NO DEFINIDO,0.0,4400000.0,4400000.0
9204372,20210301,923272885,E.S.P Por Santa Rosa Sostenible S.A.S,2.1.1,GASTOS DE PERSONAL,GASTOS,FUNCIONAMIENTO,GASTOS DE PERSONAL,No Aplica,No Aplica,No Aplica,No Aplica,No Aplica,No Aplica,No Aplica,VIGENCIA ACTUAL,ENTIDADES TERRITORIALES - SERVICIOS PUBLICOS,NO DEFINIDO,NO DEFINIDO,NO DEFINIDO,,,2021,Primer Trimestre,,,,NO DEFINIDO,NO DEFINIDO,,,,,,NO DEFINIDO,,,,,,NO DEFINIDO,NO DEFINIDO,NO DEFINIDO,0.0,16340106.0,16340106.0
9205914,20210901,923272885,E.S.P Por Santa Rosa Sostenible S.A.S,2.1.1.01.02.001,APORTES A LA SEGURIDAD SOCIAL EN PENSIONES,GASTOS,FUNCIONAMIENTO,GASTOS DE PERSONAL,PLANTA DE PERSONAL PERMANENTE,CONTRIBUCIONES INHERENTES A LA NOMINA,APORTES A LA SEGURIDAD SOCIAL EN PENSIONES,No Aplica,No Aplica,No Aplica,No Aplica,VIGENCIA ACTUAL,ENTIDADES TERRITORIALES - SERVICIOS PUBLICOS,NO DEFINIDO,NO DEFINIDO,NO APLICA,,,2021,Tercer Trimestre,,,,NO APLICA,1.2.3.2.09 - VENTA DE BIENES Y SERVICIOS,,,,,,NO APLICA,,,,,,CON SITUACION DE FONDOS,OTRO,NO DEFINIDO,0.0,5283173.0,5283173.0
9207183,20230601,923272885,E.S.P Por Santa Rosa Sostenible S.A.S,2.1.2.02.02,ADQUISICION DE SERVICIOS,GASTOS,FUNCIONAMIENTO,ADQUISICION DE BIENES Y SERVICIOS,ADQUISICIONES DIFERENTES DE ACTIVOS,ADQUISICION DE SERVICIOS,No Aplica,No Aplica,No Aplica,No Aplica,No Aplica,VIGENCIA ACTUAL,ENTIDADES DIFERENTES A ENTIDADES TERRITORIALES - GESTION GENERAL,NO DEFINIDO,NO DEFINIDO,NO DEFINIDO,,,2023,Segundo Trimestre,,,,NO DEFINIDO,NO DEFINIDO,,,,,,NO DEFINIDO,,,,,,NO DEFINIDO,NO DEFINIDO,NO DEFINIDO,0.0,1878626173.0,1878626173.0
9210681,20211201,923272885,E.S.P Por Santa Rosa Sostenible S.A.S,2.4.5,GASTOS DE COMERCIALIZACION Y PRODUCCION,GASTOS,GASTOS DE OPERACION COMERCIAL,GASTOS DE COMERCIALIZACION Y PRODUCCION,No Aplica,No Aplica,No Aplica,No Aplica,No Aplica,No Aplica,No Aplica,VIGENCIA ACTUAL,ENTIDADES TERRITORIALES - SERVICIOS PUBLICOS,NO DEFINIDO,NO DEFINIDO,NO DEFINIDO,,,2021,Cuarto Trimestre,,,,NO DEFINIDO,NO DEFINIDO,,,,,,NO DEFINIDO,,,,,,NO DEFINIDO,NO DEFINIDO,NO DEFINIDO,0.0,2353371559.0,2158395564.0
9216661,20230301,923272885,E.S.P Por Santa Rosa Sostenible S.A.S,2.1.1.01.01,FACTORES CONSTITUTIVOS DE SALARIO,GASTOS,FUNCIONAMIENTO,GASTOS DE PERSONAL,PLANTA DE PERSONAL PERMANENTE,FACTORES CONSTITUTIVOS DE SALARIO,No Aplica,No Aplica,No Aplica,No Aplica,No Aplica,VIGENCIA ACTUAL,ENTIDADES DIFERENTES A ENTIDADES TERRITORIALES - GESTION GENERAL,NO DEFINIDO,NO DEFINIDO,NO DEFINIDO,,,2023,Primer Trimestre,,,,NO DEFINIDO,NO DEFINIDO,,,,,,NO DEFINIDO,,,,,,NO DEFINIDO,NO DEFINIDO,NO DEFINIDO,0.0,20867887.0,20867887.0
9219503,20210601,923272885,E.S.P Por Santa Rosa Sostenible S.A.S,2.1.2.02.02.008,SERVICIOS PRESTADOS A LAS EMPRESAS Y SERVICIOS DE PRODUCCION,GASTOS,FUNCIONAMIENTO,ADQUISICION DE BIENES Y SERVICIOS,ADQUISICIONES DIFERENTES DE ACTIVOS,ADQUISICION DE SERVICIOS,SERVICIOS PRESTADOS A LAS EMPRESAS Y SERVICIOS DE PRODUCCION,No Aplica,No Aplica,No Aplica,No Aplica,VIGENCIA ACTUAL,ENTIDADES TERRITORIALES - SERVICIOS PUBLICOS,NO DEFINIDO,NO DEFINIDO,NO APLICA,,,2021,Segundo Trimestre,,,,97990 - OTROS SERVICIOS DIVERSOS N.C.P.,1.2.3.2.09 - VENTA DE BIENES Y SERVICIOS,,,,,,NO APLICA,,,,,,CON SITUACION DE FONDOS,NO APLICA,NO DEFINIDO,0.0,5898000.0,5898000.0
9221113,20220301,923272885,E.S.P Por Santa Rosa Sostenible S.A.S,2.3.2.01.01.003,MAQUINARIA Y EQUIPO,GASTOS,INVERSION,ADQUISICION DE BIENES Y SERVICIOS,ADQUISICION DE ACTIVOS NO FINANCIEROS,ACTIVOS FIJOS,MAQUINARIA Y EQUIPO,No Aplica,No Aplica,No Aplica,No Aplica,VIGENCIA ACTUAL,ENTIDADES DIFERENTES A ENTIDADES TERRITORIALES - GESTION GENERAL,NO DEFINIDO,NO DEFINIDO,NO DEFINIDO,,,2022,Primer Trimestre,,,,NO DEFINIDO,NO DEFINIDO,,,,,,NO DEFINIDO,,,,,,NO DEFINIDO,NO DEFINIDO,NO DEFINIDO,0.0,8550000.0,8550000.0
9221924,20220901,923272885,E.S.P Por Santa Rosa Sostenible S.A.S,2.3.2,ADQUISICION DE BIENES Y SERVICIOS,GASTOS,INVERSION,ADQUISICION DE BIENES Y SERVICIOS,No Aplica,No Aplica,No Aplica,No Aplica,No Aplica,No Aplica,No Aplica,VIGENCIA ACTUAL,ENTIDADES DIFERENTES A ENTIDADES TERRITORIALES - GESTION GENERAL,NO DEFINIDO,NO DEFINIDO,NO DEFINIDO,,,2022,Tercer Trimestre,,,,NO DEFINIDO,NO DEFINIDO,,,,,,NO DEFINIDO,,,,,,NO DEFINIDO,NO DEFINIDO,NO DEFINIDO,0.0,18980000.0,18980000.0
9240411,20220901,923272885,E.S.P Por Santa Rosa Sostenible S.A.S,2.1.1.01.01.001.10,VIATICOS DE LOS FUNCIONARIOS EN COMISION,GASTOS,FUNCIONAMIENTO,GASTOS DE PERSONAL,PLANTA DE PERSONAL PERMANENTE,FACTORES CONSTITUTIVOS DE SALARIO,FACTORES SALARIALES COMUNES,VIATICOS DE LOS FUNCIONARIOS EN COMISION,No Aplica,No Aplica,No Aplica,VIGENCIA ACTUAL,ENTIDADES DIFERENTES A ENTIDADES TERRITORIALES - GESTION GENERAL,NO DEFINIDO,NO DEFINIDO,NO APLICA,,,2022,Tercer Trimestre,,,,NO APLICA,IMPUESTO - SOBRETASA POR EL ALUMBRADO PUBLICO,,,,,,NO APLICA,,,,,,CON SITUACION DE FONDOS,NO APLICA,NO DEFINIDO,0.0,1483176.0,1483176.0
9242169,20210901,923272885,E.S.P Por Santa Rosa Sostenible S.A.S,2.1.1.01.02.007,APORTES AL SENA,GASTOS,FUNCIONAMIENTO,GASTOS DE PERSONAL,PLANTA DE PERSONAL PERMANENTE,CONTRIBUCIONES INHERENTES A LA NOMINA,APORTES AL SENA,No Aplica,No Aplica,No Aplica,No Aplica,VIGENCIA ACTUAL,ENTIDADES TERRITORIALES - SERVICIOS PUBLICOS,NO DEFINIDO,NO DEFINIDO,NO APLICA,,,2021,Tercer Trimestre,,,,NO APLICA,1.2.3.2.09 - VENTA DE BIENES Y SERVICIOS,,,,,,NO APLICA,,,,,,CON SITUACION DE FONDOS,OTRO,NO DEFINIDO,0.0,111500.0,111500.0
9249803,20220901,923272885,E.S.P Por Santa Rosa Sostenible S.A.S,2.1.2,ADQUISICION DE BIENES Y SERVICIOS,GASTOS,FUNCIONAMIENTO,ADQUISICION DE BIENES Y SERVICIOS,No Aplica,No Aplica,No Aplica,No Aplica,No Aplica,No Aplica,No Aplica,VIGENCIA ACTUAL,ENTIDADES DIFERENTES A ENTIDADES TERRITORIALES - GESTION GENERAL,NO DEFINIDO,NO DEFINIDO,NO DEFINIDO,,,2022,Tercer Trimestre,,,,NO DEFINIDO,NO DEFINIDO,,,,,,NO DEFINIDO,,,,,,NO DEFINIDO,NO DEFINIDO,NO DEFINIDO,0.0,1590468746.0,1549092267.0
9253743,20220301,923272885,E.S.P Por Santa Rosa Sostenible S.A.S,2.1.8.05.02,INTERESES DE MORA,GASTOS,FUNCIONAMIENTO,"GASTOS POR TRIBUTOS, TASAS, CONTRIBUCIONES, MULTAS, SANCIONES E INTERESES DE MORA","MULTAS, SANCIONES E INTERESES DE MORA",INTERESES DE MORA,No Aplica,No Aplica,No Aplica,No Aplica,No Aplica,VIGENCIA ACTUAL,ENTIDADES DIFERENTES A ENTIDADES TERRITORIALES - GESTION GENERAL,NO DEFINIDO,NO DEFINIDO,NO APLICA,,,2022,Primer Trimestre,,,,NO APLICA,IMPUESTO - SOBRETASA POR EL ALUMBRADO PUBLICO,,,,,,NO APLICA,,,,,,CON SITUACION DE FONDOS,OTRO,NO DEFINIDO,0.0,11000.0,11000.0
9278124,20230601,923272885,E.S.P Por Santa Rosa Sostenible S.A.S,2.1.1.01.01.001.05,AUXILIO DE TRANSPORTE,GASTOS,FUNCIONAMIENTO,GASTOS DE PERSONAL,PLANTA DE PERSONAL PERMANENTE,FACTORES CONSTITUTIVOS DE SALARIO,FACTORES SALARIALES COMUNES,AUXILIO DE TRANSPORTE,No Aplica,No Aplica,No Aplica,VIGENCIA ACTUAL,ENTIDADES DIFERENTES A ENTIDADES TERRITORIALES - GESTION GENERAL,NO DEFINIDO,NO DEFINIDO,NO APLICA,,,2023,Segundo Trimestre,,,,NO APLICA,R.B. IMPUESTO DE ALUMBRADO PUBLICO,,,,,,NO APLICA,,,,,,CON SITUACION DE FONDOS,NO APLICA,NO DEFINIDO,0.0,1021737.0,1021737.0
9280124,20230301,923272885,E.S.P Por Santa Rosa Sostenible S.A.S,2.1.1.01.01.001.01,SUELDO BASICO,GASTOS,FUNCIONAMIENTO,GASTOS DE PERSONAL,PLANTA DE PERSONAL PERMANENTE,FACTORES CONSTITUTIVOS DE SALARIO,FACTORES SALARIALES COMUNES,SUELDO BASICO,No Aplica,No Aplica,No Aplica,VIGENCIA ACTUAL,ENTIDADES DIFERENTES A ENTIDADES TERRITORIALES - GESTION GENERAL,NO DEFINIDO,NO DEFINIDO,NO APLICA,,,2023,Primer Trimestre,,,,NO APLICA,R.B. IMPUESTO DE ALUMBRADO PUBLICO,,,,,,NO APLICA,,,,,,CON SITUACION DE FONDOS,NO APLICA,NO DEFINIDO,0.0,17926530.0,17926530.0
9283872,20221201,923272885,E.S.P Por Santa Rosa Sostenible S.A.S,2.1.2.02.02.008,SERVICIOS PRESTADOS A LAS EMPRESAS Y SERVICIOS DE PRODUCCION,GASTOS,FUNCIONAMIENTO,ADQUISICION DE BIENES Y SERVICIOS,ADQUISICIONES DIFERENTES DE ACTIVOS,ADQUISICION DE SERVICIOS,SERVICIOS PRESTADOS A LAS EMPRESAS Y SERVICIOS DE PRODUCCION,No Aplica,No Aplica,No Aplica,No Aplica,VIGENCIA ACTUAL,ENTIDADES DIFERENTES A ENTIDADES TERRITORIALES - GESTION GENERAL,NO DEFINIDO,NO DEFINIDO,NO APLICA,,,2022,Cuarto Trimestre,,,,SERVICIOS DE GESTION DE DESARROLLO EMPRESARIAL,IMPUESTO - SOBRETASA POR EL ALUMBRADO PUBLICO,,,,,,NO APLICA,,,,,,CON SITUACION DE FONDOS,NO APLICA,NO DEFINIDO,0.0,299363625.0,299363625.0
9293105,20221201,923272885,E.S.P Por Santa Rosa Sostenible S.A.S,2.1.8.04.01,CUOTA DE FISCALIZACION Y AUDITAJE,GASTOS,FUNCIONAMIENTO,"GASTOS POR TRIBUTOS, TASAS, CONTRIBUCIONES, MULTAS, SANCIONES E INTERESES DE MORA",CONTRIBUCIONES,CUOTA DE FISCALIZACION Y AUDITAJE,No Aplica,No Aplica,No Aplica,No Aplica,No Aplica,VIGENCIA ACTUAL,ENTIDADES DIFERENTES A ENTIDADES TERRITORIALES - GESTION GENERAL,NO DEFINIDO,NO DEFINIDO,NO APLICA,,,2022,Cuarto Trimestre,,,,NO APLICA,IMPUESTO - SOBRETASA POR EL ALUMBRADO PUBLICO,,,,,,NO APLICA,,,,,,CON SITUACION DE FONDOS,NO APLICA,NO DEFINIDO,0.0,4175375.0,4175375.0
9314052,20221201,923272885,E.S.P Por Santa Rosa Sostenible S.A.S,2.1.2.02.01.003,"OTROS BIENES TRANSPORTABLES EXCEPTO PRODUCTOS METALICOS, MAQUINARIA Y EQUIPO",GASTOS,FUNCIONAMIENTO,ADQUISICION DE BIENES Y SERVICIOS,ADQUISICIONES DIFERENTES DE ACTIVOS,MATERIALES Y SUMINISTROS,"OTROS BIENES TRANSPORTABLES EXCEPTO PRODUCTOS METALICOS, MAQUINARIA Y EQUIPO",No Aplica,No Aplica,No Aplica,No Aplica,VIGENCIA ACTUAL,ENTIDADES DIFERENTES A ENTIDADES TERRITORIALES - GESTION GENERAL,NO DEFINIDO,NO DEFINIDO,NO APLICA,,,2022,Cuarto Trimestre,,,,COMERCIO AL POR MENOR DE MATERIALES DE LIMPIEZA EN ESTABLECIMIENTOS NO ESPECIALIZADOS,IMPUESTO - SOBRETASA POR EL ALUMBRADO PUBLICO,,,,,,NO APLICA,,,,,,CON SITUACION DE FONDOS,NO APLICA,NO DEFINIDO,0.0,2413000.0,2413000.0
9319227,20230301,923272885,E.S.P Por Santa Rosa Sostenible S.A.S,2.1.1.01.02,CONTRIBUCIONES INHERENTES A LA NOMINA,GASTOS,FUNCIONAMIENTO,GASTOS DE PERSONAL,PLANTA DE PERSONAL PERMANENTE,CONTRIBUCIONES INHERENTES A LA NOMINA,No Aplica,No Aplica,No Aplica,No Aplica,No Aplica,VIGENCIA ACTUAL,ENTIDADES DIFERENTES A ENTIDADES TERRITORIALES - GESTION GENERAL,NO DEFINIDO,NO DEFINIDO,NO DEFINIDO,,,2023,Primer Trimestre,,,,NO DEFINIDO,NO DEFINIDO,,,,,,NO DEFINIDO,,,,,,NO DEFINIDO,NO DEFINIDO,NO DEFINIDO,0.0,11502787.0,11502787.0
9328792,20210601,923272885,E.S.P Por Santa Rosa Sostenible S.A.S,2.1.1.01.02,CONTRIBUCIONES INHERENTES A LA NOMINA,GASTOS,FUNCIONAMIENTO,GASTOS DE PERSONAL,PLANTA DE PERSONAL PERMANENTE,CONTRIBUCIONES INHERENTES A LA NOMINA,No Aplica,No Aplica,No Aplica,No Aplica,No Aplica,VIGENCIA ACTUAL,ENTIDADES TERRITORIALES - SERVICIOS PUBLICOS,NO DEFINIDO,NO DEFINIDO,NO DEFINIDO,,,2021,Segundo Trimestre,,,,NO DEFINIDO,NO DEFINIDO,,,,,,NO DEFINIDO,,,,,,NO DEFINIDO,NO DEFINIDO,NO DEFINIDO,0.0,6094332.0,6094332.0
9329391,20210301,923272885,E.S.P Por Santa Rosa Sostenible S.A.S,2.3.2.02.02,ADQUISICION DE SERVICIOS,GASTOS,INVERSION,ADQUISICION DE BIENES Y SERVICIOS,ADQUISICIONES DIFERENTES DE ACTIVOS,ADQUISICION DE SERVICIOS,No Aplica,No Aplica,No Aplica,No Aplica,No Aplica,VIGENCIA ACTUAL,ENTIDADES TERRITORIALES - SERVICIOS PUBLICOS,NO DEFINIDO,NO DEFINIDO,NO DEFINIDO,,,2021,Primer Trimestre,,,,NO DEFINIDO,NO DEFINIDO,,,,,,NO DEFINIDO,,,,,,NO DEFINIDO,NO DEFINIDO,NO DEFINIDO,0.0,376724266.0,376724266.0
9329416,20230301,923272885,E.S.P Por Santa Rosa Sostenible S.A.S,2.3.2.01.01.005.02.03,PROGRAMAS DE INFORMATICA Y BASES DE DATOS,GASTOS,INVERSION,ADQUISICION DE BIENES Y SERVICIOS,ADQUISICION DE ACTIVOS NO FINANCIEROS,ACTIVOS FIJOS,OTROS ACTIVOS FIJOS,PRODUCTOS DE LA PROPIEDAD INTELECTUAL,PROGRAMAS DE INFORMATICA Y BASES DE DATOS,No Aplica,No Aplica,VIGENCIA ACTUAL,ENTIDADES DIFERENTES A ENTIDADES TERRITORIALES - GESTION GENERAL,NO DEFINIDO,NO DEFINIDO,NO DEFINIDO,,,2023,Primer Trimestre,,,,NO DEFINIDO,NO DEFINIDO,,,,,,NO DEFINIDO,,,,,,NO DEFINIDO,NO DEFINIDO,NO DEFINIDO,0.0,223900.0,223900.0
9331752,20230301,923272885,E.S.P Por Santa Rosa Sostenible S.A.S,2.1.1.01,PLANTA DE PERSONAL PERMANENTE,GASTOS,FUNCIONAMIENTO,GASTOS DE PERSONAL,PLANTA DE PERSONAL PERMANENTE,No Aplica,No Aplica,No Aplica,No Aplica,No Aplica,No Aplica,VIGENCIA ACTUAL,ENTIDADES DIFERENTES A ENTIDADES TERRITORIALES - GESTION GENERAL,NO DEFINIDO,NO DEFINIDO,NO DEFINIDO,,,2023,Primer Trimestre,,,,NO DEFINIDO,NO DEFINIDO,,,,,,NO DEFINIDO,,,,,,NO DEFINIDO,NO DEFINIDO,NO DEFINIDO,0.0,32370674.0,32370674.0
9346479,20210901,923272885,E.S.P Por Santa Rosa Sostenible S.A.S,2.1.1.01.02.002,APORTES A LA SEGURIDAD SOCIAL EN SALUD,GASTOS,FUNCIONAMIENTO,GASTOS DE PERSONAL,PLANTA DE PERSONAL PERMANENTE,CONTRIBUCIONES INHERENTES A LA NOMINA,APORTES A LA SEGURIDAD SOCIAL EN SALUD,No Aplica,No Aplica,No Aplica,No Aplica,VIGENCIA ACTUAL,ENTIDADES TERRITORIALES - SERVICIOS PUBLICOS,NO DEFINIDO,NO DEFINIDO,NO APLICA,,,2021,Tercer Trimestre,,,,NO APLICA,1.2.3.2.09 - VENTA DE BIENES Y SERVICIOS,,,,,,NO APLICA,,,,,,CON SITUACION DE FONDOS,OTRO,NO DEFINIDO,0.0,1232107.0,1232107.0
9350514,20210901,923272885,E.S.P Por Santa Rosa Sostenible S.A.S,2.1.2.02,ADQUISICIONES DIFERENTES DE ACTIVOS,GASTOS,FUNCIONAMIENTO,ADQUISICION DE BIENES Y SERVICIOS,ADQUISICIONES DIFERENTES DE ACTIVOS,No Aplica,No Aplica,No Aplica,No Aplica,No Aplica,No Aplica,VIGENCIA ACTUAL,ENTIDADES TERRITORIALES - SERVICIOS PUBLICOS,NO DEFINIDO,NO DEFINIDO,NO DEFINIDO,,,2021,Tercer Trimestre,,,,NO DEFINIDO,NO DEFINIDO,,,,,,NO DEFINIDO,,,,,,NO DEFINIDO,NO DEFINIDO,NO DEFINIDO,0.0,70343679.0,70343679.0
9354347,20210601,923272885,E.S.P Por Santa Rosa Sostenible S.A.S,2.1.2.01.01.003,MAQUINARIA Y EQUIPO,GASTOS,FUNCIONAMIENTO,ADQUISICION DE BIENES Y SERVICIOS,ADQUISICION DE ACTIVOS NO FINANCIEROS,ACTIVOS FIJOS,MAQUINARIA Y EQUIPO,No Aplica,No Aplica,No Aplica,No Aplica,VIGENCIA ACTUAL,ENTIDADES TERRITORIALES - SERVICIOS PUBLICOS,NO DEFINIDO,NO DEFINIDO,NO DEFINIDO,,,2021,Segundo Trimestre,,,,NO DEFINIDO,NO DEFINIDO,,,,,,NO DEFINIDO,,,,,,NO DEFINIDO,NO DEFINIDO,NO DEFINIDO,0.0,135400.0,135400.0
9356608,20220901,923272885,E.S.P Por Santa Rosa Sostenible S.A.S,2.1.1.01.02.004,APORTES A CAJAS DE COMPENSACION FAMILIAR,GASTOS,FUNCIONAMIENTO,GASTOS DE PERSONAL,PLANTA DE PERSONAL PERMANENTE,CONTRIBUCIONES INHERENTES A LA NOMINA,APORTES A CAJAS DE COMPENSACION FAMILIAR,No Aplica,No Aplica,No Aplica,No Aplica,VIGENCIA ACTUAL,ENTIDADES DIFERENTES A ENTIDADES TERRITORIALES - GESTION GENERAL,NO DEFINIDO,NO DEFINIDO,NO APLICA,,,2022,Tercer Trimestre,,,,NO APLICA,IMPUESTO - SOBRETASA POR EL ALUMBRADO PUBLICO,,,,,,NO APLICA,,,,,,CON SITUACION DE FONDOS,NO APLICA,NO DEFINIDO,0.0,1864200.0,1641300.0
9372327,20210901,923272885,E.S.P Por Santa Rosa Sostenible S.A.S,2.4,GASTOS DE OPERACION COMERCIAL,GASTOS,GASTOS DE OPERACION COMERCIAL,No Aplica,No Aplica,No Aplica,No Aplica,No Aplica,No Aplica,No Aplica,No Aplica,VIGENCIA ACTUAL,ENTIDADES TERRITORIALES - SERVICIOS PUBLICOS,NO DEFINIDO,NO DEFINIDO,NO DEFINIDO,,,2021,Tercer Trimestre,,,,NO DEFINIDO,NO DEFINIDO,,,,,,NO DEFINIDO,,,,,,NO DEFINIDO,NO DEFINIDO,NO DEFINIDO,0.0,1315839067.0,1315839067.0
9375755,20210301,923272885,E.S.P Por Santa Rosa Sostenible S.A.S,2.1,FUNCIONAMIENTO,GASTOS,FUNCIONAMIENTO,No Aplica,No Aplica,No Aplica,No Aplica,No Aplica,No Aplica,No Aplica,No Aplica,VIGENCIA ACTUAL,ENTIDADES TERRITORIALES - SERVICIOS PUBLICOS,NO DEFINIDO,NO DEFINIDO,NO DEFINIDO,,,2021,Primer Trimestre,,,,NO DEFINIDO,NO DEFINIDO,,,,,,NO DEFINIDO,,,,,,NO DEFINIDO,NO DEFINIDO,NO DEFINIDO,0.0,41816167.0,41816167.0
9384705,20211201,923272885,E.S.P Por Santa Rosa Sostenible S.A.S,2.1.8,"GASTOS POR TRIBUTOS, TASAS, CONTRIBUCIONES, MULTAS, SANCIONES E INTERESES DE MORA",GASTOS,FUNCIONAMIENTO,"GASTOS POR TRIBUTOS, TASAS, CONTRIBUCIONES, MULTAS, SANCIONES E INTERESES DE MORA",No Aplica,No Aplica,No Aplica,No Aplica,No Aplica,No Aplica,No Aplica,VIGENCIA ACTUAL,ENTIDADES TERRITORIALES - SERVICIOS PUBLICOS,NO DEFINIDO,NO DEFINIDO,NO DEFINIDO,,,2021,Cuarto Trimestre,,,,NO DEFINIDO,NO DEFINIDO,,,,,,NO DEFINIDO,,,,,,NO DEFINIDO,NO DEFINIDO,NO DEFINIDO,0.0,38680172.0,37391172.0
9386285,20220901,923272885,E.S.P Por Santa Rosa Sostenible S.A.S,2.1.1.01.02.003,APORTES DE CESANTIAS,GASTOS,FUNCIONAMIENTO,GASTOS DE PERSONAL,PLANTA DE PERSONAL PERMANENTE,CONTRIBUCIONES INHERENTES A LA NOMINA,APORTES DE CESANTIAS,No Aplica,No Aplica,No Aplica,No Aplica,VIGENCIA ACTUAL,ENTIDADES DIFERENTES A ENTIDADES TERRITORIALES - GESTION GENERAL,NO DEFINIDO,NO DEFINIDO,NO APLICA,,,2022,Tercer Trimestre,,,,NO APLICA,IMPUESTO - SOBRETASA POR EL ALUMBRADO PUBLICO,,,,,,NO APLICA,,,,,,CON SITUACION DE FONDOS,NO APLICA,NO DEFINIDO,0.0,6358797.0,6358797.0
9393065,20221201,923272885,E.S.P Por Santa Rosa Sostenible S.A.S,2.1.2,ADQUISICION DE BIENES Y SERVICIOS,GASTOS,FUNCIONAMIENTO,ADQUISICION DE BIENES Y SERVICIOS,No Aplica,No Aplica,No Aplica,No Aplica,No Aplica,No Aplica,No Aplica,VIGENCIA ACTUAL,ENTIDADES DIFERENTES A ENTIDADES TERRITORIALES - GESTION GENERAL,NO DEFINIDO,NO DEFINIDO,NO DEFINIDO,,,2022,Cuarto Trimestre,,,,NO DEFINIDO,NO DEFINIDO,,,,,,NO DEFINIDO,,,,,,NO DEFINIDO,NO DEFINIDO,NO DEFINIDO,0.0,2718890379.0,2718890379.0
9400059,20220301,923272885,E.S.P Por Santa Rosa Sostenible S.A.S,2.1.2,ADQUISICION DE BIENES Y SERVICIOS,GASTOS,FUNCIONAMIENTO,ADQUISICION DE BIENES Y SERVICIOS,No Aplica,No Aplica,No Aplica,No Aplica,No Aplica,No Aplica,No Aplica,VIGENCIA ACTUAL,ENTIDADES DIFERENTES A ENTIDADES TERRITORIALES - GESTION GENERAL,NO DEFINIDO,NO DEFINIDO,NO DEFINIDO,,,2022,Primer Trimestre,,,,NO DEFINIDO,NO DEFINIDO,,,,,,NO DEFINIDO,,,,,,NO DEFINIDO,NO DEFINIDO,NO DEFINIDO,0.0,548771062.0,507394583.0
9403729,20210901,923272885,E.S.P Por Santa Rosa Sostenible S.A.S,2.1.2.02.01,MATERIALES Y SUMINISTROS,GASTOS,FUNCIONAMIENTO,ADQUISICION DE BIENES Y SERVICIOS,ADQUISICIONES DIFERENTES DE ACTIVOS,MATERIALES Y SUMINISTROS,No Aplica,No Aplica,No Aplica,No Aplica,No Aplica,VIGENCIA ACTUAL,ENTIDADES TERRITORIALES - SERVICIOS PUBLICOS,NO DEFINIDO,NO DEFINIDO,NO DEFINIDO,,,2021,Tercer Trimestre,,,,NO DEFINIDO,NO DEFINIDO,,,,,,NO DEFINIDO,,,,,,NO DEFINIDO,NO DEFINIDO,NO DEFINIDO,0.0,4359550.0,4359550.0
9413453,20220901,923272885,E.S.P Por Santa Rosa Sostenible S.A.S,2.1.1.01.02,CONTRIBUCIONES INHERENTES A LA NOMINA,GASTOS,FUNCIONAMIENTO,GASTOS DE PERSONAL,PLANTA DE PERSONAL PERMANENTE,CONTRIBUCIONES INHERENTES A LA NOMINA,No Aplica,No Aplica,No Aplica,No Aplica,No Aplica,VIGENCIA ACTUAL,ENTIDADES DIFERENTES A ENTIDADES TERRITORIALES - GESTION GENERAL,NO DEFINIDO,NO DEFINIDO,NO DEFINIDO,,,2022,Tercer Trimestre,,,,NO DEFINIDO,NO DEFINIDO,,,,,,NO DEFINIDO,,,,,,NO DEFINIDO,NO DEFINIDO,NO DEFINIDO,0.0,13724976.0,12817116.0
9415823,20220901,923272885,E.S.P Por Santa Rosa Sostenible S.A.S,2.1.1.01.03,REMUNERACIONES NO CONSTITUTIVAS DE FACTOR SALARIAL,GASTOS,FUNCIONAMIENTO,GASTOS DE PERSONAL,PLANTA DE PERSONAL PERMANENTE,REMUNERACIONES NO CONSTITUTIVAS DE FACTOR SALARIAL,No Aplica,No Aplica,No Aplica,No Aplica,No Aplica,VIGENCIA ACTUAL,ENTIDADES DIFERENTES A ENTIDADES TERRITORIALES - GESTION GENERAL,NO DEFINIDO,NO DEFINIDO,NO DEFINIDO,,,2022,Tercer Trimestre,,,,NO DEFINIDO,NO DEFINIDO,,,,,,NO DEFINIDO,,,,,,NO DEFINIDO,NO DEFINIDO,NO DEFINIDO,0.0,3344265.0,3344265.0
9417878,20230301,923272885,E.S.P Por Santa Rosa Sostenible S.A.S,2.1.2.02.02.008,SERVICIOS PRESTADOS A LAS EMPRESAS Y SERVICIOS DE PRODUCCION,GASTOS,FUNCIONAMIENTO,ADQUISICION DE BIENES Y SERVICIOS,ADQUISICIONES DIFERENTES DE ACTIVOS,ADQUISICION DE SERVICIOS,SERVICIOS PRESTADOS A LAS EMPRESAS Y SERVICIOS DE PRODUCCION,No Aplica,No Aplica,No Aplica,No Aplica,VIGENCIA ACTUAL,ENTIDADES DIFERENTES A ENTIDADES TERRITORIALES - GESTION GENERAL,NO DEFINIDO,NO DEFINIDO,NO APLICA,,,2023,Primer Trimestre,,,,SERVICIOS DE AUDITORIA FINANCIERA,R.B. IMPUESTO DE ALUMBRADO PUBLICO,,,,,,NO APLICA,,,,,,CON SITUACION DE FONDOS,NO APLICA,NO DEFINIDO,0.0,5790000.0,3860000.0
9418676,20211201,923272885,E.S.P Por Santa Rosa Sostenible S.A.S,2.1.2.02,ADQUISICIONES DIFERENTES DE ACTIVOS,GASTOS,FUNCIONAMIENTO,ADQUISICION DE BIENES Y SERVICIOS,ADQUISICIONES DIFERENTES DE ACTIVOS,No Aplica,No Aplica,No Aplica,No Aplica,No Aplica,No Aplica,VIGENCIA ACTUAL,ENTIDADES TERRITORIALES - SERVICIOS PUBLICOS,NO DEFINIDO,NO DEFINIDO,NO DEFINIDO,,,2021,Cuarto Trimestre,,,,NO DEFINIDO,NO DEFINIDO,,,,,,NO DEFINIDO,,,,,,NO DEFINIDO,NO DEFINIDO,NO DEFINIDO,0.0,92375557.0,92262053.0
9432063,20220901,923272885,E.S.P Por Santa Rosa Sostenible S.A.S,2.1.1.01.03.001,PRESTACIONES SOCIALES,GASTOS,FUNCIONAMIENTO,GASTOS DE PERSONAL,PLANTA DE PERSONAL PERMANENTE,REMUNERACIONES NO CONSTITUTIVAS DE FACTOR SALARIAL,PRESTACIONES SOCIALES,No Aplica,No Aplica,No Aplica,No Aplica,VIGENCIA ACTUAL,ENTIDADES DIFERENTES A ENTIDADES TERRITORIALES - GESTION GENERAL,NO DEFINIDO,NO DEFINIDO,NO DEFINIDO,,,2022,Tercer Trimestre,,,,NO DEFINIDO,NO DEFINIDO,,,,,,NO DEFINIDO,,,,,,NO DEFINIDO,NO DEFINIDO,NO DEFINIDO,0.0,3344265.0,3344265.0
9433201,20220301,923272885,E.S.P Por Santa Rosa Sostenible S.A.S,2.1.1.01.02.005,APORTES GENERALES AL SISTEMA DE RIESGOS LABORALES,GASTOS,FUNCIONAMIENTO,GASTOS DE PERSONAL,PLANTA DE PERSONAL PERMANENTE,CONTRIBUCIONES INHERENTES A LA NOMINA,APORTES GENERALES AL SISTEMA DE RIESGOS LABORALES,No Aplica,No Aplica,No Aplica,No Aplica,VIGENCIA ACTUAL,ENTIDADES DIFERENTES A ENTIDADES TERRITORIALES - GESTION GENERAL,NO DEFINIDO,NO DEFINIDO,NO APLICA,,,2022,Primer Trimestre,,,,NO APLICA,IMPUESTO - SOBRETASA POR EL ALUMBRADO PUBLICO,,,,,,NO APLICA,,,,,,CON SITUACION DE FONDOS,OTRO,NO DEFINIDO,0.0,29100.0,29100.0
9443546,20211201,923272885,E.S.P Por Santa Rosa Sostenible S.A.S,2.1.8.01.14,GRAVAMEN A LOS MOVIMIENTOS FINANCIEROS,GASTOS,FUNCIONAMIENTO,"GASTOS POR TRIBUTOS, TASAS, CONTRIBUCIONES, MULTAS, SANCIONES E INTERESES DE MORA",IMPUESTOS,GRAVAMEN A LOS MOVIMIENTOS FINANCIEROS,No Aplica,No Aplica,No Aplica,No Aplica,No Aplica,VIGENCIA ACTUAL,ENTIDADES TERRITORIALES - SERVICIOS PUBLICOS,NO DEFINIDO,NO DEFINIDO,NO APLICA,,,2021,Cuarto Trimestre,,,,NO APLICA,OTRAS CONTRIBUCIONES CON DESTINACION ESPECIFICA LEGAL,,,,,,NO APLICA,,,,,,CON SITUACION DE FONDOS,FIDUCIARIA LA PREVISORA S.A.,NO DEFINIDO,0.0,7662661.0,7662661.0
9446097,20210901,923272885,E.S.P Por Santa Rosa Sostenible S.A.S,2.1.8.05,"MULTAS, SANCIONES E INTERESES DE MORA",GASTOS,FUNCIONAMIENTO,"GASTOS POR TRIBUTOS, TASAS, CONTRIBUCIONES, MULTAS, SANCIONES E INTERESES DE MORA","MULTAS, SANCIONES E INTERESES DE MORA",No Aplica,No Aplica,No Aplica,No Aplica,No Aplica,No Aplica,VIGENCIA ACTUAL,ENTIDADES TERRITORIALES - SERVICIOS PUBLICOS,NO DEFINIDO,NO DEFINIDO,NO DEFINIDO,,,2021,Tercer Trimestre,,,,NO DEFINIDO,NO DEFINIDO,,,,,,NO DEFINIDO,,,,,,NO DEFINIDO,NO DEFINIDO,NO DEFINIDO,0.0,3000.0,3000.0
9447667,20221201,923272885,E.S.P Por Santa Rosa Sostenible S.A.S,2.1.8.01.53,IMPUESTO DE REGISTRO,GASTOS,FUNCIONAMIENTO,"GASTOS POR TRIBUTOS, TASAS, CONTRIBUCIONES, MULTAS, SANCIONES E INTERESES DE MORA",IMPUESTOS,IMPUESTO DE REGISTRO,No Aplica,No Aplica,No Aplica,No Aplica,No Aplica,VIGENCIA ACTUAL,ENTIDADES DIFERENTES A ENTIDADES TERRITORIALES - GESTION GENERAL,NO DEFINIDO,NO DEFINIDO,NO APLICA,,,2022,Cuarto Trimestre,,,,NO APLICA,IMPUESTO - SOBRETASA POR EL ALUMBRADO PUBLICO,,,,,,NO APLICA,,,,,,CON SITUACION DE FONDOS,NO APLICA,NO DEFINIDO,0.0,2412500.0,2412500.0
9452162,20210901,923272885,E.S.P Por Santa Rosa Sostenible S.A.S,2.1.8.01.54,IMPUESTO DE INDUSTRIA Y COMERCIO,GASTOS,FUNCIONAMIENTO,"GASTOS POR TRIBUTOS, TASAS, CONTRIBUCIONES, MULTAS, SANCIONES E INTERESES DE MORA",IMPUESTOS,IMPUESTO DE INDUSTRIA Y COMERCIO,No Aplica,No Aplica,No Aplica,No Aplica,No Aplica,VIGENCIA ACTUAL,ENTIDADES TERRITORIALES - SERVICIOS PUBLICOS,NO DEFINIDO,NO DEFINIDO,NO APLICA,,,2021,Tercer Trimestre,,,,NO APLICA,1.2.3.2.09 - VENTA DE BIENES Y SERVICIOS,,,,,,NO APLICA,,,,,,CON SITUACION DE FONDOS,NO APLICA,NO DEFINIDO,0.0,3077400.0,3077400.0
9453997,20220301,923272885,E.S.P Por Santa Rosa Sostenible S.A.S,2.1.2.02.02.008,SERVICIOS PRESTADOS A LAS EMPRESAS Y SERVICIOS DE PRODUCCION,GASTOS,FUNCIONAMIENTO,ADQUISICION DE BIENES Y SERVICIOS,ADQUISICIONES DIFERENTES DE ACTIVOS,ADQUISICION DE SERVICIOS,SERVICIOS PRESTADOS A LAS EMPRESAS Y SERVICIOS DE PRODUCCION,No Aplica,No Aplica,No Aplica,No Aplica,VIGENCIA ACTUAL,ENTIDADES DIFERENTES A ENTIDADES TERRITORIALES - GESTION GENERAL,NO DEFINIDO,NO DEFINIDO,NO APLICA,,,2022,Primer Trimestre,,,,SERVICIOS DE GESTION DE DESARROLLO EMPRESARIAL,IMPUESTO - SOBRETASA POR EL ALUMBRADO PUBLICO,,,,,,NO APLICA,,,,,,CON SITUACION DE FONDOS,OTRO,NO DEFINIDO,0.0,71087570.0,71087570.0
9458110,20220301,923272885,E.S.P Por Santa Rosa Sostenible S.A.S,2.3.2.01.01,ACTIVOS FIJOS,GASTOS,INVERSION,ADQUISICION DE BIENES Y SERVICIOS,ADQUISICION DE ACTIVOS NO FINANCIEROS,ACTIVOS FIJOS,No Aplica,No Aplica,No Aplica,No Aplica,No Aplica,VIGENCIA ACTUAL,ENTIDADES DIFERENTES A ENTIDADES TERRITORIALES - GESTION GENERAL,NO DEFINIDO,NO DEFINIDO,NO DEFINIDO,,,2022,Primer Trimestre,,,,NO DEFINIDO,NO DEFINIDO,,,,,,NO DEFINIDO,,,,,,NO DEFINIDO,NO DEFINIDO,NO DEFINIDO,0.0,18980000.0,18980000.0
9461420,20211201,923272885,E.S.P Por Santa Rosa Sostenible S.A.S,2.1.2.02.02.006,"COMERCIO Y DISTRIBUCION; ALOJAMIENTO; SERVICIOS DE SUMINISTRO DE COMIDAS Y BEBIDAS; SERVICIOS DE TRANSPORTE; Y SERVICIOS DE DISTRIBUCION DE ELECTRICIDAD, GAS Y AGUA",GASTOS,FUNCIONAMIENTO,ADQUISICION DE BIENES Y SERVICIOS,ADQUISICIONES DIFERENTES DE ACTIVOS,ADQUISICION DE SERVICIOS,"COMERCIO Y DISTRIBUCION; ALOJAMIENTO; SERVICIOS DE SUMINISTRO DE COMIDAS Y BEBIDAS; SERVICIOS DE TRANSPORTE; Y SERVICIOS DE DISTRIBUCION DE ELECTRICIDAD, GAS Y AGUA",No Aplica,No Aplica,No Aplica,No Aplica,VIGENCIA ACTUAL,ENTIDADES TERRITORIALES - SERVICIOS PUBLICOS,NO DEFINIDO,NO DEFINIDO,NO APLICA,,,2021,Cuarto Trimestre,,,,SERVICIOS DE TELEFONIA FIJA ACCESO,OTRAS CONTRIBUCIONES CON DESTINACION ESPECIFICA LEGAL,,,,,,NO APLICA,,,,,,CON SITUACION DE FONDOS,UNE EPM TELECOMUNICACIONES S.A.,NO DEFINIDO,0.0,914125.0,880621.0
9463131,20210901,923272885,E.S.P Por Santa Rosa Sostenible S.A.S,2.1.1.01.01.001.05,AUXILIO DE TRANSPORTE,GASTOS,FUNCIONAMIENTO,GASTOS DE PERSONAL,PLANTA DE PERSONAL PERMANENTE,FACTORES CONSTITUTIVOS DE SALARIO,FACTORES SALARIALES COMUNES,AUXILIO DE TRANSPORTE,No Aplica,No Aplica,No Aplica,VIGENCIA ACTUAL,ENTIDADES TERRITORIALES - SERVICIOS PUBLICOS,NO DEFINIDO,NO DEFINIDO,NO APLICA,,,2021,Tercer Trimestre,,,,NO APLICA,1.2.3.2.09 - VENTA DE BIENES Y SERVICIOS,,,,,,NO APLICA,,,,,,CON SITUACION DE FONDOS,OTRO,NO DEFINIDO,0.0,102854.0,102854.0
9480103,20211201,923272885,E.S.P Por Santa Rosa Sostenible S.A.S,2.4.5.02.08,SERVICIOS PRESTADOS A LAS EMPRESAS Y SERVICIOS DE PRODUCCION,GASTOS,GASTOS DE OPERACION COMERCIAL,GASTOS DE COMERCIALIZACION Y PRODUCCION,ADQUISICION DE SERVICIOS,SERVICIOS PRESTADOS A LAS EMPRESAS Y SERVICIOS DE PRODUCCION,No Aplica,No Aplica,No Aplica,No Aplica,No Aplica,VIGENCIA ACTUAL,ENTIDADES TERRITORIALES - SERVICIOS PUBLICOS,NO DEFINIDO,NO DEFINIDO,NO APLICA,,,2021,Cuarto Trimestre,,,,OTROS SERVICIOS DIVERSOS N C P,OTRAS CONTRIBUCIONES CON DESTINACION ESPECIFICA LEGAL,,,,,,NO APLICA,,,,,,CON SITUACION DE FONDOS,OTRO,NO DEFINIDO,0.0,222920739.0,204710405.0
9490665,20210301,923272885,E.S.P Por Santa Rosa Sostenible S.A.S,2.1.2.01.01.005.02.03.01.01,PAQUETES DE SOFTWARE,GASTOS,FUNCIONAMIENTO,ADQUISICION DE BIENES Y SERVICIOS,ADQUISICION DE ACTIVOS NO FINANCIEROS,ACTIVOS FIJOS,OTROS ACTIVOS FIJOS,PRODUCTOS DE LA PROPIEDAD INTELECTUAL,PROGRAMAS DE INFORMATICA Y BASES DE DATOS,PROGRAMAS DE INFORMATICA,PAQUETES DE SOFTWARE,VIGENCIA ACTUAL,ENTIDADES TERRITORIALES - SERVICIOS PUBLICOS,NO DEFINIDO,NO DEFINIDO,NO APLICA,,,2021,Primer Trimestre,,,,47822 - PAQUETES DE SOFTWARE PARA JUEGOS DE COMPUTADOR,1.2.3.2.09 - VENTA DE BIENES Y SERVICIOS,,,,,,NO APLICA,,,,,,CON SITUACION DE FONDOS,NO APLICA,NO DEFINIDO,0.0,900000.0,900000.0
9496620,20230601,923272885,E.S.P Por Santa Rosa Sostenible S.A.S,2.1.1.01.03,REMUNERACIONES NO CONSTITUTIVAS DE FACTOR SALARIAL,GASTOS,FUNCIONAMIENTO,GASTOS DE PERSONAL,PLANTA DE PERSONAL PERMANENTE,REMUNERACIONES NO CONSTITUTIVAS DE FACTOR SALARIAL,No Aplica,No Aplica,No Aplica,No Aplica,No Aplica,VIGENCIA ACTUAL,ENTIDADES DIFERENTES A ENTIDADES TERRITORIALES - GESTION GENERAL,NO DEFINIDO,NO DEFINIDO,NO DEFINIDO,,,2023,Segundo Trimestre,,,,NO DEFINIDO,NO DEFINIDO,,,,,,NO DEFINIDO,,,,,,NO DEFINIDO,NO DEFINIDO,NO DEFINIDO,0.0,4749996.0,4749996.0
9508024,20230601,923272885,E.S.P Por Santa Rosa Sostenible S.A.S,2.1.2.02.01.004,PRODUCTOS METALICOS Y PAQUETES DE SOFTWARE,GASTOS,FUNCIONAMIENTO,ADQUISICION DE BIENES Y SERVICIOS,ADQUISICIONES DIFERENTES DE ACTIVOS,MATERIALES Y SUMINISTROS,PRODUCTOS METALICOS Y PAQUETES DE SOFTWARE,No Aplica,No Aplica,No Aplica,No Aplica,VIGENCIA ACTUAL,ENTIDADES DIFERENTES A ENTIDADES TERRITORIALES - GESTION GENERAL,NO DEFINIDO,NO DEFINIDO,NO APLICA,,,2023,Segundo Trimestre,,,,PARTES Y ACCESORIOS PARA COMPUTADORES Y MINICOMPUTADORES,R.B. IMPUESTO DE ALUMBRADO PUBLICO,,,,,,NO APLICA,,,,,,CON SITUACION DE FONDOS,NO APLICA,NO DEFINIDO,0.0,270000.0,270000.0
9521326,20230601,923272885,E.S.P Por Santa Rosa Sostenible S.A.S,2.1.8.01.53,IMPUESTO DE REGISTRO,GASTOS,FUNCIONAMIENTO,"GASTOS POR TRIBUTOS, TASAS, CONTRIBUCIONES, MULTAS, SANCIONES E INTERESES DE MORA",IMPUESTOS,IMPUESTO DE REGISTRO,No Aplica,No Aplica,No Aplica,No Aplica,No Aplica,VIGENCIA ACTUAL,ENTIDADES DIFERENTES A ENTIDADES TERRITORIALES - GESTION GENERAL,NO DEFINIDO,NO DEFINIDO,NO APLICA,,,2023,Segundo Trimestre,,,,NO APLICA,R.B. IMPUESTO DE ALUMBRADO PUBLICO,,,,,,NO APLICA,,,,,,CON SITUACION DE FONDOS,NO APLICA,NO DEFINIDO,0.0,1821600.0,1821600.0
9523111,20210301,923272885,E.S.P Por Santa Rosa Sostenible S.A.S,2.1.1.01.02.001,APORTES A LA SEGURIDAD SOCIAL EN PENSIONES,GASTOS,FUNCIONAMIENTO,GASTOS DE PERSONAL,PLANTA DE PERSONAL PERMANENTE,CONTRIBUCIONES INHERENTES A LA NOMINA,APORTES A LA SEGURIDAD SOCIAL EN PENSIONES,No Aplica,No Aplica,No Aplica,No Aplica,VIGENCIA ACTUAL,ENTIDADES TERRITORIALES - SERVICIOS PUBLICOS,NO DEFINIDO,NO DEFINIDO,NO APLICA,,,2021,Primer Trimestre,,,,NO APLICA,1.2.3.2.09 - VENTA DE BIENES Y SERVICIOS,,,,,,NO APLICA,,,,,,CON SITUACION DE FONDOS,NO APLICA,NO DEFINIDO,0.0,1056000.0,1056000.0
9526721,20230601,923272885,E.S.P Por Santa Rosa Sostenible S.A.S,2.1,FUNCIONAMIENTO,GASTOS,FUNCIONAMIENTO,No Aplica,No Aplica,No Aplica,No Aplica,No Aplica,No Aplica,No Aplica,No Aplica,VIGENCIA ACTUAL,ENTIDADES DIFERENTES A ENTIDADES TERRITORIALES - GESTION GENERAL,NO DEFINIDO,NO DEFINIDO,NO DEFINIDO,,,2023,Segundo Trimestre,,,,NO DEFINIDO,NO DEFINIDO,,,,,,NO DEFINIDO,,,,,,NO DEFINIDO,NO DEFINIDO,NO DEFINIDO,0.0,2221713885.0,2221713885.0
9540207,20220901,923272885,E.S.P Por Santa Rosa Sostenible S.A.S,2.1.2.02.01.001,"MINERALES, ELECTRICIDAD, GAS Y AGUA",GASTOS,FUNCIONAMIENTO,ADQUISICION DE BIENES Y SERVICIOS,ADQUISICIONES DIFERENTES DE ACTIVOS,MATERIALES Y SUMINISTROS,"MINERALES, ELECTRICIDAD, GAS Y AGUA",No Aplica,No Aplica,No Aplica,No Aplica,VIGENCIA ACTUAL,ENTIDADES DIFERENTES A ENTIDADES TERRITORIALES - GESTION GENERAL,NO DEFINIDO,NO DEFINIDO,NO APLICA,,,2022,Tercer Trimestre,,,,ENERGIA ELECTRICA,IMPUESTO - SOBRETASA POR EL ALUMBRADO PUBLICO,,,,,,NO APLICA,,,,,,CON SITUACION DE FONDOS,NO APLICA,NO DEFINIDO,0.0,41342975.0,0.0
9547785,20210901,923272885,E.S.P Por Santa Rosa Sostenible S.A.S,2.1.1.01.01,FACTORES CONSTITUTIVOS DE SALARIO,GASTOS,FUNCIONAMIENTO,GASTOS DE PERSONAL,PLANTA DE PERSONAL PERMANENTE,FACTORES CONSTITUTIVOS DE SALARIO,No Aplica,No Aplica,No Aplica,No Aplica,No Aplica,VIGENCIA ACTUAL,ENTIDADES TERRITORIALES - SERVICIOS PUBLICOS,NO DEFINIDO,NO DEFINIDO,NO DEFINIDO,,,2021,Tercer Trimestre,,,,NO DEFINIDO,NO DEFINIDO,,,,,,NO DEFINIDO,,,,,,NO DEFINIDO,NO DEFINIDO,NO DEFINIDO,0.0,49782902.0,49782902.0
9548660,20230601,923272885,E.S.P Por Santa Rosa Sostenible S.A.S,2.1.2.02.02.008,SERVICIOS PRESTADOS A LAS EMPRESAS Y SERVICIOS DE PRODUCCION,GASTOS,FUNCIONAMIENTO,ADQUISICION DE BIENES Y SERVICIOS,ADQUISICIONES DIFERENTES DE ACTIVOS,ADQUISICION DE SERVICIOS,SERVICIOS PRESTADOS A LAS EMPRESAS Y SERVICIOS DE PRODUCCION,No Aplica,No Aplica,No Aplica,No Aplica,VIGENCIA ACTUAL,ENTIDADES DIFERENTES A ENTIDADES TERRITORIALES - GESTION GENERAL,NO DEFINIDO,NO DEFINIDO,NO APLICA,,,2023,Segundo Trimestre,,,,SERVICIOS DE TELEFONIA FIJA ACCESO,R.B. IMPUESTO DE ALUMBRADO PUBLICO,,,,,,NO APLICA,,,,,,CON SITUACION DE FONDOS,NO APLICA,NO DEFINIDO,0.0,107992.0,107992.0
9558586,20210301,923272885,E.S.P Por Santa Rosa Sostenible S.A.S,2.1.1.01.01.001.05,AUXILIO DE TRANSPORTE,GASTOS,FUNCIONAMIENTO,GASTOS DE PERSONAL,PLANTA DE PERSONAL PERMANENTE,FACTORES CONSTITUTIVOS DE SALARIO,FACTORES SALARIALES COMUNES,AUXILIO DE TRANSPORTE,No Aplica,No Aplica,No Aplica,VIGENCIA ACTUAL,ENTIDADES TERRITORIALES - SERVICIOS PUBLICOS,NO DEFINIDO,NO DEFINIDO,NO APLICA,,,2021,Primer Trimestre,,,,NO APLICA,1.2.3.2.09 - VENTA DE BIENES Y SERVICIOS,,,,,,NO APLICA,,,,,,CON SITUACION DE FONDOS,NO APLICA,NO DEFINIDO,0.0,102854.0,102854.0
9568477,20230301,923272885,E.S.P Por Santa Rosa Sostenible S.A.S,2.1.2.02.02.008,SERVICIOS PRESTADOS A LAS EMPRESAS Y SERVICIOS DE PRODUCCION,GASTOS,FUNCIONAMIENTO,ADQUISICION DE BIENES Y SERVICIOS,ADQUISICIONES DIFERENTES DE ACTIVOS,ADQUISICION DE SERVICIOS,SERVICIOS PRESTADOS A LAS EMPRESAS Y SERVICIOS DE PRODUCCION,No Aplica,No Aplica,No Aplica,No Aplica,VIGENCIA ACTUAL,ENTIDADES DIFERENTES A ENTIDADES TERRITORIALES - GESTION GENERAL,NO DEFINIDO,NO DEFINIDO,NO APLICA,,,2023,Primer Trimestre,,,,SERVICIOS DE DISTRIBUCION DE ELECTRICIDAD A COMISION O POR CONTRATO,R.B. IMPUESTO DE ALUMBRADO PUBLICO,,,,,,NO APLICA,,,,,,CON SITUACION DE FONDOS,NO APLICA,NO DEFINIDO,0.0,429669112.0,429669112.0
9591966,20211201,923272885,E.S.P Por Santa Rosa Sostenible S.A.S,2.1.1.01.02.004,APORTES A CAJAS DE COMPENSACION FAMILIAR,GASTOS,FUNCIONAMIENTO,GASTOS DE PERSONAL,PLANTA DE PERSONAL PERMANENTE,CONTRIBUCIONES INHERENTES A LA NOMINA,APORTES A CAJAS DE COMPENSACION FAMILIAR,No Aplica,No Aplica,No Aplica,No Aplica,VIGENCIA ACTUAL,ENTIDADES TERRITORIALES - SERVICIOS PUBLICOS,NO DEFINIDO,NO DEFINIDO,NO APLICA,,,2021,Cuarto Trimestre,,,,NO APLICA,OTRAS CONTRIBUCIONES CON DESTINACION ESPECIFICA LEGAL,,,,,,NO APLICA,,,,,,CON SITUACION DE FONDOS,OTRO,NO DEFINIDO,0.0,2581000.0,2358100.0
9596686,20210301,923272885,E.S.P Por Santa Rosa Sostenible S.A.S,2.1.1.01.02,CONTRIBUCIONES INHERENTES A LA NOMINA,GASTOS,FUNCIONAMIENTO,GASTOS DE PERSONAL,PLANTA DE PERSONAL PERMANENTE,CONTRIBUCIONES INHERENTES A LA NOMINA,No Aplica,No Aplica,No Aplica,No Aplica,No Aplica,VIGENCIA ACTUAL,ENTIDADES TERRITORIALES - SERVICIOS PUBLICOS,NO DEFINIDO,NO DEFINIDO,NO DEFINIDO,,,2021,Primer Trimestre,,,,NO DEFINIDO,NO DEFINIDO,,,,,,NO DEFINIDO,,,,,,NO DEFINIDO,NO DEFINIDO,NO DEFINIDO,0.0,2466200.0,2466200.0
9598922,20211201,923272885,E.S.P Por Santa Rosa Sostenible S.A.S,2.1.1.01.01.001.08,PRESTACIONES SOCIALES,GASTOS,FUNCIONAMIENTO,GASTOS DE PERSONAL,PLANTA DE PERSONAL PERMANENTE,FACTORES CONSTITUTIVOS DE SALARIO,FACTORES SALARIALES COMUNES,PRESTACIONES SOCIALES,No Aplica,No Aplica,No Aplica,VIGENCIA ACTUAL,ENTIDADES TERRITORIALES - SERVICIOS PUBLICOS,NO DEFINIDO,NO DEFINIDO,NO DEFINIDO,,,2021,Cuarto Trimestre,,,,NO DEFINIDO,NO DEFINIDO,,,,,,NO DEFINIDO,,,,,,NO DEFINIDO,NO DEFINIDO,NO DEFINIDO,0.0,6007966.0,6007966.0
9604260,20230301,923272885,E.S.P Por Santa Rosa Sostenible S.A.S,2.3.2,ADQUISICION DE BIENES Y SERVICIOS,GASTOS,INVERSION,ADQUISICION DE BIENES Y SERVICIOS,No Aplica,No Aplica,No Aplica,No Aplica,No Aplica,No Aplica,No Aplica,VIGENCIA ACTUAL,ENTIDADES DIFERENTES A ENTIDADES TERRITORIALES - GESTION GENERAL,NO DEFINIDO,NO DEFINIDO,NO DEFINIDO,,,2023,Primer Trimestre,,,,NO DEFINIDO,NO DEFINIDO,,,,,,NO DEFINIDO,,,,,,NO DEFINIDO,NO DEFINIDO,NO DEFINIDO,0.0,223900.0,223900.0
9604358,20210301,923272885,E.S.P Por Santa Rosa Sostenible S.A.S,2.3.2,ADQUISICION DE BIENES Y SERVICIOS,GASTOS,INVERSION,ADQUISICION DE BIENES Y SERVICIOS,No Aplica,No Aplica,No Aplica,No Aplica,No Aplica,No Aplica,No Aplica,VIGENCIA ACTUAL,ENTIDADES TERRITORIALES - SERVICIOS PUBLICOS,NO DEFINIDO,NO DEFINIDO,NO DEFINIDO,,,2021,Primer Trimestre,,,,NO DEFINIDO,NO DEFINIDO,,,,,,NO DEFINIDO,,,,,,NO DEFINIDO,NO DEFINIDO,NO DEFINIDO,0.0,376724266.0,376724266.0
9604755,20220301,923272885,E.S.P Por Santa Rosa Sostenible S.A.S,2.3.2,ADQUISICION DE BIENES Y SERVICIOS,GASTOS,INVERSION,ADQUISICION DE BIENES Y SERVICIOS,No Aplica,No Aplica,No Aplica,No Aplica,No Aplica,No Aplica,No Aplica,VIGENCIA ACTUAL,ENTIDADES DIFERENTES A ENTIDADES TERRITORIALES - GESTION GENERAL,NO DEFINIDO,NO DEFINIDO,NO DEFINIDO,,,2022,Primer Trimestre,,,,NO DEFINIDO,NO DEFINIDO,,,,,,NO DEFINIDO,,,,,,NO DEFINIDO,NO DEFINIDO,NO DEFINIDO,0.0,18980000.0,18980000.0
9608612,20220901,923272885,E.S.P Por Santa Rosa Sostenible S.A.S,2.1.8.01.53,IMPUESTO DE REGISTRO,GASTOS,FUNCIONAMIENTO,"GASTOS POR TRIBUTOS, TASAS, CONTRIBUCIONES, MULTAS, SANCIONES E INTERESES DE MORA",IMPUESTOS,IMPUESTO DE REGISTRO,No Aplica,No Aplica,No Aplica,No Aplica,No Aplica,VIGENCIA ACTUAL,ENTIDADES DIFERENTES A ENTIDADES TERRITORIALES - GESTION GENERAL,NO DEFINIDO,NO DEFINIDO,NO APLICA,,,2022,Tercer Trimestre,,,,NO APLICA,IMPUESTO - SOBRETASA POR EL ALUMBRADO PUBLICO,,,,,,NO APLICA,,,,,,CON SITUACION DE FONDOS,NO APLICA,NO DEFINIDO,0.0,2406000.0,2406000.0
9609117,20230301,923272885,E.S.P Por Santa Rosa Sostenible S.A.S,2.1.1.01.01.001.05,AUXILIO DE TRANSPORTE,GASTOS,FUNCIONAMIENTO,GASTOS DE PERSONAL,PLANTA DE PERSONAL PERMANENTE,FACTORES CONSTITUTIVOS DE SALARIO,FACTORES SALARIALES COMUNES,AUXILIO DE TRANSPORTE,No Aplica,No Aplica,No Aplica,VIGENCIA ACTUAL,ENTIDADES DIFERENTES A ENTIDADES TERRITORIALES - GESTION GENERAL,NO DEFINIDO,NO DEFINIDO,NO APLICA,,,2023,Primer Trimestre,,,,NO APLICA,R.B. IMPUESTO DE ALUMBRADO PUBLICO,,,,,,NO APLICA,,,,,,CON SITUACION DE FONDOS,NO APLICA,NO DEFINIDO,0.0,421818.0,421818.0
9614873,20221201,923272885,E.S.P Por Santa Rosa Sostenible S.A.S,2,GASTOS,GASTOS,No Aplica,No Aplica,No Aplica,No Aplica,No Aplica,No Aplica,No Aplica,No Aplica,No Aplica,VIGENCIA ACTUAL,ENTIDADES DIFERENTES A ENTIDADES TERRITORIALES - GESTION GENERAL,NO DEFINIDO,NO DEFINIDO,NO DEFINIDO,,,2022,Cuarto Trimestre,,,,NO DEFINIDO,NO DEFINIDO,,,,,,NO DEFINIDO,,,,,,NO DEFINIDO,NO DEFINIDO,NO DEFINIDO,0.0,2856460826.0,2856460826.0
9614917,20210601,923272885,E.S.P Por Santa Rosa Sostenible S.A.S,2.1.8.01,IMPUESTOS,GASTOS,FUNCIONAMIENTO,"GASTOS POR TRIBUTOS, TASAS, CONTRIBUCIONES, MULTAS, SANCIONES E INTERESES DE MORA",IMPUESTOS,No Aplica,No Aplica,No Aplica,No Aplica,No Aplica,No Aplica,VIGENCIA ACTUAL,ENTIDADES TERRITORIALES - SERVICIOS PUBLICOS,NO DEFINIDO,NO DEFINIDO,NO DEFINIDO,,,2021,Segundo Trimestre,,,,NO DEFINIDO,NO DEFINIDO,,,,,,NO DEFINIDO,,,,,,NO DEFINIDO,NO DEFINIDO,NO DEFINIDO,0.0,12954070.0,12954070.0
9619454,20230601,923272885,E.S.P Por Santa Rosa Sostenible S.A.S,2.1.1.01.02.002,APORTES A LA SEGURIDAD SOCIAL EN SALUD,GASTOS,FUNCIONAMIENTO,GASTOS DE PERSONAL,PLANTA DE PERSONAL PERMANENTE,CONTRIBUCIONES INHERENTES A LA NOMINA,APORTES A LA SEGURIDAD SOCIAL EN SALUD,No Aplica,No Aplica,No Aplica,No Aplica,VIGENCIA ACTUAL,ENTIDADES DIFERENTES A ENTIDADES TERRITORIALES - GESTION GENERAL,NO DEFINIDO,NO DEFINIDO,NO APLICA,,,2023,Segundo Trimestre,,,,NO APLICA,R.B. IMPUESTO DE ALUMBRADO PUBLICO,,,,,,NO APLICA,,,,,,CON SITUACION DE FONDOS,NO APLICA,NO DEFINIDO,0.0,331560.0,331560.0
9623312,20210301,923272885,E.S.P Por Santa Rosa Sostenible S.A.S,2.1.1.01,PLANTA DE PERSONAL PERMANENTE,GASTOS,FUNCIONAMIENTO,GASTOS DE PERSONAL,PLANTA DE PERSONAL PERMANENTE,No Aplica,No Aplica,No Aplica,No Aplica,No Aplica,No Aplica,VIGENCIA ACTUAL,ENTIDADES TERRITORIALES - SERVICIOS PUBLICOS,NO DEFINIDO,NO DEFINIDO,NO DEFINIDO,,,2021,Primer Trimestre,,,,NO DEFINIDO,NO DEFINIDO,,,,,,NO DEFINIDO,,,,,,NO DEFINIDO,NO DEFINIDO,NO DEFINIDO,0.0,16340106.0,16340106.0
9629266,20211201,923272885,E.S.P Por Santa Rosa Sostenible S.A.S,2.1.2.01,ADQUISICION DE ACTIVOS NO FINANCIEROS,GASTOS,FUNCIONAMIENTO,ADQUISICION DE BIENES Y SERVICIOS,ADQUISICION DE ACTIVOS NO FINANCIEROS,No Aplica,No Aplica,No Aplica,No Aplica,No Aplica,No Aplica,VIGENCIA ACTUAL,ENTIDADES TERRITORIALES - SERVICIOS PUBLICOS,NO DEFINIDO,NO DEFINIDO,NO DEFINIDO,,,2021,Cuarto Trimestre,,,,NO DEFINIDO,NO DEFINIDO,,,,,,NO DEFINIDO,,,,,,NO DEFINIDO,NO DEFINIDO,NO DEFINIDO,0.0,4170400.0,4170400.0
9631366,20230301,923272885,E.S.P Por Santa Rosa Sostenible S.A.S,2.1.2.02.02.008,SERVICIOS PRESTADOS A LAS EMPRESAS Y SERVICIOS DE PRODUCCION,GASTOS,FUNCIONAMIENTO,ADQUISICION DE BIENES Y SERVICIOS,ADQUISICIONES DIFERENTES DE ACTIVOS,ADQUISICION DE SERVICIOS,SERVICIOS PRESTADOS A LAS EMPRESAS Y SERVICIOS DE PRODUCCION,No Aplica,No Aplica,No Aplica,No Aplica,VIGENCIA ACTUAL,ENTIDADES DIFERENTES A ENTIDADES TERRITORIALES - GESTION GENERAL,NO DEFINIDO,NO DEFINIDO,NO APLICA,,,2023,Primer Trimestre,,,,SERVICIOS DE GESTION Y ADMINISTRACION EMPRESARIAL OFICINA CENTRAL,VENTA DE BIENES Y SERVICIOS CON DESTINACION ESPECIFICA LEGAL,,,,,,NO APLICA,,,,,,CON SITUACION DE FONDOS,NO APLICA,NO DEFINIDO,0.0,18000000.0,18000000.0
9636143,20210301,923272885,E.S.P Por Santa Rosa Sostenible S.A.S,2,GASTOS,GASTOS,No Aplica,No Aplica,No Aplica,No Aplica,No Aplica,No Aplica,No Aplica,No Aplica,No Aplica,VIGENCIA ACTUAL,ENTIDADES TERRITORIALES - SERVICIOS PUBLICOS,NO DEFINIDO,NO DEFINIDO,NO DEFINIDO,,,2021,Primer Trimestre,,,,NO DEFINIDO,NO DEFINIDO,,,,,,NO DEFINIDO,,,,,,NO DEFINIDO,NO DEFINIDO,NO DEFINIDO,0.0,418540433.0,418540433.0
9638176,20220901,923272885,E.S.P Por Santa Rosa Sostenible S.A.S,2.1.1.01.01.001.08.02,PRIMA DE VACACIONES,GASTOS,FUNCIONAMIENTO,GASTOS DE PERSONAL,PLANTA DE PERSONAL PERMANENTE,FACTORES CONSTITUTIVOS DE SALARIO,FACTORES SALARIALES COMUNES,PRESTACIONES SOCIALES,PRIMA DE VACACIONES,No Aplica,No Aplica,VIGENCIA ACTUAL,ENTIDADES DIFERENTES A ENTIDADES TERRITORIALES - GESTION GENERAL,NO DEFINIDO,NO DEFINIDO,NO APLICA,,,2022,Tercer Trimestre,,,,NO APLICA,IMPUESTO - SOBRETASA POR EL ALUMBRADO PUBLICO,,,,,,NO APLICA,,,,,,CON SITUACION DE FONDOS,NO APLICA,NO DEFINIDO,0.0,2097156.0,2097156.0
9649745,20210901,923272885,E.S.P Por Santa Rosa Sostenible S.A.S,2.1.2.02.02.008,SERVICIOS PRESTADOS A LAS EMPRESAS Y SERVICIOS DE PRODUCCION,GASTOS,FUNCIONAMIENTO,ADQUISICION DE BIENES Y SERVICIOS,ADQUISICIONES DIFERENTES DE ACTIVOS,ADQUISICION DE SERVICIOS,SERVICIOS PRESTADOS A LAS EMPRESAS Y SERVICIOS DE PRODUCCION,No Aplica,No Aplica,No Aplica,No Aplica,VIGENCIA ACTUAL,ENTIDADES TERRITORIALES - SERVICIOS PUBLICOS,NO DEFINIDO,NO DEFINIDO,NO APLICA,,,2021,Tercer Trimestre,,,,97990 - OTROS SERVICIOS DIVERSOS N.C.P.,1.2.3.2.09 - VENTA DE BIENES Y SERVICIOS,,,,,,NO APLICA,,,,,,CON SITUACION DE FONDOS,OTRO,NO DEFINIDO,0.0,2700000.0,2700000.0
9665748,20230601,923272885,E.S.P Por Santa Rosa Sostenible S.A.S,2.1.8.05.02,INTERESES DE MORA,GASTOS,FUNCIONAMIENTO,"GASTOS POR TRIBUTOS, TASAS, CONTRIBUCIONES, MULTAS, SANCIONES E INTERESES DE MORA","MULTAS, SANCIONES E INTERESES DE MORA",INTERESES DE MORA,No Aplica,No Aplica,No Aplica,No Aplica,No Aplica,VIGENCIA ACTUAL,ENTIDADES DIFERENTES A ENTIDADES TERRITORIALES - GESTION GENERAL,NO DEFINIDO,NO DEFINIDO,NO APLICA,,,2023,Segundo Trimestre,,,,NO APLICA,R.B. IMPUESTO DE ALUMBRADO PUBLICO,,,,,,NO APLICA,,,,,,CON SITUACION DE FONDOS,NO APLICA,NO DEFINIDO,0.0,245000.0,245000.0
9673123,20210601,923272885,E.S.P Por Santa Rosa Sostenible S.A.S,2.1.1.01.01.001.05,AUXILIO DE TRANSPORTE,GASTOS,FUNCIONAMIENTO,GASTOS DE PERSONAL,PLANTA DE PERSONAL PERMANENTE,FACTORES CONSTITUTIVOS DE SALARIO,FACTORES SALARIALES COMUNES,AUXILIO DE TRANSPORTE,No Aplica,No Aplica,No Aplica,VIGENCIA ACTUAL,ENTIDADES TERRITORIALES - SERVICIOS PUBLICOS,NO DEFINIDO,NO DEFINIDO,NO APLICA,,,2021,Segundo Trimestre,,,,NO APLICA,1.2.3.2.09 - VENTA DE BIENES Y SERVICIOS,,,,,,NO APLICA,,,,,,CON SITUACION DE FONDOS,NO APLICA,NO DEFINIDO,0.0,102854.0,102854.0
9685294,20211201,923272885,E.S.P Por Santa Rosa Sostenible S.A.S,2.1.1.01.02.002,APORTES A LA SEGURIDAD SOCIAL EN SALUD,GASTOS,FUNCIONAMIENTO,GASTOS DE PERSONAL,PLANTA DE PERSONAL PERMANENTE,CONTRIBUCIONES INHERENTES A LA NOMINA,APORTES A LA SEGURIDAD SOCIAL EN SALUD,No Aplica,No Aplica,No Aplica,No Aplica,VIGENCIA ACTUAL,ENTIDADES TERRITORIALES - SERVICIOS PUBLICOS,NO DEFINIDO,NO DEFINIDO,NO APLICA,,,2021,Cuarto Trimestre,,,,NO APLICA,OTRAS CONTRIBUCIONES CON DESTINACION ESPECIFICA LEGAL,,,,,,NO APLICA,,,,,,CON SITUACION DE FONDOS,OTRO,NO DEFINIDO,0.0,1938539.0,1938539.0
9694721,20220301,923272885,E.S.P Por Santa Rosa Sostenible S.A.S,2.1.2.02.01.002,"PRODUCTOS ALIMENTICIOS, BEBIDAS Y TABACO, TEXTILES, PRENDAS DE VESTIR Y PRODUCTOS DE CUERO",GASTOS,FUNCIONAMIENTO,ADQUISICION DE BIENES Y SERVICIOS,ADQUISICIONES DIFERENTES DE ACTIVOS,MATERIALES Y SUMINISTROS,"PRODUCTOS ALIMENTICIOS, BEBIDAS Y TABACO, TEXTILES, PRENDAS DE VESTIR Y PRODUCTOS DE CUERO",No Aplica,No Aplica,No Aplica,No Aplica,VIGENCIA ACTUAL,ENTIDADES DIFERENTES A ENTIDADES TERRITORIALES - GESTION GENERAL,NO DEFINIDO,NO DEFINIDO,NO APLICA,,,2022,Primer Trimestre,,,,COMERCIO AL POR MENOR DE PRENDAS DE VESTIR ARTICULOS DE PIEL Y ACCESORIOS DE VESTIR EN ESTABLECIMIENTOS ESPECIALIZADOS,IMPUESTO - SOBRETASA POR EL ALUMBRADO PUBLICO,,,,,,NO APLICA,,,,,,CON SITUACION DE FONDOS,OTRO,NO DEFINIDO,0.0,600000.0,600000.0
9698517,20220301,923272885,E.S.P Por Santa Rosa Sostenible S.A.S,2.1.2.02,ADQUISICIONES DIFERENTES DE ACTIVOS,GASTOS,FUNCIONAMIENTO,ADQUISICION DE BIENES Y SERVICIOS,ADQUISICIONES DIFERENTES DE ACTIVOS,No Aplica,No Aplica,No Aplica,No Aplica,No Aplica,No Aplica,VIGENCIA ACTUAL,ENTIDADES DIFERENTES A ENTIDADES TERRITORIALES - GESTION GENERAL,NO DEFINIDO,NO DEFINIDO,NO DEFINIDO,,,2022,Primer Trimestre,,,,NO DEFINIDO,NO DEFINIDO,,,,,,NO DEFINIDO,,,,,,NO DEFINIDO,NO DEFINIDO,NO DEFINIDO,0.0,548771062.0,507394583.0
9704005,20221201,923272885,E.S.P Por Santa Rosa Sostenible S.A.S,2.1.2.02.01.003,"OTROS BIENES TRANSPORTABLES EXCEPTO PRODUCTOS METALICOS, MAQUINARIA Y EQUIPO",GASTOS,FUNCIONAMIENTO,ADQUISICION DE BIENES Y SERVICIOS,ADQUISICIONES DIFERENTES DE ACTIVOS,MATERIALES Y SUMINISTROS,"OTROS BIENES TRANSPORTABLES EXCEPTO PRODUCTOS METALICOS, MAQUINARIA Y EQUIPO",No Aplica,No Aplica,No Aplica,No Aplica,VIGENCIA ACTUAL,ENTIDADES DIFERENTES A ENTIDADES TERRITORIALES - GESTION GENERAL,NO DEFINIDO,NO DEFINIDO,NO APLICA,,,2022,Cuarto Trimestre,,,,ARTICULOS VARIOS DE PUBLICIDAD Y PROPAGANDA,IMPUESTO - SOBRETASA POR EL ALUMBRADO PUBLICO,,,,,,NO APLICA,,,,,,CON SITUACION DE FONDOS,NO APLICA,NO DEFINIDO,0.0,2530000.0,2530000.0
9704069,20221201,923272885,E.S.P Por Santa Rosa Sostenible S.A.S,2.1.2.02.02.008,SERVICIOS PRESTADOS A LAS EMPRESAS Y SERVICIOS DE PRODUCCION,GASTOS,FUNCIONAMIENTO,ADQUISICION DE BIENES Y SERVICIOS,ADQUISICIONES DIFERENTES DE ACTIVOS,ADQUISICION DE SERVICIOS,SERVICIOS PRESTADOS A LAS EMPRESAS Y SERVICIOS DE PRODUCCION,No Aplica,No Aplica,No Aplica,No Aplica,VIGENCIA ACTUAL,ENTIDADES DIFERENTES A ENTIDADES TERRITORIALES - GESTION GENERAL,NO DEFINIDO,NO DEFINIDO,NO APLICA,,,2022,Cuarto Trimestre,,,,SERVICIOS DE TELEFONIA FIJA ACCESO,IMPUESTO - SOBRETASA POR EL ALUMBRADO PUBLICO,,,,,,NO APLICA,,,,,,CON SITUACION DE FONDOS,NO APLICA,NO DEFINIDO,0.0,432323.0,432323.0
9705856,20211201,923272885,E.S.P Por Santa Rosa Sostenible S.A.S,2.4.5.02.09,"SERVICIOS PARA LA COMUNIDAD, SOCIALES Y PERSONALES",GASTOS,GASTOS DE OPERACION COMERCIAL,GASTOS DE COMERCIALIZACION Y PRODUCCION,ADQUISICION DE SERVICIOS,"SERVICIOS PARA LA COMUNIDAD, SOCIALES Y PERSONALES",No Aplica,No Aplica,No Aplica,No Aplica,No Aplica,VIGENCIA ACTUAL,ENTIDADES TERRITORIALES - SERVICIOS PUBLICOS,NO DEFINIDO,NO DEFINIDO,NO APLICA,,,2021,Cuarto Trimestre,,,,OTROS SERVICIOS DIVERSOS N C P,OTRAS CONTRIBUCIONES CON DESTINACION ESPECIFICA LEGAL,,,,,,NO APLICA,,,,,,CON SITUACION DE FONDOS,OTRO,NO DEFINIDO,0.0,1586438838.0,1451016152.0
9710614,20221201,923272885,E.S.P Por Santa Rosa Sostenible S.A.S,2.1.8.01.14,GRAVAMEN A LOS MOVIMIENTOS FINANCIEROS,GASTOS,FUNCIONAMIENTO,"GASTOS POR TRIBUTOS, TASAS, CONTRIBUCIONES, MULTAS, SANCIONES E INTERESES DE MORA",IMPUESTOS,GRAVAMEN A LOS MOVIMIENTOS FINANCIEROS,No Aplica,No Aplica,No Aplica,No Aplica,No Aplica,VIGENCIA ACTUAL,ENTIDADES DIFERENTES A ENTIDADES TERRITORIALES - GESTION GENERAL,NO DEFINIDO,NO DEFINIDO,NO APLICA,,,2022,Cuarto Trimestre,,,,NO APLICA,IMPUESTO - SOBRETASA POR EL ALUMBRADO PUBLICO,,,,,,NO APLICA,,,,,,CON SITUACION DE FONDOS,NO APLICA,NO DEFINIDO,0.0,3981839.0,3981839.0
9710728,20230601,923272885,E.S.P Por Santa Rosa Sostenible S.A.S,2.1.1.01.02.003,APORTES DE CESANTIAS,GASTOS,FUNCIONAMIENTO,GASTOS DE PERSONAL,PLANTA DE PERSONAL PERMANENTE,CONTRIBUCIONES INHERENTES A LA NOMINA,APORTES DE CESANTIAS,No Aplica,No Aplica,No Aplica,No Aplica,VIGENCIA ACTUAL,ENTIDADES DIFERENTES A ENTIDADES TERRITORIALES - GESTION GENERAL,NO DEFINIDO,NO DEFINIDO,NO APLICA,,,2023,Segundo Trimestre,,,,NO APLICA,R.B. IMPUESTO DE ALUMBRADO PUBLICO,,,,,,NO APLICA,,,,,,CON SITUACION DE FONDOS,NO APLICA,NO DEFINIDO,0.0,8091407.0,8091407.0
9711544,20230301,923272885,E.S.P Por Santa Rosa Sostenible S.A.S,2.1.1.01.02.005,APORTES GENERALES AL SISTEMA DE RIESGOS LABORALES,GASTOS,FUNCIONAMIENTO,GASTOS DE PERSONAL,PLANTA DE PERSONAL PERMANENTE,CONTRIBUCIONES INHERENTES A LA NOMINA,APORTES GENERALES AL SISTEMA DE RIESGOS LABORALES,No Aplica,No Aplica,No Aplica,No Aplica,VIGENCIA ACTUAL,ENTIDADES DIFERENTES A ENTIDADES TERRITORIALES - GESTION GENERAL,NO DEFINIDO,NO DEFINIDO,NO APLICA,,,2023,Primer Trimestre,,,,NO APLICA,R.B. IMPUESTO DE ALUMBRADO PUBLICO,,,,,,NO APLICA,,,,,,CON SITUACION DE FONDOS,NO APLICA,NO DEFINIDO,0.0,93900.0,93900.0
9729176,20211201,923272885,E.S.P Por Santa Rosa Sostenible S.A.S,2.4.5.02.09,"SERVICIOS PARA LA COMUNIDAD, SOCIALES Y PERSONALES",GASTOS,GASTOS DE OPERACION COMERCIAL,GASTOS DE COMERCIALIZACION Y PRODUCCION,ADQUISICION DE SERVICIOS,"SERVICIOS PARA LA COMUNIDAD, SOCIALES Y PERSONALES",No Aplica,No Aplica,No Aplica,No Aplica,No Aplica,VIGENCIA ACTUAL,ENTIDADES TERRITORIALES - SERVICIOS PUBLICOS,NO DEFINIDO,NO DEFINIDO,NO APLICA,,,2021,Cuarto Trimestre,,,,OTROS SERVICIOS DIVERSOS N C P,OTRAS CONTRIBUCIONES CON DESTINACION ESPECIFICA LEGAL,,,,,,NO APLICA,,,,,,CON SITUACION DE FONDOS,FIDUCIARIA LA PREVISORA S.A.,NO DEFINIDO,0.0,35965394.0,35965394.0
9733761,20210601,923272885,E.S.P Por Santa Rosa Sostenible S.A.S,2.1.1.01.02.004,APORTES A CAJAS DE COMPENSACION FAMILIAR,GASTOS,FUNCIONAMIENTO,GASTOS DE PERSONAL,PLANTA DE PERSONAL PERMANENTE,CONTRIBUCIONES INHERENTES A LA NOMINA,APORTES A CAJAS DE COMPENSACION FAMILIAR,No Aplica,No Aplica,No Aplica,No Aplica,VIGENCIA ACTUAL,ENTIDADES TERRITORIALES - SERVICIOS PUBLICOS,NO DEFINIDO,NO DEFINIDO,NO APLICA,,,2021,Segundo Trimestre,,,,NO APLICA,1.2.3.2.09 - VENTA DE BIENES Y SERVICIOS,,,,,,NO APLICA,,,,,,CON SITUACION DE FONDOS,NO APLICA,NO DEFINIDO,0.0,1020700.0,1020700.0
9734400,20221201,923272885,E.S.P Por Santa Rosa Sostenible S.A.S,2.1.1.01.01.001,FACTORES SALARIALES COMUNES,GASTOS,FUNCIONAMIENTO,GASTOS DE PERSONAL,PLANTA DE PERSONAL PERMANENTE,FACTORES CONSTITUTIVOS DE SALARIO,FACTORES SALARIALES COMUNES,No Aplica,No Aplica,No Aplica,No Aplica,VIGENCIA ACTUAL,ENTIDADES DIFERENTES A ENTIDADES TERRITORIALES - GESTION GENERAL,NO DEFINIDO,NO DEFINIDO,NO DEFINIDO,,,2022,Cuarto Trimestre,,,,NO DEFINIDO,NO DEFINIDO,,,,,,NO DEFINIDO,,,,,,NO DEFINIDO,NO DEFINIDO,NO DEFINIDO,0.0,85462612.0,85462612.0
9744912,20230301,923272885,E.S.P Por Santa Rosa Sostenible S.A.S,2.1.2,ADQUISICION DE BIENES Y SERVICIOS,GASTOS,FUNCIONAMIENTO,ADQUISICION DE BIENES Y SERVICIOS,No Aplica,No Aplica,No Aplica,No Aplica,No Aplica,No Aplica,No Aplica,VIGENCIA ACTUAL,ENTIDADES DIFERENTES A ENTIDADES TERRITORIALES - GESTION GENERAL,NO DEFINIDO,NO DEFINIDO,NO DEFINIDO,,,2023,Primer Trimestre,,,,NO DEFINIDO,NO DEFINIDO,,,,,,NO DEFINIDO,,,,,,NO DEFINIDO,NO DEFINIDO,NO DEFINIDO,0.0,1242267043.0,1236477043.0
9747815,20211201,923272885,E.S.P Por Santa Rosa Sostenible S.A.S,2.1.1.01.01.001.01,SUELDO BASICO,GASTOS,FUNCIONAMIENTO,GASTOS DE PERSONAL,PLANTA DE PERSONAL PERMANENTE,FACTORES CONSTITUTIVOS DE SALARIO,FACTORES SALARIALES COMUNES,SUELDO BASICO,No Aplica,No Aplica,No Aplica,VIGENCIA ACTUAL,ENTIDADES TERRITORIALES - SERVICIOS PUBLICOS,NO DEFINIDO,NO DEFINIDO,NO APLICA,,,2021,Cuarto Trimestre,,,,NO APLICA,OTRAS CONTRIBUCIONES CON DESTINACION ESPECIFICA LEGAL,,,,,,NO APLICA,,,,,,CON SITUACION DE FONDOS,OTRO,NO DEFINIDO,0.0,63607678.0,63607678.0
9749873,20230301,923272885,E.S.P Por Santa Rosa Sostenible S.A.S,2.1.1.01.02.003,APORTES DE CESANTIAS,GASTOS,FUNCIONAMIENTO,GASTOS DE PERSONAL,PLANTA DE PERSONAL PERMANENTE,CONTRIBUCIONES INHERENTES A LA NOMINA,APORTES DE CESANTIAS,No Aplica,No Aplica,No Aplica,No Aplica,VIGENCIA ACTUAL,ENTIDADES DIFERENTES A ENTIDADES TERRITORIALES - GESTION GENERAL,NO DEFINIDO,NO DEFINIDO,NO APLICA,,,2023,Primer Trimestre,,,,NO APLICA,R.B. IMPUESTO DE ALUMBRADO PUBLICO,,,,,,NO APLICA,,,,,,CON SITUACION DE FONDOS,NO APLICA,NO DEFINIDO,0.0,8091407.0,8091407.0
9764337,20220901,923272885,E.S.P Por Santa Rosa Sostenible S.A.S,2.1.8.04,CONTRIBUCIONES,GASTOS,FUNCIONAMIENTO,"GASTOS POR TRIBUTOS, TASAS, CONTRIBUCIONES, MULTAS, SANCIONES E INTERESES DE MORA",CONTRIBUCIONES,No Aplica,No Aplica,No Aplica,No Aplica,No Aplica,No Aplica,VIGENCIA ACTUAL,ENTIDADES DIFERENTES A ENTIDADES TERRITORIALES - GESTION GENERAL,NO DEFINIDO,NO DEFINIDO,NO DEFINIDO,,,2022,Tercer Trimestre,,,,NO DEFINIDO,NO DEFINIDO,,,,,,NO DEFINIDO,,,,,,NO DEFINIDO,NO DEFINIDO,NO DEFINIDO,0.0,4175375.0,4175375.0
9772575,20211201,923272885,E.S.P Por Santa Rosa Sostenible S.A.S,2.1.8.01.54,IMPUESTO DE INDUSTRIA Y COMERCIO,GASTOS,FUNCIONAMIENTO,"GASTOS POR TRIBUTOS, TASAS, CONTRIBUCIONES, MULTAS, SANCIONES E INTERESES DE MORA",IMPUESTOS,IMPUESTO DE INDUSTRIA Y COMERCIO,No Aplica,No Aplica,No Aplica,No Aplica,No Aplica,VIGENCIA ACTUAL,ENTIDADES TERRITORIALES - SERVICIOS PUBLICOS,NO DEFINIDO,NO DEFINIDO,NO APLICA,,,2021,Cuarto Trimestre,,,,NO APLICA,OTRAS CONTRIBUCIONES CON DESTINACION ESPECIFICA LEGAL,,,,,,NO APLICA,,,,,,CON SITUACION DE FONDOS,NO APLICA,NO DEFINIDO,0.0,3077400.0,3077400.0
9777982,20210901,923272885,E.S.P Por Santa Rosa Sostenible S.A.S,2.1.2.01.01,ACTIVOS FIJOS,GASTOS,FUNCIONAMIENTO,ADQUISICION DE BIENES Y SERVICIOS,ADQUISICION DE ACTIVOS NO FINANCIEROS,ACTIVOS FIJOS,No Aplica,No Aplica,No Aplica,No Aplica,No Aplica,VIGENCIA ACTUAL,ENTIDADES TERRITORIALES - SERVICIOS PUBLICOS,NO DEFINIDO,NO DEFINIDO,NO DEFINIDO,,,2021,Tercer Trimestre,,,,NO DEFINIDO,NO DEFINIDO,,,,,,NO DEFINIDO,,,,,,NO DEFINIDO,NO DEFINIDO,NO DEFINIDO,0.0,2370400.0,2370400.0
9784128,20221201,923272885,E.S.P Por Santa Rosa Sostenible S.A.S,2.1.1.01.03.001.01,VACACIONES,GASTOS,FUNCIONAMIENTO,GASTOS DE PERSONAL,PLANTA DE PERSONAL PERMANENTE,REMUNERACIONES NO CONSTITUTIVAS DE FACTOR SALARIAL,PRESTACIONES SOCIALES,VACACIONES,No Aplica,No Aplica,No Aplica,VIGENCIA ACTUAL,ENTIDADES DIFERENTES A ENTIDADES TERRITORIALES - GESTION GENERAL,NO DEFINIDO,NO DEFINIDO,NO APLICA,,,2022,Cuarto Trimestre,,,,NO APLICA,IMPUESTO - SOBRETASA POR EL ALUMBRADO PUBLICO,,,,,,NO APLICA,,,,,,CON SITUACION DE FONDOS,NO APLICA,NO DEFINIDO,0.0,3075829.0,3075829.0
9802727,20230301,923272885,E.S.P Por Santa Rosa Sostenible S.A.S,2.3.2.01.01.005.02.03.01,PROGRAMAS DE INFORMATICA,GASTOS,INVERSION,ADQUISICION DE BIENES Y SERVICIOS,ADQUISICION DE ACTIVOS NO FINANCIEROS,ACTIVOS FIJOS,OTROS ACTIVOS FIJOS,PRODUCTOS DE LA PROPIEDAD INTELECTUAL,PROGRAMAS DE INFORMATICA Y BASES DE DATOS,PROGRAMAS DE INFORMATICA,No Aplica,VIGENCIA ACTUAL,ENTIDADES DIFERENTES A ENTIDADES TERRITORIALES - GESTION GENERAL,NO DEFINIDO,NO DEFINIDO,NO DEFINIDO,,,2023,Primer Trimestre,,,,NO DEFINIDO,NO DEFINIDO,,,,,,NO DEFINIDO,,,,,,NO DEFINIDO,NO DEFINIDO,NO DEFINIDO,0.0,223900.0,223900.0
9807378,20210301,923272885,E.S.P Por Santa Rosa Sostenible S.A.S,2.1.2.01.01.005.02.03,PROGRAMAS DE INFORMATICA Y BASES DE DATOS,GASTOS,FUNCIONAMIENTO,ADQUISICION DE BIENES Y SERVICIOS,ADQUISICION DE ACTIVOS NO FINANCIEROS,ACTIVOS FIJOS,OTROS ACTIVOS FIJOS,PRODUCTOS DE LA PROPIEDAD INTELECTUAL,PROGRAMAS DE INFORMATICA Y BASES DE DATOS,No Aplica,No Aplica,VIGENCIA ACTUAL,ENTIDADES TERRITORIALES - SERVICIOS PUBLICOS,NO DEFINIDO,NO DEFINIDO,NO DEFINIDO,,,2021,Primer Trimestre,,,,NO DEFINIDO,NO DEFINIDO,,,,,,NO DEFINIDO,,,,,,NO DEFINIDO,NO DEFINIDO,NO DEFINIDO,0.0,900000.0,900000.0
9808988,20230301,923272885,E.S.P Por Santa Rosa Sostenible S.A.S,2.1.2.02.02.008,SERVICIOS PRESTADOS A LAS EMPRESAS Y SERVICIOS DE PRODUCCION,GASTOS,FUNCIONAMIENTO,ADQUISICION DE BIENES Y SERVICIOS,ADQUISICIONES DIFERENTES DE ACTIVOS,ADQUISICION DE SERVICIOS,SERVICIOS PRESTADOS A LAS EMPRESAS Y SERVICIOS DE PRODUCCION,No Aplica,No Aplica,No Aplica,No Aplica,VIGENCIA ACTUAL,ENTIDADES DIFERENTES A ENTIDADES TERRITORIALES - GESTION GENERAL,NO DEFINIDO,NO DEFINIDO,NO APLICA,,,2023,Primer Trimestre,,,,OTROS SERVICIOS DE INSTALACION DE MAQUINARIA Y APARATOS ELECTRICOS N C P,VENTA DE BIENES Y SERVICIOS CON DESTINACION ESPECIFICA LEGAL,,,,,,NO APLICA,,,,,,CON SITUACION DE FONDOS,NO APLICA,NO DEFINIDO,0.0,636295778.0,636295778.0
9821805,20220901,923272885,E.S.P Por Santa Rosa Sostenible S.A.S,2.1.2.02.02.008,SERVICIOS PRESTADOS A LAS EMPRESAS Y SERVICIOS DE PRODUCCION,GASTOS,FUNCIONAMIENTO,ADQUISICION DE BIENES Y SERVICIOS,ADQUISICIONES DIFERENTES DE ACTIVOS,ADQUISICION DE SERVICIOS,SERVICIOS PRESTADOS A LAS EMPRESAS Y SERVICIOS DE PRODUCCION,No Aplica,No Aplica,No Aplica,No Aplica,VIGENCIA ACTUAL,ENTIDADES DIFERENTES A ENTIDADES TERRITORIALES - GESTION GENERAL,NO DEFINIDO,NO DEFINIDO,NO APLICA,,,2022,Tercer Trimestre,,,,SERVICIOS DE TELEFONIA FIJA ACCESO,IMPUESTO - SOBRETASA POR EL ALUMBRADO PUBLICO,,,,,,NO APLICA,,,,,,CON SITUACION DE FONDOS,NO APLICA,NO DEFINIDO,0.0,320428.0,286924.0
9837897,20221201,923272885,E.S.P Por Santa Rosa Sostenible S.A.S,2.1.8.05,"MULTAS, SANCIONES E INTERESES DE MORA",GASTOS,FUNCIONAMIENTO,"GASTOS POR TRIBUTOS, TASAS, CONTRIBUCIONES, MULTAS, SANCIONES E INTERESES DE MORA","MULTAS, SANCIONES E INTERESES DE MORA",No Aplica,No Aplica,No Aplica,No Aplica,No Aplica,No Aplica,VIGENCIA ACTUAL,ENTIDADES DIFERENTES A ENTIDADES TERRITORIALES - GESTION GENERAL,NO DEFINIDO,NO DEFINIDO,NO DEFINIDO,,,2022,Cuarto Trimestre,,,,NO DEFINIDO,NO DEFINIDO,,,,,,NO DEFINIDO,,,,,,NO DEFINIDO,NO DEFINIDO,NO DEFINIDO,0.0,798800.0,798800.0
9840316,20230301,923272885,E.S.P Por Santa Rosa Sostenible S.A.S,2.1.1.01.02.004,APORTES A CAJAS DE COMPENSACION FAMILIAR,GASTOS,FUNCIONAMIENTO,GASTOS DE PERSONAL,PLANTA DE PERSONAL PERMANENTE,CONTRIBUCIONES INHERENTES A LA NOMINA,APORTES A CAJAS DE COMPENSACION FAMILIAR,No Aplica,No Aplica,No Aplica,No Aplica,VIGENCIA ACTUAL,ENTIDADES DIFERENTES A ENTIDADES TERRITORIALES - GESTION GENERAL,NO DEFINIDO,NO DEFINIDO,NO APLICA,,,2023,Primer Trimestre,,,,NO APLICA,R.B. IMPUESTO DE ALUMBRADO PUBLICO,,,,,,NO APLICA,,,,,,CON SITUACION DE FONDOS,NO APLICA,NO DEFINIDO,0.0,717300.0,717300.0
9851793,20221201,923272885,E.S.P Por Santa Rosa Sostenible S.A.S,2.1.1.01.01,FACTORES CONSTITUTIVOS DE SALARIO,GASTOS,FUNCIONAMIENTO,GASTOS DE PERSONAL,PLANTA DE PERSONAL PERMANENTE,FACTORES CONSTITUTIVOS DE SALARIO,No Aplica,No Aplica,No Aplica,No Aplica,No Aplica,VIGENCIA ACTUAL,ENTIDADES DIFERENTES A ENTIDADES TERRITORIALES - GESTION GENERAL,NO DEFINIDO,NO DEFINIDO,NO DEFINIDO,,,2022,Cuarto Trimestre,,,,NO DEFINIDO,NO DEFINIDO,,,,,,NO DEFINIDO,,,,,,NO DEFINIDO,NO DEFINIDO,NO DEFINIDO,0.0,85462612.0,85462612.0
9852427,20210901,923272885,E.S.P Por Santa Rosa Sostenible S.A.S,2.1.1,GASTOS DE PERSONAL,GASTOS,FUNCIONAMIENTO,GASTOS DE PERSONAL,No Aplica,No Aplica,No Aplica,No Aplica,No Aplica,No Aplica,No Aplica,VIGENCIA ACTUAL,ENTIDADES TERRITORIALES - SERVICIOS PUBLICOS,NO DEFINIDO,NO DEFINIDO,NO DEFINIDO,,,2021,Tercer Trimestre,,,,NO DEFINIDO,NO DEFINIDO,,,,,,NO DEFINIDO,,,,,,NO DEFINIDO,NO DEFINIDO,NO DEFINIDO,0.0,58752182.0,58752182.0
9857199,20230301,923272885,E.S.P Por Santa Rosa Sostenible S.A.S,2.1.1.01.01.001.07,BONIFICACION POR SERVICIOS PRESTADOS,GASTOS,FUNCIONAMIENTO,GASTOS DE PERSONAL,PLANTA DE PERSONAL PERMANENTE,FACTORES CONSTITUTIVOS DE SALARIO,FACTORES SALARIALES COMUNES,BONIFICACION POR SERVICIOS PRESTADOS,No Aplica,No Aplica,No Aplica,VIGENCIA ACTUAL,ENTIDADES DIFERENTES A ENTIDADES TERRITORIALES - GESTION GENERAL,NO DEFINIDO,NO DEFINIDO,NO APLICA,,,2023,Primer Trimestre,,,,NO APLICA,R.B. IMPUESTO DE ALUMBRADO PUBLICO,,,,,,NO APLICA,,,,,,CON SITUACION DE FONDOS,NO APLICA,NO DEFINIDO,0.0,2091429.0,2091429.0
9859677,20220901,923272885,E.S.P Por Santa Rosa Sostenible S.A.S,2.1,FUNCIONAMIENTO,GASTOS,FUNCIONAMIENTO,No Aplica,No Aplica,No Aplica,No Aplica,No Aplica,No Aplica,No Aplica,No Aplica,VIGENCIA ACTUAL,ENTIDADES DIFERENTES A ENTIDADES TERRITORIALES - GESTION GENERAL,NO DEFINIDO,NO DEFINIDO,NO DEFINIDO,,,2022,Tercer Trimestre,,,,NO DEFINIDO,NO DEFINIDO,,,,,,NO DEFINIDO,,,,,,NO DEFINIDO,NO DEFINIDO,NO DEFINIDO,0.0,1675464859.0,1633180520.0
9865957,20220901,923272885,E.S.P Por Santa Rosa Sostenible S.A.S,2.3.2.01.01,ACTIVOS FIJOS,GASTOS,INVERSION,ADQUISICION DE BIENES Y SERVICIOS,ADQUISICION DE ACTIVOS NO FINANCIEROS,ACTIVOS FIJOS,No Aplica,No Aplica,No Aplica,No Aplica,No Aplica,VIGENCIA ACTUAL,ENTIDADES DIFERENTES A ENTIDADES TERRITORIALES - GESTION GENERAL,NO DEFINIDO,NO DEFINIDO,NO DEFINIDO,,,2022,Tercer Trimestre,,,,NO DEFINIDO,NO DEFINIDO,,,,,,NO DEFINIDO,,,,,,NO DEFINIDO,NO DEFINIDO,NO DEFINIDO,0.0,18980000.0,18980000.0
9870437,20220901,923272885,E.S.P Por Santa Rosa Sostenible S.A.S,2.1.2.02.02.008,SERVICIOS PRESTADOS A LAS EMPRESAS Y SERVICIOS DE PRODUCCION,GASTOS,FUNCIONAMIENTO,ADQUISICION DE BIENES Y SERVICIOS,ADQUISICIONES DIFERENTES DE ACTIVOS,ADQUISICION DE SERVICIOS,SERVICIOS PRESTADOS A LAS EMPRESAS Y SERVICIOS DE PRODUCCION,No Aplica,No Aplica,No Aplica,No Aplica,VIGENCIA ACTUAL,ENTIDADES DIFERENTES A ENTIDADES TERRITORIALES - GESTION GENERAL,NO DEFINIDO,NO DEFINIDO,NO APLICA,,,2022,Tercer Trimestre,,,,SERVICIO DE MANTENIMIENTO Y REPARACION DE OTROS EQUIPOS N C P,IMPUESTO - SOBRETASA POR EL ALUMBRADO PUBLICO,,,,,,NO APLICA,,,,,,CON SITUACION DE FONDOS,NO APLICA,NO DEFINIDO,0.0,628700.0,628700.0
9881183,20210301,923272885,E.S.P Por Santa Rosa Sostenible S.A.S,2.1.1.01.01,FACTORES CONSTITUTIVOS DE SALARIO,GASTOS,FUNCIONAMIENTO,GASTOS DE PERSONAL,PLANTA DE PERSONAL PERMANENTE,FACTORES CONSTITUTIVOS DE SALARIO,No Aplica,No Aplica,No Aplica,No Aplica,No Aplica,VIGENCIA ACTUAL,ENTIDADES TERRITORIALES - SERVICIOS PUBLICOS,NO DEFINIDO,NO DEFINIDO,NO DEFINIDO,,,2021,Primer Trimestre,,,,NO DEFINIDO,NO DEFINIDO,,,,,,NO DEFINIDO,,,,,,NO DEFINIDO,NO DEFINIDO,NO DEFINIDO,0.0,13873906.0,13873906.0
9882518,20210601,923272885,E.S.P Por Santa Rosa Sostenible S.A.S,2.4,GASTOS DE OPERACION COMERCIAL,GASTOS,GASTOS DE OPERACION COMERCIAL,No Aplica,No Aplica,No Aplica,No Aplica,No Aplica,No Aplica,No Aplica,No Aplica,VIGENCIA ACTUAL,ENTIDADES TERRITORIALES - SERVICIOS PUBLICOS,NO DEFINIDO,NO DEFINIDO,NO DEFINIDO,,,2021,Segundo Trimestre,,,,NO DEFINIDO,NO DEFINIDO,,,,,,NO DEFINIDO,,,,,,NO DEFINIDO,NO DEFINIDO,NO DEFINIDO,0.0,942944102.0,942944102.0
9889427,20220901,923272885,E.S.P Por Santa Rosa Sostenible S.A.S,2.1.1.01.02.005,APORTES GENERALES AL SISTEMA DE RIESGOS LABORALES,GASTOS,FUNCIONAMIENTO,GASTOS DE PERSONAL,PLANTA DE PERSONAL PERMANENTE,CONTRIBUCIONES INHERENTES A LA NOMINA,APORTES GENERALES AL SISTEMA DE RIESGOS LABORALES,No Aplica,No Aplica,No Aplica,No Aplica,VIGENCIA ACTUAL,ENTIDADES DIFERENTES A ENTIDADES TERRITORIALES - GESTION GENERAL,NO DEFINIDO,NO DEFINIDO,NO APLICA,,,2022,Tercer Trimestre,,,,NO APLICA,IMPUESTO - SOBRETASA POR EL ALUMBRADO PUBLICO,,,,,,NO APLICA,,,,,,CON SITUACION DE FONDOS,NO APLICA,NO DEFINIDO,0.0,243800.0,214700.0
9904769,20230601,923272885,E.S.P Por Santa Rosa Sostenible S.A.S,2.1.1.01.02.001,APORTES A LA SEGURIDAD SOCIAL EN PENSIONES,GASTOS,FUNCIONAMIENTO,GASTOS DE PERSONAL,PLANTA DE PERSONAL PERMANENTE,CONTRIBUCIONES INHERENTES A LA NOMINA,APORTES A LA SEGURIDAD SOCIAL EN PENSIONES,No Aplica,No Aplica,No Aplica,No Aplica,VIGENCIA ACTUAL,ENTIDADES DIFERENTES A ENTIDADES TERRITORIALES - GESTION GENERAL,NO DEFINIDO,NO DEFINIDO,NO APLICA,,,2023,Segundo Trimestre,,,,NO APLICA,R.B. IMPUESTO DE ALUMBRADO PUBLICO,,,,,,NO APLICA,,,,,,CON SITUACION DE FONDOS,NO APLICA,NO DEFINIDO,0.0,3551539.0,3551539.0
9918208,20230601,923272885,E.S.P Por Santa Rosa Sostenible S.A.S,2.1.1.01.01.001.01,SUELDO BASICO,GASTOS,FUNCIONAMIENTO,GASTOS DE PERSONAL,PLANTA DE PERSONAL PERMANENTE,FACTORES CONSTITUTIVOS DE SALARIO,FACTORES SALARIALES COMUNES,SUELDO BASICO,No Aplica,No Aplica,No Aplica,VIGENCIA ACTUAL,ENTIDADES DIFERENTES A ENTIDADES TERRITORIALES - GESTION GENERAL,NO DEFINIDO,NO DEFINIDO,NO APLICA,,,2023,Segundo Trimestre,,,,NO APLICA,R.B. IMPUESTO DE ALUMBRADO PUBLICO,,,,,,NO APLICA,,,,,,CON SITUACION DE FONDOS,NO APLICA,NO DEFINIDO,0.0,37231288.0,37231288.0
9919164,20210301,923272885,E.S.P Por Santa Rosa Sostenible S.A.S,2.1.1.01.01.001,FACTORES SALARIALES COMUNES,GASTOS,FUNCIONAMIENTO,GASTOS DE PERSONAL,PLANTA DE PERSONAL PERMANENTE,FACTORES CONSTITUTIVOS DE SALARIO,FACTORES SALARIALES COMUNES,No Aplica,No Aplica,No Aplica,No Aplica,VIGENCIA ACTUAL,ENTIDADES TERRITORIALES - SERVICIOS PUBLICOS,NO DEFINIDO,NO DEFINIDO,NO DEFINIDO,,,2021,Primer Trimestre,,,,NO DEFINIDO,NO DEFINIDO,,,,,,NO DEFINIDO,,,,,,NO DEFINIDO,NO DEFINIDO,NO DEFINIDO,0.0,13873906.0,13873906.0
9932166,20230301,923272885,E.S.P Por Santa Rosa Sostenible S.A.S,2.1.2.02.02.008,SERVICIOS PRESTADOS A LAS EMPRESAS Y SERVICIOS DE PRODUCCION,GASTOS,FUNCIONAMIENTO,ADQUISICION DE BIENES Y SERVICIOS,ADQUISICIONES DIFERENTES DE ACTIVOS,ADQUISICION DE SERVICIOS,SERVICIOS PRESTADOS A LAS EMPRESAS Y SERVICIOS DE PRODUCCION,No Aplica,No Aplica,No Aplica,No Aplica,VIGENCIA ACTUAL,ENTIDADES DIFERENTES A ENTIDADES TERRITORIALES - GESTION GENERAL,NO DEFINIDO,NO DEFINIDO,NO APLICA,,,2023,Primer Trimestre,,,,SERVICIOS DE GESTION DE DESARROLLO EMPRESARIAL,R.B. IMPUESTO DE ALUMBRADO PUBLICO,,,,,,NO APLICA,,,,,,CON SITUACION DE FONDOS,NO APLICA,NO DEFINIDO,0.0,75358092.0,75358092.0
9949434,20210301,923272885,E.S.P Por Santa Rosa Sostenible S.A.S,2.1.2.01.01.005.02.03.01,PROGRAMAS DE INFORMATICA,GASTOS,FUNCIONAMIENTO,ADQUISICION DE BIENES Y SERVICIOS,ADQUISICION DE ACTIVOS NO FINANCIEROS,ACTIVOS FIJOS,OTROS ACTIVOS FIJOS,PRODUCTOS DE LA PROPIEDAD INTELECTUAL,PROGRAMAS DE INFORMATICA Y BASES DE DATOS,PROGRAMAS DE INFORMATICA,No Aplica,VIGENCIA ACTUAL,ENTIDADES TERRITORIALES - SERVICIOS PUBLICOS,NO DEFINIDO,NO DEFINIDO,NO DEFINIDO,,,2021,Primer Trimestre,,,,NO DEFINIDO,NO DEFINIDO,,,,,,NO DEFINIDO,,,,,,NO DEFINIDO,NO DEFINIDO,NO DEFINIDO,0.0,900000.0,900000.0
9949688,20221201,923272885,E.S.P Por Santa Rosa Sostenible S.A.S,2.1.1.01.02.007,APORTES AL SENA,GASTOS,FUNCIONAMIENTO,GASTOS DE PERSONAL,PLANTA DE PERSONAL PERMANENTE,CONTRIBUCIONES INHERENTES A LA NOMINA,APORTES AL SENA,No Aplica,No Aplica,No Aplica,No Aplica,VIGENCIA ACTUAL,ENTIDADES DIFERENTES A ENTIDADES TERRITORIALES - GESTION GENERAL,NO DEFINIDO,NO DEFINIDO,NO APLICA,,,2022,Cuarto Trimestre,,,,NO APLICA,IMPUESTO - SOBRETASA POR EL ALUMBRADO PUBLICO,,,,,,NO APLICA,,,,,,CON SITUACION DE FONDOS,NO APLICA,NO DEFINIDO,0.0,75100.0,75100.0
9959087,20210901,923272885,E.S.P Por Santa Rosa Sostenible S.A.S,2.1.1.01.02.005,APORTES GENERALES AL SISTEMA DE RIESGOS LABORALES,GASTOS,FUNCIONAMIENTO,GASTOS DE PERSONAL,PLANTA DE PERSONAL PERMANENTE,CONTRIBUCIONES INHERENTES A LA NOMINA,APORTES GENERALES AL SISTEMA DE RIESGOS LABORALES,No Aplica,No Aplica,No Aplica,No Aplica,VIGENCIA ACTUAL,ENTIDADES TERRITORIALES - SERVICIOS PUBLICOS,NO DEFINIDO,NO DEFINIDO,NO APLICA,,,2021,Tercer Trimestre,,,,NO APLICA,1.2.3.2.09 - VENTA DE BIENES Y SERVICIOS,,,,,,NO APLICA,,,,,,CON SITUACION DE FONDOS,OTRO,NO DEFINIDO,0.0,220800.0,220800.0
9961215,20220901,923272885,E.S.P Por Santa Rosa Sostenible S.A.S,2.3.2.01.01.003.03,"MAQUINARIA DE OFICINA, CONTABILIDAD E INFORMATICA",GASTOS,INVERSION,ADQUISICION DE BIENES Y SERVICIOS,ADQUISICION DE ACTIVOS NO FINANCIEROS,ACTIVOS FIJOS,MAQUINARIA Y EQUIPO,"MAQUINARIA DE OFICINA, CONTABILIDAD E INFORMATICA",No Aplica,No Aplica,No Aplica,VIGENCIA ACTUAL,ENTIDADES DIFERENTES A ENTIDADES TERRITORIALES - GESTION GENERAL,NO DEFINIDO,NO DEFINIDO,NO DEFINIDO,,,2022,Tercer Trimestre,,,,NO DEFINIDO,NO DEFINIDO,,,,,,NO DEFINIDO,,,,,,NO DEFINIDO,NO DEFINIDO,NO DEFINIDO,0.0,8550000.0,8550000.0
9965742,20230601,923272885,E.S.P Por Santa Rosa Sostenible S.A.S,2.1.2.02.02.008,SERVICIOS PRESTADOS A LAS EMPRESAS Y SERVICIOS DE PRODUCCION,GASTOS,FUNCIONAMIENTO,ADQUISICION DE BIENES Y SERVICIOS,ADQUISICIONES DIFERENTES DE ACTIVOS,ADQUISICION DE SERVICIOS,SERVICIOS PRESTADOS A LAS EMPRESAS Y SERVICIOS DE PRODUCCION,No Aplica,No Aplica,No Aplica,No Aplica,VIGENCIA ACTUAL,ENTIDADES DIFERENTES A ENTIDADES TERRITORIALES - GESTION GENERAL,NO DEFINIDO,NO DEFINIDO,NO APLICA,,,2023,Segundo Trimestre,,,,SERVICIOS DE ACCESO A INTERNET DE BANDA ANCHA,R.B. IMPUESTO DE ALUMBRADO PUBLICO,,,,,,NO APLICA,,,,,,CON SITUACION DE FONDOS,NO APLICA,NO DEFINIDO,0.0,560000.0,560000.0
9976080,20210601,923272885,E.S.P Por Santa Rosa Sostenible S.A.S,2.1.2.02.01,MATERIALES Y SUMINISTROS,GASTOS,FUNCIONAMIENTO,ADQUISICION DE BIENES Y SERVICIOS,ADQUISICIONES DIFERENTES DE ACTIVOS,MATERIALES Y SUMINISTROS,No Aplica,No Aplica,No Aplica,No Aplica,No Aplica,VIGENCIA ACTUAL,ENTIDADES TERRITORIALES - SERVICIOS PUBLICOS,NO DEFINIDO,NO DEFINIDO,NO DEFINIDO,,,2021,Segundo Trimestre,,,,NO DEFINIDO,NO DEFINIDO,,,,,,NO DEFINIDO,,,,,,NO DEFINIDO,NO DEFINIDO,NO DEFINIDO,0.0,3950050.0,3950050.0
9996869,20221201,923272885,E.S.P Por Santa Rosa Sostenible S.A.S,2.3.2,ADQUISICION DE BIENES Y SERVICIOS,GASTOS,INVERSION,ADQUISICION DE BIENES Y SERVICIOS,No Aplica,No Aplica,No Aplica,No Aplica,No Aplica,No Aplica,No Aplica,VIGENCIA ACTUAL,ENTIDADES DIFERENTES A ENTIDADES TERRITORIALES - GESTION GENERAL,NO DEFINIDO,NO DEFINIDO,NO DEFINIDO,,,2022,Cuarto Trimestre,,,,NO DEFINIDO,NO DEFINIDO,,,,,,NO DEFINIDO,,,,,,NO DEFINIDO,NO DEFINIDO,NO DEFINIDO,0.0,18980000.0,18980000.0
10009320,20220301,923272885,E.S.P Por Santa Rosa Sostenible S.A.S,2.1.2.02.01.003,"OTROS BIENES TRANSPORTABLES EXCEPTO PRODUCTOS METALICOS, MAQUINARIA Y EQUIPO",GASTOS,FUNCIONAMIENTO,ADQUISICION DE BIENES Y SERVICIOS,ADQUISICIONES DIFERENTES DE ACTIVOS,MATERIALES Y SUMINISTROS,"OTROS BIENES TRANSPORTABLES EXCEPTO PRODUCTOS METALICOS, MAQUINARIA Y EQUIPO",No Aplica,No Aplica,No Aplica,No Aplica,VIGENCIA ACTUAL,ENTIDADES DIFERENTES A ENTIDADES TERRITORIALES - GESTION GENERAL,NO DEFINIDO,NO DEFINIDO,NO APLICA,,,2022,Primer Trimestre,,,,ARTICULOS VARIOS DE PUBLICIDAD Y PROPAGANDA,IMPUESTO - SOBRETASA POR EL ALUMBRADO PUBLICO,,,,,,NO APLICA,,,,,,CON SITUACION DE FONDOS,OTRO,NO DEFINIDO,0.0,2530000.0,2530000.0
10020463,20210901,923272885,E.S.P Por Santa Rosa Sostenible S.A.S,2.1.2.02.01.003,"OTROS BIENES TRANSPORTABLES EXCEPTO PRODUCTOS METALICOS, MAQUINARIA Y EQUIPO",GASTOS,FUNCIONAMIENTO,ADQUISICION DE BIENES Y SERVICIOS,ADQUISICIONES DIFERENTES DE ACTIVOS,MATERIALES Y SUMINISTROS,"OTROS BIENES TRANSPORTABLES EXCEPTO PRODUCTOS METALICOS, MAQUINARIA Y EQUIPO",No Aplica,No Aplica,No Aplica,No Aplica,VIGENCIA ACTUAL,ENTIDADES TERRITORIALES - SERVICIOS PUBLICOS,NO DEFINIDO,NO DEFINIDO,NO APLICA,,,2021,Tercer Trimestre,,,,62299 - COMERCIO AL POR MENOR DE OTROS PRODUCTOS N.C.P. EN ESTABLECIMIENTOS ESPECIALIZADOS,1.2.3.2.09 - VENTA DE BIENES Y SERVICIOS,,,,,,NO APLICA,,,,,,CON SITUACION DE FONDOS,OTRO,NO DEFINIDO,0.0,1189900.0,1189900.0
10036904,20211201,923272885,E.S.P Por Santa Rosa Sostenible S.A.S,2.1.2.02.01.003,"OTROS BIENES TRANSPORTABLES EXCEPTO PRODUCTOS METALICOS, MAQUINARIA Y EQUIPO",GASTOS,FUNCIONAMIENTO,ADQUISICION DE BIENES Y SERVICIOS,ADQUISICIONES DIFERENTES DE ACTIVOS,MATERIALES Y SUMINISTROS,"OTROS BIENES TRANSPORTABLES EXCEPTO PRODUCTOS METALICOS, MAQUINARIA Y EQUIPO",No Aplica,No Aplica,No Aplica,No Aplica,VIGENCIA ACTUAL,ENTIDADES TERRITORIALES - SERVICIOS PUBLICOS,NO DEFINIDO,NO DEFINIDO,NO APLICA,,,2021,Cuarto Trimestre,,,,COMERCIO AL POR MENOR DE LIBROS PERIODICOS REVISTAS Y ARTICULOS DE PAPELERIA EN ESTABLECIMIENTOS ESPECIALIZADOS,OTRAS CONTRIBUCIONES CON DESTINACION ESPECIFICA LEGAL,,,,,,NO APLICA,,,,,,CON SITUACION DE FONDOS,OTRO,NO DEFINIDO,0.0,1897204.0,1897204.0
10051036,20210901,923272885,E.S.P Por Santa Rosa Sostenible S.A.S,2.1.2.01.01.005,OTROS ACTIVOS FIJOS,GASTOS,FUNCIONAMIENTO,ADQUISICION DE BIENES Y SERVICIOS,ADQUISICION DE ACTIVOS NO FINANCIEROS,ACTIVOS FIJOS,OTROS ACTIVOS FIJOS,No Aplica,No Aplica,No Aplica,No Aplica,VIGENCIA ACTUAL,ENTIDADES TERRITORIALES - SERVICIOS PUBLICOS,NO DEFINIDO,NO DEFINIDO,NO DEFINIDO,,,2021,Tercer Trimestre,,,,NO DEFINIDO,NO DEFINIDO,,,,,,NO DEFINIDO,,,,,,NO DEFINIDO,NO DEFINIDO,NO DEFINIDO,0.0,2235000.0,2235000.0
10054883,20211201,923272885,E.S.P Por Santa Rosa Sostenible S.A.S,2.1.1.01.02.006,APORTES AL ICBF,GASTOS,FUNCIONAMIENTO,GASTOS DE PERSONAL,PLANTA DE PERSONAL PERMANENTE,CONTRIBUCIONES INHERENTES A LA NOMINA,APORTES AL ICBF,No Aplica,No Aplica,No Aplica,No Aplica,VIGENCIA ACTUAL,ENTIDADES TERRITORIALES - SERVICIOS PUBLICOS,NO DEFINIDO,NO DEFINIDO,NO APLICA,,,2021,Cuarto Trimestre,,,,NO APLICA,OTRAS CONTRIBUCIONES CON DESTINACION ESPECIFICA LEGAL,,,,,,NO APLICA,,,,,,CON SITUACION DE FONDOS,OTRO,NO DEFINIDO,0.0,432300.0,432300.0
10058077,20221201,923272885,E.S.P Por Santa Rosa Sostenible S.A.S,2.1.2.02,ADQUISICIONES DIFERENTES DE ACTIVOS,GASTOS,FUNCIONAMIENTO,ADQUISICION DE BIENES Y SERVICIOS,ADQUISICIONES DIFERENTES DE ACTIVOS,No Aplica,No Aplica,No Aplica,No Aplica,No Aplica,No Aplica,VIGENCIA ACTUAL,ENTIDADES DIFERENTES A ENTIDADES TERRITORIALES - GESTION GENERAL,NO DEFINIDO,NO DEFINIDO,NO DEFINIDO,,,2022,Cuarto Trimestre,,,,NO DEFINIDO,NO DEFINIDO,,,,,,NO DEFINIDO,,,,,,NO DEFINIDO,NO DEFINIDO,NO DEFINIDO,0.0,2718890379.0,2718890379.0
10066929,20211201,923272885,E.S.P Por Santa Rosa Sostenible S.A.S,2.1.1.01.02,CONTRIBUCIONES INHERENTES A LA NOMINA,GASTOS,FUNCIONAMIENTO,GASTOS DE PERSONAL,PLANTA DE PERSONAL PERMANENTE,CONTRIBUCIONES INHERENTES A LA NOMINA,No Aplica,No Aplica,No Aplica,No Aplica,No Aplica,VIGENCIA ACTUAL,ENTIDADES TERRITORIALES - SERVICIOS PUBLICOS,NO DEFINIDO,NO DEFINIDO,NO DEFINIDO,,,2021,Cuarto Trimestre,,,,NO DEFINIDO,NO DEFINIDO,,,,,,NO DEFINIDO,,,,,,NO DEFINIDO,NO DEFINIDO,NO DEFINIDO,0.0,19054887.0,11844228.0
10082616,20211201,923272885,E.S.P Por Santa Rosa Sostenible S.A.S,2.1.2.01.01.005.02,PRODUCTOS DE LA PROPIEDAD INTELECTUAL,GASTOS,FUNCIONAMIENTO,ADQUISICION DE BIENES Y SERVICIOS,ADQUISICION DE ACTIVOS NO FINANCIEROS,ACTIVOS FIJOS,OTROS ACTIVOS FIJOS,PRODUCTOS DE LA PROPIEDAD INTELECTUAL,No Aplica,No Aplica,No Aplica,VIGENCIA ACTUAL,ENTIDADES TERRITORIALES - SERVICIOS PUBLICOS,NO DEFINIDO,NO DEFINIDO,NO DEFINIDO,,,2021,Cuarto Trimestre,,,,NO DEFINIDO,NO DEFINIDO,,,,,,NO DEFINIDO,,,,,,NO DEFINIDO,NO DEFINIDO,NO DEFINIDO,0.0,4035000.0,4035000.0
10087100,20230601,923272885,E.S.P Por Santa Rosa Sostenible S.A.S,2.1.2.02.02.006,"COMERCIO Y DISTRIBUCION; ALOJAMIENTO; SERVICIOS DE SUMINISTRO DE COMIDAS Y BEBIDAS; SERVICIOS DE TRANSPORTE; Y SERVICIOS DE DISTRIBUCION DE ELECTRICIDAD, GAS Y AGUA",GASTOS,FUNCIONAMIENTO,ADQUISICION DE BIENES Y SERVICIOS,ADQUISICIONES DIFERENTES DE ACTIVOS,ADQUISICION DE SERVICIOS,"COMERCIO Y DISTRIBUCION; ALOJAMIENTO; SERVICIOS DE SUMINISTRO DE COMIDAS Y BEBIDAS; SERVICIOS DE TRANSPORTE; Y SERVICIOS DE DISTRIBUCION DE ELECTRICIDAD, GAS Y AGUA",No Aplica,No Aplica,No Aplica,No Aplica,VIGENCIA ACTUAL,ENTIDADES DIFERENTES A ENTIDADES TERRITORIALES - GESTION GENERAL,NO DEFINIDO,NO DEFINIDO,NO APLICA,,,2023,Segundo Trimestre,,,,SERVICIOS DE TRANSPORTE AEREO DE PASAJEROS EXCEPTO LOS SERVICIOS DE AEROTAXI,R.B. IMPUESTO DE ALUMBRADO PUBLICO,,,,,,NO APLICA,,,,,,CON SITUACION DE FONDOS,NO APLICA,NO DEFINIDO,0.0,833600.0,833600.0
10093814,20221201,923272885,E.S.P Por Santa Rosa Sostenible S.A.S,2.1.2.02.02.008,SERVICIOS PRESTADOS A LAS EMPRESAS Y SERVICIOS DE PRODUCCION,GASTOS,FUNCIONAMIENTO,ADQUISICION DE BIENES Y SERVICIOS,ADQUISICIONES DIFERENTES DE ACTIVOS,ADQUISICION DE SERVICIOS,SERVICIOS PRESTADOS A LAS EMPRESAS Y SERVICIOS DE PRODUCCION,No Aplica,No Aplica,No Aplica,No Aplica,VIGENCIA ACTUAL,ENTIDADES DIFERENTES A ENTIDADES TERRITORIALES - GESTION GENERAL,NO DEFINIDO,NO DEFINIDO,NO APLICA,,,2022,Cuarto Trimestre,,,,SERVICIOS DE DISTRIBUCION DE ELECTRICIDAD A COMISION O POR CONTRATO,IMPUESTO - SOBRETASA POR EL ALUMBRADO PUBLICO,,,,,,NO APLICA,,,,,,CON SITUACION DE FONDOS,NO APLICA,NO DEFINIDO,0.0,1664347124.0,1664347124.0
10095795,20230301,923272885,E.S.P Por Santa Rosa Sostenible S.A.S,2.1.8.01.53,IMPUESTO DE REGISTRO,GASTOS,FUNCIONAMIENTO,"GASTOS POR TRIBUTOS, TASAS, CONTRIBUCIONES, MULTAS, SANCIONES E INTERESES DE MORA",IMPUESTOS,IMPUESTO DE REGISTRO,No Aplica,No Aplica,No Aplica,No Aplica,No Aplica,VIGENCIA ACTUAL,ENTIDADES DIFERENTES A ENTIDADES TERRITORIALES - GESTION GENERAL,NO DEFINIDO,NO DEFINIDO,NO APLICA,,,2023,Primer Trimestre,,,,NO APLICA,R.B. IMPUESTO DE ALUMBRADO PUBLICO,,,,,,NO APLICA,,,,,,CON SITUACION DE FONDOS,NO APLICA,NO DEFINIDO,0.0,1821600.0,1821600.0
10103634,20220901,923272885,E.S.P Por Santa Rosa Sostenible S.A.S,2.1.8.05,"MULTAS, SANCIONES E INTERESES DE MORA",GASTOS,FUNCIONAMIENTO,"GASTOS POR TRIBUTOS, TASAS, CONTRIBUCIONES, MULTAS, SANCIONES E INTERESES DE MORA","MULTAS, SANCIONES E INTERESES DE MORA",No Aplica,No Aplica,No Aplica,No Aplica,No Aplica,No Aplica,VIGENCIA ACTUAL,ENTIDADES DIFERENTES A ENTIDADES TERRITORIALES - GESTION GENERAL,NO DEFINIDO,NO DEFINIDO,NO DEFINIDO,,,2022,Tercer Trimestre,,,,NO DEFINIDO,NO DEFINIDO,,,,,,NO DEFINIDO,,,,,,NO DEFINIDO,NO DEFINIDO,NO DEFINIDO,0.0,447000.0,447000.0
10119422,20220901,923272885,E.S.P Por Santa Rosa Sostenible S.A.S,2.1.2.02.01,MATERIALES Y SUMINISTROS,GASTOS,FUNCIONAMIENTO,ADQUISICION DE BIENES Y SERVICIOS,ADQUISICIONES DIFERENTES DE ACTIVOS,MATERIALES Y SUMINISTROS,No Aplica,No Aplica,No Aplica,No Aplica,No Aplica,VIGENCIA ACTUAL,ENTIDADES DIFERENTES A ENTIDADES TERRITORIALES - GESTION GENERAL,NO DEFINIDO,NO DEFINIDO,NO DEFINIDO,,,2022,Tercer Trimestre,,,,NO DEFINIDO,NO DEFINIDO,,,,,,NO DEFINIDO,,,,,,NO DEFINIDO,NO DEFINIDO,NO DEFINIDO,0.0,48749615.0,7406640.0
10119820,20211201,923272885,E.S.P Por Santa Rosa Sostenible S.A.S,2.1.2,ADQUISICION DE BIENES Y SERVICIOS,GASTOS,FUNCIONAMIENTO,ADQUISICION DE BIENES Y SERVICIOS,No Aplica,No Aplica,No Aplica,No Aplica,No Aplica,No Aplica,No Aplica,VIGENCIA ACTUAL,ENTIDADES TERRITORIALES - SERVICIOS PUBLICOS,NO DEFINIDO,NO DEFINIDO,NO DEFINIDO,,,2021,Cuarto Trimestre,,,,NO DEFINIDO,NO DEFINIDO,,,,,,NO DEFINIDO,,,,,,NO DEFINIDO,NO DEFINIDO,NO DEFINIDO,0.0,96545957.0,96432453.0
10125166,20221201,923272885,E.S.P Por Santa Rosa Sostenible S.A.S,2.3.2.01.01.003.03,"MAQUINARIA DE OFICINA, CONTABILIDAD E INFORMATICA",GASTOS,INVERSION,ADQUISICION DE BIENES Y SERVICIOS,ADQUISICION DE ACTIVOS NO FINANCIEROS,ACTIVOS FIJOS,MAQUINARIA Y EQUIPO,"MAQUINARIA DE OFICINA, CONTABILIDAD E INFORMATICA",No Aplica,No Aplica,No Aplica,VIGENCIA ACTUAL,ENTIDADES DIFERENTES A ENTIDADES TERRITORIALES - GESTION GENERAL,NO DEFINIDO,NO DEFINIDO,NO DEFINIDO,,,2022,Cuarto Trimestre,,,,NO DEFINIDO,NO DEFINIDO,,,,,,NO DEFINIDO,,,,,,NO DEFINIDO,NO DEFINIDO,NO DEFINIDO,0.0,8550000.0,8550000.0
10132765,20220301,923272885,E.S.P Por Santa Rosa Sostenible S.A.S,2.1.8.05,"MULTAS, SANCIONES E INTERESES DE MORA",GASTOS,FUNCIONAMIENTO,"GASTOS POR TRIBUTOS, TASAS, CONTRIBUCIONES, MULTAS, SANCIONES E INTERESES DE MORA","MULTAS, SANCIONES E INTERESES DE MORA",No Aplica,No Aplica,No Aplica,No Aplica,No Aplica,No Aplica,VIGENCIA ACTUAL,ENTIDADES DIFERENTES A ENTIDADES TERRITORIALES - GESTION GENERAL,NO DEFINIDO,NO DEFINIDO,NO DEFINIDO,,,2022,Primer Trimestre,,,,NO DEFINIDO,NO DEFINIDO,,,,,,NO DEFINIDO,,,,,,NO DEFINIDO,NO DEFINIDO,NO DEFINIDO,0.0,11000.0,11000.0
10134355,20210601,923272885,E.S.P Por Santa Rosa Sostenible S.A.S,2.1.2.01.01.005.02.03,PROGRAMAS DE INFORMATICA Y BASES DE DATOS,GASTOS,FUNCIONAMIENTO,ADQUISICION DE BIENES Y SERVICIOS,ADQUISICION DE ACTIVOS NO FINANCIEROS,ACTIVOS FIJOS,OTROS ACTIVOS FIJOS,PRODUCTOS DE LA PROPIEDAD INTELECTUAL,PROGRAMAS DE INFORMATICA Y BASES DE DATOS,No Aplica,No Aplica,VIGENCIA ACTUAL,ENTIDADES TERRITORIALES - SERVICIOS PUBLICOS,NO DEFINIDO,NO DEFINIDO,NO DEFINIDO,,,2021,Segundo Trimestre,,,,NO DEFINIDO,NO DEFINIDO,,,,,,NO DEFINIDO,,,,,,NO DEFINIDO,NO DEFINIDO,NO DEFINIDO,0.0,900000.0,900000.0
10134584,20210601,923272885,E.S.P Por Santa Rosa Sostenible S.A.S,2.1.8.05.02,INTERESES DE MORA,GASTOS,FUNCIONAMIENTO,"GASTOS POR TRIBUTOS, TASAS, CONTRIBUCIONES, MULTAS, SANCIONES E INTERESES DE MORA","MULTAS, SANCIONES E INTERESES DE MORA",INTERESES DE MORA,No Aplica,No Aplica,No Aplica,No Aplica,No Aplica,VIGENCIA ACTUAL,ENTIDADES TERRITORIALES - SERVICIOS PUBLICOS,NO DEFINIDO,NO DEFINIDO,NO APLICA,,,2021,Segundo Trimestre,,,,NO APLICA,1.2.3.2.09 - VENTA DE BIENES Y SERVICIOS,,,,,,NO APLICA,,,,,,CON SITUACION DE FONDOS,DIRECCION DE IMPUESTOS Y ADUANAS NACIONALES,NO DEFINIDO,0.0,3000.0,3000.0
10136360,20211201,923272885,E.S.P Por Santa Rosa Sostenible S.A.S,2.1.2.01.01.003,MAQUINARIA Y EQUIPO,GASTOS,FUNCIONAMIENTO,ADQUISICION DE BIENES Y SERVICIOS,ADQUISICION DE ACTIVOS NO FINANCIEROS,ACTIVOS FIJOS,MAQUINARIA Y EQUIPO,No Aplica,No Aplica,No Aplica,No Aplica,VIGENCIA ACTUAL,ENTIDADES TERRITORIALES - SERVICIOS PUBLICOS,NO DEFINIDO,NO DEFINIDO,NO DEFINIDO,,,2021,Cuarto Trimestre,,,,NO DEFINIDO,NO DEFINIDO,,,,,,NO DEFINIDO,,,,,,NO DEFINIDO,NO DEFINIDO,NO DEFINIDO,0.0,135400.0,135400.0
10141094,20230601,923272885,E.S.P Por Santa Rosa Sostenible S.A.S,2.3.2.01.01.005,OTROS ACTIVOS FIJOS,GASTOS,INVERSION,ADQUISICION DE BIENES Y SERVICIOS,ADQUISICION DE ACTIVOS NO FINANCIEROS,ACTIVOS FIJOS,OTROS ACTIVOS FIJOS,No Aplica,No Aplica,No Aplica,No Aplica,VIGENCIA ACTUAL,ENTIDADES DIFERENTES A ENTIDADES TERRITORIALES - GESTION GENERAL,NO DEFINIDO,NO DEFINIDO,NO DEFINIDO,,,2023,Segundo Trimestre,,,,NO DEFINIDO,NO DEFINIDO,,,,,,NO DEFINIDO,,,,,,NO DEFINIDO,NO DEFINIDO,NO DEFINIDO,0.0,414215.0,414215.0
10153992,20220301,923272885,E.S.P Por Santa Rosa Sostenible S.A.S,2.3,INVERSION,GASTOS,INVERSION,No Aplica,No Aplica,No Aplica,No Aplica,No Aplica,No Aplica,No Aplica,No Aplica,VIGENCIA ACTUAL,ENTIDADES DIFERENTES A ENTIDADES TERRITORIALES - GESTION GENERAL,NO DEFINIDO,NO DEFINIDO,NO DEFINIDO,,,2022,Primer Trimestre,,,,NO DEFINIDO,NO DEFINIDO,,,,,,NO DEFINIDO,,,,,,NO DEFINIDO,NO DEFINIDO,NO DEFINIDO,0.0,18980000.0,18980000.0
10155795,20210601,923272885,E.S.P Por Santa Rosa Sostenible S.A.S,2.1.8.01.54,IMPUESTO DE INDUSTRIA Y COMERCIO,GASTOS,FUNCIONAMIENTO,"GASTOS POR TRIBUTOS, TASAS, CONTRIBUCIONES, MULTAS, SANCIONES E INTERESES DE MORA",IMPUESTOS,IMPUESTO DE INDUSTRIA Y COMERCIO,No Aplica,No Aplica,No Aplica,No Aplica,No Aplica,VIGENCIA ACTUAL,ENTIDADES TERRITORIALES - SERVICIOS PUBLICOS,NO DEFINIDO,NO DEFINIDO,NO APLICA,,,2021,Segundo Trimestre,,,,NO APLICA,1.2.3.2.09 - VENTA DE BIENES Y SERVICIOS,,,,,,NO APLICA,,,,,,CON SITUACION DE FONDOS,NO APLICA,NO DEFINIDO,0.0,3077400.0,3077400.0
10171381,20210601,923272885,E.S.P Por Santa Rosa Sostenible S.A.S,2.4.5.02.09,"SERVICIOS PARA LA COMUNIDAD, SOCIALES Y PERSONALES",GASTOS,GASTOS DE OPERACION COMERCIAL,GASTOS DE COMERCIALIZACION Y PRODUCCION,ADQUISICION DE SERVICIOS,"SERVICIOS PARA LA COMUNIDAD, SOCIALES Y PERSONALES",No Aplica,No Aplica,No Aplica,No Aplica,No Aplica,VIGENCIA ACTUAL,ENTIDADES TERRITORIALES - SERVICIOS PUBLICOS,NO DEFINIDO,NO DEFINIDO,NO APLICA,,,2021,Segundo Trimestre,,,,97990 - OTROS SERVICIOS DIVERSOS N.C.P.,1.2.3.2.09 - VENTA DE BIENES Y SERVICIOS,,,,,,NO APLICA,,,,,,CON SITUACION DE FONDOS,NO APLICA,NO DEFINIDO,0.0,668744645.0,668744645.0
10182853,20211201,923272885,E.S.P Por Santa Rosa Sostenible S.A.S,2.1.2.02.01.003,"OTROS BIENES TRANSPORTABLES EXCEPTO PRODUCTOS METALICOS, MAQUINARIA Y EQUIPO",GASTOS,FUNCIONAMIENTO,ADQUISICION DE BIENES Y SERVICIOS,ADQUISICIONES DIFERENTES DE ACTIVOS,MATERIALES Y SUMINISTROS,"OTROS BIENES TRANSPORTABLES EXCEPTO PRODUCTOS METALICOS, MAQUINARIA Y EQUIPO",No Aplica,No Aplica,No Aplica,No Aplica,VIGENCIA ACTUAL,ENTIDADES TERRITORIALES - SERVICIOS PUBLICOS,NO DEFINIDO,NO DEFINIDO,NO APLICA,,,2021,Cuarto Trimestre,,,,COMERCIO AL POR MENOR DE LIBROS PERIODICOS REVISTAS Y ARTICULOS DE PAPELERIA EN ESTABLECIMIENTOS ESPECIALIZADOS,OTRAS CONTRIBUCIONES CON DESTINACION ESPECIFICA LEGAL,,,,,,NO APLICA,,,,,,CON SITUACION DE FONDOS,NO APLICA,NO DEFINIDO,0.0,14700.0,14700.0
10189985,20210301,923272885,E.S.P Por Santa Rosa Sostenible S.A.S,2.1.8.01,IMPUESTOS,GASTOS,FUNCIONAMIENTO,"GASTOS POR TRIBUTOS, TASAS, CONTRIBUCIONES, MULTAS, SANCIONES E INTERESES DE MORA",IMPUESTOS,No Aplica,No Aplica,No Aplica,No Aplica,No Aplica,No Aplica,VIGENCIA ACTUAL,ENTIDADES TERRITORIALES - SERVICIOS PUBLICOS,NO DEFINIDO,NO DEFINIDO,NO DEFINIDO,,,2021,Primer Trimestre,,,,NO DEFINIDO,NO DEFINIDO,,,,,,NO DEFINIDO,,,,,,NO DEFINIDO,NO DEFINIDO,NO DEFINIDO,0.0,5913089.0,5913089.0
10192349,20221201,923272885,E.S.P Por Santa Rosa Sostenible S.A.S,2.1.2.02.02.008,SERVICIOS PRESTADOS A LAS EMPRESAS Y SERVICIOS DE PRODUCCION,GASTOS,FUNCIONAMIENTO,ADQUISICION DE BIENES Y SERVICIOS,ADQUISICIONES DIFERENTES DE ACTIVOS,ADQUISICION DE SERVICIOS,SERVICIOS PRESTADOS A LAS EMPRESAS Y SERVICIOS DE PRODUCCION,No Aplica,No Aplica,No Aplica,No Aplica,VIGENCIA ACTUAL,ENTIDADES DIFERENTES A ENTIDADES TERRITORIALES - GESTION GENERAL,NO DEFINIDO,NO DEFINIDO,NO APLICA,,,2022,Cuarto Trimestre,,,,SOFTWARE ORIGINALES,IMPUESTO - SOBRETASA POR EL ALUMBRADO PUBLICO,,,,,,NO APLICA,,,,,,CON SITUACION DE FONDOS,NO APLICA,NO DEFINIDO,0.0,1072800.0,1072800.0
10193381,20211201,923272885,E.S.P Por Santa Rosa Sostenible S.A.S,2.1.2.01.01,ACTIVOS FIJOS,GASTOS,FUNCIONAMIENTO,ADQUISICION DE BIENES Y SERVICIOS,ADQUISICION DE ACTIVOS NO FINANCIEROS,ACTIVOS FIJOS,No Aplica,No Aplica,No Aplica,No Aplica,No Aplica,VIGENCIA ACTUAL,ENTIDADES TERRITORIALES - SERVICIOS PUBLICOS,NO DEFINIDO,NO DEFINIDO,NO DEFINIDO,,,2021,Cuarto Trimestre,,,,NO DEFINIDO,NO DEFINIDO,,,,,,NO DEFINIDO,,,,,,NO DEFINIDO,NO DEFINIDO,NO DEFINIDO,0.0,4170400.0,4170400.0
10197905,20211201,923272885,E.S.P Por Santa Rosa Sostenible S.A.S,2.3.2,ADQUISICION DE BIENES Y SERVICIOS,GASTOS,INVERSION,ADQUISICION DE BIENES Y SERVICIOS,No Aplica,No Aplica,No Aplica,No Aplica,No Aplica,No Aplica,No Aplica,VIGENCIA ACTUAL,ENTIDADES TERRITORIALES - SERVICIOS PUBLICOS,NO DEFINIDO,NO DEFINIDO,NO DEFINIDO,,,2021,Cuarto Trimestre,,,,NO DEFINIDO,NO DEFINIDO,,,,,,NO DEFINIDO,,,,,,NO DEFINIDO,NO DEFINIDO,NO DEFINIDO,0.0,195952400.0,195952400.0
10227023,20210601,923272885,E.S.P Por Santa Rosa Sostenible S.A.S,2.4.5.02.08,SERVICIOS PRESTADOS A LAS EMPRESAS Y SERVICIOS DE PRODUCCION,GASTOS,GASTOS DE OPERACION COMERCIAL,GASTOS DE COMERCIALIZACION Y PRODUCCION,ADQUISICION DE SERVICIOS,SERVICIOS PRESTADOS A LAS EMPRESAS Y SERVICIOS DE PRODUCCION,No Aplica,No Aplica,No Aplica,No Aplica,No Aplica,VIGENCIA ACTUAL,ENTIDADES TERRITORIALES - SERVICIOS PUBLICOS,NO DEFINIDO,NO DEFINIDO,NO APLICA,,,2021,Segundo Trimestre,,,,97990 - OTROS SERVICIOS DIVERSOS N.C.P.,1.2.3.2.09 - VENTA DE BIENES Y SERVICIOS,,,,,,NO APLICA,,,,,,CON SITUACION DE FONDOS,NO APLICA,NO DEFINIDO,0.0,67999406.0,67999406.0
10237751,20220301,923272885,E.S.P Por Santa Rosa Sostenible S.A.S,2.1.1.01.01.001.01,SUELDO BASICO,GASTOS,FUNCIONAMIENTO,GASTOS DE PERSONAL,PLANTA DE PERSONAL PERMANENTE,FACTORES CONSTITUTIVOS DE SALARIO,FACTORES SALARIALES COMUNES,SUELDO BASICO,No Aplica,No Aplica,No Aplica,VIGENCIA ACTUAL,ENTIDADES DIFERENTES A ENTIDADES TERRITORIALES - GESTION GENERAL,NO DEFINIDO,NO DEFINIDO,NO APLICA,,,2022,Primer Trimestre,,,,NO APLICA,IMPUESTO - SOBRETASA POR EL ALUMBRADO PUBLICO,,,,,,NO APLICA,,,,,,CON SITUACION DE FONDOS,OTRO,NO DEFINIDO,0.0,17117614.0,17117614.0
10253658,20230601,923272885,E.S.P Por Santa Rosa Sostenible S.A.S,2.1.2,ADQUISICION DE BIENES Y SERVICIOS,GASTOS,FUNCIONAMIENTO,ADQUISICION DE BIENES Y SERVICIOS,No Aplica,No Aplica,No Aplica,No Aplica,No Aplica,No Aplica,No Aplica,VIGENCIA ACTUAL,ENTIDADES DIFERENTES A ENTIDADES TERRITORIALES - GESTION GENERAL,NO DEFINIDO,NO DEFINIDO,NO DEFINIDO,,,2023,Segundo Trimestre,,,,NO DEFINIDO,NO DEFINIDO,,,,,,NO DEFINIDO,,,,,,NO DEFINIDO,NO DEFINIDO,NO DEFINIDO,0.0,2153540028.0,2153540028.0
10258618,20210601,923272885,E.S.P Por Santa Rosa Sostenible S.A.S,2.1.1.01.01.001,FACTORES SALARIALES COMUNES,GASTOS,FUNCIONAMIENTO,GASTOS DE PERSONAL,PLANTA DE PERSONAL PERMANENTE,FACTORES CONSTITUTIVOS DE SALARIO,FACTORES SALARIALES COMUNES,No Aplica,No Aplica,No Aplica,No Aplica,VIGENCIA ACTUAL,ENTIDADES TERRITORIALES - SERVICIOS PUBLICOS,NO DEFINIDO,NO DEFINIDO,NO DEFINIDO,,,2021,Segundo Trimestre,,,,NO DEFINIDO,NO DEFINIDO,,,,,,NO DEFINIDO,,,,,,NO DEFINIDO,NO DEFINIDO,NO DEFINIDO,0.0,33372588.0,33372588.0
10259541,20220901,923272885,E.S.P Por Santa Rosa Sostenible S.A.S,2.1.1.01.01.001.06,PRIMA DE SERVICIO,GASTOS,FUNCIONAMIENTO,GASTOS DE PERSONAL,PLANTA DE PERSONAL PERMANENTE,FACTORES CONSTITUTIVOS DE SALARIO,FACTORES SALARIALES COMUNES,PRIMA DE SERVICIO,No Aplica,No Aplica,No Aplica,VIGENCIA ACTUAL,ENTIDADES DIFERENTES A ENTIDADES TERRITORIALES - GESTION GENERAL,NO DEFINIDO,NO DEFINIDO,NO APLICA,,,2022,Tercer Trimestre,,,,NO APLICA,IMPUESTO - SOBRETASA POR EL ALUMBRADO PUBLICO,,,,,,NO APLICA,,,,,,CON SITUACION DE FONDOS,NO APLICA,NO DEFINIDO,0.0,2987755.0,2987755.0
10261754,20210601,923272885,E.S.P Por Santa Rosa Sostenible S.A.S,2.1.2,ADQUISICION DE BIENES Y SERVICIOS,GASTOS,FUNCIONAMIENTO,ADQUISICION DE BIENES Y SERVICIOS,No Aplica,No Aplica,No Aplica,No Aplica,No Aplica,No Aplica,No Aplica,VIGENCIA ACTUAL,ENTIDADES TERRITORIALES - SERVICIOS PUBLICOS,NO DEFINIDO,NO DEFINIDO,NO DEFINIDO,,,2021,Segundo Trimestre,,,,NO DEFINIDO,NO DEFINIDO,,,,,,NO DEFINIDO,,,,,,NO DEFINIDO,NO DEFINIDO,NO DEFINIDO,0.0,45742257.0,45742257.0
10263472,20221201,923272885,E.S.P Por Santa Rosa Sostenible S.A.S,2.3,INVERSION,GASTOS,INVERSION,No Aplica,No Aplica,No Aplica,No Aplica,No Aplica,No Aplica,No Aplica,No Aplica,VIGENCIA ACTUAL,ENTIDADES DIFERENTES A ENTIDADES TERRITORIALES - GESTION GENERAL,NO DEFINIDO,NO DEFINIDO,NO DEFINIDO,,,2022,Cuarto Trimestre,,,,NO DEFINIDO,NO DEFINIDO,,,,,,NO DEFINIDO,,,,,,NO DEFINIDO,NO DEFINIDO,NO DEFINIDO,0.0,18980000.0,18980000.0
10272081,20230301,923272885,E.S.P Por Santa Rosa Sostenible S.A.S,2.1.2.02.01.001,"MINERALES, ELECTRICIDAD, GAS Y AGUA",GASTOS,FUNCIONAMIENTO,ADQUISICION DE BIENES Y SERVICIOS,ADQUISICIONES DIFERENTES DE ACTIVOS,MATERIALES Y SUMINISTROS,"MINERALES, ELECTRICIDAD, GAS Y AGUA",No Aplica,No Aplica,No Aplica,No Aplica,VIGENCIA ACTUAL,ENTIDADES DIFERENTES A ENTIDADES TERRITORIALES - GESTION GENERAL,NO DEFINIDO,NO DEFINIDO,NO APLICA,,,2023,Primer Trimestre,,,,ENERGIA ELECTRICA,R.B. IMPUESTO DE ALUMBRADO PUBLICO,,,,,,NO APLICA,,,,,,CON SITUACION DE FONDOS,NO APLICA,NO DEFINIDO,0.0,64145065.0,64145065.0
10272638,20230601,923272885,E.S.P Por Santa Rosa Sostenible S.A.S,2.3.2.01.01.005.02.03,PROGRAMAS DE INFORMATICA Y BASES DE DATOS,GASTOS,INVERSION,ADQUISICION DE BIENES Y SERVICIOS,ADQUISICION DE ACTIVOS NO FINANCIEROS,ACTIVOS FIJOS,OTROS ACTIVOS FIJOS,PRODUCTOS DE LA PROPIEDAD INTELECTUAL,PROGRAMAS DE INFORMATICA Y BASES DE DATOS,No Aplica,No Aplica,VIGENCIA ACTUAL,ENTIDADES DIFERENTES A ENTIDADES TERRITORIALES - GESTION GENERAL,NO DEFINIDO,NO DEFINIDO,NO DEFINIDO,,,2023,Segundo Trimestre,,,,NO DEFINIDO,NO DEFINIDO,,,,,,NO DEFINIDO,,,,,,NO DEFINIDO,NO DEFINIDO,NO DEFINIDO,0.0,414215.0,414215.0
10282078,20211201,923272885,E.S.P Por Santa Rosa Sostenible S.A.S,2.1.2.02.02.008,SERVICIOS PRESTADOS A LAS EMPRESAS Y SERVICIOS DE PRODUCCION,GASTOS,FUNCIONAMIENTO,ADQUISICION DE BIENES Y SERVICIOS,ADQUISICIONES DIFERENTES DE ACTIVOS,ADQUISICION DE SERVICIOS,SERVICIOS PRESTADOS A LAS EMPRESAS Y SERVICIOS DE PRODUCCION,No Aplica,No Aplica,No Aplica,No Aplica,VIGENCIA ACTUAL,ENTIDADES TERRITORIALES - SERVICIOS PUBLICOS,NO DEFINIDO,NO DEFINIDO,NO APLICA,,,2021,Cuarto Trimestre,,,,SERVICIOS DE ASESORAMIENTO Y REPRESENTACION JURIDICA EN DERECHO PENAL,OTRAS CONTRIBUCIONES CON DESTINACION ESPECIFICA LEGAL,,,,,,NO APLICA,,,,,,CON SITUACION DE FONDOS,OTRO,NO DEFINIDO,0.0,23013364.0,23013364.0
10283805,20230601,923272885,E.S.P Por Santa Rosa Sostenible S.A.S,2.1.8.05,"MULTAS, SANCIONES E INTERESES DE MORA",GASTOS,FUNCIONAMIENTO,"GASTOS POR TRIBUTOS, TASAS, CONTRIBUCIONES, MULTAS, SANCIONES E INTERESES DE MORA","MULTAS, SANCIONES E INTERESES DE MORA",No Aplica,No Aplica,No Aplica,No Aplica,No Aplica,No Aplica,VIGENCIA ACTUAL,ENTIDADES DIFERENTES A ENTIDADES TERRITORIALES - GESTION GENERAL,NO DEFINIDO,NO DEFINIDO,NO DEFINIDO,,,2023,Segundo Trimestre,,,,NO DEFINIDO,NO DEFINIDO,,,,,,NO DEFINIDO,,,,,,NO DEFINIDO,NO DEFINIDO,NO DEFINIDO,0.0,669000.0,669000.0
10287689,20211201,923272885,E.S.P Por Santa Rosa Sostenible S.A.S,2.1.8.01.03,SOBRETASA CREE,GASTOS,FUNCIONAMIENTO,"GASTOS POR TRIBUTOS, TASAS, CONTRIBUCIONES, MULTAS, SANCIONES E INTERESES DE MORA",IMPUESTOS,SOBRETASA CREE,No Aplica,No Aplica,No Aplica,No Aplica,No Aplica,VIGENCIA ACTUAL,ENTIDADES TERRITORIALES - SERVICIOS PUBLICOS,NO DEFINIDO,NO DEFINIDO,NO APLICA,,,2021,Cuarto Trimestre,,,,NO APLICA,OTRAS CONTRIBUCIONES CON DESTINACION ESPECIFICA LEGAL,,,,,,NO APLICA,,,,,,CON SITUACION DE FONDOS,U.A.E. DE LA DIRECCION DE IMPUESTOS Y ADUANAS NACIONALES,NO DEFINIDO,0.0,17405000.0,16125000.0
10301920,20230601,923272885,E.S.P Por Santa Rosa Sostenible S.A.S,2.1.1.01.01.001,FACTORES SALARIALES COMUNES,GASTOS,FUNCIONAMIENTO,GASTOS DE PERSONAL,PLANTA DE PERSONAL PERMANENTE,FACTORES CONSTITUTIVOS DE SALARIO,FACTORES SALARIALES COMUNES,No Aplica,No Aplica,No Aplica,No Aplica,VIGENCIA ACTUAL,ENTIDADES DIFERENTES A ENTIDADES TERRITORIALES - GESTION GENERAL,NO DEFINIDO,NO DEFINIDO,NO DEFINIDO,,,2023,Segundo Trimestre,,,,NO DEFINIDO,NO DEFINIDO,,,,,,NO DEFINIDO,,,,,,NO DEFINIDO,NO DEFINIDO,NO DEFINIDO,0.0,45591382.0,45591382.0
10307826,20210901,923272885,E.S.P Por Santa Rosa Sostenible S.A.S,2.4.5.02.09,"SERVICIOS PARA LA COMUNIDAD, SOCIALES Y PERSONALES",GASTOS,GASTOS DE OPERACION COMERCIAL,GASTOS DE COMERCIALIZACION Y PRODUCCION,ADQUISICION DE SERVICIOS,"SERVICIOS PARA LA COMUNIDAD, SOCIALES Y PERSONALES",No Aplica,No Aplica,No Aplica,No Aplica,No Aplica,VIGENCIA ACTUAL,ENTIDADES TERRITORIALES - SERVICIOS PUBLICOS,NO DEFINIDO,NO DEFINIDO,NO APLICA,,,2021,Tercer Trimestre,,,,97990 - OTROS SERVICIOS DIVERSOS N.C.P.,1.2.3.2.09 - VENTA DE BIENES Y SERVICIOS,,,,,,NO APLICA,,,,,,CON SITUACION DE FONDOS,FIDUCIARIA LA PREVISORA S.A.,NO DEFINIDO,0.0,26948636.0,26948636.0
10312321,20220301,923272885,E.S.P Por Santa Rosa Sostenible S.A.S,2.1.1.01.01.001,FACTORES SALARIALES COMUNES,GASTOS,FUNCIONAMIENTO,GASTOS DE PERSONAL,PLANTA DE PERSONAL PERMANENTE,FACTORES CONSTITUTIVOS DE SALARIO,FACTORES SALARIALES COMUNES,No Aplica,No Aplica,No Aplica,No Aplica,VIGENCIA ACTUAL,ENTIDADES DIFERENTES A ENTIDADES TERRITORIALES - GESTION GENERAL,NO DEFINIDO,NO DEFINIDO,NO DEFINIDO,,,2022,Primer Trimestre,,,,NO DEFINIDO,NO DEFINIDO,,,,,,NO DEFINIDO,,,,,,NO DEFINIDO,NO DEFINIDO,NO DEFINIDO,0.0,18780866.0,18780866.0
10318111,20221201,923272885,E.S.P Por Santa Rosa Sostenible S.A.S,2.1.1.01.01.001.08.01,PRIMA DE NAVIDAD,GASTOS,FUNCIONAMIENTO,GASTOS DE PERSONAL,PLANTA DE PERSONAL PERMANENTE,FACTORES CONSTITUTIVOS DE SALARIO,FACTORES SALARIALES COMUNES,PRESTACIONES SOCIALES,PRIMA DE NAVIDAD,No Aplica,No Aplica,VIGENCIA ACTUAL,ENTIDADES DIFERENTES A ENTIDADES TERRITORIALES - GESTION GENERAL,NO DEFINIDO,NO DEFINIDO,NO APLICA,,,2022,Cuarto Trimestre,,,,NO APLICA,IMPUESTO - SOBRETASA POR EL ALUMBRADO PUBLICO,,,,,,NO APLICA,,,,,,CON SITUACION DE FONDOS,NO APLICA,NO DEFINIDO,0.0,6346544.0,6346544.0
10319972,20210301,923272885,E.S.P Por Santa Rosa Sostenible S.A.S,2.1.2.01.01.005.02,PRODUCTOS DE LA PROPIEDAD INTELECTUAL,GASTOS,FUNCIONAMIENTO,ADQUISICION DE BIENES Y SERVICIOS,ADQUISICION DE ACTIVOS NO FINANCIEROS,ACTIVOS FIJOS,OTROS ACTIVOS FIJOS,PRODUCTOS DE LA PROPIEDAD INTELECTUAL,No Aplica,No Aplica,No Aplica,VIGENCIA ACTUAL,ENTIDADES TERRITORIALES - SERVICIOS PUBLICOS,NO DEFINIDO,NO DEFINIDO,NO DEFINIDO,,,2021,Primer Trimestre,,,,NO DEFINIDO,NO DEFINIDO,,,,,,NO DEFINIDO,,,,,,NO DEFINIDO,NO DEFINIDO,NO DEFINIDO,0.0,900000.0,900000.0
10320224,20230301,923272885,E.S.P Por Santa Rosa Sostenible S.A.S,2.1.1.01.01.001.10,VIATICOS DE LOS FUNCIONARIOS EN COMISION,GASTOS,FUNCIONAMIENTO,GASTOS DE PERSONAL,PLANTA DE PERSONAL PERMANENTE,FACTORES CONSTITUTIVOS DE SALARIO,FACTORES SALARIALES COMUNES,VIATICOS DE LOS FUNCIONARIOS EN COMISION,No Aplica,No Aplica,No Aplica,VIGENCIA ACTUAL,ENTIDADES DIFERENTES A ENTIDADES TERRITORIALES - GESTION GENERAL,NO DEFINIDO,NO DEFINIDO,NO APLICA,,,2023,Primer Trimestre,,,,NO APLICA,R.B. IMPUESTO DE ALUMBRADO PUBLICO,,,,,,NO APLICA,,,,,,CON SITUACION DE FONDOS,NO APLICA,NO DEFINIDO,0.0,428110.0,428110.0
10321835,20210901,923272885,E.S.P Por Santa Rosa Sostenible S.A.S,2.4.5.02.08,SERVICIOS PRESTADOS A LAS EMPRESAS Y SERVICIOS DE PRODUCCION,GASTOS,GASTOS DE OPERACION COMERCIAL,GASTOS DE COMERCIALIZACION Y PRODUCCION,ADQUISICION DE SERVICIOS,SERVICIOS PRESTADOS A LAS EMPRESAS Y SERVICIOS DE PRODUCCION,No Aplica,No Aplica,No Aplica,No Aplica,No Aplica,VIGENCIA ACTUAL,ENTIDADES TERRITORIALES - SERVICIOS PUBLICOS,NO DEFINIDO,NO DEFINIDO,NO APLICA,,,2021,Tercer Trimestre,,,,97990 - OTROS SERVICIOS DIVERSOS N.C.P.,1.2.3.2.09 - VENTA DE BIENES Y SERVICIOS,,,,,,NO APLICA,,,,,,CON SITUACION DE FONDOS,OTRO,NO DEFINIDO,0.0,125095099.0,125095099.0
10322739,20221201,923272885,E.S.P Por Santa Rosa Sostenible S.A.S,2.1.1.01.03.001,PRESTACIONES SOCIALES,GASTOS,FUNCIONAMIENTO,GASTOS DE PERSONAL,PLANTA DE PERSONAL PERMANENTE,REMUNERACIONES NO CONSTITUTIVAS DE FACTOR SALARIAL,PRESTACIONES SOCIALES,No Aplica,No Aplica,No Aplica,No Aplica,VIGENCIA ACTUAL,ENTIDADES DIFERENTES A ENTIDADES TERRITORIALES - GESTION GENERAL,NO DEFINIDO,NO DEFINIDO,NO DEFINIDO,,,2022,Cuarto Trimestre,,,,NO DEFINIDO,NO DEFINIDO,,,,,,NO DEFINIDO,,,,,,NO DEFINIDO,NO DEFINIDO,NO DEFINIDO,0.0,3344265.0,3344265.0
10322910,20220301,923272885,E.S.P Por Santa Rosa Sostenible S.A.S,2.1.2.02.02.008,SERVICIOS PRESTADOS A LAS EMPRESAS Y SERVICIOS DE PRODUCCION,GASTOS,FUNCIONAMIENTO,ADQUISICION DE BIENES Y SERVICIOS,ADQUISICIONES DIFERENTES DE ACTIVOS,ADQUISICION DE SERVICIOS,SERVICIOS PRESTADOS A LAS EMPRESAS Y SERVICIOS DE PRODUCCION,No Aplica,No Aplica,No Aplica,No Aplica,VIGENCIA ACTUAL,ENTIDADES DIFERENTES A ENTIDADES TERRITORIALES - GESTION GENERAL,NO DEFINIDO,NO DEFINIDO,NO APLICA,,,2022,Primer Trimestre,,,,SERVICIOS DE TELEFONIA FIJA ACCESO,IMPUESTO - SOBRETASA POR EL ALUMBRADO PUBLICO,,,,,,NO APLICA,,,,,,CON SITUACION DE FONDOS,OTRO,NO DEFINIDO,0.0,113504.0,80000.0
10326220,20220901,923272885,E.S.P Por Santa Rosa Sostenible S.A.S,2.1.2.02.01.002,"PRODUCTOS ALIMENTICIOS, BEBIDAS Y TABACO, TEXTILES, PRENDAS DE VESTIR Y PRODUCTOS DE CUERO",GASTOS,FUNCIONAMIENTO,ADQUISICION DE BIENES Y SERVICIOS,ADQUISICIONES DIFERENTES DE ACTIVOS,MATERIALES Y SUMINISTROS,"PRODUCTOS ALIMENTICIOS, BEBIDAS Y TABACO, TEXTILES, PRENDAS DE VESTIR Y PRODUCTOS DE CUERO",No Aplica,No Aplica,No Aplica,No Aplica,VIGENCIA ACTUAL,ENTIDADES DIFERENTES A ENTIDADES TERRITORIALES - GESTION GENERAL,NO DEFINIDO,NO DEFINIDO,NO APLICA,,,2022,Tercer Trimestre,,,,COMERCIO AL POR MENOR DE PRENDAS DE VESTIR ARTICULOS DE PIEL Y ACCESORIOS DE VESTIR EN ESTABLECIMIENTOS ESPECIALIZADOS,IMPUESTO - SOBRETASA POR EL ALUMBRADO PUBLICO,,,,,,NO APLICA,,,,,,CON SITUACION DE FONDOS,NO APLICA,NO DEFINIDO,0.0,600000.0,600000.0
10340854,20210301,923272885,E.S.P Por Santa Rosa Sostenible S.A.S,2.1.8.05.02,INTERESES DE MORA,GASTOS,FUNCIONAMIENTO,"GASTOS POR TRIBUTOS, TASAS, CONTRIBUCIONES, MULTAS, SANCIONES E INTERESES DE MORA","MULTAS, SANCIONES E INTERESES DE MORA",INTERESES DE MORA,No Aplica,No Aplica,No Aplica,No Aplica,No Aplica,VIGENCIA ACTUAL,ENTIDADES TERRITORIALES - SERVICIOS PUBLICOS,NO DEFINIDO,NO DEFINIDO,NO APLICA,,,2021,Primer Trimestre,,,,NO APLICA,1.2.3.2.09 - VENTA DE BIENES Y SERVICIOS,,,,,,NO APLICA,,,,,,CON SITUACION DE FONDOS,NO APLICA,NO DEFINIDO,0.0,3000.0,3000.0
10351427,20221201,923272885,E.S.P Por Santa Rosa Sostenible S.A.S,2.3.2.01.01.003,MAQUINARIA Y EQUIPO,GASTOS,INVERSION,ADQUISICION DE BIENES Y SERVICIOS,ADQUISICION DE ACTIVOS NO FINANCIEROS,ACTIVOS FIJOS,MAQUINARIA Y EQUIPO,No Aplica,No Aplica,No Aplica,No Aplica,VIGENCIA ACTUAL,ENTIDADES DIFERENTES A ENTIDADES TERRITORIALES - GESTION GENERAL,NO DEFINIDO,NO DEFINIDO,NO DEFINIDO,,,2022,Cuarto Trimestre,,,,NO DEFINIDO,NO DEFINIDO,,,,,,NO DEFINIDO,,,,,,NO DEFINIDO,NO DEFINIDO,NO DEFINIDO,0.0,8550000.0,8550000.0
10352763,20210601,923272885,E.S.P Por Santa Rosa Sostenible S.A.S,2.1.2.02.02.006,"COMERCIO Y DISTRIBUCION; ALOJAMIENTO; SERVICIOS DE SUMINISTRO DE COMIDAS Y BEBIDAS; SERVICIOS DE TRANSPORTE; Y SERVICIOS DE DISTRIBUCION DE ELECTRICIDAD, GAS Y AGUA",GASTOS,FUNCIONAMIENTO,ADQUISICION DE BIENES Y SERVICIOS,ADQUISICIONES DIFERENTES DE ACTIVOS,ADQUISICION DE SERVICIOS,"COMERCIO Y DISTRIBUCION; ALOJAMIENTO; SERVICIOS DE SUMINISTRO DE COMIDAS Y BEBIDAS; SERVICIOS DE TRANSPORTE; Y SERVICIOS DE DISTRIBUCION DE ELECTRICIDAD, GAS Y AGUA",No Aplica,No Aplica,No Aplica,No Aplica,VIGENCIA ACTUAL,ENTIDADES TERRITORIALES - SERVICIOS PUBLICOS,NO DEFINIDO,NO DEFINIDO,NO APLICA,,,2021,Segundo Trimestre,,,,84222 - SERVICIOS DE ACCESO A INTERNET DE BANDA ANCHA,1.2.3.2.09 - VENTA DE BIENES Y SERVICIOS,,,,,,NO APLICA,,,,,,CON SITUACION DE FONDOS,NO APLICA,NO DEFINIDO,0.0,480000.0,480000.0
10359476,20221201,923272885,E.S.P Por Santa Rosa Sostenible S.A.S,2.1.8.04,CONTRIBUCIONES,GASTOS,FUNCIONAMIENTO,"GASTOS POR TRIBUTOS, TASAS, CONTRIBUCIONES, MULTAS, SANCIONES E INTERESES DE MORA",CONTRIBUCIONES,No Aplica,No Aplica,No Aplica,No Aplica,No Aplica,No Aplica,VIGENCIA ACTUAL,ENTIDADES DIFERENTES A ENTIDADES TERRITORIALES - GESTION GENERAL,NO DEFINIDO,NO DEFINIDO,NO DEFINIDO,,,2022,Cuarto Trimestre,,,,NO DEFINIDO,NO DEFINIDO,,,,,,NO DEFINIDO,,,,,,NO DEFINIDO,NO DEFINIDO,NO DEFINIDO,0.0,4175375.0,4175375.0
10363705,20230301,923272885,E.S.P Por Santa Rosa Sostenible S.A.S,2.1.2.02,ADQUISICIONES DIFERENTES DE ACTIVOS,GASTOS,FUNCIONAMIENTO,ADQUISICION DE BIENES Y SERVICIOS,ADQUISICIONES DIFERENTES DE ACTIVOS,No Aplica,No Aplica,No Aplica,No Aplica,No Aplica,No Aplica,VIGENCIA ACTUAL,ENTIDADES DIFERENTES A ENTIDADES TERRITORIALES - GESTION GENERAL,NO DEFINIDO,NO DEFINIDO,NO DEFINIDO,,,2023,Primer Trimestre,,,,NO DEFINIDO,NO DEFINIDO,,,,,,NO DEFINIDO,,,,,,NO DEFINIDO,NO DEFINIDO,NO DEFINIDO,0.0,1242267043.0,1236477043.0
10364674,20211201,923272885,E.S.P Por Santa Rosa Sostenible S.A.S,2.1.2.02.02.007,SERVICIOS FINANCIEROS Y SERVICIOS CONEXOS; SERVICIOS INMOBILIARIOS; Y SERVICIOS DE ARRENDAMIENTO Y LEASING,GASTOS,FUNCIONAMIENTO,ADQUISICION DE BIENES Y SERVICIOS,ADQUISICIONES DIFERENTES DE ACTIVOS,ADQUISICION DE SERVICIOS,SERVICIOS FINANCIEROS Y SERVICIOS CONEXOS; SERVICIOS INMOBILIARIOS; Y SERVICIOS DE ARRENDAMIENTO Y LEASING,No Aplica,No Aplica,No Aplica,No Aplica,VIGENCIA ACTUAL,ENTIDADES TERRITORIALES - SERVICIOS PUBLICOS,NO DEFINIDO,NO DEFINIDO,NO APLICA,,,2021,Cuarto Trimestre,,,,SERVICIOS DE SEGUROS DE CUMPLIMIENTO,OTRAS CONTRIBUCIONES CON DESTINACION ESPECIFICA LEGAL,,,,,,NO APLICA,,,,,,CON SITUACION DE FONDOS,OTRO,NO DEFINIDO,0.0,134982.0,134982.0
10370767,20211201,923272885,E.S.P Por Santa Rosa Sostenible S.A.S,2.1.2.01.01.005.02.03.01.01,PAQUETES DE SOFTWARE,GASTOS,FUNCIONAMIENTO,ADQUISICION DE BIENES Y SERVICIOS,ADQUISICION DE ACTIVOS NO FINANCIEROS,ACTIVOS FIJOS,OTROS ACTIVOS FIJOS,PRODUCTOS DE LA PROPIEDAD INTELECTUAL,PROGRAMAS DE INFORMATICA Y BASES DE DATOS,PROGRAMAS DE INFORMATICA,PAQUETES DE SOFTWARE,VIGENCIA ACTUAL,ENTIDADES TERRITORIALES - SERVICIOS PUBLICOS,NO DEFINIDO,NO DEFINIDO,NO APLICA,,,2021,Cuarto Trimestre,,,,NO APLICA,OTRAS CONTRIBUCIONES CON DESTINACION ESPECIFICA LEGAL,,,,,,NO APLICA,,,,,,CON SITUACION DE FONDOS,OTRO,NO DEFINIDO,0.0,4035000.0,4035000.0
10381584,20210901,923272885,E.S.P Por Santa Rosa Sostenible S.A.S,2.1.1.01.02.004,APORTES A CAJAS DE COMPENSACION FAMILIAR,GASTOS,FUNCIONAMIENTO,GASTOS DE PERSONAL,PLANTA DE PERSONAL PERMANENTE,CONTRIBUCIONES INHERENTES A LA NOMINA,APORTES A CAJAS DE COMPENSACION FAMILIAR,No Aplica,No Aplica,No Aplica,No Aplica,VIGENCIA ACTUAL,ENTIDADES TERRITORIALES - SERVICIOS PUBLICOS,NO DEFINIDO,NO DEFINIDO,NO APLICA,,,2021,Tercer Trimestre,,,,NO APLICA,1.2.3.2.09 - VENTA DE BIENES Y SERVICIOS,,,,,,NO APLICA,,,,,,CON SITUACION DE FONDOS,OTRO,NO DEFINIDO,0.0,1689400.0,1689400.0
10386996,20221201,923272885,E.S.P Por Santa Rosa Sostenible S.A.S,2.3.2.01.01.004,ACTIVOS FIJOS NO CLASIFICADOS COMO MAQUINARIA Y EQUIPO,GASTOS,INVERSION,ADQUISICION DE BIENES Y SERVICIOS,ADQUISICION DE ACTIVOS NO FINANCIEROS,ACTIVOS FIJOS,ACTIVOS FIJOS NO CLASIFICADOS COMO MAQUINARIA Y EQUIPO,No Aplica,No Aplica,No Aplica,No Aplica,VIGENCIA ACTUAL,ENTIDADES DIFERENTES A ENTIDADES TERRITORIALES - GESTION GENERAL,NO DEFINIDO,NO DEFINIDO,NO DEFINIDO,,,2022,Cuarto Trimestre,,,,NO DEFINIDO,NO DEFINIDO,,,,,,NO DEFINIDO,,,,,,NO DEFINIDO,NO DEFINIDO,NO DEFINIDO,0.0,10430000.0,10430000.0
10398407,20221201,923272885,E.S.P Por Santa Rosa Sostenible S.A.S,2.1.1.01.01.001.07,BONIFICACION POR SERVICIOS PRESTADOS,GASTOS,FUNCIONAMIENTO,GASTOS DE PERSONAL,PLANTA DE PERSONAL PERMANENTE,FACTORES CONSTITUTIVOS DE SALARIO,FACTORES SALARIALES COMUNES,BONIFICACION POR SERVICIOS PRESTADOS,No Aplica,No Aplica,No Aplica,VIGENCIA ACTUAL,ENTIDADES DIFERENTES A ENTIDADES TERRITORIALES - GESTION GENERAL,NO DEFINIDO,NO DEFINIDO,NO APLICA,,,2022,Cuarto Trimestre,,,,NO APLICA,IMPUESTO - SOBRETASA POR EL ALUMBRADO PUBLICO,,,,,,NO APLICA,,,,,,CON SITUACION DE FONDOS,NO APLICA,NO DEFINIDO,0.0,2091429.0,2091429.0
10400357,20220301,923272885,E.S.P Por Santa Rosa Sostenible S.A.S,2.1.1.01,PLANTA DE PERSONAL PERMANENTE,GASTOS,FUNCIONAMIENTO,GASTOS DE PERSONAL,PLANTA DE PERSONAL PERMANENTE,No Aplica,No Aplica,No Aplica,No Aplica,No Aplica,No Aplica,VIGENCIA ACTUAL,ENTIDADES DIFERENTES A ENTIDADES TERRITORIALES - GESTION GENERAL,NO DEFINIDO,NO DEFINIDO,NO DEFINIDO,,,2022,Primer Trimestre,,,,NO DEFINIDO,NO DEFINIDO,,,,,,NO DEFINIDO,,,,,,NO DEFINIDO,NO DEFINIDO,NO DEFINIDO,0.0,25921568.0,25921568.0
10402496,20210601,923272885,E.S.P Por Santa Rosa Sostenible S.A.S,2.4.5,GASTOS DE COMERCIALIZACION Y PRODUCCION,GASTOS,GASTOS DE OPERACION COMERCIAL,GASTOS DE COMERCIALIZACION Y PRODUCCION,No Aplica,No Aplica,No Aplica,No Aplica,No Aplica,No Aplica,No Aplica,VIGENCIA ACTUAL,ENTIDADES TERRITORIALES - SERVICIOS PUBLICOS,NO DEFINIDO,NO DEFINIDO,NO DEFINIDO,,,2021,Segundo Trimestre,,,,NO DEFINIDO,NO DEFINIDO,,,,,,NO DEFINIDO,,,,,,NO DEFINIDO,NO DEFINIDO,NO DEFINIDO,0.0,942944102.0,942944102.0
10405769,20210301,923272885,E.S.P Por Santa Rosa Sostenible S.A.S,2.1.1.01.02.002,APORTES A LA SEGURIDAD SOCIAL EN SALUD,GASTOS,FUNCIONAMIENTO,GASTOS DE PERSONAL,PLANTA DE PERSONAL PERMANENTE,CONTRIBUCIONES INHERENTES A LA NOMINA,APORTES A LA SEGURIDAD SOCIAL EN SALUD,No Aplica,No Aplica,No Aplica,No Aplica,VIGENCIA ACTUAL,ENTIDADES TERRITORIALES - SERVICIOS PUBLICOS,NO DEFINIDO,NO DEFINIDO,NO APLICA,,,2021,Primer Trimestre,,,,NO APLICA,1.2.3.2.09 - VENTA DE BIENES Y SERVICIOS,,,,,,NO APLICA,,,,,,CON SITUACION DE FONDOS,NO APLICA,NO DEFINIDO,0.0,748000.0,748000.0
10418361,20230301,923272885,E.S.P Por Santa Rosa Sostenible S.A.S,2.1.1.01.02.001,APORTES A LA SEGURIDAD SOCIAL EN PENSIONES,GASTOS,FUNCIONAMIENTO,GASTOS DE PERSONAL,PLANTA DE PERSONAL PERMANENTE,CONTRIBUCIONES INHERENTES A LA NOMINA,APORTES A LA SEGURIDAD SOCIAL EN PENSIONES,No Aplica,No Aplica,No Aplica,No Aplica,VIGENCIA ACTUAL,ENTIDADES DIFERENTES A ENTIDADES TERRITORIALES - GESTION GENERAL,NO DEFINIDO,NO DEFINIDO,NO APLICA,,,2023,Primer Trimestre,,,,NO APLICA,R.B. IMPUESTO DE ALUMBRADO PUBLICO,,,,,,NO APLICA,,,,,,CON SITUACION DE FONDOS,NO APLICA,NO DEFINIDO,0.0,2151620.0,2151620.0
10422508,20220301,923272885,E.S.P Por Santa Rosa Sostenible S.A.S,2.1,FUNCIONAMIENTO,GASTOS,FUNCIONAMIENTO,No Aplica,No Aplica,No Aplica,No Aplica,No Aplica,No Aplica,No Aplica,No Aplica,VIGENCIA ACTUAL,ENTIDADES DIFERENTES A ENTIDADES TERRITORIALES - GESTION GENERAL,NO DEFINIDO,NO DEFINIDO,NO DEFINIDO,,,2022,Primer Trimestre,,,,NO DEFINIDO,NO DEFINIDO,,,,,,NO DEFINIDO,,,,,,NO DEFINIDO,NO DEFINIDO,NO DEFINIDO,0.0,574703630.0,533327151.0
10426548,20230301,923272885,E.S.P Por Santa Rosa Sostenible S.A.S,2.1.2.02.02.008,SERVICIOS PRESTADOS A LAS EMPRESAS Y SERVICIOS DE PRODUCCION,GASTOS,FUNCIONAMIENTO,ADQUISICION DE BIENES Y SERVICIOS,ADQUISICIONES DIFERENTES DE ACTIVOS,ADQUISICION DE SERVICIOS,SERVICIOS PRESTADOS A LAS EMPRESAS Y SERVICIOS DE PRODUCCION,No Aplica,No Aplica,No Aplica,No Aplica,VIGENCIA ACTUAL,ENTIDADES DIFERENTES A ENTIDADES TERRITORIALES - GESTION GENERAL,NO DEFINIDO,NO DEFINIDO,NO APLICA,,,2023,Primer Trimestre,,,,SERVICIOS DE CONTABILIDAD,R.B. IMPUESTO DE ALUMBRADO PUBLICO,,,,,,NO APLICA,,,,,,CON SITUACION DE FONDOS,NO APLICA,NO DEFINIDO,0.0,5790000.0,3860000.0
10428266,20211201,923272885,E.S.P Por Santa Rosa Sostenible S.A.S,2.1.8.05.01,MULTAS Y SANCIONES,GASTOS,FUNCIONAMIENTO,"GASTOS POR TRIBUTOS, TASAS, CONTRIBUCIONES, MULTAS, SANCIONES E INTERESES DE MORA","MULTAS, SANCIONES E INTERESES DE MORA",MULTAS Y SANCIONES,No Aplica,No Aplica,No Aplica,No Aplica,No Aplica,VIGENCIA ACTUAL,ENTIDADES TERRITORIALES - SERVICIOS PUBLICOS,NO DEFINIDO,NO DEFINIDO,NO DEFINIDO,,,2021,Cuarto Trimestre,,,,NO DEFINIDO,NO DEFINIDO,,,,,,NO DEFINIDO,,,,,,NO DEFINIDO,NO DEFINIDO,NO DEFINIDO,0.0,712000.0,712000.0
10433531,20230601,923272885,E.S.P Por Santa Rosa Sostenible S.A.S,2.1.8.01,IMPUESTOS,GASTOS,FUNCIONAMIENTO,"GASTOS POR TRIBUTOS, TASAS, CONTRIBUCIONES, MULTAS, SANCIONES E INTERESES DE MORA",IMPUESTOS,No Aplica,No Aplica,No Aplica,No Aplica,No Aplica,No Aplica,VIGENCIA ACTUAL,ENTIDADES DIFERENTES A ENTIDADES TERRITORIALES - GESTION GENERAL,NO DEFINIDO,NO DEFINIDO,NO DEFINIDO,,,2023,Segundo Trimestre,,,,NO DEFINIDO,NO DEFINIDO,,,,,,NO DEFINIDO,,,,,,NO DEFINIDO,NO DEFINIDO,NO DEFINIDO,0.0,3704173.0,3704173.0
10434805,20220901,923272885,E.S.P Por Santa Rosa Sostenible S.A.S,2.1.8.01.14,GRAVAMEN A LOS MOVIMIENTOS FINANCIEROS,GASTOS,FUNCIONAMIENTO,"GASTOS POR TRIBUTOS, TASAS, CONTRIBUCIONES, MULTAS, SANCIONES E INTERESES DE MORA",IMPUESTOS,GRAVAMEN A LOS MOVIMIENTOS FINANCIEROS,No Aplica,No Aplica,No Aplica,No Aplica,No Aplica,VIGENCIA ACTUAL,ENTIDADES DIFERENTES A ENTIDADES TERRITORIALES - GESTION GENERAL,NO DEFINIDO,NO DEFINIDO,NO APLICA,,,2022,Tercer Trimestre,,,,NO APLICA,IMPUESTO - SOBRETASA POR EL ALUMBRADO PUBLICO,,,,,,NO APLICA,,,,,,CON SITUACION DE FONDOS,NO APLICA,NO DEFINIDO,0.0,2269076.0,2269076.0
10461167,20230301,923272885,E.S.P Por Santa Rosa Sostenible S.A.S,2.1.2.02.02.008,SERVICIOS PRESTADOS A LAS EMPRESAS Y SERVICIOS DE PRODUCCION,GASTOS,FUNCIONAMIENTO,ADQUISICION DE BIENES Y SERVICIOS,ADQUISICIONES DIFERENTES DE ACTIVOS,ADQUISICION DE SERVICIOS,SERVICIOS PRESTADOS A LAS EMPRESAS Y SERVICIOS DE PRODUCCION,No Aplica,No Aplica,No Aplica,No Aplica,VIGENCIA ACTUAL,ENTIDADES DIFERENTES A ENTIDADES TERRITORIALES - GESTION GENERAL,NO DEFINIDO,NO DEFINIDO,NO APLICA,,,2023,Primer Trimestre,,,,SOFTWARE ORIGINALES,R.B. IMPUESTO DE ALUMBRADO PUBLICO,,,,,,NO APLICA,,,,,,CON SITUACION DE FONDOS,NO APLICA,NO DEFINIDO,0.0,310000.0,310000.0
10471589,20221201,923272885,E.S.P Por Santa Rosa Sostenible S.A.S,2.1.2.02.02.008,SERVICIOS PRESTADOS A LAS EMPRESAS Y SERVICIOS DE PRODUCCION,GASTOS,FUNCIONAMIENTO,ADQUISICION DE BIENES Y SERVICIOS,ADQUISICIONES DIFERENTES DE ACTIVOS,ADQUISICION DE SERVICIOS,SERVICIOS PRESTADOS A LAS EMPRESAS Y SERVICIOS DE PRODUCCION,No Aplica,No Aplica,No Aplica,No Aplica,VIGENCIA ACTUAL,ENTIDADES DIFERENTES A ENTIDADES TERRITORIALES - GESTION GENERAL,NO DEFINIDO,NO DEFINIDO,NO APLICA,,,2022,Cuarto Trimestre,,,,SERVICIOS DE ACCESO A INTERNET DE BANDA ANCHA,IMPUESTO - SOBRETASA POR EL ALUMBRADO PUBLICO,,,,,,NO APLICA,,,,,,CON SITUACION DE FONDOS,NO APLICA,NO DEFINIDO,0.0,867351.0,867351.0
10472351,20210601,923272885,E.S.P Por Santa Rosa Sostenible S.A.S,2.1.2.01.01.003.03.01,"MAQUINAS PARA OFICINA Y CONTABILIDAD, Y SUS PARTES Y ACCESORIOS",GASTOS,FUNCIONAMIENTO,ADQUISICION DE BIENES Y SERVICIOS,ADQUISICION DE ACTIVOS NO FINANCIEROS,ACTIVOS FIJOS,MAQUINARIA Y EQUIPO,"MAQUINARIA DE OFICINA, CONTABILIDAD E INFORMATICA","MAQUINAS PARA OFICINA Y CONTABILIDAD, Y SUS PARTES Y ACCESORIOS",No Aplica,No Aplica,VIGENCIA ACTUAL,ENTIDADES TERRITORIALES - SERVICIOS PUBLICOS,NO DEFINIDO,NO DEFINIDO,NO APLICA,,,2021,Segundo Trimestre,,,,62283 - COMERCIO AL POR MENOR DE MAQUINARIA Y EQUIPO DE OFICINA INCLUYENDO LOS MUEBLES DE OFICINA EN ESTABLECIMIENTOS ESPECIALIZADOS,1.2.3.2.09 - VENTA DE BIENES Y SERVICIOS,,,,,,NO APLICA,,,,,,CON SITUACION DE FONDOS,NO APLICA,NO DEFINIDO,0.0,135400.0,135400.0
10476233,20210301,923272885,E.S.P Por Santa Rosa Sostenible S.A.S,2.1.2.02,ADQUISICIONES DIFERENTES DE ACTIVOS,GASTOS,FUNCIONAMIENTO,ADQUISICION DE BIENES Y SERVICIOS,ADQUISICIONES DIFERENTES DE ACTIVOS,No Aplica,No Aplica,No Aplica,No Aplica,No Aplica,No Aplica,VIGENCIA ACTUAL,ENTIDADES TERRITORIALES - SERVICIOS PUBLICOS,NO DEFINIDO,NO DEFINIDO,NO DEFINIDO,,,2021,Primer Trimestre,,,,NO DEFINIDO,NO DEFINIDO,,,,,,NO DEFINIDO,,,,,,NO DEFINIDO,NO DEFINIDO,NO DEFINIDO,0.0,18659972.0,18659972.0
10477676,20220301,923272885,E.S.P Por Santa Rosa Sostenible S.A.S,2.3.2.01.01.003.03.02,"MAQUINARIA DE INFORMATICA Y SUS PARTES, PIEZAS Y ACCESORIOS",GASTOS,INVERSION,ADQUISICION DE BIENES Y SERVICIOS,ADQUISICION DE ACTIVOS NO FINANCIEROS,ACTIVOS FIJOS,MAQUINARIA Y EQUIPO,"MAQUINARIA DE OFICINA, CONTABILIDAD E INFORMATICA","MAQUINARIA DE INFORMATICA Y SUS PARTES, PIEZAS Y ACCESORIOS",No Aplica,No Aplica,VIGENCIA ACTUAL,ENTIDADES DIFERENTES A ENTIDADES TERRITORIALES - GESTION GENERAL,NO DEFINIDO,NO DEFINIDO,NO APLICA,,,2022,Primer Trimestre,,,,NO APLICA,IMPUESTO - SOBRETASA POR EL ALUMBRADO PUBLICO,,,,,,NO APLICA,,,,,,CON SITUACION DE FONDOS,OTRO,NO DEFINIDO,0.0,8550000.0,8550000.0
10496814,20210301,923272885,E.S.P Por Santa Rosa Sostenible S.A.S,2.1.8,"GASTOS POR TRIBUTOS, TASAS, CONTRIBUCIONES, MULTAS, SANCIONES E INTERESES DE MORA",GASTOS,FUNCIONAMIENTO,"GASTOS POR TRIBUTOS, TASAS, CONTRIBUCIONES, MULTAS, SANCIONES E INTERESES DE MORA",No Aplica,No Aplica,No Aplica,No Aplica,No Aplica,No Aplica,No Aplica,VIGENCIA ACTUAL,ENTIDADES TERRITORIALES - SERVICIOS PUBLICOS,NO DEFINIDO,NO DEFINIDO,NO DEFINIDO,,,2021,Primer Trimestre,,,,NO DEFINIDO,NO DEFINIDO,,,,,,NO DEFINIDO,,,,,,NO DEFINIDO,NO DEFINIDO,NO DEFINIDO,0.0,5916089.0,5916089.0
10506730,20220301,923272885,E.S.P Por Santa Rosa Sostenible S.A.S,2.1.1.01.02.004,APORTES A CAJAS DE COMPENSACION FAMILIAR,GASTOS,FUNCIONAMIENTO,GASTOS DE PERSONAL,PLANTA DE PERSONAL PERMANENTE,CONTRIBUCIONES INHERENTES A LA NOMINA,APORTES A CAJAS DE COMPENSACION FAMILIAR,No Aplica,No Aplica,No Aplica,No Aplica,VIGENCIA ACTUAL,ENTIDADES DIFERENTES A ENTIDADES TERRITORIALES - GESTION GENERAL,NO DEFINIDO,NO DEFINIDO,NO APLICA,,,2022,Primer Trimestre,,,,NO APLICA,IMPUESTO - SOBRETASA POR EL ALUMBRADO PUBLICO,,,,,,NO APLICA,,,,,,CON SITUACION DE FONDOS,OTRO,NO DEFINIDO,0.0,222900.0,222900.0
10510954,20210601,923272885,E.S.P Por Santa Rosa Sostenible S.A.S,2.1.2.01.01.003.03,"MAQUINARIA DE OFICINA, CONTABILIDAD E INFORMATICA",GASTOS,FUNCIONAMIENTO,ADQUISICION DE BIENES Y SERVICIOS,ADQUISICION DE ACTIVOS NO FINANCIEROS,ACTIVOS FIJOS,MAQUINARIA Y EQUIPO,"MAQUINARIA DE OFICINA, CONTABILIDAD E INFORMATICA",No Aplica,No Aplica,No Aplica,VIGENCIA ACTUAL,ENTIDADES TERRITORIALES - SERVICIOS PUBLICOS,NO DEFINIDO,NO DEFINIDO,NO DEFINIDO,,,2021,Segundo Trimestre,,,,NO DEFINIDO,NO DEFINIDO,,,,,,NO DEFINIDO,,,,,,NO DEFINIDO,NO DEFINIDO,NO DEFINIDO,0.0,135400.0,135400.0
10529408,20220901,923272885,E.S.P Por Santa Rosa Sostenible S.A.S,2.1.1.01.01.001.01,SUELDO BASICO,GASTOS,FUNCIONAMIENTO,GASTOS DE PERSONAL,PLANTA DE PERSONAL PERMANENTE,FACTORES CONSTITUTIVOS DE SALARIO,FACTORES SALARIALES COMUNES,SUELDO BASICO,No Aplica,No Aplica,No Aplica,VIGENCIA ACTUAL,ENTIDADES DIFERENTES A ENTIDADES TERRITORIALES - GESTION GENERAL,NO DEFINIDO,NO DEFINIDO,NO APLICA,,,2022,Tercer Trimestre,,,,NO APLICA,IMPUESTO - SOBRETASA POR EL ALUMBRADO PUBLICO,,,,,,NO APLICA,,,,,,CON SITUACION DE FONDOS,NO APLICA,NO DEFINIDO,0.0,49883660.0,49883660.0
10530363,20211201,923272885,E.S.P Por Santa Rosa Sostenible S.A.S,2.1.8.04,CONTRIBUCIONES,GASTOS,FUNCIONAMIENTO,"GASTOS POR TRIBUTOS, TASAS, CONTRIBUCIONES, MULTAS, SANCIONES E INTERESES DE MORA",CONTRIBUCIONES,No Aplica,No Aplica,No Aplica,No Aplica,No Aplica,No Aplica,VIGENCIA ACTUAL,ENTIDADES TERRITORIALES - SERVICIOS PUBLICOS,NO DEFINIDO,NO DEFINIDO,NO DEFINIDO,,,2021,Cuarto Trimestre,,,,NO DEFINIDO,NO DEFINIDO,,,,,,NO DEFINIDO,,,,,,NO DEFINIDO,NO DEFINIDO,NO DEFINIDO,0.0,5487889.0,5487889.0
10545263,20210901,923272885,E.S.P Por Santa Rosa Sostenible S.A.S,2.1.2.02.02.008,SERVICIOS PRESTADOS A LAS EMPRESAS Y SERVICIOS DE PRODUCCION,GASTOS,FUNCIONAMIENTO,ADQUISICION DE BIENES Y SERVICIOS,ADQUISICIONES DIFERENTES DE ACTIVOS,ADQUISICION DE SERVICIOS,SERVICIOS PRESTADOS A LAS EMPRESAS Y SERVICIOS DE PRODUCCION,No Aplica,No Aplica,No Aplica,No Aplica,VIGENCIA ACTUAL,ENTIDADES TERRITORIALES - SERVICIOS PUBLICOS,NO DEFINIDO,NO DEFINIDO,NO APLICA,,,2021,Tercer Trimestre,,,,82221 - SERVICIOS DE CONTABILIDAD,1.2.3.2.09 - VENTA DE BIENES Y SERVICIOS,,,,,,NO APLICA,,,,,,CON SITUACION DE FONDOS,OTRO,NO DEFINIDO,0.0,16444092.0,16444092.0
10550539,20210901,923272885,E.S.P Por Santa Rosa Sostenible S.A.S,2.4.5.02,ADQUISICION DE SERVICIOS,GASTOS,GASTOS DE OPERACION COMERCIAL,GASTOS DE COMERCIALIZACION Y PRODUCCION,ADQUISICION DE SERVICIOS,No Aplica,No Aplica,No Aplica,No Aplica,No Aplica,No Aplica,VIGENCIA ACTUAL,ENTIDADES TERRITORIALES - SERVICIOS PUBLICOS,NO DEFINIDO,NO DEFINIDO,NO DEFINIDO,,,2021,Tercer Trimestre,,,,NO DEFINIDO,NO DEFINIDO,,,,,,NO DEFINIDO,,,,,,NO DEFINIDO,NO DEFINIDO,NO DEFINIDO,0.0,1315839067.0,1315839067.0
10561814,20220901,923272885,E.S.P Por Santa Rosa Sostenible S.A.S,2.1.2.02.01.003,"OTROS BIENES TRANSPORTABLES EXCEPTO PRODUCTOS METALICOS, MAQUINARIA Y EQUIPO",GASTOS,FUNCIONAMIENTO,ADQUISICION DE BIENES Y SERVICIOS,ADQUISICIONES DIFERENTES DE ACTIVOS,MATERIALES Y SUMINISTROS,"OTROS BIENES TRANSPORTABLES EXCEPTO PRODUCTOS METALICOS, MAQUINARIA Y EQUIPO",No Aplica,No Aplica,No Aplica,No Aplica,VIGENCIA ACTUAL,ENTIDADES DIFERENTES A ENTIDADES TERRITORIALES - GESTION GENERAL,NO DEFINIDO,NO DEFINIDO,NO APLICA,,,2022,Tercer Trimestre,,,,ARTICULOS N C P PARA ESCRITORIO Y OFICINA,IMPUESTO - SOBRETASA POR EL ALUMBRADO PUBLICO,,,,,,NO APLICA,,,,,,CON SITUACION DE FONDOS,NO APLICA,NO DEFINIDO,0.0,1806640.0,1806640.0
10575134,20211201,923272885,E.S.P Por Santa Rosa Sostenible S.A.S,2.1.8.01.14,GRAVAMEN A LOS MOVIMIENTOS FINANCIEROS,GASTOS,FUNCIONAMIENTO,"GASTOS POR TRIBUTOS, TASAS, CONTRIBUCIONES, MULTAS, SANCIONES E INTERESES DE MORA",IMPUESTOS,GRAVAMEN A LOS MOVIMIENTOS FINANCIEROS,No Aplica,No Aplica,No Aplica,No Aplica,No Aplica,VIGENCIA ACTUAL,ENTIDADES TERRITORIALES - SERVICIOS PUBLICOS,NO DEFINIDO,NO DEFINIDO,NO APLICA,,,2021,Cuarto Trimestre,,,,NO APLICA,OTRAS CONTRIBUCIONES CON DESTINACION ESPECIFICA LEGAL,,,,,,NO APLICA,,,,,,CON SITUACION DE FONDOS,E.S.P POR SANTA ROSA SOSTENIBLE S.A.S,NO DEFINIDO,0.0,678590.0,678590.0
10575780,20230601,923272885,E.S.P Por Santa Rosa Sostenible S.A.S,2.3.2,ADQUISICION DE BIENES Y SERVICIOS,GASTOS,INVERSION,ADQUISICION DE BIENES Y SERVICIOS,No Aplica,No Aplica,No Aplica,No Aplica,No Aplica,No Aplica,No Aplica,VIGENCIA ACTUAL,ENTIDADES DIFERENTES A ENTIDADES TERRITORIALES - GESTION GENERAL,NO DEFINIDO,NO DEFINIDO,NO DEFINIDO,,,2023,Segundo Trimestre,,,,NO DEFINIDO,NO DEFINIDO,,,,,,NO DEFINIDO,,,,,,NO DEFINIDO,NO DEFINIDO,NO DEFINIDO,0.0,414215.0,414215.0
10576069,20211201,923272885,E.S.P Por Santa Rosa Sostenible S.A.S,2.4.5.02.06,"COMERCIO Y DISTRIBUCION; ALOJAMIENTO; SERVICIOS DE SUMINISTRO DE COMIDAS Y BEBIDAS; SERVICIOS DE TRANSPORTE; Y SERVICIOS DE DISTRIBUCION DE ELECTRICIDAD, GAS Y AGUA",GASTOS,GASTOS DE OPERACION COMERCIAL,GASTOS DE COMERCIALIZACION Y PRODUCCION,ADQUISICION DE SERVICIOS,"COMERCIO Y DISTRIBUCION; ALOJAMIENTO; SERVICIOS DE SUMINISTRO DE COMIDAS Y BEBIDAS; SERVICIOS DE TRANSPORTE; Y SERVICIOS DE DISTRIBUCION DE ELECTRICIDAD, GAS Y AGUA",No Aplica,No Aplica,No Aplica,No Aplica,No Aplica,VIGENCIA ACTUAL,ENTIDADES TERRITORIALES - SERVICIOS PUBLICOS,NO DEFINIDO,NO DEFINIDO,NO APLICA,,,2021,Cuarto Trimestre,,,,ENERGIA ELECTRICA,OTRAS CONTRIBUCIONES CON DESTINACION ESPECIFICA LEGAL,,,,,,NO APLICA,,,,,,CON SITUACION DE FONDOS,EMPRESAS PUBLICAS DE MEDELLIN,NO DEFINIDO,0.0,508046588.0,466703613.0
10577173,20230301,923272885,E.S.P Por Santa Rosa Sostenible S.A.S,2.1.8.01,IMPUESTOS,GASTOS,FUNCIONAMIENTO,"GASTOS POR TRIBUTOS, TASAS, CONTRIBUCIONES, MULTAS, SANCIONES E INTERESES DE MORA",IMPUESTOS,No Aplica,No Aplica,No Aplica,No Aplica,No Aplica,No Aplica,VIGENCIA ACTUAL,ENTIDADES DIFERENTES A ENTIDADES TERRITORIALES - GESTION GENERAL,NO DEFINIDO,NO DEFINIDO,NO DEFINIDO,,,2023,Primer Trimestre,,,,NO DEFINIDO,NO DEFINIDO,,,,,,NO DEFINIDO,,,,,,NO DEFINIDO,NO DEFINIDO,NO DEFINIDO,0.0,2895536.0,2895536.0
10580352,20211201,923272885,E.S.P Por Santa Rosa Sostenible S.A.S,2.1.2.02.02.008,SERVICIOS PRESTADOS A LAS EMPRESAS Y SERVICIOS DE PRODUCCION,GASTOS,FUNCIONAMIENTO,ADQUISICION DE BIENES Y SERVICIOS,ADQUISICIONES DIFERENTES DE ACTIVOS,ADQUISICION DE SERVICIOS,SERVICIOS PRESTADOS A LAS EMPRESAS Y SERVICIOS DE PRODUCCION,No Aplica,No Aplica,No Aplica,No Aplica,VIGENCIA ACTUAL,ENTIDADES TERRITORIALES - SERVICIOS PUBLICOS,NO DEFINIDO,NO DEFINIDO,NO APLICA,,,2021,Cuarto Trimestre,,,,SERVICIOS DE CONTABILIDAD,OTRAS CONTRIBUCIONES CON DESTINACION ESPECIFICA LEGAL,,,,,,NO APLICA,,,,,,CON SITUACION DE FONDOS,OTRO,NO DEFINIDO,0.0,22248000.0,22248000.0
10586523,20221201,923272885,E.S.P Por Santa Rosa Sostenible S.A.S,2.1.2.02.02.008,SERVICIOS PRESTADOS A LAS EMPRESAS Y SERVICIOS DE PRODUCCION,GASTOS,FUNCIONAMIENTO,ADQUISICION DE BIENES Y SERVICIOS,ADQUISICIONES DIFERENTES DE ACTIVOS,ADQUISICION DE SERVICIOS,SERVICIOS PRESTADOS A LAS EMPRESAS Y SERVICIOS DE PRODUCCION,No Aplica,No Aplica,No Aplica,No Aplica,VIGENCIA ACTUAL,ENTIDADES DIFERENTES A ENTIDADES TERRITORIALES - GESTION GENERAL,NO DEFINIDO,NO DEFINIDO,NO APLICA,,,2022,Cuarto Trimestre,,,,SERVICIOS DE GESTION Y ADMINISTRACION EMPRESARIAL OFICINA CENTRAL,IMPUESTO - SOBRETASA POR EL ALUMBRADO PUBLICO,,,,,,NO APLICA,,,,,,CON SITUACION DE FONDOS,NO APLICA,NO DEFINIDO,0.0,4400000.0,4400000.0
10594058,20211201,923272885,E.S.P Por Santa Rosa Sostenible S.A.S,2.1.2.02.02.008,SERVICIOS PRESTADOS A LAS EMPRESAS Y SERVICIOS DE PRODUCCION,GASTOS,FUNCIONAMIENTO,ADQUISICION DE BIENES Y SERVICIOS,ADQUISICIONES DIFERENTES DE ACTIVOS,ADQUISICION DE SERVICIOS,SERVICIOS PRESTADOS A LAS EMPRESAS Y SERVICIOS DE PRODUCCION,No Aplica,No Aplica,No Aplica,No Aplica,VIGENCIA ACTUAL,ENTIDADES TERRITORIALES - SERVICIOS PUBLICOS,NO DEFINIDO,NO DEFINIDO,NO APLICA,,,2021,Cuarto Trimestre,,,,OTROS SERVICIOS DIVERSOS N C P,OTRAS CONTRIBUCIONES CON DESTINACION ESPECIFICA LEGAL,,,,,,NO APLICA,,,,,,CON SITUACION DE FONDOS,OTRO,NO DEFINIDO,0.0,3243000.0,3243000.0
10600702,20221201,923272885,E.S.P Por Santa Rosa Sostenible S.A.S,2.1.2.02.02.008,SERVICIOS PRESTADOS A LAS EMPRESAS Y SERVICIOS DE PRODUCCION,GASTOS,FUNCIONAMIENTO,ADQUISICION DE BIENES Y SERVICIOS,ADQUISICIONES DIFERENTES DE ACTIVOS,ADQUISICION DE SERVICIOS,SERVICIOS PRESTADOS A LAS EMPRESAS Y SERVICIOS DE PRODUCCION,No Aplica,No Aplica,No Aplica,No Aplica,VIGENCIA ACTUAL,ENTIDADES DIFERENTES A ENTIDADES TERRITORIALES - GESTION GENERAL,NO DEFINIDO,NO DEFINIDO,NO APLICA,,,2022,Cuarto Trimestre,,,,SERVICIOS DE ASESORAMIENTO Y REPRESENTACION JURIDICA RELATIVOS A OTROS CAMPOS DEL DERECHO,IMPUESTO - SOBRETASA POR EL ALUMBRADO PUBLICO,,,,,,NO APLICA,,,,,,CON SITUACION DE FONDOS,NO APLICA,NO DEFINIDO,0.0,23160000.0,23160000.0
10603081,20211201,923272885,E.S.P Por Santa Rosa Sostenible S.A.S,2.3,INVERSION,GASTOS,INVERSION,No Aplica,No Aplica,No Aplica,No Aplica,No Aplica,No Aplica,No Aplica,No Aplica,VIGENCIA ACTUAL,ENTIDADES TERRITORIALES - SERVICIOS PUBLICOS,NO DEFINIDO,NO DEFINIDO,NO DEFINIDO,,,2021,Cuarto Trimestre,,,,NO DEFINIDO,NO DEFINIDO,,,,,,NO DEFINIDO,,,,,,NO DEFINIDO,NO DEFINIDO,NO DEFINIDO,0.0,195952400.0,195952400.0
10607087,20230301,923272885,E.S.P Por Santa Rosa Sostenible S.A.S,2.1.2.02.02.007,SERVICIOS FINANCIEROS Y SERVICIOS CONEXOS; SERVICIOS INMOBILIARIOS; Y SERVICIOS DE ARRENDAMIENTO Y LEASING,GASTOS,FUNCIONAMIENTO,ADQUISICION DE BIENES Y SERVICIOS,ADQUISICIONES DIFERENTES DE ACTIVOS,ADQUISICION DE SERVICIOS,SERVICIOS FINANCIEROS Y SERVICIOS CONEXOS; SERVICIOS INMOBILIARIOS; Y SERVICIOS DE ARRENDAMIENTO Y LEASING,No Aplica,No Aplica,No Aplica,No Aplica,VIGENCIA ACTUAL,ENTIDADES DIFERENTES A ENTIDADES TERRITORIALES - GESTION GENERAL,NO DEFINIDO,NO DEFINIDO,NO APLICA,,,2023,Primer Trimestre,,,,OTROS SERVICIOS FINANCIEROS N C P  EXCEPTO LOS SERVICIOS DE LA BANCA DE INVERSION DE SEGUROS Y DE PENSIONES,R.B. IMPUESTO DE ALUMBRADO PUBLICO,,,,,,NO APLICA,,,,,,CON SITUACION DE FONDOS,NO APLICA,NO DEFINIDO,0.0,691004.0,691004.0
10616488,20210901,923272885,E.S.P Por Santa Rosa Sostenible S.A.S,2.1.8.05.02,INTERESES DE MORA,GASTOS,FUNCIONAMIENTO,"GASTOS POR TRIBUTOS, TASAS, CONTRIBUCIONES, MULTAS, SANCIONES E INTERESES DE MORA","MULTAS, SANCIONES E INTERESES DE MORA",INTERESES DE MORA,No Aplica,No Aplica,No Aplica,No Aplica,No Aplica,VIGENCIA ACTUAL,ENTIDADES TERRITORIALES - SERVICIOS PUBLICOS,NO DEFINIDO,NO DEFINIDO,NO APLICA,,,2021,Tercer Trimestre,,,,NO APLICA,1.2.3.2.09 - VENTA DE BIENES Y SERVICIOS,,,,,,NO APLICA,,,,,,CON SITUACION DE FONDOS,DIRECCION DE IMPUESTOS Y ADUANAS NACIONALES,NO DEFINIDO,0.0,3000.0,3000.0
10623073,20221201,923272885,E.S.P Por Santa Rosa Sostenible S.A.S,2.1.1.01.02.002,APORTES A LA SEGURIDAD SOCIAL EN SALUD,GASTOS,FUNCIONAMIENTO,GASTOS DE PERSONAL,PLANTA DE PERSONAL PERMANENTE,CONTRIBUCIONES INHERENTES A LA NOMINA,APORTES A LA SEGURIDAD SOCIAL EN SALUD,No Aplica,No Aplica,No Aplica,No Aplica,VIGENCIA ACTUAL,ENTIDADES DIFERENTES A ENTIDADES TERRITORIALES - GESTION GENERAL,NO DEFINIDO,NO DEFINIDO,NO APLICA,,,2022,Cuarto Trimestre,,,,NO APLICA,IMPUESTO - SOBRETASA POR EL ALUMBRADO PUBLICO,,,,,,NO APLICA,,,,,,CON SITUACION DE FONDOS,NO APLICA,NO DEFINIDO,0.0,457800.0,457800.0
10624139,20220901,923272885,E.S.P Por Santa Rosa Sostenible S.A.S,2.1.1.01.01.001.05,AUXILIO DE TRANSPORTE,GASTOS,FUNCIONAMIENTO,GASTOS DE PERSONAL,PLANTA DE PERSONAL PERMANENTE,FACTORES CONSTITUTIVOS DE SALARIO,FACTORES SALARIALES COMUNES,AUXILIO DE TRANSPORTE,No Aplica,No Aplica,No Aplica,VIGENCIA ACTUAL,ENTIDADES DIFERENTES A ENTIDADES TERRITORIALES - GESTION GENERAL,NO DEFINIDO,NO DEFINIDO,NO APLICA,,,2022,Tercer Trimestre,,,,NO APLICA,IMPUESTO - SOBRETASA POR EL ALUMBRADO PUBLICO,,,,,,NO APLICA,,,,,,CON SITUACION DE FONDOS,NO APLICA,NO DEFINIDO,0.0,2177674.0,2177674.0
10625943,20210901,923272885,E.S.P Por Santa Rosa Sostenible S.A.S,2.1.2.01.01.005.02.03.01.01,PAQUETES DE SOFTWARE,GASTOS,FUNCIONAMIENTO,ADQUISICION DE BIENES Y SERVICIOS,ADQUISICION DE ACTIVOS NO FINANCIEROS,ACTIVOS FIJOS,OTROS ACTIVOS FIJOS,PRODUCTOS DE LA PROPIEDAD INTELECTUAL,PROGRAMAS DE INFORMATICA Y BASES DE DATOS,PROGRAMAS DE INFORMATICA,PAQUETES DE SOFTWARE,VIGENCIA ACTUAL,ENTIDADES TERRITORIALES - SERVICIOS PUBLICOS,NO DEFINIDO,NO DEFINIDO,NO APLICA,,,2021,Tercer Trimestre,,,,85999 - OTROS SERVICIOS DE APOYO N.C.P.,1.2.3.2.09 - VENTA DE BIENES Y SERVICIOS,,,,,,NO APLICA,,,,,,CON SITUACION DE FONDOS,OTRO,NO DEFINIDO,0.0,435000.0,435000.0
10651815,20211201,923272885,E.S.P Por Santa Rosa Sostenible S.A.S,2.1.1.01.02.005,APORTES GENERALES AL SISTEMA DE RIESGOS LABORALES,GASTOS,FUNCIONAMIENTO,GASTOS DE PERSONAL,PLANTA DE PERSONAL PERMANENTE,CONTRIBUCIONES INHERENTES A LA NOMINA,APORTES GENERALES AL SISTEMA DE RIESGOS LABORALES,No Aplica,No Aplica,No Aplica,No Aplica,VIGENCIA ACTUAL,ENTIDADES TERRITORIALES - SERVICIOS PUBLICOS,NO DEFINIDO,NO DEFINIDO,NO APLICA,,,2021,Cuarto Trimestre,,,,NO APLICA,OTRAS CONTRIBUCIONES CON DESTINACION ESPECIFICA LEGAL,,,,,,NO APLICA,,,,,,CON SITUACION DE FONDOS,OTRO,NO DEFINIDO,0.0,337200.0,308100.0
10653485,20210301,923272885,E.S.P Por Santa Rosa Sostenible S.A.S,2.1.8.01.14,GRAVAMEN A LOS MOVIMIENTOS FINANCIEROS,GASTOS,FUNCIONAMIENTO,"GASTOS POR TRIBUTOS, TASAS, CONTRIBUCIONES, MULTAS, SANCIONES E INTERESES DE MORA",IMPUESTOS,GRAVAMEN A LOS MOVIMIENTOS FINANCIEROS,No Aplica,No Aplica,No Aplica,No Aplica,No Aplica,VIGENCIA ACTUAL,ENTIDADES TERRITORIALES - SERVICIOS PUBLICOS,NO DEFINIDO,NO DEFINIDO,NO APLICA,,,2021,Primer Trimestre,,,,NO APLICA,1.2.3.2.09 - VENTA DE BIENES Y SERVICIOS,,,,,,NO APLICA,,,,,,CON SITUACION DE FONDOS,NO APLICA,NO DEFINIDO,0.0,2835689.0,2835689.0
10662328,20210601,923272885,E.S.P Por Santa Rosa Sostenible S.A.S,2.1.1.01.02.007,APORTES AL SENA,GASTOS,FUNCIONAMIENTO,GASTOS DE PERSONAL,PLANTA DE PERSONAL PERMANENTE,CONTRIBUCIONES INHERENTES A LA NOMINA,APORTES AL SENA,No Aplica,No Aplica,No Aplica,No Aplica,VIGENCIA ACTUAL,ENTIDADES TERRITORIALES - SERVICIOS PUBLICOS,NO DEFINIDO,NO DEFINIDO,NO APLICA,,,2021,Segundo Trimestre,,,,NO APLICA,1.2.3.2.09 - VENTA DE BIENES Y SERVICIOS,,,,,,NO APLICA,,,,,,CON SITUACION DE FONDOS,NO APLICA,NO DEFINIDO,0.0,111500.0,111500.0
10662558,20221201,923272885,E.S.P Por Santa Rosa Sostenible S.A.S,2.1.2.02.01.002,"PRODUCTOS ALIMENTICIOS, BEBIDAS Y TABACO, TEXTILES, PRENDAS DE VESTIR Y PRODUCTOS DE CUERO",GASTOS,FUNCIONAMIENTO,ADQUISICION DE BIENES Y SERVICIOS,ADQUISICIONES DIFERENTES DE ACTIVOS,MATERIALES Y SUMINISTROS,"PRODUCTOS ALIMENTICIOS, BEBIDAS Y TABACO, TEXTILES, PRENDAS DE VESTIR Y PRODUCTOS DE CUERO",No Aplica,No Aplica,No Aplica,No Aplica,VIGENCIA ACTUAL,ENTIDADES DIFERENTES A ENTIDADES TERRITORIALES - GESTION GENERAL,NO DEFINIDO,NO DEFINIDO,NO APLICA,,,2022,Cuarto Trimestre,,,,COMERCIO AL POR MENOR DE PRENDAS DE VESTIR ARTICULOS DE PIEL Y ACCESORIOS DE VESTIR EN ESTABLECIMIENTOS ESPECIALIZADOS,IMPUESTO - SOBRETASA POR EL ALUMBRADO PUBLICO,,,,,,NO APLICA,,,,,,CON SITUACION DE FONDOS,NO APLICA,NO DEFINIDO,0.0,600000.0,600000.0
10667300,20210601,923272885,E.S.P Por Santa Rosa Sostenible S.A.S,2.1,FUNCIONAMIENTO,GASTOS,FUNCIONAMIENTO,No Aplica,No Aplica,No Aplica,No Aplica,No Aplica,No Aplica,No Aplica,No Aplica,VIGENCIA ACTUAL,ENTIDADES TERRITORIALES - SERVICIOS PUBLICOS,NO DEFINIDO,NO DEFINIDO,NO DEFINIDO,,,2021,Segundo Trimestre,,,,NO DEFINIDO,NO DEFINIDO,,,,,,NO DEFINIDO,,,,,,NO DEFINIDO,NO DEFINIDO,NO DEFINIDO,0.0,98166247.0,98166247.0
10668674,20230601,923272885,E.S.P Por Santa Rosa Sostenible S.A.S,2.1.1.01.02.004,APORTES A CAJAS DE COMPENSACION FAMILIAR,GASTOS,FUNCIONAMIENTO,GASTOS DE PERSONAL,PLANTA DE PERSONAL PERMANENTE,CONTRIBUCIONES INHERENTES A LA NOMINA,APORTES A CAJAS DE COMPENSACION FAMILIAR,No Aplica,No Aplica,No Aplica,No Aplica,VIGENCIA ACTUAL,ENTIDADES DIFERENTES A ENTIDADES TERRITORIALES - GESTION GENERAL,NO DEFINIDO,NO DEFINIDO,NO APLICA,,,2023,Segundo Trimestre,,,,NO APLICA,R.B. IMPUESTO DE ALUMBRADO PUBLICO,,,,,,NO APLICA,,,,,,CON SITUACION DE FONDOS,NO APLICA,NO DEFINIDO,0.0,1209400.0,1209400.0
10687104,20220901,923272885,E.S.P Por Santa Rosa Sostenible S.A.S,2.1.1.01.02.007,APORTES AL SENA,GASTOS,FUNCIONAMIENTO,GASTOS DE PERSONAL,PLANTA DE PERSONAL PERMANENTE,CONTRIBUCIONES INHERENTES A LA NOMINA,APORTES AL SENA,No Aplica,No Aplica,No Aplica,No Aplica,VIGENCIA ACTUAL,ENTIDADES DIFERENTES A ENTIDADES TERRITORIALES - GESTION GENERAL,NO DEFINIDO,NO DEFINIDO,NO APLICA,,,2022,Tercer Trimestre,,,,NO APLICA,IMPUESTO - SOBRETASA POR EL ALUMBRADO PUBLICO,,,,,,NO APLICA,,,,,,CON SITUACION DE FONDOS,NO APLICA,NO DEFINIDO,0.0,150200.0,75100.0
10689562,20230601,923272885,E.S.P Por Santa Rosa Sostenible S.A.S,2.1.1.01.02.005,APORTES GENERALES AL SISTEMA DE RIESGOS LABORALES,GASTOS,FUNCIONAMIENTO,GASTOS DE PERSONAL,PLANTA DE PERSONAL PERMANENTE,CONTRIBUCIONES INHERENTES A LA NOMINA,APORTES GENERALES AL SISTEMA DE RIESGOS LABORALES,No Aplica,No Aplica,No Aplica,No Aplica,VIGENCIA ACTUAL,ENTIDADES DIFERENTES A ENTIDADES TERRITORIALES - GESTION GENERAL,NO DEFINIDO,NO DEFINIDO,NO APLICA,,,2023,Segundo Trimestre,,,,NO APLICA,R.B. IMPUESTO DE ALUMBRADO PUBLICO,,,,,,NO APLICA,,,,,,CON SITUACION DE FONDOS,NO APLICA,NO DEFINIDO,0.0,158400.0,158400.0
10692687,20221201,923272885,E.S.P Por Santa Rosa Sostenible S.A.S,2.1.2.02.02.007,SERVICIOS FINANCIEROS Y SERVICIOS CONEXOS; SERVICIOS INMOBILIARIOS; Y SERVICIOS DE ARRENDAMIENTO Y LEASING,GASTOS,FUNCIONAMIENTO,ADQUISICION DE BIENES Y SERVICIOS,ADQUISICIONES DIFERENTES DE ACTIVOS,ADQUISICION DE SERVICIOS,SERVICIOS FINANCIEROS Y SERVICIOS CONEXOS; SERVICIOS INMOBILIARIOS; Y SERVICIOS DE ARRENDAMIENTO Y LEASING,No Aplica,No Aplica,No Aplica,No Aplica,VIGENCIA ACTUAL,ENTIDADES DIFERENTES A ENTIDADES TERRITORIALES - GESTION GENERAL,NO DEFINIDO,NO DEFINIDO,NO APLICA,,,2022,Cuarto Trimestre,,,,SERVICIOS DE SEGUROS DE CUMPLIMIENTO,IMPUESTO - SOBRETASA POR EL ALUMBRADO PUBLICO,,,,,,NO APLICA,,,,,,CON SITUACION DE FONDOS,NO APLICA,NO DEFINIDO,0.0,1631080.0,1631080.0
10692808,20220901,923272885,E.S.P Por Santa Rosa Sostenible S.A.S,2.1.2.02.02.008,SERVICIOS PRESTADOS A LAS EMPRESAS Y SERVICIOS DE PRODUCCION,GASTOS,FUNCIONAMIENTO,ADQUISICION DE BIENES Y SERVICIOS,ADQUISICIONES DIFERENTES DE ACTIVOS,ADQUISICION DE SERVICIOS,SERVICIOS PRESTADOS A LAS EMPRESAS Y SERVICIOS DE PRODUCCION,No Aplica,No Aplica,No Aplica,No Aplica,VIGENCIA ACTUAL,ENTIDADES DIFERENTES A ENTIDADES TERRITORIALES - GESTION GENERAL,NO DEFINIDO,NO DEFINIDO,NO APLICA,,,2022,Tercer Trimestre,,,,SERVICIOS DE ASESORAMIENTO Y REPRESENTACION JURIDICA RELATIVOS A OTROS CAMPOS DEL DERECHO,IMPUESTO - SOBRETASA POR EL ALUMBRADO PUBLICO,,,,,,NO APLICA,,,,,,CON SITUACION DE FONDOS,NO APLICA,NO DEFINIDO,0.0,17370000.0,17370000.0
10706823,20220301,923272885,E.S.P Por Santa Rosa Sostenible S.A.S,2.1.2.02.02.007,SERVICIOS FINANCIEROS Y SERVICIOS CONEXOS; SERVICIOS INMOBILIARIOS; Y SERVICIOS DE ARRENDAMIENTO Y LEASING,GASTOS,FUNCIONAMIENTO,ADQUISICION DE BIENES Y SERVICIOS,ADQUISICIONES DIFERENTES DE ACTIVOS,ADQUISICION DE SERVICIOS,SERVICIOS FINANCIEROS Y SERVICIOS CONEXOS; SERVICIOS INMOBILIARIOS; Y SERVICIOS DE ARRENDAMIENTO Y LEASING,No Aplica,No Aplica,No Aplica,No Aplica,VIGENCIA ACTUAL,ENTIDADES DIFERENTES A ENTIDADES TERRITORIALES - GESTION GENERAL,NO DEFINIDO,NO DEFINIDO,NO APLICA,,,2022,Primer Trimestre,,,,OTROS SERVICIOS FINANCIEROS N C P  EXCEPTO LOS SERVICIOS DE LA BANCA DE INVERSION DE SEGUROS Y DE PENSIONES,IMPUESTO - SOBRETASA POR EL ALUMBRADO PUBLICO,,,,,,NO APLICA,,,,,,CON SITUACION DE FONDOS,OTRO,NO DEFINIDO,0.0,2611874.0,2611874.0
10727033,20230601,923272885,E.S.P Por Santa Rosa Sostenible S.A.S,2.1.1.01.01.001.08,PRESTACIONES SOCIALES,GASTOS,FUNCIONAMIENTO,GASTOS DE PERSONAL,PLANTA DE PERSONAL PERMANENTE,FACTORES CONSTITUTIVOS DE SALARIO,FACTORES SALARIALES COMUNES,PRESTACIONES SOCIALES,No Aplica,No Aplica,No Aplica,VIGENCIA ACTUAL,ENTIDADES DIFERENTES A ENTIDADES TERRITORIALES - GESTION GENERAL,NO DEFINIDO,NO DEFINIDO,NO DEFINIDO,,,2023,Segundo Trimestre,,,,NO DEFINIDO,NO DEFINIDO,,,,,,NO DEFINIDO,,,,,,NO DEFINIDO,NO DEFINIDO,NO DEFINIDO,0.0,3759670.0,3759670.0
10741009,20211201,923272885,E.S.P Por Santa Rosa Sostenible S.A.S,2.1.8.05.01.004,SANCIONES ADMINISTRATIVAS,GASTOS,FUNCIONAMIENTO,"GASTOS POR TRIBUTOS, TASAS, CONTRIBUCIONES, MULTAS, SANCIONES E INTERESES DE MORA","MULTAS, SANCIONES E INTERESES DE MORA",MULTAS Y SANCIONES,SANCIONES ADMINISTRATIVAS,No Aplica,No Aplica,No Aplica,No Aplica,VIGENCIA ACTUAL,ENTIDADES TERRITORIALES - SERVICIOS PUBLICOS,NO DEFINIDO,NO DEFINIDO,NO APLICA,,,2021,Cuarto Trimestre,,,,NO APLICA,OTRAS CONTRIBUCIONES CON DESTINACION ESPECIFICA LEGAL,,,,,,NO APLICA,,,,,,CON SITUACION DE FONDOS,U.A.E. DE LA DIRECCION DE IMPUESTOS Y ADUANAS NACIONALES,NO DEFINIDO,0.0,712000.0,712000.0
10741607,20210901,923272885,E.S.P Por Santa Rosa Sostenible S.A.S,2.1.8.04.01,CUOTA DE FISCALIZACION Y AUDITAJE,GASTOS,FUNCIONAMIENTO,"GASTOS POR TRIBUTOS, TASAS, CONTRIBUCIONES, MULTAS, SANCIONES E INTERESES DE MORA",CONTRIBUCIONES,CUOTA DE FISCALIZACION Y AUDITAJE,No Aplica,No Aplica,No Aplica,No Aplica,No Aplica,VIGENCIA ACTUAL,ENTIDADES TERRITORIALES - SERVICIOS PUBLICOS,NO DEFINIDO,NO DEFINIDO,NO APLICA,,,2021,Tercer Trimestre,,,,NO APLICA,1.2.3.2.09 - VENTA DE BIENES Y SERVICIOS,,,,,,NO APLICA,,,,,,CON SITUACION DE FONDOS,OTRO,NO DEFINIDO,0.0,5487889.0,5487889.0
10743004,20210301,923272885,E.S.P Por Santa Rosa Sostenible S.A.S,2.1.1.01.01.001.01,SUELDO BASICO,GASTOS,FUNCIONAMIENTO,GASTOS DE PERSONAL,PLANTA DE PERSONAL PERMANENTE,FACTORES CONSTITUTIVOS DE SALARIO,FACTORES SALARIALES COMUNES,SUELDO BASICO,No Aplica,No Aplica,No Aplica,VIGENCIA ACTUAL,ENTIDADES TERRITORIALES - SERVICIOS PUBLICOS,NO DEFINIDO,NO DEFINIDO,NO APLICA,,,2021,Primer Trimestre,,,,NO APLICA,1.2.3.2.09 - VENTA DE BIENES Y SERVICIOS,,,,,,NO APLICA,,,,,,CON SITUACION DE FONDOS,NO APLICA,NO DEFINIDO,0.0,13771052.0,13771052.0
10747879,20220301,923272885,E.S.P Por Santa Rosa Sostenible S.A.S,2,GASTOS,GASTOS,No Aplica,No Aplica,No Aplica,No Aplica,No Aplica,No Aplica,No Aplica,No Aplica,No Aplica,VIGENCIA ACTUAL,ENTIDADES DIFERENTES A ENTIDADES TERRITORIALES - GESTION GENERAL,NO DEFINIDO,NO DEFINIDO,NO DEFINIDO,,,2022,Primer Trimestre,,,,NO DEFINIDO,NO DEFINIDO,,,,,,NO DEFINIDO,,,,,,NO DEFINIDO,NO DEFINIDO,NO DEFINIDO,0.0,593683630.0,552307151.0
10765442,20220901,923272885,E.S.P Por Santa Rosa Sostenible S.A.S,2.1.2.02.01.003,"OTROS BIENES TRANSPORTABLES EXCEPTO PRODUCTOS METALICOS, MAQUINARIA Y EQUIPO",GASTOS,FUNCIONAMIENTO,ADQUISICION DE BIENES Y SERVICIOS,ADQUISICIONES DIFERENTES DE ACTIVOS,MATERIALES Y SUMINISTROS,"OTROS BIENES TRANSPORTABLES EXCEPTO PRODUCTOS METALICOS, MAQUINARIA Y EQUIPO",No Aplica,No Aplica,No Aplica,No Aplica,VIGENCIA ACTUAL,ENTIDADES DIFERENTES A ENTIDADES TERRITORIALES - GESTION GENERAL,NO DEFINIDO,NO DEFINIDO,NO APLICA,,,2022,Tercer Trimestre,,,,COMERCIO AL POR MENOR DE MATERIALES DE LIMPIEZA EN ESTABLECIMIENTOS NO ESPECIALIZADOS,IMPUESTO - SOBRETASA POR EL ALUMBRADO PUBLICO,,,,,,NO APLICA,,,,,,CON SITUACION DE FONDOS,NO APLICA,NO DEFINIDO,0.0,2390000.0,2390000.0
10768250,20220301,923272885,E.S.P Por Santa Rosa Sostenible S.A.S,2.1.2.02.02.008,SERVICIOS PRESTADOS A LAS EMPRESAS Y SERVICIOS DE PRODUCCION,GASTOS,FUNCIONAMIENTO,ADQUISICION DE BIENES Y SERVICIOS,ADQUISICIONES DIFERENTES DE ACTIVOS,ADQUISICION DE SERVICIOS,SERVICIOS PRESTADOS A LAS EMPRESAS Y SERVICIOS DE PRODUCCION,No Aplica,No Aplica,No Aplica,No Aplica,VIGENCIA ACTUAL,ENTIDADES DIFERENTES A ENTIDADES TERRITORIALES - GESTION GENERAL,NO DEFINIDO,NO DEFINIDO,NO APLICA,,,2022,Primer Trimestre,,,,SERVICIOS DE CONTABILIDAD,IMPUESTO - SOBRETASA POR EL ALUMBRADO PUBLICO,,,,,,NO APLICA,,,,,,CON SITUACION DE FONDOS,OTRO,NO DEFINIDO,0.0,5562000.0,5562000.0
10771619,20211201,923272885,E.S.P Por Santa Rosa Sostenible S.A.S,2.3.2.02.02.008,SERVICIOS PRESTADOS A LAS EMPRESAS Y SERVICIOS DE PRODUCCION,GASTOS,INVERSION,ADQUISICION DE BIENES Y SERVICIOS,ADQUISICIONES DIFERENTES DE ACTIVOS,ADQUISICION DE SERVICIOS,SERVICIOS PRESTADOS A LAS EMPRESAS Y SERVICIOS DE PRODUCCION,No Aplica,No Aplica,No Aplica,No Aplica,VIGENCIA ACTUAL,ENTIDADES TERRITORIALES - SERVICIOS PUBLICOS,NO DEFINIDO,NO DEFINIDO,NO APLICA,,,2021,Cuarto Trimestre,,,,OTROS SERVICIOS DIVERSOS N C P,OTRAS CONTRIBUCIONES CON DESTINACION ESPECIFICA LEGAL,,,,,,NO APLICA,,,,,,CON SITUACION DE FONDOS,OTRO,NO DEFINIDO,0.0,195952400.0,195952400.0
10775254,20210601,923272885,E.S.P Por Santa Rosa Sostenible S.A.S,2.1.2.02.02.010,VIATICOS DE LOS FUNCIONARIOS EN COMISION,GASTOS,FUNCIONAMIENTO,ADQUISICION DE BIENES Y SERVICIOS,ADQUISICIONES DIFERENTES DE ACTIVOS,ADQUISICION DE SERVICIOS,VIATICOS DE LOS FUNCIONARIOS EN COMISION,No Aplica,No Aplica,No Aplica,No Aplica,VIGENCIA ACTUAL,ENTIDADES TERRITORIALES - SERVICIOS PUBLICOS,NO DEFINIDO,NO DEFINIDO,NO APLICA,,,2021,Segundo Trimestre,,,,64112 - SERVICIOS DE TRANSPORTE TERRESTRE LOCAL REGULAR DE PASAJEROS,1.2.3.2.09 - VENTA DE BIENES Y SERVICIOS,,,,,,NO APLICA,,,,,,CON SITUACION DE FONDOS,NO APLICA,NO DEFINIDO,0.0,494392.0,494392.0
10784527,20220301,923272885,E.S.P Por Santa Rosa Sostenible S.A.S,2.1.8,"GASTOS POR TRIBUTOS, TASAS, CONTRIBUCIONES, MULTAS, SANCIONES E INTERESES DE MORA",GASTOS,FUNCIONAMIENTO,"GASTOS POR TRIBUTOS, TASAS, CONTRIBUCIONES, MULTAS, SANCIONES E INTERESES DE MORA",No Aplica,No Aplica,No Aplica,No Aplica,No Aplica,No Aplica,No Aplica,VIGENCIA ACTUAL,ENTIDADES DIFERENTES A ENTIDADES TERRITORIALES - GESTION GENERAL,NO DEFINIDO,NO DEFINIDO,NO DEFINIDO,,,2022,Primer Trimestre,,,,NO DEFINIDO,NO DEFINIDO,,,,,,NO DEFINIDO,,,,,,NO DEFINIDO,NO DEFINIDO,NO DEFINIDO,0.0,11000.0,11000.0
10799603,20220901,923272885,E.S.P Por Santa Rosa Sostenible S.A.S,2.1.2.02.01.003,"OTROS BIENES TRANSPORTABLES EXCEPTO PRODUCTOS METALICOS, MAQUINARIA Y EQUIPO",GASTOS,FUNCIONAMIENTO,ADQUISICION DE BIENES Y SERVICIOS,ADQUISICIONES DIFERENTES DE ACTIVOS,MATERIALES Y SUMINISTROS,"OTROS BIENES TRANSPORTABLES EXCEPTO PRODUCTOS METALICOS, MAQUINARIA Y EQUIPO",No Aplica,No Aplica,No Aplica,No Aplica,VIGENCIA ACTUAL,ENTIDADES DIFERENTES A ENTIDADES TERRITORIALES - GESTION GENERAL,NO DEFINIDO,NO DEFINIDO,NO APLICA,,,2022,Tercer Trimestre,,,,COMERCIO AL POR MENOR DE VEHICULOS AUTOMOTORES MOTOCICLETAS VEHICULOS PARA NIEVE Y PARTES Y ACCESORIOS RELACIONADOS EN ESTABLECIMIENTOS ESPECIALIZADOS,IMPUESTO - SOBRETASA POR EL ALUMBRADO PUBLICO,,,,,,NO APLICA,,,,,,CON SITUACION DE FONDOS,NO APLICA,NO DEFINIDO,0.0,80000.0,80000.0
10813045,20221201,923272885,E.S.P Por Santa Rosa Sostenible S.A.S,2.1.2.02.02,ADQUISICION DE SERVICIOS,GASTOS,FUNCIONAMIENTO,ADQUISICION DE BIENES Y SERVICIOS,ADQUISICIONES DIFERENTES DE ACTIVOS,ADQUISICION DE SERVICIOS,No Aplica,No Aplica,No Aplica,No Aplica,No Aplica,VIGENCIA ACTUAL,ENTIDADES DIFERENTES A ENTIDADES TERRITORIALES - GESTION GENERAL,NO DEFINIDO,NO DEFINIDO,NO DEFINIDO,,,2022,Cuarto Trimestre,,,,NO DEFINIDO,NO DEFINIDO,,,,,,NO DEFINIDO,,,,,,NO DEFINIDO,NO DEFINIDO,NO DEFINIDO,0.0,2062203259.0,2062203259.0
10814628,20210601,923272885,E.S.P Por Santa Rosa Sostenible S.A.S,2.1.2.02,ADQUISICIONES DIFERENTES DE ACTIVOS,GASTOS,FUNCIONAMIENTO,ADQUISICION DE BIENES Y SERVICIOS,ADQUISICIONES DIFERENTES DE ACTIVOS,No Aplica,No Aplica,No Aplica,No Aplica,No Aplica,No Aplica,VIGENCIA ACTUAL,ENTIDADES TERRITORIALES - SERVICIOS PUBLICOS,NO DEFINIDO,NO DEFINIDO,NO DEFINIDO,,,2021,Segundo Trimestre,,,,NO DEFINIDO,NO DEFINIDO,,,,,,NO DEFINIDO,,,,,,NO DEFINIDO,NO DEFINIDO,NO DEFINIDO,0.0,44706857.0,44706857.0
10816567,20211201,923272885,E.S.P Por Santa Rosa Sostenible S.A.S,2.1.1.01.01.001.08.01,PRIMA DE NAVIDAD,GASTOS,FUNCIONAMIENTO,GASTOS DE PERSONAL,PLANTA DE PERSONAL PERMANENTE,FACTORES CONSTITUTIVOS DE SALARIO,FACTORES SALARIALES COMUNES,PRESTACIONES SOCIALES,PRIMA DE NAVIDAD,No Aplica,No Aplica,VIGENCIA ACTUAL,ENTIDADES TERRITORIALES - SERVICIOS PUBLICOS,NO DEFINIDO,NO DEFINIDO,NO APLICA,,,2021,Cuarto Trimestre,,,,NO APLICA,OTRAS CONTRIBUCIONES CON DESTINACION ESPECIFICA LEGAL,,,,,,NO APLICA,,,,,,CON SITUACION DE FONDOS,OTRO,NO DEFINIDO,0.0,6007966.0,6007966.0
10829036,20210901,923272885,E.S.P Por Santa Rosa Sostenible S.A.S,2.1.2.02.02.010,VIATICOS DE LOS FUNCIONARIOS EN COMISION,GASTOS,FUNCIONAMIENTO,ADQUISICION DE BIENES Y SERVICIOS,ADQUISICIONES DIFERENTES DE ACTIVOS,ADQUISICION DE SERVICIOS,VIATICOS DE LOS FUNCIONARIOS EN COMISION,No Aplica,No Aplica,No Aplica,No Aplica,VIGENCIA ACTUAL,ENTIDADES TERRITORIALES - SERVICIOS PUBLICOS,NO DEFINIDO,NO DEFINIDO,NO APLICA,,,2021,Tercer Trimestre,,,,97990 - OTROS SERVICIOS DIVERSOS N.C.P.,1.2.3.2.09 - VENTA DE BIENES Y SERVICIOS,,,,,,NO APLICA,,,,,,CON SITUACION DE FONDOS,OTRO,NO DEFINIDO,0.0,988784.0,988784.0
10842847,20220901,923272885,E.S.P Por Santa Rosa Sostenible S.A.S,2.3,INVERSION,GASTOS,INVERSION,No Aplica,No Aplica,No Aplica,No Aplica,No Aplica,No Aplica,No Aplica,No Aplica,VIGENCIA ACTUAL,ENTIDADES DIFERENTES A ENTIDADES TERRITORIALES - GESTION GENERAL,NO DEFINIDO,NO DEFINIDO,NO DEFINIDO,,,2022,Tercer Trimestre,,,,NO DEFINIDO,NO DEFINIDO,,,,,,NO DEFINIDO,,,,,,NO DEFINIDO,NO DEFINIDO,NO DEFINIDO,0.0,18980000.0,18980000.0
10843613,20210901,923272885,E.S.P Por Santa Rosa Sostenible S.A.S,2.1.1.01.02,CONTRIBUCIONES INHERENTES A LA NOMINA,GASTOS,FUNCIONAMIENTO,GASTOS DE PERSONAL,PLANTA DE PERSONAL PERMANENTE,CONTRIBUCIONES INHERENTES A LA NOMINA,No Aplica,No Aplica,No Aplica,No Aplica,No Aplica,VIGENCIA ACTUAL,ENTIDADES TERRITORIALES - SERVICIOS PUBLICOS,NO DEFINIDO,NO DEFINIDO,NO DEFINIDO,,,2021,Tercer Trimestre,,,,NO DEFINIDO,NO DEFINIDO,,,,,,NO DEFINIDO,,,,,,NO DEFINIDO,NO DEFINIDO,NO DEFINIDO,0.0,8969280.0,8969280.0
10847845,20230601,923272885,E.S.P Por Santa Rosa Sostenible S.A.S,2.1.8.01.14,GRAVAMEN A LOS MOVIMIENTOS FINANCIEROS,GASTOS,FUNCIONAMIENTO,"GASTOS POR TRIBUTOS, TASAS, CONTRIBUCIONES, MULTAS, SANCIONES E INTERESES DE MORA",IMPUESTOS,GRAVAMEN A LOS MOVIMIENTOS FINANCIEROS,No Aplica,No Aplica,No Aplica,No Aplica,No Aplica,VIGENCIA ACTUAL,ENTIDADES DIFERENTES A ENTIDADES TERRITORIALES - GESTION GENERAL,NO DEFINIDO,NO DEFINIDO,NO APLICA,,,2023,Segundo Trimestre,,,,NO APLICA,R.B. IMPUESTO DE ALUMBRADO PUBLICO,,,,,,NO APLICA,,,,,,CON SITUACION DE FONDOS,NO APLICA,NO DEFINIDO,0.0,1882573.0,1882573.0
10851251,20210901,923272885,E.S.P Por Santa Rosa Sostenible S.A.S,2.1.2.01.01.005.02,PRODUCTOS DE LA PROPIEDAD INTELECTUAL,GASTOS,FUNCIONAMIENTO,ADQUISICION DE BIENES Y SERVICIOS,ADQUISICION DE ACTIVOS NO FINANCIEROS,ACTIVOS FIJOS,OTROS ACTIVOS FIJOS,PRODUCTOS DE LA PROPIEDAD INTELECTUAL,No Aplica,No Aplica,No Aplica,VIGENCIA ACTUAL,ENTIDADES TERRITORIALES - SERVICIOS PUBLICOS,NO DEFINIDO,NO DEFINIDO,NO DEFINIDO,,,2021,Tercer Trimestre,,,,NO DEFINIDO,NO DEFINIDO,,,,,,NO DEFINIDO,,,,,,NO DEFINIDO,NO DEFINIDO,NO DEFINIDO,0.0,2235000.0,2235000.0
10856813,20221201,923272885,E.S.P Por Santa Rosa Sostenible S.A.S,2.1.2.02.01.003,"OTROS BIENES TRANSPORTABLES EXCEPTO PRODUCTOS METALICOS, MAQUINARIA Y EQUIPO",GASTOS,FUNCIONAMIENTO,ADQUISICION DE BIENES Y SERVICIOS,ADQUISICIONES DIFERENTES DE ACTIVOS,MATERIALES Y SUMINISTROS,"OTROS BIENES TRANSPORTABLES EXCEPTO PRODUCTOS METALICOS, MAQUINARIA Y EQUIPO",No Aplica,No Aplica,No Aplica,No Aplica,VIGENCIA ACTUAL,ENTIDADES DIFERENTES A ENTIDADES TERRITORIALES - GESTION GENERAL,NO DEFINIDO,NO DEFINIDO,NO APLICA,,,2022,Cuarto Trimestre,,,,COMERCIO AL POR MENOR DE VEHICULOS AUTOMOTORES MOTOCICLETAS VEHICULOS PARA NIEVE Y PARTES Y ACCESORIOS RELACIONADOS EN ESTABLECIMIENTOS ESPECIALIZADOS,IMPUESTO - SOBRETASA POR EL ALUMBRADO PUBLICO,,,,,,NO APLICA,,,,,,CON SITUACION DE FONDOS,NO APLICA,NO DEFINIDO,0.0,80000.0,80000.0
10857455,20210901,923272885,E.S.P Por Santa Rosa Sostenible S.A.S,2.1.2.01.01.003,MAQUINARIA Y EQUIPO,GASTOS,FUNCIONAMIENTO,ADQUISICION DE BIENES Y SERVICIOS,ADQUISICION DE ACTIVOS NO FINANCIEROS,ACTIVOS FIJOS,MAQUINARIA Y EQUIPO,No Aplica,No Aplica,No Aplica,No Aplica,VIGENCIA ACTUAL,ENTIDADES TERRITORIALES - SERVICIOS PUBLICOS,NO DEFINIDO,NO DEFINIDO,NO DEFINIDO,,,2021,Tercer Trimestre,,,,NO DEFINIDO,NO DEFINIDO,,,,,,NO DEFINIDO,,,,,,NO DEFINIDO,NO DEFINIDO,NO DEFINIDO,0.0,135400.0,135400.0
10857675,20211201,923272885,E.S.P Por Santa Rosa Sostenible S.A.S,2.1.8.01,IMPUESTOS,GASTOS,FUNCIONAMIENTO,"GASTOS POR TRIBUTOS, TASAS, CONTRIBUCIONES, MULTAS, SANCIONES E INTERESES DE MORA",IMPUESTOS,No Aplica,No Aplica,No Aplica,No Aplica,No Aplica,No Aplica,VIGENCIA ACTUAL,ENTIDADES TERRITORIALES - SERVICIOS PUBLICOS,NO DEFINIDO,NO DEFINIDO,NO DEFINIDO,,,2021,Cuarto Trimestre,,,,NO DEFINIDO,NO DEFINIDO,,,,,,NO DEFINIDO,,,,,,NO DEFINIDO,NO DEFINIDO,NO DEFINIDO,0.0,32150283.0,30870283.0
10873221,20211201,923272885,E.S.P Por Santa Rosa Sostenible S.A.S,2.1.1,GASTOS DE PERSONAL,GASTOS,FUNCIONAMIENTO,GASTOS DE PERSONAL,No Aplica,No Aplica,No Aplica,No Aplica,No Aplica,No Aplica,No Aplica,VIGENCIA ACTUAL,ENTIDADES TERRITORIALES - SERVICIOS PUBLICOS,NO DEFINIDO,NO DEFINIDO,NO DEFINIDO,,,2021,Cuarto Trimestre,,,,NO DEFINIDO,NO DEFINIDO,,,,,,NO DEFINIDO,,,,,,NO DEFINIDO,NO DEFINIDO,NO DEFINIDO,0.0,92623451.0,84348252.0
10888122,20221201,923272885,E.S.P Por Santa Rosa Sostenible S.A.S,2.1.1.01.02.006,APORTES AL ICBF,GASTOS,FUNCIONAMIENTO,GASTOS DE PERSONAL,PLANTA DE PERSONAL PERMANENTE,CONTRIBUCIONES INHERENTES A LA NOMINA,APORTES AL ICBF,No Aplica,No Aplica,No Aplica,No Aplica,VIGENCIA ACTUAL,ENTIDADES DIFERENTES A ENTIDADES TERRITORIALES - GESTION GENERAL,NO DEFINIDO,NO DEFINIDO,NO APLICA,,,2022,Cuarto Trimestre,,,,NO APLICA,IMPUESTO - SOBRETASA POR EL ALUMBRADO PUBLICO,,,,,,NO APLICA,,,,,,CON SITUACION DE FONDOS,NO APLICA,NO DEFINIDO,0.0,167300.0,167300.0
10911135,20211201,923272885,E.S.P Por Santa Rosa Sostenible S.A.S,2.1.2.01.01.003.03,"MAQUINARIA DE OFICINA, CONTABILIDAD E INFORMATICA",GASTOS,FUNCIONAMIENTO,ADQUISICION DE BIENES Y SERVICIOS,ADQUISICION DE ACTIVOS NO FINANCIEROS,ACTIVOS FIJOS,MAQUINARIA Y EQUIPO,"MAQUINARIA DE OFICINA, CONTABILIDAD E INFORMATICA",No Aplica,No Aplica,No Aplica,VIGENCIA ACTUAL,ENTIDADES TERRITORIALES - SERVICIOS PUBLICOS,NO DEFINIDO,NO DEFINIDO,NO DEFINIDO,,,2021,Cuarto Trimestre,,,,NO DEFINIDO,NO DEFINIDO,,,,,,NO DEFINIDO,,,,,,NO DEFINIDO,NO DEFINIDO,NO DEFINIDO,0.0,135400.0,135400.0
10929885,20210601,923272885,E.S.P Por Santa Rosa Sostenible S.A.S,2.4.5.02,ADQUISICION DE SERVICIOS,GASTOS,GASTOS DE OPERACION COMERCIAL,GASTOS DE COMERCIALIZACION Y PRODUCCION,ADQUISICION DE SERVICIOS,No Aplica,No Aplica,No Aplica,No Aplica,No Aplica,No Aplica,VIGENCIA ACTUAL,ENTIDADES TERRITORIALES - SERVICIOS PUBLICOS,NO DEFINIDO,NO DEFINIDO,NO DEFINIDO,,,2021,Segundo Trimestre,,,,NO DEFINIDO,NO DEFINIDO,,,,,,NO DEFINIDO,,,,,,NO DEFINIDO,NO DEFINIDO,NO DEFINIDO,0.0,942944102.0,942944102.0
10943214,20211201,923272885,E.S.P Por Santa Rosa Sostenible S.A.S,2.1.2.01.01.005.02.03,PROGRAMAS DE INFORMATICA Y BASES DE DATOS,GASTOS,FUNCIONAMIENTO,ADQUISICION DE BIENES Y SERVICIOS,ADQUISICION DE ACTIVOS NO FINANCIEROS,ACTIVOS FIJOS,OTROS ACTIVOS FIJOS,PRODUCTOS DE LA PROPIEDAD INTELECTUAL,PROGRAMAS DE INFORMATICA Y BASES DE DATOS,No Aplica,No Aplica,VIGENCIA ACTUAL,ENTIDADES TERRITORIALES - SERVICIOS PUBLICOS,NO DEFINIDO,NO DEFINIDO,NO DEFINIDO,,,2021,Cuarto Trimestre,,,,NO DEFINIDO,NO DEFINIDO,,,,,,NO DEFINIDO,,,,,,NO DEFINIDO,NO DEFINIDO,NO DEFINIDO,0.0,4035000.0,4035000.0
10948438,20230301,923272885,E.S.P Por Santa Rosa Sostenible S.A.S,2.3.2.01.01.005,OTROS ACTIVOS FIJOS,GASTOS,INVERSION,ADQUISICION DE BIENES Y SERVICIOS,ADQUISICION DE ACTIVOS NO FINANCIEROS,ACTIVOS FIJOS,OTROS ACTIVOS FIJOS,No Aplica,No Aplica,No Aplica,No Aplica,VIGENCIA ACTUAL,ENTIDADES DIFERENTES A ENTIDADES TERRITORIALES - GESTION GENERAL,NO DEFINIDO,NO DEFINIDO,NO DEFINIDO,,,2023,Primer Trimestre,,,,NO DEFINIDO,NO DEFINIDO,,,,,,NO DEFINIDO,,,,,,NO DEFINIDO,NO DEFINIDO,NO DEFINIDO,0.0,223900.0,223900.0
10966263,20221201,923272885,E.S.P Por Santa Rosa Sostenible S.A.S,2.1.1,GASTOS DE PERSONAL,GASTOS,FUNCIONAMIENTO,GASTOS DE PERSONAL,No Aplica,No Aplica,No Aplica,No Aplica,No Aplica,No Aplica,No Aplica,VIGENCIA ACTUAL,ENTIDADES DIFERENTES A ENTIDADES TERRITORIALES - GESTION GENERAL,NO DEFINIDO,NO DEFINIDO,NO DEFINIDO,,,2022,Cuarto Trimestre,,,,NO DEFINIDO,NO DEFINIDO,,,,,,NO DEFINIDO,,,,,,NO DEFINIDO,NO DEFINIDO,NO DEFINIDO,0.0,107221933.0,107221933.0
10966406,20230301,923272885,E.S.P Por Santa Rosa Sostenible S.A.S,2.1.2.02.02.008,SERVICIOS PRESTADOS A LAS EMPRESAS Y SERVICIOS DE PRODUCCION,GASTOS,FUNCIONAMIENTO,ADQUISICION DE BIENES Y SERVICIOS,ADQUISICIONES DIFERENTES DE ACTIVOS,ADQUISICION DE SERVICIOS,SERVICIOS PRESTADOS A LAS EMPRESAS Y SERVICIOS DE PRODUCCION,No Aplica,No Aplica,No Aplica,No Aplica,VIGENCIA ACTUAL,ENTIDADES DIFERENTES A ENTIDADES TERRITORIALES - GESTION GENERAL,NO DEFINIDO,NO DEFINIDO,NO APLICA,,,2023,Primer Trimestre,,,,SERVICIOS DE ASESORAMIENTO Y REPRESENTACION JURIDICA RELATIVOS A OTROS CAMPOS DEL DERECHO,R.B. IMPUESTO DE ALUMBRADO PUBLICO,,,,,,NO APLICA,,,,,,CON SITUACION DE FONDOS,NO APLICA,NO DEFINIDO,0.0,5790000.0,3860000.0
10978483,20210901,923272885,E.S.P Por Santa Rosa Sostenible S.A.S,2.1.1.01.01.001,FACTORES SALARIALES COMUNES,GASTOS,FUNCIONAMIENTO,GASTOS DE PERSONAL,PLANTA DE PERSONAL PERMANENTE,FACTORES CONSTITUTIVOS DE SALARIO,FACTORES SALARIALES COMUNES,No Aplica,No Aplica,No Aplica,No Aplica,VIGENCIA ACTUAL,ENTIDADES TERRITORIALES - SERVICIOS PUBLICOS,NO DEFINIDO,NO DEFINIDO,NO DEFINIDO,,,2021,Tercer Trimestre,,,,NO DEFINIDO,NO DEFINIDO,,,,,,NO DEFINIDO,,,,,,NO DEFINIDO,NO DEFINIDO,NO DEFINIDO,0.0,49782902.0,49782902.0
10989938,20220901,923272885,E.S.P Por Santa Rosa Sostenible S.A.S,2.1.8,"GASTOS POR TRIBUTOS, TASAS, CONTRIBUCIONES, MULTAS, SANCIONES E INTERESES DE MORA",GASTOS,FUNCIONAMIENTO,"GASTOS POR TRIBUTOS, TASAS, CONTRIBUCIONES, MULTAS, SANCIONES E INTERESES DE MORA",No Aplica,No Aplica,No Aplica,No Aplica,No Aplica,No Aplica,No Aplica,VIGENCIA ACTUAL,ENTIDADES DIFERENTES A ENTIDADES TERRITORIALES - GESTION GENERAL,NO DEFINIDO,NO DEFINIDO,NO DEFINIDO,,,2022,Tercer Trimestre,,,,NO DEFINIDO,NO DEFINIDO,,,,,,NO DEFINIDO,,,,,,NO DEFINIDO,NO DEFINIDO,NO DEFINIDO,0.0,9297451.0,9297451.0
11016045,20211201,923272885,E.S.P Por Santa Rosa Sostenible S.A.S,2.1.2.02.02.006,"COMERCIO Y DISTRIBUCION; ALOJAMIENTO; SERVICIOS DE SUMINISTRO DE COMIDAS Y BEBIDAS; SERVICIOS DE TRANSPORTE; Y SERVICIOS DE DISTRIBUCION DE ELECTRICIDAD, GAS Y AGUA",GASTOS,FUNCIONAMIENTO,ADQUISICION DE BIENES Y SERVICIOS,ADQUISICIONES DIFERENTES DE ACTIVOS,ADQUISICION DE SERVICIOS,"COMERCIO Y DISTRIBUCION; ALOJAMIENTO; SERVICIOS DE SUMINISTRO DE COMIDAS Y BEBIDAS; SERVICIOS DE TRANSPORTE; Y SERVICIOS DE DISTRIBUCION DE ELECTRICIDAD, GAS Y AGUA",No Aplica,No Aplica,No Aplica,No Aplica,VIGENCIA ACTUAL,ENTIDADES TERRITORIALES - SERVICIOS PUBLICOS,NO DEFINIDO,NO DEFINIDO,NO APLICA,,,2021,Cuarto Trimestre,,,,OTROS SERVICIOS DE TELECOMUNICACIONES,OTRAS CONTRIBUCIONES CON DESTINACION ESPECIFICA LEGAL,,,,,,NO APLICA,,,,,,CON SITUACION DE FONDOS,OTRO,NO DEFINIDO,0.0,1040000.0,960000.0
11017290,20220301,923272885,E.S.P Por Santa Rosa Sostenible S.A.S,2.3.2.01.01.003.03,"MAQUINARIA DE OFICINA, CONTABILIDAD E INFORMATICA",GASTOS,INVERSION,ADQUISICION DE BIENES Y SERVICIOS,ADQUISICION DE ACTIVOS NO FINANCIEROS,ACTIVOS FIJOS,MAQUINARIA Y EQUIPO,"MAQUINARIA DE OFICINA, CONTABILIDAD E INFORMATICA",No Aplica,No Aplica,No Aplica,VIGENCIA ACTUAL,ENTIDADES DIFERENTES A ENTIDADES TERRITORIALES - GESTION GENERAL,NO DEFINIDO,NO DEFINIDO,NO DEFINIDO,,,2022,Primer Trimestre,,,,NO DEFINIDO,NO DEFINIDO,,,,,,NO DEFINIDO,,,,,,NO DEFINIDO,NO DEFINIDO,NO DEFINIDO,0.0,8550000.0,8550000.0
11024584,20210601,923272885,E.S.P Por Santa Rosa Sostenible S.A.S,2.1.2.01.01.005.02.03.01.01,PAQUETES DE SOFTWARE,GASTOS,FUNCIONAMIENTO,ADQUISICION DE BIENES Y SERVICIOS,ADQUISICION DE ACTIVOS NO FINANCIEROS,ACTIVOS FIJOS,OTROS ACTIVOS FIJOS,PRODUCTOS DE LA PROPIEDAD INTELECTUAL,PROGRAMAS DE INFORMATICA Y BASES DE DATOS,PROGRAMAS DE INFORMATICA,PAQUETES DE SOFTWARE,VIGENCIA ACTUAL,ENTIDADES TERRITORIALES - SERVICIOS PUBLICOS,NO DEFINIDO,NO DEFINIDO,NO APLICA,,,2021,Segundo Trimestre,,,,83143 - SOFTWARE ORIGINALES,1.2.3.2.09 - VENTA DE BIENES Y SERVICIOS,,,,,,NO APLICA,,,,,,CON SITUACION DE FONDOS,NO APLICA,NO DEFINIDO,0.0,900000.0,900000.0
11025027,20221201,923272885,E.S.P Por Santa Rosa Sostenible S.A.S,2.1.1.01.01.001.08,PRESTACIONES SOCIALES,GASTOS,FUNCIONAMIENTO,GASTOS DE PERSONAL,PLANTA DE PERSONAL PERMANENTE,FACTORES CONSTITUTIVOS DE SALARIO,FACTORES SALARIALES COMUNES,PRESTACIONES SOCIALES,No Aplica,No Aplica,No Aplica,VIGENCIA ACTUAL,ENTIDADES DIFERENTES A ENTIDADES TERRITORIALES - GESTION GENERAL,NO DEFINIDO,NO DEFINIDO,NO DEFINIDO,,,2022,Cuarto Trimestre,,,,NO DEFINIDO,NO DEFINIDO,,,,,,NO DEFINIDO,,,,,,NO DEFINIDO,NO DEFINIDO,NO DEFINIDO,0.0,8443700.0,8443700.0
11030829,20211201,923272885,E.S.P Por Santa Rosa Sostenible S.A.S,2.3.2.02.02,ADQUISICION DE SERVICIOS,GASTOS,INVERSION,ADQUISICION DE BIENES Y SERVICIOS,ADQUISICIONES DIFERENTES DE ACTIVOS,ADQUISICION DE SERVICIOS,No Aplica,No Aplica,No Aplica,No Aplica,No Aplica,VIGENCIA ACTUAL,ENTIDADES TERRITORIALES - SERVICIOS PUBLICOS,NO DEFINIDO,NO DEFINIDO,NO DEFINIDO,,,2021,Cuarto Trimestre,,,,NO DEFINIDO,NO DEFINIDO,,,,,,NO DEFINIDO,,,,,,NO DEFINIDO,NO DEFINIDO,NO DEFINIDO,0.0,195952400.0,195952400.0
11038739,20210301,923272885,E.S.P Por Santa Rosa Sostenible S.A.S,2.1.2.02.02,ADQUISICION DE SERVICIOS,GASTOS,FUNCIONAMIENTO,ADQUISICION DE BIENES Y SERVICIOS,ADQUISICIONES DIFERENTES DE ACTIVOS,ADQUISICION DE SERVICIOS,No Aplica,No Aplica,No Aplica,No Aplica,No Aplica,VIGENCIA ACTUAL,ENTIDADES TERRITORIALES - SERVICIOS PUBLICOS,NO DEFINIDO,NO DEFINIDO,NO DEFINIDO,,,2021,Primer Trimestre,,,,NO DEFINIDO,NO DEFINIDO,,,,,,NO DEFINIDO,,,,,,NO DEFINIDO,NO DEFINIDO,NO DEFINIDO,0.0,18659972.0,18659972.0
11043381,20210601,923272885,E.S.P Por Santa Rosa Sostenible S.A.S,2.1.1.01.02.005,APORTES GENERALES AL SISTEMA DE RIESGOS LABORALES,GASTOS,FUNCIONAMIENTO,GASTOS DE PERSONAL,PLANTA DE PERSONAL PERMANENTE,CONTRIBUCIONES INHERENTES A LA NOMINA,APORTES GENERALES AL SISTEMA DE RIESGOS LABORALES,No Aplica,No Aplica,No Aplica,No Aplica,VIGENCIA ACTUAL,ENTIDADES TERRITORIALES - SERVICIOS PUBLICOS,NO DEFINIDO,NO DEFINIDO,NO APLICA,,,2021,Segundo Trimestre,,,,NO APLICA,1.2.3.2.09 - VENTA DE BIENES Y SERVICIOS,,,,,,NO APLICA,,,,,,CON SITUACION DE FONDOS,NO APLICA,NO DEFINIDO,0.0,133500.0,133500.0
11057539,20210601,923272885,E.S.P Por Santa Rosa Sostenible S.A.S,2.1.2.01.01.005.02,PRODUCTOS DE LA PROPIEDAD INTELECTUAL,GASTOS,FUNCIONAMIENTO,ADQUISICION DE BIENES Y SERVICIOS,ADQUISICION DE ACTIVOS NO FINANCIEROS,ACTIVOS FIJOS,OTROS ACTIVOS FIJOS,PRODUCTOS DE LA PROPIEDAD INTELECTUAL,No Aplica,No Aplica,No Aplica,VIGENCIA ACTUAL,ENTIDADES TERRITORIALES - SERVICIOS PUBLICOS,NO DEFINIDO,NO DEFINIDO,NO DEFINIDO,,,2021,Segundo Trimestre,,,,NO DEFINIDO,NO DEFINIDO,,,,,,NO DEFINIDO,,,,,,NO DEFINIDO,NO DEFINIDO,NO DEFINIDO,0.0,900000.0,900000.0
11067048,20230301,923272885,E.S.P Por Santa Rosa Sostenible S.A.S,2,GASTOS,GASTOS,No Aplica,No Aplica,No Aplica,No Aplica,No Aplica,No Aplica,No Aplica,No Aplica,No Aplica,VIGENCIA ACTUAL,ENTIDADES DIFERENTES A ENTIDADES TERRITORIALES - GESTION GENERAL,NO DEFINIDO,NO DEFINIDO,NO DEFINIDO,,,2023,Primer Trimestre,,,,NO DEFINIDO,NO DEFINIDO,,,,,,NO DEFINIDO,,,,,,NO DEFINIDO,NO DEFINIDO,NO DEFINIDO,0.0,1277778153.0,1271988153.0
11067601,20230601,923272885,E.S.P Por Santa Rosa Sostenible S.A.S,2.1.2.02.02.008,SERVICIOS PRESTADOS A LAS EMPRESAS Y SERVICIOS DE PRODUCCION,GASTOS,FUNCIONAMIENTO,ADQUISICION DE BIENES Y SERVICIOS,ADQUISICIONES DIFERENTES DE ACTIVOS,ADQUISICION DE SERVICIOS,SERVICIOS PRESTADOS A LAS EMPRESAS Y SERVICIOS DE PRODUCCION,No Aplica,No Aplica,No Aplica,No Aplica,VIGENCIA ACTUAL,ENTIDADES DIFERENTES A ENTIDADES TERRITORIALES - GESTION GENERAL,NO DEFINIDO,NO DEFINIDO,NO APLICA,,,2023,Segundo Trimestre,,,,SERVICIOS DE GESTION Y ADMINISTRACION EMPRESARIAL OFICINA CENTRAL,VENTA DE BIENES Y SERVICIOS CON DESTINACION ESPECIFICA LEGAL,,,,,,NO APLICA,,,,,,CON SITUACION DE FONDOS,NO APLICA,NO DEFINIDO,0.0,20000000.0,20000000.0
11068936,20220901,923272885,E.S.P Por Santa Rosa Sostenible S.A.S,2.1.1.01,PLANTA DE PERSONAL PERMANENTE,GASTOS,FUNCIONAMIENTO,GASTOS DE PERSONAL,PLANTA DE PERSONAL PERMANENTE,No Aplica,No Aplica,No Aplica,No Aplica,No Aplica,No Aplica,VIGENCIA ACTUAL,ENTIDADES DIFERENTES A ENTIDADES TERRITORIALES - GESTION GENERAL,NO DEFINIDO,NO DEFINIDO,NO DEFINIDO,,,2022,Tercer Trimestre,,,,NO DEFINIDO,NO DEFINIDO,,,,,,NO DEFINIDO,,,,,,NO DEFINIDO,NO DEFINIDO,NO DEFINIDO,0.0,75698662.0,74790802.0
11075853,20210301,923272885,E.S.P Por Santa Rosa Sostenible S.A.S,2.1.1.01.02.005,APORTES GENERALES AL SISTEMA DE RIESGOS LABORALES,GASTOS,FUNCIONAMIENTO,GASTOS DE PERSONAL,PLANTA DE PERSONAL PERMANENTE,CONTRIBUCIONES INHERENTES A LA NOMINA,APORTES GENERALES AL SISTEMA DE RIESGOS LABORALES,No Aplica,No Aplica,No Aplica,No Aplica,VIGENCIA ACTUAL,ENTIDADES TERRITORIALES - SERVICIOS PUBLICOS,NO DEFINIDO,NO DEFINIDO,NO APLICA,,,2021,Primer Trimestre,,,,NO APLICA,1.2.3.2.09 - VENTA DE BIENES Y SERVICIOS,,,,,,NO APLICA,,,,,,CON SITUACION DE FONDOS,NO APLICA,NO DEFINIDO,0.0,46200.0,46200.0
11081523,20220301,923272885,E.S.P Por Santa Rosa Sostenible S.A.S,2.1.2.02.02.008,SERVICIOS PRESTADOS A LAS EMPRESAS Y SERVICIOS DE PRODUCCION,GASTOS,FUNCIONAMIENTO,ADQUISICION DE BIENES Y SERVICIOS,ADQUISICIONES DIFERENTES DE ACTIVOS,ADQUISICION DE SERVICIOS,SERVICIOS PRESTADOS A LAS EMPRESAS Y SERVICIOS DE PRODUCCION,No Aplica,No Aplica,No Aplica,No Aplica,VIGENCIA ACTUAL,ENTIDADES DIFERENTES A ENTIDADES TERRITORIALES - GESTION GENERAL,NO DEFINIDO,NO DEFINIDO,NO APLICA,,,2022,Primer Trimestre,,,,SERVICIOS DE ACCESO A INTERNET DE BANDA ANCHA,IMPUESTO - SOBRETASA POR EL ALUMBRADO PUBLICO,,,,,,NO APLICA,,,,,,CON SITUACION DE FONDOS,OTRO,NO DEFINIDO,0.0,160000.0,160000.0
11086719,20210901,923272885,E.S.P Por Santa Rosa Sostenible S.A.S,2.1.2.02.02.006,"COMERCIO Y DISTRIBUCION; ALOJAMIENTO; SERVICIOS DE SUMINISTRO DE COMIDAS Y BEBIDAS; SERVICIOS DE TRANSPORTE; Y SERVICIOS DE DISTRIBUCION DE ELECTRICIDAD, GAS Y AGUA",GASTOS,FUNCIONAMIENTO,ADQUISICION DE BIENES Y SERVICIOS,ADQUISICIONES DIFERENTES DE ACTIVOS,ADQUISICION DE SERVICIOS,"COMERCIO Y DISTRIBUCION; ALOJAMIENTO; SERVICIOS DE SUMINISTRO DE COMIDAS Y BEBIDAS; SERVICIOS DE TRANSPORTE; Y SERVICIOS DE DISTRIBUCION DE ELECTRICIDAD, GAS Y AGUA",No Aplica,No Aplica,No Aplica,No Aplica,VIGENCIA ACTUAL,ENTIDADES TERRITORIALES - SERVICIOS PUBLICOS,NO DEFINIDO,NO DEFINIDO,NO APLICA,,,2021,Tercer Trimestre,,,,97990 - OTROS SERVICIOS DIVERSOS N.C.P.,1.2.3.2.09 - VENTA DE BIENES Y SERVICIOS,,,,,,NO APLICA,,,,,,CON SITUACION DE FONDOS,SANTA ROSA DE OSOS,NO DEFINIDO,0.0,5114010.0,5114010.0
11091158,20210301,923272885,E.S.P Por Santa Rosa Sostenible S.A.S,2.3,INVERSION,GASTOS,INVERSION,No Aplica,No Aplica,No Aplica,No Aplica,No Aplica,No Aplica,No Aplica,No Aplica,VIGENCIA ACTUAL,ENTIDADES TERRITORIALES - SERVICIOS PUBLICOS,NO DEFINIDO,NO DEFINIDO,NO DEFINIDO,,,2021,Primer Trimestre,,,,NO DEFINIDO,NO DEFINIDO,,,,,,NO DEFINIDO,,,,,,NO DEFINIDO,NO DEFINIDO,NO DEFINIDO,0.0,376724266.0,376724266.0
11099887,20230601,923272885,E.S.P Por Santa Rosa Sostenible S.A.S,2.3,INVERSION,GASTOS,INVERSION,No Aplica,No Aplica,No Aplica,No Aplica,No Aplica,No Aplica,No Aplica,No Aplica,VIGENCIA ACTUAL,ENTIDADES DIFERENTES A ENTIDADES TERRITORIALES - GESTION GENERAL,NO DEFINIDO,NO DEFINIDO,NO DEFINIDO,,,2023,Segundo Trimestre,,,,NO DEFINIDO,NO DEFINIDO,,,,,,NO DEFINIDO,,,,,,NO DEFINIDO,NO DEFINIDO,NO DEFINIDO,0.0,414215.0,414215.0
11106640,20220901,923272885,E.S.P Por Santa Rosa Sostenible S.A.S,2.1.2.02.02.008,SERVICIOS PRESTADOS A LAS EMPRESAS Y SERVICIOS DE PRODUCCION,GASTOS,FUNCIONAMIENTO,ADQUISICION DE BIENES Y SERVICIOS,ADQUISICIONES DIFERENTES DE ACTIVOS,ADQUISICION DE SERVICIOS,SERVICIOS PRESTADOS A LAS EMPRESAS Y SERVICIOS DE PRODUCCION,No Aplica,No Aplica,No Aplica,No Aplica,VIGENCIA ACTUAL,ENTIDADES DIFERENTES A ENTIDADES TERRITORIALES - GESTION GENERAL,NO DEFINIDO,NO DEFINIDO,NO APLICA,,,2022,Tercer Trimestre,,,,SERVICIOS DE ACCESO A INTERNET DE BANDA ANCHA,IMPUESTO - SOBRETASA POR EL ALUMBRADO PUBLICO,,,,,,NO APLICA,,,,,,CON SITUACION DE FONDOS,NO APLICA,NO DEFINIDO,0.0,707351.0,707351.0
11112885,20230601,923272885,E.S.P Por Santa Rosa Sostenible S.A.S,2.1.2.02.01,MATERIALES Y SUMINISTROS,GASTOS,FUNCIONAMIENTO,ADQUISICION DE BIENES Y SERVICIOS,ADQUISICIONES DIFERENTES DE ACTIVOS,MATERIALES Y SUMINISTROS,No Aplica,No Aplica,No Aplica,No Aplica,No Aplica,VIGENCIA ACTUAL,ENTIDADES DIFERENTES A ENTIDADES TERRITORIALES - GESTION GENERAL,NO DEFINIDO,NO DEFINIDO,NO DEFINIDO,,,2023,Segundo Trimestre,,,,NO DEFINIDO,NO DEFINIDO,,,,,,NO DEFINIDO,,,,,,NO DEFINIDO,NO DEFINIDO,NO DEFINIDO,0.0,274913855.0,274913855.0
11119583,20221201,923272885,E.S.P Por Santa Rosa Sostenible S.A.S,2.1.1.01,PLANTA DE PERSONAL PERMANENTE,GASTOS,FUNCIONAMIENTO,GASTOS DE PERSONAL,PLANTA DE PERSONAL PERMANENTE,No Aplica,No Aplica,No Aplica,No Aplica,No Aplica,No Aplica,VIGENCIA ACTUAL,ENTIDADES DIFERENTES A ENTIDADES TERRITORIALES - GESTION GENERAL,NO DEFINIDO,NO DEFINIDO,NO DEFINIDO,,,2022,Cuarto Trimestre,,,,NO DEFINIDO,NO DEFINIDO,,,,,,NO DEFINIDO,,,,,,NO DEFINIDO,NO DEFINIDO,NO DEFINIDO,0.0,107221933.0,107221933.0
11122126,20220301,923272885,E.S.P Por Santa Rosa Sostenible S.A.S,2.1.1.01.02.001,APORTES A LA SEGURIDAD SOCIAL EN PENSIONES,GASTOS,FUNCIONAMIENTO,GASTOS DE PERSONAL,PLANTA DE PERSONAL PERMANENTE,CONTRIBUCIONES INHERENTES A LA NOMINA,APORTES A LA SEGURIDAD SOCIAL EN PENSIONES,No Aplica,No Aplica,No Aplica,No Aplica,VIGENCIA ACTUAL,ENTIDADES DIFERENTES A ENTIDADES TERRITORIALES - GESTION GENERAL,NO DEFINIDO,NO DEFINIDO,NO APLICA,,,2022,Primer Trimestre,,,,NO APLICA,IMPUESTO - SOBRETASA POR EL ALUMBRADO PUBLICO,,,,,,NO APLICA,,,,,,CON SITUACION DE FONDOS,OTRO,NO DEFINIDO,0.0,636359.0,636359.0
11122251,20210601,923272885,E.S.P Por Santa Rosa Sostenible S.A.S,2.1.1.01.02.006,APORTES AL ICBF,GASTOS,FUNCIONAMIENTO,GASTOS DE PERSONAL,PLANTA DE PERSONAL PERMANENTE,CONTRIBUCIONES INHERENTES A LA NOMINA,APORTES AL ICBF,No Aplica,No Aplica,No Aplica,No Aplica,VIGENCIA ACTUAL,ENTIDADES TERRITORIALES - SERVICIOS PUBLICOS,NO DEFINIDO,NO DEFINIDO,NO APLICA,,,2021,Segundo Trimestre,,,,NO APLICA,1.2.3.2.09 - VENTA DE BIENES Y SERVICIOS,,,,,,NO APLICA,,,,,,CON SITUACION DE FONDOS,NO APLICA,NO DEFINIDO,0.0,432300.0,432300.0
11131299,20220901,923272885,E.S.P Por Santa Rosa Sostenible S.A.S,2.1.1.01.02.001,APORTES A LA SEGURIDAD SOCIAL EN PENSIONES,GASTOS,FUNCIONAMIENTO,GASTOS DE PERSONAL,PLANTA DE PERSONAL PERMANENTE,CONTRIBUCIONES INHERENTES A LA NOMINA,APORTES A LA SEGURIDAD SOCIAL EN PENSIONES,No Aplica,No Aplica,No Aplica,No Aplica,VIGENCIA ACTUAL,ENTIDADES DIFERENTES A ENTIDADES TERRITORIALES - GESTION GENERAL,NO DEFINIDO,NO DEFINIDO,NO APLICA,,,2022,Tercer Trimestre,,,,NO APLICA,IMPUESTO - SOBRETASA POR EL ALUMBRADO PUBLICO,,,,,,NO APLICA,,,,,,CON SITUACION DE FONDOS,NO APLICA,NO DEFINIDO,0.0,4773379.0,4359919.0
11133264,20221201,923272885,E.S.P Por Santa Rosa Sostenible S.A.S,2.1.1.01.01.001.05,AUXILIO DE TRANSPORTE,GASTOS,FUNCIONAMIENTO,GASTOS DE PERSONAL,PLANTA DE PERSONAL PERMANENTE,FACTORES CONSTITUTIVOS DE SALARIO,FACTORES SALARIALES COMUNES,AUXILIO DE TRANSPORTE,No Aplica,No Aplica,No Aplica,VIGENCIA ACTUAL,ENTIDADES DIFERENTES A ENTIDADES TERRITORIALES - GESTION GENERAL,NO DEFINIDO,NO DEFINIDO,NO APLICA,,,2022,Cuarto Trimestre,,,,NO APLICA,IMPUESTO - SOBRETASA POR EL ALUMBRADO PUBLICO,,,,,,NO APLICA,,,,,,CON SITUACION DE FONDOS,NO APLICA,NO DEFINIDO,0.0,2646362.0,2646362.0
11138455,20220901,923272885,E.S.P Por Santa Rosa Sostenible S.A.S,2.1.2.02.02.008,SERVICIOS PRESTADOS A LAS EMPRESAS Y SERVICIOS DE PRODUCCION,GASTOS,FUNCIONAMIENTO,ADQUISICION DE BIENES Y SERVICIOS,ADQUISICIONES DIFERENTES DE ACTIVOS,ADQUISICION DE SERVICIOS,SERVICIOS PRESTADOS A LAS EMPRESAS Y SERVICIOS DE PRODUCCION,No Aplica,No Aplica,No Aplica,No Aplica,VIGENCIA ACTUAL,ENTIDADES DIFERENTES A ENTIDADES TERRITORIALES - GESTION GENERAL,NO DEFINIDO,NO DEFINIDO,NO APLICA,,,2022,Tercer Trimestre,,,,SERVICIOS DE GESTION DE DESARROLLO EMPRESARIAL,IMPUESTO - SOBRETASA POR EL ALUMBRADO PUBLICO,,,,,,NO APLICA,,,,,,CON SITUACION DE FONDOS,NO APLICA,NO DEFINIDO,0.0,224986616.0,224986616.0
11159444,20220301,923272885,E.S.P Por Santa Rosa Sostenible S.A.S,2.3.2.01,ADQUISICION DE ACTIVOS NO FINANCIEROS,GASTOS,INVERSION,ADQUISICION DE BIENES Y SERVICIOS,ADQUISICION DE ACTIVOS NO FINANCIEROS,No Aplica,No Aplica,No Aplica,No Aplica,No Aplica,No Aplica,VIGENCIA ACTUAL,ENTIDADES DIFERENTES A ENTIDADES TERRITORIALES - GESTION GENERAL,NO DEFINIDO,NO DEFINIDO,NO DEFINIDO,,,2022,Primer Trimestre,,,,NO DEFINIDO,NO DEFINIDO,,,,,,NO DEFINIDO,,,,,,NO DEFINIDO,NO DEFINIDO,NO DEFINIDO,0.0,18980000.0,18980000.0
11165299,20220301,923272885,E.S.P Por Santa Rosa Sostenible S.A.S,2.1.1.01.02.003,APORTES DE CESANTIAS,GASTOS,FUNCIONAMIENTO,GASTOS DE PERSONAL,PLANTA DE PERSONAL PERMANENTE,CONTRIBUCIONES INHERENTES A LA NOMINA,APORTES DE CESANTIAS,No Aplica,No Aplica,No Aplica,No Aplica,VIGENCIA ACTUAL,ENTIDADES DIFERENTES A ENTIDADES TERRITORIALES - GESTION GENERAL,NO DEFINIDO,NO DEFINIDO,NO APLICA,,,2022,Primer Trimestre,,,,NO APLICA,IMPUESTO - SOBRETASA POR EL ALUMBRADO PUBLICO,,,,,,NO APLICA,,,,,,CON SITUACION DE FONDOS,OTRO,NO DEFINIDO,0.0,6252343.0,6252343.0
11167973,20230601,923272885,E.S.P Por Santa Rosa Sostenible S.A.S,2.1.2.02.02.008,SERVICIOS PRESTADOS A LAS EMPRESAS Y SERVICIOS DE PRODUCCION,GASTOS,FUNCIONAMIENTO,ADQUISICION DE BIENES Y SERVICIOS,ADQUISICIONES DIFERENTES DE ACTIVOS,ADQUISICION DE SERVICIOS,SERVICIOS PRESTADOS A LAS EMPRESAS Y SERVICIOS DE PRODUCCION,No Aplica,No Aplica,No Aplica,No Aplica,VIGENCIA ACTUAL,ENTIDADES DIFERENTES A ENTIDADES TERRITORIALES - GESTION GENERAL,NO DEFINIDO,NO DEFINIDO,NO APLICA,,,2023,Segundo Trimestre,,,,SERVICIOS DE DISTRIBUCION DE ELECTRICIDAD A COMISION O POR CONTRATO,R.B. IMPUESTO DE ALUMBRADO PUBLICO,,,,,,NO APLICA,,,,,,CON SITUACION DE FONDOS,NO APLICA,NO DEFINIDO,0.0,864851252.0,864851252.0
11179560,20220901,923272885,E.S.P Por Santa Rosa Sostenible S.A.S,2.3.2.01.01.003.03.02,"MAQUINARIA DE INFORMATICA Y SUS PARTES, PIEZAS Y ACCESORIOS",GASTOS,INVERSION,ADQUISICION DE BIENES Y SERVICIOS,ADQUISICION DE ACTIVOS NO FINANCIEROS,ACTIVOS FIJOS,MAQUINARIA Y EQUIPO,"MAQUINARIA DE OFICINA, CONTABILIDAD E INFORMATICA","MAQUINARIA DE INFORMATICA Y SUS PARTES, PIEZAS Y ACCESORIOS",No Aplica,No Aplica,VIGENCIA ACTUAL,ENTIDADES DIFERENTES A ENTIDADES TERRITORIALES - GESTION GENERAL,NO DEFINIDO,NO DEFINIDO,NO APLICA,,,2022,Tercer Trimestre,,,,NO APLICA,IMPUESTO - SOBRETASA POR EL ALUMBRADO PUBLICO,,,,,,NO APLICA,,,,,,CON SITUACION DE FONDOS,NO APLICA,NO DEFINIDO,0.0,8550000.0,8550000.0
11186849,20210601,923272885,E.S.P Por Santa Rosa Sostenible S.A.S,2.1.2.01.01.005.02.03.01,PROGRAMAS DE INFORMATICA,GASTOS,FUNCIONAMIENTO,ADQUISICION DE BIENES Y SERVICIOS,ADQUISICION DE ACTIVOS NO FINANCIEROS,ACTIVOS FIJOS,OTROS ACTIVOS FIJOS,PRODUCTOS DE LA PROPIEDAD INTELECTUAL,PROGRAMAS DE INFORMATICA Y BASES DE DATOS,PROGRAMAS DE INFORMATICA,No Aplica,VIGENCIA ACTUAL,ENTIDADES TERRITORIALES - SERVICIOS PUBLICOS,NO DEFINIDO,NO DEFINIDO,NO DEFINIDO,,,2021,Segundo Trimestre,,,,NO DEFINIDO,NO DEFINIDO,,,,,,NO DEFINIDO,,,,,,NO DEFINIDO,NO DEFINIDO,NO DEFINIDO,0.0,900000.0,900000.0
11200747,20211201,923272885,E.S.P Por Santa Rosa Sostenible S.A.S,2.1.8.01.14,GRAVAMEN A LOS MOVIMIENTOS FINANCIEROS,GASTOS,FUNCIONAMIENTO,"GASTOS POR TRIBUTOS, TASAS, CONTRIBUCIONES, MULTAS, SANCIONES E INTERESES DE MORA",IMPUESTOS,GRAVAMEN A LOS MOVIMIENTOS FINANCIEROS,No Aplica,No Aplica,No Aplica,No Aplica,No Aplica,VIGENCIA ACTUAL,ENTIDADES TERRITORIALES - SERVICIOS PUBLICOS,NO DEFINIDO,NO DEFINIDO,NO APLICA,,,2021,Cuarto Trimestre,,,,NO APLICA,OTRAS CONTRIBUCIONES CON DESTINACION ESPECIFICA LEGAL,,,,,,NO APLICA,,,,,,CON SITUACION DE FONDOS,OTRO,NO DEFINIDO,0.0,3326632.0,3326632.0
11217546,20230601,923272885,E.S.P Por Santa Rosa Sostenible S.A.S,2.1.1.01.02,CONTRIBUCIONES INHERENTES A LA NOMINA,GASTOS,FUNCIONAMIENTO,GASTOS DE PERSONAL,PLANTA DE PERSONAL PERMANENTE,CONTRIBUCIONES INHERENTES A LA NOMINA,No Aplica,No Aplica,No Aplica,No Aplica,No Aplica,VIGENCIA ACTUAL,ENTIDADES DIFERENTES A ENTIDADES TERRITORIALES - GESTION GENERAL,NO DEFINIDO,NO DEFINIDO,NO DEFINIDO,,,2023,Segundo Trimestre,,,,NO DEFINIDO,NO DEFINIDO,,,,,,NO DEFINIDO,,,,,,NO DEFINIDO,NO DEFINIDO,NO DEFINIDO,0.0,13459306.0,13459306.0
11229343,20230601,923272885,E.S.P Por Santa Rosa Sostenible S.A.S,2.3.2.01.01.005.02,PRODUCTOS DE LA PROPIEDAD INTELECTUAL,GASTOS,INVERSION,ADQUISICION DE BIENES Y SERVICIOS,ADQUISICION DE ACTIVOS NO FINANCIEROS,ACTIVOS FIJOS,OTROS ACTIVOS FIJOS,PRODUCTOS DE LA PROPIEDAD INTELECTUAL,No Aplica,No Aplica,No Aplica,VIGENCIA ACTUAL,ENTIDADES DIFERENTES A ENTIDADES TERRITORIALES - GESTION GENERAL,NO DEFINIDO,NO DEFINIDO,NO DEFINIDO,,,2023,Segundo Trimestre,,,,NO DEFINIDO,NO DEFINIDO,,,,,,NO DEFINIDO,,,,,,NO DEFINIDO,NO DEFINIDO,NO DEFINIDO,0.0,414215.0,414215.0
11230261,20210301,923272885,E.S.P Por Santa Rosa Sostenible S.A.S,2.1.2,ADQUISICION DE BIENES Y SERVICIOS,GASTOS,FUNCIONAMIENTO,ADQUISICION DE BIENES Y SERVICIOS,No Aplica,No Aplica,No Aplica,No Aplica,No Aplica,No Aplica,No Aplica,VIGENCIA ACTUAL,ENTIDADES TERRITORIALES - SERVICIOS PUBLICOS,NO DEFINIDO,NO DEFINIDO,NO DEFINIDO,,,2021,Primer Trimestre,,,,NO DEFINIDO,NO DEFINIDO,,,,,,NO DEFINIDO,,,,,,NO DEFINIDO,NO DEFINIDO,NO DEFINIDO,0.0,19559972.0,19559972.0
11231333,20230301,923272885,E.S.P Por Santa Rosa Sostenible S.A.S,2.1.2.02.01,MATERIALES Y SUMINISTROS,GASTOS,FUNCIONAMIENTO,ADQUISICION DE BIENES Y SERVICIOS,ADQUISICIONES DIFERENTES DE ACTIVOS,MATERIALES Y SUMINISTROS,No Aplica,No Aplica,No Aplica,No Aplica,No Aplica,VIGENCIA ACTUAL,ENTIDADES DIFERENTES A ENTIDADES TERRITORIALES - GESTION GENERAL,NO DEFINIDO,NO DEFINIDO,NO DEFINIDO,,,2023,Primer Trimestre,,,,NO DEFINIDO,NO DEFINIDO,,,,,,NO DEFINIDO,,,,,,NO DEFINIDO,NO DEFINIDO,NO DEFINIDO,0.0,64145065.0,64145065.0
11232735,20210601,923272885,E.S.P Por Santa Rosa Sostenible S.A.S,2.1.8,"GASTOS POR TRIBUTOS, TASAS, CONTRIBUCIONES, MULTAS, SANCIONES E INTERESES DE MORA",GASTOS,FUNCIONAMIENTO,"GASTOS POR TRIBUTOS, TASAS, CONTRIBUCIONES, MULTAS, SANCIONES E INTERESES DE MORA",No Aplica,No Aplica,No Aplica,No Aplica,No Aplica,No Aplica,No Aplica,VIGENCIA ACTUAL,ENTIDADES TERRITORIALES - SERVICIOS PUBLICOS,NO DEFINIDO,NO DEFINIDO,NO DEFINIDO,,,2021,Segundo Trimestre,,,,NO DEFINIDO,NO DEFINIDO,,,,,,NO DEFINIDO,,,,,,NO DEFINIDO,NO DEFINIDO,NO DEFINIDO,0.0,12957070.0,12957070.0
11236535,20220901,923272885,E.S.P Por Santa Rosa Sostenible S.A.S,2.1.2.02.02.008,SERVICIOS PRESTADOS A LAS EMPRESAS Y SERVICIOS DE PRODUCCION,GASTOS,FUNCIONAMIENTO,ADQUISICION DE BIENES Y SERVICIOS,ADQUISICIONES DIFERENTES DE ACTIVOS,ADQUISICION DE SERVICIOS,SERVICIOS PRESTADOS A LAS EMPRESAS Y SERVICIOS DE PRODUCCION,No Aplica,No Aplica,No Aplica,No Aplica,VIGENCIA ACTUAL,ENTIDADES DIFERENTES A ENTIDADES TERRITORIALES - GESTION GENERAL,NO DEFINIDO,NO DEFINIDO,NO APLICA,,,2022,Tercer Trimestre,,,,SERVICIOS DE CONTABILIDAD,IMPUESTO - SOBRETASA POR EL ALUMBRADO PUBLICO,,,,,,NO APLICA,,,,,,CON SITUACION DE FONDOS,NO APLICA,NO DEFINIDO,0.0,16686000.0,16686000.0
11262531,20221201,923272885,E.S.P Por Santa Rosa Sostenible S.A.S,2.1.8.01,IMPUESTOS,GASTOS,FUNCIONAMIENTO,"GASTOS POR TRIBUTOS, TASAS, CONTRIBUCIONES, MULTAS, SANCIONES E INTERESES DE MORA",IMPUESTOS,No Aplica,No Aplica,No Aplica,No Aplica,No Aplica,No Aplica,VIGENCIA ACTUAL,ENTIDADES DIFERENTES A ENTIDADES TERRITORIALES - GESTION GENERAL,NO DEFINIDO,NO DEFINIDO,NO DEFINIDO,,,2022,Cuarto Trimestre,,,,NO DEFINIDO,NO DEFINIDO,,,,,,NO DEFINIDO,,,,,,NO DEFINIDO,NO DEFINIDO,NO DEFINIDO,0.0,6394339.0,6394339.0
11278291,20221201,923272885,E.S.P Por Santa Rosa Sostenible S.A.S,2.1.1.01.02.004,APORTES A CAJAS DE COMPENSACION FAMILIAR,GASTOS,FUNCIONAMIENTO,GASTOS DE PERSONAL,PLANTA DE PERSONAL PERMANENTE,CONTRIBUCIONES INHERENTES A LA NOMINA,APORTES A CAJAS DE COMPENSACION FAMILIAR,No Aplica,No Aplica,No Aplica,No Aplica,VIGENCIA ACTUAL,ENTIDADES DIFERENTES A ENTIDADES TERRITORIALES - GESTION GENERAL,NO DEFINIDO,NO DEFINIDO,NO APLICA,,,2022,Cuarto Trimestre,,,,NO APLICA,IMPUESTO - SOBRETASA POR EL ALUMBRADO PUBLICO,,,,,,NO APLICA,,,,,,CON SITUACION DE FONDOS,NO APLICA,NO DEFINIDO,0.0,2836800.0,2836800.0
11279603,20210601,923272885,E.S.P Por Santa Rosa Sostenible S.A.S,2.1.1.01.01,FACTORES CONSTITUTIVOS DE SALARIO,GASTOS,FUNCIONAMIENTO,GASTOS DE PERSONAL,PLANTA DE PERSONAL PERMANENTE,FACTORES CONSTITUTIVOS DE SALARIO,No Aplica,No Aplica,No Aplica,No Aplica,No Aplica,VIGENCIA ACTUAL,ENTIDADES TERRITORIALES - SERVICIOS PUBLICOS,NO DEFINIDO,NO DEFINIDO,NO DEFINIDO,,,2021,Segundo Trimestre,,,,NO DEFINIDO,NO DEFINIDO,,,,,,NO DEFINIDO,,,,,,NO DEFINIDO,NO DEFINIDO,NO DEFINIDO,0.0,33372588.0,33372588.0
11286913,20230601,923272885,E.S.P Por Santa Rosa Sostenible S.A.S,2.1.1.01.03.001.01,VACACIONES,GASTOS,FUNCIONAMIENTO,GASTOS DE PERSONAL,PLANTA DE PERSONAL PERMANENTE,REMUNERACIONES NO CONSTITUTIVAS DE FACTOR SALARIAL,PRESTACIONES SOCIALES,VACACIONES,No Aplica,No Aplica,No Aplica,VIGENCIA ACTUAL,ENTIDADES DIFERENTES A ENTIDADES TERRITORIALES - GESTION GENERAL,NO DEFINIDO,NO DEFINIDO,NO APLICA,,,2023,Segundo Trimestre,,,,NO APLICA,R.B. IMPUESTO DE ALUMBRADO PUBLICO,,,,,,NO APLICA,,,,,,CON SITUACION DE FONDOS,NO APLICA,NO DEFINIDO,0.0,4351629.0,4351629.0
11296185,20220901,923272885,E.S.P Por Santa Rosa Sostenible S.A.S,2.1.1.01.01,FACTORES CONSTITUTIVOS DE SALARIO,GASTOS,FUNCIONAMIENTO,GASTOS DE PERSONAL,PLANTA DE PERSONAL PERMANENTE,FACTORES CONSTITUTIVOS DE SALARIO,No Aplica,No Aplica,No Aplica,No Aplica,No Aplica,VIGENCIA ACTUAL,ENTIDADES DIFERENTES A ENTIDADES TERRITORIALES - GESTION GENERAL,NO DEFINIDO,NO DEFINIDO,NO DEFINIDO,,,2022,Tercer Trimestre,,,,NO DEFINIDO,NO DEFINIDO,,,,,,NO DEFINIDO,,,,,,NO DEFINIDO,NO DEFINIDO,NO DEFINIDO,0.0,58629421.0,58629421.0
11296788,20210901,923272885,E.S.P Por Santa Rosa Sostenible S.A.S,2.1.8.04,CONTRIBUCIONES,GASTOS,FUNCIONAMIENTO,"GASTOS POR TRIBUTOS, TASAS, CONTRIBUCIONES, MULTAS, SANCIONES E INTERESES DE MORA",CONTRIBUCIONES,No Aplica,No Aplica,No Aplica,No Aplica,No Aplica,No Aplica,VIGENCIA ACTUAL,ENTIDADES TERRITORIALES - SERVICIOS PUBLICOS,NO DEFINIDO,NO DEFINIDO,NO DEFINIDO,,,2021,Tercer Trimestre,,,,NO DEFINIDO,NO DEFINIDO,,,,,,NO DEFINIDO,,,,,,NO DEFINIDO,NO DEFINIDO,NO DEFINIDO,0.0,5487889.0,5487889.0
11297741,20210301,923272885,E.S.P Por Santa Rosa Sostenible S.A.S,2.1.2.01.01,ACTIVOS FIJOS,GASTOS,FUNCIONAMIENTO,ADQUISICION DE BIENES Y SERVICIOS,ADQUISICION DE ACTIVOS NO FINANCIEROS,ACTIVOS FIJOS,No Aplica,No Aplica,No Aplica,No Aplica,No Aplica,VIGENCIA ACTUAL,ENTIDADES TERRITORIALES - SERVICIOS PUBLICOS,NO DEFINIDO,NO DEFINIDO,NO DEFINIDO,,,2021,Primer Trimestre,,,,NO DEFINIDO,NO DEFINIDO,,,,,,NO DEFINIDO,,,,,,NO DEFINIDO,NO DEFINIDO,NO DEFINIDO,0.0,900000.0,900000.0
11298241,20230601,923272885,E.S.P Por Santa Rosa Sostenible S.A.S,2.1.2.02.01.001,"MINERALES, ELECTRICIDAD, GAS Y AGUA",GASTOS,FUNCIONAMIENTO,ADQUISICION DE BIENES Y SERVICIOS,ADQUISICIONES DIFERENTES DE ACTIVOS,MATERIALES Y SUMINISTROS,"MINERALES, ELECTRICIDAD, GAS Y AGUA",No Aplica,No Aplica,No Aplica,No Aplica,VIGENCIA ACTUAL,ENTIDADES DIFERENTES A ENTIDADES TERRITORIALES - GESTION GENERAL,NO DEFINIDO,NO DEFINIDO,NO APLICA,,,2023,Segundo Trimestre,,,,ENERGIA ELECTRICA,R.B. IMPUESTO DE ALUMBRADO PUBLICO,,,,,,NO APLICA,,,,,,CON SITUACION DE FONDOS,NO APLICA,NO DEFINIDO,0.0,273756655.0,273756655.0
11302474,20230601,923272885,E.S.P Por Santa Rosa Sostenible S.A.S,2.1.1.01.01,FACTORES CONSTITUTIVOS DE SALARIO,GASTOS,FUNCIONAMIENTO,GASTOS DE PERSONAL,PLANTA DE PERSONAL PERMANENTE,FACTORES CONSTITUTIVOS DE SALARIO,No Aplica,No Aplica,No Aplica,No Aplica,No Aplica,VIGENCIA ACTUAL,ENTIDADES DIFERENTES A ENTIDADES TERRITORIALES - GESTION GENERAL,NO DEFINIDO,NO DEFINIDO,NO DEFINIDO,,,2023,Segundo Trimestre,,,,NO DEFINIDO,NO DEFINIDO,,,,,,NO DEFINIDO,,,,,,NO DEFINIDO,NO DEFINIDO,NO DEFINIDO,0.0,45591382.0,45591382.0
11330035,20230301,923272885,E.S.P Por Santa Rosa Sostenible S.A.S,2.1.1,GASTOS DE PERSONAL,GASTOS,FUNCIONAMIENTO,GASTOS DE PERSONAL,No Aplica,No Aplica,No Aplica,No Aplica,No Aplica,No Aplica,No Aplica,VIGENCIA ACTUAL,ENTIDADES DIFERENTES A ENTIDADES TERRITORIALES - GESTION GENERAL,NO DEFINIDO,NO DEFINIDO,NO DEFINIDO,,,2023,Primer Trimestre,,,,NO DEFINIDO,NO DEFINIDO,,,,,,NO DEFINIDO,,,,,,NO DEFINIDO,NO DEFINIDO,NO DEFINIDO,0.0,32370674.0,32370674.0
11335376,20230601,923272885,E.S.P Por Santa Rosa Sostenible S.A.S,2,GASTOS,GASTOS,No Aplica,No Aplica,No Aplica,No Aplica,No Aplica,No Aplica,No Aplica,No Aplica,No Aplica,VIGENCIA ACTUAL,ENTIDADES DIFERENTES A ENTIDADES TERRITORIALES - GESTION GENERAL,NO DEFINIDO,NO DEFINIDO,NO DEFINIDO,,,2023,Segundo Trimestre,,,,NO DEFINIDO,NO DEFINIDO,,,,,,NO DEFINIDO,,,,,,NO DEFINIDO,NO DEFINIDO,NO DEFINIDO,0.0,2222128100.0,2222128100.0
11349714,20230301,923272885,E.S.P Por Santa Rosa Sostenible S.A.S,2.1,FUNCIONAMIENTO,GASTOS,FUNCIONAMIENTO,No Aplica,No Aplica,No Aplica,No Aplica,No Aplica,No Aplica,No Aplica,No Aplica,VIGENCIA ACTUAL,ENTIDADES DIFERENTES A ENTIDADES TERRITORIALES - GESTION GENERAL,NO DEFINIDO,NO DEFINIDO,NO DEFINIDO,,,2023,Primer Trimestre,,,,NO DEFINIDO,NO DEFINIDO,,,,,,NO DEFINIDO,,,,,,NO DEFINIDO,NO DEFINIDO,NO DEFINIDO,0.0,1277554253.0,1271764253.0
11365004,20230601,923272885,E.S.P Por Santa Rosa Sostenible S.A.S,2.1.2.02.02.008,SERVICIOS PRESTADOS A LAS EMPRESAS Y SERVICIOS DE PRODUCCION,GASTOS,FUNCIONAMIENTO,ADQUISICION DE BIENES Y SERVICIOS,ADQUISICIONES DIFERENTES DE ACTIVOS,ADQUISICION DE SERVICIOS,SERVICIOS PRESTADOS A LAS EMPRESAS Y SERVICIOS DE PRODUCCION,No Aplica,No Aplica,No Aplica,No Aplica,VIGENCIA ACTUAL,ENTIDADES DIFERENTES A ENTIDADES TERRITORIALES - GESTION GENERAL,NO DEFINIDO,NO DEFINIDO,NO APLICA,,,2023,Segundo Trimestre,,,,SOFTWARE ORIGINALES,R.B. IMPUESTO DE ALUMBRADO PUBLICO,,,,,,NO APLICA,,,,,,CON SITUACION DE FONDOS,NO APLICA,NO DEFINIDO,0.0,5830000.0,5830000.0
11367274,20211201,923272885,E.S.P Por Santa Rosa Sostenible S.A.S,2.1.2.02.01.003,"OTROS BIENES TRANSPORTABLES EXCEPTO PRODUCTOS METALICOS, MAQUINARIA Y EQUIPO",GASTOS,FUNCIONAMIENTO,ADQUISICION DE BIENES Y SERVICIOS,ADQUISICIONES DIFERENTES DE ACTIVOS,MATERIALES Y SUMINISTROS,"OTROS BIENES TRANSPORTABLES EXCEPTO PRODUCTOS METALICOS, MAQUINARIA Y EQUIPO",No Aplica,No Aplica,No Aplica,No Aplica,VIGENCIA ACTUAL,ENTIDADES TERRITORIALES - SERVICIOS PUBLICOS,NO DEFINIDO,NO DEFINIDO,NO APLICA,,,2021,Cuarto Trimestre,,,,OTROS SERVICIOS DIVERSOS N C P,OTRAS CONTRIBUCIONES CON DESTINACION ESPECIFICA LEGAL,,,,,,NO APLICA,,,,,,CON SITUACION DE FONDOS,OTRO,NO DEFINIDO,0.0,592000.0,592000.0
11368211,20210901,923272885,E.S.P Por Santa Rosa Sostenible S.A.S,2.1.8.01.14,GRAVAMEN A LOS MOVIMIENTOS FINANCIEROS,GASTOS,FUNCIONAMIENTO,"GASTOS POR TRIBUTOS, TASAS, CONTRIBUCIONES, MULTAS, SANCIONES E INTERESES DE MORA",IMPUESTOS,GRAVAMEN A LOS MOVIMIENTOS FINANCIEROS,No Aplica,No Aplica,No Aplica,No Aplica,No Aplica,VIGENCIA ACTUAL,ENTIDADES TERRITORIALES - SERVICIOS PUBLICOS,NO DEFINIDO,NO DEFINIDO,NO APLICA,,,2021,Tercer Trimestre,,,,NO APLICA,1.2.3.2.09 - VENTA DE BIENES Y SERVICIOS,,,,,,NO APLICA,,,,,,CON SITUACION DE FONDOS,OTRO,NO DEFINIDO,0.0,7409791.0,7409791.0
11371003,20220901,923272885,E.S.P Por Santa Rosa Sostenible S.A.S,2.1.2.02.02,ADQUISICION DE SERVICIOS,GASTOS,FUNCIONAMIENTO,ADQUISICION DE BIENES Y SERVICIOS,ADQUISICIONES DIFERENTES DE ACTIVOS,ADQUISICION DE SERVICIOS,No Aplica,No Aplica,No Aplica,No Aplica,No Aplica,VIGENCIA ACTUAL,ENTIDADES DIFERENTES A ENTIDADES TERRITORIALES - GESTION GENERAL,NO DEFINIDO,NO DEFINIDO,NO DEFINIDO,,,2022,Tercer Trimestre,,,,NO DEFINIDO,NO DEFINIDO,,,,,,NO DEFINIDO,,,,,,NO DEFINIDO,NO DEFINIDO,NO DEFINIDO,0.0,1541719131.0,1541685627.0
11374727,20230601,923272885,E.S.P Por Santa Rosa Sostenible S.A.S,2.1.8.05.01.004,SANCIONES ADMINISTRATIVAS,GASTOS,FUNCIONAMIENTO,"GASTOS POR TRIBUTOS, TASAS, CONTRIBUCIONES, MULTAS, SANCIONES E INTERESES DE MORA","MULTAS, SANCIONES E INTERESES DE MORA",MULTAS Y SANCIONES,SANCIONES ADMINISTRATIVAS,No Aplica,No Aplica,No Aplica,No Aplica,VIGENCIA ACTUAL,ENTIDADES DIFERENTES A ENTIDADES TERRITORIALES - GESTION GENERAL,NO DEFINIDO,NO DEFINIDO,NO APLICA,,,2023,Segundo Trimestre,,,,NO APLICA,R.B. IMPUESTO DE ALUMBRADO PUBLICO,,,,,,NO APLICA,,,,,,CON SITUACION DE FONDOS,NO APLICA,NO DEFINIDO,0.0,424000.0,424000.0
11378771,20230301,923272885,E.S.P Por Santa Rosa Sostenible S.A.S,2.1.1.01.02.006,APORTES AL ICBF,GASTOS,FUNCIONAMIENTO,GASTOS DE PERSONAL,PLANTA DE PERSONAL PERMANENTE,CONTRIBUCIONES INHERENTES A LA NOMINA,APORTES AL ICBF,No Aplica,No Aplica,No Aplica,No Aplica,VIGENCIA ACTUAL,ENTIDADES DIFERENTES A ENTIDADES TERRITORIALES - GESTION GENERAL,NO DEFINIDO,NO DEFINIDO,NO APLICA,,,2023,Primer Trimestre,,,,NO APLICA,R.B. IMPUESTO DE ALUMBRADO PUBLICO,,,,,,NO APLICA,,,,,,CON SITUACION DE FONDOS,NO APLICA,NO DEFINIDO,0.0,117000.0,117000.0
11388772,20221201,923272885,E.S.P Por Santa Rosa Sostenible S.A.S,2.3.2.01.01.004.01,"MUEBLES, INSTRUMENTOS MUSICALES, ARTICULOS DE DEPORTE Y ANTIGÃ?EDADES",GASTOS,INVERSION,ADQUISICION DE BIENES Y SERVICIOS,ADQUISICION DE ACTIVOS NO FINANCIEROS,ACTIVOS FIJOS,ACTIVOS FIJOS NO CLASIFICADOS COMO MAQUINARIA Y EQUIPO,"MUEBLES, INSTRUMENTOS MUSICALES, ARTICULOS DE DEPORTE Y ANTIGÃ?EDADES",No Aplica,No Aplica,No Aplica,VIGENCIA ACTUAL,ENTIDADES DIFERENTES A ENTIDADES TERRITORIALES - GESTION GENERAL,NO DEFINIDO,NO DEFINIDO,NO DEFINIDO,,,2022,Cuarto Trimestre,,,,NO DEFINIDO,NO DEFINIDO,,,,,,NO DEFINIDO,,,,,,NO DEFINIDO,NO DEFINIDO,NO DEFINIDO,0.0,10430000.0,10430000.0
11679875,20210301,923272885,E.S.P Por Santa Rosa Sostenible S.A.S,2.1.2.02.02.009,"SERVICIOS PARA LA COMUNIDAD, SOCIALES Y PERSONALES",GASTOS,FUNCIONAMIENTO,ADQUISICION DE BIENES Y SERVICIOS,ADQUISICIONES DIFERENTES DE ACTIVOS,ADQUISICION DE SERVICIOS,"SERVICIOS PARA LA COMUNIDAD, SOCIALES Y PERSONALES",No Aplica,No Aplica,No Aplica,No Aplica,VIGENCIA ACTUAL,ENTIDADES TERRITORIALES - SERVICIOS PUBLICOS,NO DEFINIDO,NO DEFINIDO,NO APLICA,,,2021,Primer Trimestre,,,,17100 - ENERGÍA ELÉCTRICA,1.2.3.2.09 - VENTA DE BIENES Y SERVICIOS,,,,,,NO APLICA,,,,,,CON SITUACION DE FONDOS,NO APLICA,NO DEFINIDO,0.0,16708828.0,16708828.0
11733769,20221201,923272885,E.S.P Por Santa Rosa Sostenible S.A.S,2.3.2.01.01.004.01.01.02,MUEBLES DEL TIPO UTILIZADO EN LA OFICINA,GASTOS,INVERSION,ADQUISICION DE BIENES Y SERVICIOS,ADQUISICION DE ACTIVOS NO FINANCIEROS,ACTIVOS FIJOS,ACTIVOS FIJOS NO CLASIFICADOS COMO MAQUINARIA Y EQUIPO,"MUEBLES, INSTRUMENTOS MUSICALES, ARTICULOS DE DEPORTE Y ANTIGÃ?EDADES",MUEBLES,MUEBLES DEL TIPO UTILIZADO EN LA OFICINA,No Aplica,VIGENCIA ACTUAL,ENTIDADES DIFERENTES A ENTIDADES TERRITORIALES - GESTION GENERAL,NO DEFINIDO,NO DEFINIDO,NO APLICA,,,2022,Cuarto Trimestre,,,,NO APLICA,IMPUESTO - SOBRETASA POR EL ALUMBRADO PUBLICO,,,,,,NO APLICA,,,,,,CON SITUACION DE FONDOS,NO APLICA,NO DEFINIDO,0.0,10430000.0,10430000.0
11941372,20210601,923272885,E.S.P Por Santa Rosa Sostenible S.A.S,2.1.2.02.01.003,"OTROS BIENES TRANSPORTABLES EXCEPTO PRODUCTOS METALICOS, MAQUINARIA Y EQUIPO",GASTOS,FUNCIONAMIENTO,ADQUISICION DE BIENES Y SERVICIOS,ADQUISICIONES DIFERENTES DE ACTIVOS,MATERIALES Y SUMINISTROS,"OTROS BIENES TRANSPORTABLES EXCEPTO PRODUCTOS METALICOS, MAQUINARIA Y EQUIPO",No Aplica,No Aplica,No Aplica,No Aplica,VIGENCIA ACTUAL,ENTIDADES TERRITORIALES - SERVICIOS PUBLICOS,NO DEFINIDO,NO DEFINIDO,NO APLICA,,,2021,Segundo Trimestre,,,,"62251 - COMERCIO AL POR MENOR DE LIBROS, PERIÓDICOS, REVISTAS Y ARTÍCULOS DE PAPELERÍA EN ESTABLECIMIENTOS ESPECIALIZADOS",1.2.3.2.09 - VENTA DE BIENES Y SERVICIOS,,,,,,NO APLICA,,,,,,CON SITUACION DE FONDOS,NO APLICA,NO DEFINIDO,0.0,1569500.0,1569500.0
12000484,20210901,923272885,E.S.P Por Santa Rosa Sostenible S.A.S,2.1.2.02.02.008,SERVICIOS PRESTADOS A LAS EMPRESAS Y SERVICIOS DE PRODUCCION,GASTOS,FUNCIONAMIENTO,ADQUISICION DE BIENES Y SERVICIOS,ADQUISICIONES DIFERENTES DE ACTIVOS,ADQUISICION DE SERVICIOS,SERVICIOS PRESTADOS A LAS EMPRESAS Y SERVICIOS DE PRODUCCION,No Aplica,No Aplica,No Aplica,No Aplica,VIGENCIA ACTUAL,ENTIDADES TERRITORIALES - SERVICIOS PUBLICOS,NO DEFINIDO,NO DEFINIDO,NO APLICA,,,2021,Tercer Trimestre,,,,82110 - SERVICIOS DE ASESORAMIENTO Y REPRESENTACIÓN JURÍDICA EN DERECHO PENAL,1.2.3.2.09 - VENTA DE BIENES Y SERVICIOS,,,,,,NO APLICA,,,,,,CON SITUACION DE FONDOS,OTRO,NO DEFINIDO,0.0,16444092.0,16444092.0
12112324,20220301,923272885,E.S.P Por Santa Rosa Sostenible S.A.S,2.3.2.01.01.004.01,"MUEBLES, INSTRUMENTOS MUSICALES, ARTICULOS DE DEPORTE Y ANTIGÃ?EDADES",GASTOS,INVERSION,ADQUISICION DE BIENES Y SERVICIOS,ADQUISICION DE ACTIVOS NO FINANCIEROS,ACTIVOS FIJOS,ACTIVOS FIJOS NO CLASIFICADOS COMO MAQUINARIA Y EQUIPO,"MUEBLES, INSTRUMENTOS MUSICALES, ARTICULOS DE DEPORTE Y ANTIGÃ?EDADES",No Aplica,No Aplica,No Aplica,VIGENCIA ACTUAL,ENTIDADES DIFERENTES A ENTIDADES TERRITORIALES - GESTION GENERAL,NO DEFINIDO,NO DEFINIDO,NO DEFINIDO,,,2022,Primer Trimestre,,,,NO DEFINIDO,NO DEFINIDO,,,,,,NO DEFINIDO,,,,,,NO DEFINIDO,NO DEFINIDO,NO DEFINIDO,0.0,10430000.0,10430000.0
12230973,20210901,923272885,E.S.P Por Santa Rosa Sostenible S.A.S,2.1.2.02.01.003,"OTROS BIENES TRANSPORTABLES EXCEPTO PRODUCTOS METALICOS, MAQUINARIA Y EQUIPO",GASTOS,FUNCIONAMIENTO,ADQUISICION DE BIENES Y SERVICIOS,ADQUISICIONES DIFERENTES DE ACTIVOS,MATERIALES Y SUMINISTROS,"OTROS BIENES TRANSPORTABLES EXCEPTO PRODUCTOS METALICOS, MAQUINARIA Y EQUIPO",No Aplica,No Aplica,No Aplica,No Aplica,VIGENCIA ACTUAL,ENTIDADES TERRITORIALES - SERVICIOS PUBLICOS,NO DEFINIDO,NO DEFINIDO,NO APLICA,,,2021,Tercer Trimestre,,,,"62251 - COMERCIO AL POR MENOR DE LIBROS, PERIÓDICOS, REVISTAS Y ARTÍCULOS DE PAPELERÍA EN ESTABLECIMIENTOS ESPECIALIZADOS",1.2.3.2.09 - VENTA DE BIENES Y SERVICIOS,,,,,,NO APLICA,,,,,,CON SITUACION DE FONDOS,OTRO,NO DEFINIDO,0.0,1688650.0,1688650.0
12386800,20220901,923272885,E.S.P Por Santa Rosa Sostenible S.A.S,2.3.2.01.01.004.01,"MUEBLES, INSTRUMENTOS MUSICALES, ARTICULOS DE DEPORTE Y ANTIGÃ?EDADES",GASTOS,INVERSION,ADQUISICION DE BIENES Y SERVICIOS,ADQUISICION DE ACTIVOS NO FINANCIEROS,ACTIVOS FIJOS,ACTIVOS FIJOS NO CLASIFICADOS COMO MAQUINARIA Y EQUIPO,"MUEBLES, INSTRUMENTOS MUSICALES, ARTICULOS DE DEPORTE Y ANTIGÃ?EDADES",No Aplica,No Aplica,No Aplica,VIGENCIA ACTUAL,ENTIDADES DIFERENTES A ENTIDADES TERRITORIALES - GESTION GENERAL,NO DEFINIDO,NO DEFINIDO,NO DEFINIDO,,,2022,Tercer Trimestre,,,,NO DEFINIDO,NO DEFINIDO,,,,,,NO DEFINIDO,,,,,,NO DEFINIDO,NO DEFINIDO,NO DEFINIDO,0.0,10430000.0,10430000.0
12701182,20210301,923272885,E.S.P Por Santa Rosa Sostenible S.A.S,2.1.2.02.02.006,"COMERCIO Y DISTRIBUCION; ALOJAMIENTO; SERVICIOS DE SUMINISTRO DE COMIDAS Y BEBIDAS; SERVICIOS DE TRANSPORTE; Y SERVICIOS DE DISTRIBUCION DE ELECTRICIDAD, GAS Y AGUA",GASTOS,FUNCIONAMIENTO,ADQUISICION DE BIENES Y SERVICIOS,ADQUISICIONES DIFERENTES DE ACTIVOS,ADQUISICION DE SERVICIOS,"COMERCIO Y DISTRIBUCION; ALOJAMIENTO; SERVICIOS DE SUMINISTRO DE COMIDAS Y BEBIDAS; SERVICIOS DE TRANSPORTE; Y SERVICIOS DE DISTRIBUCION DE ELECTRICIDAD, GAS Y AGUA",No Aplica,No Aplica,No Aplica,No Aplica,VIGENCIA ACTUAL,ENTIDADES TERRITORIALES - SERVICIOS PUBLICOS,NO DEFINIDO,NO DEFINIDO,NO APLICA,,,2021,Primer Trimestre,,,,17100 - ENERGÍA ELÉCTRICA,1.2.3.2.09 - VENTA DE BIENES Y SERVICIOS,,,,,,NO APLICA,,,,,,CON SITUACION DE FONDOS,NO APLICA,NO DEFINIDO,0.0,1951144.0,1951144.0
12758957,20220901,923272885,E.S.P Por Santa Rosa Sostenible S.A.S,2.3.2.01.01.004.01.01,MUEBLES,GASTOS,INVERSION,ADQUISICION DE BIENES Y SERVICIOS,ADQUISICION DE ACTIVOS NO FINANCIEROS,ACTIVOS FIJOS,ACTIVOS FIJOS NO CLASIFICADOS COMO MAQUINARIA Y EQUIPO,"MUEBLES, INSTRUMENTOS MUSICALES, ARTICULOS DE DEPORTE Y ANTIGÃ?EDADES",MUEBLES,No Aplica,No Aplica,VIGENCIA ACTUAL,ENTIDADES DIFERENTES A ENTIDADES TERRITORIALES - GESTION GENERAL,NO DEFINIDO,NO DEFINIDO,NO DEFINIDO,,,2022,Tercer Trimestre,,,,NO DEFINIDO,NO DEFINIDO,,,,,,NO DEFINIDO,,,,,,NO DEFINIDO,NO DEFINIDO,NO DEFINIDO,0.0,10430000.0,10430000.0
12838178,20221201,923272885,E.S.P Por Santa Rosa Sostenible S.A.S,2.3.2.01.01.004.01.01,MUEBLES,GASTOS,INVERSION,ADQUISICION DE BIENES Y SERVICIOS,ADQUISICION DE ACTIVOS NO FINANCIEROS,ACTIVOS FIJOS,ACTIVOS FIJOS NO CLASIFICADOS COMO MAQUINARIA Y EQUIPO,"MUEBLES, INSTRUMENTOS MUSICALES, ARTICULOS DE DEPORTE Y ANTIGÃ?EDADES",MUEBLES,No Aplica,No Aplica,VIGENCIA ACTUAL,ENTIDADES DIFERENTES A ENTIDADES TERRITORIALES - GESTION GENERAL,NO DEFINIDO,NO DEFINIDO,NO DEFINIDO,,,2022,Cuarto Trimestre,,,,NO DEFINIDO,NO DEFINIDO,,,,,,NO DEFINIDO,,,,,,NO DEFINIDO,NO DEFINIDO,NO DEFINIDO,0.0,10430000.0,10430000.0
12944375,20210901,923272885,E.S.P Por Santa Rosa Sostenible S.A.S,2.1.2.01.01.003.03.01,"MAQUINAS PARA OFICINA Y CONTABILIDAD, Y SUS PARTES Y ACCESORIOS",GASTOS,FUNCIONAMIENTO,ADQUISICION DE BIENES Y SERVICIOS,ADQUISICION DE ACTIVOS NO FINANCIEROS,ACTIVOS FIJOS,MAQUINARIA Y EQUIPO,"MAQUINARIA DE OFICINA, CONTABILIDAD E INFORMATICA","MAQUINAS PARA OFICINA Y CONTABILIDAD, Y SUS PARTES Y ACCESORIOS",No Aplica,No Aplica,VIGENCIA ACTUAL,ENTIDADES TERRITORIALES - SERVICIOS PUBLICOS,NO DEFINIDO,NO DEFINIDO,NO APLICA,,,2021,Tercer Trimestre,,,,"62251 - COMERCIO AL POR MENOR DE LIBROS, PERIÓDICOS, REVISTAS Y ARTÍCULOS DE PAPELERÍA EN ESTABLECIMIENTOS ESPECIALIZADOS",1.2.3.2.09 - VENTA DE BIENES Y SERVICIOS,,,,,,NO APLICA,,,,,,CON SITUACION DE FONDOS,OTRO,NO DEFINIDO,0.0,135400.0,135400.0
13002503,20210601,923272885,E.S.P Por Santa Rosa Sostenible S.A.S,2.1.2.02.02.008,SERVICIOS PRESTADOS A LAS EMPRESAS Y SERVICIOS DE PRODUCCION,GASTOS,FUNCIONAMIENTO,ADQUISICION DE BIENES Y SERVICIOS,ADQUISICIONES DIFERENTES DE ACTIVOS,ADQUISICION DE SERVICIOS,SERVICIOS PRESTADOS A LAS EMPRESAS Y SERVICIOS DE PRODUCCION,No Aplica,No Aplica,No Aplica,No Aplica,VIGENCIA ACTUAL,ENTIDADES TERRITORIALES - SERVICIOS PUBLICOS,NO DEFINIDO,NO DEFINIDO,NO APLICA,,,2021,Segundo Trimestre,,,,82110 - SERVICIOS DE ASESORAMIENTO Y REPRESENTACIÓN JURÍDICA EN DERECHO PENAL,1.2.3.2.09 - VENTA DE BIENES Y SERVICIOS,,,,,,NO APLICA,,,,,,CON SITUACION DE FONDOS,NO APLICA,NO DEFINIDO,0.0,10640184.0,10640184.0
13008007,20220301,923272885,E.S.P Por Santa Rosa Sostenible S.A.S,2.3.2.01.01.004.01.01,MUEBLES,GASTOS,INVERSION,ADQUISICION DE BIENES Y SERVICIOS,ADQUISICION DE ACTIVOS NO FINANCIEROS,ACTIVOS FIJOS,ACTIVOS FIJOS NO CLASIFICADOS COMO MAQUINARIA Y EQUIPO,"MUEBLES, INSTRUMENTOS MUSICALES, ARTICULOS DE DEPORTE Y ANTIGÃ?EDADES",MUEBLES,No Aplica,No Aplica,VIGENCIA ACTUAL,ENTIDADES DIFERENTES A ENTIDADES TERRITORIALES - GESTION GENERAL,NO DEFINIDO,NO DEFINIDO,NO DEFINIDO,,,2022,Primer Trimestre,,,,NO DEFINIDO,NO DEFINIDO,,,,,,NO DEFINIDO,,,,,,NO DEFINIDO,NO DEFINIDO,NO DEFINIDO,0.0,10430000.0,10430000.0
13051606,20210901,923272885,E.S.P Por Santa Rosa Sostenible S.A.S,2.4.5.02.09,"SERVICIOS PARA LA COMUNIDAD, SOCIALES Y PERSONALES",GASTOS,GASTOS DE OPERACION COMERCIAL,GASTOS DE COMERCIALIZACION Y PRODUCCION,ADQUISICION DE SERVICIOS,"SERVICIOS PARA LA COMUNIDAD, SOCIALES Y PERSONALES",No Aplica,No Aplica,No Aplica,No Aplica,No Aplica,VIGENCIA ACTUAL,ENTIDADES TERRITORIALES - SERVICIOS PUBLICOS,NO DEFINIDO,NO DEFINIDO,NO APLICA,,,2021,Tercer Trimestre,,,,86312 - SERVICIOS DE DISTRIBUCIÓN DE ELECTRICIDAD (A COMISIÓN O POR CONTRATO),1.2.3.2.09 - VENTA DE BIENES Y SERVICIOS,,,,,,NO APLICA,,,,,,CON SITUACION DE FONDOS,OTRO,NO DEFINIDO,0.0,915205811.0,915205811.0
13239271,20210901,923272885,E.S.P Por Santa Rosa Sostenible S.A.S,2.1.2.02.02.008,SERVICIOS PRESTADOS A LAS EMPRESAS Y SERVICIOS DE PRODUCCION,GASTOS,FUNCIONAMIENTO,ADQUISICION DE BIENES Y SERVICIOS,ADQUISICIONES DIFERENTES DE ACTIVOS,ADQUISICION DE SERVICIOS,SERVICIOS PRESTADOS A LAS EMPRESAS Y SERVICIOS DE PRODUCCION,No Aplica,No Aplica,No Aplica,No Aplica,VIGENCIA ACTUAL,ENTIDADES TERRITORIALES - SERVICIOS PUBLICOS,NO DEFINIDO,NO DEFINIDO,NO APLICA,,,2021,Tercer Trimestre,,,,"62251 - COMERCIO AL POR MENOR DE LIBROS, PERIÓDICOS, REVISTAS Y ARTÍCULOS DE PAPELERÍA EN ESTABLECIMIENTOS ESPECIALIZADOS",1.2.3.2.09 - VENTA DE BIENES Y SERVICIOS,,,,,,NO APLICA,,,,,,CON SITUACION DE FONDOS,OTRO,NO DEFINIDO,0.0,998000.0,998000.0
13297425,20210901,923272885,E.S.P Por Santa Rosa Sostenible S.A.S,2.1.2.02.02.008,SERVICIOS PRESTADOS A LAS EMPRESAS Y SERVICIOS DE PRODUCCION,GASTOS,FUNCIONAMIENTO,ADQUISICION DE BIENES Y SERVICIOS,ADQUISICIONES DIFERENTES DE ACTIVOS,ADQUISICION DE SERVICIOS,SERVICIOS PRESTADOS A LAS EMPRESAS Y SERVICIOS DE PRODUCCION,No Aplica,No Aplica,No Aplica,No Aplica,VIGENCIA ACTUAL,ENTIDADES TERRITORIALES - SERVICIOS PUBLICOS,NO DEFINIDO,NO DEFINIDO,NO APLICA,,,2021,Tercer Trimestre,,,,82210 - SERVICIOS DE AUDITORÍA FINANCIERA,1.2.3.2.09 - VENTA DE BIENES Y SERVICIOS,,,,,,NO APLICA,,,,,,CON SITUACION DE FONDOS,OTRO,NO DEFINIDO,0.0,14509456.0,14509456.0
13320230,20210601,923272885,E.S.P Por Santa Rosa Sostenible S.A.S,2.1.2.02.01.002,"PRODUCTOS ALIMENTICIOS, BEBIDAS Y TABACO, TEXTILES, PRENDAS DE VESTIR Y PRODUCTOS DE CUERO",GASTOS,FUNCIONAMIENTO,ADQUISICION DE BIENES Y SERVICIOS,ADQUISICIONES DIFERENTES DE ACTIVOS,MATERIALES Y SUMINISTROS,"PRODUCTOS ALIMENTICIOS, BEBIDAS Y TABACO, TEXTILES, PRENDAS DE VESTIR Y PRODUCTOS DE CUERO",No Aplica,No Aplica,No Aplica,No Aplica,VIGENCIA ACTUAL,ENTIDADES TERRITORIALES - SERVICIOS PUBLICOS,NO DEFINIDO,NO DEFINIDO,NO APLICA,,,2021,Segundo Trimestre,,,,"62233 - COMERCIO AL POR MENOR DE PRENDAS DE VESTIR, ARTÍCULOS DE PIEL Y ACCESORIOS DE VESTIR EN ESTABLECIMIENTOS ESPECIALIZADOS",1.2.3.2.09 - VENTA DE BIENES Y SERVICIOS,,,,,,NO APLICA,,,,,,CON SITUACION DE FONDOS,NO APLICA,NO DEFINIDO,0.0,851000.0,851000.0
13406010,20210901,923272885,E.S.P Por Santa Rosa Sostenible S.A.S,2.1.2.02.01.003,"OTROS BIENES TRANSPORTABLES EXCEPTO PRODUCTOS METALICOS, MAQUINARIA Y EQUIPO",GASTOS,FUNCIONAMIENTO,ADQUISICION DE BIENES Y SERVICIOS,ADQUISICIONES DIFERENTES DE ACTIVOS,MATERIALES Y SUMINISTROS,"OTROS BIENES TRANSPORTABLES EXCEPTO PRODUCTOS METALICOS, MAQUINARIA Y EQUIPO",No Aplica,No Aplica,No Aplica,No Aplica,VIGENCIA ACTUAL,ENTIDADES TERRITORIALES - SERVICIOS PUBLICOS,NO DEFINIDO,NO DEFINIDO,NO APLICA,,,2021,Tercer Trimestre,,,,54590 - OTROS SERVICIOS ESPECIALIZADOS DE LA CONSTRUCCIÓN,1.2.3.2.09 - VENTA DE BIENES Y SERVICIOS,,,,,,NO APLICA,,,,,,CON SITUACION DE FONDOS,OTRO,NO DEFINIDO,0.0,630000.0,630000.0
13453575,20210601,923272885,E.S.P Por Santa Rosa Sostenible S.A.S,2.1.2.02.02.007,SERVICIOS FINANCIEROS Y SERVICIOS CONEXOS; SERVICIOS INMOBILIARIOS; Y SERVICIOS DE ARRENDAMIENTO Y LEASING,GASTOS,FUNCIONAMIENTO,ADQUISICION DE BIENES Y SERVICIOS,ADQUISICIONES DIFERENTES DE ACTIVOS,ADQUISICION DE SERVICIOS,SERVICIOS FINANCIEROS Y SERVICIOS CONEXOS; SERVICIOS INMOBILIARIOS; Y SERVICIOS DE ARRENDAMIENTO Y LEASING,No Aplica,No Aplica,No Aplica,No Aplica,VIGENCIA ACTUAL,ENTIDADES TERRITORIALES - SERVICIOS PUBLICOS,NO DEFINIDO,NO DEFINIDO,NO APLICA,,,2021,Segundo Trimestre,,,,72252 - SERVICIOS DE ARRENDAMIENTO DE BIENES INMUEBLES NO RESIDENCIALES (VIVIENDA) A COMISIÓN O POR CONTRATO,1.2.3.2.09 - VENTA DE BIENES Y SERVICIOS,,,,,,NO APLICA,,,,,,CON SITUACION DE FONDOS,SANTA ROSA DE OSOS,NO DEFINIDO,0.0,5118750.0,5118750.0
13593247,20220301,923272885,E.S.P Por Santa Rosa Sostenible S.A.S,2.3.2.01.01.004.01.01.02,MUEBLES DEL TIPO UTILIZADO EN LA OFICINA,GASTOS,INVERSION,ADQUISICION DE BIENES Y SERVICIOS,ADQUISICION DE ACTIVOS NO FINANCIEROS,ACTIVOS FIJOS,ACTIVOS FIJOS NO CLASIFICADOS COMO MAQUINARIA Y EQUIPO,"MUEBLES, INSTRUMENTOS MUSICALES, ARTICULOS DE DEPORTE Y ANTIGÃ?EDADES",MUEBLES,MUEBLES DEL TIPO UTILIZADO EN LA OFICINA,No Aplica,VIGENCIA ACTUAL,ENTIDADES DIFERENTES A ENTIDADES TERRITORIALES - GESTION GENERAL,NO DEFINIDO,NO DEFINIDO,NO APLICA,,,2022,Primer Trimestre,,,,NO APLICA,IMPUESTO - SOBRETASA POR EL ALUMBRADO PUBLICO,,,,,,NO APLICA,,,,,,CON SITUACION DE FONDOS,OTRO,NO DEFINIDO,0.0,10430000.0,10430000.0
13642378,20210901,923272885,E.S.P Por Santa Rosa Sostenible S.A.S,2.4.5.02.06,"COMERCIO Y DISTRIBUCION; ALOJAMIENTO; SERVICIOS DE SUMINISTRO DE COMIDAS Y BEBIDAS; SERVICIOS DE TRANSPORTE; Y SERVICIOS DE DISTRIBUCION DE ELECTRICIDAD, GAS Y AGUA",GASTOS,GASTOS DE OPERACION COMERCIAL,GASTOS DE COMERCIALIZACION Y PRODUCCION,ADQUISICION DE SERVICIOS,"COMERCIO Y DISTRIBUCION; ALOJAMIENTO; SERVICIOS DE SUMINISTRO DE COMIDAS Y BEBIDAS; SERVICIOS DE TRANSPORTE; Y SERVICIOS DE DISTRIBUCION DE ELECTRICIDAD, GAS Y AGUA",No Aplica,No Aplica,No Aplica,No Aplica,No Aplica,VIGENCIA ACTUAL,ENTIDADES TERRITORIALES - SERVICIOS PUBLICOS,NO DEFINIDO,NO DEFINIDO,NO APLICA,,,2021,Tercer Trimestre,,,,17100 - ENERGÍA ELÉCTRICA,1.2.3.2.09 - VENTA DE BIENES Y SERVICIOS,,,,,,NO APLICA,,,,,,CON SITUACION DE FONDOS,EMPRESAS PUBLICAS DE MEDELLIN,NO DEFINIDO,0.0,248589521.0,248589521.0
13779941,20220901,923272885,E.S.P Por Santa Rosa Sostenible S.A.S,2.3.2.01.01.004.01.01.02,MUEBLES DEL TIPO UTILIZADO EN LA OFICINA,GASTOS,INVERSION,ADQUISICION DE BIENES Y SERVICIOS,ADQUISICION DE ACTIVOS NO FINANCIEROS,ACTIVOS FIJOS,ACTIVOS FIJOS NO CLASIFICADOS COMO MAQUINARIA Y EQUIPO,"MUEBLES, INSTRUMENTOS MUSICALES, ARTICULOS DE DEPORTE Y ANTIGÃ?EDADES",MUEBLES,MUEBLES DEL TIPO UTILIZADO EN LA OFICINA,No Aplica,VIGENCIA ACTUAL,ENTIDADES DIFERENTES A ENTIDADES TERRITORIALES - GESTION GENERAL,NO DEFINIDO,NO DEFINIDO,NO APLICA,,,2022,Tercer Trimestre,,,,NO APLICA,IMPUESTO - SOBRETASA POR EL ALUMBRADO PUBLICO,,,,,,NO APLICA,,,,,,CON SITUACION DE FONDOS,NO APLICA,NO DEFINIDO,0.0,10430000.0,10430000.0
13804433,20210601,923272885,E.S.P Por Santa Rosa Sostenible S.A.S,2.1.2.02.02.006,"COMERCIO Y DISTRIBUCION; ALOJAMIENTO; SERVICIOS DE SUMINISTRO DE COMIDAS Y BEBIDAS; SERVICIOS DE TRANSPORTE; Y SERVICIOS DE DISTRIBUCION DE ELECTRICIDAD, GAS Y AGUA",GASTOS,FUNCIONAMIENTO,ADQUISICION DE BIENES Y SERVICIOS,ADQUISICIONES DIFERENTES DE ACTIVOS,ADQUISICION DE SERVICIOS,"COMERCIO Y DISTRIBUCION; ALOJAMIENTO; SERVICIOS DE SUMINISTRO DE COMIDAS Y BEBIDAS; SERVICIOS DE TRANSPORTE; Y SERVICIOS DE DISTRIBUCION DE ELECTRICIDAD, GAS Y AGUA",No Aplica,No Aplica,No Aplica,No Aplica,VIGENCIA ACTUAL,ENTIDADES TERRITORIALES - SERVICIOS PUBLICOS,NO DEFINIDO,NO DEFINIDO,NO APLICA,,,2021,Segundo Trimestre,,,,84120 - SERVICIOS DE TELEFONÍA FIJA (ACCESO),1.2.3.2.09 - VENTA DE BIENES Y SERVICIOS,,,,,,NO APLICA,,,,,,CON SITUACION DE FONDOS,UNE EPM TELECOMUNICACIONES S.A.,NO DEFINIDO,0.0,714385.0,714385.0
14035077,20210901,923272885,E.S.P Por Santa Rosa Sostenible S.A.S,2.1.2.02.02.007,SERVICIOS FINANCIEROS Y SERVICIOS CONEXOS; SERVICIOS INMOBILIARIOS; Y SERVICIOS DE ARRENDAMIENTO Y LEASING,GASTOS,FUNCIONAMIENTO,ADQUISICION DE BIENES Y SERVICIOS,ADQUISICIONES DIFERENTES DE ACTIVOS,ADQUISICION DE SERVICIOS,SERVICIOS FINANCIEROS Y SERVICIOS CONEXOS; SERVICIOS INMOBILIARIOS; Y SERVICIOS DE ARRENDAMIENTO Y LEASING,No Aplica,No Aplica,No Aplica,No Aplica,VIGENCIA ACTUAL,ENTIDADES TERRITORIALES - SERVICIOS PUBLICOS,NO DEFINIDO,NO DEFINIDO,NO APLICA,,,2021,Tercer Trimestre,,,,"72112 - SERVICIOS DE ALQUILER O ARRENDAMIENTO CON O SIN OPCIÓN DE COMPRA, RELATIVOS A BIENES INMUEBLES NO RESIDENCIALES (DIFERENTES A VIVIENDA), PROPIOS O ARRENDADOS",1.2.3.2.09 - VENTA DE BIENES Y SERVICIOS,,,,,,NO APLICA,,,,,,CON SITUACION DE FONDOS,SANTA ROSA DE OSOS,NO DEFINIDO,0.0,5118750.0,5118750.0
14124315,20210601,923272885,E.S.P Por Santa Rosa Sostenible S.A.S,2.4.5.02.06,"COMERCIO Y DISTRIBUCION; ALOJAMIENTO; SERVICIOS DE SUMINISTRO DE COMIDAS Y BEBIDAS; SERVICIOS DE TRANSPORTE; Y SERVICIOS DE DISTRIBUCION DE ELECTRICIDAD, GAS Y AGUA",GASTOS,GASTOS DE OPERACION COMERCIAL,GASTOS DE COMERCIALIZACION Y PRODUCCION,ADQUISICION DE SERVICIOS,"COMERCIO Y DISTRIBUCION; ALOJAMIENTO; SERVICIOS DE SUMINISTRO DE COMIDAS Y BEBIDAS; SERVICIOS DE TRANSPORTE; Y SERVICIOS DE DISTRIBUCION DE ELECTRICIDAD, GAS Y AGUA",No Aplica,No Aplica,No Aplica,No Aplica,No Aplica,VIGENCIA ACTUAL,ENTIDADES TERRITORIALES - SERVICIOS PUBLICOS,NO DEFINIDO,NO DEFINIDO,NO APLICA,,,2021,Segundo Trimestre,,,,17100 - ENERGÍA ELÉCTRICA,1.2.3.2.09 - VENTA DE BIENES Y SERVICIOS,,,,,,NO APLICA,,,,,,CON SITUACION DE FONDOS,EMPRESAS PUBLICAS DE MEDELLIN,NO DEFINIDO,0.0,206200051.0,206200051.0
14170317,20210901,923272885,E.S.P Por Santa Rosa Sostenible S.A.S,2.1.2.02.02.008,SERVICIOS PRESTADOS A LAS EMPRESAS Y SERVICIOS DE PRODUCCION,GASTOS,FUNCIONAMIENTO,ADQUISICION DE BIENES Y SERVICIOS,ADQUISICIONES DIFERENTES DE ACTIVOS,ADQUISICION DE SERVICIOS,SERVICIOS PRESTADOS A LAS EMPRESAS Y SERVICIOS DE PRODUCCION,No Aplica,No Aplica,No Aplica,No Aplica,VIGENCIA ACTUAL,ENTIDADES TERRITORIALES - SERVICIOS PUBLICOS,NO DEFINIDO,NO DEFINIDO,NO APLICA,,,2021,Tercer Trimestre,,,,83329 - OTROS SERVICIOS DE INGENIERÍA EN PROYECTOS N.C.P.,1.2.3.2.09 - VENTA DE BIENES Y SERVICIOS,,,,,,NO APLICA,,,,,,CON SITUACION DE FONDOS,OTRO,NO DEFINIDO,0.0,2200000.0,2200000.0
14265105,20210901,923272885,E.S.P Por Santa Rosa Sostenible S.A.S,2.1.2.02.02.006,"COMERCIO Y DISTRIBUCION; ALOJAMIENTO; SERVICIOS DE SUMINISTRO DE COMIDAS Y BEBIDAS; SERVICIOS DE TRANSPORTE; Y SERVICIOS DE DISTRIBUCION DE ELECTRICIDAD, GAS Y AGUA",GASTOS,FUNCIONAMIENTO,ADQUISICION DE BIENES Y SERVICIOS,ADQUISICIONES DIFERENTES DE ACTIVOS,ADQUISICION DE SERVICIOS,"COMERCIO Y DISTRIBUCION; ALOJAMIENTO; SERVICIOS DE SUMINISTRO DE COMIDAS Y BEBIDAS; SERVICIOS DE TRANSPORTE; Y SERVICIOS DE DISTRIBUCION DE ELECTRICIDAD, GAS Y AGUA",No Aplica,No Aplica,No Aplica,No Aplica,VIGENCIA ACTUAL,ENTIDADES TERRITORIALES - SERVICIOS PUBLICOS,NO DEFINIDO,NO DEFINIDO,NO APLICA,,,2021,Tercer Trimestre,,,,84120 - SERVICIOS DE TELEFONÍA FIJA (ACCESO),1.2.3.2.09 - VENTA DE BIENES Y SERVICIOS,,,,,,NO APLICA,,,,,,CON SITUACION DE FONDOS,UNE EPM TELECOMUNICACIONES S.A.,NO DEFINIDO,0.0,746945.0,746945.0
14310256,20210301,923272885,E.S.P Por Santa Rosa Sostenible S.A.S,2.3.2.02.02.006,"COMERCIO Y DISTRIBUCION; ALOJAMIENTO; SERVICIOS DE SUMINISTRO DE COMIDAS Y BEBIDAS; SERVICIOS DE TRANSPORTE; Y SERVICIOS DE DISTRIBUCION DE ELECTRICIDAD, GAS Y AGUA",GASTOS,INVERSION,ADQUISICION DE BIENES Y SERVICIOS,ADQUISICIONES DIFERENTES DE ACTIVOS,ADQUISICION DE SERVICIOS,"COMERCIO Y DISTRIBUCION; ALOJAMIENTO; SERVICIOS DE SUMINISTRO DE COMIDAS Y BEBIDAS; SERVICIOS DE TRANSPORTE; Y SERVICIOS DE DISTRIBUCION DE ELECTRICIDAD, GAS Y AGUA",No Aplica,No Aplica,No Aplica,No Aplica,VIGENCIA ACTUAL,ENTIDADES TERRITORIALES - SERVICIOS PUBLICOS,NO DEFINIDO,NO DEFINIDO,NO APLICA,,,2021,Primer Trimestre,,,,17100 - ENERGÍA ELÉCTRICA,1.2.3.2.09 - VENTA DE BIENES Y SERVICIOS,,,,,,NO APLICA,,,,,,CON SITUACION DE FONDOS,EMPRESAS PUBLICAS DE MEDELLIN,NO DEFINIDO,0.0,376724266.0,376724266.0
14439510,20210901,923272885,E.S.P Por Santa Rosa Sostenible S.A.S,2.1.2.02.01.002,"PRODUCTOS ALIMENTICIOS, BEBIDAS Y TABACO, TEXTILES, PRENDAS DE VESTIR Y PRODUCTOS DE CUERO",GASTOS,FUNCIONAMIENTO,ADQUISICION DE BIENES Y SERVICIOS,ADQUISICIONES DIFERENTES DE ACTIVOS,MATERIALES Y SUMINISTROS,"PRODUCTOS ALIMENTICIOS, BEBIDAS Y TABACO, TEXTILES, PRENDAS DE VESTIR Y PRODUCTOS DE CUERO",No Aplica,No Aplica,No Aplica,No Aplica,VIGENCIA ACTUAL,ENTIDADES TERRITORIALES - SERVICIOS PUBLICOS,NO DEFINIDO,NO DEFINIDO,NO APLICA,,,2021,Tercer Trimestre,,,,"62233 - COMERCIO AL POR MENOR DE PRENDAS DE VESTIR, ARTÍCULOS DE PIEL Y ACCESORIOS DE VESTIR EN ESTABLECIMIENTOS ESPECIALIZADOS",1.2.3.2.09 - VENTA DE BIENES Y SERVICIOS,,,,,,NO APLICA,,,,,,CON SITUACION DE FONDOS,OTRO,NO DEFINIDO,0.0,851000.0,851000.0
14548829,20230901,923272885,E.S.P Por Santa Rosa Sostenible S.A.S,2.1.2.02.01,MATERIALES Y SUMINISTROS,GASTOS,FUNCIONAMIENTO,ADQUISICION DE BIENES Y SERVICIOS,ADQUISICIONES DIFERENTES DE ACTIVOS,MATERIALES Y SUMINISTROS,No Aplica,No Aplica,No Aplica,No Aplica,No Aplica,VIGENCIA ACTUAL,ENTIDADES DIFERENTES A ENTIDADES TERRITORIALES - GESTION GENERAL,NO DEFINIDO,NO DEFINIDO,NO DEFINIDO,,,2023,Tercer Trimestre,,,,NO DEFINIDO,NO DEFINIDO,,,,,,NO DEFINIDO,,,,,,NO DEFINIDO,NO DEFINIDO,NO DEFINIDO,0.0,276129305.0,276129305.0
14551477,20230901,923272885,E.S.P Por Santa Rosa Sostenible S.A.S,2.3.2.01,ADQUISICION DE ACTIVOS NO FINANCIEROS,GASTOS,INVERSION,ADQUISICION DE BIENES Y SERVICIOS,ADQUISICION DE ACTIVOS NO FINANCIEROS,No Aplica,No Aplica,No Aplica,No Aplica,No Aplica,No Aplica,VIGENCIA ACTUAL,ENTIDADES DIFERENTES A ENTIDADES TERRITORIALES - GESTION GENERAL,NO DEFINIDO,NO DEFINIDO,NO DEFINIDO,,,2023,Tercer Trimestre,,,,NO DEFINIDO,NO DEFINIDO,,,,,,NO DEFINIDO,,,,,,NO DEFINIDO,NO DEFINIDO,NO DEFINIDO,0.0,668415.0,668415.0
14561234,20230901,923272885,E.S.P Por Santa Rosa Sostenible S.A.S,2.3.2,ADQUISICION DE BIENES Y SERVICIOS,GASTOS,INVERSION,ADQUISICION DE BIENES Y SERVICIOS,No Aplica,No Aplica,No Aplica,No Aplica,No Aplica,No Aplica,No Aplica,VIGENCIA ACTUAL,ENTIDADES DIFERENTES A ENTIDADES TERRITORIALES - GESTION GENERAL,NO DEFINIDO,NO DEFINIDO,NO DEFINIDO,,,2023,Tercer Trimestre,,,,NO DEFINIDO,NO DEFINIDO,,,,,,NO DEFINIDO,,,,,,NO DEFINIDO,NO DEFINIDO,NO DEFINIDO,0.0,668415.0,668415.0
14574880,20230901,923272885,E.S.P Por Santa Rosa Sostenible S.A.S,2.1.2.01,ADQUISICION DE ACTIVOS NO FINANCIEROS,GASTOS,FUNCIONAMIENTO,ADQUISICION DE BIENES Y SERVICIOS,ADQUISICION DE ACTIVOS NO FINANCIEROS,No Aplica,No Aplica,No Aplica,No Aplica,No Aplica,No Aplica,VIGENCIA ACTUAL,ENTIDADES DIFERENTES A ENTIDADES TERRITORIALES - GESTION GENERAL,NO DEFINIDO,NO DEFINIDO,NO DEFINIDO,,,2023,Tercer Trimestre,,,,NO DEFINIDO,NO DEFINIDO,,,,,,NO DEFINIDO,,,,,,NO DEFINIDO,NO DEFINIDO,NO DEFINIDO,0.0,12189136.0,12189136.0
14591968,20230901,923272885,E.S.P Por Santa Rosa Sostenible S.A.S,2.1.1.01.01,FACTORES CONSTITUTIVOS DE SALARIO,GASTOS,FUNCIONAMIENTO,GASTOS DE PERSONAL,PLANTA DE PERSONAL PERMANENTE,FACTORES CONSTITUTIVOS DE SALARIO,No Aplica,No Aplica,No Aplica,No Aplica,No Aplica,VIGENCIA ACTUAL,ENTIDADES DIFERENTES A ENTIDADES TERRITORIALES - GESTION GENERAL,NO DEFINIDO,NO DEFINIDO,NO DEFINIDO,,,2023,Tercer Trimestre,,,,NO DEFINIDO,NO DEFINIDO,,,,,,NO DEFINIDO,,,,,,NO DEFINIDO,NO DEFINIDO,NO DEFINIDO,0.0,72730897.0,72730897.0
14598104,20230901,923272885,E.S.P Por Santa Rosa Sostenible S.A.S,2.1.2.02.02.007,SERVICIOS FINANCIEROS Y SERVICIOS CONEXOS; SERVICIOS INMOBILIARIOS; Y SERVICIOS DE ARRENDAMIENTO Y LEASING,GASTOS,FUNCIONAMIENTO,ADQUISICION DE BIENES Y SERVICIOS,ADQUISICIONES DIFERENTES DE ACTIVOS,ADQUISICION DE SERVICIOS,SERVICIOS FINANCIEROS Y SERVICIOS CONEXOS; SERVICIOS INMOBILIARIOS; Y SERVICIOS DE ARRENDAMIENTO Y LEASING,No Aplica,No Aplica,No Aplica,No Aplica,VIGENCIA ACTUAL,ENTIDADES DIFERENTES A ENTIDADES TERRITORIALES - GESTION GENERAL,NO DEFINIDO,NO DEFINIDO,NO APLICA,,,2023,Tercer Trimestre,,,,SERVICIOS DE ALQUILER O ARRENDAMIENTO CON O SIN OPCION DE COMPRA RELATIVOS A BIENES INMUEBLES NO RESIDENCIALES DIFERENTES A VIVIENDA  PROPIOS O ARRENDADOS,R.B. IMPUESTO DE ALUMBRADO PUBLICO,,,,,,NO APLICA,,,,,,CON SITUACION DE FONDOS,NO APLICA,NO DEFINIDO,0.0,8020100.0,8020100.0
14604079,20230901,923272885,E.S.P Por Santa Rosa Sostenible S.A.S,2.1.1.01.03.001.01,VACACIONES,GASTOS,FUNCIONAMIENTO,GASTOS DE PERSONAL,PLANTA DE PERSONAL PERMANENTE,REMUNERACIONES NO CONSTITUTIVAS DE FACTOR SALARIAL,PRESTACIONES SOCIALES,VACACIONES,No Aplica,No Aplica,No Aplica,VIGENCIA ACTUAL,ENTIDADES DIFERENTES A ENTIDADES TERRITORIALES - GESTION GENERAL,NO DEFINIDO,NO DEFINIDO,NO APLICA,,,2023,Tercer Trimestre,,,,NO APLICA,R.B. IMPUESTO DE ALUMBRADO PUBLICO,,,,,,NO APLICA,,,,,,CON SITUACION DE FONDOS,NO APLICA,NO DEFINIDO,0.0,4592062.0,4592062.0
14649119,20230901,923272885,E.S.P Por Santa Rosa Sostenible S.A.S,2.1.8.01,IMPUESTOS,GASTOS,FUNCIONAMIENTO,"GASTOS POR TRIBUTOS, TASAS, CONTRIBUCIONES, MULTAS, SANCIONES E INTERESES DE MORA",IMPUESTOS,No Aplica,No Aplica,No Aplica,No Aplica,No Aplica,No Aplica,VIGENCIA ACTUAL,ENTIDADES DIFERENTES A ENTIDADES TERRITORIALES - GESTION GENERAL,NO DEFINIDO,NO DEFINIDO,NO DEFINIDO,,,2023,Tercer Trimestre,,,,NO DEFINIDO,NO DEFINIDO,,,,,,NO DEFINIDO,,,,,,NO DEFINIDO,NO DEFINIDO,NO DEFINIDO,0.0,3822052.0,3822052.0
14670205,20230901,923272885,E.S.P Por Santa Rosa Sostenible S.A.S,2.1.2.01.01.003.03.02,"MAQUINARIA DE INFORMATICA Y SUS PARTES, PIEZAS Y ACCESORIOS",GASTOS,FUNCIONAMIENTO,ADQUISICION DE BIENES Y SERVICIOS,ADQUISICION DE ACTIVOS NO FINANCIEROS,ACTIVOS FIJOS,MAQUINARIA Y EQUIPO,"MAQUINARIA DE OFICINA, CONTABILIDAD E INFORMATICA","MAQUINARIA DE INFORMATICA Y SUS PARTES, PIEZAS Y ACCESORIOS",No Aplica,No Aplica,VIGENCIA ACTUAL,ENTIDADES DIFERENTES A ENTIDADES TERRITORIALES - GESTION GENERAL,NO DEFINIDO,NO DEFINIDO,NO APLICA,,,2023,Tercer Trimestre,,,,NO APLICA,R.B. IMPUESTO DE ALUMBRADO PUBLICO,,,,,,NO APLICA,,,,,,CON SITUACION DE FONDOS,NO APLICA,NO DEFINIDO,0.0,12189136.0,12189136.0
14691854,20230901,923272885,E.S.P Por Santa Rosa Sostenible S.A.S,2.1.2.02.02.008,SERVICIOS PRESTADOS A LAS EMPRESAS Y SERVICIOS DE PRODUCCION,GASTOS,FUNCIONAMIENTO,ADQUISICION DE BIENES Y SERVICIOS,ADQUISICIONES DIFERENTES DE ACTIVOS,ADQUISICION DE SERVICIOS,SERVICIOS PRESTADOS A LAS EMPRESAS Y SERVICIOS DE PRODUCCION,No Aplica,No Aplica,No Aplica,No Aplica,VIGENCIA ACTUAL,ENTIDADES DIFERENTES A ENTIDADES TERRITORIALES - GESTION GENERAL,NO DEFINIDO,NO DEFINIDO,NO APLICA,,,2023,Tercer Trimestre,,,,SERVICIOS DE ACCESO A INTERNET DE BANDA ANCHA,R.B. IMPUESTO DE ALUMBRADO PUBLICO,,,,,,NO APLICA,,,,,,CON SITUACION DE FONDOS,NO APLICA,NO DEFINIDO,0.0,742000.0,742000.0
14715984,20230901,923272885,E.S.P Por Santa Rosa Sostenible S.A.S,2.1.1.01.01.001.07,BONIFICACION POR SERVICIOS PRESTADOS,GASTOS,FUNCIONAMIENTO,GASTOS DE PERSONAL,PLANTA DE PERSONAL PERMANENTE,FACTORES CONSTITUTIVOS DE SALARIO,FACTORES SALARIALES COMUNES,BONIFICACION POR SERVICIOS PRESTADOS,No Aplica,No Aplica,No Aplica,VIGENCIA ACTUAL,ENTIDADES DIFERENTES A ENTIDADES TERRITORIALES - GESTION GENERAL,NO DEFINIDO,NO DEFINIDO,NO APLICA,,,2023,Tercer Trimestre,,,,NO APLICA,R.B. IMPUESTO DE ALUMBRADO PUBLICO,,,,,,NO APLICA,,,,,,CON SITUACION DE FONDOS,NO APLICA,NO DEFINIDO,0.0,2091429.0,2091429.0
14720268,20230901,923272885,E.S.P Por Santa Rosa Sostenible S.A.S,2.1.8.05.01.004,SANCIONES ADMINISTRATIVAS,GASTOS,FUNCIONAMIENTO,"GASTOS POR TRIBUTOS, TASAS, CONTRIBUCIONES, MULTAS, SANCIONES E INTERESES DE MORA","MULTAS, SANCIONES E INTERESES DE MORA",MULTAS Y SANCIONES,SANCIONES ADMINISTRATIVAS,No Aplica,No Aplica,No Aplica,No Aplica,VIGENCIA ACTUAL,ENTIDADES DIFERENTES A ENTIDADES TERRITORIALES - GESTION GENERAL,NO DEFINIDO,NO DEFINIDO,NO APLICA,,,2023,Tercer Trimestre,,,,NO APLICA,R.B. IMPUESTO DE ALUMBRADO PUBLICO,,,,,,NO APLICA,,,,,,CON SITUACION DE FONDOS,NO APLICA,NO DEFINIDO,0.0,424000.0,424000.0
14721228,20230901,923272885,E.S.P Por Santa Rosa Sostenible S.A.S,2.1.8.04,CONTRIBUCIONES,GASTOS,FUNCIONAMIENTO,"GASTOS POR TRIBUTOS, TASAS, CONTRIBUCIONES, MULTAS, SANCIONES E INTERESES DE MORA",CONTRIBUCIONES,No Aplica,No Aplica,No Aplica,No Aplica,No Aplica,No Aplica,VIGENCIA ACTUAL,ENTIDADES DIFERENTES A ENTIDADES TERRITORIALES - GESTION GENERAL,NO DEFINIDO,NO DEFINIDO,NO DEFINIDO,,,2023,Tercer Trimestre,,,,NO DEFINIDO,NO DEFINIDO,,,,,,NO DEFINIDO,,,,,,NO DEFINIDO,NO DEFINIDO,NO DEFINIDO,0.0,5861709.0,5861709.0
14728852,20230901,923272885,E.S.P Por Santa Rosa Sostenible S.A.S,2.1.1.01.01.001.10,VIATICOS DE LOS FUNCIONARIOS EN COMISION,GASTOS,FUNCIONAMIENTO,GASTOS DE PERSONAL,PLANTA DE PERSONAL PERMANENTE,FACTORES CONSTITUTIVOS DE SALARIO,FACTORES SALARIALES COMUNES,VIATICOS DE LOS FUNCIONARIOS EN COMISION,No Aplica,No Aplica,No Aplica,VIGENCIA ACTUAL,ENTIDADES DIFERENTES A ENTIDADES TERRITORIALES - GESTION GENERAL,NO DEFINIDO,NO DEFINIDO,NO APLICA,,,2023,Tercer Trimestre,,,,NO APLICA,R.B. IMPUESTO DE ALUMBRADO PUBLICO,,,,,,NO APLICA,,,,,,CON SITUACION DE FONDOS,NO APLICA,NO DEFINIDO,0.0,2558406.0,2558406.0
14735350,20230901,923272885,E.S.P Por Santa Rosa Sostenible S.A.S,2.1.1,GASTOS DE PERSONAL,GASTOS,FUNCIONAMIENTO,GASTOS DE PERSONAL,No Aplica,No Aplica,No Aplica,No Aplica,No Aplica,No Aplica,No Aplica,VIGENCIA ACTUAL,ENTIDADES DIFERENTES A ENTIDADES TERRITORIALES - GESTION GENERAL,NO DEFINIDO,NO DEFINIDO,NO DEFINIDO,,,2023,Tercer Trimestre,,,,NO DEFINIDO,NO DEFINIDO,,,,,,NO DEFINIDO,,,,,,NO DEFINIDO,NO DEFINIDO,NO DEFINIDO,0.0,94786812.0,94786812.0
14801840,20230901,923272885,E.S.P Por Santa Rosa Sostenible S.A.S,2.1.2.02.01.004,PRODUCTOS METALICOS Y PAQUETES DE SOFTWARE,GASTOS,FUNCIONAMIENTO,ADQUISICION DE BIENES Y SERVICIOS,ADQUISICIONES DIFERENTES DE ACTIVOS,MATERIALES Y SUMINISTROS,PRODUCTOS METALICOS Y PAQUETES DE SOFTWARE,No Aplica,No Aplica,No Aplica,No Aplica,VIGENCIA ACTUAL,ENTIDADES DIFERENTES A ENTIDADES TERRITORIALES - GESTION GENERAL,NO DEFINIDO,NO DEFINIDO,NO APLICA,,,2023,Tercer Trimestre,,,,PARTES Y ACCESORIOS PARA COMPUTADORES Y MINICOMPUTADORES,R.B. IMPUESTO DE ALUMBRADO PUBLICO,,,,,,NO APLICA,,,,,,CON SITUACION DE FONDOS,NO APLICA,NO DEFINIDO,0.0,270000.0,270000.0
14803813,20230901,923272885,E.S.P Por Santa Rosa Sostenible S.A.S,2.1.2.01.01,ACTIVOS FIJOS,GASTOS,FUNCIONAMIENTO,ADQUISICION DE BIENES Y SERVICIOS,ADQUISICION DE ACTIVOS NO FINANCIEROS,ACTIVOS FIJOS,No Aplica,No Aplica,No Aplica,No Aplica,No Aplica,VIGENCIA ACTUAL,ENTIDADES DIFERENTES A ENTIDADES TERRITORIALES - GESTION GENERAL,NO DEFINIDO,NO DEFINIDO,NO DEFINIDO,,,2023,Tercer Trimestre,,,,NO DEFINIDO,NO DEFINIDO,,,,,,NO DEFINIDO,,,,,,NO DEFINIDO,NO DEFINIDO,NO DEFINIDO,0.0,12189136.0,12189136.0
14827471,20230901,923272885,E.S.P Por Santa Rosa Sostenible S.A.S,2.1.2.02.02.008,SERVICIOS PRESTADOS A LAS EMPRESAS Y SERVICIOS DE PRODUCCION,GASTOS,FUNCIONAMIENTO,ADQUISICION DE BIENES Y SERVICIOS,ADQUISICIONES DIFERENTES DE ACTIVOS,ADQUISICION DE SERVICIOS,SERVICIOS PRESTADOS A LAS EMPRESAS Y SERVICIOS DE PRODUCCION,No Aplica,No Aplica,No Aplica,No Aplica,VIGENCIA ACTUAL,ENTIDADES DIFERENTES A ENTIDADES TERRITORIALES - GESTION GENERAL,NO DEFINIDO,NO DEFINIDO,NO APLICA,,,2023,Tercer Trimestre,,,,SERVICIOS DE DISTRIBUCION DE ELECTRICIDAD A COMISION O POR CONTRATO,R.B. IMPUESTO DE ALUMBRADO PUBLICO,,,,,,NO APLICA,,,,,,CON SITUACION DE FONDOS,NO APLICA,NO DEFINIDO,0.0,1305578391.0,1305578391.0
14835728,20230901,923272885,E.S.P Por Santa Rosa Sostenible S.A.S,2.1.2.02.02,ADQUISICION DE SERVICIOS,GASTOS,FUNCIONAMIENTO,ADQUISICION DE BIENES Y SERVICIOS,ADQUISICIONES DIFERENTES DE ACTIVOS,ADQUISICION DE SERVICIOS,No Aplica,No Aplica,No Aplica,No Aplica,No Aplica,VIGENCIA ACTUAL,ENTIDADES DIFERENTES A ENTIDADES TERRITORIALES - GESTION GENERAL,NO DEFINIDO,NO DEFINIDO,NO DEFINIDO,,,2023,Tercer Trimestre,,,,NO DEFINIDO,NO DEFINIDO,,,,,,NO DEFINIDO,,,,,,NO DEFINIDO,NO DEFINIDO,NO DEFINIDO,0.0,2434210585.0,2409332157.0
14846136,20230901,923272885,E.S.P Por Santa Rosa Sostenible S.A.S,2.1.2.02.02.006,"COMERCIO Y DISTRIBUCION; ALOJAMIENTO; SERVICIOS DE SUMINISTRO DE COMIDAS Y BEBIDAS; SERVICIOS DE TRANSPORTE; Y SERVICIOS DE DISTRIBUCION DE ELECTRICIDAD, GAS Y AGUA",GASTOS,FUNCIONAMIENTO,ADQUISICION DE BIENES Y SERVICIOS,ADQUISICIONES DIFERENTES DE ACTIVOS,ADQUISICION DE SERVICIOS,"COMERCIO Y DISTRIBUCION; ALOJAMIENTO; SERVICIOS DE SUMINISTRO DE COMIDAS Y BEBIDAS; SERVICIOS DE TRANSPORTE; Y SERVICIOS DE DISTRIBUCION DE ELECTRICIDAD, GAS Y AGUA",No Aplica,No Aplica,No Aplica,No Aplica,VIGENCIA ACTUAL,ENTIDADES DIFERENTES A ENTIDADES TERRITORIALES - GESTION GENERAL,NO DEFINIDO,NO DEFINIDO,NO APLICA,,,2023,Tercer Trimestre,,,,COMERCIO AL POR MENOR DE ARTICULOS DE FERRETERIA Y HERRAMIENTAS MANUALES EN ESTABLECIMIENTOS ESPECIALIZADOS,R.B. IMPUESTO DE ALUMBRADO PUBLICO,,,,,,NO APLICA,,,,,,CON SITUACION DE FONDOS,NO APLICA,NO DEFINIDO,0.0,563176.0,563176.0
14856807,20230901,923272885,E.S.P Por Santa Rosa Sostenible S.A.S,2.1.1.01.03,REMUNERACIONES NO CONSTITUTIVAS DE FACTOR SALARIAL,GASTOS,FUNCIONAMIENTO,GASTOS DE PERSONAL,PLANTA DE PERSONAL PERMANENTE,REMUNERACIONES NO CONSTITUTIVAS DE FACTOR SALARIAL,No Aplica,No Aplica,No Aplica,No Aplica,No Aplica,VIGENCIA ACTUAL,ENTIDADES DIFERENTES A ENTIDADES TERRITORIALES - GESTION GENERAL,NO DEFINIDO,NO DEFINIDO,NO DEFINIDO,,,2023,Tercer Trimestre,,,,NO DEFINIDO,NO DEFINIDO,,,,,,NO DEFINIDO,,,,,,NO DEFINIDO,NO DEFINIDO,NO DEFINIDO,0.0,4990429.0,4990429.0
14873075,20230901,923272885,E.S.P Por Santa Rosa Sostenible S.A.S,2.1.2.02.02.008,SERVICIOS PRESTADOS A LAS EMPRESAS Y SERVICIOS DE PRODUCCION,GASTOS,FUNCIONAMIENTO,ADQUISICION DE BIENES Y SERVICIOS,ADQUISICIONES DIFERENTES DE ACTIVOS,ADQUISICION DE SERVICIOS,SERVICIOS PRESTADOS A LAS EMPRESAS Y SERVICIOS DE PRODUCCION,No Aplica,No Aplica,No Aplica,No Aplica,VIGENCIA ACTUAL,ENTIDADES DIFERENTES A ENTIDADES TERRITORIALES - GESTION GENERAL,NO DEFINIDO,NO DEFINIDO,NO APLICA,,,2023,Tercer Trimestre,,,,SERVICIOS DE GESTION Y ADMINISTRACION EMPRESARIAL OFICINA CENTRAL,VENTA DE BIENES Y SERVICIOS CON DESTINACION ESPECIFICA LEGAL,,,,,,NO APLICA,,,,,,CON SITUACION DE FONDOS,NO APLICA,NO DEFINIDO,0.0,20000000.0,20000000.0
14873807,20230901,923272885,E.S.P Por Santa Rosa Sostenible S.A.S,2.1.1.01.01.001.06,PRIMA DE SERVICIO,GASTOS,FUNCIONAMIENTO,GASTOS DE PERSONAL,PLANTA DE PERSONAL PERMANENTE,FACTORES CONSTITUTIVOS DE SALARIO,FACTORES SALARIALES COMUNES,PRIMA DE SERVICIO,No Aplica,No Aplica,No Aplica,VIGENCIA ACTUAL,ENTIDADES DIFERENTES A ENTIDADES TERRITORIALES - GESTION GENERAL,NO DEFINIDO,NO DEFINIDO,NO APLICA,,,2023,Tercer Trimestre,,,,NO APLICA,R.B.SALVOCONDUCTO UNICO NACIONAL,,,,,,NO APLICA,,,,,,CON SITUACION DE FONDOS,NO APLICA,NO DEFINIDO,0.0,3398201.0,3398201.0
14876005,20230901,923272885,E.S.P Por Santa Rosa Sostenible S.A.S,2.3.2.01.01,ACTIVOS FIJOS,GASTOS,INVERSION,ADQUISICION DE BIENES Y SERVICIOS,ADQUISICION DE ACTIVOS NO FINANCIEROS,ACTIVOS FIJOS,No Aplica,No Aplica,No Aplica,No Aplica,No Aplica,VIGENCIA ACTUAL,ENTIDADES DIFERENTES A ENTIDADES TERRITORIALES - GESTION GENERAL,NO DEFINIDO,NO DEFINIDO,NO DEFINIDO,,,2023,Tercer Trimestre,,,,NO DEFINIDO,NO DEFINIDO,,,,,,NO DEFINIDO,,,,,,NO DEFINIDO,NO DEFINIDO,NO DEFINIDO,0.0,668415.0,668415.0
14876716,20230901,923272885,E.S.P Por Santa Rosa Sostenible S.A.S,2.1.1.01.01.001.05,AUXILIO DE TRANSPORTE,GASTOS,FUNCIONAMIENTO,GASTOS DE PERSONAL,PLANTA DE PERSONAL PERMANENTE,FACTORES CONSTITUTIVOS DE SALARIO,FACTORES SALARIALES COMUNES,AUXILIO DE TRANSPORTE,No Aplica,No Aplica,No Aplica,VIGENCIA ACTUAL,ENTIDADES DIFERENTES A ENTIDADES TERRITORIALES - GESTION GENERAL,NO DEFINIDO,NO DEFINIDO,NO APLICA,,,2023,Tercer Trimestre,,,,NO APLICA,R.B. IMPUESTO DE ALUMBRADO PUBLICO,,,,,,NO APLICA,,,,,,CON SITUACION DE FONDOS,NO APLICA,NO DEFINIDO,0.0,1865373.0,1865373.0
14883582,20230901,923272885,E.S.P Por Santa Rosa Sostenible S.A.S,2.3.2.01.01.005.02,PRODUCTOS DE LA PROPIEDAD INTELECTUAL,GASTOS,INVERSION,ADQUISICION DE BIENES Y SERVICIOS,ADQUISICION DE ACTIVOS NO FINANCIEROS,ACTIVOS FIJOS,OTROS ACTIVOS FIJOS,PRODUCTOS DE LA PROPIEDAD INTELECTUAL,No Aplica,No Aplica,No Aplica,VIGENCIA ACTUAL,ENTIDADES DIFERENTES A ENTIDADES TERRITORIALES - GESTION GENERAL,NO DEFINIDO,NO DEFINIDO,NO DEFINIDO,,,2023,Tercer Trimestre,,,,NO DEFINIDO,NO DEFINIDO,,,,,,NO DEFINIDO,,,,,,NO DEFINIDO,NO DEFINIDO,NO DEFINIDO,0.0,668415.0,668415.0
14933534,20230901,923272885,E.S.P Por Santa Rosa Sostenible S.A.S,2.1.1.01.02.005,APORTES GENERALES AL SISTEMA DE RIESGOS LABORALES,GASTOS,FUNCIONAMIENTO,GASTOS DE PERSONAL,PLANTA DE PERSONAL PERMANENTE,CONTRIBUCIONES INHERENTES A LA NOMINA,APORTES GENERALES AL SISTEMA DE RIESGOS LABORALES,No Aplica,No Aplica,No Aplica,No Aplica,VIGENCIA ACTUAL,ENTIDADES DIFERENTES A ENTIDADES TERRITORIALES - GESTION GENERAL,NO DEFINIDO,NO DEFINIDO,NO APLICA,,,2023,Tercer Trimestre,,,,NO APLICA,R.B. IMPUESTO DE ALUMBRADO PUBLICO,,,,,,NO APLICA,,,,,,CON SITUACION DE FONDOS,NO APLICA,NO DEFINIDO,0.0,271300.0,271300.0
14943180,20230901,923272885,E.S.P Por Santa Rosa Sostenible S.A.S,2.3.2.01.01.005.02.03,PROGRAMAS DE INFORMATICA Y BASES DE DATOS,GASTOS,INVERSION,ADQUISICION DE BIENES Y SERVICIOS,ADQUISICION DE ACTIVOS NO FINANCIEROS,ACTIVOS FIJOS,OTROS ACTIVOS FIJOS,PRODUCTOS DE LA PROPIEDAD INTELECTUAL,PROGRAMAS DE INFORMATICA Y BASES DE DATOS,No Aplica,No Aplica,VIGENCIA ACTUAL,ENTIDADES DIFERENTES A ENTIDADES TERRITORIALES - GESTION GENERAL,NO DEFINIDO,NO DEFINIDO,NO DEFINIDO,,,2023,Tercer Trimestre,,,,NO DEFINIDO,NO DEFINIDO,,,,,,NO DEFINIDO,,,,,,NO DEFINIDO,NO DEFINIDO,NO DEFINIDO,0.0,668415.0,668415.0
14952993,20230901,923272885,E.S.P Por Santa Rosa Sostenible S.A.S,2.1.2.01.01.003.03,"MAQUINARIA DE OFICINA, CONTABILIDAD E INFORMATICA",GASTOS,FUNCIONAMIENTO,ADQUISICION DE BIENES Y SERVICIOS,ADQUISICION DE ACTIVOS NO FINANCIEROS,ACTIVOS FIJOS,MAQUINARIA Y EQUIPO,"MAQUINARIA DE OFICINA, CONTABILIDAD E INFORMATICA",No Aplica,No Aplica,No Aplica,VIGENCIA ACTUAL,ENTIDADES DIFERENTES A ENTIDADES TERRITORIALES - GESTION GENERAL,NO DEFINIDO,NO DEFINIDO,NO DEFINIDO,,,2023,Tercer Trimestre,,,,NO DEFINIDO,NO DEFINIDO,,,,,,NO DEFINIDO,,,,,,NO DEFINIDO,NO DEFINIDO,NO DEFINIDO,0.0,12189136.0,12189136.0
14960213,20230901,923272885,E.S.P Por Santa Rosa Sostenible S.A.S,2.1.1.01.02.006,APORTES AL ICBF,GASTOS,FUNCIONAMIENTO,GASTOS DE PERSONAL,PLANTA DE PERSONAL PERMANENTE,CONTRIBUCIONES INHERENTES A LA NOMINA,APORTES AL ICBF,No Aplica,No Aplica,No Aplica,No Aplica,VIGENCIA ACTUAL,ENTIDADES DIFERENTES A ENTIDADES TERRITORIALES - GESTION GENERAL,NO DEFINIDO,NO DEFINIDO,NO APLICA,,,2023,Tercer Trimestre,,,,NO APLICA,R.B. IMPUESTO DE ALUMBRADO PUBLICO,,,,,,NO APLICA,,,,,,CON SITUACION DE FONDOS,NO APLICA,NO DEFINIDO,0.0,117000.0,117000.0
14963797,20230901,923272885,E.S.P Por Santa Rosa Sostenible S.A.S,2,GASTOS,GASTOS,No Aplica,No Aplica,No Aplica,No Aplica,No Aplica,No Aplica,No Aplica,No Aplica,No Aplica,VIGENCIA ACTUAL,ENTIDADES DIFERENTES A ENTIDADES TERRITORIALES - GESTION GENERAL,NO DEFINIDO,NO DEFINIDO,NO DEFINIDO,,,2023,Tercer Trimestre,,,,NO DEFINIDO,NO DEFINIDO,,,,,,NO DEFINIDO,,,,,,NO DEFINIDO,NO DEFINIDO,NO DEFINIDO,0.0,2828352014.0,2803473586.0
14995806,20230901,923272885,E.S.P Por Santa Rosa Sostenible S.A.S,2.1.8.01.53,IMPUESTO DE REGISTRO,GASTOS,FUNCIONAMIENTO,"GASTOS POR TRIBUTOS, TASAS, CONTRIBUCIONES, MULTAS, SANCIONES E INTERESES DE MORA",IMPUESTOS,IMPUESTO DE REGISTRO,No Aplica,No Aplica,No Aplica,No Aplica,No Aplica,VIGENCIA ACTUAL,ENTIDADES DIFERENTES A ENTIDADES TERRITORIALES - GESTION GENERAL,NO DEFINIDO,NO DEFINIDO,NO APLICA,,,2023,Tercer Trimestre,,,,NO APLICA,R.B. IMPUESTO DE ALUMBRADO PUBLICO,,,,,,NO APLICA,,,,,,CON SITUACION DE FONDOS,NO APLICA,NO DEFINIDO,0.0,1821600.0,1821600.0
15008581,20230901,923272885,E.S.P Por Santa Rosa Sostenible S.A.S,2.1.2.02.02.007,SERVICIOS FINANCIEROS Y SERVICIOS CONEXOS; SERVICIOS INMOBILIARIOS; Y SERVICIOS DE ARRENDAMIENTO Y LEASING,GASTOS,FUNCIONAMIENTO,ADQUISICION DE BIENES Y SERVICIOS,ADQUISICIONES DIFERENTES DE ACTIVOS,ADQUISICION DE SERVICIOS,SERVICIOS FINANCIEROS Y SERVICIOS CONEXOS; SERVICIOS INMOBILIARIOS; Y SERVICIOS DE ARRENDAMIENTO Y LEASING,No Aplica,No Aplica,No Aplica,No Aplica,VIGENCIA ACTUAL,ENTIDADES DIFERENTES A ENTIDADES TERRITORIALES - GESTION GENERAL,NO DEFINIDO,NO DEFINIDO,NO APLICA,,,2023,Tercer Trimestre,,,,OTROS SERVICIOS FINANCIEROS N C P  EXCEPTO LOS SERVICIOS DE LA BANCA DE INVERSION DE SEGUROS Y DE PENSIONES,R.B. IMPUESTO DE ALUMBRADO PUBLICO,,,,,,NO APLICA,,,,,,CON SITUACION DE FONDOS,NO APLICA,NO DEFINIDO,0.0,2422003.0,2422003.0
15012072,20230901,923272885,E.S.P Por Santa Rosa Sostenible S.A.S,2.1.2.02.02.006,"COMERCIO Y DISTRIBUCION; ALOJAMIENTO; SERVICIOS DE SUMINISTRO DE COMIDAS Y BEBIDAS; SERVICIOS DE TRANSPORTE; Y SERVICIOS DE DISTRIBUCION DE ELECTRICIDAD, GAS Y AGUA",GASTOS,FUNCIONAMIENTO,ADQUISICION DE BIENES Y SERVICIOS,ADQUISICIONES DIFERENTES DE ACTIVOS,ADQUISICION DE SERVICIOS,"COMERCIO Y DISTRIBUCION; ALOJAMIENTO; SERVICIOS DE SUMINISTRO DE COMIDAS Y BEBIDAS; SERVICIOS DE TRANSPORTE; Y SERVICIOS DE DISTRIBUCION DE ELECTRICIDAD, GAS Y AGUA",No Aplica,No Aplica,No Aplica,No Aplica,VIGENCIA ACTUAL,ENTIDADES DIFERENTES A ENTIDADES TERRITORIALES - GESTION GENERAL,NO DEFINIDO,NO DEFINIDO,NO APLICA,,,2023,Tercer Trimestre,,,,COMERCIO AL POR MENOR DE PRENDAS DE VESTIR ARTICULOS DE PIEL Y ACCESORIOS DE VESTIR EN ESTABLECIMIENTOS ESPECIALIZADOS,R.B. IMPUESTO DE ALUMBRADO PUBLICO,,,,,,NO APLICA,,,,,,CON SITUACION DE FONDOS,NO APLICA,NO DEFINIDO,0.0,699300.0,699300.0
15013879,20230901,923272885,E.S.P Por Santa Rosa Sostenible S.A.S,2.1.1.01.01.001.01,SUELDO BASICO,GASTOS,FUNCIONAMIENTO,GASTOS DE PERSONAL,PLANTA DE PERSONAL PERMANENTE,FACTORES CONSTITUTIVOS DE SALARIO,FACTORES SALARIALES COMUNES,SUELDO BASICO,No Aplica,No Aplica,No Aplica,VIGENCIA ACTUAL,ENTIDADES DIFERENTES A ENTIDADES TERRITORIALES - GESTION GENERAL,NO DEFINIDO,NO DEFINIDO,NO APLICA,,,2023,Tercer Trimestre,,,,NO APLICA,R.B. IMPUESTO DE ALUMBRADO PUBLICO,,,,,,NO APLICA,,,,,,CON SITUACION DE FONDOS,NO APLICA,NO DEFINIDO,0.0,59057818.0,59057818.0
15014083,20230901,923272885,E.S.P Por Santa Rosa Sostenible S.A.S,2.1.2.02.02.006,"COMERCIO Y DISTRIBUCION; ALOJAMIENTO; SERVICIOS DE SUMINISTRO DE COMIDAS Y BEBIDAS; SERVICIOS DE TRANSPORTE; Y SERVICIOS DE DISTRIBUCION DE ELECTRICIDAD, GAS Y AGUA",GASTOS,FUNCIONAMIENTO,ADQUISICION DE BIENES Y SERVICIOS,ADQUISICIONES DIFERENTES DE ACTIVOS,ADQUISICION DE SERVICIOS,"COMERCIO Y DISTRIBUCION; ALOJAMIENTO; SERVICIOS DE SUMINISTRO DE COMIDAS Y BEBIDAS; SERVICIOS DE TRANSPORTE; Y SERVICIOS DE DISTRIBUCION DE ELECTRICIDAD, GAS Y AGUA",No Aplica,No Aplica,No Aplica,No Aplica,VIGENCIA ACTUAL,ENTIDADES DIFERENTES A ENTIDADES TERRITORIALES - GESTION GENERAL,NO DEFINIDO,NO DEFINIDO,NO APLICA,,,2023,Tercer Trimestre,,,,SERVICIOS DE TRANSPORTE AEREO DE PASAJEROS EXCEPTO LOS SERVICIOS DE AEROTAXI,R.B. IMPUESTO DE ALUMBRADO PUBLICO,,,,,,NO APLICA,,,,,,CON SITUACION DE FONDOS,NO APLICA,NO DEFINIDO,0.0,833600.0,833600.0
15017677,20230901,923272885,E.S.P Por Santa Rosa Sostenible S.A.S,2.1.1.01.01.001,FACTORES SALARIALES COMUNES,GASTOS,FUNCIONAMIENTO,GASTOS DE PERSONAL,PLANTA DE PERSONAL PERMANENTE,FACTORES CONSTITUTIVOS DE SALARIO,FACTORES SALARIALES COMUNES,No Aplica,No Aplica,No Aplica,No Aplica,VIGENCIA ACTUAL,ENTIDADES DIFERENTES A ENTIDADES TERRITORIALES - GESTION GENERAL,NO DEFINIDO,NO DEFINIDO,NO DEFINIDO,,,2023,Tercer Trimestre,,,,NO DEFINIDO,NO DEFINIDO,,,,,,NO DEFINIDO,,,,,,NO DEFINIDO,NO DEFINIDO,NO DEFINIDO,0.0,72730897.0,72730897.0
15025100,20230901,923272885,E.S.P Por Santa Rosa Sostenible S.A.S,2.1.1.01,PLANTA DE PERSONAL PERMANENTE,GASTOS,FUNCIONAMIENTO,GASTOS DE PERSONAL,PLANTA DE PERSONAL PERMANENTE,No Aplica,No Aplica,No Aplica,No Aplica,No Aplica,No Aplica,VIGENCIA ACTUAL,ENTIDADES DIFERENTES A ENTIDADES TERRITORIALES - GESTION GENERAL,NO DEFINIDO,NO DEFINIDO,NO DEFINIDO,,,2023,Tercer Trimestre,,,,NO DEFINIDO,NO DEFINIDO,,,,,,NO DEFINIDO,,,,,,NO DEFINIDO,NO DEFINIDO,NO DEFINIDO,0.0,94786812.0,94786812.0
15037470,20230901,923272885,E.S.P Por Santa Rosa Sostenible S.A.S,2.1,FUNCIONAMIENTO,GASTOS,FUNCIONAMIENTO,No Aplica,No Aplica,No Aplica,No Aplica,No Aplica,No Aplica,No Aplica,No Aplica,VIGENCIA ACTUAL,ENTIDADES DIFERENTES A ENTIDADES TERRITORIALES - GESTION GENERAL,NO DEFINIDO,NO DEFINIDO,NO DEFINIDO,,,2023,Tercer Trimestre,,,,NO DEFINIDO,NO DEFINIDO,,,,,,NO DEFINIDO,,,,,,NO DEFINIDO,NO DEFINIDO,NO DEFINIDO,0.0,2827683599.0,2802805171.0
15039991,20230901,923272885,E.S.P Por Santa Rosa Sostenible S.A.S,2.1.1.01.02.004,APORTES A CAJAS DE COMPENSACION FAMILIAR,GASTOS,FUNCIONAMIENTO,GASTOS DE PERSONAL,PLANTA DE PERSONAL PERMANENTE,CONTRIBUCIONES INHERENTES A LA NOMINA,APORTES A CAJAS DE COMPENSACION FAMILIAR,No Aplica,No Aplica,No Aplica,No Aplica,VIGENCIA ACTUAL,ENTIDADES DIFERENTES A ENTIDADES TERRITORIALES - GESTION GENERAL,NO DEFINIDO,NO DEFINIDO,NO APLICA,,,2023,Tercer Trimestre,,,,NO APLICA,R.B. IMPUESTO DE ALUMBRADO PUBLICO,,,,,,NO APLICA,,,,,,CON SITUACION DE FONDOS,NO APLICA,NO DEFINIDO,0.0,2082800.0,2082800.0
15041209,20230901,923272885,E.S.P Por Santa Rosa Sostenible S.A.S,2.1.1.01.02.001,APORTES A LA SEGURIDAD SOCIAL EN PENSIONES,GASTOS,FUNCIONAMIENTO,GASTOS DE PERSONAL,PLANTA DE PERSONAL PERMANENTE,CONTRIBUCIONES INHERENTES A LA NOMINA,APORTES A LA SEGURIDAD SOCIAL EN PENSIONES,No Aplica,No Aplica,No Aplica,No Aplica,VIGENCIA ACTUAL,ENTIDADES DIFERENTES A ENTIDADES TERRITORIALES - GESTION GENERAL,NO DEFINIDO,NO DEFINIDO,NO APLICA,,,2023,Tercer Trimestre,,,,NO APLICA,R.B. IMPUESTO DE ALUMBRADO PUBLICO,,,,,,NO APLICA,,,,,,CON SITUACION DE FONDOS,NO APLICA,NO DEFINIDO,0.0,6171419.0,6171419.0
15048458,20230901,923272885,E.S.P Por Santa Rosa Sostenible S.A.S,2.1.1.01.02,CONTRIBUCIONES INHERENTES A LA NOMINA,GASTOS,FUNCIONAMIENTO,GASTOS DE PERSONAL,PLANTA DE PERSONAL PERMANENTE,CONTRIBUCIONES INHERENTES A LA NOMINA,No Aplica,No Aplica,No Aplica,No Aplica,No Aplica,VIGENCIA ACTUAL,ENTIDADES DIFERENTES A ENTIDADES TERRITORIALES - GESTION GENERAL,NO DEFINIDO,NO DEFINIDO,NO DEFINIDO,,,2023,Tercer Trimestre,,,,NO DEFINIDO,NO DEFINIDO,,,,,,NO DEFINIDO,,,,,,NO DEFINIDO,NO DEFINIDO,NO DEFINIDO,0.0,17065486.0,17065486.0
15054412,20230901,923272885,E.S.P Por Santa Rosa Sostenible S.A.S,2.3.2.01.01.005.02.03.01,PROGRAMAS DE INFORMATICA,GASTOS,INVERSION,ADQUISICION DE BIENES Y SERVICIOS,ADQUISICION DE ACTIVOS NO FINANCIEROS,ACTIVOS FIJOS,OTROS ACTIVOS FIJOS,PRODUCTOS DE LA PROPIEDAD INTELECTUAL,PROGRAMAS DE INFORMATICA Y BASES DE DATOS,PROGRAMAS DE INFORMATICA,No Aplica,VIGENCIA ACTUAL,ENTIDADES DIFERENTES A ENTIDADES TERRITORIALES - GESTION GENERAL,NO DEFINIDO,NO DEFINIDO,NO DEFINIDO,,,2023,Tercer Trimestre,,,,NO DEFINIDO,NO DEFINIDO,,,,,,NO DEFINIDO,,,,,,NO DEFINIDO,NO DEFINIDO,NO DEFINIDO,0.0,668415.0,668415.0
15069283,20230901,923272885,E.S.P Por Santa Rosa Sostenible S.A.S,2.1.1.01.02.002,APORTES A LA SEGURIDAD SOCIAL EN SALUD,GASTOS,FUNCIONAMIENTO,GASTOS DE PERSONAL,PLANTA DE PERSONAL PERMANENTE,CONTRIBUCIONES INHERENTES A LA NOMINA,APORTES A LA SEGURIDAD SOCIAL EN SALUD,No Aplica,No Aplica,No Aplica,No Aplica,VIGENCIA ACTUAL,ENTIDADES DIFERENTES A ENTIDADES TERRITORIALES - GESTION GENERAL,NO DEFINIDO,NO DEFINIDO,NO APLICA,,,2023,Tercer Trimestre,,,,NO APLICA,R.B. IMPUESTO DE ALUMBRADO PUBLICO,,,,,,NO APLICA,,,,,,CON SITUACION DE FONDOS,NO APLICA,NO DEFINIDO,0.0,331560.0,331560.0
15102218,20230901,923272885,E.S.P Por Santa Rosa Sostenible S.A.S,2.1.2.02.02.008,SERVICIOS PRESTADOS A LAS EMPRESAS Y SERVICIOS DE PRODUCCION,GASTOS,FUNCIONAMIENTO,ADQUISICION DE BIENES Y SERVICIOS,ADQUISICIONES DIFERENTES DE ACTIVOS,ADQUISICION DE SERVICIOS,SERVICIOS PRESTADOS A LAS EMPRESAS Y SERVICIOS DE PRODUCCION,No Aplica,No Aplica,No Aplica,No Aplica,VIGENCIA ACTUAL,ENTIDADES DIFERENTES A ENTIDADES TERRITORIALES - GESTION GENERAL,NO DEFINIDO,NO DEFINIDO,NO APLICA,,,2023,Tercer Trimestre,,,,SERVICIOS DE GESTION DE DESARROLLO EMPRESARIAL,R.B. IMPUESTO DE ALUMBRADO PUBLICO,,,,,,NO APLICA,,,,,,CON SITUACION DE FONDOS,NO APLICA,NO DEFINIDO,0.0,244934377.0,222061949.0
15105665,20230901,923272885,E.S.P Por Santa Rosa Sostenible S.A.S,2.1.2.02.02.008,SERVICIOS PRESTADOS A LAS EMPRESAS Y SERVICIOS DE PRODUCCION,GASTOS,FUNCIONAMIENTO,ADQUISICION DE BIENES Y SERVICIOS,ADQUISICIONES DIFERENTES DE ACTIVOS,ADQUISICION DE SERVICIOS,SERVICIOS PRESTADOS A LAS EMPRESAS Y SERVICIOS DE PRODUCCION,No Aplica,No Aplica,No Aplica,No Aplica,VIGENCIA ACTUAL,ENTIDADES DIFERENTES A ENTIDADES TERRITORIALES - GESTION GENERAL,NO DEFINIDO,NO DEFINIDO,NO APLICA,,,2023,Tercer Trimestre,,,,OTROS SERVICIOS DE INSTALACION DE MAQUINARIA Y APARATOS ELECTRICOS N C P,R.B. IMPUESTO DE ALUMBRADO PUBLICO,,,,,,NO APLICA,,,,,,CON SITUACION DE FONDOS,NO APLICA,NO DEFINIDO,0.0,792185646.0,792185646.0
15125012,20230901,923272885,E.S.P Por Santa Rosa Sostenible S.A.S,2.1.1.01.03.001.03,BONIFICACION ESPECIAL DE RECREACION,GASTOS,FUNCIONAMIENTO,GASTOS DE PERSONAL,PLANTA DE PERSONAL PERMANENTE,REMUNERACIONES NO CONSTITUTIVAS DE FACTOR SALARIAL,PRESTACIONES SOCIALES,BONIFICACION ESPECIAL DE RECREACION,No Aplica,No Aplica,No Aplica,VIGENCIA ACTUAL,ENTIDADES DIFERENTES A ENTIDADES TERRITORIALES - GESTION GENERAL,NO DEFINIDO,NO DEFINIDO,NO APLICA,,,2023,Tercer Trimestre,,,,NO APLICA,R.B. IMPUESTO DE ALUMBRADO PUBLICO,,,,,,NO APLICA,,,,,,CON SITUACION DE FONDOS,NO APLICA,NO DEFINIDO,0.0,398367.0,398367.0
15137002,20230901,923272885,E.S.P Por Santa Rosa Sostenible S.A.S,2.1.2.02.01.003,"OTROS BIENES TRANSPORTABLES EXCEPTO PRODUCTOS METALICOS, MAQUINARIA Y EQUIPO",GASTOS,FUNCIONAMIENTO,ADQUISICION DE BIENES Y SERVICIOS,ADQUISICIONES DIFERENTES DE ACTIVOS,MATERIALES Y SUMINISTROS,"OTROS BIENES TRANSPORTABLES EXCEPTO PRODUCTOS METALICOS, MAQUINARIA Y EQUIPO",No Aplica,No Aplica,No Aplica,No Aplica,VIGENCIA ACTUAL,ENTIDADES DIFERENTES A ENTIDADES TERRITORIALES - GESTION GENERAL,NO DEFINIDO,NO DEFINIDO,NO APLICA,,,2023,Tercer Trimestre,,,,ARTICULOS N C P PARA ESCRITORIO Y OFICINA,R.B. IMPUESTO DE ALUMBRADO PUBLICO,,,,,,NO APLICA,,,,,,CON SITUACION DE FONDOS,NO APLICA,NO DEFINIDO,0.0,1792650.0,1792650.0
15158093,20230901,923272885,E.S.P Por Santa Rosa Sostenible S.A.S,2.1.2.02.01.003,"OTROS BIENES TRANSPORTABLES EXCEPTO PRODUCTOS METALICOS, MAQUINARIA Y EQUIPO",GASTOS,FUNCIONAMIENTO,ADQUISICION DE BIENES Y SERVICIOS,ADQUISICIONES DIFERENTES DE ACTIVOS,MATERIALES Y SUMINISTROS,"OTROS BIENES TRANSPORTABLES EXCEPTO PRODUCTOS METALICOS, MAQUINARIA Y EQUIPO",No Aplica,No Aplica,No Aplica,No Aplica,VIGENCIA ACTUAL,ENTIDADES DIFERENTES A ENTIDADES TERRITORIALES - GESTION GENERAL,NO DEFINIDO,NO DEFINIDO,NO APLICA,,,2023,Tercer Trimestre,,,,ARTICULOS VARIOS DE PUBLICIDAD Y PROPAGANDA,R.B. IMPUESTO DE ALUMBRADO PUBLICO,,,,,,NO APLICA,,,,,,CON SITUACION DE FONDOS,NO APLICA,NO DEFINIDO,0.0,310000.0,310000.0
15158794,20230901,923272885,E.S.P Por Santa Rosa Sostenible S.A.S,2.1.2.02.02.008,SERVICIOS PRESTADOS A LAS EMPRESAS Y SERVICIOS DE PRODUCCION,GASTOS,FUNCIONAMIENTO,ADQUISICION DE BIENES Y SERVICIOS,ADQUISICIONES DIFERENTES DE ACTIVOS,ADQUISICION DE SERVICIOS,SERVICIOS PRESTADOS A LAS EMPRESAS Y SERVICIOS DE PRODUCCION,No Aplica,No Aplica,No Aplica,No Aplica,VIGENCIA ACTUAL,ENTIDADES DIFERENTES A ENTIDADES TERRITORIALES - GESTION GENERAL,NO DEFINIDO,NO DEFINIDO,NO APLICA,,,2023,Tercer Trimestre,,,,SERVICIOS DE AUDITORIA FINANCIERA,R.B. IMPUESTO DE ALUMBRADO PUBLICO,,,,,,NO APLICA,,,,,,CON SITUACION DE FONDOS,NO APLICA,NO DEFINIDO,0.0,17370000.0,15440000.0
15162415,20230901,923272885,E.S.P Por Santa Rosa Sostenible S.A.S,2.3.2.01.01.005,OTROS ACTIVOS FIJOS,GASTOS,INVERSION,ADQUISICION DE BIENES Y SERVICIOS,ADQUISICION DE ACTIVOS NO FINANCIEROS,ACTIVOS FIJOS,OTROS ACTIVOS FIJOS,No Aplica,No Aplica,No Aplica,No Aplica,VIGENCIA ACTUAL,ENTIDADES DIFERENTES A ENTIDADES TERRITORIALES - GESTION GENERAL,NO DEFINIDO,NO DEFINIDO,NO DEFINIDO,,,2023,Tercer Trimestre,,,,NO DEFINIDO,NO DEFINIDO,,,,,,NO DEFINIDO,,,,,,NO DEFINIDO,NO DEFINIDO,NO DEFINIDO,0.0,668415.0,668415.0
15165293,20230901,923272885,E.S.P Por Santa Rosa Sostenible S.A.S,2.1.8.05.01,MULTAS Y SANCIONES,GASTOS,FUNCIONAMIENTO,"GASTOS POR TRIBUTOS, TASAS, CONTRIBUCIONES, MULTAS, SANCIONES E INTERESES DE MORA","MULTAS, SANCIONES E INTERESES DE MORA",MULTAS Y SANCIONES,No Aplica,No Aplica,No Aplica,No Aplica,No Aplica,VIGENCIA ACTUAL,ENTIDADES DIFERENTES A ENTIDADES TERRITORIALES - GESTION GENERAL,NO DEFINIDO,NO DEFINIDO,NO DEFINIDO,,,2023,Tercer Trimestre,,,,NO DEFINIDO,NO DEFINIDO,,,,,,NO DEFINIDO,,,,,,NO DEFINIDO,NO DEFINIDO,NO DEFINIDO,0.0,424000.0,424000.0
15167957,20230901,923272885,E.S.P Por Santa Rosa Sostenible S.A.S,2.1.2.02,ADQUISICIONES DIFERENTES DE ACTIVOS,GASTOS,FUNCIONAMIENTO,ADQUISICION DE BIENES Y SERVICIOS,ADQUISICIONES DIFERENTES DE ACTIVOS,No Aplica,No Aplica,No Aplica,No Aplica,No Aplica,No Aplica,VIGENCIA ACTUAL,ENTIDADES DIFERENTES A ENTIDADES TERRITORIALES - GESTION GENERAL,NO DEFINIDO,NO DEFINIDO,NO DEFINIDO,,,2023,Tercer Trimestre,,,,NO DEFINIDO,NO DEFINIDO,,,,,,NO DEFINIDO,,,,,,NO DEFINIDO,NO DEFINIDO,NO DEFINIDO,0.0,2710339890.0,2685461462.0
15184633,20230901,923272885,E.S.P Por Santa Rosa Sostenible S.A.S,2.3,INVERSION,GASTOS,INVERSION,No Aplica,No Aplica,No Aplica,No Aplica,No Aplica,No Aplica,No Aplica,No Aplica,VIGENCIA ACTUAL,ENTIDADES DIFERENTES A ENTIDADES TERRITORIALES - GESTION GENERAL,NO DEFINIDO,NO DEFINIDO,NO DEFINIDO,,,2023,Tercer Trimestre,,,,NO DEFINIDO,NO DEFINIDO,,,,,,NO DEFINIDO,,,,,,NO DEFINIDO,NO DEFINIDO,NO DEFINIDO,0.0,668415.0,668415.0
15200103,20230901,923272885,E.S.P Por Santa Rosa Sostenible S.A.S,2.1.2.02.02.008,SERVICIOS PRESTADOS A LAS EMPRESAS Y SERVICIOS DE PRODUCCION,GASTOS,FUNCIONAMIENTO,ADQUISICION DE BIENES Y SERVICIOS,ADQUISICIONES DIFERENTES DE ACTIVOS,ADQUISICION DE SERVICIOS,SERVICIOS PRESTADOS A LAS EMPRESAS Y SERVICIOS DE PRODUCCION,No Aplica,No Aplica,No Aplica,No Aplica,VIGENCIA ACTUAL,ENTIDADES DIFERENTES A ENTIDADES TERRITORIALES - GESTION GENERAL,NO DEFINIDO,NO DEFINIDO,NO APLICA,,,2023,Tercer Trimestre,,,,SERVICIOS DE TELEFONIA FIJA ACCESO,R.B. IMPUESTO DE ALUMBRADO PUBLICO,,,,,,NO APLICA,,,,,,CON SITUACION DE FONDOS,NO APLICA,NO DEFINIDO,0.0,107992.0,107992.0
15200328,20230901,923272885,E.S.P Por Santa Rosa Sostenible S.A.S,2.1.2.02.02.008,SERVICIOS PRESTADOS A LAS EMPRESAS Y SERVICIOS DE PRODUCCION,GASTOS,FUNCIONAMIENTO,ADQUISICION DE BIENES Y SERVICIOS,ADQUISICIONES DIFERENTES DE ACTIVOS,ADQUISICION DE SERVICIOS,SERVICIOS PRESTADOS A LAS EMPRESAS Y SERVICIOS DE PRODUCCION,No Aplica,No Aplica,No Aplica,No Aplica,VIGENCIA ACTUAL,ENTIDADES DIFERENTES A ENTIDADES TERRITORIALES - GESTION GENERAL,NO DEFINIDO,NO DEFINIDO,NO APLICA,,,2023,Tercer Trimestre,,,,SERVICIOS DE CONTABILIDAD,R.B. IMPUESTO DE ALUMBRADO PUBLICO,,,,,,NO APLICA,,,,,,CON SITUACION DE FONDOS,NO APLICA,NO DEFINIDO,0.0,17370000.0,17294000.0
15211176,20230901,923272885,E.S.P Por Santa Rosa Sostenible S.A.S,2.1.8.04.01,CUOTA DE FISCALIZACION Y AUDITAJE,GASTOS,FUNCIONAMIENTO,"GASTOS POR TRIBUTOS, TASAS, CONTRIBUCIONES, MULTAS, SANCIONES E INTERESES DE MORA",CONTRIBUCIONES,CUOTA DE FISCALIZACION Y AUDITAJE,No Aplica,No Aplica,No Aplica,No Aplica,No Aplica,VIGENCIA ACTUAL,ENTIDADES DIFERENTES A ENTIDADES TERRITORIALES - GESTION GENERAL,NO DEFINIDO,NO DEFINIDO,NO APLICA,,,2023,Tercer Trimestre,,,,NO APLICA,R.B. IMPUESTO DE ALUMBRADO PUBLICO,,,,,,NO APLICA,,,,,,CON SITUACION DE FONDOS,NO APLICA,NO DEFINIDO,0.0,5861709.0,5861709.0
15218895,20230901,923272885,E.S.P Por Santa Rosa Sostenible S.A.S,2.1.8.05,"MULTAS, SANCIONES E INTERESES DE MORA",GASTOS,FUNCIONAMIENTO,"GASTOS POR TRIBUTOS, TASAS, CONTRIBUCIONES, MULTAS, SANCIONES E INTERESES DE MORA","MULTAS, SANCIONES E INTERESES DE MORA",No Aplica,No Aplica,No Aplica,No Aplica,No Aplica,No Aplica,VIGENCIA ACTUAL,ENTIDADES DIFERENTES A ENTIDADES TERRITORIALES - GESTION GENERAL,NO DEFINIDO,NO DEFINIDO,NO DEFINIDO,,,2023,Tercer Trimestre,,,,NO DEFINIDO,NO DEFINIDO,,,,,,NO DEFINIDO,,,,,,NO DEFINIDO,NO DEFINIDO,NO DEFINIDO,0.0,684000.0,684000.0
15225555,20230901,923272885,E.S.P Por Santa Rosa Sostenible S.A.S,2.1.2.02.02.008,SERVICIOS PRESTADOS A LAS EMPRESAS Y SERVICIOS DE PRODUCCION,GASTOS,FUNCIONAMIENTO,ADQUISICION DE BIENES Y SERVICIOS,ADQUISICIONES DIFERENTES DE ACTIVOS,ADQUISICION DE SERVICIOS,SERVICIOS PRESTADOS A LAS EMPRESAS Y SERVICIOS DE PRODUCCION,No Aplica,No Aplica,No Aplica,No Aplica,VIGENCIA ACTUAL,ENTIDADES DIFERENTES A ENTIDADES TERRITORIALES - GESTION GENERAL,NO DEFINIDO,NO DEFINIDO,NO APLICA,,,2023,Tercer Trimestre,,,,SERVICIO DE MANTENIMIENTO Y REPARACION DE OTROS EQUIPOS N C P,R.B. IMPUESTO DE ALUMBRADO PUBLICO,,,,,,NO APLICA,,,,,,CON SITUACION DE FONDOS,NO APLICA,NO DEFINIDO,0.0,184000.0,184000.0
15246212,20230901,923272885,E.S.P Por Santa Rosa Sostenible S.A.S,2.1.2.02.01.001,"MINERALES, ELECTRICIDAD, GAS Y AGUA",GASTOS,FUNCIONAMIENTO,ADQUISICION DE BIENES Y SERVICIOS,ADQUISICIONES DIFERENTES DE ACTIVOS,MATERIALES Y SUMINISTROS,"MINERALES, ELECTRICIDAD, GAS Y AGUA",No Aplica,No Aplica,No Aplica,No Aplica,VIGENCIA ACTUAL,ENTIDADES DIFERENTES A ENTIDADES TERRITORIALES - GESTION GENERAL,NO DEFINIDO,NO DEFINIDO,NO APLICA,,,2023,Tercer Trimestre,,,,ENERGIA ELECTRICA,R.B. IMPUESTO DE ALUMBRADO PUBLICO,,,,,,NO APLICA,,,,,,CON SITUACION DE FONDOS,NO APLICA,NO DEFINIDO,0.0,273756655.0,273756655.0
15256826,20230901,923272885,E.S.P Por Santa Rosa Sostenible S.A.S,2.1.2.01.01.003,MAQUINARIA Y EQUIPO,GASTOS,FUNCIONAMIENTO,ADQUISICION DE BIENES Y SERVICIOS,ADQUISICION DE ACTIVOS NO FINANCIEROS,ACTIVOS FIJOS,MAQUINARIA Y EQUIPO,No Aplica,No Aplica,No Aplica,No Aplica,VIGENCIA ACTUAL,ENTIDADES DIFERENTES A ENTIDADES TERRITORIALES - GESTION GENERAL,NO DEFINIDO,NO DEFINIDO,NO DEFINIDO,,,2023,Tercer Trimestre,,,,NO DEFINIDO,NO DEFINIDO,,,,,,NO DEFINIDO,,,,,,NO DEFINIDO,NO DEFINIDO,NO DEFINIDO,0.0,12189136.0,12189136.0
15271223,20230901,923272885,E.S.P Por Santa Rosa Sostenible S.A.S,2.1.2.02.02.008,SERVICIOS PRESTADOS A LAS EMPRESAS Y SERVICIOS DE PRODUCCION,GASTOS,FUNCIONAMIENTO,ADQUISICION DE BIENES Y SERVICIOS,ADQUISICIONES DIFERENTES DE ACTIVOS,ADQUISICION DE SERVICIOS,SERVICIOS PRESTADOS A LAS EMPRESAS Y SERVICIOS DE PRODUCCION,No Aplica,No Aplica,No Aplica,No Aplica,VIGENCIA ACTUAL,ENTIDADES DIFERENTES A ENTIDADES TERRITORIALES - GESTION GENERAL,NO DEFINIDO,NO DEFINIDO,NO APLICA,,,2023,Tercer Trimestre,,,,SOFTWARE ORIGINALES,R.B. IMPUESTO DE ALUMBRADO PUBLICO,,,,,,NO APLICA,,,,,,CON SITUACION DE FONDOS,NO APLICA,NO DEFINIDO,0.0,5830000.0,5830000.0
15275227,20230901,923272885,E.S.P Por Santa Rosa Sostenible S.A.S,2.1.2.02.02.008,SERVICIOS PRESTADOS A LAS EMPRESAS Y SERVICIOS DE PRODUCCION,GASTOS,FUNCIONAMIENTO,ADQUISICION DE BIENES Y SERVICIOS,ADQUISICIONES DIFERENTES DE ACTIVOS,ADQUISICION DE SERVICIOS,SERVICIOS PRESTADOS A LAS EMPRESAS Y SERVICIOS DE PRODUCCION,No Aplica,No Aplica,No Aplica,No Aplica,VIGENCIA ACTUAL,ENTIDADES DIFERENTES A ENTIDADES TERRITORIALES - GESTION GENERAL,NO DEFINIDO,NO DEFINIDO,NO APLICA,,,2023,Tercer Trimestre,,,,SERVICIOS DE ASESORAMIENTO Y REPRESENTACION JURIDICA RELATIVOS A OTROS CAMPOS DEL DERECHO,R.B. IMPUESTO DE ALUMBRADO PUBLICO,,,,,,NO APLICA,,,,,,CON SITUACION DE FONDOS,NO APLICA,NO DEFINIDO,0.0,17370000.0,17370000.0
15275232,20230901,923272885,E.S.P Por Santa Rosa Sostenible S.A.S,2.1.1.01.01.001.08,PRESTACIONES SOCIALES,GASTOS,FUNCIONAMIENTO,GASTOS DE PERSONAL,PLANTA DE PERSONAL PERMANENTE,FACTORES CONSTITUTIVOS DE SALARIO,FACTORES SALARIALES COMUNES,PRESTACIONES SOCIALES,No Aplica,No Aplica,No Aplica,VIGENCIA ACTUAL,ENTIDADES DIFERENTES A ENTIDADES TERRITORIALES - GESTION GENERAL,NO DEFINIDO,NO DEFINIDO,NO DEFINIDO,,,2023,Tercer Trimestre,,,,NO DEFINIDO,NO DEFINIDO,,,,,,NO DEFINIDO,,,,,,NO DEFINIDO,NO DEFINIDO,NO DEFINIDO,0.0,3759670.0,3759670.0
15324350,20230901,923272885,E.S.P Por Santa Rosa Sostenible S.A.S,2.1.1.01.02.003,APORTES DE CESANTIAS,GASTOS,FUNCIONAMIENTO,GASTOS DE PERSONAL,PLANTA DE PERSONAL PERMANENTE,CONTRIBUCIONES INHERENTES A LA NOMINA,APORTES DE CESANTIAS,No Aplica,No Aplica,No Aplica,No Aplica,VIGENCIA ACTUAL,ENTIDADES DIFERENTES A ENTIDADES TERRITORIALES - GESTION GENERAL,NO DEFINIDO,NO DEFINIDO,NO APLICA,,,2023,Tercer Trimestre,,,,NO APLICA,R.B. IMPUESTO DE ALUMBRADO PUBLICO,,,,,,NO APLICA,,,,,,CON SITUACION DE FONDOS,NO APLICA,NO DEFINIDO,0.0,8091407.0,8091407.0
15327240,20230901,923272885,E.S.P Por Santa Rosa Sostenible S.A.S,2.3.2.01.01.005.02.03.01.01,PAQUETES DE SOFTWARE,GASTOS,INVERSION,ADQUISICION DE BIENES Y SERVICIOS,ADQUISICION DE ACTIVOS NO FINANCIEROS,ACTIVOS FIJOS,OTROS ACTIVOS FIJOS,PRODUCTOS DE LA PROPIEDAD INTELECTUAL,PROGRAMAS DE INFORMATICA Y BASES DE DATOS,PROGRAMAS DE INFORMATICA,PAQUETES DE SOFTWARE,VIGENCIA ACTUAL,ENTIDADES DIFERENTES A ENTIDADES TERRITORIALES - GESTION GENERAL,NO DEFINIDO,NO DEFINIDO,NO APLICA,,,2023,Tercer Trimestre,,,,NO APLICA,R.B. IMPUESTO DE ALUMBRADO PUBLICO,,,,,,NO APLICA,,,,,,CON SITUACION DE FONDOS,NO APLICA,NO DEFINIDO,0.0,668415.0,668415.0
15347320,20230901,923272885,E.S.P Por Santa Rosa Sostenible S.A.S,2.1.1.01.01.001.08.02,PRIMA DE VACACIONES,GASTOS,FUNCIONAMIENTO,GASTOS DE PERSONAL,PLANTA DE PERSONAL PERMANENTE,FACTORES CONSTITUTIVOS DE SALARIO,FACTORES SALARIALES COMUNES,PRESTACIONES SOCIALES,PRIMA DE VACACIONES,No Aplica,No Aplica,VIGENCIA ACTUAL,ENTIDADES DIFERENTES A ENTIDADES TERRITORIALES - GESTION GENERAL,NO DEFINIDO,NO DEFINIDO,NO APLICA,,,2023,Tercer Trimestre,,,,NO APLICA,R.B. IMPUESTO DE ALUMBRADO PUBLICO,,,,,,NO APLICA,,,,,,CON SITUACION DE FONDOS,NO APLICA,NO DEFINIDO,0.0,3759670.0,3759670.0
15347468,20230901,923272885,E.S.P Por Santa Rosa Sostenible S.A.S,2.1.8.01.14,GRAVAMEN A LOS MOVIMIENTOS FINANCIEROS,GASTOS,FUNCIONAMIENTO,"GASTOS POR TRIBUTOS, TASAS, CONTRIBUCIONES, MULTAS, SANCIONES E INTERESES DE MORA",IMPUESTOS,GRAVAMEN A LOS MOVIMIENTOS FINANCIEROS,No Aplica,No Aplica,No Aplica,No Aplica,No Aplica,VIGENCIA ACTUAL,ENTIDADES DIFERENTES A ENTIDADES TERRITORIALES - GESTION GENERAL,NO DEFINIDO,NO DEFINIDO,NO APLICA,,,2023,Tercer Trimestre,,,,NO APLICA,R.B. IMPUESTO DE ALUMBRADO PUBLICO,,,,,,NO APLICA,,,,,,CON SITUACION DE FONDOS,NO APLICA,NO DEFINIDO,0.0,2000452.0,2000452.0
15358029,20230901,923272885,E.S.P Por Santa Rosa Sostenible S.A.S,2.1.8.05.02,INTERESES DE MORA,GASTOS,FUNCIONAMIENTO,"GASTOS POR TRIBUTOS, TASAS, CONTRIBUCIONES, MULTAS, SANCIONES E INTERESES DE MORA","MULTAS, SANCIONES E INTERESES DE MORA",INTERESES DE MORA,No Aplica,No Aplica,No Aplica,No Aplica,No Aplica,VIGENCIA ACTUAL,ENTIDADES DIFERENTES A ENTIDADES TERRITORIALES - GESTION GENERAL,NO DEFINIDO,NO DEFINIDO,NO APLICA,,,2023,Tercer Trimestre,,,,NO APLICA,R.B. IMPUESTO DE ALUMBRADO PUBLICO,,,,,,NO APLICA,,,,,,CON SITUACION DE FONDOS,NO APLICA,NO DEFINIDO,0.0,260000.0,260000.0
15362663,20230901,923272885,E.S.P Por Santa Rosa Sostenible S.A.S,2.1.2,ADQUISICION DE BIENES Y SERVICIOS,GASTOS,FUNCIONAMIENTO,ADQUISICION DE BIENES Y SERVICIOS,No Aplica,No Aplica,No Aplica,No Aplica,No Aplica,No Aplica,No Aplica,VIGENCIA ACTUAL,ENTIDADES DIFERENTES A ENTIDADES TERRITORIALES - GESTION GENERAL,NO DEFINIDO,NO DEFINIDO,NO DEFINIDO,,,2023,Tercer Trimestre,,,,NO DEFINIDO,NO DEFINIDO,,,,,,NO DEFINIDO,,,,,,NO DEFINIDO,NO DEFINIDO,NO DEFINIDO,0.0,2722529026.0,2697650598.0
15380925,20230901,923272885,E.S.P Por Santa Rosa Sostenible S.A.S,2.1.1.01.03.001,PRESTACIONES SOCIALES,GASTOS,FUNCIONAMIENTO,GASTOS DE PERSONAL,PLANTA DE PERSONAL PERMANENTE,REMUNERACIONES NO CONSTITUTIVAS DE FACTOR SALARIAL,PRESTACIONES SOCIALES,No Aplica,No Aplica,No Aplica,No Aplica,VIGENCIA ACTUAL,ENTIDADES DIFERENTES A ENTIDADES TERRITORIALES - GESTION GENERAL,NO DEFINIDO,NO DEFINIDO,NO DEFINIDO,,,2023,Tercer Trimestre,,,,NO DEFINIDO,NO DEFINIDO,,,,,,NO DEFINIDO,,,,,,NO DEFINIDO,NO DEFINIDO,NO DEFINIDO,0.0,4990429.0,4990429.0
15391199,20230901,923272885,E.S.P Por Santa Rosa Sostenible S.A.S,2.1.8,"GASTOS POR TRIBUTOS, TASAS, CONTRIBUCIONES, MULTAS, SANCIONES E INTERESES DE MORA",GASTOS,FUNCIONAMIENTO,"GASTOS POR TRIBUTOS, TASAS, CONTRIBUCIONES, MULTAS, SANCIONES E INTERESES DE MORA",No Aplica,No Aplica,No Aplica,No Aplica,No Aplica,No Aplica,No Aplica,VIGENCIA ACTUAL,ENTIDADES DIFERENTES A ENTIDADES TERRITORIALES - GESTION GENERAL,NO DEFINIDO,NO DEFINIDO,NO DEFINIDO,,,2023,Tercer Trimestre,,,,NO DEFINIDO,NO DEFINIDO,,,,,,NO DEFINIDO,,,,,,NO DEFINIDO,NO DEFINIDO,NO DEFINIDO,0.0,10367761.0,10367761.0
